-40.78047567063347
-1.9878087481183726
10
11111111110000000000000000	0.9968621803765656
11111111000011000000000000	0.002190688511346925
11111111001100000000000000	0.00041553817608608356
11111100110011000000000000	0.00026295364235330256
11111100111100000000000000	0.00015020767865658432
11111110011100000000000000	0.00011499825317245946
11111111111111000000000000	1.3353556541112493e-06
11111100000000000000000000	1.0230295578982115e-06
11111100001111000000000000	8.222582704560464e-07
11111110101111000000000000	2.5271833660566853e-07
0.0	
0.0	0.0	
0.0	0.0	0.0	
0.0	0.0	0.0	0.0	
0.0	0.0	0.0	0.0	0.0	
0.0	0.0	0.0	0.0	0.0	0.0	
0.0	0.0	0.0	0.0	0.0	0.0	0.0	
0.0	0.0	0.0	0.0	0.0	0.0	0.0	0.0	
0.0	0.0	0.0	0.0	0.0	0.0	0.0	0.0	0.0	
0.0	0.0	0.0	0.0	0.0	0.0	0.0	0.0	0.0	0.0	
0.0	0.0	0.0	0.0	0.0	0.0	0.0	0.0	0.0	0.0	0.0	
0.0	0.0	0.0	0.0	0.0	0.0	0.0	0.0	0.0	0.0	0.0	0.0	
0.0	0.0	0.0	0.0	0.0	0.0	0.0	0.0	0.0	0.0	0.0	0.0	0.0	
