-36.29295517064007
-13.190621269330451
13
111111110000000000000000	0.9913339678487514
111111001100000000000000	0.003378675653187872
111100111100000000000000	0.0029622364520440173
111111000011000000000000	0.001175932288148755
111111000110000000000000	0.000565043053192091
111111001001000000000000	0.0005644568862504573
111100000000000000000000	1.0095927814544273e-05
111100001111000000000000	3.5138405442203427e-06
111111111111000000000000	2.0575561107552474e-06
111100001010000000000000	1.6884230576423086e-06
111100000101000000000000	1.6866715136240128e-06
111111111010000000000000	3.233509248238872e-07
111111110101000000000000	3.2204845959700134e-07
0.0	
0.0	0.0	
0.0	0.0	0.0	
0.0	0.0	0.0	0.0	
0.0	0.0	0.0	0.0	0.0	
0.0	0.0	0.0	0.0	0.0	0.0	
0.0	0.0	0.0	0.0	0.0	0.0	0.0	
0.0	0.0	0.0	0.0	0.0	0.0	0.0	0.0	
0.0	0.0	0.0	0.0	0.0	0.0	0.0	0.0	0.0	
0.0	0.0	0.0	0.0	0.0	0.0	0.0	0.0	0.0	0.0	
0.0	0.0	0.0	0.0	0.0	0.0	0.0	0.0	0.0	0.0	0.0	
0.0	0.0	0.0	0.0	0.0	0.0	0.0	0.0	0.0	0.0	0.0	0.0	
