-36.337452915585864
-13.27891525760693
13
111111110000000000000000	0.9892772053977577
111111001100000000000000	0.005183753651615764
111100111100000000000000	0.00294836897662429
111111000011000000000000	0.0010895058535777557
111111000110000000000000	0.0007366043122854817
111111001001000000000000	0.0007365039719329474
111100000000000000000000	1.544927788237249e-05
111100001111000000000000	3.247083063283256e-06
111111111111000000000000	2.714818525096049e-06
111100001010000000000000	2.1953212815784714e-06
111100000101000000000000	2.1950222345763976e-06
111111111010000000000000	1.128364245802097e-06
111111110101000000000000	1.1279489735279977e-06
0.0	
0.0	0.0	
0.0	0.0	0.0	
0.0	0.0	0.0	0.0	
0.0	0.0	0.0	0.0	0.0	
0.0	0.0	0.0	0.0	0.0	0.0	
0.0	0.0	0.0	0.0	0.0	0.0	0.0	
0.0	0.0	0.0	0.0	0.0	0.0	0.0	0.0	
0.0	0.0	0.0	0.0	0.0	0.0	0.0	0.0	0.0	
0.0	0.0	0.0	0.0	0.0	0.0	0.0	0.0	0.0	0.0	
0.0	0.0	0.0	0.0	0.0	0.0	0.0	0.0	0.0	0.0	0.0	
0.0	0.0	0.0	0.0	0.0	0.0	0.0	0.0	0.0	0.0	0.0	0.0	
