-37.28714642717034
-14.251676885447289
13
111111110000000000000000	0.9902816119682768
111111001100000000000000	0.0053431110841606465
111100111100000000000000	0.002479305007175961
111111000011000000000000	0.0008250639823117915
111111000110000000000000	0.0005243105183824917
111111001001000000000000	0.0005239492865596308
111100000000000000000000	1.3377206952804966e-05
111111111111000000000000	2.503227601955204e-06
111100001111000000000000	2.065660149460301e-06
111100001010000000000000	1.312682854887132e-06
111100000101000000000000	1.3117784617767572e-06
111111111010000000000000	1.039622597548236e-06
111111110101000000000000	1.037974514320032e-06
0.0	
0.0	0.0	
0.0	0.0	0.0	
0.0	0.0	0.0	0.0	
0.0	0.0	0.0	0.0	0.0	
0.0	0.0	0.0	0.0	0.0	0.0	
0.0	0.0	0.0	0.0	0.0	0.0	0.0	
0.0	0.0	0.0	0.0	0.0	0.0	0.0	0.0	
0.0	0.0	0.0	0.0	0.0	0.0	0.0	0.0	0.0	
0.0	0.0	0.0	0.0	0.0	0.0	0.0	0.0	0.0	0.0	
0.0	0.0	0.0	0.0	0.0	0.0	0.0	0.0	0.0	0.0	0.0	
0.0	0.0	0.0	0.0	0.0	0.0	0.0	0.0	0.0	0.0	0.0	0.0	
