-35.424556115627766
-12.900808081612293
13
111111110000000000000000	0.9728209170840542
111111001100000000000000	0.02319720760925799
111100111100000000000000	0.0024546850944306173
111100110110000000000000	0.0006264675490031465
111100110011000000000000	0.000558791399051879
111111000011000000000000	0.00022810792690312252
111100000000000000000000	6.445907745564779e-05
111100001111000000000000	1.969489065511601e-05
111100001010000000000000	1.493830728706821e-05
111111111111000000000000	1.2643578571942606e-05
111111111010000000000000	1.580743719298182e-06
111111110101000000000000	3.5984493345133216e-07
111100000101000000000000	1.4689467646678618e-07
0.0	
0.0	0.0	
0.0	0.0	0.0	
0.0	0.0	0.0	0.0	
0.0	0.0	0.0	0.0	0.0	
0.0	0.0	0.0	0.0	0.0	0.0	
0.0	0.0	0.0	0.0	0.0	0.0	0.0	
0.0	0.0	0.0	0.0	0.0	0.0	0.0	0.0	
0.0	0.0	0.0	0.0	0.0	0.0	0.0	0.0	0.0	
0.0	0.0	0.0	0.0	0.0	0.0	0.0	0.0	0.0	0.0	
0.0	0.0	0.0	0.0	0.0	0.0	0.0	0.0	0.0	0.0	0.0	
0.0	0.0	0.0	0.0	0.0	0.0	0.0	0.0	0.0	0.0	0.0	0.0	
