-34.24036005736282
-11.697047741302175
13
111111110000000000000000	0.9733756861920245
111111001100000000000000	0.022278662912572304
111100111100000000000000	0.002803375650268955
111100110110000000000000	0.0006573778058440795
111100110011000000000000	0.0005348165154687715
111111000011000000000000	0.00023070704947868967
111100000000000000000000	7.02580926466329e-05
111100001111000000000000	1.8872230572661646e-05
111100001010000000000000	1.5046090374315627e-05
111111111111000000000000	1.27871733662019e-05
111111111010000000000000	1.8932843300618318e-06
111111110101000000000000	3.6119302388107364e-07
111100000101000000000000	1.5581002908792542e-07
0.0	
0.0	0.0	
0.0	0.0	0.0	
0.0	0.0	0.0	0.0	
0.0	0.0	0.0	0.0	0.0	
0.0	0.0	0.0	0.0	0.0	0.0	
0.0	0.0	0.0	0.0	0.0	0.0	0.0	
0.0	0.0	0.0	0.0	0.0	0.0	0.0	0.0	
0.0	0.0	0.0	0.0	0.0	0.0	0.0	0.0	0.0	
0.0	0.0	0.0	0.0	0.0	0.0	0.0	0.0	0.0	0.0	
0.0	0.0	0.0	0.0	0.0	0.0	0.0	0.0	0.0	0.0	0.0	
0.0	0.0	0.0	0.0	0.0	0.0	0.0	0.0	0.0	0.0	0.0	0.0	
