-35.20233147061538
-12.112442775574635
13
111111110000000000000000	0.9898324030217708
111100111100000000000000	0.004167872903846972
111111001100000000000000	0.0031658461437383857
111111000011000000000000	0.0013403008409305734
111111000110000000000000	0.0007332879648534629
111111001001000000000000	0.000732793370496697
111100000000000000000000	1.3330382315182155e-05
111100001111000000000000	5.643585258336922e-06
111100001010000000000000	3.087644969087386e-06
111100000101000000000000	3.085562387822427e-06
111111111111000000000000	1.7778742094622211e-06
111111111010000000000000	2.858087021011251e-07
111111110101000000000000	2.848965213887446e-07
0.0	
0.0	0.0	
0.0	0.0	0.0	
0.0	0.0	0.0	0.0	
0.0	0.0	0.0	0.0	0.0	
0.0	0.0	0.0	0.0	0.0	0.0	
0.0	0.0	0.0	0.0	0.0	0.0	0.0	
0.0	0.0	0.0	0.0	0.0	0.0	0.0	0.0	
0.0	0.0	0.0	0.0	0.0	0.0	0.0	0.0	0.0	
0.0	0.0	0.0	0.0	0.0	0.0	0.0	0.0	0.0	0.0	
0.0	0.0	0.0	0.0	0.0	0.0	0.0	0.0	0.0	0.0	0.0	
0.0	0.0	0.0	0.0	0.0	0.0	0.0	0.0	0.0	0.0	0.0	0.0	
