-35.02900245061497
-11.980478947855419
13
111111110000000000000000	0.9793291181448158
111100111100000000000000	0.008075272867301291
111111001100000000000000	0.0035171648340284007
111100110011000000000000	0.003115635432362895
111101100110000000000000	0.0029101957593414677
111110011001000000000000	0.002909768501871213
111100001111000000000000	3.950834700146436e-05
111100000000000000000000	2.8678028598307396e-05
111111111111000000000000	2.5366996795441135e-05
111110101010000000000000	2.4322312708867588e-05
111101010101000000000000	2.4318789522106838e-05
111110010110000000000000	3.249935487426183e-07
111101101001000000000000	3.249921041617073e-07
0.0	
0.0	0.0	
0.0	0.0	0.0	
0.0	0.0	0.0	0.0	
0.0	0.0	0.0	0.0	0.0	
0.0	0.0	0.0	0.0	0.0	0.0	
0.0	0.0	0.0	0.0	0.0	0.0	0.0	
0.0	0.0	0.0	0.0	0.0	0.0	0.0	0.0	
0.0	0.0	0.0	0.0	0.0	0.0	0.0	0.0	0.0	
0.0	0.0	0.0	0.0	0.0	0.0	0.0	0.0	0.0	0.0	
0.0	0.0	0.0	0.0	0.0	0.0	0.0	0.0	0.0	0.0	0.0	
0.0	0.0	0.0	0.0	0.0	0.0	0.0	0.0	0.0	0.0	0.0	0.0	
