-37.03605412703266
-13.94531827783139
13
111111110000000000000000	0.9911936231312757
111111001100000000000000	0.003472227516669604
111100111100000000000000	0.0029222148096916443
111111000011000000000000	0.0011896122640816613
111111000110000000000000	0.0006014126924112613
111111001001000000000000	0.0006008334323403269
111100000000000000000000	1.0236743291161112e-05
111100001111000000000000	3.507188196901718e-06
111111111111000000000000	2.065679713179114e-06
111100001010000000000000	1.7730714115661329e-06
111100000101000000000000	1.7713636500163593e-06
111111111010000000000000	3.6172062267577593e-07
111111110101000000000000	3.603866445327902e-07
0.0	
0.0	0.0	
0.0	0.0	0.0	
0.0	0.0	0.0	0.0	
0.0	0.0	0.0	0.0	0.0	
0.0	0.0	0.0	0.0	0.0	0.0	
0.0	0.0	0.0	0.0	0.0	0.0	0.0	
0.0	0.0	0.0	0.0	0.0	0.0	0.0	0.0	
0.0	0.0	0.0	0.0	0.0	0.0	0.0	0.0	0.0	
0.0	0.0	0.0	0.0	0.0	0.0	0.0	0.0	0.0	0.0	
0.0	0.0	0.0	0.0	0.0	0.0	0.0	0.0	0.0	0.0	0.0	
0.0	0.0	0.0	0.0	0.0	0.0	0.0	0.0	0.0	0.0	0.0	0.0	
