-35.35751795357078
-12.352052655455287
13
111111110000000000000000	0.9793305721461953
111100111100000000000000	0.007829393439881217
111111001100000000000000	0.0034935201174690015
111100110011000000000000	0.003203449495102761
111101100110000000000000	0.003000127784047882
111110011001000000000000	0.0029996591026806847
111100001111000000000000	4.111152091213259e-05
111100000000000000000000	2.760266965226844e-05
111111111111000000000000	2.5283562891987824e-05
111110101010000000000000	2.431386923898064e-05
111101010101000000000000	2.4310122144158668e-05
111110010110000000000000	3.2808544687176633e-07
111101101001000000000000	3.280843369628279e-07
0.0	
0.0	0.0	
0.0	0.0	0.0	
0.0	0.0	0.0	0.0	
0.0	0.0	0.0	0.0	0.0	
0.0	0.0	0.0	0.0	0.0	0.0	
0.0	0.0	0.0	0.0	0.0	0.0	0.0	
0.0	0.0	0.0	0.0	0.0	0.0	0.0	0.0	
0.0	0.0	0.0	0.0	0.0	0.0	0.0	0.0	0.0	
0.0	0.0	0.0	0.0	0.0	0.0	0.0	0.0	0.0	0.0	
0.0	0.0	0.0	0.0	0.0	0.0	0.0	0.0	0.0	0.0	0.0	
0.0	0.0	0.0	0.0	0.0	0.0	0.0	0.0	0.0	0.0	0.0	0.0	
