-35.10759426788157
-12.193989604069818
13
111111110000000000000000	0.9821568635582829
111111001100000000000000	0.011881887412669915
111100111100000000000000	0.0030940739775921853
111111001001000000000000	0.0010077798420520781
111111000110000000000000	0.0010075769311485667
111111000011000000000000	0.0007879110672358621
111100000000000000000000	3.7431330994349464e-05
111111110101000000000000	6.693818014064965e-06
111111111010000000000000	6.6915260191608616e-06
111111111111000000000000	4.259443525695318e-06
111100000101000000000000	3.17479366090106e-06
111100001010000000000000	3.174154433737221e-06
111100001111000000000000	2.4821443704615556e-06
0.0	
0.0	0.0	
0.0	0.0	0.0	
0.0	0.0	0.0	0.0	
0.0	0.0	0.0	0.0	0.0	
0.0	0.0	0.0	0.0	0.0	0.0	
0.0	0.0	0.0	0.0	0.0	0.0	0.0	
0.0	0.0	0.0	0.0	0.0	0.0	0.0	0.0	
0.0	0.0	0.0	0.0	0.0	0.0	0.0	0.0	0.0	
0.0	0.0	0.0	0.0	0.0	0.0	0.0	0.0	0.0	0.0	
0.0	0.0	0.0	0.0	0.0	0.0	0.0	0.0	0.0	0.0	0.0	
0.0	0.0	0.0	0.0	0.0	0.0	0.0	0.0	0.0	0.0	0.0	0.0	
