-37.03605412638945
-13.945316277425736
13
111111110000000000000000	0.9911936240266672
111111001100000000000000	0.0034722269742107873
111100111100000000000000	0.0029222144290990144
111111000011000000000000	0.0011896122825048544
111111000110000000000000	0.0006014126994400083
111111001001000000000000	0.0006008334390340781
111100000000000000000000	1.0236740349403809e-05
111100001111000000000000	3.507187791268087e-06
111111111111000000000000	2.0656792789739134e-06
111100001010000000000000	1.7730711997595656e-06
111100000101000000000000	1.7713634374461188e-06
111111111010000000000000	3.617204828827034e-07
111111110101000000000000	3.603865042972371e-07
0.0	
0.0	0.0	
0.0	0.0	0.0	
0.0	0.0	0.0	0.0	
0.0	0.0	0.0	0.0	0.0	
0.0	0.0	0.0	0.0	0.0	0.0	
0.0	0.0	0.0	0.0	0.0	0.0	0.0	
0.0	0.0	0.0	0.0	0.0	0.0	0.0	0.0	
0.0	0.0	0.0	0.0	0.0	0.0	0.0	0.0	0.0	
0.0	0.0	0.0	0.0	0.0	0.0	0.0	0.0	0.0	0.0	
0.0	0.0	0.0	0.0	0.0	0.0	0.0	0.0	0.0	0.0	0.0	
0.0	0.0	0.0	0.0	0.0	0.0	0.0	0.0	0.0	0.0	0.0	0.0	
