-35.186207814017116
-12.09250080737959
13
111111110000000000000000	0.98996706564348
111100111100000000000000	0.004167369754221606
111111001100000000000000	0.0030574622241325102
111111000011000000000000	0.0013490772020420573
111111000110000000000000	0.0007163566494347622
111111001001000000000000	0.0007158467669120408
111100000000000000000000	1.2870706551477975e-05
111100001111000000000000	5.6790813785765605e-06
111100001010000000000000	3.0155781315305763e-06
111100000101000000000000	3.0134317277994126e-06
111111111111000000000000	1.7456832485923342e-06
111111111010000000000000	2.490793220975759e-07
111111110101000000000000	2.4819941686526524e-07
0.0	
0.0	0.0	
0.0	0.0	0.0	
0.0	0.0	0.0	0.0	
0.0	0.0	0.0	0.0	0.0	
0.0	0.0	0.0	0.0	0.0	0.0	
0.0	0.0	0.0	0.0	0.0	0.0	0.0	
0.0	0.0	0.0	0.0	0.0	0.0	0.0	0.0	
0.0	0.0	0.0	0.0	0.0	0.0	0.0	0.0	0.0	
0.0	0.0	0.0	0.0	0.0	0.0	0.0	0.0	0.0	0.0	
0.0	0.0	0.0	0.0	0.0	0.0	0.0	0.0	0.0	0.0	0.0	
0.0	0.0	0.0	0.0	0.0	0.0	0.0	0.0	0.0	0.0	0.0	0.0	
