-37.03605452519968
-13.945316274757323
13
111111110000000000000000	0.99119362578325
111111001100000000000000	0.003472226659508404
111100111100000000000000	0.0029222148426633395
111111000011000000000000	0.001189611848670306
111111000110000000000000	0.0006014119918403923
111111001001000000000000	0.0006008327289253365
111100000000000000000000	1.0236740852211259e-05
111100001111000000000000	3.507187002383663e-06
111111111111000000000000	2.065679986961996e-06
111100001010000000000000	1.7730693614206513e-06
111100000101000000000000	1.7713615914712013e-06
111111111010000000000000	3.6172016617505255e-07
111111110101000000000000	3.6038618174406723e-07
0.0	
0.0	0.0	
0.0	0.0	0.0	
0.0	0.0	0.0	0.0	
0.0	0.0	0.0	0.0	0.0	
0.0	0.0	0.0	0.0	0.0	0.0	
0.0	0.0	0.0	0.0	0.0	0.0	0.0	
0.0	0.0	0.0	0.0	0.0	0.0	0.0	0.0	
0.0	0.0	0.0	0.0	0.0	0.0	0.0	0.0	0.0	
0.0	0.0	0.0	0.0	0.0	0.0	0.0	0.0	0.0	0.0	
0.0	0.0	0.0	0.0	0.0	0.0	0.0	0.0	0.0	0.0	0.0	
0.0	0.0	0.0	0.0	0.0	0.0	0.0	0.0	0.0	0.0	0.0	0.0	
