-36.292955158553035
-13.190620661643258
13
111111110000000000000000	0.9913343624012984
111111001100000000000000	0.003378653086467831
111100111100000000000000	0.0029622368059719095
111111000011000000000000	0.0011759242165792075
111111000110000000000000	0.000564663614448304
111111001001000000000000	0.0005644729677274981
111100000000000000000000	1.0095857570297912e-05
111100001111000000000000	3.5138154466338484e-06
111111111111000000000000	2.058040017609011e-06
111100001010000000000000	1.6872887747582993e-06
111100000101000000000000	1.6867190974075431e-06
111111111010000000000000	3.2280510743520124e-07
111111110101000000000000	3.2238149263522327e-07
0.0	
0.0	0.0	
0.0	0.0	0.0	
0.0	0.0	0.0	0.0	
0.0	0.0	0.0	0.0	0.0	
0.0	0.0	0.0	0.0	0.0	0.0	
0.0	0.0	0.0	0.0	0.0	0.0	0.0	
0.0	0.0	0.0	0.0	0.0	0.0	0.0	0.0	
0.0	0.0	0.0	0.0	0.0	0.0	0.0	0.0	0.0	
0.0	0.0	0.0	0.0	0.0	0.0	0.0	0.0	0.0	0.0	
0.0	0.0	0.0	0.0	0.0	0.0	0.0	0.0	0.0	0.0	0.0	
0.0	0.0	0.0	0.0	0.0	0.0	0.0	0.0	0.0	0.0	0.0	0.0	
