-40.644738133901825
-1.8435673120670597
10
11111111110000000000000000	0.9970156543969597
11111111000011000000000000	0.002027407968824784
11111111001100000000000000	0.0004272355921355619
11111100110011000000000000	0.0002676370018851092
11111100111100000000000000	0.00014590700183441914
11111110011100000000000000	0.00011288966924819482
11111111111111000000000000	1.2788502853878826e-06
11111100000000000000000000	9.77666310816663e-07
11111100001111000000000000	7.822940190293259e-07
11111110101111000000000000	2.2955849692271264e-07
0.0	
0.0	0.0	
0.0	0.0	0.0	
0.0	0.0	0.0	0.0	
0.0	0.0	0.0	0.0	0.0	
0.0	0.0	0.0	0.0	0.0	0.0	
0.0	0.0	0.0	0.0	0.0	0.0	0.0	
0.0	0.0	0.0	0.0	0.0	0.0	0.0	0.0	
0.0	0.0	0.0	0.0	0.0	0.0	0.0	0.0	0.0	
0.0	0.0	0.0	0.0	0.0	0.0	0.0	0.0	0.0	0.0	
0.0	0.0	0.0	0.0	0.0	0.0	0.0	0.0	0.0	0.0	0.0	
0.0	0.0	0.0	0.0	0.0	0.0	0.0	0.0	0.0	0.0	0.0	0.0	
0.0	0.0	0.0	0.0	0.0	0.0	0.0	0.0	0.0	0.0	0.0	0.0	0.0	
