-36.292749685526225
-13.190449721751095
13
111111110000000000000000	0.9913318326742822
111111001100000000000000	0.003380401525098943
111100111100000000000000	0.002962301317063368
111111000011000000000000	0.0011758553097100807
111111000110000000000000	0.0005652494898036906
111111001001000000000000	0.0005646635067167546
111100000000000000000000	1.0101327890369282e-05
111100001111000000000000	3.5136950290737024e-06
111111111111000000000000	2.0582425828458765e-06
111100001010000000000000	1.6890805408697495e-06
111100000101000000000000	1.6873295041199882e-06
111111111010000000000000	3.239024515350936e-07
111111110101000000000000	3.2259932634922833e-07
0.0	
0.0	0.0	
0.0	0.0	0.0	
0.0	0.0	0.0	0.0	
0.0	0.0	0.0	0.0	0.0	
0.0	0.0	0.0	0.0	0.0	0.0	
0.0	0.0	0.0	0.0	0.0	0.0	0.0	
0.0	0.0	0.0	0.0	0.0	0.0	0.0	0.0	
0.0	0.0	0.0	0.0	0.0	0.0	0.0	0.0	0.0	
0.0	0.0	0.0	0.0	0.0	0.0	0.0	0.0	0.0	0.0	
0.0	0.0	0.0	0.0	0.0	0.0	0.0	0.0	0.0	0.0	0.0	
0.0	0.0	0.0	0.0	0.0	0.0	0.0	0.0	0.0	0.0	0.0	0.0	
