-36.638723359328665
-13.544394316849491
13
111111110000000000000000	0.9912824172282033
111111001100000000000000	0.0035552469520043566
111100111100000000000000	0.00286547777994103
111111000011000000000000	0.0011444550359428704
111111000110000000000000	0.000566611820334625
111111001001000000000000	0.0005660513482073252
111100000000000000000000	1.0277072372228212e-05
111100001111000000000000	3.308250422524121e-06
111111111111000000000000	2.122222066651676e-06
111100001010000000000000	1.637892040454745e-06
111100000101000000000000	1.63627189628679e-06
111111111010000000000000	3.7974481790611555e-07
111111110101000000000000	3.783817506883698e-07
0.0	
0.0	0.0	
0.0	0.0	0.0	
0.0	0.0	0.0	0.0	
0.0	0.0	0.0	0.0	0.0	
0.0	0.0	0.0	0.0	0.0	0.0	
0.0	0.0	0.0	0.0	0.0	0.0	0.0	
0.0	0.0	0.0	0.0	0.0	0.0	0.0	0.0	
0.0	0.0	0.0	0.0	0.0	0.0	0.0	0.0	0.0	
0.0	0.0	0.0	0.0	0.0	0.0	0.0	0.0	0.0	0.0	
0.0	0.0	0.0	0.0	0.0	0.0	0.0	0.0	0.0	0.0	0.0	
0.0	0.0	0.0	0.0	0.0	0.0	0.0	0.0	0.0	0.0	0.0	0.0	
