-36.29295735606503
-13.190622649020282
13
111111110000000000000000	0.9913343737557998
111111001100000000000000	0.0033786501533355157
111100111100000000000000	0.0029622365361421797
111111000011000000000000	0.0011759204906844438
111111000110000000000000	0.0005646614214605595
111111001001000000000000	0.0005644707760449721
111100000000000000000000	1.0095847770449911e-05
111100001111000000000000	3.5138039528545572e-06
111111111111000000000000	2.058034720002736e-06
111100001010000000000000	1.6872820488039228e-06
111100000101000000000000	1.6867123754117418e-06
111111111010000000000000	3.2280463847155557e-07
111111110101000000000000	3.2238102642415823e-07
0.0	
0.0	0.0	
0.0	0.0	0.0	
0.0	0.0	0.0	0.0	
0.0	0.0	0.0	0.0	0.0	
0.0	0.0	0.0	0.0	0.0	0.0	
0.0	0.0	0.0	0.0	0.0	0.0	0.0	
0.0	0.0	0.0	0.0	0.0	0.0	0.0	0.0	
0.0	0.0	0.0	0.0	0.0	0.0	0.0	0.0	0.0	
0.0	0.0	0.0	0.0	0.0	0.0	0.0	0.0	0.0	0.0	
0.0	0.0	0.0	0.0	0.0	0.0	0.0	0.0	0.0	0.0	0.0	
0.0	0.0	0.0	0.0	0.0	0.0	0.0	0.0	0.0	0.0	0.0	0.0	
