-37.03600156498497
-13.945264510280525
13
111111110000000000000000	0.9911934069895277
111111001100000000000000	0.003472404152540514
111100111100000000000000	0.0029222231676435495
111111000011000000000000	0.0011895990447569433
111111000110000000000000	0.0006014344434252413
111111001001000000000000	0.0006008552049840038
111100000000000000000000	1.0237295557478194e-05
111100001111000000000000	3.5071600197115983e-06
111111111111000000000000	2.065733799350703e-06
111100001010000000000000	1.7731409954935483e-06
111100000101000000000000	1.7714332924553155e-06
111111111010000000000000	3.617837486113295e-07
111111110101000000000000	3.6044970903969046e-07
0.0	
0.0	0.0	
0.0	0.0	0.0	
0.0	0.0	0.0	0.0	
0.0	0.0	0.0	0.0	0.0	
0.0	0.0	0.0	0.0	0.0	0.0	
0.0	0.0	0.0	0.0	0.0	0.0	0.0	
0.0	0.0	0.0	0.0	0.0	0.0	0.0	0.0	
0.0	0.0	0.0	0.0	0.0	0.0	0.0	0.0	0.0	
0.0	0.0	0.0	0.0	0.0	0.0	0.0	0.0	0.0	0.0	
0.0	0.0	0.0	0.0	0.0	0.0	0.0	0.0	0.0	0.0	0.0	
0.0	0.0	0.0	0.0	0.0	0.0	0.0	0.0	0.0	0.0	0.0	0.0	
