NMONOMER	1
NELEC	8
ENUC	7.351144
NBASIS	12
HOMO	2
LUMO	2
ENT	5
HF_ENERGY	-35.207230
ENERGIES
-10.840276
-0.498414
-0.437294
-0.244507
0.577024
0.791974
0.904747
849736.572490
965066.576830
996478.288670
1070621.186253
1118093.700506

OEI
-18.399022	
0.271680	-4.298832	
-0.000000	0.000000	-3.758287	
-0.104482	0.148921	-0.000000	-4.081741	
0.268064	-0.188671	0.000000	0.481945	-3.057225	
0.000000	-0.000000	-0.852752	0.000000	-0.000000	-3.649175	
-0.198298	0.800079	-0.000000	0.423389	-0.098724	0.000000	-3.179265	
0.104950	0.067232	0.000000	-0.108958	-0.459338	0.000000	0.065078	849733.029189	
0.000000	-0.000000	-0.073791	-0.000000	-0.000000	-0.117657	0.000000	-0.000000	965063.906778	
-0.005112	-0.021122	0.000000	-0.004561	0.002466	-0.000000	0.017052	0.002809	-0.000000	996475.292455	
-0.035733	-0.191430	0.000000	-0.042845	0.105546	0.000000	-0.172544	0.193348	-0.000000	0.124941	1070618.813917	
0.101417	0.079185	0.000000	-0.214615	-0.460042	0.000000	0.025361	-0.959876	0.000000	0.034547	0.333021	1118090.039804	

ENV_OEI
-4.927224	
0.508431	-0.619697	
-0.000000	0.000000	-0.136455	
-0.208160	-0.092485	-0.000000	-0.415273	
0.473351	-0.096696	0.000000	0.122698	-0.184495	
-0.000000	-0.000000	-0.198196	-0.000000	-0.000000	-0.348389	
-0.388488	-0.146964	0.000000	-0.222921	0.005588	-0.000000	-1.075881	
0.225216	0.015265	-0.000000	-0.066851	-0.070070	-0.000000	-0.010251	-0.576813	
0.000000	0.000000	0.063254	-0.000000	0.000000	0.034893	-0.000000	0.000000	-0.739449	
0.018226	-0.478192	0.000000	-0.454878	-0.056173	-0.000000	-1.468668	0.126998	0.000000	-18.569360	
-0.055571	0.046090	-0.000000	0.011859	0.021404	0.000000	0.082820	-0.239559	0.000000	1.672573	-0.798760	
0.213901	0.016000	0.000000	0.000364	-0.082325	0.000000	0.049087	0.148064	-0.000000	0.177660	0.099686	-0.399397	

OVERLAP
1.000000	
0.248362	1.000000	
0.061767	0.488736	1.000000	
0.061767	0.488736	0.167856	1.000000	
0.000000	0.027047	0.005362	0.005362	1.000000	
0.027047	0.301519	0.096511	0.096511	0.248362	1.000000	
0.000000	0.000000	0.259000	0.259000	-0.015125	-0.113119	1.000000	
0.000000	0.000000	-0.380474	0.380474	0.000000	0.000000	0.000000	1.000000	
0.000000	0.000000	0.073326	0.073326	-0.042713	-0.319437	0.000000	0.000000	1.000000	
0.015125	0.113119	0.064594	0.064594	0.000000	0.000000	0.112775	0.000000	-0.151526	1.000000	
0.000000	0.000000	-0.051506	0.051506	0.000000	0.000000	0.000000	0.166433	0.000000	0.000000	1.000000	
0.042713	0.319437	0.093323	0.093323	0.000000	0.000000	-0.151526	0.000000	-0.261465	0.000000	0.000000	1.000000	

MOCOEFF
-0.996521	-0.018364	0.008875	0.008875	-0.001627	0.008244	0.020547	0.000000	0.002253	-0.002502	-0.000000	0.003797	
0.179121	-0.556474	-0.055065	-0.055065	0.046287	-0.083464	0.449336	0.000000	0.199021	-0.182170	-0.000000	-0.346183	
-0.000000	0.000000	-0.524253	0.524253	-0.000000	0.000000	-0.000000	0.448588	0.000000	0.000000	-0.128664	0.000000	
-0.074626	0.216470	0.260381	0.260381	0.041619	-0.119052	-0.396050	0.000000	0.683947	-0.016143	0.000000	-0.299167	
0.157512	-1.042945	0.922725	0.922725	0.004734	-0.038356	-0.405335	-0.000000	-0.398803	-0.015808	-0.000000	-0.004368	
-0.000000	0.000000	0.804425	-0.804425	0.000000	-0.000000	-0.000000	1.169099	-0.000000	-0.000000	-0.111711	-0.000000	
-0.138026	0.825910	-0.091062	-0.091062	0.129732	-0.778928	-0.233723	-0.000000	-0.829368	-0.323706	0.000000	-0.902155	
0.084288	-0.388041	0.000000	0.000000	-0.012325	0.049401	-0.608823	-0.000000	0.000000	0.744812	-0.000000	-0.291146	
0.000000	-0.000000	0.000000	-0.000000	-0.000000	0.000000	-0.000000	-0.000000	-0.000000	-0.000000	1.000000	-0.000000	
-0.000565	0.002599	0.000000	0.000000	1.025611	-0.216380	0.004077	-0.000000	-0.000000	0.053739	0.000000	0.092871	
-0.018947	0.087226	-0.000000	-0.000000	-0.019715	-0.850780	0.136854	0.000000	0.000000	0.334096	0.000000	0.355391	
0.081637	-0.375837	0.000000	0.000000	0.011610	-0.229166	-0.589676	-0.000000	-0.000000	-0.509850	-0.000000	0.308002	

ERI
0 0 0 0 3.5227283
1 0 0 0 -0.2361022
1 0 1 0 0.0308836
1 0 1 1 0.0059861
1 1 0 0 0.7277342
1 1 1 0 0.0059861
1 1 1 1 0.6495632
2 0 0 0 0.0000000
2 0 1 0 -0.0000000
2 0 1 1 0.0000000
2 0 2 0 0.0055390
2 0 2 1 0.0056121
2 0 2 2 -0.0000000
2 1 0 0 -0.0000000
2 1 1 0 -0.0000000
2 1 1 1 -0.0000000
2 1 2 0 0.0056121
2 1 2 1 0.0323945
2 1 2 2 0.0000000
2 2 0 0 0.5776104
2 2 1 0 -0.0062400
2 2 1 1 0.4073172
2 2 2 0 -0.0000000
2 2 2 1 0.0000000
2 2 2 2 0.5278559
3 0 0 0 0.0954166
3 0 1 0 -0.0106648
3 0 1 1 0.0047501
3 0 2 0 0.0000000
3 0 2 1 0.0000000
3 0 2 2 0.0022269
3 0 3 0 0.0177311
3 0 3 1 0.0131215
3 0 3 2 -0.0000000
3 0 3 3 -0.0072499
3 1 0 0 -0.0614331
3 1 1 0 0.0011769
3 1 1 1 0.0277271
3 1 2 0 -0.0000000
3 1 2 1 -0.0000000
3 1 2 2 -0.0249330
3 1 3 0 0.0131215
3 1 3 1 0.0860251
3 1 3 2 -0.0000000
3 1 3 3 -0.0416714
3 2 0 0 0.0000000
3 2 1 0 -0.0000000
3 2 1 1 -0.0000000
3 2 2 0 -0.0035379
3 2 2 1 -0.0270906
3 2 2 2 0.0000000
3 2 3 0 -0.0000000
3 2 3 1 -0.0000000
3 2 3 2 0.0504389
3 2 3 3 0.0000000
3 3 0 0 0.7397411
3 3 1 0 -0.0051753
3 3 1 1 0.5150274
3 3 2 0 0.0000000
3 3 2 1 -0.0000000
3 3 2 2 0.4558269
3 3 3 0 -0.0072499
3 3 3 1 -0.0416714
3 3 3 2 0.0000000
3 3 3 3 0.5702384
4 0 0 0 -0.2144173
4 0 1 0 0.0177097
4 0 1 1 -0.0176283
4 0 2 0 -0.0000000
4 0 2 1 0.0000000
4 0 2 2 0.0000385
4 0 3 0 -0.0123580
4 0 3 1 -0.0014658
4 0 3 2 -0.0000000
4 0 3 3 -0.0041395
4 0 4 0 0.0249652
4 0 4 1 -0.0026088
4 0 4 2 0.0000000
4 0 4 3 0.0002703
4 0 4 4 0.0019385
4 1 0 0 0.0634619
4 1 1 0 -0.0016217
4 1 1 1 0.0244528
4 1 2 0 0.0000000
4 1 2 1 -0.0000000
4 1 2 2 -0.0024324
4 1 3 0 -0.0021694
4 1 3 1 -0.0138485
4 1 3 2 0.0000000
4 1 3 3 0.0323597
4 1 4 0 -0.0026088
4 1 4 1 0.0097109
4 1 4 2 0.0000000
4 1 4 3 -0.0213318
4 1 4 4 -0.0028289
4 2 0 0 -0.0000000
4 2 1 0 0.0000000
4 2 1 1 -0.0000000
4 2 2 0 0.0015034
4 2 2 1 -0.0292707
4 2 2 2 0.0000000
4 2 3 0 0.0000000
4 2 3 1 0.0000000
4 2 3 2 0.0548740
4 2 3 3 -0.0000000
4 2 4 0 0.0000000
4 2 4 1 0.0000000
4 2 4 2 0.1246190
4 2 4 3 0.0000000
4 2 4 4 0.0000000
4 3 0 0 -0.1394640
4 3 1 0 0.0028852
4 3 1 1 -0.0520376
4 3 2 0 -0.0000000
4 3 2 1 0.0000000
4 3 2 2 0.0073686
4 3 3 0 0.0103066
4 3 3 1 0.0341209
4 3 3 2 -0.0000000
4 3 3 3 -0.0850113
4 3 4 0 0.0002703
4 3 4 1 -0.0213318
4 3 4 2 0.0000000
4 3 4 3 0.0683009
4 3 4 4 -0.0008634
4 4 0 0 0.5957978
4 4 1 0 -0.0132440
4 4 1 1 0.3663638
4 4 2 0 0.0000000
4 4 2 1 0.0000000
4 4 2 2 0.5117728
4 4 3 0 -0.0012702
4 4 3 1 -0.0369934
4 4 3 2 0.0000000
4 4 3 3 0.4569884
4 4 4 0 0.0019385
4 4 4 1 -0.0028289
4 4 4 2 0.0000000
4 4 4 3 -0.0008634
4 4 4 4 0.5404935
5 0 0 0 0.0000000
5 0 1 0 0.0000000
5 0 1 1 0.0000000
5 0 2 0 0.0113355
5 0 2 1 0.0122887
5 0 2 2 -0.0000000
5 0 3 0 -0.0000000
5 0 3 1 -0.0000000
5 0 3 2 -0.0091867
5 0 3 3 0.0000000
5 0 4 0 0.0000000
5 0 4 1 -0.0000000
5 0 4 2 -0.0018041
5 0 4 3 -0.0000000
5 0 4 4 0.0000000
5 0 5 0 0.0234641
5 0 5 1 0.0172225
5 0 5 2 -0.0000000
5 0 5 3 -0.0056961
5 0 5 4 0.0152333
5 0 5 5 -0.0000000
5 1 0 0 0.0000000
5 1 1 0 0.0000000
5 1 1 1 0.0000000
5 1 2 0 0.0085459
5 1 2 1 0.0352348
5 1 2 2 -0.0000000
5 1 3 0 -0.0000000
5 1 3 1 -0.0000000
5 1 3 2 -0.0177095
5 1 3 3 0.0000000
5 1 4 0 -0.0000000
5 1 4 1 0.0000000
5 1 4 2 -0.0004855
5 1 4 3 -0.0000000
5 1 4 4 -0.0000000
5 1 5 0 0.0172225
5 1 5 1 0.0519797
5 1 5 2 0.0000000
5 1 5 3 -0.0156664
5 1 5 4 0.0202760
5 1 5 5 -0.0000000
5 2 0 0 0.2353642
5 2 1 0 -0.0012765
5 2 1 1 0.1216227
5 2 2 0 -0.0000000
5 2 2 1 -0.0000000
5 2 2 2 0.0084164
5 2 3 0 -0.0001970
5 2 3 1 -0.0089398
5 2 3 2 0.0000000
5 2 3 3 0.0904196
5 2 4 0 -0.0066255
5 2 4 1 0.0226282
5 2 4 2 -0.0000000
5 2 4 3 -0.0583359
5 2 4 4 -0.0248759
5 2 5 0 -0.0000000
5 2 5 1 0.0000000
5 2 5 2 0.1111367
5 2 5 3 -0.0000000
5 2 5 4 -0.0000000
5 2 5 5 0.0764681
5 3 0 0 -0.0000000
5 3 1 0 0.0000000
5 3 1 1 -0.0000000
5 3 2 0 -0.0035213
5 3 2 1 -0.0036653
5 3 2 2 0.0000000
5 3 3 0 0.0000000
5 3 3 1 0.0000000
5 3 3 2 0.0039067
5 3 3 3 -0.0000000
5 3 4 0 0.0000000
5 3 4 1 -0.0000000
5 3 4 2 -0.0372411
5 3 4 3 0.0000000
5 3 4 4 -0.0000000
5 3 5 0 -0.0056961
5 3 5 1 -0.0156664
5 3 5 2 -0.0000000
5 3 5 3 0.0328548
5 3 5 4 0.0165037
5 3 5 5 -0.0000000
5 4 0 0 0.0000000
5 4 1 0 0.0000000
5 4 1 1 0.0000000
5 4 2 0 0.0056858
5 4 2 1 0.0392447
5 4 2 2 -0.0000000
5 4 3 0 -0.0000000
5 4 3 1 -0.0000000
5 4 3 2 -0.0660384
5 4 3 3 0.0000000
5 4 4 0 0.0000000
5 4 4 1 -0.0000000
5 4 4 2 -0.1046698
5 4 4 3 -0.0000000
5 4 4 4 -0.0000000
5 4 5 0 0.0152333
5 4 5 1 0.0202760
5 4 5 2 -0.0000000
5 4 5 3 0.0165037
5 4 5 4 0.1159445
5 4 5 5 0.0000000
5 5 0 0 0.7917329
5 5 1 0 -0.0068155
5 5 1 1 0.5025241
5 5 2 0 0.0000000
5 5 2 1 -0.0000000
5 5 2 2 0.5206657
5 5 3 0 0.0023673
5 5 3 1 -0.0338099
5 5 3 2 0.0000000
5 5 3 3 0.5153693
5 5 4 0 -0.0086220
5 5 4 1 0.0151385
5 5 4 2 -0.0000000
5 5 4 3 -0.0295560
5 5 4 4 0.5006624
5 5 5 0 -0.0000000
5 5 5 1 -0.0000000
5 5 5 2 0.0764681
5 5 5 3 -0.0000000
5 5 5 4 0.0000000
5 5 5 5 0.5871654
6 0 0 0 0.1802822
6 0 1 0 -0.0250862
6 0 1 1 -0.0087034
6 0 2 0 0.0000000
6 0 2 1 0.0000000
6 0 2 2 0.0043737
6 0 3 0 -0.0013336
6 0 3 1 -0.0098424
6 0 3 2 0.0000000
6 0 3 3 0.0098872
6 0 4 0 -0.0101063
6 0 4 1 0.0031150
6 0 4 2 -0.0000000
6 0 4 3 -0.0099645
6 0 4 4 0.0140644
6 0 5 0 -0.0000000
6 0 5 1 -0.0000000
6 0 5 2 0.0011002
6 0 5 3 -0.0000000
6 0 5 4 -0.0000000
6 0 5 5 0.0046807
6 0 6 0 0.0275593
6 0 6 1 0.0031647
6 0 6 2 -0.0000000
6 0 6 3 -0.0031598
6 0 6 4 0.0032220
6 0 6 5 0.0000000
6 0 6 6 -0.0084353
6 1 0 0 -0.2366955
6 1 1 0 0.0000785
6 1 1 1 -0.0690768
6 1 2 0 -0.0000000
6 1 2 1 -0.0000000
6 1 2 2 -0.0673352
6 1 3 0 -0.0051651
6 1 3 1 0.0405409
6 1 3 2 -0.0000000
6 1 3 3 -0.0695008
6 1 4 0 0.0102599
6 1 4 1 -0.0088323
6 1 4 2 0.0000000
6 1 4 3 0.0160855
6 1 4 4 -0.0571215
6 1 5 0 -0.0000000
6 1 5 1 -0.0000000
6 1 5 2 -0.0414660
6 1 5 3 0.0000000
6 1 5 4 -0.0000000
6 1 5 5 -0.1057028
6 1 6 0 0.0031647
6 1 6 1 0.1143179
6 1 6 2 -0.0000000
6 1 6 3 0.0578221
6 1 6 4 0.0001066
6 1 6 5 0.0000000
6 1 6 6 0.0027338
6 2 0 0 0.0000000
6 2 1 0 -0.0000000
6 2 1 1 -0.0000000
6 2 2 0 -0.0034658
6 2 2 1 -0.0134638
6 2 2 2 0.0000000
6 2 3 0 0.0000000
6 2 3 1 -0.0000000
6 2 3 2 -0.0008767
6 2 3 3 -0.0000000
6 2 4 0 -0.0000000
6 2 4 1 -0.0000000
6 2 4 2 -0.0016051
6 2 4 3 0.0000000
6 2 4 4 0.0000000
6 2 5 0 -0.0068188
6 2 5 1 -0.0200109
6 2 5 2 -0.0000000
6 2 5 3 0.0012910
6 2 5 4 -0.0022820
6 2 5 5 0.0000000
6 2 6 0 -0.0000000
6 2 6 1 -0.0000000
6 2 6 2 0.0122307
6 2 6 3 -0.0000000
6 2 6 4 -0.0000000
6 2 6 5 0.0163104
6 2 6 6 -0.0000000
6 3 0 0 -0.1264806
6 3 1 0 0.0055218
6 3 1 1 0.0135871
6 3 2 0 -0.0000000
6 3 2 1 -0.0000000
6 3 2 2 -0.0537474
6 3 3 0 -0.0035138
6 3 3 1 0.0224892
6 3 3 2 -0.0000000
6 3 3 3 -0.0517762
6 3 4 0 -0.0005103
6 3 4 1 -0.0029643
6 3 4 2 0.0000000
6 3 4 3 0.0130816
6 3 4 4 -0.0651760
6 3 5 0 0.0000000
6 3 5 1 0.0000000
6 3 5 2 -0.0065573
6 3 5 3 0.0000000
6 3 5 4 -0.0000000
6 3 5 5 -0.0557603
6 3 6 0 -0.0031598
6 3 6 1 0.0578221
6 3 6 2 -0.0000000
6 3 6 3 0.0645583
6 3 6 4 -0.0054789
6 3 6 5 0.0000000
6 3 6 6 0.0321983
6 4 0 0 0.0191879
6 4 1 0 -0.0001372
6 4 1 1 0.0046780
6 4 2 0 -0.0000000
6 4 2 1 -0.0000000
6 4 2 2 0.0011912
6 4 3 0 -0.0044968
6 4 3 1 -0.0076593
6 4 3 2 0.0000000
6 4 3 3 0.0205737
6 4 4 0 0.0026218
6 4 4 1 0.0029843
6 4 4 2 0.0000000
6 4 4 3 -0.0188940
6 4 4 4 0.0081243
6 4 5 0 -0.0000000
6 4 5 1 -0.0000000
6 4 5 2 0.0089689
6 4 5 3 -0.0000000
6 4 5 4 -0.0000000
6 4 5 5 0.0042277
6 4 6 0 0.0032220
6 4 6 1 0.0001066
6 4 6 2 -0.0000000
6 4 6 3 -0.0054789
6 4 6 4 0.0085224
6 4 6 5 0.0000000
6 4 6 6 0.0042884
6 5 0 0 -0.0000000
6 5 1 0 -0.0000000
6 5 1 1 0.0000000
6 5 2 0 -0.0061226
6 5 2 1 -0.0257736
6 5 2 2 -0.0000000
6 5 3 0 0.0000000
6 5 3 1 0.0000000
6 5 3 2 0.0125269
6 5 3 3 -0.0000000
6 5 4 0 -0.0000000
6 5 4 1 0.0000000
6 5 4 2 0.0163280
6 5 4 3 -0.0000000
6 5 4 4 -0.0000000
6 5 5 0 -0.0129365
6 5 5 1 -0.0334784
6 5 5 2 0.0000000
6 5 5 3 -0.0018148
6 5 5 4 -0.0241533
6 5 5 5 -0.0000000
6 5 6 0 0.0000000
6 5 6 1 0.0000000
6 5 6 2 0.0163104
6 5 6 3 0.0000000
6 5 6 4 0.0000000
6 5 6 5 0.0291517
6 5 6 6 0.0000000
6 6 0 0 0.6887778
6 6 1 0 -0.0003811
6 6 1 1 0.5975644
6 6 2 0 0.0000000
6 6 2 1 -0.0000000
6 6 2 2 0.3851095
6 6 3 0 0.0127495
6 6 3 1 0.0788206
6 6 3 2 -0.0000000
6 6 3 3 0.4798876
6 6 4 0 -0.0155746
6 6 4 1 0.0150658
6 6 4 2 -0.0000000
6 6 4 3 -0.0334295
6 6 4 4 0.3514997
6 6 5 0 0.0000000
6 6 5 1 0.0000000
6 6 5 2 0.1001715
6 6 5 3 0.0000000
6 6 5 4 0.0000000
6 6 5 5 0.4577114
6 6 6 0 -0.0084353
6 6 6 1 0.0027338
6 6 6 2 -0.0000000
6 6 6 3 0.0321983
6 6 6 4 0.0042884
6 6 6 5 0.0000000
6 6 6 6 0.6516640
7 0 0 0 -0.0837434
7 0 1 0 0.0043067
7 0 1 1 -0.0096812
7 0 2 0 -0.0000000
7 0 2 1 0.0000000
7 0 2 2 0.0038762
7 0 3 0 0.0003366
7 0 3 1 0.0048644
7 0 3 2 -0.0000000
7 0 3 3 -0.0018517
7 0 4 0 0.0127183
7 0 4 1 -0.0023961
7 0 4 2 0.0000000
7 0 4 3 0.0026905
7 0 4 4 0.0046207
7 0 5 0 -0.0000000
7 0 5 1 -0.0000000
7 0 5 2 -0.0013441
7 0 5 3 -0.0000000
7 0 5 4 0.0000000
7 0 5 5 -0.0004788
7 0 6 0 -0.0050028
7 0 6 1 0.0042286
7 0 6 2 -0.0000000
7 0 6 3 -0.0046262
7 0 6 4 0.0005648
7 0 6 5 -0.0000000
7 0 6 6 -0.0028647
7 0 7 0 0.0112925
7 0 7 1 0.0020523
7 0 7 2 -0.0000000
7 0 7 3 -0.0013642
7 0 7 4 0.0041592
7 0 7 5 -0.0000000
7 0 7 6 -0.0029440
7 0 7 7 0.0062527
7 1 0 0 -0.0108545
7 1 1 0 -0.0021644
7 1 1 1 -0.0118873
7 1 2 0 0.0000000
7 1 2 1 0.0000000
7 1 2 2 0.0092140
7 1 3 0 0.0033922
7 1 3 1 0.0102513
7 1 3 2 -0.0000000
7 1 3 3 -0.0073287
7 1 4 0 0.0001519
7 1 4 1 -0.0035364
7 1 4 2 -0.0000000
7 1 4 3 0.0086351
7 1 4 4 0.0054550
7 1 5 0 0.0000000
7 1 5 1 0.0000000
7 1 5 2 -0.0047516
7 1 5 3 0.0000000
7 1 5 4 0.0000000
7 1 5 5 0.0012888
7 1 6 0 -0.0000882
7 1 6 1 0.0027526
7 1 6 2 -0.0000000
7 1 6 3 -0.0060339
7 1 6 4 -0.0022484
7 1 6 5 -0.0000000
7 1 6 6 -0.0038640
7 1 7 0 0.0020523
7 1 7 1 0.0130549
7 1 7 2 0.0000000
7 1 7 3 0.0025876
7 1 7 4 -0.0004505
7 1 7 5 0.0000000
7 1 7 6 0.0048653
7 1 7 7 -0.0019981
7 2 0 0 -0.0000000
7 2 1 0 0.0000000
7 2 1 1 0.0000000
7 2 2 0 0.0038986
7 2 2 1 0.0218710
7 2 2 2 -0.0000000
7 2 3 0 -0.0000000
7 2 3 1 -0.0000000
7 2 3 2 -0.0299044
7 2 3 3 0.0000000
7 2 4 0 -0.0000000
7 2 4 1 -0.0000000
7 2 4 2 -0.0424004
7 2 4 3 0.0000000
7 2 4 4 -0.0000000
7 2 5 0 0.0092312
7 2 5 1 0.0131788
7 2 5 2 -0.0000000
7 2 5 3 0.0078949
7 2 5 4 0.0498288
7 2 5 5 -0.0000000
7 2 6 0 -0.0000000
7 2 6 1 -0.0000000
7 2 6 2 -0.0052083
7 2 6 3 0.0000000
7 2 6 4 -0.0000000
7 2 6 5 -0.0149480
7 2 6 6 0.0000000
7 2 7 0 -0.0000000
7 2 7 1 0.0000000
7 2 7 2 0.0332236
7 2 7 3 -0.0000000
7 2 7 4 0.0000000
7 2 7 5 0.0046500
7 2 7 6 -0.0000000
7 2 7 7 -0.0000000
7 3 0 0 0.0275737
7 3 1 0 0.0027463
7 3 1 1 0.0378480
7 3 2 0 -0.0000000
7 3 2 1 -0.0000000
7 3 2 2 -0.0204442
7 3 3 0 0.0041586
7 3 3 1 0.0112285
7 3 3 2 0.0000000
7 3 3 3 -0.0003134
7 3 4 0 -0.0040281
7 3 4 1 0.0038429
7 3 4 2 0.0000000
7 3 4 3 0.0028112
7 3 4 4 -0.0307125
7 3 5 0 -0.0000000
7 3 5 1 0.0000000
7 3 5 2 0.0180121
7 3 5 3 0.0000000
7 3 5 4 -0.0000000
7 3 5 5 -0.0022964
7 3 6 0 -0.0057616
7 3 6 1 -0.0051851
7 3 6 2 -0.0000000
7 3 6 3 0.0119210
7 3 6 4 -0.0072378
7 3 6 5 0.0000000
7 3 6 6 0.0364217
7 3 7 0 -0.0013642
7 3 7 1 0.0025876
7 3 7 2 -0.0000000
7 3 7 3 0.0263053
7 3 7 4 -0.0010746
7 3 7 5 -0.0000000
7 3 7 6 -0.0017207
7 3 7 7 0.0163331
7 4 0 0 0.1313143
7 4 1 0 -0.0076247
7 4 1 1 0.0274841
7 4 2 0 0.0000000
7 4 2 1 -0.0000000
7 4 2 2 0.0124483
7 4 3 0 0.0018780
7 4 3 1 -0.0016283
7 4 3 2 0.0000000
7 4 3 3 0.0432186
7 4 4 0 -0.0004365
7 4 4 1 0.0060033
7 4 4 2 -0.0000000
7 4 4 3 -0.0248941
7 4 4 4 0.0178352
7 4 5 0 0.0000000
7 4 5 1 0.0000000
7 4 5 2 0.0327727
7 4 5 3 -0.0000000
7 4 5 4 0.0000000
7 4 5 5 0.0302321
7 4 6 0 0.0062924
7 4 6 1 -0.0144557
7 4 6 2 -0.0000000
7 4 6 3 -0.0184255
7 4 6 4 0.0076876
7 4 6 5 0.0000000
7 4 6 6 0.0322739
7 4 7 0 0.0041592
7 4 7 1 -0.0004505
7 4 7 2 0.0000000
7 4 7 3 -0.0010746
7 4 7 4 0.0279120
7 4 7 5 0.0000000
7 4 7 6 -0.0007687
7 4 7 7 0.0381166
7 5 0 0 0.0000000
7 5 1 0 0.0000000
7 5 1 1 0.0000000
7 5 2 0 0.0033752
7 5 2 1 0.0033536
7 5 2 2 -0.0000000
7 5 3 0 -0.0000000
7 5 3 1 -0.0000000
7 5 3 2 0.0035172
7 5 3 3 0.0000000
7 5 4 0 0.0000000
7 5 4 1 0.0000000
7 5 4 2 0.0160529
7 5 4 3 -0.0000000
7 5 4 4 0.0000000
7 5 5 0 0.0057662
7 5 5 1 0.0070411
7 5 5 2 -0.0000000
7 5 5 3 -0.0046374
7 5 5 4 -0.0052731
7 5 5 5 -0.0000000
7 5 6 0 0.0000000
7 5 6 1 -0.0000000
7 5 6 2 -0.0051238
7 5 6 3 0.0000000
7 5 6 4 0.0000000
7 5 6 5 -0.0045667
7 5 6 6 -0.0000000
7 5 7 0 -0.0000000
7 5 7 1 0.0000000
7 5 7 2 0.0046500
7 5 7 3 -0.0000000
7 5 7 4 0.0000000
7 5 7 5 0.0107773
7 5 7 6 0.0000000
7 5 7 7 -0.0000000
7 6 0 0 -0.0201211
7 6 1 0 0.0022514
7 6 1 1 -0.0015167
7 6 2 0 -0.0000000
7 6 2 1 -0.0000000
7 6 2 2 -0.0103587
7 6 3 0 -0.0073731
7 6 3 1 -0.0205684
7 6 3 2 0.0000000
7 6 3 3 0.0016887
7 6 4 0 0.0018164
7 6 4 1 0.0017427
7 6 4 2 -0.0000000
7 6 4 3 -0.0145847
7 6 4 4 -0.0015661
7 6 5 0 0.0000000
7 6 5 1 -0.0000000
7 6 5 2 -0.0021725
7 6 5 3 0.0000000
7 6 5 4 0.0000000
7 6 5 5 -0.0081570
7 6 6 0 0.0029125
7 6 6 1 0.0012978
7 6 6 2 0.0000000
7 6 6 3 0.0087129
7 6 6 4 0.0064050
7 6 6 5 -0.0000000
7 6 6 6 -0.0174051
7 6 7 0 -0.0029440
7 6 7 1 0.0048653
7 6 7 2 -0.0000000
7 6 7 3 -0.0017207
7 6 7 4 -0.0007687
7 6 7 5 0.0000000
7 6 7 6 0.0412175
7 6 7 7 -0.0175986
7 7 0 0 0.5615976
7 7 1 0 -0.0086642
7 7 1 1 0.4489307
7 7 2 0 0.0000000
7 7 2 1 -0.0000000
7 7 2 2 0.3832829
7 7 3 0 0.0073878
7 7 3 1 0.0438172
7 7 3 2 -0.0000000
7 7 3 3 0.4197772
7 7 4 0 -0.0026096
7 7 4 1 0.0064335
7 7 4 2 -0.0000000
7 7 4 3 -0.0205420
7 7 4 4 0.3693686
7 7 5 0 -0.0000000
7 7 5 1 0.0000000
7 7 5 2 0.0550631
7 7 5 3 -0.0000000
7 7 5 4 0.0000000
7 7 5 5 0.4072393
7 7 6 0 0.0031130
7 7 6 1 0.0138340
7 7 6 2 -0.0000000
7 7 6 3 0.0070993
7 7 6 4 0.0054667
7 7 6 5 0.0000000
7 7 6 6 0.5084181
7 7 7 0 0.0062527
7 7 7 1 -0.0019981
7 7 7 2 -0.0000000
7 7 7 3 0.0163331
7 7 7 4 0.0381166
7 7 7 5 -0.0000000
7 7 7 6 -0.0175986
7 7 7 7 0.5146546
8 0 0 0 0.0000000
8 0 1 0 0.0000000
8 0 1 1 0.0000000
8 0 2 0 0.0001900
8 0 2 1 0.0002937
8 0 2 2 -0.0000000
8 0 3 0 0.0000000
8 0 3 1 -0.0000000
8 0 3 2 -0.0001302
8 0 3 3 0.0000000
8 0 4 0 -0.0000000
8 0 4 1 0.0000000
8 0 4 2 0.0000237
8 0 4 3 -0.0000000
8 0 4 4 0.0000000
8 0 5 0 0.0003897
8 0 5 1 0.0004578
8 0 5 2 -0.0000000
8 0 5 3 -0.0000970
8 0 5 4 0.0002268
8 0 5 5 -0.0000000
8 0 6 0 -0.0000000
8 0 6 1 -0.0000000
8 0 6 2 -0.0001842
8 0 6 3 -0.0000000
8 0 6 4 -0.0000000
8 0 6 5 -0.0003495
8 0 6 6 0.0000000
8 0 7 0 0.0000000
8 0 7 1 0.0000000
8 0 7 2 0.0001587
8 0 7 3 -0.0000000
8 0 7 4 0.0000000
8 0 7 5 0.0001179
8 0 7 6 -0.0000000
8 0 7 7 -0.0000000
8 0 8 0 0.0000104
8 0 8 1 0.0000050
8 0 8 2 0.0000000
8 0 8 3 -0.0000460
8 0 8 4 -0.0000016
8 0 8 5 -0.0000000
8 0 8 6 -0.0002017
8 0 8 7 -0.0000280
8 0 8 8 -0.0000000
8 1 0 0 0.0000000
8 1 1 0 0.0000000
8 1 1 1 0.0000000
8 1 2 0 0.0013329
8 1 2 1 0.0113837
8 1 2 2 -0.0000000
8 1 3 0 0.0000000
8 1 3 1 -0.0000000
8 1 3 2 -0.0047345
8 1 3 3 0.0000000
8 1 4 0 -0.0000000
8 1 4 1 -0.0000000
8 1 4 2 -0.0077817
8 1 4 3 0.0000000
8 1 4 4 0.0000000
8 1 5 0 0.0029045
8 1 5 1 0.0146127
8 1 5 2 -0.0000000
8 1 5 3 0.0016451
8 1 5 4 0.0086423
8 1 5 5 0.0000000
8 1 6 0 -0.0000000
8 1 6 1 -0.0000000
8 1 6 2 -0.0068295
8 1 6 3 -0.0000000
8 1 6 4 -0.0000000
8 1 6 5 -0.0094893
8 1 6 6 0.0000000
8 1 7 0 0.0000000
8 1 7 1 0.0000000
8 1 7 2 0.0056528
8 1 7 3 -0.0000000
8 1 7 4 0.0000000
8 1 7 5 0.0015548
8 1 7 6 -0.0000000
8 1 7 7 -0.0000000
8 1 8 0 0.0000050
8 1 8 1 0.0214933
8 1 8 2 -0.0000000
8 1 8 3 0.0127240
8 1 8 4 -0.0007061
8 1 8 5 0.0000000
8 1 8 6 0.0257833
8 1 8 7 -0.0007370
8 1 8 8 -0.0000000
8 2 0 0 0.0194167
8 2 1 0 -0.0001178
8 2 1 1 0.0057875
8 2 2 0 -0.0000000
8 2 2 1 -0.0000000
8 2 2 2 0.0152046
8 2 3 0 0.0002122
8 2 3 1 -0.0052791
8 2 3 2 0.0000000
8 2 3 3 0.0097833
8 2 4 0 -0.0001500
8 2 4 1 0.0000767
8 2 4 2 0.0000000
8 2 4 3 -0.0002086
8 2 4 4 0.0136092
8 2 5 0 -0.0000000
8 2 5 1 -0.0000000
8 2 5 2 0.0022636
8 2 5 3 -0.0000000
8 2 5 4 -0.0000000
8 2 5 5 0.0161246
8 2 6 0 0.0000115
8 2 6 1 -0.0139284
8 2 6 2 0.0000000
8 2 6 3 -0.0092048
8 2 6 4 -0.0000525
8 2 6 5 -0.0000000
8 2 6 6 -0.0066432
8 2 7 0 0.0001633
8 2 7 1 0.0009863
8 2 7 2 -0.0000000
8 2 7 3 -0.0017766
8 2 7 4 0.0010095
8 2 7 5 -0.0000000
8 2 7 6 -0.0012394
8 2 7 7 -0.0077149
8 2 8 0 0.0000000
8 2 8 1 -0.0000000
8 2 8 2 0.0042169
8 2 8 3 -0.0000000
8 2 8 4 0.0000000
8 2 8 5 0.0033865
8 2 8 6 -0.0000000
8 2 8 7 0.0000000
8 2 8 8 -0.0294924
8 3 0 0 0.0000000
8 3 1 0 0.0000000
8 3 1 1 0.0000000
8 3 2 0 0.0003891
8 3 2 1 0.0037910
8 3 2 2 -0.0000000
8 3 3 0 0.0000000
8 3 3 1 0.0000000
8 3 3 2 -0.0001852
8 3 3 3 0.0000000
8 3 4 0 -0.0000000
8 3 4 1 -0.0000000
8 3 4 2 -0.0023477
8 3 4 3 0.0000000
8 3 4 4 -0.0000000
8 3 5 0 0.0008366
8 3 5 1 0.0052617
8 3 5 2 -0.0000000
8 3 5 3 0.0020013
8 3 5 4 0.0020512
8 3 5 5 -0.0000000
8 3 6 0 -0.0000000
8 3 6 1 -0.0000000
8 3 6 2 -0.0031885
8 3 6 3 -0.0000000
8 3 6 4 -0.0000000
8 3 6 5 -0.0036193
8 3 6 6 0.0000000
8 3 7 0 -0.0000000
8 3 7 1 0.0000000
8 3 7 2 0.0017423
8 3 7 3 0.0000000
8 3 7 4 0.0000000
8 3 7 5 0.0008107
8 3 7 6 -0.0000000
8 3 7 7 0.0000000
8 3 8 0 -0.0000460
8 3 8 1 0.0127240
8 3 8 2 -0.0000000
8 3 8 3 0.0083822
8 3 8 4 -0.0002818
8 3 8 5 0.0000000
8 3 8 6 0.0173462
8 3 8 7 0.0012075
8 3 8 8 0.0000000
8 4 0 0 0.0000000
8 4 1 0 -0.0000000
8 4 1 1 -0.0000000
8 4 2 0 0.0000034
8 4 2 1 -0.0013990
8 4 2 2 0.0000000
8 4 3 0 -0.0000000
8 4 3 1 0.0000000
8 4 3 2 0.0014827
8 4 3 3 -0.0000000
8 4 4 0 0.0000000
8 4 4 1 0.0000000
8 4 4 2 0.0035887
8 4 4 3 -0.0000000
8 4 4 4 0.0000000
8 4 5 0 -0.0001213
8 4 5 1 -0.0005559
8 4 5 2 0.0000000
8 4 5 3 -0.0009295
8 4 5 4 -0.0028374
8 4 5 5 0.0000000
8 4 6 0 0.0000000
8 4 6 1 -0.0000000
8 4 6 2 0.0002680
8 4 6 3 -0.0000000
8 4 6 4 0.0000000
8 4 6 5 0.0006661
8 4 6 6 -0.0000000
8 4 7 0 0.0000000
8 4 7 1 -0.0000000
8 4 7 2 -0.0013316
8 4 7 3 -0.0000000
8 4 7 4 -0.0000000
8 4 7 5 0.0003057
8 4 7 6 -0.0000000
8 4 7 7 -0.0000000
8 4 8 0 -0.0000016
8 4 8 1 -0.0007061
8 4 8 2 0.0000000
8 4 8 3 -0.0002818
8 4 8 4 0.0002246
8 4 8 5 0.0000000
8 4 8 6 -0.0002908
8 4 8 7 -0.0003280
8 4 8 8 -0.0000000
8 5 0 0 0.0262808
8 5 1 0 0.0002649
8 5 1 1 0.0165077
8 5 2 0 0.0000000
8 5 2 1 -0.0000000
8 5 2 2 0.0120659
8 5 3 0 0.0003097
8 5 3 1 -0.0026022
8 5 3 2 0.0000000
8 5 3 3 0.0136078
8 5 4 0 -0.0006258
8 5 4 1 0.0012502
8 5 4 2 -0.0000000
8 5 4 3 -0.0026721
8 5 4 4 0.0091246
8 5 5 0 0.0000000
8 5 5 1 0.0000000
8 5 5 2 0.0074648
8 5 5 3 -0.0000000
8 5 5 4 0.0000000
8 5 5 5 0.0175678
8 5 6 0 -0.0004228
8 5 6 1 -0.0125975
8 5 6 2 0.0000000
8 5 6 3 -0.0060795
8 5 6 4 0.0001196
8 5 6 5 -0.0000000
8 5 6 6 0.0046322
8 5 7 0 -0.0001245
8 5 7 1 0.0006061
8 5 7 2 0.0000000
8 5 7 3 0.0002803
8 5 7 4 0.0020321
8 5 7 5 0.0000000
8 5 7 6 -0.0003035
8 5 7 7 -0.0021905
8 5 8 0 -0.0000000
8 5 8 1 0.0000000
8 5 8 2 0.0033865
8 5 8 3 0.0000000
8 5 8 4 0.0000000
8 5 8 5 0.0034052
8 5 8 6 0.0000000
8 5 8 7 -0.0000000
8 5 8 8 -0.0175186
8 6 0 0 -0.0000000
8 6 1 0 -0.0000000
8 6 1 1 -0.0000000
8 6 2 0 0.0001512
8 6 2 1 0.0037227
8 6 2 2 -0.0000000
8 6 3 0 -0.0000000
8 6 3 1 -0.0000000
8 6 3 2 -0.0022845
8 6 3 3 -0.0000000
8 6 4 0 0.0000000
8 6 4 1 -0.0000000
8 6 4 2 -0.0045193
8 6 4 3 0.0000000
8 6 4 4 -0.0000000
8 6 5 0 0.0004126
8 6 5 1 0.0049293
8 6 5 2 -0.0000000
8 6 5 3 0.0014980
8 6 5 4 0.0036122
8 6 5 5 -0.0000000
8 6 6 0 -0.0000000
8 6 6 1 0.0000000
8 6 6 2 -0.0038346
8 6 6 3 0.0000000
8 6 6 4 -0.0000000
8 6 6 5 -0.0032230
8 6 6 6 0.0000000
8 6 7 0 0.0000000
8 6 7 1 0.0000000
8 6 7 2 0.0020835
8 6 7 3 -0.0000000
8 6 7 4 -0.0000000
8 6 7 5 0.0004225
8 6 7 6 -0.0000000
8 6 7 7 0.0000000
8 6 8 0 -0.0002017
8 6 8 1 0.0257833
8 6 8 2 -0.0000000
8 6 8 3 0.0173462
8 6 8 4 -0.0002908
8 6 8 5 0.0000000
8 6 8 6 0.0416773
8 6 8 7 -0.0010727
8 6 8 8 0.0000000
8 7 0 0 0.0000000
8 7 1 0 0.0000000
8 7 1 1 0.0000000
8 7 2 0 0.0001996
8 7 2 1 0.0010998
8 7 2 2 -0.0000000
8 7 3 0 0.0000000
8 7 3 1 -0.0000000
8 7 3 2 -0.0010755
8 7 3 3 0.0000000
8 7 4 0 0.0000000
8 7 4 1 -0.0000000
8 7 4 2 -0.0004725
8 7 4 3 -0.0000000
8 7 4 4 -0.0000000
8 7 5 0 0.0003983
8 7 5 1 0.0016105
8 7 5 2 -0.0000000
8 7 5 3 -0.0002933
8 7 5 4 0.0009578
8 7 5 5 -0.0000000
8 7 6 0 -0.0000000
8 7 6 1 -0.0000000
8 7 6 2 -0.0005182
8 7 6 3 0.0000000
8 7 6 4 -0.0000000
8 7 6 5 -0.0007371
8 7 6 6 0.0000000
8 7 7 0 -0.0000000
8 7 7 1 -0.0000000
8 7 7 2 -0.0010908
8 7 7 3 0.0000000
8 7 7 4 -0.0000000
8 7 7 5 -0.0011599
8 7 7 6 0.0000000
8 7 7 7 -0.0000000
8 7 8 0 -0.0000280
8 7 8 1 -0.0007370
8 7 8 2 0.0000000
8 7 8 3 0.0012075
8 7 8 4 -0.0003280
8 7 8 5 -0.0000000
8 7 8 6 -0.0010727
8 7 8 7 0.0210482
8 7 8 8 -0.0000000
8 8 0 0 0.3244157
8 8 1 0 0.0029868
8 8 1 1 0.4388279
8 8 2 0 -0.0000000
8 8 2 1 -0.0000000
8 8 2 2 0.2655369
8 8 3 0 0.0038413
8 8 3 1 0.0882498
8 8 3 2 -0.0000000
8 8 3 3 0.3232967
8 8 4 0 -0.0041346
8 8 4 1 0.0025122
8 8 4 2 -0.0000000
8 8 4 3 -0.0069409
8 8 4 4 0.2380171
8 8 5 0 -0.0000000
8 8 5 1 0.0000000
8 8 5 2 0.0446880
8 8 5 3 0.0000000
8 8 5 4 0.0000000
8 8 5 5 0.2898252
8 8 6 0 -0.0059112
8 8 6 1 0.0971663
8 8 6 2 -0.0000000
8 8 6 3 0.0875458
8 8 6 4 0.0002208
8 8 6 5 0.0000000
8 8 6 6 0.5348945
8 8 7 0 -0.0013684
8 8 7 1 -0.0047109
8 8 7 2 0.0000000
8 8 7 3 0.0325762
8 8 7 4 0.0038928
8 8 7 5 -0.0000000
8 8 7 6 -0.0081515
8 8 7 7 0.4670422
8 8 8 0 -0.0000000
8 8 8 1 -0.0000000
8 8 8 2 -0.0294924
8 8 8 3 0.0000000
8 8 8 4 -0.0000000
8 8 8 5 -0.0175186
8 8 8 6 0.0000000
8 8 8 7 -0.0000000
8 8 8 8 0.6728327
9 0 0 0 0.0027895
9 0 1 0 -0.0001220
9 0 1 1 0.0004624
9 0 2 0 0.0000000
9 0 2 1 -0.0000000
9 0 2 2 0.0003375
9 0 3 0 0.0000546
9 0 3 1 -0.0001897
9 0 3 2 0.0000000
9 0 3 3 0.0004732
9 0 4 0 -0.0002066
9 0 4 1 0.0000696
9 0 4 2 -0.0000000
9 0 4 3 -0.0001406
9 0 4 4 0.0003353
9 0 5 0 -0.0000000
9 0 5 1 -0.0000000
9 0 5 2 0.0002277
9 0 5 3 -0.0000000
9 0 5 4 0.0000000
9 0 5 5 0.0005818
9 0 6 0 0.0000906
9 0 6 1 -0.0004761
9 0 6 2 0.0000000
9 0 6 3 -0.0002284
9 0 6 4 0.0000124
9 0 6 5 -0.0000000
9 0 6 6 0.0001379
9 0 7 0 -0.0001214
9 0 7 1 -0.0000157
9 0 7 2 -0.0000000
9 0 7 3 0.0000169
9 0 7 4 0.0000853
9 0 7 5 0.0000000
9 0 7 6 0.0000201
9 0 7 7 -0.0000577
9 0 8 0 0.0000000
9 0 8 1 0.0000000
9 0 8 2 0.0000720
9 0 8 3 0.0000000
9 0 8 4 0.0000000
9 0 8 5 0.0000694
9 0 8 6 -0.0000000
9 0 8 7 0.0000000
9 0 8 8 -0.0004525
9 0 9 0 0.0000067
9 0 9 1 -0.0000510
9 0 9 2 0.0000000
9 0 9 3 -0.0000641
9 0 9 4 -0.0000079
9 0 9 5 -0.0000000
9 0 9 6 -0.0002076
9 0 9 7 -0.0000201
9 0 9 8 -0.0000000
9 0 9 9 -0.0031115
9 1 0 0 0.0045856
9 1 1 0 0.0001257
9 1 1 1 0.0023161
9 1 2 0 -0.0000000
9 1 2 1 0.0000000
9 1 2 2 0.0025215
9 1 3 0 -0.0000322
9 1 3 1 -0.0018603
9 1 3 2 0.0000000
9 1 3 3 0.0021788
9 1 4 0 -0.0001028
9 1 4 1 0.0001911
9 1 4 2 -0.0000000
9 1 4 3 -0.0005193
9 1 4 4 0.0021608
9 1 5 0 -0.0000000
9 1 5 1 -0.0000000
9 1 5 2 0.0010473
9 1 5 3 -0.0000000
9 1 5 4 0.0000000
9 1 5 5 0.0033819
9 1 6 0 -0.0000898
9 1 6 1 -0.0043221
9 1 6 2 0.0000000
9 1 6 3 -0.0022427
9 1 6 4 -0.0000076
9 1 6 5 -0.0000000
9 1 6 6 -0.0021489
9 1 7 0 -0.0000892
9 1 7 1 0.0002139
9 1 7 2 -0.0000000
9 1 7 3 0.0003285
9 1 7 4 0.0002316
9 1 7 5 0.0000000
9 1 7 6 0.0006856
9 1 7 7 0.0002664
9 1 8 0 0.0000000
9 1 8 1 0.0000000
9 1 8 2 0.0004553
9 1 8 3 0.0000000
9 1 8 4 0.0000000
9 1 8 5 0.0004427
9 1 8 6 0.0000000
9 1 8 7 -0.0000000
9 1 8 8 -0.0013772
9 1 9 0 -0.0000510
9 1 9 1 0.0041441
9 1 9 2 -0.0000000
9 1 9 3 0.0030708
9 1 9 4 0.0001803
9 1 9 5 0.0000000
9 1 9 6 0.0093026
9 1 9 7 -0.0007801
9 1 9 8 -0.0000000
9 1 9 9 0.0408030
9 2 0 0 -0.0000000
9 2 1 0 -0.0000000
9 2 1 1 -0.0000000
9 2 2 0 0.0000370
9 2 2 1 0.0002392
9 2 2 2 -0.0000000
9 2 3 0 0.0000000
9 2 3 1 0.0000000
9 2 3 2 -0.0000211
9 2 3 3 -0.0000000
9 2 4 0 0.0000000
9 2 4 1 -0.0000000
9 2 4 2 -0.0000088
9 2 4 3 0.0000000
9 2 4 4 -0.0000000
9 2 5 0 0.0000738
9 2 5 1 0.0003758
9 2 5 2 -0.0000000
9 2 5 3 -0.0000475
9 2 5 4 0.0000224
9 2 5 5 -0.0000000
9 2 6 0 0.0000000
9 2 6 1 0.0000000
9 2 6 2 -0.0002371
9 2 6 3 0.0000000
9 2 6 4 -0.0000000
9 2 6 5 -0.0002757
9 2 6 6 0.0000000
9 2 7 0 0.0000000
9 2 7 1 -0.0000000
9 2 7 2 0.0000255
9 2 7 3 -0.0000000
9 2 7 4 -0.0000000
9 2 7 5 0.0000378
9 2 7 6 -0.0000000
9 2 7 7 -0.0000000
9 2 8 0 0.0000011
9 2 8 1 0.0005439
9 2 8 2 -0.0000000
9 2 8 3 0.0003322
9 2 8 4 0.0000014
9 2 8 5 0.0000000
9 2 8 6 0.0007518
9 2 8 7 -0.0000536
9 2 8 8 0.0000000
9 2 9 0 0.0000000
9 2 9 1 -0.0000000
9 2 9 2 0.0002037
9 2 9 3 -0.0000000
9 2 9 4 -0.0000000
9 2 9 5 0.0001721
9 2 9 6 -0.0000000
9 2 9 7 0.0000000
9 2 9 8 -0.0016601
9 2 9 9 -0.0000000
9 3 0 0 0.0007042
9 3 1 0 -0.0000368
9 3 1 1 -0.0002762
9 3 2 0 0.0000000
9 3 2 1 0.0000000
9 3 2 2 0.0008516
9 3 3 0 0.0000605
9 3 3 1 -0.0003514
9 3 3 2 0.0000000
9 3 3 3 0.0001751
9 3 4 0 0.0000051
9 3 4 1 -0.0000776
9 3 4 2 0.0000000
9 3 4 3 0.0000873
9 3 4 4 0.0007873
9 3 5 0 -0.0000000
9 3 5 1 -0.0000000
9 3 5 2 -0.0000126
9 3 5 3 -0.0000000
9 3 5 4 0.0000000
9 3 5 5 0.0007248
9 3 6 0 -0.0000014
9 3 6 1 -0.0012354
9 3 6 2 0.0000000
9 3 6 3 -0.0010565
9 3 6 4 -0.0000011
9 3 6 5 -0.0000000
9 3 6 6 -0.0012032
9 3 7 0 0.0000417
9 3 7 1 0.0000005
9 3 7 2 0.0000000
9 3 7 3 -0.0000628
9 3 7 4 0.0000562
9 3 7 5 -0.0000000
9 3 7 6 -0.0002549
9 3 7 7 0.0012814
9 3 8 0 -0.0000000
9 3 8 1 -0.0000000
9 3 8 2 -0.0000534
9 3 8 3 -0.0000000
9 3 8 4 -0.0000000
9 3 8 5 -0.0000602
9 3 8 6 0.0000000
9 3 8 7 0.0000000
9 3 8 8 0.0013551
9 3 9 0 -0.0000641
9 3 9 1 0.0030708
9 3 9 2 -0.0000000
9 3 9 3 0.0025798
9 3 9 4 0.0001489
9 3 9 5 0.0000000
9 3 9 6 0.0075722
9 3 9 7 0.0005951
9 3 9 8 0.0000000
9 3 9 9 0.0451839
9 4 0 0 -0.0008073
9 4 1 0 0.0000517
9 4 1 1 -0.0000520
9 4 2 0 -0.0000000
9 4 2 1 -0.0000000
9 4 2 2 -0.0001744
9 4 3 0 -0.0000218
9 4 3 1 0.0000632
9 4 3 2 -0.0000000
9 4 3 3 -0.0001680
9 4 4 0 0.0000136
9 4 4 1 0.0000013
9 4 4 2 0.0000000
9 4 4 3 0.0001017
9 4 4 4 -0.0002026
9 4 5 0 -0.0000000
9 4 5 1 0.0000000
9 4 5 2 -0.0001318
9 4 5 3 0.0000000
9 4 5 4 -0.0000000
9 4 5 5 -0.0002113
9 4 6 0 -0.0000394
9 4 6 1 0.0002879
9 4 6 2 -0.0000000
9 4 6 3 0.0002641
9 4 6 4 -0.0000479
9 4 6 5 0.0000000
9 4 6 6 0.0002172
9 4 7 0 -0.0000203
9 4 7 1 0.0000006
9 4 7 2 0.0000000
9 4 7 3 0.0000973
9 4 7 4 -0.0001495
9 4 7 5 0.0000000
9 4 7 6 0.0000748
9 4 7 7 0.0001955
9 4 8 0 -0.0000000
9 4 8 1 -0.0000000
9 4 8 2 -0.0000940
9 4 8 3 0.0000000
9 4 8 4 -0.0000000
9 4 8 5 -0.0000765
9 4 8 6 0.0000000
9 4 8 7 -0.0000000
9 4 8 8 0.0006234
9 4 9 0 -0.0000079
9 4 9 1 0.0001803
9 4 9 2 -0.0000000
9 4 9 3 0.0001489
9 4 9 4 0.0000241
9 4 9 5 0.0000000
9 4 9 6 0.0005446
9 4 9 7 -0.0002001
9 4 9 8 -0.0000000
9 4 9 9 0.0069099
9 5 0 0 -0.0000000
9 5 1 0 0.0000000
9 5 1 1 -0.0000000
9 5 2 0 0.0000724
9 5 2 1 0.0004500
9 5 2 2 -0.0000000
9 5 3 0 -0.0000000
9 5 3 1 -0.0000000
9 5 3 2 -0.0002381
9 5 3 3 -0.0000000
9 5 4 0 0.0000000
9 5 4 1 -0.0000000
9 5 4 2 -0.0002643
9 5 4 3 0.0000000
9 5 4 4 -0.0000000
9 5 5 0 0.0001571
9 5 5 1 0.0006330
9 5 5 2 -0.0000000
9 5 5 3 -0.0000266
9 5 5 4 0.0003458
9 5 5 5 -0.0000000
9 5 6 0 -0.0000000
9 5 6 1 -0.0000000
9 5 6 2 -0.0002909
9 5 6 3 -0.0000000
9 5 6 4 -0.0000000
9 5 6 5 -0.0004531
9 5 6 6 -0.0000000
9 5 7 0 -0.0000000
9 5 7 1 0.0000000
9 5 7 2 0.0001831
9 5 7 3 0.0000000
9 5 7 4 -0.0000000
9 5 7 5 0.0000158
9 5 7 6 0.0000000
9 5 7 7 0.0000000
9 5 8 0 0.0000036
9 5 8 1 0.0006003
9 5 8 2 -0.0000000
9 5 8 3 0.0003400
9 5 8 4 -0.0000048
9 5 8 5 -0.0000000
9 5 8 6 0.0007051
9 5 8 7 0.0000285
9 5 8 8 0.0000000
9 5 9 0 -0.0000000
9 5 9 1 0.0000000
9 5 9 2 0.0001721
9 5 9 3 0.0000000
9 5 9 4 0.0000000
9 5 9 5 0.0001496
9 5 9 6 0.0000000
9 5 9 7 -0.0000000
9 5 9 8 -0.0013730
9 5 9 9 0.0000000
9 6 0 0 -0.0033022
9 6 1 0 -0.0000895
9 6 1 1 -0.0044170
9 6 2 0 -0.0000000
9 6 2 1 0.0000000
9 6 2 2 -0.0009353
9 6 3 0 -0.0001110
9 6 3 1 -0.0017928
9 6 3 2 0.0000000
9 6 3 3 -0.0026342
9 6 4 0 0.0001270
9 6 4 1 -0.0001684
9 6 4 2 0.0000000
9 6 4 3 0.0002281
9 6 4 4 -0.0008224
9 6 5 0 0.0000000
9 6 5 1 -0.0000000
9 6 5 2 -0.0006904
9 6 5 3 -0.0000000
9 6 5 4 -0.0000000
9 6 5 5 -0.0016842
9 6 6 0 0.0001483
9 6 6 1 -0.0011876
9 6 6 2 0.0000000
9 6 6 3 -0.0011170
9 6 6 4 -0.0000690
9 6 6 5 -0.0000000
9 6 6 6 -0.0049879
9 6 7 0 0.0000215
9 6 7 1 0.0001218
9 6 7 2 -0.0000000
9 6 7 3 0.0004666
9 6 7 4 -0.0003140
9 6 7 5 0.0000000
9 6 7 6 0.0006994
9 6 7 7 0.0033674
9 6 8 0 -0.0000000
9 6 8 1 -0.0000000
9 6 8 2 -0.0008672
9 6 8 3 -0.0000000
9 6 8 4 -0.0000000
9 6 8 5 -0.0008637
9 6 8 6 0.0000000
9 6 8 7 -0.0000000
9 6 8 8 0.0065381
9 6 9 0 -0.0002076
9 6 9 1 0.0093026
9 6 9 2 -0.0000000
9 6 9 3 0.0075722
9 6 9 4 0.0005446
9 6 9 5 0.0000000
9 6 9 6 0.0233208
9 6 9 7 -0.0009197
9 6 9 8 0.0000000
9 6 9 9 0.1528907
9 7 0 0 -0.0009801
9 7 1 0 0.0001038
9 7 1 1 0.0007396
9 7 2 0 -0.0000000
9 7 2 1 -0.0000000
9 7 2 2 -0.0007253
9 7 3 0 -0.0000275
9 7 3 1 -0.0001519
9 7 3 2 0.0000000
9 7 3 3 -0.0004109
9 7 4 0 -0.0000179
9 7 4 1 0.0001314
9 7 4 2 -0.0000000
9 7 4 3 -0.0001264
9 7 4 4 -0.0009207
9 7 5 0 -0.0000000
9 7 5 1 0.0000000
9 7 5 2 0.0003219
9 7 5 3 -0.0000000
9 7 5 4 0.0000000
9 7 5 5 -0.0004340
9 7 6 0 -0.0000590
9 7 6 1 0.0001248
9 7 6 2 -0.0000000
9 7 6 3 0.0001057
9 7 6 4 0.0000408
9 7 6 5 0.0000000
9 7 6 6 -0.0001646
9 7 7 0 -0.0000504
9 7 7 1 -0.0011859
9 7 7 2 0.0000000
9 7 7 3 -0.0006451
9 7 7 4 -0.0001991
9 7 7 5 -0.0000000
9 7 7 6 -0.0020665
9 7 7 7 -0.0001771
9 7 8 0 0.0000000
9 7 8 1 -0.0000000
9 7 8 2 -0.0000013
9 7 8 3 0.0000000
9 7 8 4 -0.0000000
9 7 8 5 0.0001151
9 7 8 6 -0.0000000
9 7 8 7 0.0000000
9 7 8 8 0.0000619
9 7 9 0 -0.0000201
9 7 9 1 -0.0007801
9 7 9 2 0.0000000
9 7 9 3 0.0005951
9 7 9 4 -0.0002001
9 7 9 5 -0.0000000
9 7 9 6 -0.0009197
9 7 9 7 0.0091562
9 7 9 8 -0.0000000
9 7 9 9 -0.0149404
9 8 0 0 0.0000000
9 8 1 0 0.0000000
9 8 1 1 0.0000000
9 8 2 0 0.0000752
9 8 2 1 0.0012510
9 8 2 2 -0.0000000
9 8 3 0 0.0000000
9 8 3 1 -0.0000000
9 8 3 2 -0.0004245
9 8 3 3 0.0000000
9 8 4 0 -0.0000000
9 8 4 1 -0.0000000
9 8 4 2 -0.0010922
9 8 4 3 0.0000000
9 8 4 4 -0.0000000
9 8 5 0 0.0001850
9 8 5 1 0.0011457
9 8 5 2 -0.0000000
9 8 5 3 0.0002595
9 8 5 4 0.0010345
9 8 5 5 0.0000000
9 8 6 0 -0.0000000
9 8 6 1 -0.0000000
9 8 6 2 0.0000814
9 8 6 3 -0.0000000
9 8 6 4 -0.0000000
9 8 6 5 -0.0002949
9 8 6 6 0.0000000
9 8 7 0 0.0000000
9 8 7 1 0.0000000
9 8 7 2 0.0005029
9 8 7 3 -0.0000000
9 8 7 4 0.0000000
9 8 7 5 0.0000339
9 8 7 6 -0.0000000
9 8 7 7 -0.0000000
9 8 8 0 -0.0000000
9 8 8 1 -0.0010289
9 8 8 2 0.0000000
9 8 8 3 -0.0009465
9 8 8 4 -0.0002621
9 8 8 5 -0.0000000
9 8 8 6 -0.0030379
9 8 8 7 0.0004312
9 8 8 8 -0.0000000
9 8 9 0 -0.0000000
9 8 9 1 -0.0000000
9 8 9 2 -0.0016601
9 8 9 3 0.0000000
9 8 9 4 -0.0000000
9 8 9 5 -0.0013730
9 8 9 6 0.0000000
9 8 9 7 -0.0000000
9 8 9 8 0.0145315
9 8 9 9 -0.0000000
9 9 0 0 0.3430181
9 9 1 0 0.0034196
9 9 1 1 0.5199191
9 9 2 0 -0.0000000
9 9 2 1 -0.0000000
9 9 2 2 0.2719408
9 9 3 0 0.0044469
9 9 3 1 0.1352043
9 9 3 2 -0.0000000
9 9 3 3 0.3666964
9 9 4 0 -0.0049469
9 9 4 1 0.0046006
9 9 4 2 -0.0000000
9 9 4 3 -0.0077462
9 9 4 4 0.2415111
9 9 5 0 -0.0000000
9 9 5 1 0.0000000
9 9 5 2 0.0508878
9 9 5 3 0.0000000
9 9 5 4 0.0000000
9 9 5 5 0.3003045
9 9 6 0 -0.0076417
9 9 6 1 0.1934110
9 9 6 2 -0.0000000
9 9 6 3 0.1597127
9 9 6 4 0.0024542
9 9 6 5 0.0000000
9 9 6 6 0.7481629
9 9 7 0 -0.0020462
9 9 7 1 -0.0115181
9 9 7 2 0.0000000
9 9 7 3 0.0478210
9 9 7 4 0.0026440
9 9 7 5 -0.0000000
9 9 7 6 -0.0086293
9 9 7 7 0.6182418
9 9 8 0 -0.0000000
9 9 8 1 -0.0000000
9 9 8 2 -0.0481090
9 9 8 3 0.0000000
9 9 8 4 -0.0000000
9 9 8 5 -0.0313508
9 9 8 6 0.0000000
9 9 8 7 -0.0000000
9 9 8 8 0.8416887
9 9 9 0 -0.0031115
9 9 9 1 0.0408030
9 9 9 2 -0.0000000
9 9 9 3 0.0451839
9 9 9 4 0.0069099
9 9 9 5 0.0000000
9 9 9 6 0.1528907
9 9 9 7 -0.0149404
9 9 9 8 -0.0000000
9 9 9 9 3.4993864
10 0 0 0 0.0247533
10 0 1 0 -0.0011541
10 0 1 1 0.0035278
10 0 2 0 0.0000000
10 0 2 1 -0.0000000
10 0 2 2 0.0001730
10 0 3 0 0.0000118
10 0 3 1 -0.0015609
10 0 3 2 0.0000000
10 0 3 3 0.0018095
10 0 4 0 -0.0031955
10 0 4 1 0.0007057
10 0 4 2 -0.0000000
10 0 4 3 -0.0009792
10 0 4 4 -0.0000097
10 0 5 0 -0.0000000
10 0 5 1 0.0000000
10 0 5 2 0.0009257
10 0 5 3 -0.0000000
10 0 5 4 0.0000000
10 0 5 5 0.0017808
10 0 6 0 0.0012571
10 0 6 1 -0.0021339
10 0 6 2 0.0000000
10 0 6 3 0.0004570
10 0 6 4 -0.0000675
10 0 6 5 -0.0000000
10 0 6 6 0.0012507
10 0 7 0 -0.0027184
10 0 7 1 -0.0005658
10 0 7 2 0.0000000
10 0 7 3 0.0002970
10 0 7 4 -0.0006773
10 0 7 5 0.0000000
10 0 7 6 0.0005694
10 0 7 7 -0.0013608
10 0 8 0 0.0000000
10 0 8 1 0.0000000
10 0 8 2 0.0001505
10 0 8 3 -0.0000000
10 0 8 4 0.0000000
10 0 8 5 0.0002072
10 0 8 6 -0.0000000
10 0 8 7 0.0000000
10 0 8 8 -0.0007608
10 0 9 0 0.0000357
10 0 9 1 0.0000592
10 0 9 2 -0.0000000
10 0 9 3 -0.0000034
10 0 9 4 -0.0000000
10 0 9 5 -0.0000000
10 0 9 6 -0.0000275
10 0 9 7 0.0000134
10 0 9 8 0.0000000
10 0 9 9 -0.0010081
10 0 10 0 0.0006750
10 0 10 1 0.0005555
10 0 10 2 -0.0000000
10 0 10 3 -0.0000193
10 0 10 4 0.0001505
10 0 10 5 0.0000000
10 0 10 6 -0.0000055
10 0 10 7 -0.0000525
10 0 10 8 -0.0000000
10 0 10 9 0.0000224
10 0 10 10 -0.0012465
10 1 0 0 0.0349129
10 1 1 0 0.0014639
10 1 1 1 0.0385550
10 1 2 0 -0.0000000
10 1 2 1 -0.0000000
10 1 2 2 0.0146045
10 1 3 0 -0.0007994
10 1 3 1 -0.0028941
10 1 3 2 0.0000000
10 1 3 3 0.0248327
10 1 4 0 -0.0009158
10 1 4 1 0.0022909
10 1 4 2 0.0000000
10 1 4 3 -0.0055892
10 1 4 4 0.0127128
10 1 5 0 -0.0000000
10 1 5 1 0.0000000
10 1 5 2 0.0090933
10 1 5 3 -0.0000000
10 1 5 4 -0.0000000
10 1 5 5 0.0234307
10 1 6 0 -0.0009056
10 1 6 1 -0.0109099
10 1 6 2 0.0000000
10 1 6 3 0.0007324
10 1 6 4 0.0008544
10 1 6 5 0.0000000
10 1 6 6 0.0216058
10 1 7 0 -0.0011145
10 1 7 1 -0.0000596
10 1 7 2 -0.0000000
10 1 7 3 0.0021217
10 1 7 4 0.0016788
10 1 7 5 0.0000000
10 1 7 6 0.0051490
10 1 7 7 0.0017081
10 1 8 0 0.0000000
10 1 8 1 0.0000000
10 1 8 2 0.0036017
10 1 8 3 -0.0000000
10 1 8 4 0.0000000
10 1 8 5 0.0044079
10 1 8 6 -0.0000000
10 1 8 7 -0.0000000
10 1 8 8 -0.0061955
10 1 9 0 0.0001224
10 1 9 1 0.0001476
10 1 9 2 -0.0000000
10 1 9 3 -0.0007927
10 1 9 4 -0.0001936
10 1 9 5 -0.0000000
10 1 9 6 -0.0037388
10 1 9 7 0.0002443
10 1 9 8 0.0000000
10 1 9 9 -0.0316498
10 1 10 0 0.0005555
10 1 10 1 0.0206745
10 1 10 2 -0.0000000
10 1 10 3 0.0098476
10 1 10 4 -0.0007663
10 1 10 5 0.0000000
10 1 10 6 0.0235782
10 1 10 7 0.0003044
10 1 10 8 -0.0000000
10 1 10 9 -0.0005074
10 1 10 10 -0.0461068
10 2 0 0 -0.0000000
10 2 1 0 -0.0000000
10 2 1 1 -0.0000000
10 2 2 0 -0.0007566
10 2 2 1 -0.0044170
10 2 2 2 -0.0000000
10 2 3 0 0.0000000
10 2 3 1 0.0000000
10 2 3 2 0.0065373
10 2 3 3 -0.0000000
10 2 4 0 0.0000000
10 2 4 1 0.0000000
10 2 4 2 0.0098179
10 2 4 3 0.0000000
10 2 4 4 -0.0000000
10 2 5 0 -0.0018396
10 2 5 1 -0.0021311
10 2 5 2 -0.0000000
10 2 5 3 -0.0022059
10 2 5 4 -0.0111853
10 2 5 5 -0.0000000
10 2 6 0 0.0000000
10 2 6 1 0.0000000
10 2 6 2 0.0010136
10 2 6 3 -0.0000000
10 2 6 4 0.0000000
10 2 6 5 0.0029063
10 2 6 6 -0.0000000
10 2 7 0 0.0000000
10 2 7 1 -0.0000000
10 2 7 2 -0.0074171
10 2 7 3 -0.0000000
10 2 7 4 -0.0000000
10 2 7 5 -0.0009615
10 2 7 6 -0.0000000
10 2 7 7 0.0000000
10 2 8 0 0.0000209
10 2 8 1 -0.0019044
10 2 8 2 -0.0000000
10 2 8 3 -0.0012741
10 2 8 4 0.0002445
10 2 8 5 -0.0000000
10 2 8 6 -0.0033933
10 2 8 7 -0.0001670
10 2 8 8 0.0000000
10 2 9 0 -0.0000000
10 2 9 1 -0.0000000
10 2 9 2 -0.0000529
10 2 9 3 0.0000000
10 2 9 4 0.0000000
10 2 9 5 -0.0000752
10 2 9 6 0.0000000
10 2 9 7 -0.0000000
10 2 9 8 0.0000969
10 2 9 9 0.0000000
10 2 10 0 -0.0000000
10 2 10 1 -0.0000000
10 2 10 2 0.0028088
10 2 10 3 -0.0000000
10 2 10 4 0.0000000
10 2 10 5 0.0010551
10 2 10 6 -0.0000000
10 2 10 7 0.0000000
10 2 10 8 -0.0113306
10 2 10 9 0.0000000
10 2 10 10 0.0000000
10 3 0 0 0.0024954
10 3 1 0 -0.0003432
10 3 1 1 0.0069752
10 3 2 0 0.0000000
10 3 2 1 0.0000000
10 3 2 2 0.0097908
10 3 3 0 -0.0006662
10 3 3 1 0.0013966
10 3 3 2 -0.0000000
10 3 3 3 0.0079772
10 3 4 0 0.0006026
10 3 4 1 -0.0008751
10 3 4 2 -0.0000000
10 3 4 3 -0.0010409
10 3 4 4 0.0109080
10 3 5 0 0.0000000
10 3 5 1 0.0000000
10 3 5 2 -0.0018015
10 3 5 3 0.0000000
10 3 5 4 0.0000000
10 3 5 5 0.0075770
10 3 6 0 0.0008140
10 3 6 1 0.0027069
10 3 6 2 -0.0000000
10 3 6 3 0.0005068
10 3 6 4 0.0016835
10 3 6 5 -0.0000000
10 3 6 6 0.0066192
10 3 7 0 0.0001670
10 3 7 1 0.0021944
10 3 7 2 -0.0000000
10 3 7 3 -0.0035411
10 3 7 4 0.0006478
10 3 7 5 0.0000000
10 3 7 6 0.0059638
10 3 7 7 0.0018341
10 3 8 0 0.0000000
10 3 8 1 0.0000000
10 3 8 2 0.0010888
10 3 8 3 0.0000000
10 3 8 4 0.0000000
10 3 8 5 0.0012706
10 3 8 6 -0.0000000
10 3 8 7 0.0000000
10 3 8 8 -0.0001728
10 3 9 0 0.0000325
10 3 9 1 -0.0003215
10 3 9 2 0.0000000
10 3 9 3 -0.0005562
10 3 9 4 -0.0000988
10 3 9 5 -0.0000000
10 3 9 6 -0.0022403
10 3 9 7 -0.0001097
10 3 9 8 0.0000000
10 3 9 9 -0.0122357
10 3 10 0 -0.0000193
10 3 10 1 0.0098476
10 3 10 2 -0.0000000
10 3 10 3 0.0078983
10 3 10 4 -0.0004206
10 3 10 5 0.0000000
10 3 10 6 0.0144647
10 3 10 7 0.0081351
10 3 10 8 0.0000000
10 3 10 9 -0.0007819
10 3 10 10 -0.0194190
10 4 0 0 -0.0299261
10 4 1 0 0.0017264
10 4 1 1 -0.0065939
10 4 2 0 -0.0000000
10 4 2 1 0.0000000
10 4 2 2 -0.0027113
10 4 3 0 -0.0005062
10 4 3 1 0.0000484
10 4 3 2 -0.0000000
10 4 3 3 -0.0096056
10 4 4 0 0.0001546
10 4 4 1 -0.0012826
10 4 4 2 0.0000000
10 4 4 3 0.0055471
10 4 4 4 -0.0037846
10 4 5 0 -0.0000000
10 4 5 1 -0.0000000
10 4 5 2 -0.0075641
10 4 5 3 0.0000000
10 4 5 4 -0.0000000
10 4 5 5 -0.0067465
10 4 6 0 -0.0013744
10 4 6 1 0.0034638
10 4 6 2 0.0000000
10 4 6 3 0.0042354
10 4 6 4 -0.0017233
10 4 6 5 -0.0000000
10 4 6 6 -0.0073546
10 4 7 0 -0.0009375
10 4 7 1 -0.0000413
10 4 7 2 -0.0000000
10 4 7 3 0.0001710
10 4 7 4 -0.0063893
10 4 7 5 -0.0000000
10 4 7 6 0.0000566
10 4 7 7 -0.0082289
10 4 8 0 -0.0000000
10 4 8 1 -0.0000000
10 4 8 2 -0.0003585
10 4 8 3 -0.0000000
10 4 8 4 0.0000000
10 4 8 5 -0.0005934
10 4 8 6 -0.0000000
10 4 8 7 -0.0000000
10 4 8 8 -0.0003411
10 4 9 0 -0.0000207
10 4 9 1 -0.0001068
10 4 9 2 0.0000000
10 4 9 3 -0.0000346
10 4 9 4 0.0000377
10 4 9 5 0.0000000
10 4 9 6 0.0000386
10 4 9 7 0.0000435
10 4 9 8 -0.0000000
10 4 9 9 0.0000149
10 4 10 0 0.0001505
10 4 10 1 -0.0007663
10 4 10 2 0.0000000
10 4 10 3 -0.0004206
10 4 10 4 0.0014884
10 4 10 5 -0.0000000
10 4 10 6 -0.0007574
10 4 10 7 0.0009961
10 4 10 8 -0.0000000
10 4 10 9 0.0000346
10 4 10 10 0.0001432
10 5 0 0 0.0000000
10 5 1 0 0.0000000
10 5 1 1 0.0000000
10 5 2 0 -0.0004880
10 5 2 1 0.0006968
10 5 2 2 0.0000000
10 5 3 0 0.0000000
10 5 3 1 0.0000000
10 5 3 2 -0.0016120
10 5 3 3 0.0000000
10 5 4 0 -0.0000000
10 5 4 1 -0.0000000
10 5 4 2 -0.0040773
10 5 4 3 0.0000000
10 5 4 4 0.0000000
10 5 5 0 -0.0007262
10 5 5 1 0.0005250
10 5 5 2 0.0000000
10 5 5 3 0.0005839
10 5 5 4 0.0021987
10 5 5 5 0.0000000
10 5 6 0 -0.0000000
10 5 6 1 0.0000000
10 5 6 2 0.0005306
10 5 6 3 0.0000000
10 5 6 4 -0.0000000
10 5 6 5 -0.0002501
10 5 6 6 0.0000000
10 5 7 0 0.0000000
10 5 7 1 0.0000000
10 5 7 2 -0.0005243
10 5 7 3 0.0000000
10 5 7 4 0.0000000
10 5 7 5 -0.0023557
10 5 7 6 0.0000000
10 5 7 7 0.0000000
10 5 8 0 0.0000294
10 5 8 1 -0.0000030
10 5 8 2 0.0000000
10 5 8 3 -0.0004894
10 5 8 4 -0.0001514
10 5 8 5 0.0000000
10 5 8 6 -0.0018048
10 5 8 7 0.0002757
10 5 8 8 0.0000000
10 5 9 0 0.0000000
10 5 9 1 -0.0000000
10 5 9 2 -0.0000303
10 5 9 3 -0.0000000
10 5 9 4 -0.0000000
10 5 9 5 -0.0000008
10 5 9 6 -0.0000000
10 5 9 7 0.0000000
10 5 9 8 0.0002050
10 5 9 9 -0.0000000
10 5 10 0 0.0000000
10 5 10 1 0.0000000
10 5 10 2 0.0010551
10 5 10 3 0.0000000
10 5 10 4 -0.0000000
10 5 10 5 0.0013865
10 5 10 6 0.0000000
10 5 10 7 0.0000000
10 5 10 8 -0.0080276
10 5 10 9 -0.0000000
10 5 10 10 -0.0000000
10 6 0 0 0.0218492
10 6 1 0 -0.0001630
10 6 1 1 0.0294019
10 6 2 0 0.0000000
10 6 2 1 -0.0000000
10 6 2 2 0.0136493
10 6 3 0 0.0018771
10 6 3 1 0.0111713
10 6 3 2 -0.0000000
10 6 3 3 0.0173052
10 6 4 0 -0.0007651
10 6 4 1 0.0000137
10 6 4 2 0.0000000
10 6 4 3 0.0021097
10 6 4 4 0.0097266
10 6 5 0 -0.0000000
10 6 5 1 0.0000000
10 6 5 2 0.0046129
10 6 5 3 0.0000000
10 6 5 4 -0.0000000
10 6 5 5 0.0162537
10 6 6 0 -0.0012638
10 6 6 1 0.0028780
10 6 6 2 -0.0000000
10 6 6 3 0.0037861
10 6 6 4 -0.0013285
10 6 6 5 0.0000000
10 6 6 6 0.0319982
10 6 7 0 0.0004999
10 6 7 1 0.0045494
10 6 7 2 -0.0000000
10 6 7 3 0.0049720
10 6 7 4 0.0010214
10 6 7 5 0.0000000
10 6 7 6 0.0006081
10 6 7 7 0.0146288
10 6 8 0 0.0000000
10 6 8 1 0.0000000
10 6 8 2 0.0018109
10 6 8 3 0.0000000
10 6 8 4 0.0000000
10 6 8 5 0.0027176
10 6 8 6 -0.0000000
10 6 8 7 -0.0000000
10 6 8 8 0.0159425
10 6 9 0 0.0000904
10 6 9 1 -0.0012906
10 6 9 2 0.0000000
10 6 9 3 -0.0016550
10 6 9 4 -0.0002392
10 6 9 5 -0.0000000
10 6 9 6 -0.0063979
10 6 9 7 0.0000015
10 6 9 8 -0.0000000
10 6 9 9 -0.0197378
10 6 10 0 -0.0000055
10 6 10 1 0.0235782
10 6 10 2 -0.0000000
10 6 10 3 0.0144647
10 6 10 4 -0.0007574
10 6 10 5 0.0000000
10 6 10 6 0.0372273
10 6 10 7 0.0084236
10 6 10 8 0.0000000
10 6 10 9 -0.0015616
10 6 10 10 -0.0397818
10 7 0 0 -0.0552358
10 7 1 0 0.0031995
10 7 1 1 0.0049655
10 7 2 0 -0.0000000
10 7 2 1 -0.0000000
10 7 2 2 -0.0317116
10 7 3 0 -0.0014232
10 7 3 1 0.0069680
10 7 3 2 -0.0000000
10 7 3 3 -0.0215601
10 7 4 0 -0.0004800
10 7 4 1 0.0000419
10 7 4 2 0.0000000
10 7 4 3 0.0002997
10 7 4 4 -0.0349105
10 7 5 0 -0.0000000
10 7 5 1 0.0000000
10 7 5 2 0.0002171
10 7 5 3 0.0000000
10 7 5 4 -0.0000000
10 7 5 5 -0.0286926
10 7 6 0 -0.0021611
10 7 6 1 0.0199007
10 7 6 2 -0.0000000
10 7 6 3 0.0232724
10 7 6 4 -0.0010673
10 7 6 5 0.0000000
10 7 6 6 0.0095984
10 7 7 0 -0.0024794
10 7 7 1 0.0049829
10 7 7 2 -0.0000000
10 7 7 3 0.0112088
10 7 7 4 -0.0072907
10 7 7 5 0.0000000
10 7 7 6 0.0256723
10 7 7 7 -0.0054843
10 7 8 0 -0.0000000
10 7 8 1 -0.0000000
10 7 8 2 -0.0044550
10 7 8 3 0.0000000
10 7 8 4 -0.0000000
10 7 8 5 -0.0020489
10 7 8 6 0.0000000
10 7 8 7 -0.0000000
10 7 8 8 0.0340599
10 7 9 0 -0.0000887
10 7 9 1 0.0001402
10 7 9 2 -0.0000000
10 7 9 3 -0.0000512
10 7 9 4 0.0001874
10 7 9 5 0.0000000
10 7 9 6 0.0013618
10 7 9 7 -0.0002962
10 7 9 8 -0.0000000
10 7 9 9 0.0632170
10 7 10 0 -0.0000525
10 7 10 1 0.0003044
10 7 10 2 0.0000000
10 7 10 3 0.0081351
10 7 10 4 0.0009961
10 7 10 5 0.0000000
10 7 10 6 0.0084236
10 7 10 7 0.0750982
10 7 10 8 -0.0000000
10 7 10 9 -0.0038249
10 7 10 10 0.0676331
10 8 0 0 0.0000000
10 8 1 0 0.0000000
10 8 1 1 0.0000000
10 8 2 0 0.0007355
10 8 2 1 0.0087851
10 8 2 2 -0.0000000
10 8 3 0 0.0000000
10 8 3 1 -0.0000000
10 8 3 2 -0.0043632
10 8 3 3 0.0000000
10 8 4 0 -0.0000000
10 8 4 1 -0.0000000
10 8 4 2 -0.0079561
10 8 4 3 0.0000000
10 8 4 4 -0.0000000
10 8 5 0 0.0016583
10 8 5 1 0.0102261
10 8 5 2 -0.0000000
10 8 5 3 0.0016196
10 8 5 4 0.0073829
10 8 5 5 -0.0000000
10 8 6 0 -0.0000000
10 8 6 1 -0.0000000
10 8 6 2 -0.0053313
10 8 6 3 -0.0000000
10 8 6 4 -0.0000000
10 8 6 5 -0.0063549
10 8 6 6 0.0000000
10 8 7 0 0.0000000
10 8 7 1 0.0000000
10 8 7 2 0.0040198
10 8 7 3 -0.0000000
10 8 7 4 0.0000000
10 8 7 5 0.0008313
10 8 7 6 -0.0000000
10 8 7 7 0.0000000
10 8 8 0 -0.0004311
10 8 8 1 0.0197369
10 8 8 2 -0.0000000
10 8 8 3 0.0145179
10 8 8 4 -0.0003038
10 8 8 5 0.0000000
10 8 8 6 0.0392974
10 8 8 7 0.0012063
10 8 8 8 -0.0000000
10 8 9 0 0.0000000
10 8 9 1 0.0000000
10 8 9 2 0.0006163
10 8 9 3 -0.0000000
10 8 9 4 0.0000000
10 8 9 5 0.0006098
10 8 9 6 -0.0000000
10 8 9 7 -0.0000000
10 8 9 8 0.0000316
10 8 9 9 0.0000000
10 8 10 0 -0.0000000
10 8 10 1 -0.0000000
10 8 10 2 -0.0113306
10 8 10 3 0.0000000
10 8 10 4 -0.0000000
10 8 10 5 -0.0080276
10 8 10 6 0.0000000
10 8 10 7 -0.0000000
10 8 10 8 0.1090359
10 8 10 9 0.0000000
10 8 10 10 0.0000000
10 9 0 0 -0.0124984
10 9 1 0 -0.0001773
10 9 1 1 -0.0263197
10 9 2 0 -0.0000000
10 9 2 1 0.0000000
10 9 2 2 -0.0079819
10 9 3 0 -0.0003516
10 9 3 1 -0.0115340
10 9 3 2 0.0000000
10 9 3 3 -0.0158835
10 9 4 0 0.0003282
10 9 4 1 -0.0003871
10 9 4 2 0.0000000
10 9 4 3 0.0001947
10 9 4 4 -0.0062069
10 9 5 0 0.0000000
10 9 5 1 -0.0000000
10 9 5 2 -0.0029576
10 9 5 3 -0.0000000
10 9 5 4 -0.0000000
10 9 5 5 -0.0097070
10 9 6 0 0.0005958
10 9 6 1 -0.0179440
10 9 6 2 0.0000000
10 9 6 3 -0.0141290
10 9 6 4 -0.0003739
10 9 6 5 -0.0000000
10 9 6 6 -0.0502798
10 9 7 0 0.0001095
10 9 7 1 0.0010221
10 9 7 2 -0.0000000
10 9 7 3 -0.0031562
10 9 7 4 -0.0000821
10 9 7 5 0.0000000
10 9 7 6 0.0010469
10 9 7 7 -0.0335518
10 9 8 0 0.0000000
10 9 8 1 0.0000000
10 9 8 2 0.0038900
10 9 8 3 -0.0000000
10 9 8 4 0.0000000
10 9 8 5 0.0025547
10 9 8 6 -0.0000000
10 9 8 7 0.0000000
10 9 8 8 -0.0496115
10 9 9 0 0.0003109
10 9 9 1 -0.0068105
10 9 9 2 0.0000000
10 9 9 3 -0.0061096
10 9 9 4 -0.0007469
10 9 9 5 -0.0000000
10 9 9 6 -0.0202007
10 9 9 7 0.0036630
10 9 9 8 0.0000000
10 9 9 9 -0.3648283
10 9 10 0 0.0000224
10 9 10 1 -0.0005074
10 9 10 2 0.0000000
10 9 10 3 -0.0007819
10 9 10 4 0.0000346
10 9 10 5 -0.0000000
10 9 10 6 -0.0015616
10 9 10 7 -0.0038249
10 9 10 8 0.0000000
10 9 10 9 0.0530068
10 9 10 10 -0.0389063
10 10 0 0 0.2902106
10 10 1 0 0.0021550
10 10 1 1 0.3857778
10 10 2 0 -0.0000000
10 10 2 1 -0.0000000
10 10 2 2 0.2369429
10 10 3 0 0.0026045
10 10 3 1 0.0709077
10 10 3 2 -0.0000000
10 10 3 3 0.2892650
10 10 4 0 -0.0031946
10 10 4 1 0.0026745
10 10 4 2 -0.0000000
10 10 4 3 -0.0082804
10 10 4 4 0.2156428
10 10 5 0 -0.0000000
10 10 5 1 0.0000000
10 10 5 2 0.0371922
10 10 5 3 0.0000000
10 10 5 4 0.0000000
10 10 5 5 0.2568892
10 10 6 0 -0.0040429
10 10 6 1 0.0938573
10 10 6 2 -0.0000000
10 10 6 3 0.0819089
10 10 6 4 0.0002157
10 10 6 5 0.0000000
10 10 6 6 0.4811638
10 10 7 0 -0.0014361
10 10 7 1 -0.0024042
10 10 7 2 0.0000000
10 10 7 3 0.0366667
10 10 7 4 0.0037978
10 10 7 5 0.0000000
10 10 7 6 0.0094525
10 10 7 7 0.4644438
10 10 8 0 -0.0000000
10 10 8 1 -0.0000000
10 10 8 2 -0.0308533
10 10 8 3 0.0000000
10 10 8 4 -0.0000000
10 10 8 5 -0.0204045
10 10 8 6 0.0000000
10 10 8 7 -0.0000000
10 10 8 8 0.6110812
10 10 9 0 -0.0005749
10 10 9 1 -0.0006429
10 10 9 2 0.0000000
10 10 9 3 0.0026661
10 10 9 4 0.0010416
10 10 9 5 0.0000000
10 10 9 6 0.0138122
10 10 9 7 -0.0004448
10 10 9 8 -0.0000000
10 10 9 9 0.8412170
10 10 10 0 -0.0012465
10 10 10 1 -0.0461068
10 10 10 2 0.0000000
10 10 10 3 -0.0194190
10 10 10 4 0.0001432
10 10 10 5 -0.0000000
10 10 10 6 -0.0397818
10 10 10 7 0.0676331
10 10 10 8 0.0000000
10 10 10 9 -0.0389063
10 10 10 10 0.7072844
11 0 0 0 -0.0800701
11 0 1 0 0.0038994
11 0 1 1 -0.0098190
11 0 2 0 -0.0000000
11 0 2 1 0.0000000
11 0 2 2 0.0037659
11 0 3 0 0.0006705
11 0 3 1 0.0052250
11 0 3 2 -0.0000000
11 0 3 3 -0.0019711
11 0 4 0 0.0123074
11 0 4 1 -0.0023977
11 0 4 2 0.0000000
11 0 4 3 0.0028246
11 0 4 4 0.0045042
11 0 5 0 -0.0000000
11 0 5 1 -0.0000000
11 0 5 2 -0.0013291
11 0 5 3 -0.0000000
11 0 5 4 -0.0000000
11 0 5 5 -0.0005738
11 0 6 0 -0.0048129
11 0 6 1 0.0044508
11 0 6 2 -0.0000000
11 0 6 3 -0.0046209
11 0 6 4 0.0004818
11 0 6 5 0.0000000
11 0 6 6 -0.0023695
11 0 7 0 0.0111724
11 0 7 1 0.0022250
11 0 7 2 -0.0000000
11 0 7 3 -0.0011959
11 0 7 4 0.0042252
11 0 7 5 -0.0000000
11 0 7 6 -0.0029562
11 0 7 7 0.0067586
11 0 8 0 0.0000000
11 0 8 1 0.0000000
11 0 8 2 0.0000907
11 0 8 3 -0.0000000
11 0 8 4 0.0000000
11 0 8 5 -0.0001810
11 0 8 6 0.0000000
11 0 8 7 0.0000000
11 0 8 8 -0.0007559
11 0 9 0 -0.0001203
11 0 9 1 -0.0001000
11 0 9 2 0.0000000
11 0 9 3 0.0000475
11 0 9 4 -0.0000181
11 0 9 5 0.0000000
11 0 9 6 0.0000523
11 0 9 7 -0.0000496
11 0 9 8 0.0000000
11 0 9 9 -0.0006610
11 0 10 0 -0.0026942
11 0 10 1 -0.0012606
11 0 10 2 0.0000000
11 0 10 3 0.0001821
11 0 10 4 -0.0009549
11 0 10 5 0.0000000
11 0 10 6 0.0005626
11 0 10 7 -0.0020122
11 0 10 8 -0.0000000
11 0 10 9 -0.0000113
11 0 10 10 -0.0004449
11 0 11 0 0.0110697
11 0 11 1 0.0039853
11 0 11 2 -0.0000000
11 0 11 3 -0.0006101
11 0 11 4 0.0042416
11 0 11 5 -0.0000000
11 0 11 6 -0.0028348
11 0 11 7 0.0073608
11 0 11 8 0.0000000
11 0 11 9 0.0000670
11 0 11 10 -0.0011710
11 0 11 11 0.0070801
11 1 0 0 -0.0154936
11 1 1 0 -0.0037372
11 1 1 1 -0.0241273
11 1 2 0 0.0000000
11 1 2 1 0.0000000
11 1 2 2 0.0150446
11 1 3 0 0.0054795
11 1 3 1 0.0261590
11 1 3 2 -0.0000000
11 1 3 3 -0.0074809
11 1 4 0 0.0006965
11 1 4 1 -0.0055217
11 1 4 2 -0.0000000
11 1 4 3 0.0162074
11 1 4 4 0.0113032
11 1 5 0 0.0000000
11 1 5 1 0.0000000
11 1 5 2 -0.0109485
11 1 5 3 0.0000000
11 1 5 4 0.0000000
11 1 5 5 -0.0006520
11 1 6 0 -0.0001078
11 1 6 1 0.0132632
11 1 6 2 -0.0000000
11 1 6 3 -0.0099460
11 1 6 4 -0.0029787
11 1 6 5 -0.0000000
11 1 6 6 0.0050890
11 1 7 0 0.0038302
11 1 7 1 0.0024344
11 1 7 2 0.0000000
11 1 7 3 -0.0071129
11 1 7 4 -0.0003497
11 1 7 5 -0.0000000
11 1 7 6 -0.0288992
11 1 7 7 0.0127845
11 1 8 0 0.0000000
11 1 8 1 0.0000000
11 1 8 2 0.0008576
11 1 8 3 0.0000000
11 1 8 4 -0.0000000
11 1 8 5 -0.0008013
11 1 8 6 0.0000000
11 1 8 7 0.0000000
11 1 8 8 0.0065122
11 1 9 0 -0.0000671
11 1 9 1 -0.0010380
11 1 9 2 0.0000000
11 1 9 3 0.0000899
11 1 9 4 -0.0000652
11 1 9 5 -0.0000000
11 1 9 6 -0.0009426
11 1 9 7 0.0005151
11 1 9 8 0.0000000
11 1 9 9 0.0069682
11 1 10 0 -0.0009904
11 1 10 1 -0.0054612
11 1 10 2 -0.0000000
11 1 10 3 -0.0002369
11 1 10 4 0.0000802
11 1 10 5 0.0000000
11 1 10 6 0.0046472
11 1 10 7 -0.0149339
11 1 10 8 0.0000000
11 1 10 9 -0.0019562
11 1 10 10 -0.0114608
11 1 11 0 0.0039853
11 1 11 1 0.0335290
11 1 11 2 0.0000000
11 1 11 3 0.0096993
11 1 11 4 0.0002058
11 1 11 5 0.0000000
11 1 11 6 0.0011478
11 1 11 7 0.0015226
11 1 11 8 0.0000000
11 1 11 9 -0.0000464
11 1 11 10 0.0083875
11 1 11 11 0.0208916
11 2 0 0 -0.0000000
11 2 1 0 0.0000000
11 2 1 1 0.0000000
11 2 2 0 0.0038727
11 2 2 1 0.0223216
11 2 2 2 -0.0000000
11 2 3 0 -0.0000000
11 2 3 1 -0.0000000
11 2 3 2 -0.0297326
11 2 3 3 0.0000000
11 2 4 0 -0.0000000
11 2 4 1 -0.0000000
11 2 4 2 -0.0443332
11 2 4 3 -0.0000000
11 2 4 4 -0.0000000
11 2 5 0 0.0092471
11 2 5 1 0.0127965
11 2 5 2 -0.0000000
11 2 5 3 0.0092456
11 2 5 4 0.0511237
11 2 5 5 -0.0000000
11 2 6 0 -0.0000000
11 2 6 1 -0.0000000
11 2 6 2 -0.0055834
11 2 6 3 0.0000000
11 2 6 4 -0.0000000
11 2 6 5 -0.0152473
11 2 6 6 0.0000000
11 2 7 0 -0.0000000
11 2 7 1 0.0000000
11 2 7 2 0.0340168
11 2 7 3 0.0000000
11 2 7 4 0.0000000
11 2 7 5 0.0045767
11 2 7 6 0.0000000
11 2 7 7 -0.0000000
11 2 8 0 0.0001557
11 2 8 1 0.0056999
11 2 8 2 -0.0000000
11 2 8 3 0.0021635
11 2 8 4 -0.0015248
11 2 8 5 0.0000000
11 2 8 6 0.0016585
11 2 8 7 0.0020519
11 2 8 8 -0.0000000
11 2 9 0 0.0000000
11 2 9 1 0.0000000
11 2 9 2 0.0000088
11 2 9 3 -0.0000000
11 2 9 4 0.0000000
11 2 9 5 0.0001657
11 2 9 6 0.0000000
11 2 9 7 -0.0000000
11 2 9 8 0.0006802
11 2 9 9 -0.0000000
11 2 10 0 0.0000000
11 2 10 1 -0.0000000
11 2 10 2 -0.0074958
11 2 10 3 0.0000000
11 2 10 4 -0.0000000
11 2 10 5 -0.0004302
11 2 10 6 -0.0000000
11 2 10 7 0.0000000
11 2 10 8 0.0022137
11 2 10 9 0.0000000
11 2 10 10 0.0000000
11 2 11 0 -0.0000000
11 2 11 1 0.0000000
11 2 11 2 0.0357691
11 2 11 3 -0.0000000
11 2 11 4 0.0000000
11 2 11 5 0.0047033
11 2 11 6 -0.0000000
11 2 11 7 -0.0000000
11 2 11 8 0.0024452
11 2 11 9 0.0000000
11 2 11 10 -0.0000000
11 2 11 11 -0.0000000
11 3 0 0 0.0538605
11 3 1 0 0.0021678
11 3 1 1 0.0471169
11 3 2 0 0.0000000
11 3 2 1 -0.0000000
11 3 2 2 -0.0037175
11 3 3 0 0.0051636
11 3 3 1 0.0129774
11 3 3 2 -0.0000000
11 3 3 3 0.0171920
11 3 4 0 -0.0042149
11 3 4 1 0.0048350
11 3 4 2 0.0000000
11 3 4 3 0.0031296
11 3 4 4 -0.0147162
11 3 5 0 -0.0000000
11 3 5 1 0.0000000
11 3 5 2 0.0203359
11 3 5 3 -0.0000000
11 3 5 4 -0.0000000
11 3 5 5 0.0148691
11 3 6 0 -0.0058844
11 3 6 1 -0.0161650
11 3 6 2 0.0000000
11 3 6 3 0.0003705
11 3 6 4 -0.0073161
11 3 6 5 0.0000000
11 3 6 6 0.0401377
11 3 7 0 -0.0006117
11 3 7 1 -0.0049694
11 3 7 2 0.0000000
11 3 7 3 0.0193139
11 3 7 4 0.0013384
11 3 7 5 -0.0000000
11 3 7 6 -0.0235227
11 3 7 7 0.0142777
11 3 8 0 0.0000000
11 3 8 1 0.0000000
11 3 8 2 0.0018903
11 3 8 3 -0.0000000
11 3 8 4 0.0000000
11 3 8 5 0.0029006
11 3 8 6 -0.0000000
11 3 8 7 -0.0000000
11 3 8 8 0.0144640
11 3 9 0 0.0000814
11 3 9 1 0.0001351
11 3 9 2 -0.0000000
11 3 9 3 -0.0001353
11 3 9 4 -0.0000512
11 3 9 5 -0.0000000
11 3 9 6 -0.0014364
11 3 9 7 0.0006509
11 3 9 8 -0.0000000
11 3 9 9 0.0064884
11 3 10 0 0.0003783
11 3 10 1 0.0048280
11 3 10 2 -0.0000000
11 3 10 3 -0.0039806
11 3 10 4 -0.0004109
11 3 10 5 0.0000000
11 3 10 6 0.0075687
11 3 10 7 -0.0067051
11 3 10 8 -0.0000000
11 3 10 9 -0.0006603
11 3 10 10 -0.0034643
11 3 11 0 -0.0006101
11 3 11 1 0.0096993
11 3 11 2 -0.0000000
11 3 11 3 0.0331199
11 3 11 4 0.0021484
11 3 11 5 -0.0000000
11 3 11 6 -0.0047580
11 3 11 7 0.0023922
11 3 11 8 -0.0000000
11 3 11 9 -0.0003960
11 3 11 10 0.0001003
11 3 11 11 0.0254828
11 4 0 0 0.1293205
11 4 1 0 -0.0074083
11 4 1 1 0.0306410
11 4 2 0 0.0000000
11 4 2 1 -0.0000000
11 4 2 2 0.0101133
11 4 3 0 0.0021900
11 4 3 1 0.0015476
11 4 3 2 0.0000000
11 4 3 3 0.0427371
11 4 4 0 -0.0005800
11 4 4 1 0.0060334
11 4 4 2 -0.0000000
11 4 4 3 -0.0243416
11 4 4 4 0.0147254
11 4 5 0 0.0000000
11 4 5 1 0.0000000
11 4 5 2 0.0335898
11 4 5 3 -0.0000000
11 4 5 4 0.0000000
11 4 5 5 0.0285352
11 4 6 0 0.0058629
11 4 6 1 -0.0116298
11 4 6 2 -0.0000000
11 4 6 3 -0.0161102
11 4 6 4 0.0073642
11 4 6 5 0.0000000
11 4 6 6 0.0382146
11 4 7 0 0.0041615
11 4 7 1 -0.0007332
11 4 7 2 0.0000000
11 4 7 3 -0.0000516
11 4 7 4 0.0278398
11 4 7 5 0.0000000
11 4 7 6 -0.0019048
11 4 7 7 0.0429012
11 4 8 0 0.0000000
11 4 8 1 0.0000000
11 4 8 2 0.0002734
11 4 8 3 0.0000000
11 4 8 4 -0.0000000
11 4 8 5 0.0016387
11 4 8 6 -0.0000000
11 4 8 7 0.0000000
11 4 8 8 0.0116118
11 4 9 0 0.0000712
11 4 9 1 0.0001215
11 4 9 2 -0.0000000
11 4 9 3 0.0000694
11 4 9 4 -0.0001313
11 4 9 5 -0.0000000
11 4 9 6 -0.0002492
11 4 9 7 -0.0000355
11 4 9 8 0.0000000
11 4 9 9 0.0162537
11 4 10 0 -0.0007045
11 4 10 1 0.0013046
11 4 10 2 -0.0000000
11 4 10 3 0.0002996
11 4 10 4 -0.0063519
11 4 10 5 0.0000000
11 4 10 6 0.0010755
11 4 10 7 -0.0074630
11 4 10 8 0.0000000
11 4 10 9 -0.0011926
11 4 10 10 0.0114876
11 4 11 0 0.0042416
11 4 11 1 0.0002058
11 4 11 2 0.0000000
11 4 11 3 0.0021484
11 4 11 4 0.0281527
11 4 11 5 0.0000000
11 4 11 6 -0.0015836
11 4 11 7 0.0304187
11 4 11 8 0.0000000
11 4 11 9 -0.0005095
11 4 11 10 -0.0073794
11 4 11 11 0.0442897
11 5 0 0 0.0000000
11 5 1 0 0.0000000
11 5 1 1 -0.0000000
11 5 2 0 0.0031707
11 5 2 1 0.0017888
11 5 2 2 -0.0000000
11 5 3 0 -0.0000000
11 5 3 1 -0.0000000
11 5 3 2 0.0051674
11 5 3 3 0.0000000
11 5 4 0 0.0000000
11 5 4 1 0.0000000
11 5 4 2 0.0170760
11 5 4 3 -0.0000000
11 5 4 4 0.0000000
11 5 5 0 0.0053134
11 5 5 1 0.0048553
11 5 5 2 -0.0000000
11 5 5 3 -0.0035223
11 5 5 4 -0.0068615
11 5 5 5 -0.0000000
11 5 6 0 0.0000000
11 5 6 1 -0.0000000
11 5 6 2 -0.0046979
11 5 6 3 0.0000000
11 5 6 4 0.0000000
11 5 6 5 -0.0035764
11 5 6 6 -0.0000000
11 5 7 0 -0.0000000
11 5 7 1 -0.0000000
11 5 7 2 0.0040418
11 5 7 3 -0.0000000
11 5 7 4 0.0000000
11 5 7 5 0.0108964
11 5 7 6 -0.0000000
11 5 7 7 0.0000000
11 5 8 0 0.0001099
11 5 8 1 0.0002885
11 5 8 2 -0.0000000
11 5 8 3 0.0006061
11 5 8 4 0.0003331
11 5 8 5 -0.0000000
11 5 8 6 -0.0010213
11 5 8 7 0.0012474
11 5 8 8 -0.0000000
11 5 9 0 -0.0000000
11 5 9 1 -0.0000000
11 5 9 2 0.0000036
11 5 9 3 -0.0000000
11 5 9 4 -0.0000000
11 5 9 5 -0.0000311
11 5 9 6 -0.0000000
11 5 9 7 0.0000000
11 5 9 8 -0.0000408
11 5 9 9 -0.0000000
11 5 10 0 0.0000000
11 5 10 1 0.0000000
11 5 10 2 -0.0006862
11 5 10 3 0.0000000
11 5 10 4 -0.0000000
11 5 10 5 -0.0023815
11 5 10 6 0.0000000
11 5 10 7 -0.0000000
11 5 10 8 -0.0026339
11 5 10 9 -0.0000000
11 5 10 10 -0.0000000
11 5 11 0 -0.0000000
11 5 11 1 0.0000000
11 5 11 2 0.0047033
11 5 11 3 -0.0000000
11 5 11 4 0.0000000
11 5 11 5 0.0119228
11 5 11 6 0.0000000
11 5 11 7 -0.0000000
11 5 11 8 -0.0005417
11 5 11 9 -0.0000000
11 5 11 10 0.0000000
11 5 11 11 0.0000000
11 6 0 0 -0.0156813
11 6 1 0 0.0019340
11 6 1 1 0.0011494
11 6 2 0 -0.0000000
11 6 2 1 -0.0000000
11 6 2 2 -0.0034365
11 6 3 0 -0.0067917
11 6 3 1 -0.0134697
11 6 3 2 0.0000000
11 6 3 3 0.0069065
11 6 4 0 0.0017754
11 6 4 1 0.0016237
11 6 4 2 -0.0000000
11 6 4 3 -0.0114883
11 6 4 4 0.0050508
11 6 5 0 0.0000000
11 6 5 1 -0.0000000
11 6 5 2 -0.0041181
11 6 5 3 0.0000000
11 6 5 4 0.0000000
11 6 5 5 -0.0034920
11 6 6 0 0.0028049
11 6 6 1 0.0051057
11 6 6 2 -0.0000000
11 6 6 3 0.0067138
11 6 6 4 0.0069367
11 6 6 5 -0.0000000
11 6 6 6 -0.0082115
11 6 7 0 -0.0024772
11 6 7 1 -0.0164686
11 6 7 2 0.0000000
11 6 7 3 -0.0176203
11 6 7 4 -0.0016965
11 6 7 5 -0.0000000
11 6 7 6 -0.0042745
11 6 7 7 -0.0082770
11 6 8 0 -0.0000000
11 6 8 1 -0.0000000
11 6 8 2 -0.0002958
11 6 8 3 -0.0000000
11 6 8 4 -0.0000000
11 6 8 5 -0.0004767
11 6 8 6 0.0000000
11 6 8 7 -0.0000000
11 6 8 8 -0.0026104
11 6 9 0 0.0000120
11 6 9 1 -0.0007450
11 6 9 2 0.0000000
11 6 9 3 -0.0003361
11 6 9 4 -0.0000990
11 6 9 5 -0.0000000
11 6 9 6 -0.0018385
11 6 9 7 0.0018643
11 6 9 8 0.0000000
11 6 9 9 -0.0092145
11 6 10 0 0.0007031
11 6 10 1 0.0051511
11 6 10 2 -0.0000000
11 6 10 3 0.0024760
11 6 10 4 0.0005140
11 6 10 5 0.0000000
11 6 10 6 -0.0000713
11 6 10 7 -0.0143475
11 6 10 8 0.0000000
11 6 10 9 -0.0004899
11 6 10 10 -0.0254377
11 6 11 0 -0.0028348
11 6 11 1 0.0011478
11 6 11 2 -0.0000000
11 6 11 3 -0.0047580
11 6 11 4 -0.0015836
11 6 11 5 0.0000000
11 6 11 6 0.0329399
11 6 11 7 -0.0127084
11 6 11 8 0.0000000
11 6 11 9 -0.0015830
11 6 11 10 0.0103231
11 6 11 11 -0.0046927
11 7 0 0 0.2547323
11 7 1 0 -0.0113195
11 7 1 1 0.0220606
11 7 2 0 0.0000000
11 7 2 1 0.0000000
11 7 2 2 0.1312281
11 7 3 0 0.0038848
11 7 3 1 -0.0473030
11 7 3 2 0.0000000
11 7 3 3 0.1053858
11 7 4 0 0.0011266
11 7 4 1 0.0036630
11 7 4 2 -0.0000000
11 7 4 3 -0.0142792
11 7 4 4 0.1409978
11 7 5 0 0.0000000
11 7 5 1 -0.0000000
11 7 5 2 0.0156493
11 7 5 3 -0.0000000
11 7 5 4 0.0000000
11 7 5 5 0.1334183
11 7 6 0 0.0085088
11 7 6 1 -0.0954278
11 7 6 2 0.0000000
11 7 6 3 -0.0862716
11 7 6 4 0.0046880
11 7 6 5 -0.0000000
11 7 6 6 -0.0268732
11 7 7 0 0.0075979
11 7 7 1 0.0083665
11 7 7 2 -0.0000000
11 7 7 3 -0.0175747
11 7 7 4 0.0361005
11 7 7 5 0.0000000
11 7 7 6 -0.0022193
11 7 7 7 -0.0050323
11 7 8 0 0.0000000
11 7 8 1 0.0000000
11 7 8 2 0.0193307
11 7 8 3 -0.0000000
11 7 8 4 0.0000000
11 7 8 5 0.0143928
11 7 8 6 -0.0000000
11 7 8 7 0.0000000
11 7 8 8 -0.1510897
11 7 9 0 0.0004631
11 7 9 1 0.0022851
11 7 9 2 -0.0000000
11 7 9 3 -0.0002110
11 7 9 4 -0.0005454
11 7 9 5 -0.0000000
11 7 9 6 -0.0038488
11 7 9 7 -0.0011144
11 7 9 8 0.0000000
11 7 9 9 -0.2608285
11 7 10 0 -0.0005073
11 7 10 1 0.0127858
11 7 10 2 -0.0000000
11 7 10 3 0.0057907
11 7 10 4 -0.0086141
11 7 10 5 0.0000000
11 7 10 6 0.0043891
11 7 10 7 -0.0287847
11 7 10 8 -0.0000000
11 7 10 9 0.0193252
11 7 10 10 -0.1626473
11 7 11 0 0.0073608
11 7 11 1 0.0015226
11 7 11 2 -0.0000000
11 7 11 3 0.0023922
11 7 11 4 0.0304187
11 7 11 5 -0.0000000
11 7 11 6 -0.0127084
11 7 11 7 0.2035810
11 7 11 8 0.0000000
11 7 11 9 0.0030652
11 7 11 10 -0.0593324
11 7 11 11 0.0251513
11 8 0 0 0.0000000
11 8 1 0 0.0000000
11 8 1 1 0.0000000
11 8 2 0 0.0003668
11 8 2 1 0.0038221
11 8 2 2 -0.0000000
11 8 3 0 0.0000000
11 8 3 1 -0.0000000
11 8 3 2 -0.0015847
11 8 3 3 0.0000000
11 8 4 0 -0.0000000
11 8 4 1 -0.0000000
11 8 4 2 -0.0054052
11 8 4 3 0.0000000
11 8 4 4 -0.0000000
11 8 5 0 0.0008983
11 8 5 1 0.0028142
11 8 5 2 -0.0000000
11 8 5 3 0.0022370
11 8 5 4 0.0049496
11 8 5 5 -0.0000000
11 8 6 0 -0.0000000
11 8 6 1 -0.0000000
11 8 6 2 -0.0022192
11 8 6 3 -0.0000000
11 8 6 4 -0.0000000
11 8 6 5 -0.0029229
11 8 6 6 0.0000000
11 8 7 0 0.0000000
11 8 7 1 0.0000000
11 8 7 2 0.0050554
11 8 7 3 -0.0000000
11 8 7 4 0.0000000
11 8 7 5 0.0020537
11 8 7 6 -0.0000000
11 8 7 7 0.0000000
11 8 8 0 -0.0000658
11 8 8 1 0.0071370
11 8 8 2 -0.0000000
11 8 8 3 0.0035366
11 8 8 4 -0.0000359
11 8 8 5 0.0000000
11 8 8 6 0.0115617
11 8 8 7 -0.0181299
11 8 8 8 -0.0000000
11 8 9 0 0.0000000
11 8 9 1 0.0000000
11 8 9 2 0.0002162
11 8 9 3 -0.0000000
11 8 9 4 0.0000000
11 8 9 5 0.0001429
11 8 9 6 -0.0000000
11 8 9 7 -0.0000000
11 8 9 8 -0.0001755
11 8 9 9 -0.0000000
11 8 10 0 -0.0000000
11 8 10 1 -0.0000000
11 8 10 2 -0.0032249
11 8 10 3 0.0000000
11 8 10 4 -0.0000000
11 8 10 5 -0.0022982
11 8 10 6 0.0000000
11 8 10 7 -0.0000000
11 8 10 8 0.0253045
11 8 10 9 0.0000000
11 8 10 10 -0.0000000
11 8 11 0 0.0000000
11 8 11 1 0.0000000
11 8 11 2 0.0024452
11 8 11 3 -0.0000000
11 8 11 4 0.0000000
11 8 11 5 -0.0005417
11 8 11 6 0.0000000
11 8 11 7 0.0000000
11 8 11 8 0.0229396
11 8 11 9 0.0000000
11 8 11 10 -0.0000000
11 8 11 11 0.0000000
11 9 0 0 -0.0046698
11 9 1 0 -0.0000763
11 9 1 1 -0.0069580
11 9 2 0 0.0000000
11 9 2 1 0.0000000
11 9 2 2 -0.0020921
11 9 3 0 0.0000231
11 9 3 1 -0.0012323
11 9 3 2 0.0000000
11 9 3 3 -0.0041961
11 9 4 0 0.0001070
11 9 4 1 -0.0003422
11 9 4 2 0.0000000
11 9 4 3 0.0006397
11 9 4 4 -0.0017355
11 9 5 0 0.0000000
11 9 5 1 -0.0000000
11 9 5 2 -0.0012481
11 9 5 3 -0.0000000
11 9 5 4 -0.0000000
11 9 5 5 -0.0030386
11 9 6 0 0.0000708
11 9 6 1 -0.0026241
11 9 6 2 0.0000000
11 9 6 3 -0.0024069
11 9 6 4 -0.0002324
11 9 6 5 -0.0000000
11 9 6 6 -0.0099062
11 9 7 0 0.0000869
11 9 7 1 0.0011305
11 9 7 2 -0.0000000
11 9 7 3 -0.0000476
11 9 7 4 -0.0002017
11 9 7 5 0.0000000
11 9 7 6 0.0012329
11 9 7 7 -0.0065729
11 9 8 0 0.0000000
11 9 8 1 0.0000000
11 9 8 2 0.0006135
11 9 8 3 -0.0000000
11 9 8 4 0.0000000
11 9 8 5 0.0002406
11 9 8 6 -0.0000000
11 9 8 7 -0.0000000
11 9 8 8 -0.0085153
11 9 9 0 0.0000663
11 9 9 1 -0.0006699
11 9 9 2 0.0000000
11 9 9 3 -0.0015827
11 9 9 4 0.0000315
11 9 9 5 -0.0000000
11 9 9 6 -0.0029010
11 9 9 7 -0.0066747
11 9 9 8 0.0000000
11 9 9 9 -0.0538242
11 9 10 0 -0.0000260
11 9 10 1 -0.0007739
11 9 10 2 0.0000000
11 9 10 3 -0.0002886
11 9 10 4 0.0000574
11 9 10 5 -0.0000000
11 9 10 6 -0.0005863
11 9 10 7 -0.0007309
11 9 10 8 0.0000000
11 9 10 9 0.0071200
11 9 10 10 -0.0059737
11 9 11 0 0.0000670
11 9 11 1 -0.0000464
11 9 11 2 0.0000000
11 9 11 3 -0.0003960
11 9 11 4 -0.0005095
11 9 11 5 -0.0000000
11 9 11 6 -0.0015830
11 9 11 7 0.0030652
11 9 11 8 0.0000000
11 9 11 9 0.0067783
11 9 11 10 0.0001083
11 9 11 11 -0.0052262
11 10 0 0 -0.0747561
11 10 1 0 0.0018487
11 10 1 1 -0.0278685
11 10 2 0 -0.0000000
11 10 2 1 -0.0000000
11 10 2 2 -0.0365267
11 10 3 0 -0.0005597
11 10 3 1 0.0125276
11 10 3 2 -0.0000000
11 10 3 3 -0.0371752
11 10 4 0 0.0002558
11 10 4 1 -0.0021862
11 10 4 2 0.0000000
11 10 4 3 0.0064804
11 10 4 4 -0.0374124
11 10 5 0 -0.0000000
11 10 5 1 0.0000000
11 10 5 2 -0.0088247
11 10 5 3 0.0000000
11 10 5 4 -0.0000000
11 10 5 5 -0.0419167
11 10 6 0 -0.0014371
11 10 6 1 0.0262653
11 10 6 2 -0.0000000
11 10 6 3 0.0174077
11 10 6 4 -0.0012740
11 10 6 5 0.0000000
11 10 6 6 -0.0075541
11 10 7 0 -0.0010036
11 10 7 1 -0.0059003
11 10 7 2 0.0000000
11 10 7 3 -0.0012193
11 10 7 4 -0.0094940
11 10 7 5 -0.0000000
11 10 7 6 -0.0151171
11 10 7 7 -0.0022261
11 10 8 0 -0.0000000
11 10 8 1 -0.0000000
11 10 8 2 -0.0064894
11 10 8 3 0.0000000
11 10 8 4 -0.0000000
11 10 8 5 -0.0063100
11 10 8 6 0.0000000
11 10 8 7 -0.0000000
11 10 8 8 0.0426908
11 10 9 0 -0.0001643
11 10 9 1 -0.0010178
11 10 9 2 0.0000000
11 10 9 3 0.0003875
11 10 9 4 0.0001742
11 10 9 5 0.0000000
11 10 9 6 0.0022231
11 10 9 7 0.0002473
11 10 9 8 -0.0000000
11 10 9 9 0.0655088
11 10 10 0 0.0000322
11 10 10 1 -0.0155053
11 10 10 2 0.0000000
11 10 10 3 -0.0126796
11 10 10 4 0.0029290
11 10 10 5 -0.0000000
11 10 10 6 -0.0204159
11 10 10 7 -0.0364451
11 10 10 8 0.0000000
11 10 10 9 -0.0031837
11 10 10 10 0.0421696
11 10 11 0 -0.0011710
11 10 11 1 0.0083875
11 10 11 2 -0.0000000
11 10 11 3 0.0001003
11 10 11 4 -0.0073794
11 10 11 5 0.0000000
11 10 11 6 0.0103231
11 10 11 7 -0.0593324
11 10 11 8 -0.0000000
11 10 11 9 0.0001083
11 10 11 10 0.0530158
11 10 11 11 0.0051728
11 11 0 0 0.5901906
11 11 1 0 -0.0087217
11 11 1 1 0.4591449
11 11 2 0 0.0000000
11 11 2 1 -0.0000000
11 11 2 2 0.4024940
11 11 3 0 0.0086770
11 11 3 1 0.0417268
11 11 3 2 -0.0000000
11 11 3 3 0.4352652
11 11 4 0 -0.0030657
11 11 4 1 0.0068688
11 11 4 2 -0.0000000
11 11 4 3 -0.0190390
11 11 4 4 0.3869972
11 11 5 0 -0.0000000
11 11 5 1 0.0000000
11 11 5 2 0.0573317
11 11 5 3 -0.0000000
11 11 5 4 0.0000000
11 11 5 5 0.4274922
11 11 6 0 0.0023594
11 11 6 1 -0.0072930
11 11 6 2 -0.0000000
11 11 6 3 -0.0088085
11 11 6 4 0.0042888
11 11 6 5 0.0000000
11 11 6 6 0.5021322
11 11 7 0 0.0068656
11 11 7 1 -0.0031653
11 11 7 2 -0.0000000
11 11 7 3 0.0136484
11 11 7 4 0.0401618
11 11 7 5 -0.0000000
11 11 7 6 -0.0316152
11 11 7 7 0.5013993
11 11 8 0 0.0000000
11 11 8 1 -0.0000000
11 11 8 2 -0.0025147
11 11 8 3 0.0000000
11 11 8 4 -0.0000000
11 11 8 5 0.0016214
11 11 8 6 -0.0000000
11 11 8 7 0.0000000
11 11 8 8 0.4338918
11 11 9 0 0.0000481
11 11 9 1 0.0007882
11 11 9 2 -0.0000000
11 11 9 3 0.0012489
11 11 9 4 0.0000394
11 11 9 5 0.0000000
11 11 9 6 0.0018473
11 11 9 7 -0.0002550
11 11 9 8 -0.0000000
11 11 9 9 0.5430555
11 11 10 0 -0.0010941
11 11 10 1 0.0052866
11 11 10 2 -0.0000000
11 11 10 3 -0.0011493
11 11 10 4 -0.0086136
11 11 10 5 0.0000000
11 11 10 6 0.0134700
11 11 10 7 -0.0364332
11 11 10 8 0.0000000
11 11 10 9 -0.0272587
11 11 10 10 0.4103341
11 11 11 0 0.0070801
11 11 11 1 0.0208916
11 11 11 2 -0.0000000
11 11 11 3 0.0254828
11 11 11 4 0.0442897
11 11 11 5 0.0000000
11 11 11 6 -0.0046927
11 11 11 7 0.0251513
11 11 11 8 0.0000000
11 11 11 9 -0.0052262
11 11 11 10 0.0051728
11 11 11 11 0.5093196
