NMONOMER	1
NELEC	8
ENUC	7.676927
NBASIS	12
HOMO	2
LUMO	2
ENT	5
HF_ENERGY	-36.246868
ENERGIES
-10.895667
-0.870305
-0.473993
-0.259213
0.539013
0.729307
0.778198
849736.498568
965066.355834
996478.136208
1070621.047233
1118093.629869

OEI
-18.486191	
0.217471	-4.559409	
-0.000000	0.000000	-4.138318	
0.188832	-0.125039	0.000000	-4.240698	
-0.153644	0.293982	-0.000000	0.403050	-3.089894	
0.233592	-0.889839	0.000000	0.234728	0.162479	-3.804998	
0.000000	-0.000000	-0.783172	-0.000000	-0.000000	-0.000000	-3.486971	
-0.115687	-0.053424	0.000000	-0.036010	-0.003012	0.016614	-0.000000	849732.921435	
0.000000	-0.000000	-0.131112	-0.000000	0.000000	0.000000	0.022803	-0.000000	965063.508700	
-0.005008	-0.023016	0.000000	0.001993	-0.003106	-0.013456	0.000000	-0.001088	0.000000	996474.930783	
0.037945	0.197557	0.000000	-0.069879	-0.119067	-0.136154	0.000000	0.147525	-0.000000	-0.135044	1070618.518853	
0.112445	0.078755	-0.000000	0.127298	0.003357	0.000716	0.000000	0.838475	0.000000	0.037878	-0.320033	1118089.949523	

ENV_OEI
-5.013156	
0.408371	-0.568960	
-0.000000	-0.000000	-0.413574	
0.367616	0.078960	0.000000	-0.594537	
-0.309201	0.300915	0.000000	-0.153455	-0.710985	
0.475760	-0.022844	0.000000	-0.222618	-0.310430	-0.905387	
0.000000	-0.000000	-0.125410	0.000000	0.000000	0.000000	-0.451981	
-0.222318	-0.006564	0.000000	-0.049040	-0.046853	0.017345	0.000000	-0.697841	
-0.000000	-0.000000	0.138694	0.000000	-0.000000	0.000000	-0.141303	-0.000000	-0.789033	
0.015016	-0.268244	-0.000000	0.645869	1.346329	0.953664	-0.000000	-0.125642	0.000000	-18.607949	
0.055168	-0.042905	-0.000000	0.007143	0.036424	0.068771	-0.000000	-0.230159	-0.000000	-1.670246	-0.852022	
0.211374	-0.000701	0.000000	-0.032793	-0.031378	-0.048073	0.000000	-0.079001	-0.000000	0.179010	-0.123062	-0.526528	

OVERLAP
1.000000	
0.248362	1.000000	
0.061767	0.488736	1.000000	
0.061767	0.488736	0.167856	1.000000	
0.000000	0.027047	0.038545	0.038545	1.000000	
0.027047	0.301519	0.378700	0.378700	0.248362	1.000000	
0.000000	0.000000	-0.155576	-0.155576	-0.015125	-0.113119	1.000000	
0.000000	0.000000	0.380474	-0.380474	0.000000	0.000000	0.000000	1.000000	
0.000000	0.000000	-0.219667	-0.219667	-0.042713	-0.319437	0.000000	0.000000	1.000000	
0.015125	0.113119	0.044121	0.044121	0.000000	0.000000	0.112775	0.000000	-0.151526	1.000000	
0.000000	0.000000	0.268260	-0.268260	0.000000	0.000000	0.000000	0.166433	0.000000	0.000000	1.000000	
0.042713	0.319437	0.279473	0.279473	0.000000	0.000000	-0.151526	0.000000	-0.261465	0.000000	0.000000	1.000000	

MOCOEFF
-0.996653	-0.016365	0.006515	0.006515	-0.001356	0.006677	0.027498	-0.000000	0.007935	-0.002256	0.000000	0.003215	
0.142928	-0.331680	-0.269341	-0.269341	0.028383	0.041125	0.317975	0.000000	0.220295	-0.171318	-0.000000	-0.287576	
-0.000000	0.000000	-0.450380	0.450380	0.000000	-0.000000	-0.000000	-0.604377	0.000000	-0.000000	0.342225	-0.000000	
0.128403	-0.517477	-0.123232	-0.123232	-0.057763	0.240016	0.303974	-0.000000	-0.670290	0.033105	0.000000	0.386082	
-0.106229	0.655269	-0.892401	-0.892401	-0.117298	0.701575	-0.240122	-0.000000	0.164527	0.163757	-0.000000	0.598627	
0.167084	-1.025527	0.422031	0.422031	-0.084951	0.516888	0.368060	0.000000	0.939479	0.284609	0.000000	0.689608	
0.000000	-0.000000	0.945036	-0.945036	0.000000	-0.000000	0.000000	-1.089122	0.000000	-0.000000	-0.325764	-0.000000	
-0.084288	0.388040	-0.000000	-0.000000	0.012325	-0.049401	0.608823	-0.000000	-0.000000	-0.744813	0.000000	0.291146	
0.000000	0.000000	0.000000	-0.000000	0.000000	-0.000000	0.000000	-0.000000	-0.000000	0.000000	-1.000000	0.000000	
-0.000564	0.002599	0.000000	0.000000	1.025611	-0.216380	0.004077	-0.000000	-0.000000	0.053739	0.000000	0.092871	
0.018947	-0.087226	-0.000000	-0.000000	0.019715	0.850780	-0.136854	-0.000000	-0.000000	-0.334096	0.000000	-0.355391	
0.081637	-0.375837	0.000000	0.000000	0.011610	-0.229166	-0.589676	-0.000000	-0.000000	-0.509850	-0.000000	0.308002	

ERI
0 0 0 0 3.5235555
1 0 0 0 -0.1904827
1 0 1 0 0.0203475
1 0 1 1 0.0057979
1 1 0 0 0.6436205
1 1 1 0 0.0057979
1 1 1 1 0.5917056
2 0 0 0 0.0000000
2 0 1 0 -0.0000000
2 0 1 1 -0.0000000
2 0 2 0 0.0091548
2 0 2 1 0.0108353
2 0 2 2 -0.0000000
2 1 0 0 -0.0000000
2 1 1 0 -0.0000000
2 1 1 1 -0.0000000
2 1 2 0 0.0108353
2 1 2 1 0.1057090
2 1 2 2 -0.0000000
2 2 0 0 0.6465469
2 2 1 0 -0.0006489
2 2 1 1 0.5110167
2 2 2 0 -0.0000000
2 2 2 1 -0.0000000
2 2 2 2 0.5372761
3 0 0 0 -0.1675422
3 0 1 0 0.0129328
3 0 1 1 -0.0084100
3 0 2 0 -0.0000000
3 0 2 1 0.0000000
3 0 2 2 -0.0038010
3 0 3 0 0.0247243
3 0 3 1 0.0080347
3 0 3 2 -0.0000000
3 0 3 3 0.0091438
3 1 0 0 0.0575835
3 1 1 0 -0.0011190
3 1 1 1 -0.0188713
3 1 2 0 0.0000000
3 1 2 1 0.0000000
3 1 2 2 0.0198141
3 1 3 0 0.0080347
3 1 3 1 0.0606845
3 1 3 2 0.0000000
3 1 3 3 0.0413577
3 2 0 0 -0.0000000
3 2 1 0 0.0000000
3 2 1 1 -0.0000000
3 2 2 0 0.0071302
3 2 2 1 0.0393094
3 2 2 2 0.0000000
3 2 3 0 -0.0000000
3 2 3 1 0.0000000
3 2 3 2 0.0368258
3 2 3 3 -0.0000000
3 3 0 0 0.7704305
3 3 1 0 -0.0063091
3 3 1 1 0.4874325
3 3 2 0 0.0000000
3 3 2 1 0.0000000
3 3 2 2 0.4818056
3 3 3 0 0.0091438
3 3 3 1 0.0413577
3 3 3 2 -0.0000000
3 3 3 3 0.6243822
4 0 0 0 0.1397651
4 0 1 0 -0.0127799
4 0 1 1 0.0017428
4 0 2 0 0.0000000
4 0 2 1 0.0000000
4 0 2 2 0.0022067
4 0 3 0 -0.0146083
4 0 3 1 -0.0021594
4 0 3 2 0.0000000
4 0 3 3 -0.0010458
4 0 4 0 0.0106289
4 0 4 1 -0.0003462
4 0 4 2 0.0000000
4 0 4 3 0.0013266
4 0 4 4 0.0000083
4 1 0 0 -0.0852850
4 1 1 0 -0.0007835
4 1 1 1 -0.0409180
4 1 2 0 0.0000000
4 1 2 1 -0.0000000
4 1 2 2 0.0156659
4 1 3 0 0.0010862
4 1 3 1 0.0199119
4 1 3 2 0.0000000
4 1 3 3 -0.0541681
4 1 4 0 -0.0003462
4 1 4 1 0.0702970
4 1 4 2 -0.0000000
4 1 4 3 -0.0061344
4 1 4 4 -0.0070540
4 2 0 0 0.0000000
4 2 1 0 -0.0000000
4 2 1 1 -0.0000000
4 2 2 0 0.0010715
4 2 2 1 0.0736040
4 2 2 2 0.0000000
4 2 3 0 0.0000000
4 2 3 1 0.0000000
4 2 3 2 0.0172560
4 2 3 3 0.0000000
4 2 4 0 0.0000000
4 2 4 1 -0.0000000
4 2 4 2 0.0817279
4 2 4 3 -0.0000000
4 2 4 4 -0.0000000
4 3 0 0 -0.1472857
4 3 1 0 0.0050347
4 3 1 1 0.0216596
4 3 2 0 0.0000000
4 3 2 1 0.0000000
4 3 2 2 -0.0190016
4 3 3 0 -0.0083593
4 3 3 1 -0.0553347
4 3 3 2 0.0000000
4 3 3 3 -0.0912349
4 3 4 0 0.0013266
4 3 4 1 -0.0061344
4 3 4 2 -0.0000000
4 3 4 3 0.0835107
4 3 4 4 0.0328530
4 4 0 0 0.5060915
4 4 1 0 0.0017424
4 4 1 1 0.5138863
4 4 2 0 -0.0000000
4 4 2 1 -0.0000000
4 4 2 2 0.4739365
4 4 3 0 -0.0011655
4 4 3 1 -0.0180723
4 4 3 2 -0.0000000
4 4 3 3 0.4436213
4 4 4 0 0.0000083
4 4 4 1 -0.0070540
4 4 4 2 -0.0000000
4 4 4 3 0.0328530
4 4 4 4 0.5185067
5 0 0 0 -0.2196157
5 0 1 0 0.0261351
5 0 1 1 0.0118700
5 0 2 0 -0.0000000
5 0 2 1 -0.0000000
5 0 2 2 0.0009071
5 0 3 0 0.0069872
5 0 3 1 -0.0065033
5 0 3 2 0.0000000
5 0 3 3 -0.0154245
5 0 4 0 -0.0127096
5 0 4 1 -0.0011149
5 0 4 2 -0.0000000
5 0 4 3 0.0124295
5 0 4 4 0.0026715
5 0 5 0 0.0394279
5 0 5 1 0.0043359
5 0 5 2 -0.0000000
5 0 5 3 0.0043413
5 0 5 4 -0.0027160
5 0 5 5 0.0101917
5 1 0 0 0.2641135
5 1 1 0 0.0004059
5 1 1 1 0.0704408
5 1 2 0 0.0000000
5 1 2 1 0.0000000
5 1 2 2 0.0685076
5 1 3 0 -0.0079707
5 1 3 1 0.0273664
5 1 3 2 -0.0000000
5 1 3 3 0.0881154
5 1 4 0 0.0031963
5 1 4 1 -0.0149954
5 1 4 2 0.0000000
5 1 4 3 -0.0481451
5 1 4 4 0.0007964
5 1 5 0 0.0043359
5 1 5 1 0.1040852
5 1 5 2 -0.0000000
5 1 5 3 -0.0363607
5 1 5 4 -0.0358087
5 1 5 5 0.0865775
5 2 0 0 -0.0000000
5 2 1 0 0.0000000
5 2 1 1 -0.0000000
5 2 2 0 0.0057454
5 2 2 1 0.0049133
5 2 2 2 -0.0000000
5 2 3 0 0.0000000
5 2 3 1 0.0000000
5 2 3 2 0.0010566
5 2 3 3 -0.0000000
5 2 4 0 0.0000000
5 2 4 1 0.0000000
5 2 4 2 -0.0164700
5 2 4 3 -0.0000000
5 2 4 4 0.0000000
5 2 5 0 -0.0000000
5 2 5 1 -0.0000000
5 2 5 2 0.0235041
5 2 5 3 -0.0000000
5 2 5 4 -0.0000000
5 2 5 5 -0.0000000
5 3 0 0 -0.0858544
5 3 1 0 0.0041980
5 3 1 1 0.0197793
5 3 2 0 -0.0000000
5 3 2 1 0.0000000
5 3 2 2 -0.0162975
5 3 3 0 0.0025304
5 3 3 1 -0.0089741
5 3 3 2 -0.0000000
5 3 3 3 -0.0345726
5 3 4 0 -0.0018184
5 3 4 1 -0.0201596
5 3 4 2 -0.0000000
5 3 4 3 0.0377256
5 3 4 4 0.0259844
5 3 5 0 0.0043413
5 3 5 1 -0.0363607
5 3 5 2 -0.0000000
5 3 5 3 0.0539660
5 3 5 4 0.0196410
5 3 5 5 0.0020610
5 4 0 0 -0.0497696
5 4 1 0 -0.0012041
5 4 1 1 -0.0095392
5 4 2 0 0.0000000
5 4 2 1 0.0000000
5 4 2 2 -0.0318163
5 4 3 0 0.0020727
5 4 3 1 -0.0325804
5 4 3 2 0.0000000
5 4 3 3 0.0066610
5 4 4 0 -0.0004623
5 4 4 1 -0.0404905
5 4 4 2 0.0000000
5 4 4 3 0.0254348
5 4 4 4 0.0012240
5 4 5 0 -0.0027160
5 4 5 1 -0.0358087
5 4 5 2 -0.0000000
5 4 5 3 0.0196410
5 4 5 4 0.0574311
5 4 5 5 0.0125364
5 5 0 0 0.7913640
5 5 1 0 0.0005017
5 5 1 1 0.5770365
5 5 2 0 0.0000000
5 5 2 1 -0.0000000
5 5 2 2 0.4990695
5 5 3 0 -0.0183427
5 5 3 1 -0.0371175
5 5 3 2 -0.0000000
5 5 3 3 0.5101742
5 5 4 0 0.0070589
5 5 4 1 -0.0647501
5 5 4 2 -0.0000000
5 5 4 3 0.0167690
5 5 4 4 0.4990534
5 5 5 0 0.0101917
5 5 5 1 0.0865775
5 5 5 2 -0.0000000
5 5 5 3 0.0020610
5 5 5 4 0.0125364
5 5 5 5 0.6262359
6 0 0 0 -0.0000000
6 0 1 0 0.0000000
6 0 1 1 -0.0000000
6 0 2 0 0.0132100
6 0 2 1 0.0140291
6 0 2 2 -0.0000000
6 0 3 0 0.0000000
6 0 3 1 0.0000000
6 0 3 2 0.0096814
6 0 3 3 0.0000000
6 0 4 0 0.0000000
6 0 4 1 0.0000000
6 0 4 2 0.0013324
6 0 4 3 0.0000000
6 0 4 4 -0.0000000
6 0 5 0 0.0000000
6 0 5 1 -0.0000000
6 0 5 2 0.0072829
6 0 5 3 0.0000000
6 0 5 4 0.0000000
6 0 5 5 -0.0000000
6 0 6 0 0.0191715
6 0 6 1 0.0049558
6 0 6 2 -0.0000000
6 0 6 3 0.0098118
6 0 6 4 -0.0100120
6 0 6 5 0.0097637
6 0 6 6 0.0000000
6 1 0 0 0.0000000
6 1 1 0 0.0000000
6 1 1 1 0.0000000
6 1 2 0 0.0037862
6 1 2 1 -0.0314528
6 1 2 2 -0.0000000
6 1 3 0 -0.0000000
6 1 3 1 -0.0000000
6 1 3 2 -0.0018702
6 1 3 3 0.0000000
6 1 4 0 0.0000000
6 1 4 1 -0.0000000
6 1 4 2 -0.0497821
6 1 4 3 -0.0000000
6 1 4 4 0.0000000
6 1 5 0 0.0000000
6 1 5 1 0.0000000
6 1 5 2 0.0230480
6 1 5 3 0.0000000
6 1 5 4 -0.0000000
6 1 5 5 0.0000000
6 1 6 0 0.0049558
6 1 6 1 0.0419817
6 1 6 2 0.0000000
6 1 6 3 0.0116665
6 1 6 4 0.0512679
6 1 6 5 -0.0206012
6 1 6 6 -0.0000000
6 2 0 0 0.2539231
6 2 1 0 -0.0060973
6 2 1 1 0.0129198
6 2 2 0 -0.0000000
6 2 2 1 -0.0000000
6 2 2 2 0.0426737
6 2 3 0 -0.0012402
6 2 3 1 0.0212683
6 2 3 2 -0.0000000
6 2 3 3 0.1081022
6 2 4 0 0.0029006
6 2 4 1 -0.0398153
6 2 4 2 0.0000000
6 2 4 3 -0.0580117
6 2 4 4 -0.0338655
6 2 5 0 -0.0083280
6 2 5 1 0.0702088
6 2 5 2 -0.0000000
6 2 5 3 -0.0333755
6 2 5 4 0.0104389
6 2 5 5 0.0519262
6 2 6 0 -0.0000000
6 2 6 1 0.0000000
6 2 6 2 0.1207938
6 2 6 3 0.0000000
6 2 6 4 0.0000000
6 2 6 5 -0.0000000
6 2 6 6 0.0453510
6 3 0 0 0.0000000
6 3 1 0 -0.0000000
6 3 1 1 -0.0000000
6 3 2 0 0.0070527
6 3 2 1 0.0156020
6 3 2 2 0.0000000
6 3 3 0 0.0000000
6 3 3 1 0.0000000
6 3 3 2 0.0276348
6 3 3 3 0.0000000
6 3 4 0 0.0000000
6 3 4 1 -0.0000000
6 3 4 2 -0.0084294
6 3 4 3 -0.0000000
6 3 4 4 -0.0000000
6 3 5 0 -0.0000000
6 3 5 1 0.0000000
6 3 5 2 0.0047602
6 3 5 3 -0.0000000
6 3 5 4 -0.0000000
6 3 5 5 0.0000000
6 3 6 0 0.0098118
6 3 6 1 0.0116665
6 3 6 2 0.0000000
6 3 6 3 0.0309094
6 3 6 4 -0.0109521
6 3 6 5 0.0017005
6 3 6 6 0.0000000
6 4 0 0 0.0000000
6 4 1 0 -0.0000000
6 4 1 1 0.0000000
6 4 2 0 -0.0072823
6 4 2 1 -0.0927829
6 4 2 2 0.0000000
6 4 3 0 -0.0000000
6 4 3 1 -0.0000000
6 4 3 2 -0.0370066
6 4 3 3 0.0000000
6 4 4 0 -0.0000000
6 4 4 1 0.0000000
6 4 4 2 -0.0863052
6 4 4 3 -0.0000000
6 4 4 4 0.0000000
6 4 5 0 -0.0000000
6 4 5 1 0.0000000
6 4 5 2 0.0170102
6 4 5 3 -0.0000000
6 4 5 4 -0.0000000
6 4 5 5 0.0000000
6 4 6 0 -0.0100120
6 4 6 1 0.0512679
6 4 6 2 0.0000000
6 4 6 3 -0.0109521
6 4 6 4 0.1120011
6 4 6 5 -0.0569416
6 4 6 6 -0.0000000
6 5 0 0 0.0000000
6 5 1 0 0.0000000
6 5 1 1 0.0000000
6 5 2 0 0.0074040
6 5 2 1 0.0591096
6 5 2 2 0.0000000
6 5 3 0 -0.0000000
6 5 3 1 0.0000000
6 5 3 2 0.0151724
6 5 3 3 0.0000000
6 5 4 0 0.0000000
6 5 4 1 -0.0000000
6 5 4 2 0.0453803
6 5 4 3 0.0000000
6 5 4 4 -0.0000000
6 5 5 0 0.0000000
6 5 5 1 0.0000000
6 5 5 2 0.0033558
6 5 5 3 -0.0000000
6 5 5 4 0.0000000
6 5 5 5 0.0000000
6 5 6 0 0.0097637
6 5 6 1 -0.0206012
6 5 6 2 -0.0000000
6 5 6 3 0.0017005
6 5 6 4 -0.0569416
6 5 6 5 0.0429509
6 5 6 6 0.0000000
6 6 0 0 0.7169020
6 6 1 0 -0.0056210
6 6 1 1 0.4984054
6 6 2 0 0.0000000
6 6 2 1 0.0000000
6 6 2 2 0.5303190
6 6 3 0 -0.0041906
6 6 3 1 0.0200162
6 6 3 2 0.0000000
6 6 3 3 0.4933860
6 6 4 0 0.0038483
6 6 4 1 0.0188481
6 6 4 2 0.0000000
6 6 4 3 -0.0292322
6 6 4 4 0.4794050
6 6 5 0 -0.0060383
6 6 5 1 0.0613257
6 6 5 2 -0.0000000
6 6 5 3 -0.0246106
6 6 5 4 -0.0359234
6 6 5 5 0.5018036
6 6 6 0 0.0000000
6 6 6 1 -0.0000000
6 6 6 2 0.0453510
6 6 6 3 0.0000000
6 6 6 4 -0.0000000
6 6 6 5 0.0000000
6 6 6 6 0.5529802
7 0 0 0 0.0850716
7 0 1 0 -0.0037500
7 0 1 1 0.0068850
7 0 2 0 0.0000000
7 0 2 1 -0.0000000
7 0 2 2 0.0006013
7 0 3 0 -0.0033905
7 0 3 1 0.0049805
7 0 3 2 -0.0000000
7 0 3 3 0.0045427
7 0 4 0 0.0033117
7 0 4 1 -0.0035110
7 0 4 2 -0.0000000
7 0 4 3 -0.0025512
7 0 4 4 0.0037360
7 0 5 0 -0.0053648
7 0 5 1 0.0043217
7 0 5 2 -0.0000000
7 0 5 3 0.0057370
7 0 5 4 -0.0033521
7 0 5 5 0.0047210
7 0 6 0 -0.0000000
7 0 6 1 0.0000000
7 0 6 2 -0.0016918
7 0 6 3 0.0000000
7 0 6 4 -0.0000000
7 0 6 5 0.0000000
7 0 6 6 -0.0006080
7 0 7 0 0.0112593
7 0 7 1 0.0015140
7 0 7 2 -0.0000000
7 0 7 3 0.0026133
7 0 7 4 -0.0014709
7 0 7 5 0.0031439
7 0 7 6 0.0000000
7 0 7 7 -0.0059809
7 1 0 0 0.0067333
7 1 1 0 0.0008251
7 1 1 1 0.0001988
7 1 2 0 -0.0000000
7 1 2 1 0.0000000
7 1 2 2 -0.0056566
7 1 3 0 0.0031952
7 1 3 1 0.0071635
7 1 3 2 -0.0000000
7 1 3 3 0.0110062
7 1 4 0 -0.0014686
7 1 4 1 -0.0072578
7 1 4 2 0.0000000
7 1 4 3 -0.0075750
7 1 4 4 -0.0012436
7 1 5 0 -0.0006031
7 1 5 1 0.0024588
7 1 5 2 -0.0000000
7 1 5 3 0.0048856
7 1 5 4 0.0011696
7 1 5 5 0.0000132
7 1 6 0 0.0000000
7 1 6 1 0.0000000
7 1 6 2 0.0027436
7 1 6 3 0.0000000
7 1 6 4 -0.0000000
7 1 6 5 0.0000000
7 1 6 6 -0.0046870
7 1 7 0 0.0015140
7 1 7 1 0.0101454
7 1 7 2 0.0000000
7 1 7 3 -0.0046706
7 1 7 4 -0.0069196
7 1 7 5 0.0004561
7 1 7 6 0.0000000
7 1 7 7 0.0022832
7 2 0 0 0.0000000
7 2 1 0 -0.0000000
7 2 1 1 -0.0000000
7 2 2 0 -0.0049010
7 2 2 1 -0.0222648
7 2 2 2 0.0000000
7 2 3 0 -0.0000000
7 2 3 1 -0.0000000
7 2 3 2 -0.0118843
7 2 3 3 -0.0000000
7 2 4 0 -0.0000000
7 2 4 1 0.0000000
7 2 4 2 -0.0123316
7 2 4 3 -0.0000000
7 2 4 4 0.0000000
7 2 5 0 -0.0000000
7 2 5 1 -0.0000000
7 2 5 2 -0.0043199
7 2 5 3 -0.0000000
7 2 5 4 -0.0000000
7 2 5 5 0.0000000
7 2 6 0 -0.0069239
7 2 6 1 0.0011016
7 2 6 2 0.0000000
7 2 6 3 -0.0099826
7 2 6 4 0.0182216
7 2 6 5 -0.0125523
7 2 6 6 -0.0000000
7 2 7 0 -0.0000000
7 2 7 1 0.0000000
7 2 7 2 0.0181448
7 2 7 3 -0.0000000
7 2 7 4 0.0000000
7 2 7 5 -0.0000000
7 2 7 6 0.0158420
7 2 7 7 -0.0000000
7 3 0 0 -0.0080146
7 3 1 0 0.0043367
7 3 1 1 0.0264432
7 3 2 0 -0.0000000
7 3 2 1 -0.0000000
7 3 2 2 0.0009270
7 3 3 0 -0.0024814
7 3 3 1 -0.0030450
7 3 3 2 -0.0000000
7 3 3 3 -0.0108130
7 3 4 0 -0.0004216
7 3 4 1 -0.0091071
7 3 4 2 -0.0000000
7 3 4 3 0.0161191
7 3 4 4 0.0152559
7 3 5 0 0.0080174
7 3 5 1 0.0023220
7 3 5 2 -0.0000000
7 3 5 3 0.0188137
7 3 5 4 -0.0025310
7 3 5 5 0.0223684
7 3 6 0 0.0000000
7 3 6 1 0.0000000
7 3 6 2 -0.0157471
7 3 6 3 -0.0000000
7 3 6 4 -0.0000000
7 3 6 5 0.0000000
7 3 6 6 -0.0050017
7 3 7 0 0.0026133
7 3 7 1 -0.0046706
7 3 7 2 -0.0000000
7 3 7 3 0.0265078
7 3 7 4 0.0011377
7 3 7 5 -0.0002868
7 3 7 6 0.0000000
7 3 7 7 0.0052831
7 4 0 0 0.0073338
7 4 1 0 -0.0021371
7 4 1 1 -0.0074110
7 4 2 0 -0.0000000
7 4 2 1 -0.0000000
7 4 2 2 -0.0037336
7 4 3 0 -0.0000559
7 4 3 1 -0.0011170
7 4 3 2 -0.0000000
7 4 3 3 0.0052378
7 4 4 0 0.0007583
7 4 4 1 -0.0006546
7 4 4 2 0.0000000
7 4 4 3 -0.0025657
7 4 4 4 -0.0045157
7 4 5 0 -0.0032788
7 4 5 1 -0.0021058
7 4 5 2 -0.0000000
7 4 5 3 -0.0048033
7 4 5 4 0.0052824
7 4 5 5 -0.0036615
7 4 6 0 -0.0000000
7 4 6 1 -0.0000000
7 4 6 2 0.0060493
7 4 6 3 -0.0000000
7 4 6 4 0.0000000
7 4 6 5 -0.0000000
7 4 6 6 0.0000581
7 4 7 0 -0.0014709
7 4 7 1 -0.0069196
7 4 7 2 0.0000000
7 4 7 3 0.0011377
7 4 7 4 0.0175912
7 4 7 5 0.0145282
7 4 7 6 0.0000000
7 4 7 7 0.0058597
7 5 0 0 -0.0107438
7 5 1 0 0.0011080
7 5 1 1 -0.0027212
7 5 2 0 -0.0000000
7 5 2 1 -0.0000000
7 5 2 2 -0.0049817
7 5 3 0 0.0078061
7 5 3 1 0.0186021
7 5 3 2 -0.0000000
7 5 3 3 0.0159337
7 5 4 0 -0.0031895
7 5 4 1 0.0001743
7 5 4 2 0.0000000
7 5 4 3 -0.0151734
7 5 4 4 0.0013647
7 5 5 0 -0.0031657
7 5 5 1 -0.0010731
7 5 5 2 0.0000000
7 5 5 3 0.0067117
7 5 5 4 -0.0042502
7 5 5 5 -0.0158782
7 5 6 0 0.0000000
7 5 6 1 0.0000000
7 5 6 2 -0.0033624
7 5 6 3 0.0000000
7 5 6 4 -0.0000000
7 5 6 5 0.0000000
7 5 6 6 -0.0020438
7 5 7 0 0.0031439
7 5 7 1 0.0004561
7 5 7 2 -0.0000000
7 5 7 3 -0.0002868
7 5 7 4 0.0145282
7 5 7 5 0.0328916
7 5 7 6 -0.0000000
7 5 7 7 -0.0183947
7 6 0 0 -0.0000000
7 6 1 0 0.0000000
7 6 1 1 0.0000000
7 6 2 0 -0.0055311
7 6 2 1 -0.0124923
7 6 2 2 0.0000000
7 6 3 0 0.0000000
7 6 3 1 0.0000000
7 6 3 2 -0.0113094
7 6 3 3 -0.0000000
7 6 4 0 -0.0000000
7 6 4 1 -0.0000000
7 6 4 2 -0.0008813
7 6 4 3 -0.0000000
7 6 4 4 0.0000000
7 6 5 0 0.0000000
7 6 5 1 0.0000000
7 6 5 2 -0.0063419
7 6 5 3 0.0000000
7 6 5 4 -0.0000000
7 6 5 5 0.0000000
7 6 6 0 -0.0078743
7 6 6 1 -0.0056307
7 6 6 2 -0.0000000
7 6 6 3 -0.0122580
7 6 6 4 0.0075015
7 6 6 5 -0.0065427
7 6 6 6 -0.0000000
7 6 7 0 0.0000000
7 6 7 1 0.0000000
7 6 7 2 0.0158420
7 6 7 3 0.0000000
7 6 7 4 0.0000000
7 6 7 5 -0.0000000
7 6 7 6 0.0199618
7 6 7 7 -0.0000000
7 7 0 0 0.5615250
7 7 1 0 -0.0065557
7 7 1 1 0.4325626
7 7 2 0 0.0000000
7 7 2 1 0.0000000
7 7 2 2 0.4030372
7 7 3 0 -0.0083458
7 7 3 1 -0.0406225
7 7 3 2 -0.0000000
7 7 3 3 0.4244700
7 7 4 0 0.0052964
7 7 4 1 -0.0515629
7 7 4 2 0.0000000
7 7 4 3 0.0202360
7 7 4 4 0.4111673
7 7 5 0 -0.0047171
7 7 5 1 0.0145759
7 7 5 2 -0.0000000
7 7 5 3 0.0073312
7 7 5 4 0.0484173
7 7 5 5 0.4825724
7 7 6 0 -0.0000000
7 7 6 1 0.0000000
7 7 6 2 0.0463710
7 7 6 3 0.0000000
7 7 6 4 0.0000000
7 7 6 5 -0.0000000
7 7 6 6 0.4124607
7 7 7 0 -0.0059809
7 7 7 1 0.0022832
7 7 7 2 -0.0000000
7 7 7 3 0.0052831
7 7 7 4 0.0058597
7 7 7 5 -0.0183947
7 7 7 6 -0.0000000
7 7 7 7 0.5146546
8 0 0 0 0.0000000
8 0 1 0 -0.0000000
8 0 1 1 -0.0000000
8 0 2 0 0.0002441
8 0 2 1 0.0003105
8 0 2 2 -0.0000000
8 0 3 0 0.0000000
8 0 3 1 0.0000000
8 0 3 2 0.0001745
8 0 3 3 0.0000000
8 0 4 0 0.0000000
8 0 4 1 0.0000000
8 0 4 2 -0.0001008
8 0 4 3 0.0000000
8 0 4 4 -0.0000000
8 0 5 0 -0.0000000
8 0 5 1 -0.0000000
8 0 5 2 0.0002903
8 0 5 3 0.0000000
8 0 5 4 0.0000000
8 0 5 5 -0.0000000
8 0 6 0 0.0003424
8 0 6 1 0.0002522
8 0 6 2 0.0000000
8 0 6 3 0.0001929
8 0 6 4 -0.0000461
8 0 6 5 0.0002060
8 0 6 6 0.0000000
8 0 7 0 -0.0000000
8 0 7 1 0.0000000
8 0 7 2 -0.0001286
8 0 7 3 -0.0000000
8 0 7 4 -0.0000000
8 0 7 5 0.0000000
8 0 7 6 -0.0001576
8 0 7 7 0.0000000
8 0 8 0 0.0000107
8 0 8 1 -0.0000434
8 0 8 2 -0.0000000
8 0 8 3 0.0000870
8 0 8 4 0.0000850
8 0 8 5 0.0002158
8 0 8 6 0.0000000
8 0 8 7 0.0000302
8 0 8 8 -0.0000000
8 1 0 0 -0.0000000
8 1 1 0 -0.0000000
8 1 1 1 -0.0000000
8 1 2 0 0.0021026
8 1 2 1 0.0343472
8 1 2 2 0.0000000
8 1 3 0 0.0000000
8 1 3 1 0.0000000
8 1 3 2 0.0082277
8 1 3 3 0.0000000
8 1 4 0 0.0000000
8 1 4 1 -0.0000000
8 1 4 2 0.0296246
8 1 4 3 0.0000000
8 1 4 4 -0.0000000
8 1 5 0 -0.0000000
8 1 5 1 0.0000000
8 1 5 2 -0.0014677
8 1 5 3 0.0000000
8 1 5 4 0.0000000
8 1 5 5 -0.0000000
8 1 6 0 0.0026990
8 1 6 1 -0.0174745
8 1 6 2 -0.0000000
8 1 6 3 0.0007435
8 1 6 4 -0.0356813
8 1 6 5 0.0200215
8 1 6 6 0.0000000
8 1 7 0 -0.0000000
8 1 7 1 0.0000000
8 1 7 2 -0.0068430
8 1 7 3 -0.0000000
8 1 7 4 -0.0000000
8 1 7 5 -0.0000000
8 1 7 6 -0.0011762
8 1 7 7 0.0000000
8 1 8 0 -0.0000434
8 1 8 1 0.0262141
8 1 8 2 0.0000000
8 1 8 3 -0.0129306
8 1 8 4 -0.0052765
8 1 8 5 -0.0260606
8 1 8 6 -0.0000000
8 1 8 7 0.0004023
8 1 8 8 0.0000000
8 2 0 0 0.0339996
8 2 1 0 0.0001680
8 2 1 1 0.0186946
8 2 2 0 0.0000000
8 2 2 1 0.0000000
8 2 2 2 0.0294864
8 2 3 0 -0.0003058
8 2 3 1 0.0117469
8 2 3 2 0.0000000
8 2 3 3 0.0153137
8 2 4 0 0.0000328
8 2 4 1 0.0178567
8 2 4 2 0.0000000
8 2 4 3 -0.0127759
8 2 4 4 0.0114127
8 2 5 0 0.0003532
8 2 5 1 0.0186512
8 2 5 2 0.0000000
8 2 5 3 -0.0142118
8 2 5 4 -0.0233901
8 2 5 5 0.0043827
8 2 6 0 0.0000000
8 2 6 1 -0.0000000
8 2 6 2 0.0026561
8 2 6 3 0.0000000
8 2 6 4 -0.0000000
8 2 6 5 0.0000000
8 2 6 6 0.0294445
8 2 7 0 0.0000063
8 2 7 1 -0.0026722
8 2 7 2 -0.0000000
8 2 7 3 -0.0032359
8 2 7 4 -0.0013497
8 2 7 5 0.0011124
8 2 7 6 0.0000000
8 2 7 7 -0.0204495
8 2 8 0 -0.0000000
8 2 8 1 0.0000000
8 2 8 2 0.0208817
8 2 8 3 0.0000000
8 2 8 4 -0.0000000
8 2 8 5 -0.0000000
8 2 8 6 -0.0165269
8 2 8 7 -0.0000000
8 2 8 8 -0.0588432
8 3 0 0 0.0000000
8 3 1 0 0.0000000
8 3 1 1 0.0000000
8 3 2 0 -0.0002882
8 3 2 1 -0.0071726
8 3 2 2 0.0000000
8 3 3 0 -0.0000000
8 3 3 1 0.0000000
8 3 3 2 -0.0002012
8 3 3 3 0.0000000
8 3 4 0 -0.0000000
8 3 4 1 0.0000000
8 3 4 2 -0.0075074
8 3 4 3 -0.0000000
8 3 4 4 0.0000000
8 3 5 0 0.0000000
8 3 5 1 0.0000000
8 3 5 2 -0.0008462
8 3 5 3 -0.0000000
8 3 5 4 -0.0000000
8 3 5 5 0.0000000
8 3 6 0 -0.0003386
8 3 6 1 0.0043413
8 3 6 2 0.0000000
8 3 6 3 0.0013397
8 3 6 4 0.0083624
8 3 6 5 -0.0039687
8 3 6 6 -0.0000000
8 3 7 0 0.0000000
8 3 7 1 -0.0000000
8 3 7 2 0.0014192
8 3 7 3 -0.0000000
8 3 7 4 -0.0000000
8 3 7 5 0.0000000
8 3 7 6 0.0000462
8 3 7 7 -0.0000000
8 3 8 0 0.0000870
8 3 8 1 -0.0129306
8 3 8 2 0.0000000
8 3 8 3 0.0093852
8 3 8 4 0.0088791
8 3 8 5 0.0162032
8 3 8 6 -0.0000000
8 3 8 7 0.0011009
8 3 8 8 -0.0000000
8 4 0 0 -0.0000000
8 4 1 0 -0.0000000
8 4 1 1 -0.0000000
8 4 2 0 0.0003355
8 4 2 1 0.0124039
8 4 2 2 -0.0000000
8 4 3 0 -0.0000000
8 4 3 1 -0.0000000
8 4 3 2 0.0031161
8 4 3 3 0.0000000
8 4 4 0 0.0000000
8 4 4 1 -0.0000000
8 4 4 2 0.0120322
8 4 4 3 0.0000000
8 4 4 4 -0.0000000
8 4 5 0 -0.0000000
8 4 5 1 0.0000000
8 4 5 2 -0.0062350
8 4 5 3 0.0000000
8 4 5 4 0.0000000
8 4 5 5 -0.0000000
8 4 6 0 0.0005533
8 4 6 1 -0.0094745
8 4 6 2 -0.0000000
8 4 6 3 0.0005845
8 4 6 4 -0.0143915
8 4 6 5 0.0099015
8 4 6 6 0.0000000
8 4 7 0 -0.0000000
8 4 7 1 0.0000000
8 4 7 2 -0.0017266
8 4 7 3 0.0000000
8 4 7 4 -0.0000000
8 4 7 5 -0.0000000
8 4 7 6 -0.0009561
8 4 7 7 0.0000000
8 4 8 0 0.0000850
8 4 8 1 -0.0052765
8 4 8 2 -0.0000000
8 4 8 3 0.0088791
8 4 8 4 0.0167071
8 4 8 5 0.0119325
8 4 8 6 0.0000000
8 4 8 7 -0.0012261
8 4 8 8 0.0000000
8 5 0 0 0.0000000
8 5 1 0 0.0000000
8 5 1 1 0.0000000
8 5 2 0 -0.0004412
8 5 2 1 -0.0206255
8 5 2 2 0.0000000
8 5 3 0 -0.0000000
8 5 3 1 -0.0000000
8 5 3 2 -0.0054358
8 5 3 3 -0.0000000
8 5 4 0 -0.0000000
8 5 4 1 0.0000000
8 5 4 2 -0.0247177
8 5 4 3 -0.0000000
8 5 4 4 0.0000000
8 5 5 0 0.0000000
8 5 5 1 -0.0000000
8 5 5 2 0.0044517
8 5 5 3 -0.0000000
8 5 5 4 -0.0000000
8 5 5 5 0.0000000
8 5 6 0 -0.0006040
8 5 6 1 0.0166193
8 5 6 2 0.0000000
8 5 6 3 0.0013572
8 5 6 4 0.0293526
8 5 6 5 -0.0129227
8 5 6 6 -0.0000000
8 5 7 0 0.0000000
8 5 7 1 -0.0000000
8 5 7 2 0.0039887
8 5 7 3 0.0000000
8 5 7 4 -0.0000000
8 5 7 5 0.0000000
8 5 7 6 -0.0013573
8 5 7 7 -0.0000000
8 5 8 0 0.0002158
8 5 8 1 -0.0260606
8 5 8 2 -0.0000000
8 5 8 3 0.0162032
8 5 8 4 0.0119325
8 5 8 5 0.0334591
8 5 8 6 -0.0000000
8 5 8 7 -0.0007826
8 5 8 8 -0.0000000
8 6 0 0 -0.0001586
8 6 1 0 -0.0001985
8 6 1 1 -0.0060400
8 6 2 0 -0.0000000
8 6 2 1 -0.0000000
8 6 2 2 -0.0133363
8 6 3 0 -0.0003147
8 6 3 1 -0.0088906
8 6 3 2 -0.0000000
8 6 3 3 0.0015653
8 6 4 0 0.0002601
8 6 4 1 -0.0196402
8 6 4 2 -0.0000000
8 6 4 3 0.0066689
8 6 4 4 -0.0079987
8 6 5 0 -0.0001060
8 6 5 1 -0.0047983
8 6 5 2 -0.0000000
8 6 5 3 0.0082035
8 6 5 4 0.0207568
8 6 5 5 0.0082671
8 6 6 0 -0.0000000
8 6 6 1 0.0000000
8 6 6 2 0.0103510
8 6 6 3 0.0000000
8 6 6 4 0.0000000
8 6 6 5 -0.0000000
8 6 6 6 -0.0168511
8 6 7 0 -0.0001248
8 6 7 1 0.0024460
8 6 7 2 0.0000000
8 6 7 3 0.0017614
8 6 7 4 0.0005333
8 6 7 5 -0.0032751
8 6 7 6 -0.0000000
8 6 7 7 0.0251055
8 6 8 0 0.0000000
8 6 8 1 -0.0000000
8 6 8 2 -0.0165269
8 6 8 3 -0.0000000
8 6 8 4 0.0000000
8 6 8 5 -0.0000000
8 6 8 6 0.0156323
8 6 8 7 0.0000000
8 6 8 8 0.0438054
8 7 0 0 -0.0000000
8 7 1 0 0.0000000
8 7 1 1 0.0000000
8 7 2 0 -0.0002684
8 7 2 1 -0.0031590
8 7 2 2 0.0000000
8 7 3 0 -0.0000000
8 7 3 1 -0.0000000
8 7 3 2 -0.0014753
8 7 3 3 -0.0000000
8 7 4 0 -0.0000000
8 7 4 1 0.0000000
8 7 4 2 -0.0019772
8 7 4 3 -0.0000000
8 7 4 4 0.0000000
8 7 5 0 0.0000000
8 7 5 1 -0.0000000
8 7 5 2 0.0007910
8 7 5 3 0.0000000
8 7 5 4 -0.0000000
8 7 5 5 0.0000000
8 7 6 0 -0.0003261
8 7 6 1 0.0022015
8 7 6 2 0.0000000
8 7 6 3 -0.0001797
8 7 6 4 0.0025779
8 7 6 5 -0.0025897
8 7 6 6 -0.0000000
8 7 7 0 -0.0000000
8 7 7 1 0.0000000
8 7 7 2 -0.0036199
8 7 7 3 -0.0000000
8 7 7 4 0.0000000
8 7 7 5 -0.0000000
8 7 7 6 0.0039994
8 7 7 7 -0.0000000
8 7 8 0 0.0000302
8 7 8 1 0.0004023
8 7 8 2 -0.0000000
8 7 8 3 0.0011009
8 7 8 4 -0.0012261
8 7 8 5 -0.0007826
8 7 8 6 0.0000000
8 7 8 7 0.0210482
8 7 8 8 -0.0000000
8 8 0 0 0.3245194
8 8 1 0 0.0030557
8 8 1 1 0.4389259
8 8 2 0 0.0000000
8 8 2 1 0.0000000
8 8 2 2 0.3533247
8 8 3 0 -0.0040520
8 8 3 1 -0.0744745
8 8 3 2 -0.0000000
8 8 3 3 0.3350427
8 8 4 0 0.0007017
8 8 4 1 -0.0582067
8 8 4 2 -0.0000000
8 8 4 3 0.0891955
8 8 4 4 0.4434006
8 8 5 0 0.0068185
8 8 5 1 -0.0686295
8 8 5 2 -0.0000000
8 8 5 3 0.0760173
8 8 5 4 0.0746153
8 8 5 5 0.4675218
8 8 6 0 0.0000000
8 8 6 1 0.0000000
8 8 6 2 -0.0511783
8 8 6 3 -0.0000000
8 8 6 4 -0.0000000
8 8 6 5 -0.0000000
8 8 6 6 0.3537991
8 8 7 0 0.0014021
8 8 7 1 0.0022308
8 8 7 2 -0.0000000
8 8 7 3 0.0301780
8 8 7 4 -0.0012547
8 8 7 5 -0.0110649
8 8 7 6 -0.0000000
8 8 7 7 0.4670423
8 8 8 0 -0.0000000
8 8 8 1 0.0000000
8 8 8 2 -0.0588432
8 8 8 3 -0.0000000
8 8 8 4 0.0000000
8 8 8 5 -0.0000000
8 8 8 6 0.0438054
8 8 8 7 -0.0000000
8 8 8 8 0.6728328
9 0 0 0 0.0028046
9 0 1 0 -0.0000988
9 0 1 1 0.0003634
9 0 2 0 0.0000000
9 0 2 1 -0.0000000
9 0 2 2 0.0003799
9 0 3 0 -0.0001149
9 0 3 1 0.0001824
9 0 3 2 -0.0000000
9 0 3 3 0.0004987
9 0 4 0 0.0000868
9 0 4 1 -0.0000297
9 0 4 2 0.0000000
9 0 4 3 -0.0002737
9 0 4 4 0.0001052
9 0 5 0 -0.0001048
9 0 5 1 0.0004526
9 0 5 2 0.0000000
9 0 5 3 -0.0001564
9 0 5 4 -0.0002260
9 0 5 5 0.0004052
9 0 6 0 -0.0000000
9 0 6 1 0.0000000
9 0 6 2 0.0003011
9 0 6 3 0.0000000
9 0 6 4 0.0000000
9 0 6 5 0.0000000
9 0 6 6 0.0004156
9 0 7 0 0.0001227
9 0 7 1 0.0000084
9 0 7 2 -0.0000000
9 0 7 3 -0.0000030
9 0 7 4 -0.0000099
9 0 7 5 0.0000345
9 0 7 6 0.0000000
9 0 7 7 -0.0000327
9 0 8 0 0.0000000
9 0 8 1 -0.0000000
9 0 8 2 0.0001435
9 0 8 3 0.0000000
9 0 8 4 -0.0000000
9 0 8 5 0.0000000
9 0 8 6 -0.0000840
9 0 8 7 0.0000000
9 0 8 8 -0.0004259
9 0 9 0 0.0000059
9 0 9 1 -0.0000149
9 0 9 2 -0.0000000
9 0 9 3 0.0000783
9 0 9 4 0.0001603
9 0 9 5 0.0001136
9 0 9 6 -0.0000000
9 0 9 7 0.0000184
9 0 9 8 -0.0000000
9 0 9 9 -0.0027338
9 1 0 0 0.0047963
9 1 1 0 0.0000908
9 1 1 1 0.0028196
9 1 2 0 -0.0000000
9 1 2 1 -0.0000000
9 1 2 2 0.0041013
9 1 3 0 0.0000124
9 1 3 1 0.0022362
9 1 3 2 0.0000000
9 1 3 3 0.0020552
9 1 4 0 -0.0000324
9 1 4 1 0.0028078
9 1 4 2 0.0000000
9 1 4 3 -0.0025685
9 1 4 4 0.0006466
9 1 5 0 0.0001188
9 1 5 1 0.0031915
9 1 5 2 0.0000000
9 1 5 3 -0.0021533
9 1 5 4 -0.0041824
9 1 5 5 0.0005230
9 1 6 0 0.0000000
9 1 6 1 -0.0000000
9 1 6 2 -0.0000142
9 1 6 3 0.0000000
9 1 6 4 0.0000000
9 1 6 5 0.0000000
9 1 6 6 0.0041644
9 1 7 0 0.0000757
9 1 7 1 -0.0003687
9 1 7 2 -0.0000000
9 1 7 3 0.0001188
9 1 7 4 0.0001810
9 1 7 5 0.0006707
9 1 7 6 0.0000000
9 1 7 7 -0.0009908
9 1 8 0 0.0000000
9 1 8 1 -0.0000000
9 1 8 2 0.0018025
9 1 8 3 0.0000000
9 1 8 4 -0.0000000
9 1 8 5 0.0000000
9 1 8 6 -0.0015162
9 1 8 7 0.0000000
9 1 8 8 -0.0031460
9 1 9 0 -0.0000149
9 1 9 1 0.0028134
9 1 9 2 0.0000000
9 1 9 3 -0.0029385
9 1 9 4 -0.0049092
9 1 9 5 -0.0051895
9 1 9 6 0.0000000
9 1 9 7 0.0007036
9 1 9 8 0.0000000
9 1 9 9 0.0160470
9 2 0 0 0.0000000
9 2 1 0 -0.0000000
9 2 1 1 -0.0000000
9 2 2 0 0.0001417
9 2 2 1 0.0021279
9 2 2 2 0.0000000
9 2 3 0 0.0000000
9 2 3 1 0.0000000
9 2 3 2 0.0007187
9 2 3 3 0.0000000
9 2 4 0 0.0000000
9 2 4 1 -0.0000000
9 2 4 2 0.0021422
9 2 4 3 0.0000000
9 2 4 4 -0.0000000
9 2 5 0 -0.0000000
9 2 5 1 0.0000000
9 2 5 2 0.0000932
9 2 5 3 -0.0000000
9 2 5 4 0.0000000
9 2 5 5 -0.0000000
9 2 6 0 0.0001778
9 2 6 1 -0.0010230
9 2 6 2 -0.0000000
9 2 6 3 -0.0000793
9 2 6 4 -0.0025005
9 2 6 5 0.0010944
9 2 6 6 0.0000000
9 2 7 0 -0.0000000
9 2 7 1 0.0000000
9 2 7 2 -0.0003581
9 2 7 3 -0.0000000
9 2 7 4 0.0000000
9 2 7 5 0.0000000
9 2 7 6 -0.0000096
9 2 7 7 0.0000000
9 2 8 0 -0.0000022
9 2 8 1 0.0017851
9 2 8 2 0.0000000
9 2 8 3 -0.0011258
9 2 8 4 -0.0010994
9 2 8 5 -0.0020832
9 2 8 6 0.0000000
9 2 8 7 -0.0000222
9 2 8 8 0.0000000
9 2 9 0 -0.0000000
9 2 9 1 0.0000000
9 2 9 2 0.0013545
9 2 9 3 -0.0000000
9 2 9 4 -0.0000000
9 2 9 5 -0.0000000
9 2 9 6 -0.0012635
9 2 9 7 -0.0000000
9 2 9 8 -0.0041619
9 2 9 9 0.0000000
9 3 0 0 -0.0000125
9 3 1 0 0.0000537
9 3 1 1 0.0005497
9 3 2 0 0.0000000
9 3 2 1 0.0000000
9 3 2 2 -0.0003817
9 3 3 0 0.0000476
9 3 3 1 -0.0003199
9 3 3 2 -0.0000000
9 3 3 3 0.0005355
9 3 4 0 -0.0000392
9 3 4 1 -0.0010649
9 3 4 2 0.0000000
9 3 4 3 0.0006406
9 3 4 4 0.0008608
9 3 5 0 0.0000422
9 3 5 1 -0.0002456
9 3 5 2 -0.0000000
9 3 5 3 0.0007172
9 3 5 4 0.0007759
9 3 5 5 0.0004240
9 3 6 0 0.0000000
9 3 6 1 0.0000000
9 3 6 2 0.0003095
9 3 6 3 -0.0000000
9 3 6 4 -0.0000000
9 3 6 5 0.0000000
9 3 6 6 -0.0004755
9 3 7 0 0.0000507
9 3 7 1 -0.0000724
9 3 7 2 -0.0000000
9 3 7 3 0.0000181
9 3 7 4 0.0000345
9 3 7 5 0.0002646
9 3 7 6 0.0000000
9 3 7 7 -0.0021374
9 3 8 0 -0.0000000
9 3 8 1 0.0000000
9 3 8 2 0.0007029
9 3 8 3 -0.0000000
9 3 8 4 -0.0000000
9 3 8 5 -0.0000000
9 3 8 6 -0.0005563
9 3 8 7 -0.0000000
9 3 8 8 -0.0028316
9 3 9 0 0.0000783
9 3 9 1 -0.0029385
9 3 9 2 -0.0000000
9 3 9 3 0.0044726
9 3 9 4 0.0079941
9 3 9 5 0.0070964
9 3 9 6 -0.0000000
9 3 9 7 0.0005929
9 3 9 8 -0.0000000
9 3 9 9 -0.0668890
9 4 0 0 0.0010902
9 4 1 0 -0.0000135
9 4 1 1 0.0014360
9 4 2 0 -0.0000000
9 4 2 1 -0.0000000
9 4 2 2 0.0011253
9 4 3 0 -0.0000663
9 4 3 1 -0.0002557
9 4 3 2 -0.0000000
9 4 3 3 0.0007401
9 4 4 0 0.0000060
9 4 4 1 0.0005159
9 4 4 2 -0.0000000
9 4 4 3 0.0002625
9 4 4 4 0.0017686
9 4 5 0 0.0000054
9 4 5 1 0.0003101
9 4 5 2 0.0000000
9 4 5 3 -0.0005741
9 4 5 4 -0.0009756
9 4 5 5 0.0000514
9 4 6 0 -0.0000000
9 4 6 1 0.0000000
9 4 6 2 -0.0000539
9 4 6 3 -0.0000000
9 4 6 4 0.0000000
9 4 6 5 -0.0000000
9 4 6 6 0.0014075
9 4 7 0 -0.0000494
9 4 7 1 -0.0003483
9 4 7 2 0.0000000
9 4 7 3 -0.0008433
9 4 7 4 -0.0003956
9 4 7 5 -0.0000511
9 4 7 6 0.0000000
9 4 7 7 -0.0056289
9 4 8 0 0.0000000
9 4 8 1 -0.0000000
9 4 8 2 0.0028523
9 4 8 3 0.0000000
9 4 8 4 -0.0000000
9 4 8 5 0.0000000
9 4 8 6 -0.0024982
9 4 8 7 0.0000000
9 4 8 8 -0.0081893
9 4 9 0 0.0001603
9 4 9 1 -0.0049092
9 4 9 2 -0.0000000
9 4 9 3 0.0079941
9 4 9 4 0.0150339
9 4 9 5 0.0127595
9 4 9 6 -0.0000000
9 4 9 7 -0.0004861
9 4 9 8 0.0000000
9 4 9 9 -0.1478142
9 5 0 0 0.0030744
9 5 1 0 0.0000989
9 5 1 1 0.0028556
9 5 2 0 0.0000000
9 5 2 1 0.0000000
9 5 2 2 0.0000965
9 5 3 0 -0.0001168
9 5 3 1 -0.0017304
9 5 3 2 -0.0000000
9 5 3 3 0.0026501
9 5 4 0 0.0000027
9 5 4 1 -0.0034641
9 5 4 2 0.0000000
9 5 4 3 0.0016078
9 5 4 4 0.0023582
9 5 5 0 0.0001814
9 5 5 1 0.0003004
9 5 5 2 -0.0000000
9 5 5 3 0.0011201
9 5 5 4 0.0026065
9 5 5 5 0.0036220
9 5 6 0 0.0000000
9 5 6 1 0.0000000
9 5 6 2 0.0017653
9 5 6 3 -0.0000000
9 5 6 4 -0.0000000
9 5 6 5 0.0000000
9 5 6 6 -0.0003869
9 5 7 0 0.0000407
9 5 7 1 0.0002253
9 5 7 2 -0.0000000
9 5 7 3 -0.0003459
9 5 7 4 -0.0004549
9 5 7 5 -0.0004820
9 5 7 6 0.0000000
9 5 7 7 -0.0009344
9 5 8 0 -0.0000000
9 5 8 1 0.0000000
9 5 8 2 0.0007734
9 5 8 3 -0.0000000
9 5 8 4 -0.0000000
9 5 8 5 -0.0000000
9 5 8 6 -0.0002686
9 5 8 7 -0.0000000
9 5 8 8 -0.0031699
9 5 9 0 0.0001136
9 5 9 1 -0.0051895
9 5 9 2 -0.0000000
9 5 9 3 0.0070964
9 5 9 4 0.0127595
9 5 9 5 0.0118747
9 5 9 6 -0.0000000
9 5 9 7 -0.0008918
9 5 9 8 -0.0000000
9 5 9 9 -0.0955531
9 6 0 0 0.0000000
9 6 1 0 0.0000000
9 6 1 1 0.0000000
9 6 2 0 -0.0000706
9 6 2 1 -0.0021074
9 6 2 2 -0.0000000
9 6 3 0 -0.0000000
9 6 3 1 -0.0000000
9 6 3 2 -0.0006925
9 6 3 3 -0.0000000
9 6 4 0 -0.0000000
9 6 4 1 -0.0000000
9 6 4 2 -0.0025091
9 6 4 3 -0.0000000
9 6 4 4 0.0000000
9 6 5 0 0.0000000
9 6 5 1 -0.0000000
9 6 5 2 0.0003403
9 6 5 3 0.0000000
9 6 5 4 -0.0000000
9 6 5 5 0.0000000
9 6 6 0 -0.0000937
9 6 6 1 0.0015216
9 6 6 2 0.0000000
9 6 6 3 0.0001380
9 6 6 4 0.0029662
9 6 6 5 -0.0012397
9 6 6 6 -0.0000000
9 6 7 0 0.0000000
9 6 7 1 0.0000000
9 6 7 2 0.0004271
9 6 7 3 0.0000000
9 6 7 4 0.0000000
9 6 7 5 -0.0000000
9 6 7 6 0.0000324
9 6 7 7 0.0000000
9 6 8 0 0.0000114
9 6 8 1 -0.0019481
9 6 8 2 -0.0000000
9 6 8 3 0.0012015
9 6 8 4 0.0009802
9 6 8 5 0.0024466
9 6 8 6 0.0000000
9 6 8 7 0.0001148
9 6 8 8 0.0000000
9 6 9 0 -0.0000000
9 6 9 1 0.0000000
9 6 9 2 -0.0012635
9 6 9 3 -0.0000000
9 6 9 4 -0.0000000
9 6 9 5 -0.0000000
9 6 9 6 0.0012026
9 6 9 7 0.0000000
9 6 9 8 0.0037575
9 6 9 9 0.0000000
9 7 0 0 0.0009786
9 7 1 0 -0.0000854
9 7 1 1 -0.0008612
9 7 2 0 0.0000000
9 7 2 1 -0.0000000
9 7 2 2 -0.0002167
9 7 3 0 -0.0000324
9 7 3 1 -0.0002713
9 7 3 2 -0.0000000
9 7 3 3 0.0003501
9 7 4 0 0.0000439
9 7 4 1 -0.0001651
9 7 4 2 0.0000000
9 7 4 3 0.0000722
9 7 4 4 -0.0003859
9 7 5 0 -0.0000834
9 7 5 1 0.0003511
9 7 5 2 -0.0000000
9 7 5 3 -0.0001096
9 7 5 4 0.0004270
9 7 5 5 -0.0001090
9 7 6 0 -0.0000000
9 7 6 1 0.0000000
9 7 6 2 0.0007369
9 7 6 3 0.0000000
9 7 6 4 0.0000000
9 7 6 5 -0.0000000
9 7 6 6 -0.0002797
9 7 7 0 -0.0000534
9 7 7 1 -0.0009253
9 7 7 2 -0.0000000
9 7 7 3 0.0008156
9 7 7 4 0.0018536
9 7 7 5 0.0013979
9 7 7 6 -0.0000000
9 7 7 7 0.0001771
9 7 8 0 0.0000000
9 7 8 1 0.0000000
9 7 8 2 -0.0002550
9 7 8 3 -0.0000000
9 7 8 4 0.0000000
9 7 8 5 -0.0000000
9 7 8 6 0.0003914
9 7 8 7 -0.0000000
9 7 8 8 -0.0000619
9 7 9 0 0.0000184
9 7 9 1 0.0007036
9 7 9 2 -0.0000000
9 7 9 3 0.0005929
9 7 9 4 -0.0004861
9 7 9 5 -0.0008918
9 7 9 6 0.0000000
9 7 9 7 0.0091562
9 7 9 8 0.0000000
9 7 9 9 0.0149403
9 8 0 0 0.0000000
9 8 1 0 -0.0000000
9 8 1 1 -0.0000000
9 8 2 0 0.0001078
9 8 2 1 0.0032496
9 8 2 2 0.0000000
9 8 3 0 0.0000000
9 8 3 1 0.0000000
9 8 3 2 0.0001787
9 8 3 3 0.0000000
9 8 4 0 0.0000000
9 8 4 1 -0.0000000
9 8 4 2 0.0019123
9 8 4 3 0.0000000
9 8 4 4 -0.0000000
9 8 5 0 -0.0000000
9 8 5 1 0.0000000
9 8 5 2 -0.0016083
9 8 5 3 -0.0000000
9 8 5 4 0.0000000
9 8 5 5 -0.0000000
9 8 6 0 0.0001549
9 8 6 1 -0.0024871
9 8 6 2 -0.0000000
9 8 6 3 0.0005269
9 8 6 4 -0.0026746
9 8 6 5 0.0028774
9 8 6 6 0.0000000
9 8 7 0 -0.0000000
9 8 7 1 0.0000000
9 8 7 2 -0.0004588
9 8 7 3 -0.0000000
9 8 7 4 -0.0000000
9 8 7 5 -0.0000000
9 8 7 6 -0.0000595
9 8 7 7 0.0000000
9 8 8 0 -0.0000159
9 8 8 1 -0.0001566
9 8 8 2 -0.0000000
9 8 8 3 0.0014990
9 8 8 4 0.0042562
9 8 8 5 0.0012967
9 8 8 6 -0.0000000
9 8 8 7 -0.0004312
9 8 8 8 0.0000000
9 8 9 0 -0.0000000
9 8 9 1 0.0000000
9 8 9 2 -0.0041619
9 8 9 3 -0.0000000
9 8 9 4 0.0000000
9 8 9 5 -0.0000000
9 8 9 6 0.0037575
9 8 9 7 0.0000000
9 8 9 8 0.0145315
9 8 9 9 0.0000000
9 9 0 0 0.3431406
9 9 1 0 0.0037312
9 9 1 1 0.5009757
9 9 2 0 0.0000000
9 9 2 1 0.0000000
9 9 2 2 0.3708621
9 9 3 0 -0.0047244
9 9 3 1 -0.1212333
9 9 3 2 -0.0000000
9 9 3 3 0.3920571
9 9 4 0 0.0012260
9 9 4 1 -0.1332928
9 9 4 2 -0.0000000
9 9 4 3 0.1591650
9 9 4 4 0.5539181
9 9 5 0 0.0083878
9 9 5 1 -0.1211032
9 9 5 2 -0.0000000
9 9 5 3 0.1403776
9 9 5 4 0.1824660
9 9 5 5 0.5903321
9 9 6 0 0.0000000
9 9 6 1 0.0000000
9 9 6 2 -0.0550659
9 9 6 3 -0.0000000
9 9 6 4 -0.0000000
9 9 6 5 -0.0000000
9 9 6 6 0.3647075
9 9 7 0 0.0020321
9 9 7 1 0.0098249
9 9 7 2 -0.0000000
9 9 7 3 0.0467646
9 9 7 4 0.0046158
9 9 7 5 -0.0162651
9 9 7 6 -0.0000000
9 9 7 7 0.6182420
9 9 8 0 -0.0000000
9 9 8 1 0.0000000
9 9 8 2 -0.1072792
9 9 8 3 -0.0000000
9 9 8 4 0.0000000
9 9 8 5 -0.0000000
9 9 8 6 0.0916313
9 9 8 7 -0.0000000
9 9 8 8 0.8416888
9 9 9 0 -0.0027338
9 9 9 1 0.0160470
9 9 9 2 0.0000000
9 9 9 3 -0.0668890
9 9 9 4 -0.1478142
9 9 9 5 -0.0955531
9 9 9 6 0.0000000
9 9 9 7 0.0149403
9 9 9 8 0.0000000
9 9 9 9 3.4993865
10 0 0 0 -0.0250957
10 0 1 0 0.0009917
10 0 1 1 -0.0026584
10 0 2 0 -0.0000000
10 0 2 1 0.0000000
10 0 2 2 -0.0012805
10 0 3 0 0.0009462
10 0 3 1 -0.0015504
10 0 3 2 0.0000000
10 0 3 3 -0.0025033
10 0 4 0 -0.0008793
10 0 4 1 0.0009431
10 0 4 2 -0.0000000
10 0 4 3 0.0012426
10 0 4 4 -0.0013009
10 0 5 0 0.0013553
10 0 5 1 -0.0021340
10 0 5 2 0.0000000
10 0 5 3 -0.0009063
10 0 5 4 0.0012172
10 0 5 5 -0.0023166
10 0 6 0 0.0000000
10 0 6 1 -0.0000000
10 0 6 2 -0.0004578
10 0 6 3 -0.0000000
10 0 6 4 0.0000000
10 0 6 5 -0.0000000
10 0 6 6 -0.0010805
10 0 7 0 -0.0027168
10 0 7 1 -0.0004035
10 0 7 2 0.0000000
10 0 7 3 -0.0005168
10 0 7 4 0.0004558
10 0 7 5 -0.0007223
10 0 7 6 -0.0000000
10 0 7 7 0.0012116
10 0 8 0 -0.0000000
10 0 8 1 0.0000000
10 0 8 2 -0.0003485
10 0 8 3 -0.0000000
10 0 8 4 0.0000000
10 0 8 5 -0.0000000
10 0 8 6 0.0001982
10 0 8 7 -0.0000000
10 0 8 8 0.0006592
10 0 9 0 -0.0000359
10 0 9 1 -0.0000597
10 0 9 2 -0.0000000
10 0 9 3 -0.0000152
10 0 9 4 -0.0000128
10 0 9 5 -0.0000242
10 0 9 6 0.0000000
10 0 9 7 0.0000114
10 0 9 8 0.0000000
10 0 9 9 0.0008073
10 0 10 0 0.0006750
10 0 10 1 0.0005189
10 0 10 2 0.0000000
10 0 10 3 0.0000952
10 0 10 4 -0.0001901
10 0 10 5 0.0000566
10 0 10 6 0.0000000
10 0 10 7 0.0000147
10 0 10 8 -0.0000000
10 0 10 9 0.0000062
10 0 10 10 0.0010820
10 1 0 0 -0.0330570
10 1 1 0 -0.0009718
10 1 1 1 -0.0324830
10 1 2 0 0.0000000
10 1 2 1 0.0000000
10 1 2 2 -0.0250284
10 1 3 0 -0.0006491
10 1 3 1 -0.0052784
10 1 3 2 -0.0000000
10 1 3 3 -0.0256092
10 1 4 0 0.0005335
10 1 4 1 -0.0001078
10 1 4 2 -0.0000000
10 1 4 3 0.0034943
10 1 4 4 -0.0257836
10 1 5 0 -0.0009653
10 1 5 1 -0.0114236
10 1 5 2 -0.0000000
10 1 5 3 0.0007448
10 1 5 4 0.0083338
10 1 5 5 -0.0219199
10 1 6 0 -0.0000000
10 1 6 1 -0.0000000
10 1 6 2 -0.0005230
10 1 6 3 -0.0000000
10 1 6 4 0.0000000
10 1 6 5 -0.0000000
10 1 6 6 -0.0252051
10 1 7 0 -0.0009311
10 1 7 1 0.0008992
10 1 7 2 0.0000000
10 1 7 3 -0.0004982
10 1 7 4 0.0001549
10 1 7 5 -0.0052013
10 1 7 6 -0.0000000
10 1 7 7 0.0023728
10 1 8 0 0.0000000
10 1 8 1 0.0000000
10 1 8 2 -0.0113292
10 1 8 3 -0.0000000
10 1 8 4 0.0000000
10 1 8 5 -0.0000000
10 1 8 6 0.0094615
10 1 8 7 -0.0000000
10 1 8 8 0.0116952
10 1 9 0 -0.0001149
10 1 9 1 -0.0010601
10 1 9 2 0.0000000
10 1 9 3 -0.0013261
10 1 9 4 -0.0035824
10 1 9 5 -0.0020339
10 1 9 6 0.0000000
10 1 9 7 0.0003131
10 1 9 8 0.0000000
10 1 9 9 0.0405611
10 1 10 0 0.0005189
10 1 10 1 0.0211454
10 1 10 2 0.0000000
10 1 10 3 -0.0102990
10 1 10 4 -0.0109971
10 1 10 5 -0.0200232
10 1 10 6 0.0000000
10 1 10 7 0.0017036
10 1 10 8 0.0000000
10 1 10 9 0.0001919
10 1 10 10 0.0531375
10 2 0 0 -0.0000000
10 2 1 0 0.0000000
10 2 1 1 -0.0000000
10 2 2 0 0.0006960
10 2 2 1 -0.0000200
10 2 2 2 -0.0000000
10 2 3 0 0.0000000
10 2 3 1 0.0000000
10 2 3 2 0.0008072
10 2 3 3 -0.0000000
10 2 4 0 0.0000000
10 2 4 1 0.0000000
10 2 4 2 -0.0007471
10 2 4 3 0.0000000
10 2 4 4 -0.0000000
10 2 5 0 -0.0000000
10 2 5 1 -0.0000000
10 2 5 2 0.0015031
10 2 5 3 0.0000000
10 2 5 4 -0.0000000
10 2 5 5 -0.0000000
10 2 6 0 0.0010039
10 2 6 1 0.0016538
10 2 6 2 0.0000000
10 2 6 3 0.0017492
10 2 6 4 0.0005214
10 2 6 5 -0.0001885
10 2 6 6 -0.0000000
10 2 7 0 0.0000000
10 2 7 1 0.0000000
10 2 7 2 -0.0034170
10 2 7 3 -0.0000000
10 2 7 4 -0.0000000
10 2 7 5 -0.0000000
10 2 7 6 -0.0032411
10 2 7 7 -0.0000000
10 2 8 0 -0.0000856
10 2 8 1 0.0002381
10 2 8 2 -0.0000000
10 2 8 3 -0.0021522
10 2 8 4 -0.0041719
10 2 8 5 -0.0037620
10 2 8 6 0.0000000
10 2 8 7 0.0006583
10 2 8 8 -0.0000000
10 2 9 0 -0.0000000
10 2 9 1 -0.0000000
10 2 9 2 0.0004517
10 2 9 3 -0.0000000
10 2 9 4 -0.0000000
10 2 9 5 -0.0000000
10 2 9 6 -0.0005651
10 2 9 7 -0.0000000
10 2 9 8 -0.0008981
10 2 9 9 0.0000000
10 2 10 0 0.0000000
10 2 10 1 0.0000000
10 2 10 2 0.0068900
10 2 10 3 -0.0000000
10 2 10 4 -0.0000000
10 2 10 5 -0.0000000
10 2 10 6 -0.0042936
10 2 10 7 -0.0000000
10 2 10 8 -0.0228707
10 2 10 9 -0.0000000
10 2 10 10 0.0000000
10 3 0 0 0.0096779
10 3 1 0 -0.0007089
10 3 1 1 0.0096374
10 3 2 0 0.0000000
10 3 2 1 0.0000000
10 3 2 2 0.0082652
10 3 3 0 0.0002404
10 3 3 1 -0.0032871
10 3 3 2 -0.0000000
10 3 3 3 0.0111931
10 3 4 0 0.0001562
10 3 4 1 -0.0017268
10 3 4 2 -0.0000000
10 3 4 3 0.0023010
10 3 4 4 0.0127371
10 3 5 0 -0.0012423
10 3 5 1 -0.0018936
10 3 5 2 -0.0000000
10 3 5 3 -0.0006616
10 3 5 4 0.0040593
10 3 5 5 0.0088149
10 3 6 0 -0.0000000
10 3 6 1 0.0000000
10 3 6 2 0.0014909
10 3 6 3 -0.0000000
10 3 6 4 -0.0000000
10 3 6 5 -0.0000000
10 3 6 6 0.0097736
10 3 7 0 -0.0004623
10 3 7 1 -0.0015150
10 3 7 2 -0.0000000
10 3 7 3 -0.0023942
10 3 7 4 0.0050392
10 3 7 5 0.0046198
10 3 7 6 -0.0000000
10 3 7 7 0.0071382
10 3 8 0 -0.0000000
10 3 8 1 -0.0000000
10 3 8 2 0.0025186
10 3 8 3 0.0000000
10 3 8 4 -0.0000000
10 3 8 5 -0.0000000
10 3 8 6 -0.0024661
10 3 8 7 0.0000000
10 3 8 8 0.0047057
10 3 9 0 0.0000284
10 3 9 1 -0.0001323
10 3 9 2 -0.0000000
10 3 9 3 0.0010957
10 3 9 4 0.0024555
10 3 9 5 0.0017460
10 3 9 6 -0.0000000
10 3 9 7 0.0001763
10 3 9 8 -0.0000000
10 3 9 9 -0.0071495
10 3 10 0 0.0000952
10 3 10 1 -0.0102990
10 3 10 2 -0.0000000
10 3 10 3 0.0095550
10 3 10 4 0.0091793
10 3 10 5 0.0131350
10 3 10 6 -0.0000000
10 3 10 7 0.0096795
10 3 10 8 -0.0000000
10 3 10 9 0.0012264
10 3 10 10 -0.0159210
10 4 0 0 0.0131024
10 4 1 0 0.0010093
10 4 1 1 0.0226897
10 4 2 0 0.0000000
10 4 2 1 0.0000000
10 4 2 2 0.0091043
10 4 3 0 -0.0000955
10 4 3 1 -0.0051781
10 4 3 2 0.0000000
10 4 3 3 0.0149208
10 4 4 0 -0.0002297
10 4 4 1 -0.0121098
10 4 4 2 0.0000000
10 4 4 3 0.0078894
10 4 4 4 0.0197108
10 4 5 0 0.0015171
10 4 5 1 0.0005322
10 4 5 2 -0.0000000
10 4 5 3 0.0081922
10 4 5 4 0.0084147
10 4 5 5 0.0224210
10 4 6 0 0.0000000
10 4 6 1 0.0000000
10 4 6 2 0.0011073
10 4 6 3 -0.0000000
10 4 6 4 -0.0000000
10 4 6 5 0.0000000
10 4 6 6 0.0067018
10 4 7 0 0.0007841
10 4 7 1 -0.0008202
10 4 7 2 -0.0000000
10 4 7 3 0.0058195
10 4 7 4 0.0032497
10 4 7 5 0.0029285
10 4 7 6 -0.0000000
10 4 7 7 0.0174771
10 4 8 0 0.0000000
10 4 8 1 0.0000000
10 4 8 2 -0.0012635
10 4 8 3 0.0000000
10 4 8 4 0.0000000
10 4 8 5 -0.0000000
10 4 8 6 0.0014936
10 4 8 7 -0.0000000
10 4 8 8 0.0222718
10 4 9 0 0.0000361
10 4 9 1 -0.0007961
10 4 9 2 -0.0000000
10 4 9 3 0.0016751
10 4 9 4 0.0029494
10 4 9 5 0.0028980
10 4 9 6 -0.0000000
10 4 9 7 0.0002233
10 4 9 8 0.0000000
10 4 9 9 0.0162025
10 4 10 0 -0.0001901
10 4 10 1 -0.0109971
10 4 10 2 -0.0000000
10 4 10 3 0.0091793
10 4 10 4 0.0133834
10 4 10 5 0.0146244
10 4 10 6 -0.0000000
10 4 10 7 0.0117728
10 4 10 8 0.0000000
10 4 10 9 0.0030761
10 4 10 10 0.0000652
10 5 0 0 0.0148864
10 5 1 0 -0.0001127
10 5 1 1 0.0213797
10 5 2 0 0.0000000
10 5 2 1 -0.0000000
10 5 2 2 0.0173553
10 5 3 0 -0.0019304
10 5 3 1 -0.0062345
10 5 3 2 0.0000000
10 5 3 3 0.0098421
10 5 4 0 0.0007493
10 5 4 1 0.0012537
10 5 4 2 -0.0000000
10 5 4 3 0.0080430
10 5 4 4 0.0234051
10 5 5 0 0.0010831
10 5 5 1 0.0002918
10 5 5 2 0.0000000
10 5 5 3 -0.0004828
10 5 5 4 -0.0006013
10 5 5 5 0.0187453
10 5 6 0 -0.0000000
10 5 6 1 0.0000000
10 5 6 2 -0.0035612
10 5 6 3 -0.0000000
10 5 6 4 -0.0000000
10 5 6 5 -0.0000000
10 5 6 6 0.0182806
10 5 7 0 -0.0007311
10 5 7 1 -0.0043519
10 5 7 2 0.0000000
10 5 7 3 0.0026582
10 5 7 4 0.0009109
10 5 7 5 -0.0025077
10 5 7 6 -0.0000000
10 5 7 7 0.0064884
10 5 8 0 -0.0000000
10 5 8 1 -0.0000000
10 5 8 2 0.0070728
10 5 8 3 0.0000000
10 5 8 4 -0.0000000
10 5 8 5 0.0000000
10 5 8 6 -0.0066907
10 5 8 7 0.0000000
10 5 8 8 0.0065956
10 5 9 0 0.0000664
10 5 9 1 0.0000238
10 5 9 2 -0.0000000
10 5 9 3 0.0020054
10 5 9 4 0.0048815
10 5 9 5 0.0031594
10 5 9 6 -0.0000000
10 5 9 7 -0.0001340
10 5 9 8 -0.0000000
10 5 9 9 -0.0294067
10 5 10 0 0.0000566
10 5 10 1 -0.0200232
10 5 10 2 -0.0000000
10 5 10 3 0.0131350
10 5 10 4 0.0146244
10 5 10 5 0.0266406
10 5 10 6 -0.0000000
10 5 10 7 0.0030169
10 5 10 8 -0.0000000
10 5 10 9 0.0001943
10 5 10 10 -0.0435908
10 6 0 0 -0.0000000
10 6 1 0 -0.0000000
10 6 1 1 -0.0000000
10 6 2 0 0.0013249
10 6 2 1 0.0084710
10 6 2 2 -0.0000000
10 6 3 0 -0.0000000
10 6 3 1 0.0000000
10 6 3 2 0.0039952
10 6 3 3 -0.0000000
10 6 4 0 0.0000000
10 6 4 1 0.0000000
10 6 4 2 0.0061498
10 6 4 3 0.0000000
10 6 4 4 -0.0000000
10 6 5 0 -0.0000000
10 6 5 1 0.0000000
10 6 5 2 -0.0007431
10 6 5 3 -0.0000000
10 6 5 4 0.0000000
10 6 5 5 -0.0000000
10 6 6 0 0.0019171
10 6 6 1 -0.0031713
10 6 6 2 -0.0000000
10 6 6 3 0.0024775
10 6 6 4 -0.0089842
10 6 6 5 0.0055987
10 6 6 6 0.0000000
10 6 7 0 -0.0000000
10 6 7 1 -0.0000000
10 6 7 2 -0.0043805
10 6 7 3 -0.0000000
10 6 7 4 -0.0000000
10 6 7 5 -0.0000000
10 6 7 6 -0.0045563
10 6 7 7 -0.0000000
10 6 8 0 0.0000989
10 6 8 1 0.0031248
10 6 8 2 0.0000000
10 6 8 3 0.0007273
10 6 8 4 0.0044442
10 6 8 5 0.0003843
10 6 8 6 -0.0000000
10 6 8 7 -0.0013566
10 6 8 8 -0.0000000
10 6 9 0 -0.0000000
10 6 9 1 0.0000000
10 6 9 2 -0.0002976
10 6 9 3 -0.0000000
10 6 9 4 -0.0000000
10 6 9 5 -0.0000000
10 6 9 6 0.0002840
10 6 9 7 -0.0000000
10 6 9 8 0.0014357
10 6 9 9 -0.0000000
10 6 10 0 0.0000000
10 6 10 1 0.0000000
10 6 10 2 -0.0042936
10 6 10 3 -0.0000000
10 6 10 4 -0.0000000
10 6 10 5 -0.0000000
10 6 10 6 0.0057827
10 6 10 7 -0.0000000
10 6 10 8 0.0157371
10 6 10 9 -0.0000000
10 6 10 10 -0.0000000
10 7 0 0 -0.0551887
10 7 1 0 0.0026383
10 7 1 1 0.0069557
10 7 2 0 -0.0000000
10 7 2 1 0.0000000
10 7 2 2 -0.0124236
10 7 3 0 0.0015664
10 7 3 1 -0.0039398
10 7 3 2 0.0000000
10 7 3 3 -0.0169203
10 7 4 0 -0.0012784
10 7 4 1 -0.0040942
10 7 4 2 -0.0000000
10 7 4 3 0.0179876
10 7 4 4 0.0129128
10 7 5 0 0.0027765
10 7 5 1 -0.0190294
10 7 5 2 -0.0000000
10 7 5 3 0.0198882
10 7 5 4 0.0074321
10 7 5 5 -0.0026686
10 7 6 0 0.0000000
10 7 6 1 -0.0000000
10 7 6 2 -0.0229762
10 7 6 3 -0.0000000
10 7 6 4 -0.0000000
10 7 6 5 -0.0000000
10 7 6 6 -0.0142772
10 7 7 0 0.0023867
10 7 7 1 -0.0028278
10 7 7 2 -0.0000000
10 7 7 3 0.0162592
10 7 7 4 0.0177244
10 7 7 5 0.0178163
10 7 7 6 -0.0000000
10 7 7 7 -0.0054842
10 7 8 0 -0.0000000
10 7 8 1 0.0000000
10 7 8 2 -0.0057092
10 7 8 3 -0.0000000
10 7 8 4 0.0000000
10 7 8 5 -0.0000000
10 7 8 6 0.0007038
10 7 8 7 -0.0000000
10 7 8 8 0.0340599
10 7 9 0 -0.0000873
10 7 9 1 -0.0000838
10 7 9 2 0.0000000
10 7 9 3 -0.0001327
10 7 9 4 -0.0011901
10 7 9 5 -0.0009615
10 7 9 6 0.0000000
10 7 9 7 0.0002962
10 7 9 8 0.0000000
10 7 9 9 0.0632170
10 7 10 0 0.0000147
10 7 10 1 0.0017036
10 7 10 2 -0.0000000
10 7 10 3 0.0096795
10 7 10 4 0.0117728
10 7 10 5 0.0030169
10 7 10 6 -0.0000000
10 7 10 7 0.0750982
10 7 10 8 -0.0000000
10 7 10 9 0.0038249
10 7 10 10 0.0676331
10 8 0 0 -0.0000000
10 8 1 0 0.0000000
10 8 1 1 0.0000000
10 8 2 0 -0.0010703
10 8 2 1 -0.0257994
10 8 2 2 -0.0000000
10 8 3 0 -0.0000000
10 8 3 1 -0.0000000
10 8 3 2 -0.0059116
10 8 3 3 -0.0000000
10 8 4 0 -0.0000000
10 8 4 1 0.0000000
10 8 4 2 -0.0258611
10 8 4 3 -0.0000000
10 8 4 4 0.0000000
10 8 5 0 0.0000000
10 8 5 1 -0.0000000
10 8 5 2 0.0038958
10 8 5 3 0.0000000
10 8 5 4 -0.0000000
10 8 5 5 0.0000000
10 8 6 0 -0.0012627
10 8 6 1 0.0185387
10 8 6 2 0.0000000
10 8 6 3 0.0000680
10 8 6 4 0.0311037
10 8 6 5 -0.0163342
10 8 6 6 -0.0000000
10 8 7 0 0.0000000
10 8 7 1 -0.0000000
10 8 7 2 0.0048903
10 8 7 3 0.0000000
10 8 7 4 -0.0000000
10 8 7 5 0.0000000
10 8 7 6 -0.0013782
10 8 7 7 -0.0000000
10 8 8 0 0.0004841
10 8 8 1 -0.0208805
10 8 8 2 -0.0000000
10 8 8 3 0.0162837
10 8 8 4 0.0147349
10 8 8 5 0.0353895
10 8 8 6 0.0000000
10 8 8 7 0.0012063
10 8 8 8 0.0000000
10 8 9 0 0.0000000
10 8 9 1 0.0000000
10 8 9 2 -0.0025173
10 8 9 3 -0.0000000
10 8 9 4 0.0000000
10 8 9 5 -0.0000000
10 8 9 6 0.0033080
10 8 9 7 0.0000000
10 8 9 8 -0.0000316
10 8 9 9 0.0000000
10 8 10 0 -0.0000000
10 8 10 1 0.0000000
10 8 10 2 -0.0228707
10 8 10 3 -0.0000000
10 8 10 4 0.0000000
10 8 10 5 -0.0000000
10 8 10 6 0.0157371
10 8 10 7 -0.0000000
10 8 10 8 0.1090359
10 8 10 9 -0.0000000
10 8 10 10 -0.0000000
10 9 0 0 0.0125062
10 9 1 0 0.0002275
10 9 1 1 0.0234791
10 9 2 0 0.0000000
10 9 2 1 0.0000000
10 9 2 2 0.0135692
10 9 3 0 -0.0003686
10 9 3 1 -0.0107544
10 9 3 2 -0.0000000
10 9 3 3 0.0181932
10 9 4 0 0.0001414
10 9 4 1 -0.0136606
10 9 4 2 -0.0000000
10 9 4 3 0.0146687
10 9 4 4 0.0313972
10 9 5 0 0.0006143
10 9 5 1 -0.0099463
10 9 5 2 -0.0000000
10 9 5 3 0.0124305
10 9 5 4 0.0193527
10 9 5 5 0.0337764
10 9 6 0 0.0000000
10 9 6 1 0.0000000
10 9 6 2 -0.0027924
10 9 6 3 -0.0000000
10 9 6 4 -0.0000000
10 9 6 5 -0.0000000
10 9 6 6 0.0124975
10 9 7 0 0.0001047
10 9 7 1 0.0010121
10 9 7 2 -0.0000000
10 9 7 3 0.0031321
10 9 7 4 0.0004505
10 9 7 5 -0.0016878
10 9 7 6 -0.0000000
10 9 7 7 0.0335518
10 9 8 0 -0.0000000
10 9 8 1 0.0000000
10 9 8 2 -0.0094635
10 9 8 3 -0.0000000
10 9 8 4 0.0000000
10 9 8 5 -0.0000000
10 9 8 6 0.0090398
10 9 8 7 -0.0000000
10 9 8 8 0.0496115
10 9 9 0 -0.0002716
10 9 9 1 0.0041013
10 9 9 2 0.0000000
10 9 9 3 -0.0086229
10 9 9 4 -0.0178515
10 9 9 5 -0.0134428
10 9 9 6 0.0000000
10 9 9 7 0.0036630
10 9 9 8 0.0000000
10 9 9 9 0.3648282
10 9 10 0 0.0000062
10 9 10 1 0.0001919
10 9 10 2 -0.0000000
10 9 10 3 0.0012264
10 9 10 4 0.0030761
10 9 10 5 0.0001943
10 9 10 6 -0.0000000
10 9 10 7 0.0038249
10 9 10 8 -0.0000000
10 9 10 9 0.0530068
10 9 10 10 0.0389062
10 10 0 0 0.2902858
10 10 1 0 0.0022393
10 10 1 1 0.3827532
10 10 2 0 0.0000000
10 10 2 1 0.0000000
10 10 2 2 0.3079428
10 10 3 0 -0.0028286
10 10 3 1 -0.0614655
10 10 3 2 -0.0000000
10 10 3 3 0.3023407
10 10 4 0 0.0005863
10 10 4 1 -0.0581353
10 10 4 2 -0.0000000
10 10 4 3 0.0761906
10 10 4 4 0.3850798
10 10 5 0 0.0046329
10 10 5 1 -0.0667487
10 10 5 2 -0.0000000
10 10 5 3 0.0723088
10 10 5 4 0.0747271
10 10 5 5 0.4165229
10 10 6 0 0.0000000
10 10 6 1 0.0000000
10 10 6 2 -0.0398840
10 10 6 3 -0.0000000
10 10 6 4 -0.0000000
10 10 6 5 -0.0000000
10 10 6 6 0.3076786
10 10 7 0 0.0014316
10 10 7 1 0.0024027
10 10 7 2 -0.0000000
10 10 7 3 0.0370525
10 10 7 4 0.0137897
10 10 7 5 0.0007544
10 10 7 6 -0.0000000
10 10 7 7 0.4644440
10 10 8 0 -0.0000000
10 10 8 1 0.0000000
10 10 8 2 -0.0651088
10 10 8 3 -0.0000000
10 10 8 4 0.0000000
10 10 8 5 -0.0000000
10 10 8 6 0.0506400
10 10 8 7 -0.0000000
10 10 8 8 0.6110813
10 10 9 0 -0.0005264
10 10 9 1 -0.0038877
10 10 9 2 0.0000000
10 10 9 3 -0.0054052
10 10 9 4 -0.0158380
10 10 9 5 -0.0074656
10 10 9 6 0.0000000
10 10 9 7 0.0004448
10 10 9 8 0.0000000
10 10 9 9 0.8412170
10 10 10 0 0.0010820
10 10 10 1 0.0531375
10 10 10 2 0.0000000
10 10 10 3 -0.0159210
10 10 10 4 0.0000652
10 10 10 5 -0.0435908
10 10 10 6 -0.0000000
10 10 10 7 0.0676331
10 10 10 8 -0.0000000
10 10 10 9 0.0389062
10 10 10 10 0.7072844
11 0 0 0 -0.0814052
11 0 1 0 0.0034339
11 0 1 1 -0.0070261
11 0 2 0 -0.0000000
11 0 2 1 0.0000000
11 0 2 2 -0.0007076
11 0 3 0 0.0029389
11 0 3 1 -0.0052975
11 0 3 2 0.0000000
11 0 3 3 -0.0047568
11 0 4 0 -0.0030145
11 0 4 1 0.0034708
11 0 4 2 0.0000000
11 0 4 3 0.0028234
11 0 4 4 -0.0037174
11 0 5 0 0.0051089
11 0 5 1 -0.0044684
11 0 5 2 0.0000000
11 0 5 3 -0.0057855
11 0 5 4 0.0035627
11 0 5 5 -0.0044147
11 0 6 0 0.0000000
11 0 6 1 -0.0000000
11 0 6 2 0.0016913
11 0 6 3 -0.0000000
11 0 6 4 0.0000000
11 0 6 5 -0.0000000
11 0 6 6 0.0005947
11 0 7 0 -0.0111455
11 0 7 1 -0.0016399
11 0 7 2 0.0000000
11 0 7 3 -0.0025031
11 0 7 4 0.0016201
11 0 7 5 -0.0033043
11 0 7 6 -0.0000000
11 0 7 7 0.0064512
11 0 8 0 0.0000000
11 0 8 1 0.0000000
11 0 8 2 -0.0001489
11 0 8 3 -0.0000000
11 0 8 4 0.0000000
11 0 8 5 -0.0000000
11 0 8 6 0.0002321
11 0 8 7 -0.0000000
11 0 8 8 -0.0008638
11 0 9 0 -0.0001215
11 0 9 1 -0.0000939
11 0 9 2 0.0000000
11 0 9 3 -0.0000631
11 0 9 4 0.0000205
11 0 9 5 -0.0000561
11 0 9 6 -0.0000000
11 0 9 7 0.0000475
11 0 9 8 0.0000000
11 0 9 9 -0.0008098
11 0 10 0 0.0026931
11 0 10 1 0.0011004
11 0 10 2 -0.0000000
11 0 10 3 0.0004967
11 0 10 4 -0.0007431
11 0 10 5 0.0007577
11 0 10 6 0.0000000
11 0 10 7 -0.0020175
11 0 10 8 -0.0000000
11 0 10 9 0.0000018
11 0 10 10 -0.0005742
11 0 11 0 0.0110484
11 0 11 1 0.0033499
11 0 11 2 -0.0000000
11 0 11 3 0.0019985
11 0 11 4 -0.0024984
11 0 11 5 0.0034932
11 0 11 6 0.0000000
11 0 11 7 -0.0071456
11 0 11 8 0.0000000
11 0 11 9 0.0000720
11 0 11 10 0.0010753
11 0 11 11 0.0067908
11 1 0 0 -0.0091770
11 1 1 0 -0.0019174
11 1 1 1 -0.0085624
11 1 2 0 0.0000000
11 1 2 1 0.0000000
11 1 2 2 0.0015882
11 1 3 0 -0.0050128
11 1 3 1 -0.0220237
11 1 3 2 0.0000000
11 1 3 3 -0.0151872
11 1 4 0 0.0023587
11 1 4 1 0.0044409
11 1 4 2 -0.0000000
11 1 4 3 0.0147999
11 1 4 4 -0.0012131
11 1 5 0 0.0003652
11 1 5 1 -0.0078619
11 1 5 2 0.0000000
11 1 5 3 -0.0099076
11 1 5 4 0.0080505
11 1 5 5 0.0041634
11 1 6 0 -0.0000000
11 1 6 1 -0.0000000
11 1 6 2 0.0013986
11 1 6 3 -0.0000000
11 1 6 4 0.0000000
11 1 6 5 -0.0000000
11 1 6 6 0.0000550
11 1 7 0 -0.0031469
11 1 7 1 -0.0018663
11 1 7 2 0.0000000
11 1 7 3 -0.0065053
11 1 7 4 -0.0089448
11 1 7 5 -0.0250429
11 1 7 6 0.0000000
11 1 7 7 0.0120264
11 1 8 0 -0.0000000
11 1 8 1 -0.0000000
11 1 8 2 -0.0001345
11 1 8 3 0.0000000
11 1 8 4 0.0000000
11 1 8 5 -0.0000000
11 1 8 6 0.0017053
11 1 8 7 0.0000000
11 1 8 8 0.0081609
11 1 9 0 -0.0000530
11 1 9 1 -0.0007317
11 1 9 2 -0.0000000
11 1 9 3 -0.0000289
11 1 9 4 0.0007813
11 1 9 5 0.0006427
11 1 9 6 -0.0000000
11 1 9 7 -0.0003683
11 1 9 8 -0.0000000
11 1 9 9 0.0086258
11 1 10 0 0.0008271
11 1 10 1 0.0037157
11 1 10 2 -0.0000000
11 1 10 3 0.0002451
11 1 10 4 -0.0010053
11 1 10 5 0.0060511
11 1 10 6 0.0000000
11 1 10 7 -0.0119929
11 1 10 8 -0.0000000
11 1 10 9 0.0020057
11 1 10 10 -0.0090791
11 1 11 0 0.0033499
11 1 11 1 0.0281195
11 1 11 2 0.0000000
11 1 11 3 -0.0100908
11 1 11 4 -0.0145037
11 1 11 5 0.0069598
11 1 11 6 0.0000000
11 1 11 7 -0.0005693
11 1 11 8 0.0000000
11 1 11 9 0.0000204
11 1 11 10 -0.0066865
11 1 11 11 0.0196616
11 2 0 0 0.0000000
11 2 1 0 0.0000000
11 2 1 1 0.0000000
11 2 2 0 0.0046139
11 2 2 1 0.0175206
11 2 2 2 0.0000000
11 2 3 0 -0.0000000
11 2 3 1 0.0000000
11 2 3 2 0.0093215
11 2 3 3 0.0000000
11 2 4 0 0.0000000
11 2 4 1 -0.0000000
11 2 4 2 0.0085281
11 2 4 3 0.0000000
11 2 4 4 -0.0000000
11 2 5 0 0.0000000
11 2 5 1 0.0000000
11 2 5 2 0.0051133
11 2 5 3 0.0000000
11 2 5 4 0.0000000
11 2 5 5 0.0000000
11 2 6 0 0.0066027
11 2 6 1 0.0018387
11 2 6 2 -0.0000000
11 2 6 3 0.0091557
11 2 6 4 -0.0126712
11 2 6 5 0.0103187
11 2 6 6 0.0000000
11 2 7 0 0.0000000
11 2 7 1 0.0000000
11 2 7 2 -0.0163858
11 2 7 3 -0.0000000
11 2 7 4 -0.0000000
11 2 7 5 -0.0000000
11 2 7 6 -0.0182021
11 2 7 7 0.0000000
11 2 8 0 0.0001346
11 2 8 1 0.0040534
11 2 8 2 0.0000000
11 2 8 3 -0.0009262
11 2 8 4 0.0026315
11 2 8 5 -0.0003213
11 2 8 6 -0.0000000
11 2 8 7 -0.0036508
11 2 8 8 0.0000000
11 2 9 0 0.0000000
11 2 9 1 -0.0000000
11 2 9 2 0.0000544
11 2 9 3 0.0000000
11 2 9 4 0.0000000
11 2 9 5 0.0000000
11 2 9 6 -0.0000747
11 2 9 7 -0.0000000
11 2 9 8 0.0005473
11 2 9 9 0.0000000
11 2 10 0 -0.0000000
11 2 10 1 -0.0000000
11 2 10 2 0.0021904
11 2 10 3 -0.0000000
11 2 10 4 0.0000000
11 2 10 5 0.0000000
11 2 10 6 0.0054649
11 2 10 7 -0.0000000
11 2 10 8 0.0036228
11 2 10 9 0.0000000
11 2 10 10 -0.0000000
11 2 11 0 -0.0000000
11 2 11 1 0.0000000
11 2 11 2 0.0197316
11 2 11 3 -0.0000000
11 2 11 4 0.0000000
11 2 11 5 -0.0000000
11 2 11 6 0.0166710
11 2 11 7 0.0000000
11 2 11 8 -0.0008407
11 2 11 9 -0.0000000
11 2 11 10 -0.0000000
11 2 11 11 0.0000000
11 3 0 0 -0.0187518
11 3 1 0 -0.0039274
11 3 1 1 -0.0347018
11 3 2 0 0.0000000
11 3 2 1 0.0000000
11 3 2 2 -0.0132064
11 3 3 0 0.0033624
11 3 3 1 0.0036866
11 3 3 2 0.0000000
11 3 3 3 -0.0037414
11 3 4 0 0.0000525
11 3 4 1 0.0080812
11 3 4 2 0.0000000
11 3 4 3 -0.0096007
11 3 4 4 -0.0171947
11 3 5 0 -0.0080022
11 3 5 1 -0.0142412
11 3 5 2 0.0000000
11 3 5 3 -0.0079730
11 3 5 4 0.0080788
11 3 5 5 -0.0316804
11 3 6 0 -0.0000000
11 3 6 1 -0.0000000
11 3 6 2 0.0061523
11 3 6 3 0.0000000
11 3 6 4 0.0000000
11 3 6 5 -0.0000000
11 3 6 6 -0.0061529
11 3 7 0 -0.0019563
11 3 7 1 -0.0029241
11 3 7 2 -0.0000000
11 3 7 3 -0.0148841
11 3 7 4 0.0154168
11 3 7 5 0.0188791
11 3 7 6 -0.0000000
11 3 7 7 -0.0017551
11 3 8 0 0.0000000
11 3 8 1 0.0000000
11 3 8 2 -0.0036739
11 3 8 3 -0.0000000
11 3 8 4 0.0000000
11 3 8 5 -0.0000000
11 3 8 6 0.0015200
11 3 8 7 -0.0000000
11 3 8 8 -0.0099245
11 3 9 0 -0.0000628
11 3 9 1 -0.0002279
11 3 9 2 0.0000000
11 3 9 3 -0.0004315
11 3 9 4 -0.0011122
11 3 9 5 -0.0011039
11 3 9 6 0.0000000
11 3 9 7 0.0008733
11 3 9 8 0.0000000
11 3 9 9 -0.0000181
11 3 10 0 0.0006292
11 3 10 1 0.0046977
11 3 10 2 0.0000000
11 3 10 3 0.0036594
11 3 10 4 -0.0029650
11 3 10 5 -0.0065362
11 3 10 6 0.0000000
11 3 10 7 0.0062242
11 3 10 8 0.0000000
11 3 10 9 -0.0001988
11 3 10 10 0.0089829
11 3 11 0 0.0019985
11 3 11 1 -0.0100908
11 3 11 2 -0.0000000
11 3 11 3 0.0297124
11 3 11 4 0.0016165
11 3 11 5 -0.0044256
11 3 11 6 0.0000000
11 3 11 7 -0.0062979
11 3 11 8 -0.0000000
11 3 11 9 0.0004608
11 3 11 10 0.0029893
11 3 11 11 -0.0124390
11 4 0 0 -0.0080527
11 4 1 0 0.0026691
11 4 1 1 0.0086447
11 4 2 0 0.0000000
11 4 2 1 0.0000000
11 4 2 2 0.0019698
11 4 3 0 0.0012036
11 4 3 1 0.0093547
11 4 3 2 0.0000000
11 4 3 3 -0.0040632
11 4 4 0 -0.0012377
11 4 4 1 0.0005329
11 4 4 2 0.0000000
11 4 4 3 -0.0006388
11 4 4 4 0.0035501
11 4 5 0 0.0032351
11 4 5 1 0.0042722
11 4 5 2 0.0000000
11 4 5 3 0.0097308
11 4 5 4 -0.0078695
11 4 5 5 -0.0003925
11 4 6 0 0.0000000
11 4 6 1 0.0000000
11 4 6 2 -0.0069009
11 4 6 3 0.0000000
11 4 6 4 -0.0000000
11 4 6 5 0.0000000
11 4 6 6 -0.0017306
11 4 7 0 0.0025039
11 4 7 1 -0.0047570
11 4 7 2 -0.0000000
11 4 7 3 0.0147698
11 4 7 4 0.0086334
11 4 7 5 0.0136696
11 4 7 6 -0.0000000
11 4 7 7 -0.0121714
11 4 8 0 0.0000000
11 4 8 1 0.0000000
11 4 8 2 0.0010112
11 4 8 3 -0.0000000
11 4 8 4 -0.0000000
11 4 8 5 -0.0000000
11 4 8 6 -0.0018148
11 4 8 7 0.0000000
11 4 8 8 -0.0004752
11 4 9 0 0.0000227
11 4 9 1 0.0007571
11 4 9 2 0.0000000
11 4 9 3 -0.0001750
11 4 9 4 -0.0009729
11 4 9 5 -0.0010461
11 4 9 6 0.0000000
11 4 9 7 0.0013012
11 4 9 8 0.0000000
11 4 9 9 0.0031152
11 4 10 0 -0.0005390
11 4 10 1 -0.0004943
11 4 10 2 0.0000000
11 4 10 3 -0.0003738
11 4 10 4 0.0024714
11 4 10 5 -0.0020231
11 4 10 6 0.0000000
11 4 10 7 0.0189817
11 4 10 8 -0.0000000
11 4 10 9 -0.0005914
11 4 10 10 0.0162749
11 4 11 0 -0.0024984
11 4 11 1 -0.0145037
11 4 11 2 0.0000000
11 4 11 3 0.0016165
11 4 11 4 0.0175255
11 4 11 5 0.0073865
11 4 11 6 0.0000000
11 4 11 7 0.0047732
11 4 11 8 0.0000000
11 4 11 9 0.0009047
11 4 11 10 0.0086928
11 4 11 11 -0.0192424
11 5 0 0 0.0091816
11 5 1 0 -0.0011271
11 5 1 1 0.0004762
11 5 2 0 0.0000000
11 5 2 1 -0.0000000
11 5 2 2 0.0046283
11 5 3 0 -0.0076926
11 5 3 1 -0.0136796
11 5 3 2 0.0000000
11 5 3 3 -0.0174502
11 5 4 0 0.0032068
11 5 4 1 0.0048688
11 5 4 2 -0.0000000
11 5 4 3 0.0131398
11 5 4 4 -0.0039458
11 5 5 0 0.0030252
11 5 5 1 0.0025746
11 5 5 2 0.0000000
11 5 5 3 -0.0077406
11 5 5 4 -0.0006034
11 5 5 5 0.0103470
11 5 6 0 -0.0000000
11 5 6 1 -0.0000000
11 5 6 2 0.0012662
11 5 6 3 -0.0000000
11 5 6 4 0.0000000
11 5 6 5 -0.0000000
11 5 6 6 0.0033947
11 5 7 0 -0.0031621
11 5 7 1 -0.0141858
11 5 7 2 -0.0000000
11 5 7 3 0.0141140
11 5 7 4 0.0086781
11 5 7 5 -0.0097376
11 5 7 6 -0.0000000
11 5 7 7 0.0097193
11 5 8 0 -0.0000000
11 5 8 1 -0.0000000
11 5 8 2 0.0005671
11 5 8 3 0.0000000
11 5 8 4 0.0000000
11 5 8 5 0.0000000
11 5 8 6 0.0002667
11 5 8 7 -0.0000000
11 5 8 8 0.0025821
11 5 9 0 -0.0000218
11 5 9 1 0.0003245
11 5 9 2 0.0000000
11 5 9 3 -0.0004262
11 5 9 4 -0.0009237
11 5 9 5 -0.0009990
11 5 9 6 0.0000000
11 5 9 7 0.0013770
11 5 9 8 -0.0000000
11 5 9 9 0.0066906
11 5 10 0 0.0008452
11 5 10 1 0.0058040
11 5 10 2 -0.0000000
11 5 10 3 -0.0022561
11 5 10 4 -0.0009949
11 5 10 5 0.0014805
11 5 10 6 0.0000000
11 5 10 7 0.0077235
11 5 10 8 0.0000000
11 5 10 9 -0.0004391
11 5 10 10 0.0186824
11 5 11 0 0.0034932
11 5 11 1 0.0069598
11 5 11 2 -0.0000000
11 5 11 3 -0.0044256
11 5 11 4 0.0073865
11 5 11 5 0.0297881
11 5 11 6 -0.0000000
11 5 11 7 -0.0121220
11 5 11 8 -0.0000000
11 5 11 9 0.0013362
11 5 11 10 0.0064997
11 5 11 11 0.0096743
11 6 0 0 0.0000000
11 6 1 0 -0.0000000
11 6 1 1 -0.0000000
11 6 2 0 0.0057367
11 6 2 1 0.0186246
11 6 2 2 -0.0000000
11 6 3 0 -0.0000000
11 6 3 1 -0.0000000
11 6 3 2 0.0123811
11 6 3 3 0.0000000
11 6 4 0 0.0000000
11 6 4 1 0.0000000
11 6 4 2 0.0068758
11 6 4 3 0.0000000
11 6 4 4 -0.0000000
11 6 5 0 -0.0000000
11 6 5 1 -0.0000000
11 6 5 2 0.0055622
11 6 5 3 -0.0000000
11 6 5 4 0.0000000
11 6 5 5 -0.0000000
11 6 6 0 0.0081165
11 6 6 1 0.0014739
11 6 6 2 -0.0000000
11 6 6 3 0.0116655
11 6 6 4 -0.0145223
11 6 6 5 0.0104105
11 6 6 6 0.0000000
11 6 7 0 -0.0000000
11 6 7 1 0.0000000
11 6 7 2 -0.0186229
11 6 7 3 -0.0000000
11 6 7 4 -0.0000000
11 6 7 5 -0.0000000
11 6 7 6 -0.0184349
11 6 7 7 0.0000000
11 6 8 0 0.0001363
11 6 8 1 0.0055011
11 6 8 2 0.0000000
11 6 8 3 -0.0016058
11 6 8 4 -0.0001019
11 6 8 5 -0.0036653
11 6 8 6 0.0000000
11 6 8 7 0.0020815
11 6 8 8 0.0000000
11 6 9 0 -0.0000000
11 6 9 1 -0.0000000
11 6 9 2 0.0003798
11 6 9 3 0.0000000
11 6 9 4 0.0000000
11 6 9 5 0.0000000
11 6 9 6 -0.0004778
11 6 9 7 -0.0000000
11 6 9 8 0.0001246
11 6 9 9 -0.0000000
11 6 10 0 0.0000000
11 6 10 1 0.0000000
11 6 10 2 0.0048033
11 6 10 3 0.0000000
11 6 10 4 0.0000000
11 6 10 5 0.0000000
11 6 10 6 0.0038311
11 6 10 7 -0.0000000
11 6 10 8 -0.0085699
11 6 10 9 0.0000000
11 6 10 10 -0.0000000
11 6 11 0 0.0000000
11 6 11 1 0.0000000
11 6 11 2 0.0166710
11 6 11 3 0.0000000
11 6 11 4 0.0000000
11 6 11 5 -0.0000000
11 6 11 6 0.0212587
11 6 11 7 -0.0000000
11 6 11 8 0.0058382
11 6 11 9 -0.0000000
11 6 11 10 -0.0000000
11 6 11 11 0.0000000
11 7 0 0 -0.2545671
11 7 1 0 0.0093777
11 7 1 1 -0.0128537
11 7 2 0 -0.0000000
11 7 2 1 0.0000000
11 7 2 2 -0.0769196
11 7 3 0 0.0046290
11 7 3 1 -0.0385590
11 7 3 2 0.0000000
11 7 3 3 -0.0970380
11 7 4 0 -0.0045733
11 7 4 1 -0.0242260
11 7 4 2 -0.0000000
11 7 4 3 0.0751460
11 7 4 4 0.0174670
11 7 5 0 0.0108428
11 7 5 1 -0.0850379
11 7 5 2 -0.0000000
11 7 5 3 0.0732839
11 7 5 4 0.0445454
11 7 5 5 -0.0288689
11 7 6 0 0.0000000
11 7 6 1 -0.0000000
11 7 6 2 -0.0862713
11 7 6 3 -0.0000000
11 7 6 4 -0.0000000
11 7 6 5 -0.0000000
11 7 6 6 -0.0891754
11 7 7 0 0.0073428
11 7 7 1 0.0052407
11 7 7 2 -0.0000000
11 7 7 3 0.0263378
11 7 7 4 -0.0110964
11 7 7 5 0.0006934
11 7 7 6 0.0000000
11 7 7 7 0.0050325
11 7 8 0 -0.0000000
11 7 8 1 0.0000000
11 7 8 2 -0.0368584
11 7 8 3 -0.0000000
11 7 8 4 0.0000000
11 7 8 5 -0.0000000
11 7 8 6 0.0214300
11 7 8 7 -0.0000000
11 7 8 8 0.1510897
11 7 9 0 -0.0004470
11 7 9 1 -0.0035090
11 7 9 2 0.0000000
11 7 9 3 -0.0012623
11 7 9 4 -0.0051100
11 7 9 5 -0.0017467
11 7 9 6 0.0000000
11 7 9 7 -0.0011144
11 7 9 8 0.0000000
11 7 9 9 0.2608285
11 7 10 0 -0.0005053
11 7 10 1 0.0163712
11 7 10 2 0.0000000
11 7 10 3 -0.0055353
11 7 10 4 0.0086672
11 7 10 5 -0.0077042
11 7 10 6 -0.0000000
11 7 10 7 0.0287847
11 7 10 8 0.0000000
11 7 10 9 0.0193252
11 7 10 10 0.1626473
11 7 11 0 -0.0071456
11 7 11 1 -0.0005693
11 7 11 2 0.0000000
11 7 11 3 -0.0062979
11 7 11 4 0.0047732
11 7 11 5 -0.0121220
11 7 11 6 -0.0000000
11 7 11 7 0.2035810
11 7 11 8 0.0000000
11 7 11 9 -0.0030652
11 7 11 10 -0.0593325
11 7 11 11 -0.0251514
11 8 0 0 0.0000000
11 8 1 0 -0.0000000
11 8 1 1 -0.0000000
11 8 2 0 0.0005366
11 8 2 1 0.0074617
11 8 2 2 0.0000000
11 8 3 0 0.0000000
11 8 3 1 0.0000000
11 8 3 2 0.0007412
11 8 3 3 0.0000000
11 8 4 0 0.0000000
11 8 4 1 -0.0000000
11 8 4 2 0.0074350
11 8 4 3 0.0000000
11 8 4 4 -0.0000000
11 8 5 0 -0.0000000
11 8 5 1 0.0000000
11 8 5 2 0.0005954
11 8 5 3 -0.0000000
11 8 5 4 0.0000000
11 8 5 5 -0.0000000
11 8 6 0 0.0007508
11 8 6 1 -0.0030188
11 8 6 2 -0.0000000
11 8 6 3 0.0002945
11 8 6 4 -0.0083348
11 8 6 5 0.0041808
11 8 6 6 0.0000000
11 8 7 0 -0.0000000
11 8 7 1 0.0000000
11 8 7 2 -0.0067299
11 8 7 3 -0.0000000
11 8 7 4 0.0000000
11 8 7 5 -0.0000000
11 8 7 6 0.0016702
11 8 7 7 -0.0000000
11 8 8 0 -0.0000804
11 8 8 1 0.0074187
11 8 8 2 0.0000000
11 8 8 3 -0.0039346
11 8 8 4 -0.0044701
11 8 8 5 -0.0104812
11 8 8 6 -0.0000000
11 8 8 7 0.0181299
11 8 8 8 0.0000000
11 8 9 0 0.0000000
11 8 9 1 -0.0000000
11 8 9 2 0.0006419
11 8 9 3 0.0000000
11 8 9 4 -0.0000000
11 8 9 5 0.0000000
11 8 9 6 -0.0007444
11 8 9 7 -0.0000000
11 8 9 8 -0.0001755
11 8 9 9 0.0000000
11 8 10 0 0.0000000
11 8 10 1 -0.0000000
11 8 10 2 0.0063919
11 8 10 3 0.0000000
11 8 10 4 -0.0000000
11 8 10 5 0.0000000
11 8 10 6 -0.0042154
11 8 10 7 0.0000000
11 8 10 8 -0.0253046
11 8 10 9 0.0000000
11 8 10 10 0.0000000
11 8 11 0 0.0000000
11 8 11 1 0.0000000
11 8 11 2 -0.0008407
11 8 11 3 -0.0000000
11 8 11 4 0.0000000
11 8 11 5 -0.0000000
11 8 11 6 0.0058382
11 8 11 7 0.0000000
11 8 11 8 0.0229396
11 8 11 9 -0.0000000
11 8 11 10 -0.0000000
11 8 11 11 0.0000000
11 9 0 0 -0.0046724
11 9 1 0 -0.0000711
11 9 1 1 -0.0061735
11 9 2 0 -0.0000000
11 9 2 1 -0.0000000
11 9 2 2 -0.0038219
11 9 3 0 -0.0000036
11 9 3 1 0.0010899
11 9 3 2 0.0000000
11 9 3 3 -0.0048864
11 9 4 0 0.0000078
11 9 4 1 0.0026196
11 9 4 2 0.0000000
11 9 4 3 -0.0019440
11 9 4 4 -0.0068438
11 9 5 0 -0.0000839
11 9 5 1 0.0012904
11 9 5 2 0.0000000
11 9 5 3 -0.0022182
11 9 5 4 -0.0030024
11 9 5 5 -0.0073653
11 9 6 0 -0.0000000
11 9 6 1 -0.0000000
11 9 6 2 0.0003872
11 9 6 3 0.0000000
11 9 6 4 0.0000000
11 9 6 5 0.0000000
11 9 6 6 -0.0037944
11 9 7 0 -0.0000920
11 9 7 1 -0.0009436
11 9 7 2 -0.0000000
11 9 7 3 0.0001060
11 9 7 4 0.0010856
11 9 7 5 0.0008586
11 9 7 6 -0.0000000
11 9 7 7 -0.0065729
11 9 8 0 0.0000000
11 9 8 1 -0.0000000
11 9 8 2 0.0012943
11 9 8 3 0.0000000
11 9 8 4 -0.0000000
11 9 8 5 0.0000000
11 9 8 6 -0.0012156
11 9 8 7 -0.0000000
11 9 8 8 -0.0085153
11 9 9 0 0.0000580
11 9 9 1 -0.0002568
11 9 9 2 -0.0000000
11 9 9 3 0.0020220
11 9 9 4 0.0027894
11 9 9 5 0.0017250
11 9 9 6 -0.0000000
11 9 9 7 0.0066747
11 9 9 8 -0.0000000
11 9 9 9 -0.0538242
11 9 10 0 0.0000286
11 9 10 1 0.0006912
11 9 10 2 0.0000000
11 9 10 3 -0.0003269
11 9 10 4 -0.0006197
11 9 10 5 -0.0003451
11 9 10 6 0.0000000
11 9 10 7 -0.0007309
11 9 10 8 0.0000000
11 9 10 9 -0.0071200
11 9 10 10 -0.0059737
11 9 11 0 0.0000720
11 9 11 1 0.0000204
11 9 11 2 -0.0000000
11 9 11 3 0.0004608
11 9 11 4 0.0009047
11 9 11 5 0.0013362
11 9 11 6 -0.0000000
11 9 11 7 -0.0030652
11 9 11 8 -0.0000000
11 9 11 9 0.0067783
11 9 11 10 -0.0001083
11 9 11 11 -0.0052262
11 10 0 0 0.0747350
11 10 1 0 -0.0015072
11 10 1 1 0.0236468
11 10 2 0 0.0000000
11 10 2 1 -0.0000000
11 10 2 2 0.0302244
11 10 3 0 -0.0007941
11 10 3 1 0.0118979
11 10 3 2 -0.0000000
11 10 3 3 0.0375398
11 10 4 0 0.0008374
11 10 4 1 0.0032303
11 10 4 2 0.0000000
11 10 4 3 -0.0159945
11 10 4 4 0.0134841
11 10 5 0 -0.0018280
11 10 5 1 0.0246524
11 10 5 2 0.0000000
11 10 5 3 -0.0147226
11 10 5 4 -0.0120939
11 10 5 5 0.0203920
11 10 6 0 -0.0000000
11 10 6 1 0.0000000
11 10 6 2 0.0199087
11 10 6 3 0.0000000
11 10 6 4 0.0000000
11 10 6 5 0.0000000
11 10 6 6 0.0330274
11 10 7 0 -0.0009564
11 10 7 1 -0.0036337
11 10 7 2 -0.0000000
11 10 7 3 0.0008727
11 10 7 4 0.0146438
11 10 7 5 0.0110306
11 10 7 6 -0.0000000
11 10 7 7 0.0022261
11 10 8 0 0.0000000
11 10 8 1 -0.0000000
11 10 8 2 0.0151269
11 10 8 3 0.0000000
11 10 8 4 -0.0000000
11 10 8 5 0.0000000
11 10 8 6 -0.0110957
11 10 8 7 0.0000000
11 10 8 8 -0.0426908
11 10 9 0 0.0001561
11 10 9 1 0.0015965
11 10 9 2 -0.0000000
11 10 9 3 0.0009425
11 10 9 4 0.0026172
11 10 9 5 0.0011356
11 10 9 6 -0.0000000
11 10 9 7 0.0002473
11 10 9 8 -0.0000000
11 10 9 9 -0.0655089
11 10 10 0 0.0000060
11 10 10 1 -0.0154200
11 10 10 2 -0.0000000
11 10 10 3 0.0141035
11 10 10 4 0.0115863
11 10 10 5 0.0158822
11 10 10 6 -0.0000000
11 10 10 7 0.0364451
11 10 10 8 0.0000000
11 10 10 9 -0.0031837
11 10 10 10 -0.0421696
11 10 11 0 0.0010753
11 10 11 1 -0.0066865
11 10 11 2 -0.0000000
11 10 11 3 0.0029893
11 10 11 4 0.0086928
11 10 11 5 0.0064997
11 10 11 6 -0.0000000
11 10 11 7 -0.0593325
11 10 11 8 -0.0000000
11 10 11 9 -0.0001083
11 10 11 10 0.0530158
11 10 11 11 -0.0051728
11 11 0 0 0.5901269
11 11 1 0 -0.0064846
11 11 1 1 0.4418104
11 11 2 0 0.0000000
11 11 2 1 0.0000000
11 11 2 2 0.4167922
11 11 3 0 -0.0096093
11 11 3 1 -0.0379170
11 11 3 2 -0.0000000
11 11 3 3 0.4357494
11 11 4 0 0.0056376
11 11 4 1 -0.0474188
11 11 4 2 0.0000000
11 11 4 3 0.0104281
11 11 4 4 0.4076307
11 11 5 0 -0.0038515
11 11 5 1 0.0336978
11 11 5 2 -0.0000000
11 11 5 3 -0.0061388
11 11 5 4 0.0358519
11 11 5 5 0.4892002
11 11 6 0 -0.0000000
11 11 6 1 0.0000000
11 11 6 2 0.0569656
11 11 6 3 0.0000000
11 11 6 4 0.0000000
11 11 6 5 -0.0000000
11 11 6 6 0.4241255
11 11 7 0 -0.0065627
11 11 7 1 0.0020943
11 11 7 2 0.0000000
11 11 7 3 0.0001042
11 11 7 4 -0.0035292
11 11 7 5 -0.0287849
11 11 7 6 -0.0000000
11 11 7 7 0.5013993
11 11 8 0 0.0000000
11 11 8 1 0.0000000
11 11 8 2 -0.0106804
11 11 8 3 -0.0000000
11 11 8 4 0.0000000
11 11 8 5 -0.0000000
11 11 8 6 0.0195714
11 11 8 7 0.0000000
11 11 8 8 0.4338917
11 11 9 0 0.0000682
11 11 9 1 -0.0000825
11 11 9 2 0.0000000
11 11 9 3 -0.0017567
11 11 9 4 -0.0039107
11 11 9 5 -0.0000897
11 11 9 6 0.0000000
11 11 9 7 0.0002550
11 11 9 8 0.0000000
11 11 9 9 0.5430553
11 11 10 0 0.0009732
11 11 10 1 -0.0025555
11 11 10 2 -0.0000000
11 11 10 3 0.0031511
11 11 10 4 0.0121512
11 11 10 5 0.0081216
11 11 10 6 -0.0000000
11 11 10 7 -0.0364333
11 11 10 8 -0.0000000
11 11 10 9 0.0272587
11 11 10 10 0.4103340
11 11 11 0 0.0067908
11 11 11 1 0.0196616
11 11 11 2 0.0000000
11 11 11 3 -0.0124390
11 11 11 4 -0.0192424
11 11 11 5 0.0096743
11 11 11 6 0.0000000
11 11 11 7 -0.0251514
11 11 11 8 0.0000000
11 11 11 9 -0.0052262
11 11 11 10 -0.0051728
11 11 11 11 0.5093196
