NMONOMER	1
NELEC	10
ENUC	12.405415
NBASIS	13
HOMO	2
LUMO	2
ENT	5
HF_ENERGY	-40.834793
ENERGIES
-11.002268
-0.917524
-0.514244
-0.509636
-0.480872
0.710005
0.729176
0.744830
0.788779
965064.729468
965066.542541
996490.811179
1073373.742562

OEI
-19.716745	
-0.378900	-5.439171	
-0.000000	0.000000	-4.881968	
-0.000126	0.048829	-0.000000	-4.940003	
-0.014919	-0.015199	0.000000	-0.007383	-4.837778	
-0.000000	-0.000000	1.005457	-0.000000	-0.000000	-4.401675	
0.127607	0.364832	-0.000000	0.275990	-0.902675	0.000000	-4.373575	
-0.152816	-0.353380	-0.000000	-0.897731	-0.385662	-0.000000	-0.038295	-4.250020	
0.318865	0.950176	0.000000	-0.470687	0.213369	-0.000000	0.052673	0.021392	-3.944986	
0.000013	-0.003789	0.000000	0.009069	0.108586	0.000000	0.114885	0.054739	-0.018598	965061.555032	
-0.000000	-0.000000	0.109693	-0.000000	0.000000	-0.128000	0.000000	-0.000000	-0.000000	0.000000	965063.367994	
0.005232	-0.019433	0.000000	0.018212	-0.001986	0.000000	-0.000428	0.006533	0.017794	-0.000022	-0.000000	996487.301490	
0.014429	-0.128676	0.000000	0.185820	-0.019244	0.000000	0.018182	-0.094810	-0.166615	-0.000310	0.000000	0.142563	1073371.012317	

ENV_OEI
-0.176605	
0.000213	-0.211325	
-0.000000	0.000000	-0.124513	
-0.007268	0.203537	-0.000000	-0.417733	
-0.000569	-0.003985	0.000000	0.032247	-0.092809	
0.000000	0.000000	0.060319	-0.000000	0.000000	-0.127219	
0.002668	0.023108	-0.000000	-0.038417	-0.043001	-0.000000	-0.111696	
-0.010682	-0.089160	0.000000	0.172102	-0.050602	0.000000	0.024813	-0.255740	
-0.007474	-0.118809	0.000000	0.340718	-0.023770	0.000000	0.060076	-0.349725	-0.716816	
0.000500	-0.012728	0.000000	0.012610	-0.060705	-0.000000	-0.026861	-0.015731	-0.002502	-0.660045	
0.000000	-0.000000	-0.044514	0.000000	0.000000	0.016288	-0.000000	0.000000	0.000000	0.000000	-0.716438	
-0.023105	-0.173831	0.000000	0.618368	-0.056993	0.000000	0.144776	-0.725431	-1.281421	0.014127	-0.000000	-18.520116	
0.001321	-0.007673	0.000000	-0.000876	0.011281	-0.000000	0.002600	0.024475	0.040494	0.079584	0.000000	1.656804	-0.552256	

OVERLAP
1.000000	
0.248362	1.000000	
0.061767	0.488736	1.000000	
0.061767	0.488736	0.167856	1.000000	
0.061767	0.488736	0.167856	0.167856	1.000000	
0.000000	0.027047	0.005362	0.005362	0.005362	1.000000	
0.027047	0.301519	0.096511	0.096511	0.096511	0.248362	1.000000	
0.000000	0.000000	0.155576	0.155576	0.155576	-0.045312	-0.338874	1.000000	
0.000000	0.000000	0.380474	0.000000	-0.380474	0.000000	0.000000	0.000000	1.000000	
0.000000	0.000000	0.219667	-0.439334	0.219667	0.000000	0.000000	0.000000	0.000000	1.000000	
0.045312	0.338874	0.109532	0.109532	0.109532	0.000000	0.000000	-0.315123	0.000000	0.000000	1.000000	
0.000000	0.000000	0.051506	0.000000	-0.051506	0.000000	0.000000	0.000000	0.166433	0.000000	0.000000	1.000000	
0.000000	0.000000	0.029737	-0.059474	0.029737	0.000000	0.000000	0.000000	0.000000	0.166433	0.000000	0.000000	1.000000	

MOCOEFF
0.991806	0.038375	-0.007074	-0.006963	-0.007074	0.001736	-0.009078	-0.000192	0.000000	0.000206	-0.002751	-0.000000	-0.000028	
0.226074	-0.665233	-0.181900	-0.153574	-0.181900	0.018003	0.006857	0.060210	0.000000	-0.018145	-0.192284	0.000000	0.004705	
0.000000	0.000000	0.429416	-0.000000	-0.429416	-0.000000	0.000000	-0.000000	0.578572	0.000000	0.000000	-0.140529	-0.000000	
-0.000659	0.051684	-0.172646	-0.218928	-0.172646	-0.057311	0.140383	-0.630549	-0.000000	0.050246	0.419196	0.000000	-0.011115	
0.009259	-0.036439	0.264476	-0.484222	0.264476	0.005513	-0.013854	0.039974	-0.000000	0.570960	-0.042224	0.000000	-0.139555	
0.000000	-0.000000	0.858802	0.000000	-0.858802	-0.000000	0.000000	0.000000	-1.110530	0.000000	0.000000	0.096361	-0.000000	
-0.083591	0.534884	-0.765132	0.550698	-0.765132	-0.012608	0.078908	0.350535	0.000000	0.992302	0.081201	-0.000000	-0.086893	
0.100043	-0.654371	0.321119	0.973252	0.321119	0.064034	-0.386242	-0.865082	-0.000000	0.478594	-0.453185	0.000000	-0.040869	
-0.211288	1.325282	-0.330497	-0.544135	-0.330497	0.113292	-0.673958	-0.477182	-0.000000	-0.159558	-0.851564	0.000000	0.013850	
-0.000000	0.000000	-0.000000	0.000000	-0.000000	-0.000004	0.000006	-0.000000	0.000000	0.000000	-0.000003	-0.000000	-1.000000	
0.000000	-0.000000	-0.000000	0.000000	0.000000	-0.000000	0.000000	-0.000000	0.000000	0.000000	-0.000000	-1.000000	0.000000	
-0.000000	0.000000	0.000000	0.000000	0.000000	1.025836	-0.215515	-0.000000	-0.000000	0.000000	0.105027	-0.000000	-0.000004	
0.000000	-0.000000	0.000000	0.000000	0.000000	-0.014390	-0.882584	0.000000	0.000000	0.000000	0.463174	-0.000000	-0.000006	

ERI
0 0 0 0 3.5002496
1 0 0 0 0.3002674
1 0 1 0 0.0405223
1 0 1 1 0.0097255
1 1 0 0 0.7198662
1 1 1 0 0.0097255
1 1 1 1 0.5112444
2 0 0 0 0.0000000
2 0 1 0 -0.0000000
2 0 1 1 0.0000000
2 0 2 0 0.0089350
2 0 2 1 -0.0140195
2 0 2 2 -0.0000000
2 1 0 0 -0.0000000
2 1 1 0 0.0000000
2 1 1 1 -0.0000000
2 1 2 0 -0.0140195
2 1 2 1 0.1083182
2 1 2 2 0.0000000
2 2 0 0 0.6336948
2 2 1 0 0.0041985
2 2 1 1 0.4882145
2 2 2 0 -0.0000000
2 2 2 1 0.0000000
2 2 2 2 0.5375513
3 0 0 0 -0.0009556
3 0 1 0 -0.0010311
3 0 1 1 0.0018841
3 0 2 0 0.0000000
3 0 2 1 -0.0000000
3 0 2 2 -0.0023857
3 0 3 0 0.0102173
3 0 3 1 -0.0153441
3 0 3 2 0.0000000
3 0 3 3 0.0033342
3 1 0 0 -0.0165308
3 1 1 0 0.0008485
3 1 1 1 -0.0149938
3 1 2 0 -0.0000000
3 1 2 1 -0.0000000
3 1 2 2 0.0288482
3 1 3 0 -0.0153441
3 1 3 1 0.1084054
3 1 3 2 -0.0000000
3 1 3 3 -0.0505433
3 2 0 0 0.0000000
3 2 1 0 0.0000000
3 2 1 1 0.0000000
3 2 2 0 -0.0024829
3 2 2 1 0.0356652
3 2 2 2 -0.0000000
3 2 3 0 0.0000000
3 2 3 1 -0.0000000
3 2 3 2 0.0293921
3 2 3 3 0.0000000
3 3 0 0 0.6565842
3 3 1 0 0.0043923
3 3 1 1 0.4956249
3 3 2 0 0.0000000
3 3 2 1 -0.0000000
3 3 2 2 0.4408219
3 3 3 0 0.0033342
3 3 3 1 -0.0505433
3 3 3 2 0.0000000
3 3 3 3 0.5341030
4 0 0 0 0.0121359
4 0 1 0 0.0014167
4 0 1 1 0.0011839
4 0 2 0 -0.0000000
4 0 2 1 0.0000000
4 0 2 2 0.0035847
4 0 3 0 0.0000729
4 0 3 1 0.0000127
4 0 3 2 -0.0000000
4 0 3 3 -0.0004458
4 0 4 0 0.0088466
4 0 4 1 -0.0135981
4 0 4 2 -0.0000000
4 0 4 3 -0.0028647
4 0 4 4 -0.0035199
4 1 0 0 0.0061897
4 1 1 0 0.0006551
4 1 1 1 -0.0043923
4 1 2 0 0.0000000
4 1 2 1 -0.0000000
4 1 2 2 -0.0479506
4 1 3 0 0.0000758
4 1 3 1 -0.0032616
4 1 3 2 0.0000000
4 1 3 3 0.0117221
4 1 4 0 -0.0135981
4 1 4 1 0.1014062
4 1 4 2 0.0000000
4 1 4 3 0.0394840
4 1 4 4 0.0444931
4 2 0 0 -0.0000000
4 2 1 0 0.0000000
4 2 1 1 -0.0000000
4 2 2 0 0.0029846
4 2 2 1 -0.0484929
4 2 2 2 -0.0000000
4 2 3 0 -0.0000000
4 2 3 1 0.0000000
4 2 3 2 -0.0228598
4 2 3 3 0.0000000
4 2 4 0 -0.0000000
4 2 4 1 0.0000000
4 2 4 2 0.0456652
4 2 4 3 -0.0000000
4 2 4 4 0.0000000
4 3 0 0 0.0015259
4 3 1 0 0.0002139
4 3 1 1 -0.0029696
4 3 2 0 -0.0000000
4 3 2 1 0.0000000
4 3 2 2 -0.0223437
4 3 3 0 -0.0012974
4 3 3 1 0.0119007
4 3 3 2 0.0000000
4 3 3 3 -0.0021725
4 3 4 0 -0.0028647
4 3 4 1 0.0394840
4 3 4 2 -0.0000000
4 3 4 3 0.0372430
4 3 4 4 0.0310816
4 4 0 0 0.6312290
4 4 1 0 0.0043819
4 4 1 1 0.4808216
4 4 2 0 -0.0000000
4 4 2 1 0.0000000
4 4 2 2 0.4485101
4 4 3 0 -0.0028742
4 4 3 1 0.0330958
4 4 3 2 0.0000000
4 4 3 3 0.4477297
4 4 4 0 -0.0035199
4 4 4 1 0.0444931
4 4 4 2 0.0000000
4 4 4 3 0.0310816
4 4 4 4 0.5334857
5 0 0 0 0.0000000
5 0 1 0 0.0000000
5 0 1 1 0.0000000
5 0 2 0 -0.0136995
5 0 2 1 0.0194775
5 0 2 2 0.0000000
5 0 3 0 0.0000000
5 0 3 1 -0.0000000
5 0 3 2 0.0030484
5 0 3 3 -0.0000000
5 0 4 0 0.0000000
5 0 4 1 -0.0000000
5 0 4 2 -0.0035401
5 0 4 3 0.0000000
5 0 4 4 0.0000000
5 0 5 0 0.0211335
5 0 5 1 -0.0148772
5 0 5 2 0.0000000
5 0 5 3 0.0028790
5 0 5 4 -0.0052857
5 0 5 5 -0.0000000
5 1 0 0 0.0000000
5 1 1 0 0.0000000
5 1 1 1 0.0000000
5 1 2 0 0.0102142
5 1 2 1 -0.0196612
5 1 2 2 0.0000000
5 1 3 0 -0.0000000
5 1 3 1 0.0000000
5 1 3 2 0.0107331
5 1 3 3 -0.0000000
5 1 4 0 -0.0000000
5 1 4 1 0.0000000
5 1 4 2 -0.0181315
5 1 4 3 0.0000000
5 1 4 4 0.0000000
5 1 5 0 -0.0148772
5 1 5 1 0.0489545
5 1 5 2 -0.0000000
5 1 5 3 0.0039257
5 1 5 4 -0.0041004
5 1 5 5 0.0000000
5 2 0 0 -0.2531560
5 2 1 0 -0.0056105
5 2 1 1 -0.0833678
5 2 2 0 -0.0000000
5 2 2 1 0.0000000
5 2 2 2 -0.0345403
5 2 3 0 -0.0018157
5 2 3 1 0.0309337
5 2 3 2 -0.0000000
5 2 3 3 -0.0861125
5 2 4 0 0.0028239
5 2 4 1 -0.0460636
5 2 4 2 -0.0000000
5 2 4 3 -0.0213883
5 2 4 4 -0.0682633
5 2 5 0 0.0000000
5 2 5 1 -0.0000000
5 2 5 2 0.1213802
5 2 5 3 -0.0000000
5 2 5 4 -0.0000000
5 2 5 5 -0.0548488
5 3 0 0 0.0000000
5 3 1 0 0.0000000
5 3 1 1 0.0000000
5 3 2 0 -0.0018931
5 3 2 1 0.0289351
5 3 2 2 -0.0000000
5 3 3 0 0.0000000
5 3 3 1 -0.0000000
5 3 3 2 0.0028281
5 3 3 3 0.0000000
5 3 4 0 -0.0000000
5 3 4 1 0.0000000
5 3 4 2 -0.0201565
5 3 4 3 0.0000000
5 3 4 4 0.0000000
5 3 5 0 0.0028790
5 3 5 1 0.0039257
5 3 5 2 -0.0000000
5 3 5 3 0.0234559
5 3 5 4 -0.0165162
5 3 5 5 -0.0000000
5 4 0 0 0.0000000
5 4 1 0 0.0000000
5 4 1 1 0.0000000
5 4 2 0 0.0035226
5 4 2 1 -0.0470841
5 4 2 2 -0.0000000
5 4 3 0 -0.0000000
5 4 3 1 0.0000000
5 4 3 2 -0.0220385
5 4 3 3 0.0000000
5 4 4 0 -0.0000000
5 4 4 1 0.0000000
5 4 4 2 0.0196505
5 4 4 3 -0.0000000
5 4 4 4 0.0000000
5 4 5 0 -0.0052857
5 4 5 1 -0.0041004
5 4 5 2 -0.0000000
5 4 5 3 -0.0165162
5 4 5 4 0.0388794
5 4 5 5 0.0000000
5 5 0 0 0.7355717
5 5 1 0 0.0088377
5 5 1 1 0.4982058
5 5 2 0 0.0000000
5 5 2 1 -0.0000000
5 5 2 2 0.5309092
5 5 3 0 0.0001035
5 5 3 1 0.0136436
5 5 3 2 -0.0000000
5 5 3 3 0.4562240
5 5 4 0 -0.0000168
5 5 4 1 -0.0257181
5 5 4 2 -0.0000000
5 5 4 3 -0.0180570
5 5 4 4 0.4618310
5 5 5 0 -0.0000000
5 5 5 1 0.0000000
5 5 5 2 -0.0548488
5 5 5 3 -0.0000000
5 5 5 4 0.0000000
5 5 5 5 0.5569829
6 0 0 0 -0.1088821
6 0 1 0 -0.0149351
6 0 1 1 -0.0030451
6 0 2 0 0.0000000
6 0 2 1 -0.0000000
6 0 2 2 0.0032723
6 0 3 0 -0.0035515
6 0 3 1 0.0052463
6 0 3 2 -0.0000000
6 0 3 3 -0.0030771
6 0 4 0 0.0118169
6 0 4 1 -0.0176513
6 0 4 2 -0.0000000
6 0 4 3 -0.0028500
6 0 4 4 -0.0047179
6 0 5 0 -0.0000000
6 0 5 1 -0.0000000
6 0 5 2 0.0066938
6 0 5 3 -0.0000000
6 0 5 4 -0.0000000
6 0 5 5 -0.0038943
6 0 6 0 0.0245738
6 0 6 1 -0.0124156
6 0 6 2 -0.0000000
6 0 6 3 0.0016326
6 0 6 4 0.0025503
6 0 6 5 -0.0000000
6 0 6 6 0.0096382
6 1 0 0 -0.0980363
6 1 1 0 -0.0035644
6 1 1 1 -0.0308281
6 1 2 0 -0.0000000
6 1 2 1 0.0000000
6 1 2 2 -0.0062503
6 1 3 0 0.0023473
6 1 3 1 -0.0019409
6 1 3 2 -0.0000000
6 1 3 3 -0.0334247
6 1 4 0 -0.0096809
6 1 4 1 0.0208936
6 1 4 2 -0.0000000
6 1 4 3 -0.0095966
6 1 4 4 -0.0295664
6 1 5 0 -0.0000000
6 1 5 1 -0.0000000
6 1 5 2 0.0291828
6 1 5 3 -0.0000000
6 1 5 4 0.0000000
6 1 5 5 -0.0004573
6 1 6 0 -0.0124156
6 1 6 1 0.0524291
6 1 6 2 -0.0000000
6 1 6 3 0.0116949
6 1 6 4 -0.0331592
6 1 6 5 -0.0000000
6 1 6 6 -0.0413699
6 2 0 0 0.0000000
6 2 1 0 0.0000000
6 2 1 1 0.0000000
6 2 2 0 -0.0009024
6 2 2 1 0.0507906
6 2 2 2 0.0000000
6 2 3 0 0.0000000
6 2 3 1 -0.0000000
6 2 3 2 0.0256032
6 2 3 3 -0.0000000
6 2 4 0 0.0000000
6 2 4 1 -0.0000000
6 2 4 2 -0.0306927
6 2 4 3 0.0000000
6 2 4 4 -0.0000000
6 2 5 0 0.0014940
6 2 5 1 0.0192337
6 2 5 2 0.0000000
6 2 5 3 0.0244401
6 2 5 4 -0.0425256
6 2 5 5 0.0000000
6 2 6 0 -0.0000000
6 2 6 1 -0.0000000
6 2 6 2 0.0593974
6 2 6 3 -0.0000000
6 2 6 4 0.0000000
6 2 6 5 0.0493033
6 2 6 6 -0.0000000
6 3 0 0 -0.0679287
6 3 1 0 -0.0019022
6 3 1 1 -0.0190842
6 3 2 0 0.0000000
6 3 2 1 -0.0000000
6 3 2 2 0.0006606
6 3 3 0 0.0043300
6 3 3 1 -0.0186466
6 3 3 2 -0.0000000
6 3 3 3 -0.0215731
6 3 4 0 0.0018517
6 3 4 1 -0.0276694
6 3 4 2 0.0000000
6 3 4 3 -0.0080996
6 3 4 4 -0.0377713
6 3 5 0 -0.0000000
6 3 5 1 -0.0000000
6 3 5 2 0.0305884
6 3 5 3 -0.0000000
6 3 5 4 0.0000000
6 3 5 5 -0.0032238
6 3 6 0 0.0016326
6 3 6 1 0.0116949
6 3 6 2 -0.0000000
6 3 6 3 0.0320709
6 3 6 4 -0.0109299
6 3 6 5 -0.0000000
6 3 6 6 -0.0145406
6 4 0 0 0.2266858
6 4 1 0 0.0047458
6 4 1 1 0.0789843
6 4 2 0 0.0000000
6 4 2 1 -0.0000000
6 4 2 2 0.0464303
6 4 3 0 0.0019962
6 4 3 1 -0.0299028
6 4 3 2 0.0000000
6 4 3 3 0.0724554
6 4 4 0 0.0037256
6 4 4 1 -0.0177602
6 4 4 2 -0.0000000
6 4 4 3 -0.0139404
6 4 4 4 0.0474809
6 4 5 0 0.0000000
6 4 5 1 0.0000000
6 4 5 2 -0.0613126
6 4 5 3 0.0000000
6 4 5 4 0.0000000
6 4 5 5 0.0555967
6 4 6 0 0.0025503
6 4 6 1 -0.0331592
6 4 6 2 0.0000000
6 4 6 3 -0.0109299
6 4 6 4 0.0844705
6 4 6 5 0.0000000
6 4 6 6 0.0787537
6 5 0 0 -0.0000000
6 5 1 0 -0.0000000
6 5 1 1 -0.0000000
6 5 2 0 -0.0043241
6 5 2 1 0.0618839
6 5 2 2 0.0000000
6 5 3 0 0.0000000
6 5 3 1 -0.0000000
6 5 3 2 0.0335294
6 5 3 3 -0.0000000
6 5 4 0 -0.0000000
6 5 4 1 0.0000000
6 5 4 2 -0.0530085
6 5 4 3 0.0000000
6 5 4 4 0.0000000
6 5 5 0 0.0056011
6 5 5 1 0.0249417
6 5 5 2 0.0000000
6 5 5 3 0.0254682
6 5 5 4 -0.0338453
6 5 5 5 0.0000000
6 5 6 0 -0.0000000
6 5 6 1 -0.0000000
6 5 6 2 0.0493033
6 5 6 3 -0.0000000
6 5 6 4 0.0000000
6 5 6 5 0.0767053
6 5 6 6 -0.0000000
6 6 0 0 0.7357797
6 6 1 0 0.0093265
6 6 1 1 0.4967818
6 6 2 0 0.0000000
6 6 2 1 -0.0000000
6 6 2 2 0.5046217
6 6 3 0 -0.0023998
6 6 3 1 0.0238723
6 6 3 2 -0.0000000
6 6 3 3 0.4565933
6 6 4 0 0.0091206
6 6 4 1 -0.0466682
6 6 4 2 0.0000000
6 6 4 3 -0.0152149
6 6 4 4 0.4840696
6 6 5 0 0.0000000
6 6 5 1 0.0000000
6 6 5 2 -0.0365410
6 6 5 3 -0.0000000
6 6 5 4 0.0000000
6 6 5 5 0.5134445
6 6 6 0 0.0096382
6 6 6 1 -0.0413699
6 6 6 2 -0.0000000
6 6 6 3 -0.0145406
6 6 6 4 0.0787537
6 6 6 5 -0.0000000
6 6 6 6 0.5516962
7 0 0 0 0.1303568
7 0 1 0 0.0167234
7 0 1 1 0.0065812
7 0 2 0 0.0000000
7 0 2 1 -0.0000000
7 0 2 2 0.0008330
7 0 3 0 0.0118812
7 0 3 1 -0.0164681
7 0 3 2 0.0000000
7 0 3 3 0.0045005
7 0 4 0 0.0058011
7 0 4 1 -0.0068020
7 0 4 2 -0.0000000
7 0 4 3 -0.0025727
7 0 4 4 -0.0028923
7 0 5 0 0.0000000
7 0 5 1 0.0000000
7 0 5 2 -0.0025301
7 0 5 3 0.0000000
7 0 5 4 -0.0000000
7 0 5 5 0.0032881
7 0 6 0 -0.0037432
7 0 6 1 -0.0040394
7 0 6 2 0.0000000
7 0 6 3 0.0053998
7 0 6 4 0.0061069
7 0 6 5 -0.0000000
7 0 6 6 0.0058497
7 0 7 0 0.0248046
7 0 7 1 -0.0097132
7 0 7 2 -0.0000000
7 0 7 3 -0.0048061
7 0 7 4 0.0020036
7 0 7 5 -0.0000000
7 0 7 6 0.0048711
7 0 7 7 -0.0098093
7 1 0 0 0.0968558
7 1 1 0 0.0046592
7 1 1 1 0.0257816
7 1 2 0 -0.0000000
7 1 2 1 0.0000000
7 1 2 2 0.0193654
7 1 3 0 -0.0083600
7 1 3 1 0.0144280
7 1 3 2 0.0000000
7 1 3 3 0.0398904
7 1 4 0 -0.0036700
7 1 4 1 0.0103995
7 1 4 2 -0.0000000
7 1 4 3 -0.0056715
7 1 4 4 0.0090054
7 1 5 0 0.0000000
7 1 5 1 0.0000000
7 1 5 2 -0.0276060
7 1 5 3 0.0000000
7 1 5 4 0.0000000
7 1 5 5 0.0230332
7 1 6 0 -0.0036129
7 1 6 1 -0.0013526
7 1 6 2 0.0000000
7 1 6 3 -0.0157130
7 1 6 4 0.0213674
7 1 6 5 0.0000000
7 1 6 6 0.0123863
7 1 7 0 -0.0097132
7 1 7 1 0.0444923
7 1 7 2 0.0000000
7 1 7 3 0.0311758
7 1 7 4 0.0190382
7 1 7 5 -0.0000000
7 1 7 6 -0.0203123
7 1 7 7 0.0390153
7 2 0 0 0.0000000
7 2 1 0 0.0000000
7 2 1 1 0.0000000
7 2 2 0 -0.0024489
7 2 2 1 -0.0098101
7 2 2 2 0.0000000
7 2 3 0 -0.0000000
7 2 3 1 0.0000000
7 2 3 2 0.0000508
7 2 3 3 0.0000000
7 2 4 0 0.0000000
7 2 4 1 -0.0000000
7 2 4 2 0.0184362
7 2 4 3 -0.0000000
7 2 4 4 0.0000000
7 2 5 0 0.0035446
7 2 5 1 -0.0168724
7 2 5 2 -0.0000000
7 2 5 3 -0.0159522
7 2 5 4 0.0080807
7 2 5 5 0.0000000
7 2 6 0 0.0000000
7 2 6 1 -0.0000000
7 2 6 2 -0.0178072
7 2 6 3 0.0000000
7 2 6 4 0.0000000
7 2 6 5 -0.0229039
7 2 6 6 0.0000000
7 2 7 0 -0.0000000
7 2 7 1 0.0000000
7 2 7 2 0.0201434
7 2 7 3 0.0000000
7 2 7 4 0.0000000
7 2 7 5 -0.0012930
7 2 7 6 -0.0000000
7 2 7 7 0.0000000
7 3 0 0 0.2214119
7 3 1 0 0.0054677
7 3 1 1 0.0719298
7 3 2 0 -0.0000000
7 3 2 1 0.0000000
7 3 2 2 0.0765417
7 3 3 0 -0.0065656
7 3 3 1 0.0378159
7 3 3 2 -0.0000000
7 3 3 3 0.0556308
7 3 4 0 0.0015322
7 3 4 1 -0.0186663
7 3 4 2 -0.0000000
7 3 4 3 -0.0018957
7 3 4 4 0.0517997
7 3 5 0 0.0000000
7 3 5 1 0.0000000
7 3 5 2 -0.0352895
7 3 5 3 0.0000000
7 3 5 4 0.0000000
7 3 5 5 0.0801336
7 3 6 0 0.0026444
7 3 6 1 -0.0223362
7 3 6 2 0.0000000
7 3 6 3 -0.0162318
7 3 6 4 0.0425216
7 3 6 5 0.0000000
7 3 6 6 0.0822079
7 3 7 0 -0.0048061
7 3 7 1 0.0311758
7 3 7 2 0.0000000
7 3 7 3 0.0867057
7 3 7 4 0.0326436
7 3 7 5 0.0000000
7 3 7 6 -0.0218921
7 3 7 7 0.0765003
7 4 0 0 0.0977144
7 4 1 0 0.0021969
7 4 1 1 0.0363603
7 4 2 0 0.0000000
7 4 2 1 -0.0000000
7 4 2 2 0.0519084
7 4 3 0 0.0010117
7 4 3 1 -0.0191384
7 4 3 2 -0.0000000
7 4 3 3 0.0306387
7 4 4 0 -0.0000586
7 4 4 1 -0.0420937
7 4 4 2 -0.0000000
7 4 4 3 -0.0250945
7 4 4 4 -0.0148401
7 4 5 0 -0.0000000
7 4 5 1 0.0000000
7 4 5 2 0.0001142
7 4 5 3 0.0000000
7 4 5 4 0.0000000
7 4 5 5 0.0560418
7 4 6 0 -0.0011680
7 4 6 1 0.0073247
7 4 6 2 0.0000000
7 4 6 3 0.0229779
7 4 6 4 0.0383930
7 4 6 5 -0.0000000
7 4 6 6 0.0387343
7 4 7 0 0.0020036
7 4 7 1 0.0190382
7 4 7 2 0.0000000
7 4 7 3 0.0326436
7 4 7 4 0.0710559
7 4 7 5 -0.0000000
7 4 7 6 -0.0297331
7 4 7 7 -0.0165842
7 5 0 0 0.0000000
7 5 1 0 0.0000000
7 5 1 1 0.0000000
7 5 2 0 0.0057204
7 5 2 1 -0.0417998
7 5 2 2 -0.0000000
7 5 3 0 -0.0000000
7 5 3 1 0.0000000
7 5 3 2 -0.0236407
7 5 3 3 0.0000000
7 5 4 0 -0.0000000
7 5 4 1 0.0000000
7 5 4 2 0.0184393
7 5 4 3 0.0000000
7 5 4 4 0.0000000
7 5 5 0 -0.0081540
7 5 5 1 0.0004386
7 5 5 2 -0.0000000
7 5 5 3 -0.0057805
7 5 5 4 0.0273738
7 5 5 5 0.0000000
7 5 6 0 -0.0000000
7 5 6 1 0.0000000
7 5 6 2 -0.0290202
7 5 6 3 0.0000000
7 5 6 4 -0.0000000
7 5 6 5 -0.0306350
7 5 6 6 0.0000000
7 5 7 0 -0.0000000
7 5 7 1 -0.0000000
7 5 7 2 -0.0012930
7 5 7 3 0.0000000
7 5 7 4 -0.0000000
7 5 7 5 0.0295290
7 5 7 6 0.0000000
7 5 7 7 0.0000000
7 6 0 0 0.0062457
7 6 1 0 -0.0008736
7 6 1 1 0.0035763
7 6 2 0 0.0000000
7 6 2 1 0.0000000
7 6 2 2 -0.0291016
7 6 3 0 0.0058090
7 6 3 1 -0.0185690
7 6 3 2 0.0000000
7 6 3 3 0.0020262
7 6 4 0 -0.0032234
7 6 4 1 0.0409866
7 6 4 2 0.0000000
7 6 4 3 0.0309090
7 6 4 4 0.0360300
7 6 5 0 -0.0000000
7 6 5 1 0.0000000
7 6 5 2 -0.0320090
7 6 5 3 0.0000000
7 6 5 4 -0.0000000
7 6 5 5 -0.0218298
7 6 6 0 -0.0057723
7 6 6 1 -0.0097151
7 6 6 2 0.0000000
7 6 6 3 -0.0054961
7 6 6 4 -0.0001326
7 6 6 5 0.0000000
7 6 6 6 -0.0134717
7 6 7 0 0.0048711
7 6 7 1 -0.0203123
7 6 7 2 -0.0000000
7 6 7 3 -0.0218921
7 6 7 4 -0.0297331
7 6 7 5 0.0000000
7 6 7 6 0.0502624
7 6 7 7 0.0252067
7 7 0 0 0.7136715
7 7 1 0 0.0100271
7 7 1 1 0.4790040
7 7 2 0 -0.0000000
7 7 2 1 0.0000000
7 7 2 2 0.4386975
7 7 3 0 -0.0100128
7 7 3 1 0.0364940
7 7 3 2 0.0000000
7 7 3 3 0.4818938
7 7 4 0 -0.0037637
7 7 4 1 0.0486409
7 7 4 2 0.0000000
7 7 4 3 0.0380366
7 7 4 4 0.5077595
7 7 5 0 0.0000000
7 7 5 1 0.0000000
7 7 5 2 -0.0897193
7 7 5 3 0.0000000
7 7 5 4 0.0000000
7 7 5 5 0.4554446
7 7 6 0 -0.0044784
7 7 6 1 -0.0440593
7 7 6 2 -0.0000000
7 7 6 3 -0.0485002
7 7 6 4 0.0418691
7 7 6 5 0.0000000
7 7 6 6 0.4704055
7 7 7 0 -0.0098093
7 7 7 1 0.0390153
7 7 7 2 0.0000000
7 7 7 3 0.0765003
7 7 7 4 -0.0165842
7 7 7 5 0.0000000
7 7 7 6 0.0252067
7 7 7 7 0.5583076
8 0 0 0 -0.2739437
8 0 1 0 -0.0380851
8 0 1 1 -0.0075667
8 0 2 0 -0.0000000
8 0 2 1 0.0000000
8 0 2 2 -0.0050542
8 0 3 0 0.0063521
8 0 3 1 -0.0082237
8 0 3 2 0.0000000
8 0 3 3 -0.0017935
8 0 4 0 -0.0038944
8 0 4 1 0.0031522
8 0 4 2 -0.0000000
8 0 4 3 -0.0000802
8 0 4 4 -0.0036897
8 0 5 0 -0.0000000
8 0 5 1 -0.0000000
8 0 5 2 0.0025763
8 0 5 3 0.0000000
8 0 5 4 -0.0000000
8 0 5 5 -0.0064704
8 0 6 0 0.0082613
8 0 6 1 0.0069446
8 0 6 2 0.0000000
8 0 6 3 0.0031977
8 0 6 4 -0.0036797
8 0 6 5 0.0000000
8 0 6 6 -0.0109181
8 0 7 0 -0.0107318
8 0 7 1 -0.0071892
8 0 7 2 -0.0000000
8 0 7 3 -0.0081266
8 0 7 4 -0.0011851
8 0 7 5 -0.0000000
8 0 7 6 0.0046887
8 0 7 7 -0.0120343
8 0 8 0 0.0394860
8 0 8 1 0.0047805
8 0 8 2 -0.0000000
8 0 8 3 0.0005170
8 0 8 4 -0.0006495
8 0 8 5 0.0000000
8 0 8 6 -0.0042774
8 0 8 7 0.0047950
8 0 8 8 -0.0012912
8 1 0 0 -0.2533031
8 1 1 0 -0.0089593
8 1 1 1 -0.0820416
8 1 2 0 0.0000000
8 1 2 1 -0.0000000
8 1 2 2 -0.0687952
8 1 3 0 -0.0048379
8 1 3 1 0.0111286
8 1 3 2 0.0000000
8 1 3 3 -0.0572994
8 1 4 0 0.0012341
8 1 4 1 -0.0049178
8 1 4 2 -0.0000000
8 1 4 3 -0.0001052
8 1 4 4 -0.0652575
8 1 5 0 -0.0000000
8 1 5 1 -0.0000000
8 1 5 2 0.0591521
8 1 5 3 -0.0000000
8 1 5 4 -0.0000000
8 1 5 5 -0.0856063
8 1 6 0 0.0070324
8 1 6 1 0.0097713
8 1 6 2 -0.0000000
8 1 6 3 0.0110932
8 1 6 4 -0.0516310
8 1 6 5 0.0000000
8 1 6 6 -0.0757056
8 1 7 0 -0.0083320
8 1 7 1 -0.0068423
8 1 7 2 -0.0000000
8 1 7 3 -0.0489725
8 1 7 4 -0.0242065
8 1 7 5 -0.0000000
8 1 7 6 -0.0091138
8 1 7 7 -0.0560425
8 1 8 0 0.0047805
8 1 8 1 0.0666857
8 1 8 2 0.0000000
8 1 8 3 -0.0460001
8 1 8 4 0.0181573
8 1 8 5 -0.0000000
8 1 8 6 0.0041610
8 1 8 7 0.0073039
8 1 8 8 -0.0521009
8 2 0 0 -0.0000000
8 2 1 0 -0.0000000
8 2 1 1 -0.0000000
8 2 2 0 0.0070554
8 2 2 1 -0.0118071
8 2 2 2 0.0000000
8 2 3 0 -0.0000000
8 2 3 1 0.0000000
8 2 3 2 0.0102086
8 2 3 3 -0.0000000
8 2 4 0 0.0000000
8 2 4 1 -0.0000000
8 2 4 2 -0.0111726
8 2 4 3 0.0000000
8 2 4 4 0.0000000
8 2 5 0 -0.0103657
8 2 5 1 0.0329063
8 2 5 2 0.0000000
8 2 5 3 0.0009881
8 2 5 4 -0.0046908
8 2 5 5 0.0000000
8 2 6 0 0.0000000
8 2 6 1 0.0000000
8 2 6 2 0.0140280
8 2 6 3 -0.0000000
8 2 6 4 -0.0000000
8 2 6 5 0.0183340
8 2 6 6 0.0000000
8 2 7 0 0.0000000
8 2 7 1 -0.0000000
8 2 7 2 -0.0092860
8 2 7 3 0.0000000
8 2 7 4 -0.0000000
8 2 7 5 -0.0020969
8 2 7 6 -0.0000000
8 2 7 7 -0.0000000
8 2 8 0 -0.0000000
8 2 8 1 0.0000000
8 2 8 2 0.0239012
8 2 8 3 0.0000000
8 2 8 4 -0.0000000
8 2 8 5 -0.0146953
8 2 8 6 0.0000000
8 2 8 7 -0.0000000
8 2 8 8 -0.0000000
8 3 0 0 0.1142193
8 3 1 0 0.0022582
8 3 1 1 0.0381585
8 3 2 0 -0.0000000
8 3 2 1 0.0000000
8 3 2 2 0.0491460
8 3 3 0 0.0044724
8 3 3 1 0.0295265
8 3 3 2 -0.0000000
8 3 3 3 0.0006301
8 3 4 0 0.0000379
8 3 4 1 0.0010170
8 3 4 2 0.0000000
8 3 4 3 0.0076733
8 3 4 4 0.0564120
8 3 5 0 0.0000000
8 3 5 1 0.0000000
8 3 5 2 -0.0083612
8 3 5 3 -0.0000000
8 3 5 4 0.0000000
8 3 5 5 0.0574253
8 3 6 0 -0.0024573
8 3 6 1 -0.0011704
8 3 6 2 -0.0000000
8 3 6 3 -0.0107661
8 3 6 4 0.0049231
8 3 6 5 -0.0000000
8 3 6 6 0.0584873
8 3 7 0 0.0058592
8 3 7 1 -0.0204373
8 3 7 2 0.0000000
8 3 7 3 0.0401254
8 3 7 4 -0.0079043
8 3 7 5 0.0000000
8 3 7 6 0.0107741
8 3 7 7 0.0345871
8 3 8 0 0.0005170
8 3 8 1 -0.0460001
8 3 8 2 0.0000000
8 3 8 3 0.0787357
8 3 8 4 -0.0054957
8 3 8 5 0.0000000
8 3 8 6 0.0043888
8 3 8 7 -0.0482779
8 3 8 8 -0.0262974
8 4 0 0 -0.0538249
8 4 1 0 -0.0015027
8 4 1 1 -0.0181862
8 4 2 0 0.0000000
8 4 2 1 -0.0000000
8 4 2 2 -0.0287906
8 4 3 0 -0.0002084
8 4 3 1 0.0014876
8 4 3 2 0.0000000
8 4 3 3 -0.0109053
8 4 4 0 0.0061449
8 4 4 1 -0.0008103
8 4 4 2 0.0000000
8 4 4 3 0.0181256
8 4 4 4 -0.0022667
8 4 5 0 0.0000000
8 4 5 1 -0.0000000
8 4 5 2 -0.0002652
8 4 5 3 -0.0000000
8 4 5 4 0.0000000
8 4 5 5 -0.0386153
8 4 6 0 0.0089110
8 4 6 1 -0.0258649
8 4 6 2 -0.0000000
8 4 6 3 -0.0021810
8 4 6 4 -0.0140114
8 4 6 5 -0.0000000
8 4 6 6 -0.0152701
8 4 7 0 0.0025935
8 4 7 1 -0.0165177
8 4 7 2 -0.0000000
8 4 7 3 -0.0160116
8 4 7 4 -0.0301355
8 4 7 5 0.0000000
8 4 7 6 0.0190713
8 4 7 7 0.0079425
8 4 8 0 -0.0006495
8 4 8 1 0.0181573
8 4 8 2 -0.0000000
8 4 8 3 -0.0054957
8 4 8 4 0.0329401
8 4 8 5 -0.0000000
8 4 8 6 0.0023380
8 4 8 7 -0.0024841
8 4 8 8 -0.0121464
8 5 0 0 0.0000000
8 5 1 0 -0.0000000
8 5 1 1 0.0000000
8 5 2 0 -0.0119898
8 5 2 1 0.0681525
8 5 2 2 0.0000000
8 5 3 0 0.0000000
8 5 3 1 0.0000000
8 5 3 2 0.0158162
8 5 3 3 -0.0000000
8 5 4 0 0.0000000
8 5 4 1 -0.0000000
8 5 4 2 -0.0245435
8 5 4 3 0.0000000
8 5 4 4 0.0000000
8 5 5 0 0.0175117
8 5 5 1 -0.0205610
8 5 5 2 0.0000000
8 5 5 3 0.0236731
8 5 5 4 -0.0333532
8 5 5 5 0.0000000
8 5 6 0 0.0000000
8 5 6 1 0.0000000
8 5 6 2 0.0344510
8 5 6 3 -0.0000000
8 5 6 4 -0.0000000
8 5 6 5 0.0355541
8 5 6 6 0.0000000
8 5 7 0 -0.0000000
8 5 7 1 -0.0000000
8 5 7 2 -0.0065017
8 5 7 3 0.0000000
8 5 7 4 0.0000000
8 5 7 5 -0.0267068
8 5 7 6 -0.0000000
8 5 7 7 -0.0000000
8 5 8 0 0.0000000
8 5 8 1 -0.0000000
8 5 8 2 -0.0146953
8 5 8 3 0.0000000
8 5 8 4 -0.0000000
8 5 8 5 0.0538837
8 5 8 6 0.0000000
8 5 8 7 -0.0000000
8 5 8 8 -0.0000000
8 6 0 0 -0.0074701
8 6 1 0 0.0009524
8 6 1 1 -0.0021636
8 6 2 0 0.0000000
8 6 2 1 0.0000000
8 6 2 2 0.0306981
8 6 3 0 -0.0010297
8 6 3 1 0.0111924
8 6 3 2 -0.0000000
8 6 3 3 -0.0166573
8 6 4 0 0.0100173
8 6 4 1 -0.0612892
8 6 4 2 -0.0000000
8 6 4 3 -0.0180268
8 6 4 4 -0.0271018
8 6 5 0 0.0000000
8 6 5 1 0.0000000
8 6 5 2 0.0367631
8 6 5 3 -0.0000000
8 6 5 4 -0.0000000
8 6 5 5 0.0191569
8 6 6 0 0.0132604
8 6 6 1 -0.0109628
8 6 6 2 0.0000000
8 6 6 3 0.0232624
8 6 6 4 0.0028978
8 6 6 5 0.0000000
8 6 6 6 0.0291371
8 6 7 0 0.0047945
8 6 7 1 -0.0093191
8 6 7 2 0.0000000
8 6 7 3 0.0157651
8 6 7 4 0.0283670
8 6 7 5 -0.0000000
8 6 7 6 -0.0263816
8 6 7 7 -0.0319092
8 6 8 0 -0.0042774
8 6 8 1 0.0041610
8 6 8 2 0.0000000
8 6 8 3 0.0043888
8 6 8 4 0.0023380
8 6 8 5 0.0000000
8 6 8 6 0.0469901
8 6 8 7 0.0137341
8 6 8 8 -0.0350082
8 7 0 0 -0.0072274
8 7 1 0 -0.0025208
8 7 1 1 0.0073966
8 7 2 0 0.0000000
8 7 2 1 -0.0000000
8 7 2 2 -0.0113674
8 7 3 0 0.0080728
8 7 3 1 -0.0693048
8 7 3 2 0.0000000
8 7 3 3 0.0435150
8 7 4 0 0.0052888
8 7 4 1 -0.0327536
8 7 4 2 -0.0000000
8 7 4 3 -0.0246949
8 7 4 4 -0.0514479
8 7 5 0 -0.0000000
8 7 5 1 -0.0000000
8 7 5 2 -0.0071990
8 7 5 3 0.0000000
8 7 5 4 0.0000000
8 7 5 5 -0.0131875
8 7 6 0 0.0050948
8 7 6 1 -0.0091371
8 7 6 2 0.0000000
8 7 6 3 0.0208719
8 7 6 4 0.0315531
8 7 6 5 -0.0000000
8 7 6 6 -0.0126924
8 7 7 0 0.0107303
8 7 7 1 0.0070838
8 7 7 2 -0.0000000
8 7 7 3 -0.0157868
8 7 7 4 0.0369545
8 7 7 5 -0.0000000
8 7 7 6 -0.0152057
8 7 7 7 -0.0399299
8 7 8 0 0.0047950
8 7 8 1 0.0073039
8 7 8 2 -0.0000000
8 7 8 3 -0.0482779
8 7 8 4 -0.0024841
8 7 8 5 -0.0000000
8 7 8 6 0.0137341
8 7 8 7 0.0816335
8 7 8 8 0.0679042
8 8 0 0 0.6711291
8 8 1 0 0.0098363
8 8 1 1 0.4713017
8 8 2 0 -0.0000000
8 8 2 1 0.0000000
8 8 2 2 0.4078531
8 8 3 0 0.0113961
8 8 3 1 -0.0915444
8 8 3 2 0.0000000
8 8 3 3 0.5102007
8 8 4 0 -0.0037448
8 8 4 1 0.0299261
8 8 4 2 -0.0000000
8 8 4 3 -0.0025206
8 8 4 4 0.4272722
8 8 5 0 0.0000000
8 8 5 1 -0.0000000
8 8 5 2 -0.0976144
8 8 5 3 0.0000000
8 8 5 4 -0.0000000
8 8 5 5 0.4362403
8 8 6 0 -0.0130264
8 8 6 1 -0.0188323
8 8 6 2 0.0000000
8 8 6 3 -0.0109814
8 8 6 4 0.0737441
8 8 6 5 0.0000000
8 8 6 6 0.4236512
8 8 7 0 0.0144919
8 8 7 1 0.0273502
8 8 7 2 -0.0000000
8 8 7 3 0.0071274
8 8 7 4 0.0273650
8 8 7 5 -0.0000000
8 8 7 6 0.0226708
8 8 7 7 0.4483524
8 8 8 0 -0.0012912
8 8 8 1 -0.0521009
8 8 8 2 -0.0000000
8 8 8 3 -0.0262974
8 8 8 4 -0.0121464
8 8 8 5 -0.0000000
8 8 8 6 -0.0350082
8 8 8 7 0.0679042
8 8 8 8 0.5548757
9 0 0 0 -0.0000056
9 0 1 0 0.0000084
9 0 1 1 -0.0000406
9 0 2 0 -0.0000000
9 0 2 1 0.0000000
9 0 2 2 -0.0001252
9 0 3 0 -0.0000219
9 0 3 1 0.0000437
9 0 3 2 0.0000000
9 0 3 3 -0.0000024
9 0 4 0 -0.0002558
9 0 4 1 0.0005538
9 0 4 2 0.0000000
9 0 4 3 0.0000208
9 0 4 4 0.0001568
9 0 5 0 -0.0000000
9 0 5 1 0.0000000
9 0 5 2 -0.0001215
9 0 5 3 0.0000000
9 0 5 4 0.0000000
9 0 5 5 0.0000189
9 0 6 0 -0.0003528
9 0 6 1 0.0003958
9 0 6 2 -0.0000000
9 0 6 3 -0.0001810
9 0 6 4 -0.0001139
9 0 6 5 0.0000000
9 0 6 6 -0.0002888
9 0 7 0 -0.0001696
9 0 7 1 0.0001880
9 0 7 2 -0.0000000
9 0 7 3 -0.0000897
9 0 7 4 -0.0000656
9 0 7 5 0.0000000
9 0 7 6 0.0000499
9 0 7 7 0.0001155
9 0 8 0 0.0000565
9 0 8 1 -0.0000520
9 0 8 2 -0.0000000
9 0 8 3 0.0000021
9 0 8 4 -0.0002656
9 0 8 5 -0.0000000
9 0 8 6 -0.0004299
9 0 8 7 -0.0002362
9 0 8 8 0.0001449
9 0 9 0 0.0000117
9 0 9 1 -0.0000645
9 0 9 2 0.0000000
9 0 9 3 0.0000108
9 0 9 4 -0.0000049
9 0 9 5 -0.0000000
9 0 9 6 -0.0000054
9 0 9 7 0.0000799
9 0 9 8 0.0001484
9 0 9 9 0.0000036
9 1 0 0 0.0007319
9 1 1 0 -0.0000491
9 1 1 1 0.0013264
9 1 2 0 0.0000000
9 1 2 1 -0.0000000
9 1 2 2 0.0044983
9 1 3 0 0.0001370
9 1 3 1 -0.0008527
9 1 3 2 -0.0000000
9 1 3 3 0.0002278
9 1 4 0 0.0015580
9 1 4 1 -0.0128468
9 1 4 2 -0.0000000
9 1 4 3 -0.0004600
9 1 4 4 -0.0043003
9 1 5 0 0.0000000
9 1 5 1 -0.0000000
9 1 5 2 0.0041224
9 1 5 3 -0.0000000
9 1 5 4 -0.0000000
9 1 5 5 0.0016743
9 1 6 0 0.0019788
9 1 6 1 -0.0060683
9 1 6 2 0.0000000
9 1 6 3 0.0058035
9 1 6 4 0.0017219
9 1 6 5 -0.0000000
9 1 6 6 0.0051921
9 1 7 0 0.0009570
9 1 7 1 -0.0030758
9 1 7 2 0.0000000
9 1 7 3 0.0034729
9 1 7 4 0.0057030
9 1 7 5 -0.0000000
9 1 7 6 -0.0020631
9 1 7 7 -0.0029763
9 1 8 0 -0.0003179
9 1 8 1 0.0005477
9 1 8 2 0.0000000
9 1 8 3 -0.0001902
9 1 8 4 0.0031485
9 1 8 5 0.0000000
9 1 8 6 0.0079139
9 1 8 7 0.0042232
9 1 8 8 -0.0027356
9 1 9 0 -0.0000645
9 1 9 1 0.0080663
9 1 9 2 -0.0000000
9 1 9 3 -0.0122073
9 1 9 4 0.0013782
9 1 9 5 -0.0000000
9 1 9 6 -0.0017069
9 1 9 7 0.0064396
9 1 9 8 0.0129705
9 1 9 9 -0.0011000
9 2 0 0 -0.0000000
9 2 1 0 0.0000000
9 2 1 1 -0.0000000
9 2 2 0 -0.0001051
9 2 2 1 0.0017344
9 2 2 2 -0.0000000
9 2 3 0 -0.0000000
9 2 3 1 -0.0000000
9 2 3 2 0.0004116
9 2 3 3 -0.0000000
9 2 4 0 -0.0000000
9 2 4 1 0.0000000
9 2 4 2 -0.0020594
9 2 4 3 0.0000000
9 2 4 4 0.0000000
9 2 5 0 0.0001130
9 2 5 1 0.0007011
9 2 5 2 -0.0000000
9 2 5 3 0.0007435
9 2 5 4 -0.0001605
9 2 5 5 -0.0000000
9 2 6 0 -0.0000000
9 2 6 1 0.0000000
9 2 6 2 0.0005617
9 2 6 3 -0.0000000
9 2 6 4 -0.0000000
9 2 6 5 0.0020773
9 2 6 6 -0.0000000
9 2 7 0 -0.0000000
9 2 7 1 0.0000000
9 2 7 2 -0.0010486
9 2 7 3 -0.0000000
9 2 7 4 -0.0000000
9 2 7 5 -0.0003394
9 2 7 6 0.0000000
9 2 7 7 0.0000000
9 2 8 0 0.0000000
9 2 8 1 0.0000000
9 2 8 2 0.0003161
9 2 8 3 -0.0000000
9 2 8 4 -0.0000000
9 2 8 5 0.0006415
9 2 8 6 -0.0000000
9 2 8 7 -0.0000000
9 2 8 8 0.0000000
9 2 9 0 0.0000000
9 2 9 1 -0.0000000
9 2 9 2 0.0005769
9 2 9 3 0.0000000
9 2 9 4 -0.0000000
9 2 9 5 -0.0003264
9 2 9 6 0.0000000
9 2 9 7 -0.0000000
9 2 9 8 -0.0000000
9 2 9 9 0.0000000
9 3 0 0 -0.0018168
9 3 1 0 0.0000354
9 3 1 1 -0.0018509
9 3 2 0 -0.0000000
9 3 2 1 -0.0000000
9 3 2 2 -0.0039079
9 3 3 0 -0.0001289
9 3 3 1 0.0006419
9 3 3 2 0.0000000
9 3 3 3 -0.0008660
9 3 4 0 -0.0013272
9 3 4 1 0.0109827
9 3 4 2 0.0000000
9 3 4 3 -0.0016121
9 3 4 4 0.0024736
9 3 5 0 -0.0000000
9 3 5 1 0.0000000
9 3 5 2 -0.0028239
9 3 5 3 0.0000000
9 3 5 4 0.0000000
9 3 5 5 -0.0014993
9 3 6 0 -0.0016964
9 3 6 1 0.0068366
9 3 6 2 -0.0000000
9 3 6 3 -0.0063536
9 3 6 4 -0.0010885
9 3 6 5 0.0000000
9 3 6 6 -0.0047311
9 3 7 0 -0.0008386
9 3 7 1 0.0035547
9 3 7 2 -0.0000000
9 3 7 3 -0.0041243
9 3 7 4 -0.0050646
9 3 7 5 0.0000000
9 3 7 6 0.0004484
9 3 7 7 0.0007149
9 3 8 0 0.0002735
9 3 8 1 -0.0001904
9 3 8 2 -0.0000000
9 3 8 3 -0.0003674
9 3 8 4 -0.0043814
9 3 8 5 -0.0000000
9 3 8 6 -0.0072099
9 3 8 7 -0.0031218
9 3 8 8 0.0024855
9 3 9 0 0.0000108
9 3 9 1 -0.0122073
9 3 9 2 0.0000000
9 3 9 3 0.0202986
9 3 9 4 -0.0019844
9 3 9 5 0.0000000
9 3 9 6 0.0030101
9 3 9 7 -0.0122357
9 3 9 8 -0.0239091
9 3 9 9 0.0023857
9 4 0 0 -0.0220814
9 4 1 0 -0.0001295
9 4 1 1 -0.0133138
9 4 2 0 -0.0000000
9 4 2 1 -0.0000000
9 4 2 2 -0.0125988
9 4 3 0 -0.0001332
9 4 3 1 -0.0041420
9 4 3 2 0.0000000
9 4 3 3 -0.0059827
9 4 4 0 0.0002670
9 4 4 1 -0.0025317
9 4 4 2 -0.0000000
9 4 4 3 -0.0015378
9 4 4 4 -0.0174070
9 4 5 0 0.0000000
9 4 5 1 -0.0000000
9 4 5 2 0.0036624
9 4 5 3 0.0000000
9 4 5 4 -0.0000000
9 4 5 5 -0.0138919
9 4 6 0 0.0004095
9 4 6 1 0.0002692
9 4 6 2 0.0000000
9 4 6 3 0.0028992
9 4 6 4 -0.0034201
9 4 6 5 -0.0000000
9 4 6 6 -0.0148497
9 4 7 0 -0.0000580
9 4 7 1 0.0024527
9 4 7 2 -0.0000000
9 4 7 3 -0.0073515
9 4 7 4 0.0010355
9 4 7 5 -0.0000000
9 4 7 6 -0.0027874
9 4 7 7 -0.0110800
9 4 8 0 -0.0000169
9 4 8 1 0.0092131
9 4 8 2 -0.0000000
9 4 8 3 -0.0129295
9 4 8 4 0.0019606
9 4 8 5 -0.0000000
9 4 8 6 0.0003544
9 4 8 7 0.0098481
9 4 8 8 0.0014678
9 4 9 0 -0.0000049
9 4 9 1 0.0013782
9 4 9 2 -0.0000000
9 4 9 3 -0.0019844
9 4 9 4 0.0051831
9 4 9 5 -0.0000000
9 4 9 6 0.0025942
9 4 9 7 0.0026883
9 4 9 8 0.0022702
9 4 9 9 0.0311166
9 5 0 0 -0.0000000
9 5 1 0 -0.0000000
9 5 1 1 -0.0000000
9 5 2 0 -0.0001896
9 5 2 1 0.0019309
9 5 2 2 -0.0000000
9 5 3 0 -0.0000000
9 5 3 1 -0.0000000
9 5 3 2 0.0004757
9 5 3 3 -0.0000000
9 5 4 0 -0.0000000
9 5 4 1 0.0000000
9 5 4 2 0.0000419
9 5 4 3 0.0000000
9 5 4 4 -0.0000000
9 5 5 0 0.0002888
9 5 5 1 -0.0007646
9 5 5 2 0.0000000
9 5 5 3 0.0006497
9 5 5 4 -0.0017887
9 5 5 5 -0.0000000
9 5 6 0 -0.0000000
9 5 6 1 0.0000000
9 5 6 2 0.0016194
9 5 6 3 -0.0000000
9 5 6 4 -0.0000000
9 5 6 5 0.0002679
9 5 6 6 -0.0000000
9 5 7 0 -0.0000000
9 5 7 1 0.0000000
9 5 7 2 0.0000208
9 5 7 3 -0.0000000
9 5 7 4 -0.0000000
9 5 7 5 -0.0010646
9 5 7 6 0.0000000
9 5 7 7 -0.0000000
9 5 8 0 0.0000000
9 5 8 1 0.0000000
9 5 8 2 -0.0003799
9 5 8 3 -0.0000000
9 5 8 4 -0.0000000
9 5 8 5 0.0015631
9 5 8 6 -0.0000000
9 5 8 7 -0.0000000
9 5 8 8 0.0000000
9 5 9 0 -0.0000000
9 5 9 1 -0.0000000
9 5 9 2 -0.0003264
9 5 9 3 0.0000000
9 5 9 4 -0.0000000
9 5 9 5 0.0003884
9 5 9 6 0.0000000
9 5 9 7 -0.0000000
9 5 9 8 -0.0000000
9 5 9 9 0.0000000
9 6 0 0 -0.0214240
9 6 1 0 -0.0001246
9 6 1 1 -0.0126749
9 6 2 0 -0.0000000
9 6 2 1 0.0000000
9 6 2 2 -0.0103929
9 6 3 0 -0.0005306
9 6 3 1 0.0018696
9 6 3 2 0.0000000
9 6 3 3 -0.0098618
9 6 4 0 -0.0002279
9 6 4 1 0.0015990
9 6 4 2 0.0000000
9 6 4 3 0.0000692
9 6 4 4 -0.0109056
9 6 5 0 0.0000000
9 6 5 1 -0.0000000
9 6 5 2 0.0040496
9 6 5 3 0.0000000
9 6 5 4 -0.0000000
9 6 5 5 -0.0113392
9 6 6 0 -0.0000835
9 6 6 1 0.0024404
9 6 6 2 -0.0000000
9 6 6 3 0.0002628
9 6 6 4 -0.0058055
9 6 6 5 0.0000000
9 6 6 6 -0.0130393
9 6 7 0 -0.0007387
9 6 7 1 0.0011896
9 6 7 2 -0.0000000
9 6 7 3 -0.0056680
9 6 7 4 -0.0027368
9 6 7 5 -0.0000000
9 6 7 6 -0.0015148
9 6 7 7 -0.0079708
9 6 8 0 -0.0000914
9 6 8 1 0.0070916
9 6 8 2 -0.0000000
9 6 8 3 -0.0066121
9 6 8 4 0.0009506
9 6 8 5 -0.0000000
9 6 8 6 -0.0012098
9 6 8 7 0.0016464
9 6 8 8 -0.0052717
9 6 9 0 -0.0000054
9 6 9 1 -0.0017069
9 6 9 2 0.0000000
9 6 9 3 0.0030101
9 6 9 4 0.0025942
9 6 9 5 0.0000000
9 6 9 6 0.0025343
9 6 9 7 -0.0009181
9 6 9 8 -0.0039635
9 6 9 9 0.0126917
9 7 0 0 -0.0102195
9 7 1 0 -0.0000706
9 7 1 1 -0.0058871
9 7 2 0 -0.0000000
9 7 2 1 0.0000000
9 7 2 2 -0.0048639
9 7 3 0 -0.0002303
9 7 3 1 0.0007570
9 7 3 2 0.0000000
9 7 3 3 -0.0046718
9 7 4 0 0.0002102
9 7 4 1 -0.0015422
9 7 4 2 0.0000000
9 7 4 3 0.0004410
9 7 4 4 -0.0054188
9 7 5 0 0.0000000
9 7 5 1 -0.0000000
9 7 5 2 0.0024395
9 7 5 3 0.0000000
9 7 5 4 -0.0000000
9 7 5 5 -0.0059110
9 7 6 0 0.0003561
9 7 6 1 -0.0010912
9 7 6 2 0.0000000
9 7 6 3 0.0015232
9 7 6 4 -0.0025686
9 7 6 5 -0.0000000
9 7 6 6 -0.0053199
9 7 7 0 -0.0001678
9 7 7 1 -0.0005635
9 7 7 2 -0.0000000
9 7 7 3 -0.0019315
9 7 7 4 -0.0004185
9 7 7 5 -0.0000000
9 7 7 6 -0.0003364
9 7 7 7 -0.0036356
9 7 8 0 -0.0001085
9 7 8 1 0.0036503
9 7 8 2 -0.0000000
9 7 8 3 -0.0031311
9 7 8 4 0.0026664
9 7 8 5 -0.0000000
9 7 8 6 0.0009317
9 7 8 7 0.0014221
9 7 8 8 -0.0031055
9 7 9 0 0.0000799
9 7 9 1 0.0064396
9 7 9 2 -0.0000000
9 7 9 3 -0.0122357
9 7 9 4 0.0026883
9 7 9 5 -0.0000000
9 7 9 6 -0.0009181
9 7 9 7 0.0096974
9 7 9 8 0.0172504
9 7 9 9 0.0060044
9 8 0 0 0.0034316
9 8 1 0 0.0000114
9 8 1 1 0.0024290
9 8 2 0 -0.0000000
9 8 2 1 0.0000000
9 8 2 2 0.0041065
9 8 3 0 0.0001052
9 8 3 1 -0.0007257
9 8 3 2 -0.0000000
9 8 3 3 0.0015276
9 8 4 0 0.0002693
9 8 4 1 -0.0060371
9 8 4 2 -0.0000000
9 8 4 3 -0.0008403
9 8 4 4 -0.0009387
9 8 5 0 0.0000000
9 8 5 1 -0.0000000
9 8 5 2 0.0018001
9 8 5 3 -0.0000000
9 8 5 4 -0.0000000
9 8 5 5 0.0032963
9 8 6 0 0.0002589
9 8 6 1 -0.0020892
9 8 6 2 0.0000000
9 8 6 3 0.0034100
9 8 6 4 0.0011388
9 8 6 5 -0.0000000
9 8 6 6 0.0036531
9 8 7 0 0.0002365
9 8 7 1 -0.0011188
9 8 7 2 0.0000000
9 8 7 3 0.0029377
9 8 7 4 0.0052889
9 8 7 5 -0.0000000
9 8 7 6 -0.0013324
9 8 7 7 -0.0007505
9 8 8 0 -0.0000238
9 8 8 1 -0.0009151
9 8 8 2 0.0000000
9 8 8 3 0.0006364
9 8 8 4 0.0013679
9 8 8 5 0.0000000
9 8 8 6 0.0035967
9 8 8 7 0.0017768
9 8 8 8 -0.0002820
9 8 9 0 0.0001484
9 8 9 1 0.0129705
9 8 9 2 -0.0000000
9 8 9 3 -0.0239091
9 8 9 4 0.0022702
9 8 9 5 -0.0000000
9 8 9 6 -0.0039635
9 8 9 7 0.0172504
9 8 9 8 0.0334446
9 8 9 9 -0.0021130
9 9 0 0 0.3243042
9 9 1 0 -0.0004129
9 9 1 1 0.3292794
9 9 2 0 0.0000000
9 9 2 1 -0.0000000
9 9 2 2 0.2712656
9 9 3 0 0.0060147
9 9 3 1 -0.1090399
9 9 3 2 0.0000000
9 9 3 3 0.4025094
9 9 4 0 -0.0004008
9 9 4 1 0.0111968
9 9 4 2 -0.0000000
9 9 4 3 -0.0133168
9 9 4 4 0.2769274
9 9 5 0 -0.0000000
9 9 5 1 -0.0000000
9 9 5 2 -0.0447198
9 9 5 3 0.0000000
9 9 5 4 0.0000000
9 9 5 5 0.2758748
9 9 6 0 -0.0025152
9 9 6 1 -0.0130028
9 9 6 2 0.0000000
9 9 6 3 0.0109349
9 9 6 4 0.0405040
9 9 6 5 0.0000000
9 9 6 6 0.2735584
9 9 7 0 0.0062617
9 9 7 1 0.0305889
9 9 7 2 -0.0000000
9 9 7 3 -0.0533236
9 9 7 4 0.0247417
9 9 7 5 -0.0000000
9 9 7 6 0.0040289
9 9 7 7 0.3116637
9 9 8 0 0.0035326
9 9 8 1 0.0270842
9 9 8 2 -0.0000000
9 9 8 3 -0.1128720
9 9 8 4 0.0043585
9 9 8 5 -0.0000000
9 9 8 6 -0.0253619
9 9 8 7 0.1175825
9 9 8 8 0.4764592
9 9 9 0 0.0000036
9 9 9 1 -0.0011000
9 9 9 2 0.0000000
9 9 9 3 0.0023857
9 9 9 4 0.0311166
9 9 9 5 0.0000000
9 9 9 6 0.0126917
9 9 9 7 0.0060044
9 9 9 8 -0.0021130
9 9 9 9 0.6728327
10 0 0 0 -0.0000000
10 0 1 0 -0.0000000
10 0 1 1 -0.0000000
10 0 2 0 -0.0002587
10 0 2 1 0.0005673
10 0 2 2 -0.0000000
10 0 3 0 0.0000000
10 0 3 1 -0.0000000
10 0 3 2 0.0000016
10 0 3 3 -0.0000000
10 0 4 0 0.0000000
10 0 4 1 -0.0000000
10 0 4 2 -0.0001037
10 0 4 3 0.0000000
10 0 4 4 -0.0000000
10 0 5 0 0.0003942
10 0 5 1 -0.0004296
10 0 5 2 0.0000000
10 0 5 3 0.0001815
10 0 5 4 -0.0001534
10 0 5 5 -0.0000000
10 0 6 0 -0.0000000
10 0 6 1 0.0000000
10 0 6 2 0.0000728
10 0 6 3 -0.0000000
10 0 6 4 0.0000000
10 0 6 5 0.0001288
10 0 6 6 -0.0000000
10 0 7 0 0.0000000
10 0 7 1 -0.0000000
10 0 7 2 0.0000296
10 0 7 3 -0.0000000
10 0 7 4 -0.0000000
10 0 7 5 -0.0001475
10 0 7 6 0.0000000
10 0 7 7 -0.0000000
10 0 8 0 0.0000000
10 0 8 1 -0.0000000
10 0 8 2 -0.0002999
10 0 8 3 0.0000000
10 0 8 4 -0.0000000
10 0 8 5 0.0005111
10 0 8 6 -0.0000000
10 0 8 7 0.0000000
10 0 8 8 0.0000000
10 0 9 0 -0.0000000
10 0 9 1 0.0000000
10 0 9 2 0.0000035
10 0 9 3 -0.0000000
10 0 9 4 0.0000000
10 0 9 5 0.0000078
10 0 9 6 0.0000000
10 0 9 7 0.0000000
10 0 9 8 0.0000000
10 0 9 9 0.0000000
10 0 10 0 0.0000117
10 0 10 1 -0.0000646
10 0 10 2 0.0000000
10 0 10 3 0.0000110
10 0 10 4 0.0000012
10 0 10 5 -0.0000000
10 0 10 6 -0.0000200
10 0 10 7 0.0000728
10 0 10 8 0.0001508
10 0 10 9 0.0000021
10 0 10 10 0.0000000
10 1 0 0 -0.0000000
10 1 1 0 0.0000000
10 1 1 1 0.0000000
10 1 2 0 0.0015826
10 1 2 1 -0.0133437
10 1 2 2 0.0000000
10 1 3 0 -0.0000000
10 1 3 1 0.0000000
10 1 3 2 0.0000896
10 1 3 3 -0.0000000
10 1 4 0 -0.0000000
10 1 4 1 0.0000000
10 1 4 2 0.0037443
10 1 4 3 -0.0000000
10 1 4 4 -0.0000000
10 1 5 0 -0.0022220
10 1 5 1 0.0064035
10 1 5 2 -0.0000000
10 1 5 3 -0.0061245
10 1 5 4 0.0049885
10 1 5 5 0.0000000
10 1 6 0 0.0000000
10 1 6 1 -0.0000000
10 1 6 2 -0.0051657
10 1 6 3 0.0000000
10 1 6 4 -0.0000000
10 1 6 5 -0.0042588
10 1 6 6 0.0000000
10 1 7 0 -0.0000000
10 1 7 1 0.0000000
10 1 7 2 0.0023506
10 1 7 3 -0.0000000
10 1 7 4 0.0000000
10 1 7 5 0.0029344
10 1 7 6 -0.0000000
10 1 7 7 0.0000000
10 1 8 0 -0.0000000
10 1 8 1 0.0000000
10 1 8 2 0.0043513
10 1 8 3 -0.0000000
10 1 8 4 0.0000000
10 1 8 5 -0.0090416
10 1 8 6 0.0000000
10 1 8 7 0.0000000
10 1 8 8 -0.0000000
10 1 9 0 0.0000000
10 1 9 1 0.0000000
10 1 9 2 -0.0003042
10 1 9 3 0.0000000
10 1 9 4 -0.0000000
10 1 9 5 -0.0005330
10 1 9 6 0.0000000
10 1 9 7 -0.0000000
10 1 9 8 -0.0000000
10 1 9 9 -0.0000000
10 1 10 0 -0.0000646
10 1 10 1 0.0081046
10 1 10 2 -0.0000000
10 1 10 3 -0.0122553
10 1 10 4 0.0009536
10 1 10 5 -0.0000000
10 1 10 6 -0.0006578
10 1 10 7 0.0069657
10 1 10 8 0.0128249
10 1 10 9 -0.0000549
10 1 10 10 -0.0000000
10 2 0 0 -0.0222794
10 2 1 0 -0.0001182
10 2 1 1 -0.0137504
10 2 2 0 -0.0000000
10 2 2 1 0.0000000
10 2 2 2 -0.0171971
10 2 3 0 -0.0001673
10 2 3 1 -0.0038517
10 2 3 2 0.0000000
10 2 3 3 -0.0059131
10 2 4 0 -0.0000981
10 2 4 1 0.0019469
10 2 4 2 -0.0000000
10 2 4 3 -0.0001951
10 2 4 4 -0.0129486
10 2 5 0 0.0000000
10 2 5 1 -0.0000000
10 2 5 2 0.0031912
10 2 5 3 0.0000000
10 2 5 4 -0.0000000
10 2 5 5 -0.0172975
10 2 6 0 0.0000072
10 2 6 1 -0.0002206
10 2 6 2 0.0000000
10 2 6 3 0.0009849
10 2 6 4 -0.0024511
10 2 6 5 0.0000000
10 2 6 6 -0.0151279
10 2 7 0 -0.0002553
10 2 7 1 0.0022860
10 2 7 2 -0.0000000
10 2 7 3 -0.0085878
10 2 7 4 -0.0017594
10 2 7 5 -0.0000000
10 2 7 6 -0.0001707
10 2 7 7 -0.0084743
10 2 8 0 0.0000468
10 2 8 1 0.0093564
10 2 8 2 -0.0000000
10 2 8 3 -0.0126927
10 2 8 4 0.0021551
10 2 8 5 -0.0000000
10 2 8 6 -0.0022521
10 2 8 7 0.0081732
10 2 8 8 0.0022883
10 2 9 0 0.0000042
10 2 9 1 -0.0004131
10 2 9 2 0.0000000
10 2 9 3 0.0006133
10 2 9 4 0.0037639
10 2 9 5 0.0000000
10 2 9 6 0.0022891
10 2 9 7 0.0009742
10 2 9 8 -0.0006886
10 2 9 9 0.0256893
10 2 10 0 0.0000000
10 2 10 1 -0.0000000
10 2 10 2 0.0049713
10 2 10 3 0.0000000
10 2 10 4 -0.0000000
10 2 10 5 -0.0032073
10 2 10 6 0.0000000
10 2 10 7 -0.0000000
10 2 10 8 -0.0000000
10 2 10 9 0.0000000
10 2 10 10 0.0312926
10 3 0 0 0.0000000
10 3 1 0 0.0000000
10 3 1 1 0.0000000
10 3 2 0 -0.0013554
10 3 2 1 0.0114825
10 3 2 2 0.0000000
10 3 3 0 0.0000000
10 3 3 1 -0.0000000
10 3 3 2 -0.0019365
10 3 3 3 0.0000000
10 3 4 0 0.0000000
10 3 4 1 -0.0000000
10 3 4 2 -0.0025327
10 3 4 3 0.0000000
10 3 4 4 0.0000000
10 3 5 0 0.0019187
10 3 5 1 -0.0072580
10 3 5 2 0.0000000
10 3 5 3 0.0069982
10 3 5 4 -0.0039122
10 3 5 5 0.0000000
10 3 6 0 -0.0000000
10 3 6 1 0.0000000
10 3 6 2 0.0039628
10 3 6 3 -0.0000000
10 3 6 4 0.0000000
10 3 6 5 0.0025603
10 3 6 6 0.0000000
10 3 7 0 0.0000000
10 3 7 1 -0.0000000
10 3 7 2 -0.0027810
10 3 7 3 0.0000000
10 3 7 4 0.0000000
10 3 7 5 -0.0014903
10 3 7 6 0.0000000
10 3 7 7 0.0000000
10 3 8 0 0.0000000
10 3 8 1 -0.0000000
10 3 8 2 -0.0053088
10 3 8 3 0.0000000
10 3 8 4 -0.0000000
10 3 8 5 0.0082920
10 3 8 6 0.0000000
10 3 8 7 -0.0000000
10 3 8 8 0.0000000
10 3 9 0 -0.0000000
10 3 9 1 0.0000000
10 3 9 2 0.0003561
10 3 9 3 -0.0000000
10 3 9 4 -0.0000000
10 3 9 5 0.0006232
10 3 9 6 -0.0000000
10 3 9 7 -0.0000000
10 3 9 8 0.0000000
10 3 9 9 -0.0000000
10 3 10 0 0.0000110
10 3 10 1 -0.0122553
10 3 10 2 0.0000000
10 3 10 3 0.0203480
10 3 10 4 -0.0017059
10 3 10 5 0.0000000
10 3 10 6 0.0016501
10 3 10 7 -0.0129153
10 3 10 8 -0.0237301
10 3 10 9 0.0002627
10 3 10 10 -0.0000000
10 4 0 0 0.0000000
10 4 1 0 0.0000000
10 4 1 1 0.0000000
10 4 2 0 0.0000533
10 4 2 1 0.0004053
10 4 2 2 0.0000000
10 4 3 0 -0.0000000
10 4 3 1 -0.0000000
10 4 3 2 0.0005683
10 4 3 3 -0.0000000
10 4 4 0 -0.0000000
10 4 4 1 0.0000000
10 4 4 2 -0.0017481
10 4 4 3 0.0000000
10 4 4 4 0.0000000
10 4 5 0 -0.0001106
10 4 5 1 0.0014862
10 4 5 2 -0.0000000
10 4 5 3 0.0000062
10 4 5 4 0.0003973
10 4 5 5 0.0000000
10 4 6 0 0.0000000
10 4 6 1 -0.0000000
10 4 6 2 0.0001767
10 4 6 3 -0.0000000
10 4 6 4 -0.0000000
10 4 6 5 0.0017499
10 4 6 6 -0.0000000
10 4 7 0 -0.0000000
10 4 7 1 0.0000000
10 4 7 2 -0.0007165
10 4 7 3 0.0000000
10 4 7 4 0.0000000
10 4 7 5 -0.0001315
10 4 7 6 0.0000000
10 4 7 7 0.0000000
10 4 8 0 -0.0000000
10 4 8 1 0.0000000
10 4 8 2 0.0008719
10 4 8 3 -0.0000000
10 4 8 4 0.0000000
10 4 8 5 -0.0003010
10 4 8 6 0.0000000
10 4 8 7 -0.0000000
10 4 8 8 -0.0000000
10 4 9 0 0.0000000
10 4 9 1 0.0000000
10 4 9 2 0.0005327
10 4 9 3 -0.0000000
10 4 9 4 -0.0000000
10 4 9 5 -0.0004066
10 4 9 6 0.0000000
10 4 9 7 -0.0000000
10 4 9 8 -0.0000000
10 4 9 9 -0.0000000
10 4 10 0 0.0000012
10 4 10 1 0.0009536
10 4 10 2 -0.0000000
10 4 10 3 -0.0017059
10 4 10 4 0.0007109
10 4 10 5 -0.0000000
10 4 10 6 0.0001312
10 4 10 7 0.0013306
10 4 10 8 0.0020107
10 4 10 9 0.0027806
10 4 10 10 -0.0000000
10 5 0 0 0.0238799
10 5 1 0 0.0001552
10 5 1 1 0.0138568
10 5 2 0 0.0000000
10 5 2 1 0.0000000
10 5 2 2 0.0119456
10 5 3 0 0.0005547
10 5 3 1 -0.0018544
10 5 3 2 -0.0000000
10 5 3 3 0.0111083
10 5 4 0 -0.0002188
10 5 4 1 0.0021528
10 5 4 2 -0.0000000
10 5 4 3 0.0005451
10 5 4 4 0.0119018
10 5 5 0 -0.0000000
10 5 5 1 0.0000000
10 5 5 2 -0.0075796
10 5 5 3 0.0000000
10 5 5 4 0.0000000
10 5 5 5 0.0139348
10 5 6 0 -0.0005518
10 5 6 1 -0.0004540
10 5 6 2 0.0000000
10 5 6 3 -0.0019242
10 5 6 4 0.0043278
10 5 6 5 0.0000000
10 5 6 6 0.0112556
10 5 7 0 0.0005183
10 5 7 1 -0.0001960
10 5 7 2 0.0000000
10 5 7 3 0.0054085
10 5 7 4 0.0008259
10 5 7 5 0.0000000
10 5 7 6 0.0019362
10 5 7 7 0.0099190
10 5 8 0 0.0002064
10 5 8 1 -0.0082222
10 5 8 2 -0.0000000
10 5 8 3 0.0074839
10 5 8 4 -0.0016558
10 5 8 5 0.0000000
10 5 8 6 -0.0011407
10 5 8 7 -0.0032700
10 5 8 8 0.0068365
10 5 9 0 0.0000074
10 5 9 1 -0.0004593
10 5 9 2 0.0000000
10 5 9 3 0.0004489
10 5 9 4 -0.0025934
10 5 9 5 0.0000000
10 5 9 6 -0.0016696
10 5 9 7 -0.0010939
10 5 9 8 -0.0003134
10 5 9 9 -0.0109197
10 5 10 0 -0.0000000
10 5 10 1 -0.0000000
10 5 10 2 -0.0032073
10 5 10 3 0.0000000
10 5 10 4 -0.0000000
10 5 10 5 0.0026508
10 5 10 6 0.0000000
10 5 10 7 -0.0000000
10 5 10 8 -0.0000000
10 5 10 9 0.0000000
10 5 10 10 -0.0140527
10 6 0 0 -0.0000000
10 6 1 0 -0.0000000
10 6 1 1 -0.0000000
10 6 2 0 0.0000773
10 6 2 1 -0.0015998
10 6 2 2 -0.0000000
10 6 3 0 -0.0000000
10 6 3 1 0.0000000
10 6 3 2 -0.0006268
10 6 3 3 -0.0000000
10 6 4 0 0.0000000
10 6 4 1 -0.0000000
10 6 4 2 0.0002670
10 6 4 3 -0.0000000
10 6 4 4 -0.0000000
10 6 5 0 -0.0001267
10 6 5 1 -0.0000184
10 6 5 2 0.0000000
10 6 5 3 -0.0004997
10 6 5 4 0.0015304
10 6 5 5 -0.0000000
10 6 6 0 0.0000000
10 6 6 1 0.0000000
10 6 6 2 -0.0019002
10 6 6 3 0.0000000
10 6 6 4 -0.0000000
10 6 6 5 -0.0006763
10 6 6 6 -0.0000000
10 6 7 0 -0.0000000
10 6 7 1 0.0000000
10 6 7 2 0.0000504
10 6 7 3 -0.0000000
10 6 7 4 -0.0000000
10 6 7 5 0.0010453
10 6 7 6 -0.0000000
10 6 7 7 -0.0000000
10 6 8 0 -0.0000000
10 6 8 1 0.0000000
10 6 8 2 -0.0002374
10 6 8 3 -0.0000000
10 6 8 4 0.0000000
10 6 8 5 -0.0011585
10 6 8 6 0.0000000
10 6 8 7 0.0000000
10 6 8 8 -0.0000000
10 6 9 0 -0.0000000
10 6 9 1 0.0000000
10 6 9 2 0.0003029
10 6 9 3 -0.0000000
10 6 9 4 0.0000000
10 6 9 5 -0.0002839
10 6 9 6 0.0000000
10 6 9 7 0.0000000
10 6 9 8 -0.0000000
10 6 9 9 0.0000000
10 6 10 0 -0.0000200
10 6 10 1 -0.0006578
10 6 10 2 0.0000000
10 6 10 3 0.0016501
10 6 10 4 0.0001312
10 6 10 5 0.0000000
10 6 10 6 0.0005537
10 6 10 7 -0.0013128
10 6 10 8 -0.0026221
10 6 10 9 0.0014920
10 6 10 10 0.0000000
10 7 0 0 0.0000000
10 7 1 0 0.0000000
10 7 1 1 0.0000000
10 7 2 0 0.0003653
10 7 2 1 -0.0031717
10 7 2 2 0.0000000
10 7 3 0 -0.0000000
10 7 3 1 0.0000000
10 7 3 2 0.0000995
10 7 3 3 0.0000000
10 7 4 0 -0.0000000
10 7 4 1 0.0000000
10 7 4 2 0.0001175
10 7 4 3 -0.0000000
10 7 4 4 0.0000000
10 7 5 0 -0.0005090
10 7 5 1 0.0024851
10 7 5 2 -0.0000000
10 7 5 3 -0.0017657
10 7 5 4 0.0014481
10 7 5 5 0.0000000
10 7 6 0 0.0000000
10 7 6 1 -0.0000000
10 7 6 2 -0.0014015
10 7 6 3 0.0000000
10 7 6 4 0.0000000
10 7 6 5 -0.0001359
10 7 6 6 0.0000000
10 7 7 0 0.0000000
10 7 7 1 0.0000000
10 7 7 2 0.0006216
10 7 7 3 0.0000000
10 7 7 4 0.0000000
10 7 7 5 0.0006825
10 7 7 6 0.0000000
10 7 7 7 0.0000000
10 7 8 0 -0.0000000
10 7 8 1 0.0000000
10 7 8 2 0.0022290
10 7 8 3 -0.0000000
10 7 8 4 0.0000000
10 7 8 5 -0.0024528
10 7 8 6 0.0000000
10 7 8 7 -0.0000000
10 7 8 8 -0.0000000
10 7 9 0 0.0000000
10 7 9 1 -0.0000000
10 7 9 2 0.0000405
10 7 9 3 0.0000000
10 7 9 4 -0.0000000
10 7 9 5 -0.0004417
10 7 9 6 -0.0000000
10 7 9 7 -0.0000000
10 7 9 8 -0.0000000
10 7 9 9 -0.0000000
10 7 10 0 0.0000728
10 7 10 1 0.0069657
10 7 10 2 -0.0000000
10 7 10 3 -0.0129153
10 7 10 4 0.0013306
10 7 10 5 -0.0000000
10 7 10 6 -0.0013128
10 7 10 7 0.0097891
10 7 10 8 0.0178210
10 7 10 9 0.0005369
10 7 10 10 -0.0000000
10 8 0 0 0.0000000
10 8 1 0 0.0000000
10 8 1 1 0.0000000
10 8 2 0 0.0002219
10 8 2 1 -0.0057272
10 8 2 2 0.0000000
10 8 3 0 0.0000000
10 8 3 1 0.0000000
10 8 3 2 -0.0003617
10 8 3 3 0.0000000
10 8 4 0 -0.0000000
10 8 4 1 0.0000000
10 8 4 2 0.0022881
10 8 4 3 -0.0000000
10 8 4 4 0.0000000
10 8 5 0 -0.0002526
10 8 5 1 0.0017456
10 8 5 2 -0.0000000
10 8 5 3 -0.0035831
10 8 5 4 0.0025807
10 8 5 5 0.0000000
10 8 6 0 -0.0000000
10 8 6 1 -0.0000000
10 8 6 2 -0.0034585
10 8 6 3 0.0000000
10 8 6 4 0.0000000
10 8 6 5 -0.0027202
10 8 6 6 0.0000000
10 8 7 0 0.0000000
10 8 7 1 0.0000000
10 8 7 2 0.0028389
10 8 7 3 0.0000000
10 8 7 4 0.0000000
10 8 7 5 0.0010886
10 8 7 6 0.0000000
10 8 7 7 0.0000000
10 8 8 0 -0.0000000
10 8 8 1 -0.0000000
10 8 8 2 0.0022330
10 8 8 3 0.0000000
10 8 8 4 0.0000000
10 8 8 5 -0.0034461
10 8 8 6 -0.0000000
10 8 8 7 -0.0000000
10 8 8 8 -0.0000000
10 8 9 0 0.0000000
10 8 9 1 -0.0000000
10 8 9 2 -0.0003721
10 8 9 3 0.0000000
10 8 9 4 -0.0000000
10 8 9 5 -0.0005343
10 8 9 6 -0.0000000
10 8 9 7 -0.0000000
10 8 9 8 -0.0000000
10 8 9 9 -0.0000000
10 8 10 0 0.0001508
10 8 10 1 0.0128249
10 8 10 2 -0.0000000
10 8 10 3 -0.0237301
10 8 10 4 0.0020107
10 8 10 5 -0.0000000
10 8 10 6 -0.0026221
10 8 10 7 0.0178210
10 8 10 8 0.0330610
10 8 10 9 -0.0001332
10 8 10 10 -0.0000000
10 9 0 0 -0.0000000
10 9 1 0 0.0000000
10 9 1 1 0.0000000
10 9 2 0 0.0000042
10 9 2 1 -0.0008162
10 9 2 2 0.0000000
10 9 3 0 -0.0000000
10 9 3 1 0.0000000
10 9 3 2 0.0000052
10 9 3 3 -0.0000000
10 9 4 0 0.0000000
10 9 4 1 -0.0000000
10 9 4 2 0.0023240
10 9 4 3 -0.0000000
10 9 4 4 -0.0000000
10 9 5 0 0.0000185
10 9 5 1 -0.0011793
10 9 5 2 0.0000000
10 9 5 3 -0.0001242
10 9 5 4 -0.0007963
10 9 5 5 -0.0000000
10 9 6 0 -0.0000000
10 9 6 1 0.0000000
10 9 6 2 0.0002680
10 9 6 3 -0.0000000
10 9 6 4 0.0000000
10 9 6 5 -0.0019593
10 9 6 6 0.0000000
10 9 7 0 0.0000000
10 9 7 1 -0.0000000
10 9 7 2 0.0010633
10 9 7 3 -0.0000000
10 9 7 4 -0.0000000
10 9 7 5 -0.0001232
10 9 7 6 -0.0000000
10 9 7 7 -0.0000000
10 9 8 0 0.0000000
10 9 8 1 -0.0000000
10 9 8 2 -0.0006323
10 9 8 3 0.0000000
10 9 8 4 -0.0000000
10 9 8 5 -0.0001574
10 9 8 6 -0.0000000
10 9 8 7 -0.0000000
10 9 8 8 -0.0000000
10 9 9 0 0.0000000
10 9 9 1 -0.0000000
10 9 9 2 0.0028017
10 9 9 3 -0.0000000
10 9 9 4 -0.0000000
10 9 9 5 -0.0015665
10 9 9 6 0.0000000
10 9 9 7 -0.0000000
10 9 9 8 -0.0000000
10 9 9 9 0.0000000
10 9 10 0 0.0000021
10 9 10 1 -0.0000549
10 9 10 2 0.0000000
10 9 10 3 0.0002627
10 9 10 4 0.0027806
10 9 10 5 0.0000000
10 9 10 6 0.0014920
10 9 10 7 0.0005369
10 9 10 8 -0.0001332
10 9 10 9 0.0362686
10 9 10 10 0.0000000
10 10 0 0 0.3243042
10 10 1 0 -0.0004130
10 10 1 1 0.3293844
10 10 2 0 0.0000000
10 10 2 1 -0.0000000
10 10 2 2 0.2759442
10 10 3 0 0.0060149
10 10 3 1 -0.1091104
10 10 3 2 0.0000000
10 10 3 3 0.4024307
10 10 4 0 -0.0003936
10 10 4 1 0.0098754
10 10 4 2 -0.0000000
10 10 4 3 -0.0140233
10 10 4 4 0.2722834
10 10 5 0 -0.0000000
10 10 5 1 -0.0000000
10 10 5 2 -0.0462761
10 10 5 3 0.0000000
10 10 5 4 0.0000000
10 10 5 5 0.2794178
10 10 6 0 -0.0025491
10 10 6 1 -0.0108004
10 10 6 2 0.0000000
10 10 6 3 0.0108415
10 10 6 4 0.0382637
10 10 6 5 0.0000000
10 10 6 6 0.2720613
10 10 7 0 0.0062450
10 10 7 1 0.0316119
10 10 7 2 -0.0000000
10 10 7 3 -0.0532279
10 10 7 4 0.0256206
10 10 7 5 -0.0000000
10 10 7 6 0.0018716
10 10 7 7 0.3098666
10 10 8 0 0.0035381
10 10 8 1 0.0267691
10 10 8 2 -0.0000000
10 10 8 3 -0.1129405
10 10 8 4 0.0035292
10 10 8 5 -0.0000000
10 10 8 6 -0.0242924
10 10 8 7 0.1183523
10 10 8 8 0.4761494
10 10 9 0 0.0000058
10 10 9 1 -0.0008319
10 10 9 2 0.0000000
10 10 9 3 0.0020330
10 10 9 4 0.0255417
10 10 9 5 0.0000000
10 10 9 6 0.0100073
10 10 9 7 0.0044364
10 10 9 8 -0.0014779
10 10 9 9 0.6002955
10 10 10 0 0.0000000
10 10 10 1 -0.0000000
10 10 10 2 0.0312926
10 10 10 3 -0.0000000
10 10 10 4 -0.0000000
10 10 10 5 -0.0140527
10 10 10 6 0.0000000
10 10 10 7 -0.0000000
10 10 10 8 -0.0000000
10 10 10 9 0.0000000
10 10 10 10 0.6728328
11 0 0 0 -0.0022401
11 0 1 0 -0.0001418
11 0 1 1 -0.0004651
11 0 2 0 -0.0000000
11 0 2 1 -0.0000000
11 0 2 2 -0.0004376
11 0 3 0 -0.0000251
11 0 3 1 -0.0000540
11 0 3 2 0.0000000
11 0 3 3 -0.0003133
11 0 4 0 -0.0000041
11 0 4 1 0.0000022
11 0 4 2 -0.0000000
11 0 4 3 -0.0000156
11 0 4 4 -0.0004338
11 0 5 0 -0.0000000
11 0 5 1 -0.0000000
11 0 5 2 0.0002343
11 0 5 3 0.0000000
11 0 5 4 -0.0000000
11 0 5 5 -0.0005415
11 0 6 0 0.0000624
11 0 6 1 0.0000710
11 0 6 2 -0.0000000
11 0 6 3 0.0000763
11 0 6 4 -0.0002118
11 0 6 5 0.0000000
11 0 6 6 -0.0005307
11 0 7 0 -0.0000892
11 0 7 1 -0.0000131
11 0 7 2 -0.0000000
11 0 7 3 -0.0003097
11 0 7 4 -0.0000790
11 0 7 5 -0.0000000
11 0 7 6 -0.0000358
11 0 7 7 -0.0004088
11 0 8 0 0.0001124
11 0 8 1 0.0003405
11 0 8 2 -0.0000000
11 0 8 3 -0.0003327
11 0 8 4 0.0000718
11 0 8 5 -0.0000000
11 0 8 6 -0.0000153
11 0 8 7 0.0001570
11 0 8 8 -0.0001732
11 0 9 0 0.0000000
11 0 9 1 -0.0000029
11 0 9 2 0.0000000
11 0 9 3 0.0000068
11 0 9 4 0.0000839
11 0 9 5 0.0000000
11 0 9 6 0.0000557
11 0 9 7 0.0000262
11 0 9 8 -0.0000090
11 0 9 9 0.0004792
11 0 10 0 0.0000000
11 0 10 1 -0.0000000
11 0 10 2 0.0000846
11 0 10 3 -0.0000000
11 0 10 4 -0.0000000
11 0 10 5 -0.0000618
11 0 10 6 0.0000000
11 0 10 7 -0.0000000
11 0 10 8 -0.0000000
11 0 10 9 0.0000000
11 0 10 10 0.0004792
11 0 11 0 0.0000059
11 0 11 1 0.0000149
11 0 11 2 -0.0000000
11 0 11 3 -0.0000803
11 0 11 4 0.0000076
11 0 11 5 -0.0000000
11 0 11 6 -0.0000211
11 0 11 7 0.0001071
11 0 11 8 0.0001898
11 0 11 9 0.0000003
11 0 11 10 0.0000000
11 0 11 11 0.0033149
11 1 0 0 0.0035121
11 1 1 0 -0.0000020
11 1 1 1 0.0022283
11 1 2 0 0.0000000
11 1 2 1 0.0000000
11 1 2 2 0.0023770
11 1 3 0 0.0000719
11 1 3 1 0.0004270
11 1 3 2 -0.0000000
11 1 3 3 0.0008121
11 1 4 0 -0.0000012
11 1 4 1 -0.0000635
11 1 4 2 0.0000000
11 1 4 3 0.0001470
11 1 4 4 0.0023383
11 1 5 0 -0.0000000
11 1 5 1 0.0000000
11 1 5 2 -0.0006679
11 1 5 3 -0.0000000
11 1 5 4 0.0000000
11 1 5 5 0.0025022
11 1 6 0 -0.0000253
11 1 6 1 -0.0000442
11 1 6 2 0.0000000
11 1 6 3 -0.0002662
11 1 6 4 0.0006267
11 1 6 5 -0.0000000
11 1 6 6 0.0023996
11 1 7 0 0.0000739
11 1 7 1 -0.0005903
11 1 7 2 0.0000000
11 1 7 3 0.0015433
11 1 7 4 0.0001585
11 1 7 5 0.0000000
11 1 7 6 0.0003211
11 1 7 7 0.0012784
11 1 8 0 0.0000358
11 1 8 1 -0.0017980
11 1 8 2 0.0000000
11 1 8 3 0.0025264
11 1 8 4 -0.0003556
11 1 8 5 0.0000000
11 1 8 6 0.0002502
11 1 8 7 -0.0015684
11 1 8 8 -0.0007269
11 1 9 0 -0.0000002
11 1 9 1 0.0000306
11 1 9 2 -0.0000000
11 1 9 3 -0.0000622
11 1 9 4 -0.0005149
11 1 9 5 -0.0000000
11 1 9 6 -0.0003272
11 1 9 7 -0.0001390
11 1 9 8 0.0000772
11 1 9 9 -0.0021385
11 1 10 0 -0.0000000
11 1 10 1 -0.0000000
11 1 10 2 -0.0005216
11 1 10 3 0.0000000
11 1 10 4 0.0000000
11 1 10 5 0.0003589
11 1 10 6 -0.0000000
11 1 10 7 0.0000000
11 1 10 8 0.0000000
11 1 10 9 0.0000000
11 1 10 10 -0.0021360
11 1 11 0 0.0000149
11 1 11 1 0.0009917
11 1 11 2 -0.0000000
11 1 11 3 -0.0021329
11 1 11 4 0.0002044
11 1 11 5 -0.0000000
11 1 11 6 -0.0003717
11 1 11 7 0.0020016
11 1 11 8 0.0037069
11 1 11 9 -0.0000604
11 1 11 10 -0.0000000
11 1 11 11 0.0103990
11 2 0 0 -0.0000000
11 2 1 0 -0.0000000
11 2 1 1 -0.0000000
11 2 2 0 -0.0001074
11 2 2 1 0.0007257
11 2 2 2 -0.0000000
11 2 3 0 0.0000000
11 2 3 1 -0.0000000
11 2 3 2 0.0000399
11 2 3 3 -0.0000000
11 2 4 0 0.0000000
11 2 4 1 0.0000000
11 2 4 2 -0.0002291
11 2 4 3 0.0000000
11 2 4 4 -0.0000000
11 2 5 0 0.0001526
11 2 5 1 -0.0003438
11 2 5 2 0.0000000
11 2 5 3 0.0002783
11 2 5 4 -0.0002518
11 2 5 5 -0.0000000
11 2 6 0 -0.0000000
11 2 6 1 0.0000000
11 2 6 2 0.0002590
11 2 6 3 -0.0000000
11 2 6 4 -0.0000000
11 2 6 5 0.0002367
11 2 6 6 -0.0000000
11 2 7 0 -0.0000000
11 2 7 1 0.0000000
11 2 7 2 -0.0001392
11 2 7 3 -0.0000000
11 2 7 4 -0.0000000
11 2 7 5 -0.0001527
11 2 7 6 -0.0000000
11 2 7 7 -0.0000000
11 2 8 0 0.0000000
11 2 8 1 0.0000000
11 2 8 2 -0.0002964
11 2 8 3 -0.0000000
11 2 8 4 0.0000000
11 2 8 5 0.0005405
11 2 8 6 -0.0000000
11 2 8 7 0.0000000
11 2 8 8 0.0000000
11 2 9 0 0.0000000
11 2 9 1 -0.0000000
11 2 9 2 0.0000144
11 2 9 3 0.0000000
11 2 9 4 0.0000000
11 2 9 5 0.0000196
11 2 9 6 0.0000000
11 2 9 7 0.0000000
11 2 9 8 -0.0000000
11 2 9 9 -0.0000000
11 2 10 0 0.0000041
11 2 10 1 -0.0003957
11 2 10 2 0.0000000
11 2 10 3 0.0006299
11 2 10 4 -0.0000502
11 2 10 5 0.0000000
11 2 10 6 0.0000573
11 2 10 7 -0.0004203
11 2 10 8 -0.0007566
11 2 10 9 -0.0000329
11 2 10 10 -0.0000000
11 2 11 0 -0.0000000
11 2 11 1 -0.0000000
11 2 11 2 0.0002447
11 2 11 3 0.0000000
11 2 11 4 -0.0000000
11 2 11 5 -0.0001625
11 2 11 6 0.0000000
11 2 11 7 -0.0000000
11 2 11 8 -0.0000000
11 2 11 9 0.0000000
11 2 11 10 0.0018003
11 2 11 11 -0.0000000
11 3 0 0 -0.0029457
11 3 1 0 -0.0000062
11 3 1 1 -0.0018062
11 3 2 0 0.0000000
11 3 2 1 -0.0000000
11 3 2 2 -0.0019887
11 3 3 0 -0.0000925
11 3 3 1 -0.0004020
11 3 3 2 0.0000000
11 3 3 3 -0.0003385
11 3 4 0 -0.0000031
11 3 4 1 0.0000964
11 3 4 2 0.0000000
11 3 4 3 -0.0001482
11 3 4 4 -0.0019279
11 3 5 0 -0.0000000
11 3 5 1 -0.0000000
11 3 5 2 0.0005783
11 3 5 3 0.0000000
11 3 5 4 -0.0000000
11 3 5 5 -0.0020864
11 3 6 0 0.0000320
11 3 6 1 0.0000088
11 3 6 2 -0.0000000
11 3 6 3 0.0002339
11 3 6 4 -0.0005603
11 3 6 5 0.0000000
11 3 6 6 -0.0019903
11 3 7 0 -0.0001053
11 3 7 1 0.0006804
11 3 7 2 -0.0000000
11 3 7 3 -0.0015182
11 3 7 4 -0.0001370
11 3 7 5 -0.0000000
11 3 7 6 -0.0003181
11 3 7 7 -0.0008752
11 3 8 0 -0.0000386
11 3 8 1 0.0017455
11 3 8 2 -0.0000000
11 3 8 3 -0.0025880
11 3 8 4 0.0003346
11 3 8 5 -0.0000000
11 3 8 6 -0.0002625
11 3 8 7 0.0014854
11 3 8 8 0.0009965
11 3 9 0 0.0000004
11 3 9 1 -0.0000374
11 3 9 2 0.0000000
11 3 9 3 0.0000641
11 3 9 4 0.0001678
11 3 9 5 0.0000000
11 3 9 6 0.0001229
11 3 9 7 0.0000225
11 3 9 8 -0.0000789
11 3 9 9 -0.0007460
11 3 10 0 -0.0000000
11 3 10 1 0.0000000
11 3 10 2 0.0001764
11 3 10 3 -0.0000000
11 3 10 4 0.0000000
11 3 10 5 -0.0001266
11 3 10 6 -0.0000000
11 3 10 7 0.0000000
11 3 10 8 0.0000000
11 3 10 9 0.0000000
11 3 10 10 -0.0007501
11 3 11 0 -0.0000803
11 3 11 1 -0.0021329
11 3 11 2 0.0000000
11 3 11 3 0.0051378
11 3 11 4 -0.0004874
11 3 11 5 0.0000000
11 3 11 6 0.0009807
11 3 11 7 -0.0051814
11 3 11 8 -0.0094857
11 3 11 9 0.0001423
11 3 11 10 -0.0000000
11 3 11 11 -0.0583883
11 4 0 0 0.0003333
11 4 1 0 0.0000039
11 4 1 1 0.0001574
11 4 2 0 0.0000000
11 4 2 1 0.0000000
11 4 2 2 -0.0000189
11 4 3 0 -0.0000004
11 4 3 1 0.0001048
11 4 3 2 0.0000000
11 4 3 3 0.0000454
11 4 4 0 -0.0001059
11 4 4 1 0.0006928
11 4 4 2 0.0000000
11 4 4 3 0.0000949
11 4 4 4 0.0005069
11 4 5 0 -0.0000000
11 4 5 1 0.0000000
11 4 5 2 -0.0002800
11 4 5 3 -0.0000000
11 4 5 4 0.0000000
11 4 5 5 0.0001698
11 4 6 0 -0.0001393
11 4 6 1 0.0003202
11 4 6 2 -0.0000000
11 4 6 3 -0.0002977
11 4 6 4 -0.0000220
11 4 6 5 0.0000000
11 4 6 6 -0.0000342
11 4 7 0 -0.0000558
11 4 7 1 0.0000859
11 4 7 2 -0.0000000
11 4 7 3 0.0000188
11 4 7 4 -0.0002992
11 4 7 5 0.0000000
11 4 7 6 0.0001466
11 4 7 7 0.0002829
11 4 8 0 0.0000257
11 4 8 1 -0.0002376
11 4 8 2 0.0000000
11 4 8 3 0.0003081
11 4 8 4 -0.0002735
11 4 8 5 -0.0000000
11 4 8 6 -0.0004449
11 4 8 7 -0.0004393
11 4 8 8 0.0000467
11 4 9 0 0.0000041
11 4 9 1 -0.0003908
11 4 9 2 0.0000000
11 4 9 3 0.0006212
11 4 9 4 -0.0001050
11 4 9 5 0.0000000
11 4 9 6 0.0000744
11 4 9 7 -0.0004081
11 4 9 8 -0.0007542
11 4 9 9 0.0000488
11 4 10 0 -0.0000000
11 4 10 1 0.0000000
11 4 10 2 -0.0000123
11 4 10 3 -0.0000000
11 4 10 4 0.0000000
11 4 10 5 0.0000381
11 4 10 6 -0.0000000
11 4 10 7 0.0000000
11 4 10 8 0.0000000
11 4 10 9 -0.0000000
11 4 10 10 -0.0000175
11 4 11 0 0.0000076
11 4 11 1 0.0002044
11 4 11 2 -0.0000000
11 4 11 3 -0.0004874
11 4 11 4 0.0002914
11 4 11 5 -0.0000000
11 4 11 6 0.0000507
11 4 11 7 0.0005769
11 4 11 8 0.0009076
11 4 11 9 0.0017880
11 4 11 10 -0.0000000
11 4 11 11 0.0054448
11 5 0 0 0.0000000
11 5 1 0 0.0000000
11 5 1 1 0.0000000
11 5 2 0 0.0001121
11 5 2 1 -0.0005370
11 5 2 2 0.0000000
11 5 3 0 0.0000000
11 5 3 1 -0.0000000
11 5 3 2 0.0000503
11 5 3 3 0.0000000
11 5 4 0 -0.0000000
11 5 4 1 0.0000000
11 5 4 2 0.0000412
11 5 4 3 -0.0000000
11 5 4 4 0.0000000
11 5 5 0 -0.0001638
11 5 5 1 0.0004424
11 5 5 2 -0.0000000
11 5 5 3 -0.0002353
11 5 5 4 0.0001781
11 5 5 5 0.0000000
11 5 6 0 -0.0000000
11 5 6 1 -0.0000000
11 5 6 2 -0.0001210
11 5 6 3 0.0000000
11 5 6 4 0.0000000
11 5 6 5 -0.0000375
11 5 6 6 0.0000000
11 5 7 0 0.0000000
11 5 7 1 0.0000000
11 5 7 2 0.0000292
11 5 7 3 -0.0000000
11 5 7 4 0.0000000
11 5 7 5 0.0000842
11 5 7 6 0.0000000
11 5 7 7 0.0000000
11 5 8 0 -0.0000000
11 5 8 1 0.0000000
11 5 8 2 0.0003340
11 5 8 3 -0.0000000
11 5 8 4 0.0000000
11 5 8 5 -0.0004681
11 5 8 6 -0.0000000
11 5 8 7 0.0000000
11 5 8 8 0.0000000
11 5 9 0 0.0000000
11 5 9 1 -0.0000000
11 5 9 2 -0.0000007
11 5 9 3 0.0000000
11 5 9 4 -0.0000000
11 5 9 5 -0.0000198
11 5 9 6 -0.0000000
11 5 9 7 -0.0000000
11 5 9 8 -0.0000000
11 5 9 9 -0.0000000
11 5 10 0 -0.0000051
11 5 10 1 0.0003144
11 5 10 2 -0.0000000
11 5 10 3 -0.0004931
11 5 10 4 0.0000499
11 5 10 5 0.0000000
11 5 10 6 -0.0000395
11 5 10 7 0.0003078
11 5 10 8 0.0005299
11 5 10 9 -0.0000658
11 5 10 10 -0.0000000
11 5 11 0 -0.0000000
11 5 11 1 -0.0000000
11 5 11 2 -0.0001625
11 5 11 3 0.0000000
11 5 11 4 -0.0000000
11 5 11 5 0.0001106
11 5 11 6 0.0000000
11 5 11 7 -0.0000000
11 5 11 8 -0.0000000
11 5 11 9 0.0000000
11 5 11 10 -0.0011800
11 5 11 11 -0.0000000
11 6 0 0 0.0001031
11 6 1 0 0.0000078
11 6 1 1 0.0000615
11 6 2 0 -0.0000000
11 6 2 1 0.0000000
11 6 2 2 -0.0000226
11 6 3 0 0.0000073
11 6 3 1 -0.0000618
11 6 3 2 0.0000000
11 6 3 3 0.0001841
11 6 4 0 -0.0001004
11 6 4 1 0.0004846
11 6 4 2 -0.0000000
11 6 4 3 -0.0000503
11 6 4 4 0.0001328
11 6 5 0 0.0000000
11 6 5 1 -0.0000000
11 6 5 2 -0.0001162
11 6 5 3 0.0000000
11 6 5 4 0.0000000
11 6 5 5 0.0001065
11 6 6 0 -0.0001401
11 6 6 1 0.0003693
11 6 6 2 -0.0000000
11 6 6 3 -0.0001951
11 6 6 4 -0.0001028
11 6 6 5 0.0000000
11 6 6 6 -0.0001674
11 6 7 0 -0.0000452
11 6 7 1 0.0001740
11 6 7 2 -0.0000000
11 6 7 3 -0.0001497
11 6 7 4 -0.0001293
11 6 7 5 0.0000000
11 6 7 6 -0.0000157
11 6 7 7 0.0000887
11 6 8 0 0.0000236
11 6 8 1 -0.0000309
11 6 8 2 -0.0000000
11 6 8 3 -0.0000331
11 6 8 4 -0.0002578
11 6 8 5 0.0000000
11 6 8 6 -0.0003553
11 6 8 7 -0.0001448
11 6 8 8 0.0002250
11 6 9 0 0.0000045
11 6 9 1 -0.0002791
11 6 9 2 0.0000000
11 6 9 3 0.0004352
11 6 9 4 -0.0001571
11 6 9 5 0.0000000
11 6 9 6 -0.0000033
11 6 9 7 -0.0002950
11 6 9 8 -0.0004716
11 6 9 9 -0.0009193
11 6 10 0 0.0000000
11 6 10 1 -0.0000000
11 6 10 2 -0.0001108
11 6 10 3 0.0000000
11 6 10 4 -0.0000000
11 6 10 5 0.0000959
11 6 10 6 -0.0000000
11 6 10 7 -0.0000000
11 6 10 8 -0.0000000
11 6 10 9 0.0000000
11 6 10 10 -0.0008029
11 6 11 0 -0.0000211
11 6 11 1 -0.0003717
11 6 11 2 0.0000000
11 6 11 3 0.0009807
11 6 11 4 0.0000507
11 6 11 5 0.0000000
11 6 11 6 0.0002853
11 6 11 7 -0.0009889
11 6 11 8 -0.0018854
11 6 11 9 0.0010648
11 6 11 10 0.0000000
11 6 11 11 -0.0154385
11 7 0 0 -0.0012196
11 7 1 0 -0.0000090
11 7 1 1 -0.0009125
11 7 2 0 -0.0000000
11 7 2 1 0.0000000
11 7 2 2 -0.0004046
11 7 3 0 -0.0000923
11 7 3 1 0.0008574
11 7 3 2 -0.0000000
11 7 3 3 -0.0017015
11 7 4 0 -0.0000422
11 7 4 1 0.0001405
11 7 4 2 0.0000000
11 7 4 3 0.0001117
11 7 4 4 -0.0003462
11 7 5 0 -0.0000000
11 7 5 1 0.0000000
11 7 5 2 0.0001714
11 7 5 3 -0.0000000
11 7 5 4 0.0000000
11 7 5 5 -0.0005031
11 7 6 0 -0.0000219
11 7 6 1 0.0002637
11 7 6 2 -0.0000000
11 7 6 3 -0.0001620
11 7 6 4 -0.0002414
11 7 6 5 -0.0000000
11 7 6 6 -0.0006037
11 7 7 0 -0.0001227
11 7 7 1 -0.0001217
11 7 7 2 0.0000000
11 7 7 3 0.0002546
11 7 7 4 -0.0001919
11 7 7 5 0.0000000
11 7 7 6 -0.0000324
11 7 7 7 -0.0006829
11 7 8 0 -0.0000218
11 7 8 1 -0.0001149
11 7 8 2 0.0000000
11 7 8 3 0.0006083
11 7 8 4 -0.0001472
11 7 8 5 0.0000000
11 7 8 6 -0.0000282
11 7 8 7 -0.0007170
11 7 8 8 -0.0015192
11 7 9 0 0.0000023
11 7 9 1 -0.0001501
11 7 9 2 0.0000000
11 7 9 3 0.0002490
11 7 9 4 0.0004672
11 7 9 5 0.0000000
11 7 9 6 0.0003730
11 7 9 7 0.0000378
11 7 9 8 -0.0002817
11 7 9 9 0.0035092
11 7 10 0 0.0000000
11 7 10 1 0.0000000
11 7 10 2 0.0004928
11 7 10 3 -0.0000000
11 7 10 4 -0.0000000
11 7 10 5 -0.0003705
11 7 10 6 0.0000000
11 7 10 7 -0.0000000
11 7 10 8 -0.0000000
11 7 10 9 -0.0000000
11 7 10 10 0.0035669
11 7 11 0 0.0001071
11 7 11 1 0.0020016
11 7 11 2 -0.0000000
11 7 11 3 -0.0051814
11 7 11 4 0.0005769
11 7 11 5 -0.0000000
11 7 11 6 -0.0009889
11 7 11 7 0.0054860
11 7 11 8 0.0099344
11 7 11 9 0.0004996
11 7 11 10 -0.0000000
11 7 11 11 0.0762776
11 8 0 0 -0.0031526
11 8 1 0 -0.0000056
11 8 1 1 -0.0021924
11 8 2 0 -0.0000000
11 8 2 1 0.0000000
11 8 2 2 -0.0009898
11 8 3 0 -0.0001715
11 8 3 1 0.0018910
11 8 3 2 -0.0000000
11 8 3 3 -0.0039487
11 8 4 0 0.0000270
11 8 4 1 -0.0002684
11 8 4 2 0.0000000
11 8 4 3 0.0002935
11 8 4 4 -0.0010351
11 8 5 0 0.0000000
11 8 5 1 0.0000000
11 8 5 2 0.0008271
11 8 5 3 -0.0000000
11 8 5 4 -0.0000000
11 8 5 5 -0.0014100
11 8 6 0 0.0000938
11 8 6 1 0.0002411
11 8 6 2 -0.0000000
11 8 6 3 -0.0000755
11 8 6 4 -0.0006840
11 8 6 5 -0.0000000
11 8 6 6 -0.0012882
11 8 7 0 -0.0001626
11 8 7 1 -0.0006364
11 8 7 2 0.0000000
11 8 7 3 0.0006186
11 8 7 4 -0.0004035
11 8 7 5 0.0000000
11 8 7 6 -0.0000619
11 8 7 7 -0.0018109
11 8 8 0 -0.0000849
11 8 8 1 -0.0000937
11 8 8 2 0.0000000
11 8 8 3 0.0014678
11 8 8 4 0.0000295
11 8 8 5 0.0000000
11 8 8 6 0.0004156
11 8 8 7 -0.0016072
11 8 8 8 -0.0040792
11 8 9 0 -0.0000006
11 8 9 1 0.0000185
11 8 9 2 0.0000000
11 8 9 3 -0.0000067
11 8 9 4 0.0008045
11 8 9 5 0.0000000
11 8 9 6 0.0005876
11 8 9 7 0.0003251
11 8 9 8 -0.0000185
11 8 9 9 0.0053300
11 8 10 0 -0.0000000
11 8 10 1 0.0000000
11 8 10 2 0.0008032
11 8 10 3 -0.0000000
11 8 10 4 0.0000000
11 8 10 5 -0.0006680
11 8 10 6 0.0000000
11 8 10 7 0.0000000
11 8 10 8 -0.0000000
11 8 10 9 -0.0000000
11 8 10 10 0.0053111
11 8 11 0 0.0001898
11 8 11 1 0.0037069
11 8 11 2 -0.0000000
11 8 11 3 -0.0094857
11 8 11 4 0.0009076
11 8 11 5 -0.0000000
11 8 11 6 -0.0018854
11 8 11 7 0.0099344
11 8 11 8 0.0181079
11 8 11 9 -0.0001701
11 8 11 10 -0.0000000
11 8 11 11 0.1326986
11 9 0 0 0.0000001
11 9 1 0 -0.0000043
11 9 1 1 0.0001131
11 9 2 0 0.0000000
11 9 2 1 -0.0000000
11 9 2 2 0.0005434
11 9 3 0 0.0000106
11 9 3 1 -0.0001306
11 9 3 2 -0.0000000
11 9 3 3 0.0000305
11 9 4 0 0.0001248
11 9 4 1 -0.0016385
11 9 4 2 0.0000000
11 9 4 3 0.0001062
11 9 4 4 -0.0006740
11 9 5 0 0.0000000
11 9 5 1 -0.0000000
11 9 5 2 0.0006139
11 9 5 3 -0.0000000
11 9 5 4 0.0000000
11 9 5 5 0.0002822
11 9 6 0 0.0001554
11 9 6 1 -0.0004983
11 9 6 2 0.0000000
11 9 6 3 0.0007493
11 9 6 4 0.0002271
11 9 6 5 -0.0000000
11 9 6 6 0.0005729
11 9 7 0 0.0000745
11 9 7 1 -0.0002432
11 9 7 2 0.0000000
11 9 7 3 0.0003963
11 9 7 4 0.0006116
11 9 7 5 -0.0000000
11 9 7 6 -0.0005199
11 9 7 7 -0.0006572
11 9 8 0 -0.0000249
11 9 8 1 0.0000915
11 9 8 2 0.0000000
11 9 8 3 -0.0001416
11 9 8 4 -0.0003870
11 9 8 5 0.0000000
11 9 8 6 0.0006047
11 9 8 7 0.0004294
11 9 8 8 -0.0002118
11 9 9 0 -0.0000051
11 9 9 1 -0.0003637
11 9 9 2 0.0000000
11 9 9 3 0.0013213
11 9 9 4 -0.0000706
11 9 9 5 0.0000000
11 9 9 6 0.0002413
11 9 9 7 -0.0016354
11 9 9 8 -0.0026293
11 9 9 9 -0.0000006
11 9 10 0 0.0000000
11 9 10 1 0.0000000
11 9 10 2 -0.0000554
11 9 10 3 0.0000000
11 9 10 4 -0.0000000
11 9 10 5 -0.0001106
11 9 10 6 0.0000000
11 9 10 7 -0.0000000
11 9 10 8 -0.0000000
11 9 10 9 0.0000000
11 9 10 10 -0.0000007
11 9 11 0 0.0000003
11 9 11 1 -0.0000604
11 9 11 2 0.0000000
11 9 11 3 0.0001423
11 9 11 4 0.0017880
11 9 11 5 0.0000000
11 9 11 6 0.0010648
11 9 11 7 0.0004996
11 9 11 8 -0.0001701
11 9 11 9 0.0145241
11 9 11 10 0.0000000
11 9 11 11 -0.0000093
11 10 0 0 0.0000000
11 10 1 0 0.0000000
11 10 1 1 0.0000000
11 10 2 0 0.0001261
11 10 2 1 -0.0016888
11 10 2 2 0.0000000
11 10 3 0 -0.0000000
11 10 3 1 0.0000000
11 10 3 2 0.0001899
11 10 3 3 -0.0000000
11 10 4 0 -0.0000000
11 10 4 1 0.0000000
11 10 4 2 0.0004799
11 10 4 3 -0.0000000
11 10 4 4 -0.0000000
11 10 5 0 -0.0001734
11 10 5 1 0.0005107
11 10 5 2 -0.0000000
11 10 5 3 -0.0007700
11 10 5 4 0.0007017
11 10 5 5 0.0000000
11 10 6 0 0.0000000
11 10 6 1 -0.0000000
11 10 6 2 -0.0007735
11 10 6 3 0.0000000
11 10 6 4 -0.0000000
11 10 6 5 -0.0006901
11 10 6 6 0.0000000
11 10 7 0 -0.0000000
11 10 7 1 0.0000000
11 10 7 2 0.0001061
11 10 7 3 -0.0000000
11 10 7 4 0.0000000
11 10 7 5 0.0005563
11 10 7 6 -0.0000000
11 10 7 7 0.0000000
11 10 8 0 -0.0000000
11 10 8 1 0.0000000
11 10 8 2 -0.0002210
11 10 8 3 -0.0000000
11 10 8 4 0.0000000
11 10 8 5 -0.0006749
11 10 8 6 -0.0000000
11 10 8 7 0.0000000
11 10 8 8 -0.0000000
11 10 9 0 0.0000000
11 10 9 1 0.0000000
11 10 9 2 -0.0000553
11 10 9 3 0.0000000
11 10 9 4 -0.0000000
11 10 9 5 -0.0001107
11 10 9 6 0.0000000
11 10 9 7 -0.0000000
11 10 9 8 -0.0000000
11 10 9 9 -0.0000000
11 10 10 0 -0.0000051
11 10 10 1 -0.0003595
11 10 10 2 0.0000000
11 10 10 3 0.0013144
11 10 10 4 -0.0001819
11 10 10 5 0.0000000
11 10 10 6 0.0004372
11 10 10 7 -0.0015383
11 10 10 8 -0.0026611
11 10 10 9 0.0000001
11 10 10 10 -0.0000000
11 10 11 0 0.0000000
11 10 11 1 -0.0000000
11 10 11 2 0.0018003
11 10 11 3 -0.0000000
11 10 11 4 -0.0000000
11 10 11 5 -0.0011800
11 10 11 6 0.0000000
11 10 11 7 -0.0000000
11 10 11 8 -0.0000000
11 10 11 9 0.0000000
11 10 11 10 0.0145241
11 10 11 11 -0.0000000
11 11 0 0 0.3429075
11 11 1 0 -0.0003885
11 11 1 1 0.3592844
11 11 2 0 0.0000000
11 11 2 1 -0.0000000
11 11 2 2 0.2838446
11 11 3 0 0.0069897
11 11 3 1 -0.1514393
11 11 3 2 0.0000000
11 11 3 3 0.4866235
11 11 4 0 -0.0004538
11 11 4 1 0.0146485
11 11 4 2 -0.0000000
11 11 4 3 -0.0210977
11 11 4 4 0.2855204
11 11 5 0 -0.0000000
11 11 5 1 -0.0000000
11 11 5 2 -0.0527595
11 11 5 3 0.0000000
11 11 5 4 0.0000000
11 11 5 5 0.2884767
11 11 6 0 -0.0030776
11 11 6 1 -0.0174722
11 11 6 2 0.0000000
11 11 6 3 0.0201742
11 11 6 4 0.0449141
11 11 6 5 0.0000000
11 11 6 6 0.2841302
11 11 7 0 0.0077353
11 11 7 1 0.0562112
11 11 7 2 -0.0000000
11 11 7 3 -0.1032952
11 11 7 4 0.0333530
11 11 7 5 -0.0000000
11 11 7 6 -0.0034202
11 11 7 7 0.3641581
11 11 8 0 0.0046916
11 11 8 1 0.0684359
11 11 8 2 -0.0000000
11 11 8 3 -0.2076455
11 11 8 4 0.0122459
11 11 8 5 -0.0000000
11 11 8 6 -0.0413738
11 11 8 7 0.2055579
11 11 8 8 0.6458973
11 11 9 0 0.0000089
11 11 9 1 -0.0017363
11 11 9 2 0.0000000
11 11 9 3 0.0040040
11 11 9 4 0.0510697
11 11 9 5 0.0000000
11 11 9 6 0.0232913
11 11 9 7 0.0107955
11 11 9 8 -0.0036941
11 11 9 9 0.8418913
11 11 10 0 0.0000000
11 11 10 1 -0.0000000
11 11 10 2 0.0513776
11 11 10 3 -0.0000000
11 11 10 4 -0.0000000
11 11 10 5 -0.0256940
11 11 10 6 0.0000000
11 11 10 7 -0.0000000
11 11 10 8 -0.0000000
11 11 10 9 0.0000000
11 11 10 10 0.8418913
11 11 11 0 0.0033149
11 11 11 1 0.0103990
11 11 11 2 -0.0000000
11 11 11 3 -0.0583883
11 11 11 4 0.0054448
11 11 11 5 -0.0000000
11 11 11 6 -0.0154385
11 11 11 7 0.0762776
11 11 11 8 0.1326986
11 11 11 9 -0.0000093
11 11 11 10 -0.0000000
11 11 11 11 3.5030027
12 0 0 0 -0.0060983
12 0 1 0 -0.0003772
12 0 1 1 -0.0013577
12 0 2 0 -0.0000000
12 0 2 1 -0.0000000
12 0 2 2 -0.0012441
12 0 3 0 -0.0000812
12 0 3 1 -0.0000526
12 0 3 2 0.0000000
12 0 3 3 -0.0010268
12 0 4 0 -0.0000100
12 0 4 1 -0.0000029
12 0 4 2 -0.0000000
12 0 4 3 -0.0000295
12 0 4 4 -0.0012350
12 0 5 0 -0.0000000
12 0 5 1 -0.0000000
12 0 5 2 0.0006598
12 0 5 3 0.0000000
12 0 5 4 -0.0000000
12 0 5 5 -0.0015298
12 0 6 0 0.0001731
12 0 6 1 0.0001977
12 0 6 2 -0.0000000
12 0 6 3 0.0001857
12 0 6 4 -0.0005944
12 0 6 5 0.0000000
12 0 6 6 -0.0014950
12 0 7 0 -0.0002547
12 0 7 1 -0.0000618
12 0 7 2 -0.0000000
12 0 7 3 -0.0007521
12 0 7 4 -0.0002326
12 0 7 5 -0.0000000
12 0 7 6 -0.0000985
12 0 7 7 -0.0012195
12 0 8 0 0.0002895
12 0 8 1 0.0008751
12 0 8 2 -0.0000000
12 0 8 3 -0.0007602
12 0 8 4 0.0001846
12 0 8 5 -0.0000000
12 0 8 6 -0.0000105
12 0 8 7 0.0002700
12 0 8 8 -0.0008051
12 0 9 0 0.0000001
12 0 9 1 -0.0000067
12 0 9 2 0.0000000
12 0 9 3 0.0000157
12 0 9 4 0.0001971
12 0 9 5 0.0000000
12 0 9 6 0.0001367
12 0 9 7 0.0000649
12 0 9 8 -0.0000213
12 0 9 9 0.0009556
12 0 10 0 0.0000000
12 0 10 1 -0.0000000
12 0 10 2 0.0001986
12 0 10 3 -0.0000000
12 0 10 4 -0.0000000
12 0 10 5 -0.0001519
12 0 10 6 0.0000000
12 0 10 7 -0.0000000
12 0 10 8 -0.0000000
12 0 10 9 0.0000000
12 0 10 10 0.0009556
12 0 11 0 0.0000071
12 0 11 1 -0.0000297
12 0 11 2 0.0000000
12 0 11 3 0.0000243
12 0 11 4 -0.0000028
12 0 11 5 -0.0000000
12 0 11 6 -0.0000018
12 0 11 7 0.0000079
12 0 11 8 0.0000136
12 0 11 9 -0.0000001
12 0 11 10 -0.0000000
12 0 11 11 0.0011952
12 0 12 0 0.0000199
12 0 12 1 -0.0001708
12 0 12 2 0.0000000
12 0 12 3 0.0002168
12 0 12 4 -0.0000226
12 0 12 5 0.0000000
12 0 12 6 0.0000110
12 0 12 7 -0.0000776
12 0 12 8 -0.0001600
12 0 12 9 0.0000022
12 0 12 10 0.0000000
12 0 12 11 -0.0000180
12 0 12 12 0.0014042
12 1 0 0 0.0200742
12 1 1 0 -0.0000129
12 1 1 1 0.0157731
12 1 2 0 0.0000000
12 1 2 1 -0.0000000
12 1 2 2 0.0130881
12 1 3 0 0.0005760
12 1 3 1 -0.0041593
12 1 3 2 0.0000000
12 1 3 3 0.0157035
12 1 4 0 -0.0000295
12 1 4 1 0.0003692
12 1 4 2 -0.0000000
12 1 4 3 -0.0002968
12 1 4 4 0.0130447
12 1 5 0 -0.0000000
12 1 5 1 0.0000000
12 1 5 2 -0.0041314
12 1 5 3 0.0000000
12 1 5 4 0.0000000
12 1 5 5 0.0141090
12 1 6 0 -0.0002368
12 1 6 1 -0.0007108
12 1 6 2 0.0000000
12 1 6 3 -0.0003748
12 1 6 4 0.0037129
12 1 6 5 -0.0000000
12 1 6 6 0.0135483
12 1 7 0 0.0006110
12 1 7 1 -0.0005744
12 1 7 2 0.0000000
12 1 7 3 0.0026790
12 1 7 4 0.0015795
12 1 7 5 0.0000000
12 1 7 6 0.0011824
12 1 7 7 0.0115695
12 1 8 0 0.0003339
12 1 8 1 -0.0051573
12 1 8 2 0.0000000
12 1 8 3 0.0035483
12 1 8 4 -0.0010314
12 1 8 5 0.0000000
12 1 8 6 -0.0003345
12 1 8 7 0.0000172
12 1 8 8 0.0119803
12 1 9 0 -0.0000029
12 1 9 1 0.0000974
12 1 9 2 -0.0000000
12 1 9 3 -0.0002039
12 1 9 4 -0.0029260
12 1 9 5 -0.0000000
12 1 9 6 -0.0021888
12 1 9 7 -0.0010927
12 1 9 8 0.0002596
12 1 9 9 -0.0059857
12 1 10 0 -0.0000000
12 1 10 1 -0.0000000
12 1 10 2 -0.0029462
12 1 10 3 0.0000000
12 1 10 4 0.0000000
12 1 10 5 0.0024455
12 1 10 6 -0.0000000
12 1 10 7 0.0000000
12 1 10 8 0.0000000
12 1 10 9 0.0000000
12 1 10 10 -0.0059748
12 1 11 0 -0.0000697
12 1 11 1 0.0002930
12 1 11 2 0.0000000
12 1 11 3 0.0002774
12 1 11 4 -0.0000185
12 1 11 5 0.0000000
12 1 11 6 0.0002152
12 1 11 7 -0.0010505
12 1 11 8 -0.0018386
12 1 11 9 0.0000097
12 1 11 10 0.0000000
12 1 11 11 -0.0206523
12 1 12 0 -0.0001708
12 1 12 1 0.0068034
12 1 12 2 -0.0000000
12 1 12 3 -0.0106975
12 1 12 4 0.0010504
12 1 12 5 -0.0000000
12 1 12 6 -0.0010940
12 1 12 7 0.0065915
12 1 12 8 0.0129738
12 1 12 9 -0.0003944
12 1 12 10 -0.0000000
12 1 12 11 -0.0004735
12 1 12 12 -0.0328518
12 2 0 0 -0.0000000
12 2 1 0 -0.0000000
12 2 1 1 -0.0000000
12 2 2 0 -0.0002386
12 2 2 1 0.0014092
12 2 2 2 -0.0000000
12 2 3 0 -0.0000000
12 2 3 1 0.0000000
12 2 3 2 0.0000250
12 2 3 3 -0.0000000
12 2 4 0 0.0000000
12 2 4 1 -0.0000000
12 2 4 2 -0.0004651
12 2 4 3 0.0000000
12 2 4 4 -0.0000000
12 2 5 0 0.0003456
12 2 5 1 -0.0006714
12 2 5 2 0.0000000
12 2 5 3 0.0004452
12 2 5 4 -0.0004353
12 2 5 5 -0.0000000
12 2 6 0 0.0000000
12 2 6 1 0.0000000
12 2 6 2 0.0003894
12 2 6 3 -0.0000000
12 2 6 4 -0.0000000
12 2 6 5 0.0004424
12 2 6 6 -0.0000000
12 2 7 0 -0.0000000
12 2 7 1 -0.0000000
12 2 7 2 -0.0000810
12 2 7 3 -0.0000000
12 2 7 4 -0.0000000
12 2 7 5 -0.0003510
12 2 7 6 -0.0000000
12 2 7 7 -0.0000000
12 2 8 0 -0.0000000
12 2 8 1 0.0000000
12 2 8 2 -0.0003829
12 2 8 3 -0.0000000
12 2 8 4 0.0000000
12 2 8 5 0.0010062
12 2 8 6 0.0000000
12 2 8 7 -0.0000000
12 2 8 8 -0.0000000
12 2 9 0 0.0000000
12 2 9 1 -0.0000000
12 2 9 2 0.0000065
12 2 9 3 0.0000000
12 2 9 4 0.0000000
12 2 9 5 -0.0000137
12 2 9 6 0.0000000
12 2 9 7 0.0000000
12 2 9 8 -0.0000000
12 2 9 9 -0.0000000
12 2 10 0 0.0000669
12 2 10 1 0.0000026
12 2 10 2 0.0000000
12 2 10 3 -0.0009255
12 2 10 4 0.0000899
12 2 10 5 -0.0000000
12 2 10 6 -0.0002866
12 2 10 7 0.0015293
12 2 10 8 0.0027162
12 2 10 9 -0.0001423
12 2 10 10 -0.0000000
12 2 11 0 0.0000000
12 2 11 1 -0.0000000
12 2 11 2 -0.0000532
12 2 11 3 -0.0000000
12 2 11 4 0.0000000
12 2 11 5 0.0000302
12 2 11 6 -0.0000000
12 2 11 7 0.0000000
12 2 11 8 0.0000000
12 2 11 9 -0.0000000
12 2 11 10 -0.0002863
12 2 11 11 0.0000000
12 2 12 0 0.0000000
12 2 12 1 -0.0000000
12 2 12 2 0.0014162
12 2 12 3 0.0000000
12 2 12 4 -0.0000000
12 2 12 5 -0.0009360
12 2 12 6 0.0000000
12 2 12 7 -0.0000000
12 2 12 8 -0.0000000
12 2 12 9 0.0000000
12 2 12 10 0.0117598
12 2 12 11 0.0000000
12 2 12 12 0.0000000
12 3 0 0 -0.0266355
12 3 1 0 -0.0000083
12 3 1 1 -0.0220560
12 3 2 0 -0.0000000
12 3 2 1 0.0000000
12 3 2 2 -0.0168744
12 3 3 0 -0.0009056
12 3 3 1 0.0084517
12 3 3 2 -0.0000000
12 3 3 3 -0.0252220
12 3 4 0 0.0000378
12 3 4 1 -0.0007260
12 3 4 2 0.0000000
12 3 4 3 0.0008818
12 3 4 4 -0.0168305
12 3 5 0 0.0000000
12 3 5 1 -0.0000000
12 3 5 2 0.0056134
12 3 5 3 -0.0000000
12 3 5 4 -0.0000000
12 3 5 5 -0.0183936
12 3 6 0 0.0003746
12 3 6 1 0.0011331
12 3 6 2 -0.0000000
12 3 6 3 0.0000866
12 3 6 4 -0.0050253
12 3 6 5 -0.0000000
12 3 6 6 -0.0176769
12 3 7 0 -0.0009824
12 3 7 1 -0.0001689
12 3 7 2 -0.0000000
12 3 7 3 -0.0015195
12 3 7 4 -0.0023721
12 3 7 5 0.0000000
12 3 7 6 -0.0013352
12 3 7 7 -0.0166107
12 3 8 0 -0.0005009
12 3 8 1 0.0050772
12 3 8 2 0.0000000
12 3 8 3 -0.0010707
12 3 8 4 0.0010114
12 3 8 5 0.0000000
12 3 8 6 0.0010580
12 3 8 7 -0.0033863
12 3 8 8 -0.0215320
12 3 9 0 0.0000061
12 3 9 1 -0.0001119
12 3 9 2 0.0000000
12 3 9 3 0.0001988
12 3 9 4 0.0033208
12 3 9 5 0.0000000
12 3 9 6 0.0027512
12 3 9 7 0.0014371
12 3 9 8 -0.0002313
12 3 9 9 -0.0007429
12 3 10 0 -0.0000000
12 3 10 1 0.0000000
12 3 10 2 0.0033424
12 3 10 3 -0.0000000
12 3 10 4 -0.0000000
12 3 10 5 -0.0030900
12 3 10 6 0.0000000
12 3 10 7 -0.0000000
12 3 10 8 -0.0000000
12 3 10 9 0.0000000
12 3 10 10 -0.0007606
12 3 11 0 0.0000946
12 3 11 1 -0.0001845
12 3 11 2 -0.0000000
12 3 11 3 -0.0008507
12 3 11 4 0.0000711
12 3 11 5 -0.0000000
12 3 11 6 -0.0003884
12 3 11 7 0.0019396
12 3 11 8 0.0034408
12 3 11 9 -0.0000225
12 3 11 10 0.0000000
12 3 11 11 0.0220940
12 3 12 0 0.0002168
12 3 12 1 -0.0106975
12 3 12 2 0.0000000
12 3 12 3 0.0174009
12 3 12 4 -0.0016665
12 3 12 5 0.0000000
12 3 12 6 0.0019289
12 3 12 7 -0.0112850
12 3 12 8 -0.0220417
12 3 12 9 0.0009265
12 3 12 10 -0.0000000
12 3 12 11 0.0014100
12 3 12 12 0.0438063
12 4 0 0 0.0027847
12 4 1 0 0.0000076
12 4 1 1 0.0021991
12 4 2 0 0.0000000
12 4 2 1 -0.0000000
12 4 2 2 0.0012748
12 4 3 0 0.0000705
12 4 3 1 -0.0007232
12 4 3 2 0.0000000
12 4 3 3 0.0025671
12 4 4 0 -0.0002396
12 4 4 1 0.0014345
12 4 4 2 0.0000000
12 4 4 3 0.0000202
12 4 4 4 0.0023682
12 4 5 0 -0.0000000
12 4 5 1 0.0000000
12 4 5 2 -0.0009567
12 4 5 3 0.0000000
12 4 5 4 0.0000000
12 4 5 5 0.0018358
12 4 6 0 -0.0003460
12 4 6 1 0.0005114
12 4 6 2 -0.0000000
12 4 6 3 -0.0004559
12 4 6 4 0.0003248
12 4 6 5 0.0000000
12 4 6 6 0.0013026
12 4 7 0 -0.0000505
12 4 7 1 0.0003035
12 4 7 2 -0.0000000
12 4 7 3 -0.0000405
12 4 7 4 -0.0001408
12 4 7 5 0.0000000
12 4 7 6 0.0003803
12 4 7 7 0.0020940
12 4 8 0 0.0001007
12 4 8 1 -0.0006516
12 4 8 2 -0.0000000
12 4 8 3 0.0002131
12 4 8 4 -0.0003898
12 4 8 5 -0.0000000
12 4 8 6 -0.0009703
12 4 8 7 -0.0002112
12 4 8 8 0.0024534
12 4 9 0 0.0000663
12 4 9 1 0.0000162
12 4 9 2 -0.0000000
12 4 9 3 -0.0009514
12 4 9 4 -0.0002800
12 4 9 5 -0.0000000
12 4 9 6 -0.0006020
12 4 9 7 0.0013692
12 4 9 8 0.0027501
12 4 9 9 0.0000793
12 4 10 0 -0.0000000
12 4 10 1 0.0000000
12 4 10 2 -0.0003530
12 4 10 3 0.0000000
12 4 10 4 0.0000000
12 4 10 5 0.0003120
12 4 10 6 -0.0000000
12 4 10 7 0.0000000
12 4 10 8 0.0000000
12 4 10 9 -0.0000000
12 4 10 10 -0.0002070
12 4 11 0 -0.0000099
12 4 11 1 0.0000240
12 4 11 2 0.0000000
12 4 11 3 0.0000785
12 4 11 4 -0.0000598
12 4 11 5 0.0000000
12 4 11 6 0.0000119
12 4 11 7 -0.0002087
12 4 11 8 -0.0003426
12 4 11 9 -0.0002845
12 4 11 10 0.0000000
12 4 11 11 -0.0024256
12 4 12 0 -0.0000226
12 4 12 1 0.0010504
12 4 12 2 -0.0000000
12 4 12 3 -0.0016665
12 4 12 4 0.0015787
12 4 12 5 -0.0000000
12 4 12 6 0.0006497
12 4 12 7 0.0015442
12 4 12 8 0.0021085
12 4 12 9 0.0116810
12 4 12 10 -0.0000000
12 4 12 11 -0.0001332
12 4 12 12 -0.0046097
12 5 0 0 -0.0000000
12 5 1 0 0.0000000
12 5 1 1 -0.0000000
12 5 2 0 0.0002845
12 5 2 1 -0.0011667
12 5 2 2 -0.0000000
12 5 3 0 -0.0000000
12 5 3 1 0.0000000
12 5 3 2 0.0001998
12 5 3 3 -0.0000000
12 5 4 0 -0.0000000
12 5 4 1 -0.0000000
12 5 4 2 -0.0000191
12 5 4 3 0.0000000
12 5 4 4 -0.0000000
12 5 5 0 -0.0004217
12 5 5 1 0.0011286
12 5 5 2 0.0000000
12 5 5 3 -0.0004980
12 5 5 4 0.0003663
12 5 5 5 -0.0000000
12 5 6 0 0.0000000
12 5 6 1 0.0000000
12 5 6 2 -0.0001477
12 5 6 3 -0.0000000
12 5 6 4 -0.0000000
12 5 6 5 0.0000496
12 5 6 6 -0.0000000
12 5 7 0 -0.0000000
12 5 7 1 -0.0000000
12 5 7 2 -0.0001270
12 5 7 3 0.0000000
12 5 7 4 -0.0000000
12 5 7 5 0.0001954
12 5 7 6 -0.0000000
12 5 7 7 -0.0000000
12 5 8 0 -0.0000000
12 5 8 1 0.0000000
12 5 8 2 0.0007001
12 5 8 3 0.0000000
12 5 8 4 -0.0000000
12 5 8 5 -0.0010542
12 5 8 6 0.0000000
12 5 8 7 -0.0000000
12 5 8 8 -0.0000000
12 5 9 0 0.0000000
12 5 9 1 -0.0000000
12 5 9 2 0.0000199
12 5 9 3 0.0000000
12 5 9 4 0.0000000
12 5 9 5 -0.0000136
12 5 9 6 0.0000000
12 5 9 7 0.0000000
12 5 9 8 0.0000000
12 5 9 9 -0.0000000
12 5 10 0 -0.0000507
12 5 10 1 0.0002531
12 5 10 2 0.0000000
12 5 10 3 0.0002014
12 5 10 4 0.0000063
12 5 10 5 -0.0000000
12 5 10 6 0.0001616
12 5 10 7 -0.0007893
12 5 10 8 -0.0014721
12 5 10 9 -0.0002845
12 5 10 10 -0.0000000
12 5 11 0 0.0000000
12 5 11 1 0.0000000
12 5 11 2 0.0000232
12 5 11 3 -0.0000000
12 5 11 4 0.0000000
12 5 11 5 -0.0000025
12 5 11 6 -0.0000000
12 5 11 7 0.0000000
12 5 11 8 0.0000000
12 5 11 9 -0.0000000
12 5 11 10 0.0001559
12 5 11 11 0.0000000
12 5 12 0 0.0000000
12 5 12 1 -0.0000000
12 5 12 2 -0.0009360
12 5 12 3 0.0000000
12 5 12 4 -0.0000000
12 5 12 5 0.0006546
12 5 12 6 0.0000000
12 5 12 7 -0.0000000
12 5 12 8 -0.0000000
12 5 12 9 0.0000000
12 5 12 10 -0.0075424
12 5 12 11 0.0000000
12 5 12 12 0.0000000
12 6 0 0 -0.0019238
12 6 1 0 0.0000248
12 6 1 1 -0.0019465
12 6 2 0 -0.0000000
12 6 2 1 0.0000000
12 6 2 2 -0.0012754
12 6 3 0 -0.0000772
12 6 3 1 0.0012028
12 6 3 2 -0.0000000
12 6 3 3 -0.0027037
12 6 4 0 -0.0002480
12 6 4 1 0.0009257
12 6 4 2 0.0000000
12 6 4 3 -0.0000218
12 6 4 4 -0.0011103
12 6 5 0 0.0000000
12 6 5 1 -0.0000000
12 6 5 2 0.0002809
12 6 5 3 -0.0000000
12 6 5 4 -0.0000000
12 6 5 5 -0.0011386
12 6 6 0 -0.0003198
12 6 6 1 0.0010740
12 6 6 2 -0.0000000
12 6 6 3 -0.0005221
12 6 6 4 -0.0007273
12 6 6 5 0.0000000
12 6 6 6 -0.0018445
12 6 7 0 -0.0002171
12 6 7 1 0.0001602
12 6 7 2 0.0000000
12 6 7 3 0.0001395
12 6 7 4 -0.0003553
12 6 7 5 0.0000000
12 6 7 6 -0.0001734
12 6 7 7 -0.0015546
12 6 8 0 0.0000009
12 6 8 1 -0.0001297
12 6 8 2 0.0000000
12 6 8 3 0.0008297
12 6 8 4 -0.0005476
12 6 8 5 0.0000000
12 6 8 6 -0.0005313
12 6 8 7 -0.0013654
12 6 8 8 -0.0026575
12 6 9 0 0.0000457
12 6 9 1 -0.0002275
12 6 9 2 -0.0000000
12 6 9 3 -0.0001800
12 6 9 4 0.0000755
12 6 9 5 -0.0000000
12 6 9 6 -0.0000003
12 6 9 7 0.0007854
12 6 9 8 0.0013090
12 6 9 9 -0.0027057
12 6 10 0 0.0000000
12 6 10 1 -0.0000000
12 6 10 2 0.0000286
12 6 10 3 -0.0000000
12 6 10 4 -0.0000000
12 6 10 5 -0.0001273
12 6 10 6 -0.0000000
12 6 10 7 0.0000000
12 6 10 8 0.0000000
12 6 10 9 0.0000000
12 6 10 10 -0.0022022
12 6 11 0 0.0000065
12 6 11 1 0.0000488
12 6 11 2 -0.0000000
12 6 11 3 -0.0001909
12 6 11 4 -0.0000027
12 6 11 5 -0.0000000
12 6 11 6 -0.0000535
12 6 11 7 0.0002665
12 6 11 8 0.0004856
12 6 11 9 -0.0001411
12 6 11 10 -0.0000000
12 6 11 11 -0.0002063
12 6 12 0 0.0000110
12 6 12 1 -0.0010940
12 6 12 2 0.0000000
12 6 12 3 0.0019289
12 6 12 4 0.0006497
12 6 12 5 0.0000000
12 6 12 6 0.0007624
12 6 12 7 -0.0010979
12 6 12 8 -0.0026639
12 6 12 9 0.0068080
12 6 12 10 0.0000000
12 6 12 11 0.0002949
12 6 12 12 0.0025347
12 7 0 0 0.0094860
12 7 1 0 -0.0000406
12 7 1 1 0.0096923
12 7 2 0 0.0000000
12 7 2 1 -0.0000000
12 7 2 2 0.0067586
12 7 3 0 0.0002631
12 7 3 1 -0.0051492
12 7 3 2 0.0000000
12 7 3 3 0.0133030
12 7 4 0 -0.0001396
12 7 4 1 0.0009988
12 7 4 2 -0.0000000
12 7 4 3 -0.0007561
12 7 4 4 0.0068800
12 7 5 0 -0.0000000
12 7 5 1 0.0000000
12 7 5 2 -0.0023108
12 7 5 3 0.0000000
12 7 5 4 0.0000000
12 7 5 5 0.0074174
12 7 6 0 -0.0002695
12 7 6 1 -0.0001000
12 7 6 2 0.0000000
12 7 6 3 0.0001521
12 7 6 4 0.0017823
12 7 6 5 0.0000000
12 7 6 6 0.0067851
12 7 7 0 0.0002134
12 7 7 1 0.0011802
12 7 7 2 -0.0000000
12 7 7 3 -0.0016243
12 7 7 4 0.0010744
12 7 7 5 -0.0000000
12 7 7 6 0.0002277
12 7 7 7 0.0080583
12 7 8 0 0.0002535
12 7 8 1 -0.0001882
12 7 8 2 -0.0000000
12 7 8 3 -0.0032639
12 7 8 4 -0.0003040
12 7 8 5 -0.0000000
12 7 8 6 -0.0013197
12 7 8 7 0.0038810
12 7 8 8 0.0136385
12 7 9 0 0.0000214
12 7 9 1 -0.0000851
12 7 9 2 -0.0000000
12 7 9 3 -0.0001448
12 7 9 4 -0.0007651
12 7 9 5 -0.0000000
12 7 9 6 -0.0009837
12 7 9 7 -0.0001068
12 7 9 8 0.0007671
12 7 9 9 0.0088236
12 7 10 0 -0.0000000
12 7 10 1 0.0000000
12 7 10 2 -0.0007956
12 7 10 3 0.0000000
12 7 10 4 0.0000000
12 7 10 5 0.0010404
12 7 10 6 -0.0000000
12 7 10 7 0.0000000
12 7 10 8 0.0000000
12 7 10 9 -0.0000000
12 7 10 10 0.0090731
12 7 11 0 -0.0000437
12 7 11 1 -0.0001903
12 7 11 2 0.0000000
12 7 11 3 0.0010137
12 7 11 4 -0.0001065
12 7 11 5 0.0000000
12 7 11 6 0.0002989
12 7 11 7 -0.0015417
12 7 11 8 -0.0027644
12 7 11 9 -0.0000656
12 7 11 10 0.0000000
12 7 11 11 -0.0068487
12 7 12 0 -0.0000776
12 7 12 1 0.0065915
12 7 12 2 -0.0000000
12 7 12 3 -0.0112850
12 7 12 4 0.0015442
12 7 12 5 -0.0000000
12 7 12 6 -0.0010979
12 7 12 7 0.0081399
12 7 12 8 0.0154390
12 7 12 9 0.0031936
12 7 12 10 -0.0000000
12 7 12 11 -0.0011342
12 7 12 12 -0.0211828
12 8 0 0 0.0157784
12 8 1 0 -0.0000360
12 8 1 1 0.0169686
12 8 2 0 0.0000000
12 8 2 1 -0.0000000
12 8 2 2 0.0121853
12 8 3 0 0.0004502
12 8 3 1 -0.0084931
12 8 3 2 0.0000000
12 8 3 3 0.0227780
12 8 4 0 0.0000111
12 8 4 1 0.0006569
12 8 4 2 -0.0000000
12 8 4 3 -0.0010672
12 8 4 4 0.0122419
12 8 5 0 -0.0000000
12 8 5 1 0.0000000
12 8 5 2 -0.0030223
12 8 5 3 0.0000000
12 8 5 4 0.0000000
12 8 5 5 0.0127710
12 8 6 0 -0.0001408
12 8 6 1 -0.0008289
12 8 6 2 0.0000000
12 8 6 3 0.0006911
12 8 6 4 0.0027049
12 8 6 5 0.0000000
12 8 6 6 0.0125032
12 8 7 0 0.0005304
12 8 7 1 0.0011234
12 8 7 2 -0.0000000
12 8 7 3 -0.0024525
12 8 7 4 0.0015874
12 8 7 5 -0.0000000
12 8 7 6 0.0004218
12 8 7 7 0.0139922
12 8 8 0 0.0003315
12 8 8 1 -0.0001874
12 8 8 2 -0.0000000
12 8 8 3 -0.0049131
12 8 8 4 0.0000669
12 8 8 5 -0.0000000
12 8 8 6 -0.0013375
12 8 8 7 0.0061511
12 8 8 8 0.0219574
12 8 9 0 -0.0000078
12 8 9 1 0.0001012
12 8 9 2 -0.0000000
12 8 9 3 -0.0001325
12 8 9 4 -0.0019587
12 8 9 5 -0.0000000
12 8 9 6 -0.0019102
12 8 9 7 -0.0010361
12 8 9 8 0.0000982
12 8 9 9 0.0118360
12 8 10 0 -0.0000000
12 8 10 1 0.0000000
12 8 10 2 -0.0019688
12 8 10 3 0.0000000
12 8 10 4 0.0000000
12 8 10 5 0.0021495
12 8 10 6 -0.0000000
12 8 10 7 -0.0000000
12 8 10 8 0.0000000
12 8 10 9 -0.0000000
12 8 10 10 0.0117542
12 8 11 0 -0.0000882
12 8 11 1 -0.0002850
12 8 11 2 0.0000000
12 8 11 3 0.0018624
12 8 11 4 -0.0001731
12 8 11 5 0.0000000
12 8 11 6 0.0005760
12 8 11 7 -0.0029306
12 8 11 8 -0.0052236
12 8 11 9 0.0000225
12 8 11 10 0.0000000
12 8 11 11 -0.0211999
12 8 12 0 -0.0001600
12 8 12 1 0.0129738
12 8 12 2 -0.0000000
12 8 12 3 -0.0220417
12 8 12 4 0.0021085
12 8 12 5 -0.0000000
12 8 12 6 -0.0026639
12 8 12 7 0.0154390
12 8 12 8 0.0300131
12 8 12 9 -0.0010835
12 8 12 10 -0.0000000
12 8 12 11 -0.0015472
12 8 12 12 -0.0467396
12 9 0 0 0.0000011
12 9 1 0 -0.0000433
12 9 1 1 0.0009410
12 9 2 0 0.0000000
12 9 2 1 -0.0000000
12 9 2 2 0.0044422
12 9 3 0 0.0001066
12 9 3 1 -0.0010531
12 9 3 2 -0.0000000
12 9 3 3 0.0000544
12 9 4 0 0.0012556
12 9 4 1 -0.0136966
12 9 4 2 -0.0000000
12 9 4 3 -0.0004896
12 9 4 4 -0.0052722
12 9 5 0 0.0000000
12 9 5 1 -0.0000000
12 9 5 2 0.0049394
12 9 5 3 -0.0000000
12 9 5 4 -0.0000000
12 9 5 5 0.0019911
12 9 6 0 0.0015378
12 9 6 1 -0.0054447
12 9 6 2 0.0000000
12 9 6 3 0.0066316
12 9 6 4 0.0012580
12 9 6 5 -0.0000000
12 9 6 6 0.0043759
12 9 7 0 0.0007375
12 9 7 1 -0.0027626
12 9 7 2 0.0000000
12 9 7 3 0.0037532
12 9 7 4 0.0078921
12 9 7 5 -0.0000000
12 9 7 6 -0.0027286
12 9 7 7 -0.0038830
12 9 8 0 -0.0002452
12 9 8 1 0.0007652
12 9 8 2 0.0000000
12 9 8 3 -0.0007696
12 9 8 4 0.0029708
12 9 8 5 0.0000000
12 9 8 6 0.0078675
12 9 8 7 0.0046069
12 9 8 8 -0.0026476
12 9 9 0 0.0004169
12 9 9 1 0.0108549
12 9 9 2 -0.0000000
12 9 9 3 -0.0223017
12 9 9 4 0.0027800
12 9 9 5 -0.0000000
12 9 9 6 -0.0044801
12 9 9 7 0.0190230
12 9 9 8 0.0365138
12 9 9 9 -0.0000009
12 9 10 0 0.0000000
12 9 10 1 0.0000000
12 9 10 2 -0.0005464
12 9 10 3 0.0000000
12 9 10 4 -0.0000000
12 9 10 5 -0.0010927
12 9 10 6 0.0000000
12 9 10 7 -0.0000000
12 9 10 8 -0.0000000
12 9 10 9 -0.0000000
12 9 10 10 0.0000001
12 9 11 0 -0.0000002
12 9 11 1 0.0000261
12 9 11 2 -0.0000000
12 9 11 3 -0.0000615
12 9 11 4 -0.0007709
12 9 11 5 -0.0000000
12 9 11 6 -0.0004761
12 9 11 7 -0.0002237
12 9 11 8 0.0000761
12 9 11 9 -0.0001295
12 9 11 10 -0.0000000
12 9 11 11 0.0000015
12 9 12 0 0.0000022
12 9 12 1 -0.0003944
12 9 12 2 0.0000000
12 9 12 3 0.0009265
12 9 12 4 0.0116810
12 9 12 5 0.0000000
12 9 12 6 0.0068080
12 9 12 7 0.0031936
12 9 12 8 -0.0010835
12 9 12 9 0.1160615
12 9 12 10 0.0000000
12 9 12 11 0.0000002
12 9 12 12 0.0000010
12 10 0 0 0.0000000
12 10 1 0 0.0000000
12 10 1 1 0.0000000
12 10 2 0 0.0012685
12 10 2 1 -0.0141128
12 10 2 2 0.0000000
12 10 3 0 -0.0000000
12 10 3 1 0.0000000
12 10 3 2 0.0001857
12 10 3 3 -0.0000000
12 10 4 0 -0.0000000
12 10 4 1 0.0000000
12 10 4 2 0.0040402
12 10 4 3 -0.0000000
12 10 4 4 -0.0000000
12 10 5 0 -0.0017167
12 10 5 1 0.0057379
12 10 5 2 -0.0000000
12 10 5 3 -0.0069248
12 10 5 4 0.0057420
12 10 5 5 0.0000000
12 10 6 0 0.0000000
12 10 6 1 -0.0000000
12 10 6 2 -0.0067082
12 10 6 3 0.0000000
12 10 6 4 -0.0000000
12 10 6 5 -0.0050527
12 10 6 6 0.0000000
12 10 7 0 -0.0000000
12 10 7 1 0.0000000
12 10 7 2 0.0038856
12 10 7 3 -0.0000000
12 10 7 4 0.0000000
12 10 7 5 0.0029934
12 10 7 6 -0.0000000
12 10 7 7 0.0000000
12 10 8 0 -0.0000000
12 10 8 1 0.0000000
12 10 8 2 0.0043304
12 10 8 3 -0.0000000
12 10 8 4 0.0000000
12 10 8 5 -0.0087873
12 10 8 6 0.0000000
12 10 8 7 0.0000000
12 10 8 8 -0.0000000
12 10 9 0 0.0000000
12 10 9 1 0.0000000
12 10 9 2 -0.0005464
12 10 9 3 0.0000000
12 10 9 4 -0.0000000
12 10 9 5 -0.0010927
12 10 9 6 0.0000000
12 10 9 7 -0.0000000
12 10 9 8 -0.0000000
12 10 9 9 0.0000000
12 10 10 0 0.0004171
12 10 10 1 0.0108965
12 10 10 2 -0.0000000
12 10 10 3 -0.0223697
12 10 10 4 0.0016801
12 10 10 5 -0.0000000
12 10 10 6 -0.0025467
12 10 10 7 0.0199812
12 10 10 8 0.0361999
12 10 10 9 -0.0000005
12 10 10 10 0.0000000
12 10 11 0 -0.0000000
12 10 11 1 0.0000000
12 10 11 2 -0.0007763
12 10 11 3 0.0000000
12 10 11 4 0.0000000
12 10 11 5 0.0005279
12 10 11 6 -0.0000000
12 10 11 7 0.0000000
12 10 11 8 0.0000000
12 10 11 9 -0.0000000
12 10 11 10 -0.0001295
12 10 11 11 0.0000000
12 10 12 0 0.0000000
12 10 12 1 -0.0000000
12 10 12 2 0.0117598
12 10 12 3 -0.0000000
12 10 12 4 -0.0000000
12 10 12 5 -0.0075424
12 10 12 6 0.0000000
12 10 12 7 -0.0000000
12 10 12 8 -0.0000000
12 10 12 9 0.0000000
12 10 12 10 0.1160615
12 10 12 11 0.0000000
12 10 12 12 0.0000000
12 11 0 0 -0.0131492
12 11 1 0 0.0000076
12 11 1 1 -0.0144942
12 11 2 0 -0.0000000
12 11 2 1 0.0000000
12 11 2 2 -0.0088144
12 11 3 0 -0.0004646
12 11 3 1 0.0114621
12 11 3 2 -0.0000000
12 11 3 3 -0.0261942
12 11 4 0 0.0000290
12 11 4 1 -0.0011139
12 11 4 2 0.0000000
12 11 4 3 0.0017680
12 11 4 4 -0.0089615
12 11 5 0 0.0000000
12 11 5 1 0.0000000
12 11 5 2 0.0034112
12 11 5 3 -0.0000000
12 11 5 4 0.0000000
12 11 5 5 -0.0092956
12 11 6 0 0.0002208
12 11 6 1 0.0014500
12 11 6 2 -0.0000000
12 11 6 3 -0.0018232
12 11 6 4 -0.0028474
12 11 6 5 -0.0000000
12 11 6 6 -0.0091179
12 11 7 0 -0.0005688
12 11 7 1 -0.0050675
12 11 7 2 0.0000000
12 11 7 3 0.0094942
12 11 7 4 -0.0024443
12 11 7 5 0.0000000
12 11 7 6 0.0007550
12 11 7 7 -0.0169848
12 11 8 0 -0.0003773
12 11 8 1 -0.0067081
12 11 8 2 0.0000000
12 11 8 3 0.0185632
12 11 8 4 -0.0013026
12 11 8 5 0.0000000
12 11 8 6 0.0036306
12 11 8 7 -0.0183323
12 11 8 8 -0.0415357
12 11 9 0 -0.0000007
12 11 9 1 0.0001410
12 11 9 2 -0.0000000
12 11 9 3 -0.0003247
12 11 9 4 -0.0041440
12 11 9 5 -0.0000000
12 11 9 6 -0.0018427
12 11 9 7 -0.0008528
12 11 9 8 0.0002923
12 11 9 9 -0.0498535
12 11 10 0 -0.0000000
12 11 10 1 0.0000000
12 11 10 2 -0.0041688
12 11 10 3 0.0000000
12 11 10 4 0.0000000
12 11 10 5 0.0020317
12 11 10 6 -0.0000000
12 11 10 7 0.0000000
12 11 10 8 0.0000000
12 11 10 9 -0.0000000
12 11 10 10 -0.0498535
12 11 11 0 -0.0003336
12 11 11 1 -0.0024472
12 11 11 2 0.0000000
12 11 11 3 0.0085124
12 11 11 4 -0.0008142
12 11 11 5 0.0000000
12 11 11 6 0.0019345
12 11 11 7 -0.0098732
12 11 11 8 -0.0175385
12 11 11 9 0.0000011
12 11 11 10 0.0000000
12 11 11 11 -0.3628151
12 11 12 0 -0.0000180
12 11 12 1 -0.0004735
12 11 12 2 0.0000000
12 11 12 3 0.0014100
12 11 12 4 -0.0001332
12 11 12 5 0.0000000
12 11 12 6 0.0002949
12 11 12 7 -0.0011342
12 11 12 8 -0.0015472
12 11 12 9 0.0000002
12 11 12 10 0.0000000
12 11 12 11 0.0525107
12 11 12 12 -0.0397102
12 12 0 0 0.2722850
12 12 1 0 -0.0003791
12 12 1 1 0.2827149
12 12 2 0 0.0000000
12 12 2 1 -0.0000000
12 12 2 2 0.2376712
12 12 3 0 0.0045057
12 12 3 1 -0.0909700
12 12 3 2 0.0000000
12 12 3 3 0.3474983
12 12 4 0 -0.0003005
12 12 4 1 0.0087597
12 12 4 2 -0.0000000
12 12 4 3 -0.0116751
12 12 4 4 0.2385626
12 12 5 0 -0.0000000
12 12 5 1 -0.0000000
12 12 5 2 -0.0348266
12 12 5 3 0.0000000
12 12 5 4 0.0000000
12 12 5 5 0.2392277
12 12 6 0 -0.0018643
12 12 6 1 -0.0097879
12 12 6 2 0.0000000
12 12 6 3 0.0105220
12 12 6 4 0.0299587
12 12 6 5 0.0000000
12 12 6 6 0.2357823
12 12 7 0 0.0045885
12 12 7 1 0.0298357
12 12 7 2 -0.0000000
12 12 7 3 -0.0532442
12 12 7 4 0.0204908
12 12 7 5 -0.0000000
12 12 7 6 0.0007184
12 12 7 7 0.2737611
12 12 8 0 0.0025566
12 12 8 1 0.0343620
12 12 8 2 -0.0000000
12 12 8 3 -0.1101013
12 12 8 4 0.0054319
12 12 8 5 -0.0000000
12 12 8 6 -0.0219819
12 12 8 7 0.1080450
12 12 8 8 0.4256158
12 12 9 0 0.0000061
12 12 9 1 -0.0011640
12 12 9 2 0.0000000
12 12 9 3 0.0026959
12 12 9 4 0.0342971
12 12 9 5 0.0000000
12 12 9 6 0.0166544
12 12 9 7 0.0077457
12 12 9 8 -0.0026435
12 12 9 9 0.6206838
12 12 10 0 0.0000000
12 12 10 1 -0.0000000
12 12 10 2 0.0345096
12 12 10 3 -0.0000000
12 12 10 4 -0.0000000
12 12 10 5 -0.0183945
12 12 10 6 0.0000000
12 12 10 7 -0.0000000
12 12 10 8 -0.0000000
12 12 10 9 0.0000000
12 12 10 10 0.6206838
12 12 11 0 0.0006538
12 12 11 1 -0.0027354
12 12 11 2 -0.0000000
12 12 11 3 -0.0020608
12 12 11 4 0.0001276
12 12 11 5 -0.0000000
12 12 11 6 -0.0016148
12 12 11 7 0.0072653
12 12 11 8 0.0118687
12 12 11 9 -0.0000008
12 12 11 10 -0.0000000
12 12 11 11 0.8534747
12 12 12 0 0.0014042
12 12 12 1 -0.0328518
12 12 12 2 0.0000000
12 12 12 3 0.0438063
12 12 12 4 -0.0046097
12 12 12 5 0.0000000
12 12 12 6 0.0025347
12 12 12 7 -0.0211828
12 12 12 8 -0.0467396
12 12 12 9 0.0000010
12 12 12 10 0.0000000
12 12 12 11 -0.0397102
12 12 12 12 0.7224718
