NMONOMER	1
NELEC	8
ENUC	7.351144
NBASIS	12
HOMO	2
LUMO	2
ENT	5
HF_ENERGY	-35.207297
ENERGIES
-10.840286
-0.498432
-0.437304
-0.244519
0.577015
0.791963
0.904725
849736.572470
965066.576805
996478.288633
1070621.186230
1118093.700487

OEI
-18.399023	
0.271677	-4.298833	
-0.000000	0.000000	-3.758295	
-0.104487	0.148927	-0.000000	-4.081748	
0.268064	-0.188665	0.000000	0.481947	-3.057232	
0.000000	-0.000000	-0.852752	0.000000	0.000000	-3.649180	
-0.198299	0.800084	-0.000000	0.423375	-0.098726	0.000000	-3.179305	
-0.104950	-0.067231	0.000000	0.108960	0.459337	0.000000	-0.065078	849733.029168	
0.000000	-0.000000	-0.073791	-0.000000	0.000000	-0.117657	0.000000	-0.000000	965063.906749	
-0.005112	-0.021122	0.000000	-0.004560	0.002466	0.000000	0.017053	-0.002809	-0.000000	996475.292409	
0.035733	0.191431	-0.000000	0.042843	-0.105546	0.000000	0.172542	0.193347	-0.000000	-0.124942	1070618.813890	
0.101417	0.079182	-0.000000	-0.214616	-0.460041	-0.000000	0.025362	0.959871	-0.000000	0.034547	-0.333020	1118090.039785	

ENV_OEI
-4.927225	
0.508424	-0.619718	
-0.000000	0.000000	-0.136462	
-0.208170	-0.092490	0.000000	-0.415282	
0.473352	-0.096694	0.000000	0.122699	-0.184501	
0.000000	-0.000000	-0.198196	-0.000000	0.000000	-0.348396	
-0.388489	-0.146978	0.000000	-0.222930	0.005589	-0.000000	-1.075899	
-0.225217	-0.015264	-0.000000	0.066852	0.070069	0.000000	0.010250	-0.576834	
0.000000	0.000000	0.063256	0.000000	-0.000000	0.034894	-0.000000	0.000000	-0.739478	
0.018226	-0.478209	0.000000	-0.454881	-0.056171	-0.000000	-1.468662	-0.126998	-0.000000	-18.569406	
0.055571	-0.046091	0.000000	-0.011860	-0.021403	-0.000000	-0.082819	-0.239559	0.000000	-1.672577	-0.798788	
0.213902	0.015999	-0.000000	0.000364	-0.082324	-0.000000	0.049085	-0.148079	0.000000	0.177661	-0.099681	-0.399416	

OVERLAP
1.000000	
0.248362	1.000000	
0.061767	0.488736	1.000000	
0.061767	0.488736	0.167856	1.000000	
0.000000	0.027047	0.005362	0.005362	1.000000	
0.027047	0.301519	0.096511	0.096511	0.248362	1.000000	
0.000000	0.000000	0.259000	0.259000	-0.015125	-0.113119	1.000000	
0.000000	0.000000	-0.380474	0.380474	0.000000	0.000000	0.000000	1.000000	
0.000000	0.000000	0.073326	0.073326	-0.042713	-0.319437	0.000000	0.000000	1.000000	
0.015125	0.113119	0.064594	0.064594	0.000000	0.000000	0.112775	0.000000	-0.151526	1.000000	
0.000000	0.000000	-0.051506	0.051506	0.000000	0.000000	0.000000	0.166433	0.000000	0.000000	1.000000	
0.042713	0.319437	0.093323	0.093323	0.000000	0.000000	-0.151526	0.000000	-0.261465	0.000000	0.000000	1.000000	

MOCOEFF
-0.996521	-0.018364	0.008875	0.008875	-0.001627	0.008244	0.020547	0.000000	0.002253	-0.002502	-0.000000	0.003797	
0.179119	-0.556465	-0.055061	-0.055061	0.046289	-0.083471	0.449328	0.000000	0.199026	-0.182172	-0.000000	-0.346193	
-0.000000	0.000000	-0.524252	0.524252	-0.000000	0.000000	-0.000000	0.448589	-0.000000	0.000000	-0.128664	0.000000	
-0.074630	0.216484	0.260383	0.260383	0.041619	-0.119056	-0.396059	0.000000	0.683937	-0.016143	-0.000000	-0.299168	
0.157513	-1.042946	0.922725	0.922725	0.004734	-0.038355	-0.405335	-0.000000	-0.398803	-0.015807	0.000000	-0.004367	
0.000000	-0.000000	0.804425	-0.804425	0.000000	-0.000000	-0.000000	1.169098	-0.000000	-0.000000	-0.111710	-0.000000	
-0.138027	0.825911	-0.091063	-0.091063	0.129731	-0.778926	-0.233724	-0.000000	-0.829375	-0.323704	0.000000	-0.902151	
-0.084288	0.388041	-0.000000	-0.000000	0.012325	-0.049401	0.608823	-0.000000	-0.000000	-0.744812	-0.000000	0.291146	
-0.000000	0.000000	0.000000	-0.000000	0.000000	-0.000000	0.000000	-0.000000	-0.000000	-0.000000	1.000000	0.000000	
-0.000565	0.002599	0.000000	0.000000	1.025611	-0.216380	0.004077	-0.000000	-0.000000	0.053739	-0.000000	0.092871	
0.018947	-0.087226	0.000000	0.000000	0.019715	0.850780	-0.136854	-0.000000	-0.000000	-0.334096	0.000000	-0.355391	
0.081637	-0.375837	0.000000	0.000000	0.011610	-0.229166	-0.589676	-0.000000	-0.000000	-0.509850	0.000000	0.308002	

ERI
0 0 0 0 3.5227283
1 0 0 0 -0.2360995
1 0 1 0 0.0308829
1 0 1 1 0.0059861
1 1 0 0 0.7277291
1 1 1 0 0.0059861
1 1 1 1 0.6495632
2 0 0 0 0.0000000
2 0 1 0 -0.0000000
2 0 1 1 0.0000000
2 0 2 0 0.0055390
2 0 2 1 0.0056121
2 0 2 2 -0.0000000
2 1 0 0 -0.0000000
2 1 1 0 -0.0000000
2 1 1 1 -0.0000000
2 1 2 0 0.0056121
2 1 2 1 0.0323935
2 1 2 2 0.0000000
2 2 0 0 0.5776108
2 2 1 0 -0.0062399
2 2 1 1 0.4073157
2 2 2 0 -0.0000000
2 2 2 1 0.0000000
2 2 2 2 0.5278559
3 0 0 0 0.0954215
3 0 1 0 -0.0106652
3 0 1 1 0.0047503
3 0 2 0 0.0000000
3 0 2 1 -0.0000000
3 0 2 2 0.0022270
3 0 3 0 0.0177314
3 0 3 1 0.0131211
3 0 3 2 -0.0000000
3 0 3 3 -0.0072502
3 1 0 0 -0.0614354
3 1 1 0 0.0011769
3 1 1 1 0.0277279
3 1 2 0 -0.0000000
3 1 2 1 -0.0000000
3 1 2 2 -0.0249331
3 1 3 0 0.0131211
3 1 3 1 0.0860236
3 1 3 2 -0.0000000
3 1 3 3 -0.0416737
3 2 0 0 0.0000000
3 2 1 0 -0.0000000
3 2 1 1 -0.0000000
3 2 2 0 -0.0035380
3 2 2 1 -0.0270905
3 2 2 2 0.0000000
3 2 3 0 -0.0000000
3 2 3 1 -0.0000000
3 2 3 2 0.0504399
3 2 3 3 0.0000000
3 3 0 0 0.7397409
3 3 1 0 -0.0051753
3 3 1 1 0.5150244
3 3 2 0 0.0000000
3 3 2 1 -0.0000000
3 3 2 2 0.4558271
3 3 3 0 -0.0072502
3 3 3 1 -0.0416737
3 3 3 2 0.0000000
3 3 3 3 0.5702393
4 0 0 0 -0.2144175
4 0 1 0 0.0177095
4 0 1 1 -0.0176282
4 0 2 0 -0.0000000
4 0 2 1 0.0000000
4 0 2 2 0.0000385
4 0 3 0 -0.0123583
4 0 3 1 -0.0014655
4 0 3 2 0.0000000
4 0 3 3 -0.0041394
4 0 4 0 0.0249653
4 0 4 1 -0.0026088
4 0 4 2 0.0000000
4 0 4 3 0.0002704
4 0 4 4 0.0019385
4 1 0 0 0.0634601
4 1 1 0 -0.0016216
4 1 1 1 0.0244514
4 1 2 0 -0.0000000
4 1 2 1 -0.0000000
4 1 2 2 -0.0024321
4 1 3 0 -0.0021692
4 1 3 1 -0.0138481
4 1 3 2 0.0000000
4 1 3 3 0.0323589
4 1 4 0 -0.0026088
4 1 4 1 0.0097103
4 1 4 2 0.0000000
4 1 4 3 -0.0213311
4 1 4 4 -0.0028287
4 2 0 0 -0.0000000
4 2 1 0 0.0000000
4 2 1 1 -0.0000000
4 2 2 0 0.0015034
4 2 2 1 -0.0292698
4 2 2 2 0.0000000
4 2 3 0 -0.0000000
4 2 3 1 0.0000000
4 2 3 2 0.0548744
4 2 3 3 -0.0000000
4 2 4 0 0.0000000
4 2 4 1 0.0000000
4 2 4 2 0.1246187
4 2 4 3 0.0000000
4 2 4 4 0.0000000
4 3 0 0 -0.1394649
4 3 1 0 0.0028853
4 3 1 1 -0.0520368
4 3 2 0 -0.0000000
4 3 2 1 0.0000000
4 3 2 2 0.0073687
4 3 3 0 0.0103065
4 3 3 1 0.0341207
4 3 3 2 -0.0000000
4 3 3 3 -0.0850126
4 3 4 0 0.0002704
4 3 4 1 -0.0213311
4 3 4 2 0.0000000
4 3 4 3 0.0683015
4 3 4 4 -0.0008632
4 4 0 0 0.5957980
4 4 1 0 -0.0132440
4 4 1 1 0.3663619
4 4 2 0 0.0000000
4 4 2 1 0.0000000
4 4 2 2 0.5117727
4 4 3 0 -0.0012699
4 4 3 1 -0.0369928
4 4 3 2 0.0000000
4 4 3 3 0.4569888
4 4 4 0 0.0019385
4 4 4 1 -0.0028287
4 4 4 2 0.0000000
4 4 4 3 -0.0008632
4 4 4 4 0.5404935
5 0 0 0 -0.0000000
5 0 1 0 0.0000000
5 0 1 1 0.0000000
5 0 2 0 0.0113355
5 0 2 1 0.0122885
5 0 2 2 -0.0000000
5 0 3 0 -0.0000000
5 0 3 1 -0.0000000
5 0 3 2 -0.0091869
5 0 3 3 -0.0000000
5 0 4 0 -0.0000000
5 0 4 1 -0.0000000
5 0 4 2 -0.0018040
5 0 4 3 -0.0000000
5 0 4 4 -0.0000000
5 0 5 0 0.0234641
5 0 5 1 0.0172223
5 0 5 2 -0.0000000
5 0 5 3 -0.0056965
5 0 5 4 0.0152333
5 0 5 5 -0.0000000
5 1 0 0 0.0000000
5 1 1 0 0.0000000
5 1 1 1 0.0000000
5 1 2 0 0.0085458
5 1 2 1 0.0352341
5 1 2 2 -0.0000000
5 1 3 0 -0.0000000
5 1 3 1 0.0000000
5 1 3 2 -0.0177101
5 1 3 3 0.0000000
5 1 4 0 -0.0000000
5 1 4 1 0.0000000
5 1 4 2 -0.0004859
5 1 4 3 -0.0000000
5 1 4 4 -0.0000000
5 1 5 0 0.0172223
5 1 5 1 0.0519787
5 1 5 2 0.0000000
5 1 5 3 -0.0156670
5 1 5 4 0.0202761
5 1 5 5 0.0000000
5 2 0 0 0.2353644
5 2 1 0 -0.0012765
5 2 1 1 0.1216220
5 2 2 0 -0.0000000
5 2 2 1 -0.0000000
5 2 2 2 0.0084166
5 2 3 0 -0.0001969
5 2 3 1 -0.0089406
5 2 3 2 0.0000000
5 2 3 3 0.0904197
5 2 4 0 -0.0066255
5 2 4 1 0.0226274
5 2 4 2 -0.0000000
5 2 4 3 -0.0583363
5 2 4 4 -0.0248758
5 2 5 0 -0.0000000
5 2 5 1 0.0000000
5 2 5 2 0.1111368
5 2 5 3 0.0000000
5 2 5 4 -0.0000000
5 2 5 5 0.0764680
5 3 0 0 -0.0000000
5 3 1 0 0.0000000
5 3 1 1 0.0000000
5 3 2 0 -0.0035214
5 3 2 1 -0.0036659
5 3 2 2 -0.0000000
5 3 3 0 0.0000000
5 3 3 1 0.0000000
5 3 3 2 0.0039070
5 3 3 3 -0.0000000
5 3 4 0 -0.0000000
5 3 4 1 -0.0000000
5 3 4 2 -0.0372412
5 3 4 3 -0.0000000
5 3 4 4 -0.0000000
5 3 5 0 -0.0056965
5 3 5 1 -0.0156670
5 3 5 2 0.0000000
5 3 5 3 0.0328553
5 3 5 4 0.0165033
5 3 5 5 -0.0000000
5 4 0 0 -0.0000000
5 4 1 0 0.0000000
5 4 1 1 0.0000000
5 4 2 0 0.0056858
5 4 2 1 0.0392437
5 4 2 2 -0.0000000
5 4 3 0 -0.0000000
5 4 3 1 -0.0000000
5 4 3 2 -0.0660392
5 4 3 3 -0.0000000
5 4 4 0 -0.0000000
5 4 4 1 -0.0000000
5 4 4 2 -0.1046697
5 4 4 3 -0.0000000
5 4 4 4 -0.0000000
5 4 5 0 0.0152333
5 4 5 1 0.0202761
5 4 5 2 -0.0000000
5 4 5 3 0.0165033
5 4 5 4 0.1159447
5 4 5 5 0.0000000
5 5 0 0 0.7917325
5 5 1 0 -0.0068155
5 5 1 1 0.5025214
5 5 2 0 0.0000000
5 5 2 1 0.0000000
5 5 2 2 0.5206658
5 5 3 0 0.0023675
5 5 3 1 -0.0338108
5 5 3 2 0.0000000
5 5 3 3 0.5153694
5 5 4 0 -0.0086220
5 5 4 1 0.0151382
5 5 4 2 -0.0000000
5 5 4 3 -0.0295561
5 5 4 4 0.5006625
5 5 5 0 -0.0000000
5 5 5 1 0.0000000
5 5 5 2 0.0764680
5 5 5 3 -0.0000000
5 5 5 4 0.0000000
5 5 5 5 0.5871651
6 0 0 0 0.1802830
6 0 1 0 -0.0250862
6 0 1 1 -0.0087038
6 0 2 0 0.0000000
6 0 2 1 0.0000000
6 0 2 2 0.0043738
6 0 3 0 -0.0013331
6 0 3 1 -0.0098422
6 0 3 2 0.0000000
6 0 3 3 0.0098875
6 0 4 0 -0.0101063
6 0 4 1 0.0031149
6 0 4 2 0.0000000
6 0 4 3 -0.0099646
6 0 4 4 0.0140645
6 0 5 0 -0.0000000
6 0 5 1 -0.0000000
6 0 5 2 0.0011002
6 0 5 3 -0.0000000
6 0 5 4 -0.0000000
6 0 5 5 0.0046807
6 0 6 0 0.0275596
6 0 6 1 0.0031648
6 0 6 2 0.0000000
6 0 6 3 -0.0031599
6 0 6 4 0.0032221
6 0 6 5 0.0000000
6 0 6 6 -0.0084354
6 1 0 0 -0.2366973
6 1 1 0 0.0000784
6 1 1 1 -0.0690742
6 1 2 0 -0.0000000
6 1 2 1 -0.0000000
6 1 2 2 -0.0673361
6 1 3 0 -0.0051651
6 1 3 1 0.0405422
6 1 3 2 -0.0000000
6 1 3 3 -0.0695020
6 1 4 0 0.0102600
6 1 4 1 -0.0088322
6 1 4 2 0.0000000
6 1 4 3 0.0160857
6 1 4 4 -0.0571224
6 1 5 0 -0.0000000
6 1 5 1 -0.0000000
6 1 5 2 -0.0414662
6 1 5 3 0.0000000
6 1 5 4 0.0000000
6 1 5 5 -0.1057037
6 1 6 0 0.0031648
6 1 6 1 0.1143201
6 1 6 2 -0.0000000
6 1 6 3 0.0578215
6 1 6 4 0.0001063
6 1 6 5 0.0000000
6 1 6 6 0.0027319
6 2 0 0 0.0000000
6 2 1 0 -0.0000000
6 2 1 1 -0.0000000
6 2 2 0 -0.0034658
6 2 2 1 -0.0134638
6 2 2 2 0.0000000
6 2 3 0 0.0000000
6 2 3 1 -0.0000000
6 2 3 2 -0.0008765
6 2 3 3 0.0000000
6 2 4 0 -0.0000000
6 2 4 1 0.0000000
6 2 4 2 -0.0016052
6 2 4 3 0.0000000
6 2 4 4 0.0000000
6 2 5 0 -0.0068188
6 2 5 1 -0.0200109
6 2 5 2 0.0000000
6 2 5 3 0.0012914
6 2 5 4 -0.0022819
6 2 5 5 0.0000000
6 2 6 0 0.0000000
6 2 6 1 -0.0000000
6 2 6 2 0.0122309
6 2 6 3 -0.0000000
6 2 6 4 -0.0000000
6 2 6 5 0.0163106
6 2 6 6 -0.0000000
6 3 0 0 -0.1264769
6 3 1 0 0.0055218
6 3 1 1 0.0135901
6 3 2 0 -0.0000000
6 3 2 1 -0.0000000
6 3 2 2 -0.0537466
6 3 3 0 -0.0035138
6 3 3 1 0.0224887
6 3 3 2 -0.0000000
6 3 3 3 -0.0517753
6 3 4 0 -0.0005105
6 3 4 1 -0.0029641
6 3 4 2 0.0000000
6 3 4 3 0.0130815
6 3 4 4 -0.0651755
6 3 5 0 -0.0000000
6 3 5 1 0.0000000
6 3 5 2 -0.0065565
6 3 5 3 0.0000000
6 3 5 4 -0.0000000
6 3 5 5 -0.0557588
6 3 6 0 -0.0031599
6 3 6 1 0.0578215
6 3 6 2 -0.0000000
6 3 6 3 0.0645574
6 3 6 4 -0.0054793
6 3 6 5 0.0000000
6 3 6 6 0.0321972
6 4 0 0 0.0191886
6 4 1 0 -0.0001373
6 4 1 1 0.0046777
6 4 2 0 0.0000000
6 4 2 1 -0.0000000
6 4 2 2 0.0011914
6 4 3 0 -0.0044969
6 4 3 1 -0.0076593
6 4 3 2 0.0000000
6 4 3 3 0.0205743
6 4 4 0 0.0026218
6 4 4 1 0.0029842
6 4 4 2 0.0000000
6 4 4 3 -0.0188944
6 4 4 4 0.0081247
6 4 5 0 0.0000000
6 4 5 1 0.0000000
6 4 5 2 0.0089690
6 4 5 3 -0.0000000
6 4 5 4 -0.0000000
6 4 5 5 0.0042280
6 4 6 0 0.0032221
6 4 6 1 0.0001063
6 4 6 2 -0.0000000
6 4 6 3 -0.0054793
6 4 6 4 0.0085227
6 4 6 5 0.0000000
6 4 6 6 0.0042883
6 5 0 0 -0.0000000
6 5 1 0 -0.0000000
6 5 1 1 0.0000000
6 5 2 0 -0.0061227
6 5 2 1 -0.0257735
6 5 2 2 -0.0000000
6 5 3 0 0.0000000
6 5 3 1 0.0000000
6 5 3 2 0.0125274
6 5 3 3 0.0000000
6 5 4 0 0.0000000
6 5 4 1 0.0000000
6 5 4 2 0.0163281
6 5 4 3 -0.0000000
6 5 4 4 -0.0000000
6 5 5 0 -0.0129365
6 5 5 1 -0.0334784
6 5 5 2 0.0000000
6 5 5 3 -0.0018142
6 5 5 4 -0.0241534
6 5 5 5 -0.0000000
6 5 6 0 0.0000000
6 5 6 1 0.0000000
6 5 6 2 0.0163106
6 5 6 3 0.0000000
6 5 6 4 0.0000000
6 5 6 5 0.0291521
6 5 6 6 0.0000000
6 6 0 0 0.6887828
6 6 1 0 -0.0003810
6 6 1 1 0.5975677
6 6 2 0 0.0000000
6 6 2 1 -0.0000000
6 6 2 2 0.3851113
6 6 3 0 0.0127495
6 6 3 1 0.0788181
6 6 3 2 -0.0000000
6 6 3 3 0.4798871
6 6 4 0 -0.0155747
6 6 4 1 0.0150653
6 6 4 2 -0.0000000
6 6 4 3 -0.0334303
6 6 4 4 0.3515015
6 6 5 0 0.0000000
6 6 5 1 0.0000000
6 6 5 2 0.1001722
6 6 5 3 0.0000000
6 6 5 4 -0.0000000
6 6 5 5 0.4577134
6 6 6 0 -0.0084354
6 6 6 1 0.0027319
6 6 6 2 -0.0000000
6 6 6 3 0.0321972
6 6 6 4 0.0042883
6 6 6 5 0.0000000
6 6 6 6 0.6516630
7 0 0 0 0.0837434
7 0 1 0 -0.0043067
7 0 1 1 0.0096810
7 0 2 0 0.0000000
7 0 2 1 -0.0000000
7 0 2 2 -0.0038762
7 0 3 0 -0.0003365
7 0 3 1 -0.0048645
7 0 3 2 0.0000000
7 0 3 3 0.0018520
7 0 4 0 -0.0127183
7 0 4 1 0.0023961
7 0 4 2 -0.0000000
7 0 4 3 -0.0026906
7 0 4 4 -0.0046207
7 0 5 0 -0.0000000
7 0 5 1 0.0000000
7 0 5 2 0.0013441
7 0 5 3 0.0000000
7 0 5 4 -0.0000000
7 0 5 5 0.0004788
7 0 6 0 0.0050028
7 0 6 1 -0.0042285
7 0 6 2 0.0000000
7 0 6 3 0.0046263
7 0 6 4 -0.0005648
7 0 6 5 0.0000000
7 0 6 6 0.0028647
7 0 7 0 0.0112925
7 0 7 1 0.0020523
7 0 7 2 -0.0000000
7 0 7 3 -0.0013642
7 0 7 4 0.0041592
7 0 7 5 0.0000000
7 0 7 6 -0.0029440
7 0 7 7 -0.0062527
7 1 0 0 0.0108542
7 1 1 0 0.0021643
7 1 1 1 0.0118864
7 1 2 0 -0.0000000
7 1 2 1 -0.0000000
7 1 2 2 -0.0092136
7 1 3 0 -0.0033923
7 1 3 1 -0.0102514
7 1 3 2 0.0000000
7 1 3 3 0.0073291
7 1 4 0 -0.0001519
7 1 4 1 0.0035362
7 1 4 2 0.0000000
7 1 4 3 -0.0086351
7 1 4 4 -0.0054545
7 1 5 0 -0.0000000
7 1 5 1 -0.0000000
7 1 5 2 0.0047513
7 1 5 3 -0.0000000
7 1 5 4 -0.0000000
7 1 5 5 -0.0012887
7 1 6 0 0.0000883
7 1 6 1 -0.0027524
7 1 6 2 0.0000000
7 1 6 3 0.0060337
7 1 6 4 0.0022485
7 1 6 5 0.0000000
7 1 6 6 0.0038635
7 1 7 0 0.0020523
7 1 7 1 0.0130550
7 1 7 2 0.0000000
7 1 7 3 0.0025878
7 1 7 4 -0.0004506
7 1 7 5 0.0000000
7 1 7 6 0.0048655
7 1 7 7 0.0019980
7 2 0 0 -0.0000000
7 2 1 0 -0.0000000
7 2 1 1 -0.0000000
7 2 2 0 -0.0038986
7 2 2 1 -0.0218705
7 2 2 2 0.0000000
7 2 3 0 0.0000000
7 2 3 1 0.0000000
7 2 3 2 0.0299049
7 2 3 3 0.0000000
7 2 4 0 0.0000000
7 2 4 1 0.0000000
7 2 4 2 0.0424003
7 2 4 3 0.0000000
7 2 4 4 0.0000000
7 2 5 0 -0.0092312
7 2 5 1 -0.0131788
7 2 5 2 0.0000000
7 2 5 3 -0.0078946
7 2 5 4 -0.0498288
7 2 5 5 -0.0000000
7 2 6 0 0.0000000
7 2 6 1 0.0000000
7 2 6 2 0.0052083
7 2 6 3 0.0000000
7 2 6 4 0.0000000
7 2 6 5 0.0149481
7 2 6 6 -0.0000000
7 2 7 0 -0.0000000
7 2 7 1 0.0000000
7 2 7 2 0.0332236
7 2 7 3 -0.0000000
7 2 7 4 -0.0000000
7 2 7 5 0.0046500
7 2 7 6 -0.0000000
7 2 7 7 0.0000000
7 3 0 0 -0.0275739
7 3 1 0 -0.0027463
7 3 1 1 -0.0378486
7 3 2 0 0.0000000
7 3 2 1 0.0000000
7 3 2 2 0.0204444
7 3 3 0 -0.0041584
7 3 3 1 -0.0112276
7 3 3 2 0.0000000
7 3 3 3 0.0003134
7 3 4 0 0.0040281
7 3 4 1 -0.0038429
7 3 4 2 0.0000000
7 3 4 3 -0.0028108
7 3 4 4 0.0307126
7 3 5 0 0.0000000
7 3 5 1 -0.0000000
7 3 5 2 -0.0180123
7 3 5 3 -0.0000000
7 3 5 4 0.0000000
7 3 5 5 0.0022964
7 3 6 0 0.0057616
7 3 6 1 0.0051850
7 3 6 2 0.0000000
7 3 6 3 -0.0119215
7 3 6 4 0.0072378
7 3 6 5 -0.0000000
7 3 6 6 -0.0364216
7 3 7 0 -0.0013642
7 3 7 1 0.0025878
7 3 7 2 -0.0000000
7 3 7 3 0.0263052
7 3 7 4 -0.0010746
7 3 7 5 -0.0000000
7 3 7 6 -0.0017207
7 3 7 7 -0.0163331
7 4 0 0 -0.1313143
7 4 1 0 0.0076246
7 4 1 1 -0.0274838
7 4 2 0 -0.0000000
7 4 2 1 0.0000000
7 4 2 2 -0.0124484
7 4 3 0 -0.0018782
7 4 3 1 0.0016283
7 4 3 2 0.0000000
7 4 3 3 -0.0432183
7 4 4 0 0.0004365
7 4 4 1 -0.0060029
7 4 4 2 0.0000000
7 4 4 3 0.0248942
7 4 4 4 -0.0178352
7 4 5 0 0.0000000
7 4 5 1 -0.0000000
7 4 5 2 -0.0327727
7 4 5 3 0.0000000
7 4 5 4 0.0000000
7 4 5 5 -0.0302320
7 4 6 0 -0.0062925
7 4 6 1 0.0144560
7 4 6 2 -0.0000000
7 4 6 3 0.0184254
7 4 6 4 -0.0076878
7 4 6 5 -0.0000000
7 4 6 6 -0.0322744
7 4 7 0 0.0041592
7 4 7 1 -0.0004506
7 4 7 2 -0.0000000
7 4 7 3 -0.0010746
7 4 7 4 0.0279120
7 4 7 5 0.0000000
7 4 7 6 -0.0007688
7 4 7 7 -0.0381166
7 5 0 0 -0.0000000
7 5 1 0 -0.0000000
7 5 1 1 -0.0000000
7 5 2 0 -0.0033752
7 5 2 1 -0.0033536
7 5 2 2 0.0000000
7 5 3 0 0.0000000
7 5 3 1 0.0000000
7 5 3 2 -0.0035172
7 5 3 3 -0.0000000
7 5 4 0 0.0000000
7 5 4 1 -0.0000000
7 5 4 2 -0.0160529
7 5 4 3 0.0000000
7 5 4 4 -0.0000000
7 5 5 0 -0.0057662
7 5 5 1 -0.0070410
7 5 5 2 -0.0000000
7 5 5 3 0.0046375
7 5 5 4 0.0052732
7 5 5 5 -0.0000000
7 5 6 0 -0.0000000
7 5 6 1 0.0000000
7 5 6 2 0.0051238
7 5 6 3 0.0000000
7 5 6 4 -0.0000000
7 5 6 5 0.0045667
7 5 6 6 -0.0000000
7 5 7 0 0.0000000
7 5 7 1 0.0000000
7 5 7 2 0.0046500
7 5 7 3 -0.0000000
7 5 7 4 0.0000000
7 5 7 5 0.0107773
7 5 7 6 0.0000000
7 5 7 7 -0.0000000
7 6 0 0 0.0201211
7 6 1 0 -0.0022513
7 6 1 1 0.0015175
7 6 2 0 0.0000000
7 6 2 1 0.0000000
7 6 2 2 0.0103586
7 6 3 0 0.0073732
7 6 3 1 0.0205685
7 6 3 2 -0.0000000
7 6 3 3 -0.0016895
7 6 4 0 -0.0018164
7 6 4 1 -0.0017425
7 6 4 2 0.0000000
7 6 4 3 0.0145848
7 6 4 4 0.0015658
7 6 5 0 -0.0000000
7 6 5 1 0.0000000
7 6 5 2 0.0021725
7 6 5 3 0.0000000
7 6 5 4 -0.0000000
7 6 5 5 0.0081569
7 6 6 0 -0.0029126
7 6 6 1 -0.0012980
7 6 6 2 -0.0000000
7 6 6 3 -0.0087128
7 6 6 4 -0.0064052
7 6 6 5 0.0000000
7 6 6 6 0.0174054
7 6 7 0 -0.0029440
7 6 7 1 0.0048655
7 6 7 2 -0.0000000
7 6 7 3 -0.0017207
7 6 7 4 -0.0007688
7 6 7 5 0.0000000
7 6 7 6 0.0412175
7 6 7 7 0.0175986
7 7 0 0 0.5615976
7 7 1 0 -0.0086641
7 7 1 1 0.4489323
7 7 2 0 0.0000000
7 7 2 1 -0.0000000
7 7 2 2 0.3832830
7 7 3 0 0.0073879
7 7 3 1 0.0438169
7 7 3 2 -0.0000000
7 7 3 3 0.4197759
7 7 4 0 -0.0026096
7 7 4 1 0.0064331
7 7 4 2 -0.0000000
7 7 4 3 -0.0205422
7 7 4 4 0.3693686
7 7 5 0 -0.0000000
7 7 5 1 0.0000000
7 7 5 2 0.0550631
7 7 5 3 0.0000000
7 7 5 4 -0.0000000
7 7 5 5 0.4072392
7 7 6 0 0.0031130
7 7 6 1 0.0138341
7 7 6 2 -0.0000000
7 7 6 3 0.0070994
7 7 6 4 0.0054667
7 7 6 5 0.0000000
7 7 6 6 0.5084178
7 7 7 0 -0.0062527
7 7 7 1 0.0019980
7 7 7 2 0.0000000
7 7 7 3 -0.0163331
7 7 7 4 -0.0381166
7 7 7 5 -0.0000000
7 7 7 6 0.0175986
7 7 7 7 0.5146546
8 0 0 0 0.0000000
8 0 1 0 0.0000000
8 0 1 1 0.0000000
8 0 2 0 0.0001900
8 0 2 1 0.0002937
8 0 2 2 -0.0000000
8 0 3 0 0.0000000
8 0 3 1 -0.0000000
8 0 3 2 -0.0001302
8 0 3 3 -0.0000000
8 0 4 0 -0.0000000
8 0 4 1 -0.0000000
8 0 4 2 0.0000237
8 0 4 3 0.0000000
8 0 4 4 -0.0000000
8 0 5 0 0.0003897
8 0 5 1 0.0004578
8 0 5 2 -0.0000000
8 0 5 3 -0.0000971
8 0 5 4 0.0002268
8 0 5 5 -0.0000000
8 0 6 0 -0.0000000
8 0 6 1 -0.0000000
8 0 6 2 -0.0001842
8 0 6 3 -0.0000000
8 0 6 4 0.0000000
8 0 6 5 -0.0003495
8 0 6 6 0.0000000
8 0 7 0 -0.0000000
8 0 7 1 -0.0000000
8 0 7 2 -0.0001587
8 0 7 3 -0.0000000
8 0 7 4 0.0000000
8 0 7 5 -0.0001179
8 0 7 6 0.0000000
8 0 7 7 -0.0000000
8 0 8 0 0.0000104
8 0 8 1 0.0000050
8 0 8 2 0.0000000
8 0 8 3 -0.0000460
8 0 8 4 -0.0000016
8 0 8 5 -0.0000000
8 0 8 6 -0.0002017
8 0 8 7 0.0000280
8 0 8 8 -0.0000000
8 1 0 0 0.0000000
8 1 1 0 0.0000000
8 1 1 1 0.0000000
8 1 2 0 0.0013329
8 1 2 1 0.0113837
8 1 2 2 -0.0000000
8 1 3 0 0.0000000
8 1 3 1 -0.0000000
8 1 3 2 -0.0047348
8 1 3 3 0.0000000
8 1 4 0 -0.0000000
8 1 4 1 -0.0000000
8 1 4 2 -0.0077818
8 1 4 3 -0.0000000
8 1 4 4 0.0000000
8 1 5 0 0.0029045
8 1 5 1 0.0146128
8 1 5 2 -0.0000000
8 1 5 3 0.0016449
8 1 5 4 0.0086423
8 1 5 5 0.0000000
8 1 6 0 -0.0000000
8 1 6 1 -0.0000000
8 1 6 2 -0.0068297
8 1 6 3 -0.0000000
8 1 6 4 -0.0000000
8 1 6 5 -0.0094895
8 1 6 6 0.0000000
8 1 7 0 -0.0000000
8 1 7 1 -0.0000000
8 1 7 2 -0.0056529
8 1 7 3 -0.0000000
8 1 7 4 -0.0000000
8 1 7 5 -0.0015548
8 1 7 6 0.0000000
8 1 7 7 -0.0000000
8 1 8 0 0.0000050
8 1 8 1 0.0214940
8 1 8 2 -0.0000000
8 1 8 3 0.0127241
8 1 8 4 -0.0007061
8 1 8 5 0.0000000
8 1 8 6 0.0257837
8 1 8 7 0.0007370
8 1 8 8 -0.0000000
8 2 0 0 0.0194167
8 2 1 0 -0.0001178
8 2 1 1 0.0057871
8 2 2 0 -0.0000000
8 2 2 1 -0.0000000
8 2 2 2 0.0152047
8 2 3 0 0.0002122
8 2 3 1 -0.0052792
8 2 3 2 0.0000000
8 2 3 3 0.0097833
8 2 4 0 -0.0001500
8 2 4 1 0.0000767
8 2 4 2 0.0000000
8 2 4 3 -0.0002086
8 2 4 4 0.0136092
8 2 5 0 -0.0000000
8 2 5 1 -0.0000000
8 2 5 2 0.0022636
8 2 5 3 -0.0000000
8 2 5 4 -0.0000000
8 2 5 5 0.0161246
8 2 6 0 0.0000115
8 2 6 1 -0.0139286
8 2 6 2 0.0000000
8 2 6 3 -0.0092047
8 2 6 4 -0.0000525
8 2 6 5 -0.0000000
8 2 6 6 -0.0066429
8 2 7 0 -0.0001633
8 2 7 1 -0.0009863
8 2 7 2 0.0000000
8 2 7 3 0.0017766
8 2 7 4 -0.0010095
8 2 7 5 0.0000000
8 2 7 6 0.0012394
8 2 7 7 -0.0077149
8 2 8 0 0.0000000
8 2 8 1 -0.0000000
8 2 8 2 0.0042169
8 2 8 3 -0.0000000
8 2 8 4 -0.0000000
8 2 8 5 0.0033865
8 2 8 6 -0.0000000
8 2 8 7 -0.0000000
8 2 8 8 -0.0294925
8 3 0 0 0.0000000
8 3 1 0 0.0000000
8 3 1 1 0.0000000
8 3 2 0 0.0003890
8 3 2 1 0.0037908
8 3 2 2 -0.0000000
8 3 3 0 0.0000000
8 3 3 1 -0.0000000
8 3 3 2 -0.0001852
8 3 3 3 0.0000000
8 3 4 0 -0.0000000
8 3 4 1 -0.0000000
8 3 4 2 -0.0023476
8 3 4 3 -0.0000000
8 3 4 4 0.0000000
8 3 5 0 0.0008365
8 3 5 1 0.0052615
8 3 5 2 -0.0000000
8 3 5 3 0.0020012
8 3 5 4 0.0020510
8 3 5 5 0.0000000
8 3 6 0 -0.0000000
8 3 6 1 -0.0000000
8 3 6 2 -0.0031885
8 3 6 3 -0.0000000
8 3 6 4 0.0000000
8 3 6 5 -0.0036192
8 3 6 6 0.0000000
8 3 7 0 -0.0000000
8 3 7 1 -0.0000000
8 3 7 2 -0.0017423
8 3 7 3 -0.0000000
8 3 7 4 -0.0000000
8 3 7 5 -0.0008107
8 3 7 6 0.0000000
8 3 7 7 -0.0000000
8 3 8 0 -0.0000460
8 3 8 1 0.0127241
8 3 8 2 -0.0000000
8 3 8 3 0.0083820
8 3 8 4 -0.0002818
8 3 8 5 0.0000000
8 3 8 6 0.0173460
8 3 8 7 -0.0012075
8 3 8 8 -0.0000000
8 4 0 0 -0.0000000
8 4 1 0 -0.0000000
8 4 1 1 -0.0000000
8 4 2 0 0.0000034
8 4 2 1 -0.0013990
8 4 2 2 -0.0000000
8 4 3 0 -0.0000000
8 4 3 1 0.0000000
8 4 3 2 0.0014827
8 4 3 3 -0.0000000
8 4 4 0 0.0000000
8 4 4 1 0.0000000
8 4 4 2 0.0035887
8 4 4 3 0.0000000
8 4 4 4 -0.0000000
8 4 5 0 -0.0001213
8 4 5 1 -0.0005559
8 4 5 2 -0.0000000
8 4 5 3 -0.0009295
8 4 5 4 -0.0028374
8 4 5 5 -0.0000000
8 4 6 0 0.0000000
8 4 6 1 0.0000000
8 4 6 2 0.0002680
8 4 6 3 0.0000000
8 4 6 4 0.0000000
8 4 6 5 0.0006661
8 4 6 6 -0.0000000
8 4 7 0 -0.0000000
8 4 7 1 0.0000000
8 4 7 2 0.0013316
8 4 7 3 0.0000000
8 4 7 4 0.0000000
8 4 7 5 -0.0003057
8 4 7 6 0.0000000
8 4 7 7 0.0000000
8 4 8 0 -0.0000016
8 4 8 1 -0.0007061
8 4 8 2 -0.0000000
8 4 8 3 -0.0002818
8 4 8 4 0.0002246
8 4 8 5 -0.0000000
8 4 8 6 -0.0002908
8 4 8 7 0.0003280
8 4 8 8 0.0000000
8 5 0 0 0.0262808
8 5 1 0 0.0002649
8 5 1 1 0.0165075
8 5 2 0 -0.0000000
8 5 2 1 -0.0000000
8 5 2 2 0.0120659
8 5 3 0 0.0003096
8 5 3 1 -0.0026024
8 5 3 2 0.0000000
8 5 3 3 0.0136078
8 5 4 0 -0.0006258
8 5 4 1 0.0012502
8 5 4 2 -0.0000000
8 5 4 3 -0.0026721
8 5 4 4 0.0091246
8 5 5 0 -0.0000000
8 5 5 1 0.0000000
8 5 5 2 0.0074648
8 5 5 3 -0.0000000
8 5 5 4 -0.0000000
8 5 5 5 0.0175678
8 5 6 0 -0.0004228
8 5 6 1 -0.0125976
8 5 6 2 0.0000000
8 5 6 3 -0.0060794
8 5 6 4 0.0001196
8 5 6 5 -0.0000000
8 5 6 6 0.0046325
8 5 7 0 0.0001245
8 5 7 1 -0.0006062
8 5 7 2 -0.0000000
8 5 7 3 -0.0002803
8 5 7 4 -0.0020321
8 5 7 5 -0.0000000
8 5 7 6 0.0003035
8 5 7 7 -0.0021905
8 5 8 0 -0.0000000
8 5 8 1 0.0000000
8 5 8 2 0.0033865
8 5 8 3 0.0000000
8 5 8 4 -0.0000000
8 5 8 5 0.0034052
8 5 8 6 0.0000000
8 5 8 7 0.0000000
8 5 8 8 -0.0175186
8 6 0 0 -0.0000000
8 6 1 0 0.0000000
8 6 1 1 -0.0000000
8 6 2 0 0.0001512
8 6 2 1 0.0037226
8 6 2 2 -0.0000000
8 6 3 0 -0.0000000
8 6 3 1 0.0000000
8 6 3 2 -0.0022845
8 6 3 3 -0.0000000
8 6 4 0 0.0000000
8 6 4 1 -0.0000000
8 6 4 2 -0.0045192
8 6 4 3 -0.0000000
8 6 4 4 -0.0000000
8 6 5 0 0.0004126
8 6 5 1 0.0049292
8 6 5 2 -0.0000000
8 6 5 3 0.0014979
8 6 5 4 0.0036122
8 6 5 5 -0.0000000
8 6 6 0 0.0000000
8 6 6 1 -0.0000000
8 6 6 2 -0.0038346
8 6 6 3 0.0000000
8 6 6 4 -0.0000000
8 6 6 5 -0.0032229
8 6 6 6 0.0000000
8 6 7 0 -0.0000000
8 6 7 1 -0.0000000
8 6 7 2 -0.0020834
8 6 7 3 -0.0000000
8 6 7 4 0.0000000
8 6 7 5 -0.0004224
8 6 7 6 0.0000000
8 6 7 7 0.0000000
8 6 8 0 -0.0002017
8 6 8 1 0.0257837
8 6 8 2 -0.0000000
8 6 8 3 0.0173460
8 6 8 4 -0.0002908
8 6 8 5 0.0000000
8 6 8 6 0.0416767
8 6 8 7 0.0010727
8 6 8 8 0.0000000
8 7 0 0 -0.0000000
8 7 1 0 -0.0000000
8 7 1 1 -0.0000000
8 7 2 0 -0.0001996
8 7 2 1 -0.0010998
8 7 2 2 0.0000000
8 7 3 0 -0.0000000
8 7 3 1 0.0000000
8 7 3 2 0.0010755
8 7 3 3 0.0000000
8 7 4 0 0.0000000
8 7 4 1 0.0000000
8 7 4 2 0.0004725
8 7 4 3 -0.0000000
8 7 4 4 0.0000000
8 7 5 0 -0.0003983
8 7 5 1 -0.0016105
8 7 5 2 0.0000000
8 7 5 3 0.0002934
8 7 5 4 -0.0009578
8 7 5 5 -0.0000000
8 7 6 0 0.0000000
8 7 6 1 0.0000000
8 7 6 2 0.0005182
8 7 6 3 0.0000000
8 7 6 4 0.0000000
8 7 6 5 0.0007372
8 7 6 6 -0.0000000
8 7 7 0 -0.0000000
8 7 7 1 -0.0000000
8 7 7 2 -0.0010908
8 7 7 3 -0.0000000
8 7 7 4 0.0000000
8 7 7 5 -0.0011599
8 7 7 6 0.0000000
8 7 7 7 -0.0000000
8 7 8 0 0.0000280
8 7 8 1 0.0007370
8 7 8 2 -0.0000000
8 7 8 3 -0.0012075
8 7 8 4 0.0003280
8 7 8 5 0.0000000
8 7 8 6 0.0010727
8 7 8 7 0.0210482
8 7 8 8 -0.0000000
8 8 0 0 0.3244157
8 8 1 0 0.0029868
8 8 1 1 0.4388321
8 8 2 0 -0.0000000
8 8 2 1 -0.0000000
8 8 2 2 0.2655369
8 8 3 0 0.0038412
8 8 3 1 0.0882492
8 8 3 2 -0.0000000
8 8 3 3 0.3232951
8 8 4 0 -0.0041346
8 8 4 1 0.0025119
8 8 4 2 -0.0000000
8 8 4 3 -0.0069411
8 8 4 4 0.2380172
8 8 5 0 -0.0000000
8 8 5 1 0.0000000
8 8 5 2 0.0446880
8 8 5 3 0.0000000
8 8 5 4 -0.0000000
8 8 5 5 0.2898251
8 8 6 0 -0.0059112
8 8 6 1 0.0971678
8 8 6 2 -0.0000000
8 8 6 3 0.0875451
8 8 6 4 0.0002204
8 8 6 5 0.0000000
8 8 6 6 0.5348919
8 8 7 0 0.0013684
8 8 7 1 0.0047104
8 8 7 2 0.0000000
8 8 7 3 -0.0325763
8 8 7 4 -0.0038928
8 8 7 5 0.0000000
8 8 7 6 0.0081517
8 8 7 7 0.4670422
8 8 8 0 -0.0000000
8 8 8 1 -0.0000000
8 8 8 2 -0.0294925
8 8 8 3 -0.0000000
8 8 8 4 0.0000000
8 8 8 5 -0.0175186
8 8 8 6 0.0000000
8 8 8 7 -0.0000000
8 8 8 8 0.6728327
9 0 0 0 0.0027895
9 0 1 0 -0.0001220
9 0 1 1 0.0004624
9 0 2 0 0.0000000
9 0 2 1 -0.0000000
9 0 2 2 0.0003375
9 0 3 0 0.0000546
9 0 3 1 -0.0001897
9 0 3 2 0.0000000
9 0 3 3 0.0004732
9 0 4 0 -0.0002066
9 0 4 1 0.0000696
9 0 4 2 -0.0000000
9 0 4 3 -0.0001406
9 0 4 4 0.0003353
9 0 5 0 -0.0000000
9 0 5 1 0.0000000
9 0 5 2 0.0002277
9 0 5 3 -0.0000000
9 0 5 4 -0.0000000
9 0 5 5 0.0005818
9 0 6 0 0.0000906
9 0 6 1 -0.0004761
9 0 6 2 0.0000000
9 0 6 3 -0.0002284
9 0 6 4 0.0000124
9 0 6 5 -0.0000000
9 0 6 6 0.0001379
9 0 7 0 0.0001214
9 0 7 1 0.0000157
9 0 7 2 -0.0000000
9 0 7 3 -0.0000169
9 0 7 4 -0.0000853
9 0 7 5 -0.0000000
9 0 7 6 -0.0000201
9 0 7 7 -0.0000577
9 0 8 0 0.0000000
9 0 8 1 0.0000000
9 0 8 2 0.0000720
9 0 8 3 0.0000000
9 0 8 4 -0.0000000
9 0 8 5 0.0000694
9 0 8 6 -0.0000000
9 0 8 7 0.0000000
9 0 8 8 -0.0004525
9 0 9 0 0.0000067
9 0 9 1 -0.0000511
9 0 9 2 0.0000000
9 0 9 3 -0.0000641
9 0 9 4 -0.0000079
9 0 9 5 -0.0000000
9 0 9 6 -0.0002076
9 0 9 7 0.0000201
9 0 9 8 -0.0000000
9 0 9 9 -0.0031116
9 1 0 0 0.0045856
9 1 1 0 0.0001257
9 1 1 1 0.0023160
9 1 2 0 -0.0000000
9 1 2 1 0.0000000
9 1 2 2 0.0025216
9 1 3 0 -0.0000322
9 1 3 1 -0.0018604
9 1 3 2 0.0000000
9 1 3 3 0.0021788
9 1 4 0 -0.0001028
9 1 4 1 0.0001911
9 1 4 2 -0.0000000
9 1 4 3 -0.0005193
9 1 4 4 0.0021608
9 1 5 0 -0.0000000
9 1 5 1 -0.0000000
9 1 5 2 0.0010473
9 1 5 3 -0.0000000
9 1 5 4 -0.0000000
9 1 5 5 0.0033819
9 1 6 0 -0.0000898
9 1 6 1 -0.0043222
9 1 6 2 0.0000000
9 1 6 3 -0.0022427
9 1 6 4 -0.0000076
9 1 6 5 -0.0000000
9 1 6 6 -0.0021488
9 1 7 0 0.0000892
9 1 7 1 -0.0002139
9 1 7 2 0.0000000
9 1 7 3 -0.0003285
9 1 7 4 -0.0002316
9 1 7 5 -0.0000000
9 1 7 6 -0.0006856
9 1 7 7 0.0002664
9 1 8 0 0.0000000
9 1 8 1 0.0000000
9 1 8 2 0.0004553
9 1 8 3 0.0000000
9 1 8 4 -0.0000000
9 1 8 5 0.0004426
9 1 8 6 0.0000000
9 1 8 7 0.0000000
9 1 8 8 -0.0013771
9 1 9 0 -0.0000511
9 1 9 1 0.0041444
9 1 9 2 -0.0000000
9 1 9 3 0.0030709
9 1 9 4 0.0001803
9 1 9 5 0.0000000
9 1 9 6 0.0093028
9 1 9 7 0.0007801
9 1 9 8 -0.0000000
9 1 9 9 0.0408047
9 2 0 0 -0.0000000
9 2 1 0 -0.0000000
9 2 1 1 -0.0000000
9 2 2 0 0.0000370
9 2 2 1 0.0002392
9 2 2 2 -0.0000000
9 2 3 0 0.0000000
9 2 3 1 0.0000000
9 2 3 2 -0.0000211
9 2 3 3 -0.0000000
9 2 4 0 0.0000000
9 2 4 1 -0.0000000
9 2 4 2 -0.0000088
9 2 4 3 0.0000000
9 2 4 4 -0.0000000
9 2 5 0 0.0000738
9 2 5 1 0.0003758
9 2 5 2 -0.0000000
9 2 5 3 -0.0000475
9 2 5 4 0.0000224
9 2 5 5 -0.0000000
9 2 6 0 0.0000000
9 2 6 1 0.0000000
9 2 6 2 -0.0002371
9 2 6 3 0.0000000
9 2 6 4 0.0000000
9 2 6 5 -0.0002757
9 2 6 6 0.0000000
9 2 7 0 -0.0000000
9 2 7 1 0.0000000
9 2 7 2 -0.0000255
9 2 7 3 0.0000000
9 2 7 4 0.0000000
9 2 7 5 -0.0000378
9 2 7 6 0.0000000
9 2 7 7 -0.0000000
9 2 8 0 0.0000011
9 2 8 1 0.0005439
9 2 8 2 -0.0000000
9 2 8 3 0.0003322
9 2 8 4 0.0000014
9 2 8 5 -0.0000000
9 2 8 6 0.0007518
9 2 8 7 0.0000536
9 2 8 8 0.0000000
9 2 9 0 0.0000000
9 2 9 1 -0.0000000
9 2 9 2 0.0002037
9 2 9 3 -0.0000000
9 2 9 4 -0.0000000
9 2 9 5 0.0001721
9 2 9 6 -0.0000000
9 2 9 7 -0.0000000
9 2 9 8 -0.0016601
9 2 9 9 -0.0000000
9 3 0 0 0.0007041
9 3 1 0 -0.0000368
9 3 1 1 -0.0002763
9 3 2 0 0.0000000
9 3 2 1 0.0000000
9 3 2 2 0.0008515
9 3 3 0 0.0000605
9 3 3 1 -0.0003514
9 3 3 2 0.0000000
9 3 3 3 0.0001750
9 3 4 0 0.0000051
9 3 4 1 -0.0000776
9 3 4 2 0.0000000
9 3 4 3 0.0000873
9 3 4 4 0.0007872
9 3 5 0 0.0000000
9 3 5 1 -0.0000000
9 3 5 2 -0.0000127
9 3 5 3 -0.0000000
9 3 5 4 0.0000000
9 3 5 5 0.0007247
9 3 6 0 -0.0000014
9 3 6 1 -0.0012354
9 3 6 2 0.0000000
9 3 6 3 -0.0010565
9 3 6 4 -0.0000011
9 3 6 5 -0.0000000
9 3 6 6 -0.0012032
9 3 7 0 -0.0000417
9 3 7 1 -0.0000005
9 3 7 2 -0.0000000
9 3 7 3 0.0000628
9 3 7 4 -0.0000562
9 3 7 5 0.0000000
9 3 7 6 0.0002549
9 3 7 7 0.0012815
9 3 8 0 0.0000000
9 3 8 1 0.0000000
9 3 8 2 -0.0000534
9 3 8 3 0.0000000
9 3 8 4 0.0000000
9 3 8 5 -0.0000602
9 3 8 6 0.0000000
9 3 8 7 0.0000000
9 3 8 8 0.0013552
9 3 9 0 -0.0000641
9 3 9 1 0.0030709
9 3 9 2 -0.0000000
9 3 9 3 0.0025798
9 3 9 4 0.0001489
9 3 9 5 0.0000000
9 3 9 6 0.0075722
9 3 9 7 -0.0005951
9 3 9 8 -0.0000000
9 3 9 9 0.0451843
9 4 0 0 -0.0008073
9 4 1 0 0.0000517
9 4 1 1 -0.0000520
9 4 2 0 -0.0000000
9 4 2 1 -0.0000000
9 4 2 2 -0.0001744
9 4 3 0 -0.0000218
9 4 3 1 0.0000632
9 4 3 2 0.0000000
9 4 3 3 -0.0001679
9 4 4 0 0.0000136
9 4 4 1 0.0000013
9 4 4 2 0.0000000
9 4 4 3 0.0001017
9 4 4 4 -0.0002026
9 4 5 0 -0.0000000
9 4 5 1 -0.0000000
9 4 5 2 -0.0001318
9 4 5 3 0.0000000
9 4 5 4 -0.0000000
9 4 5 5 -0.0002113
9 4 6 0 -0.0000394
9 4 6 1 0.0002880
9 4 6 2 -0.0000000
9 4 6 3 0.0002641
9 4 6 4 -0.0000479
9 4 6 5 0.0000000
9 4 6 6 0.0002172
9 4 7 0 0.0000203
9 4 7 1 -0.0000006
9 4 7 2 0.0000000
9 4 7 3 -0.0000973
9 4 7 4 0.0001495
9 4 7 5 0.0000000
9 4 7 6 -0.0000748
9 4 7 7 0.0001955
9 4 8 0 -0.0000000
9 4 8 1 -0.0000000
9 4 8 2 -0.0000940
9 4 8 3 -0.0000000
9 4 8 4 0.0000000
9 4 8 5 -0.0000765
9 4 8 6 -0.0000000
9 4 8 7 0.0000000
9 4 8 8 0.0006234
9 4 9 0 -0.0000079
9 4 9 1 0.0001803
9 4 9 2 -0.0000000
9 4 9 3 0.0001489
9 4 9 4 0.0000241
9 4 9 5 0.0000000
9 4 9 6 0.0005445
9 4 9 7 0.0002001
9 4 9 8 0.0000000
9 4 9 9 0.0069096
9 5 0 0 -0.0000000
9 5 1 0 0.0000000
9 5 1 1 -0.0000000
9 5 2 0 0.0000724
9 5 2 1 0.0004500
9 5 2 2 -0.0000000
9 5 3 0 -0.0000000
9 5 3 1 -0.0000000
9 5 3 2 -0.0002381
9 5 3 3 -0.0000000
9 5 4 0 0.0000000
9 5 4 1 -0.0000000
9 5 4 2 -0.0002643
9 5 4 3 0.0000000
9 5 4 4 -0.0000000
9 5 5 0 0.0001571
9 5 5 1 0.0006330
9 5 5 2 -0.0000000
9 5 5 3 -0.0000266
9 5 5 4 0.0003458
9 5 5 5 -0.0000000
9 5 6 0 -0.0000000
9 5 6 1 -0.0000000
9 5 6 2 -0.0002909
9 5 6 3 -0.0000000
9 5 6 4 -0.0000000
9 5 6 5 -0.0004531
9 5 6 6 -0.0000000
9 5 7 0 0.0000000
9 5 7 1 -0.0000000
9 5 7 2 -0.0001831
9 5 7 3 -0.0000000
9 5 7 4 0.0000000
9 5 7 5 -0.0000158
9 5 7 6 -0.0000000
9 5 7 7 0.0000000
9 5 8 0 0.0000036
9 5 8 1 0.0006003
9 5 8 2 -0.0000000
9 5 8 3 0.0003400
9 5 8 4 -0.0000048
9 5 8 5 -0.0000000
9 5 8 6 0.0007051
9 5 8 7 -0.0000285
9 5 8 8 0.0000000
9 5 9 0 -0.0000000
9 5 9 1 0.0000000
9 5 9 2 0.0001721
9 5 9 3 0.0000000
9 5 9 4 0.0000000
9 5 9 5 0.0001496
9 5 9 6 0.0000000
9 5 9 7 0.0000000
9 5 9 8 -0.0013730
9 5 9 9 0.0000000
9 6 0 0 -0.0033022
9 6 1 0 -0.0000895
9 6 1 1 -0.0044171
9 6 2 0 0.0000000
9 6 2 1 0.0000000
9 6 2 2 -0.0009354
9 6 3 0 -0.0001110
9 6 3 1 -0.0017928
9 6 3 2 0.0000000
9 6 3 3 -0.0026341
9 6 4 0 0.0001270
9 6 4 1 -0.0001684
9 6 4 2 0.0000000
9 6 4 3 0.0002281
9 6 4 4 -0.0008224
9 6 5 0 0.0000000
9 6 5 1 -0.0000000
9 6 5 2 -0.0006904
9 6 5 3 -0.0000000
9 6 5 4 0.0000000
9 6 5 5 -0.0016842
9 6 6 0 0.0001483
9 6 6 1 -0.0011876
9 6 6 2 0.0000000
9 6 6 3 -0.0011169
9 6 6 4 -0.0000690
9 6 6 5 -0.0000000
9 6 6 6 -0.0049879
9 6 7 0 -0.0000215
9 6 7 1 -0.0001218
9 6 7 2 0.0000000
9 6 7 3 -0.0004666
9 6 7 4 0.0003140
9 6 7 5 -0.0000000
9 6 7 6 -0.0006994
9 6 7 7 0.0033674
9 6 8 0 -0.0000000
9 6 8 1 -0.0000000
9 6 8 2 -0.0008672
9 6 8 3 -0.0000000
9 6 8 4 0.0000000
9 6 8 5 -0.0008637
9 6 8 6 0.0000000
9 6 8 7 0.0000000
9 6 8 8 0.0065381
9 6 9 0 -0.0002076
9 6 9 1 0.0093028
9 6 9 2 -0.0000000
9 6 9 3 0.0075722
9 6 9 4 0.0005445
9 6 9 5 0.0000000
9 6 9 6 0.0233205
9 6 9 7 0.0009197
9 6 9 8 0.0000000
9 6 9 9 0.1528901
9 7 0 0 0.0009801
9 7 1 0 -0.0001038
9 7 1 1 -0.0007396
9 7 2 0 0.0000000
9 7 2 1 0.0000000
9 7 2 2 0.0007253
9 7 3 0 0.0000275
9 7 3 1 0.0001519
9 7 3 2 -0.0000000
9 7 3 3 0.0004109
9 7 4 0 0.0000179
9 7 4 1 -0.0001314
9 7 4 2 0.0000000
9 7 4 3 0.0001264
9 7 4 4 0.0009207
9 7 5 0 0.0000000
9 7 5 1 -0.0000000
9 7 5 2 -0.0003219
9 7 5 3 -0.0000000
9 7 5 4 0.0000000
9 7 5 5 0.0004340
9 7 6 0 0.0000590
9 7 6 1 -0.0001248
9 7 6 2 0.0000000
9 7 6 3 -0.0001057
9 7 6 4 -0.0000408
9 7 6 5 -0.0000000
9 7 6 6 0.0001646
9 7 7 0 -0.0000504
9 7 7 1 -0.0011859
9 7 7 2 0.0000000
9 7 7 3 -0.0006451
9 7 7 4 -0.0001991
9 7 7 5 -0.0000000
9 7 7 6 -0.0020665
9 7 7 7 0.0001771
9 7 8 0 -0.0000000
9 7 8 1 0.0000000
9 7 8 2 0.0000013
9 7 8 3 -0.0000000
9 7 8 4 0.0000000
9 7 8 5 -0.0001151
9 7 8 6 0.0000000
9 7 8 7 -0.0000000
9 7 8 8 -0.0000619
9 7 9 0 0.0000201
9 7 9 1 0.0007801
9 7 9 2 -0.0000000
9 7 9 3 -0.0005951
9 7 9 4 0.0002001
9 7 9 5 0.0000000
9 7 9 6 0.0009197
9 7 9 7 0.0091562
9 7 9 8 -0.0000000
9 7 9 9 0.0149404
9 8 0 0 0.0000000
9 8 1 0 0.0000000
9 8 1 1 0.0000000
9 8 2 0 0.0000752
9 8 2 1 0.0012510
9 8 2 2 -0.0000000
9 8 3 0 0.0000000
9 8 3 1 0.0000000
9 8 3 2 -0.0004245
9 8 3 3 -0.0000000
9 8 4 0 -0.0000000
9 8 4 1 -0.0000000
9 8 4 2 -0.0010922
9 8 4 3 -0.0000000
9 8 4 4 -0.0000000
9 8 5 0 0.0001850
9 8 5 1 0.0011457
9 8 5 2 -0.0000000
9 8 5 3 0.0002595
9 8 5 4 0.0010345
9 8 5 5 0.0000000
9 8 6 0 -0.0000000
9 8 6 1 -0.0000000
9 8 6 2 0.0000814
9 8 6 3 -0.0000000
9 8 6 4 -0.0000000
9 8 6 5 -0.0002950
9 8 6 6 0.0000000
9 8 7 0 -0.0000000
9 8 7 1 -0.0000000
9 8 7 2 -0.0005029
9 8 7 3 -0.0000000
9 8 7 4 0.0000000
9 8 7 5 -0.0000339
9 8 7 6 -0.0000000
9 8 7 7 0.0000000
9 8 8 0 -0.0000000
9 8 8 1 -0.0010289
9 8 8 2 0.0000000
9 8 8 3 -0.0009465
9 8 8 4 -0.0002621
9 8 8 5 -0.0000000
9 8 8 6 -0.0030379
9 8 8 7 -0.0004312
9 8 8 8 0.0000000
9 8 9 0 -0.0000000
9 8 9 1 -0.0000000
9 8 9 2 -0.0016601
9 8 9 3 -0.0000000
9 8 9 4 0.0000000
9 8 9 5 -0.0013730
9 8 9 6 0.0000000
9 8 9 7 -0.0000000
9 8 9 8 0.0145315
9 8 9 9 0.0000000
9 9 0 0 0.3430181
9 9 1 0 0.0034196
9 9 1 1 0.5199261
9 9 2 0 -0.0000000
9 9 2 1 -0.0000000
9 9 2 2 0.2719409
9 9 3 0 0.0044468
9 9 3 1 0.1352042
9 9 3 2 -0.0000000
9 9 3 3 0.3666943
9 9 4 0 -0.0049469
9 9 4 1 0.0046001
9 9 4 2 -0.0000000
9 9 4 3 -0.0077466
9 9 4 4 0.2415111
9 9 5 0 -0.0000000
9 9 5 1 0.0000000
9 9 5 2 0.0508878
9 9 5 3 0.0000000
9 9 5 4 -0.0000000
9 9 5 5 0.3003044
9 9 6 0 -0.0076418
9 9 6 1 0.1934141
9 9 6 2 -0.0000000
9 9 6 3 0.1597114
9 9 6 4 0.0024535
9 9 6 5 0.0000000
9 9 6 6 0.7481581
9 9 7 0 0.0020462
9 9 7 1 0.0115174
9 9 7 2 0.0000000
9 9 7 3 -0.0478211
9 9 7 4 -0.0026439
9 9 7 5 0.0000000
9 9 7 6 0.0086295
9 9 7 7 0.6182418
9 9 8 0 -0.0000000
9 9 8 1 -0.0000000
9 9 8 2 -0.0481090
9 9 8 3 -0.0000000
9 9 8 4 0.0000000
9 9 8 5 -0.0313508
9 9 8 6 0.0000000
9 9 8 7 -0.0000000
9 9 8 8 0.8416887
9 9 9 0 -0.0031116
9 9 9 1 0.0408047
9 9 9 2 -0.0000000
9 9 9 3 0.0451843
9 9 9 4 0.0069096
9 9 9 5 0.0000000
9 9 9 6 0.1528901
9 9 9 7 0.0149404
9 9 9 8 0.0000000
9 9 9 9 3.4993864
10 0 0 0 -0.0247533
10 0 1 0 0.0011541
10 0 1 1 -0.0035277
10 0 2 0 -0.0000000
10 0 2 1 0.0000000
10 0 2 2 -0.0001730
10 0 3 0 -0.0000119
10 0 3 1 0.0015610
10 0 3 2 -0.0000000
10 0 3 3 -0.0018095
10 0 4 0 0.0031955
10 0 4 1 -0.0007056
10 0 4 2 0.0000000
10 0 4 3 0.0009792
10 0 4 4 0.0000097
10 0 5 0 0.0000000
10 0 5 1 -0.0000000
10 0 5 2 -0.0009257
10 0 5 3 -0.0000000
10 0 5 4 0.0000000
10 0 5 5 -0.0017808
10 0 6 0 -0.0012571
10 0 6 1 0.0021339
10 0 6 2 -0.0000000
10 0 6 3 -0.0004570
10 0 6 4 0.0000675
10 0 6 5 0.0000000
10 0 6 6 -0.0012507
10 0 7 0 -0.0027184
10 0 7 1 -0.0005658
10 0 7 2 0.0000000
10 0 7 3 0.0002971
10 0 7 4 -0.0006773
10 0 7 5 -0.0000000
10 0 7 6 0.0005694
10 0 7 7 0.0013608
10 0 8 0 -0.0000000
10 0 8 1 -0.0000000
10 0 8 2 -0.0001505
10 0 8 3 -0.0000000
10 0 8 4 0.0000000
10 0 8 5 -0.0002072
10 0 8 6 0.0000000
10 0 8 7 -0.0000000
10 0 8 8 0.0007608
10 0 9 0 -0.0000357
10 0 9 1 -0.0000592
10 0 9 2 0.0000000
10 0 9 3 0.0000034
10 0 9 4 0.0000000
10 0 9 5 0.0000000
10 0 9 6 0.0000275
10 0 9 7 0.0000134
10 0 9 8 -0.0000000
10 0 9 9 0.0010081
10 0 10 0 0.0006750
10 0 10 1 0.0005555
10 0 10 2 -0.0000000
10 0 10 3 -0.0000193
10 0 10 4 0.0001505
10 0 10 5 0.0000000
10 0 10 6 -0.0000056
10 0 10 7 0.0000525
10 0 10 8 -0.0000000
10 0 10 9 0.0000224
10 0 10 10 0.0012465
10 1 0 0 -0.0349131
10 1 1 0 -0.0014639
10 1 1 1 -0.0385551
10 1 2 0 0.0000000
10 1 2 1 0.0000000
10 1 2 2 -0.0146048
10 1 3 0 0.0007994
10 1 3 1 0.0028943
10 1 3 2 -0.0000000
10 1 3 3 -0.0248331
10 1 4 0 0.0009158
10 1 4 1 -0.0022908
10 1 4 2 -0.0000000
10 1 4 3 0.0055893
10 1 4 4 -0.0127131
10 1 5 0 0.0000000
10 1 5 1 -0.0000000
10 1 5 2 -0.0090933
10 1 5 3 0.0000000
10 1 5 4 0.0000000
10 1 5 5 -0.0234310
10 1 6 0 0.0009056
10 1 6 1 0.0109099
10 1 6 2 -0.0000000
10 1 6 3 -0.0007326
10 1 6 4 -0.0008544
10 1 6 5 -0.0000000
10 1 6 6 -0.0216062
10 1 7 0 -0.0011145
10 1 7 1 -0.0000595
10 1 7 2 -0.0000000
10 1 7 3 0.0021217
10 1 7 4 0.0016788
10 1 7 5 0.0000000
10 1 7 6 0.0051491
10 1 7 7 -0.0017083
10 1 8 0 -0.0000000
10 1 8 1 -0.0000000
10 1 8 2 -0.0036018
10 1 8 3 -0.0000000
10 1 8 4 0.0000000
10 1 8 5 -0.0044079
10 1 8 6 0.0000000
10 1 8 7 -0.0000000
10 1 8 8 0.0061954
10 1 9 0 -0.0001224
10 1 9 1 -0.0001476
10 1 9 2 -0.0000000
10 1 9 3 0.0007928
10 1 9 4 0.0001936
10 1 9 5 0.0000000
10 1 9 6 0.0037389
10 1 9 7 0.0002443
10 1 9 8 -0.0000000
10 1 9 9 0.0316501
10 1 10 0 0.0005555
10 1 10 1 0.0206751
10 1 10 2 -0.0000000
10 1 10 3 0.0098476
10 1 10 4 -0.0007663
10 1 10 5 0.0000000
10 1 10 6 0.0235784
10 1 10 7 -0.0003046
10 1 10 8 -0.0000000
10 1 10 9 -0.0005075
10 1 10 10 0.0461074
10 2 0 0 0.0000000
10 2 1 0 0.0000000
10 2 1 1 0.0000000
10 2 2 0 0.0007566
10 2 2 1 0.0044169
10 2 2 2 0.0000000
10 2 3 0 -0.0000000
10 2 3 1 -0.0000000
10 2 3 2 -0.0065374
10 2 3 3 0.0000000
10 2 4 0 -0.0000000
10 2 4 1 -0.0000000
10 2 4 2 -0.0098179
10 2 4 3 -0.0000000
10 2 4 4 0.0000000
10 2 5 0 0.0018396
10 2 5 1 0.0021311
10 2 5 2 0.0000000
10 2 5 3 0.0022059
10 2 5 4 0.0111853
10 2 5 5 0.0000000
10 2 6 0 -0.0000000
10 2 6 1 -0.0000000
10 2 6 2 -0.0010136
10 2 6 3 -0.0000000
10 2 6 4 -0.0000000
10 2 6 5 -0.0029063
10 2 6 6 0.0000000
10 2 7 0 0.0000000
10 2 7 1 -0.0000000
10 2 7 2 -0.0074171
10 2 7 3 -0.0000000
10 2 7 4 -0.0000000
10 2 7 5 -0.0009615
10 2 7 6 -0.0000000
10 2 7 7 0.0000000
10 2 8 0 -0.0000209
10 2 8 1 0.0019044
10 2 8 2 0.0000000
10 2 8 3 0.0012741
10 2 8 4 -0.0002445
10 2 8 5 0.0000000
10 2 8 6 0.0033933
10 2 8 7 -0.0001670
10 2 8 8 -0.0000000
10 2 9 0 0.0000000
10 2 9 1 0.0000000
10 2 9 2 0.0000529
10 2 9 3 -0.0000000
10 2 9 4 -0.0000000
10 2 9 5 0.0000752
10 2 9 6 -0.0000000
10 2 9 7 -0.0000000
10 2 9 8 -0.0000969
10 2 9 9 -0.0000000
10 2 10 0 -0.0000000
10 2 10 1 -0.0000000
10 2 10 2 0.0028088
10 2 10 3 -0.0000000
10 2 10 4 0.0000000
10 2 10 5 0.0010551
10 2 10 6 -0.0000000
10 2 10 7 0.0000000
10 2 10 8 -0.0113306
10 2 10 9 0.0000000
10 2 10 10 -0.0000000
10 3 0 0 -0.0024949
10 3 1 0 0.0003433
10 3 1 1 -0.0069748
10 3 2 0 -0.0000000
10 3 2 1 -0.0000000
10 3 2 2 -0.0097907
10 3 3 0 0.0006662
10 3 3 1 -0.0013967
10 3 3 2 -0.0000000
10 3 3 3 -0.0079769
10 3 4 0 -0.0006026
10 3 4 1 0.0008751
10 3 4 2 -0.0000000
10 3 4 3 0.0010408
10 3 4 4 -0.0109078
10 3 5 0 -0.0000000
10 3 5 1 0.0000000
10 3 5 2 0.0018017
10 3 5 3 0.0000000
10 3 5 4 0.0000000
10 3 5 5 -0.0075768
10 3 6 0 -0.0008140
10 3 6 1 -0.0027071
10 3 6 2 0.0000000
10 3 6 3 -0.0005068
10 3 6 4 -0.0016834
10 3 6 5 -0.0000000
10 3 6 6 -0.0066190
10 3 7 0 0.0001670
10 3 7 1 0.0021944
10 3 7 2 -0.0000000
10 3 7 3 -0.0035411
10 3 7 4 0.0006477
10 3 7 5 0.0000000
10 3 7 6 0.0059637
10 3 7 7 -0.0018341
10 3 8 0 -0.0000000
10 3 8 1 -0.0000000
10 3 8 2 -0.0010887
10 3 8 3 -0.0000000
10 3 8 4 0.0000000
10 3 8 5 -0.0012706
10 3 8 6 0.0000000
10 3 8 7 -0.0000000
10 3 8 8 0.0001726
10 3 9 0 -0.0000325
10 3 9 1 0.0003216
10 3 9 2 -0.0000000
10 3 9 3 0.0005562
10 3 9 4 0.0000987
10 3 9 5 0.0000000
10 3 9 6 0.0022403
10 3 9 7 -0.0001097
10 3 9 8 -0.0000000
10 3 9 9 0.0122353
10 3 10 0 -0.0000193
10 3 10 1 0.0098476
10 3 10 2 -0.0000000
10 3 10 3 0.0078981
10 3 10 4 -0.0004206
10 3 10 5 0.0000000
10 3 10 6 0.0144644
10 3 10 7 -0.0081352
10 3 10 8 -0.0000000
10 3 10 9 -0.0007819
10 3 10 10 0.0194185
10 4 0 0 0.0299261
10 4 1 0 -0.0017264
10 4 1 1 0.0065939
10 4 2 0 0.0000000
10 4 2 1 -0.0000000
10 4 2 2 0.0027113
10 4 3 0 0.0005062
10 4 3 1 -0.0000484
10 4 3 2 -0.0000000
10 4 3 3 0.0096056
10 4 4 0 -0.0001546
10 4 4 1 0.0012825
10 4 4 2 -0.0000000
10 4 4 3 -0.0055471
10 4 4 4 0.0037846
10 4 5 0 0.0000000
10 4 5 1 0.0000000
10 4 5 2 0.0075641
10 4 5 3 -0.0000000
10 4 5 4 0.0000000
10 4 5 5 0.0067465
10 4 6 0 0.0013744
10 4 6 1 -0.0034638
10 4 6 2 0.0000000
10 4 6 3 -0.0042353
10 4 6 4 0.0017234
10 4 6 5 0.0000000
10 4 6 6 0.0073547
10 4 7 0 -0.0009375
10 4 7 1 -0.0000413
10 4 7 2 0.0000000
10 4 7 3 0.0001710
10 4 7 4 -0.0063893
10 4 7 5 -0.0000000
10 4 7 6 0.0000566
10 4 7 7 0.0082289
10 4 8 0 0.0000000
10 4 8 1 0.0000000
10 4 8 2 0.0003585
10 4 8 3 -0.0000000
10 4 8 4 -0.0000000
10 4 8 5 0.0005934
10 4 8 6 -0.0000000
10 4 8 7 -0.0000000
10 4 8 8 0.0003411
10 4 9 0 0.0000207
10 4 9 1 0.0001068
10 4 9 2 -0.0000000
10 4 9 3 0.0000346
10 4 9 4 -0.0000377
10 4 9 5 -0.0000000
10 4 9 6 -0.0000386
10 4 9 7 0.0000435
10 4 9 8 0.0000000
10 4 9 9 -0.0000149
10 4 10 0 0.0001505
10 4 10 1 -0.0007663
10 4 10 2 0.0000000
10 4 10 3 -0.0004206
10 4 10 4 0.0014884
10 4 10 5 -0.0000000
10 4 10 6 -0.0007574
10 4 10 7 -0.0009961
10 4 10 8 0.0000000
10 4 10 9 0.0000346
10 4 10 10 -0.0001432
10 5 0 0 -0.0000000
10 5 1 0 -0.0000000
10 5 1 1 -0.0000000
10 5 2 0 0.0004880
10 5 2 1 -0.0006968
10 5 2 2 -0.0000000
10 5 3 0 -0.0000000
10 5 3 1 -0.0000000
10 5 3 2 0.0016120
10 5 3 3 -0.0000000
10 5 4 0 0.0000000
10 5 4 1 0.0000000
10 5 4 2 0.0040773
10 5 4 3 -0.0000000
10 5 4 4 -0.0000000
10 5 5 0 0.0007262
10 5 5 1 -0.0005251
10 5 5 2 0.0000000
10 5 5 3 -0.0005839
10 5 5 4 -0.0021987
10 5 5 5 -0.0000000
10 5 6 0 0.0000000
10 5 6 1 -0.0000000
10 5 6 2 -0.0005306
10 5 6 3 -0.0000000
10 5 6 4 0.0000000
10 5 6 5 0.0002501
10 5 6 6 -0.0000000
10 5 7 0 -0.0000000
10 5 7 1 0.0000000
10 5 7 2 -0.0005243
10 5 7 3 0.0000000
10 5 7 4 -0.0000000
10 5 7 5 -0.0023557
10 5 7 6 0.0000000
10 5 7 7 -0.0000000
10 5 8 0 -0.0000294
10 5 8 1 0.0000031
10 5 8 2 -0.0000000
10 5 8 3 0.0004894
10 5 8 4 0.0001513
10 5 8 5 -0.0000000
10 5 8 6 0.0018048
10 5 8 7 0.0002757
10 5 8 8 -0.0000000
10 5 9 0 -0.0000000
10 5 9 1 0.0000000
10 5 9 2 0.0000303
10 5 9 3 0.0000000
10 5 9 4 0.0000000
10 5 9 5 0.0000008
10 5 9 6 0.0000000
10 5 9 7 0.0000000
10 5 9 8 -0.0002050
10 5 9 9 0.0000000
10 5 10 0 0.0000000
10 5 10 1 0.0000000
10 5 10 2 0.0010551
10 5 10 3 0.0000000
10 5 10 4 -0.0000000
10 5 10 5 0.0013865
10 5 10 6 0.0000000
10 5 10 7 -0.0000000
10 5 10 8 -0.0080276
10 5 10 9 -0.0000000
10 5 10 10 0.0000000
10 6 0 0 -0.0218489
10 6 1 0 0.0001630
10 6 1 1 -0.0294020
10 6 2 0 0.0000000
10 6 2 1 0.0000000
10 6 2 2 -0.0136491
10 6 3 0 -0.0018771
10 6 3 1 -0.0111712
10 6 3 2 0.0000000
10 6 3 3 -0.0173047
10 6 4 0 0.0007651
10 6 4 1 -0.0000137
10 6 4 2 0.0000000
10 6 4 3 -0.0021098
10 6 4 4 -0.0097264
10 6 5 0 0.0000000
10 6 5 1 -0.0000000
10 6 5 2 -0.0046128
10 6 5 3 -0.0000000
10 6 5 4 0.0000000
10 6 5 5 -0.0162535
10 6 6 0 0.0012638
10 6 6 1 -0.0028781
10 6 6 2 0.0000000
10 6 6 3 -0.0037861
10 6 6 4 0.0013286
10 6 6 5 -0.0000000
10 6 6 6 -0.0319979
10 6 7 0 0.0004999
10 6 7 1 0.0045495
10 6 7 2 -0.0000000
10 6 7 3 0.0049719
10 6 7 4 0.0010214
10 6 7 5 0.0000000
10 6 7 6 0.0006079
10 6 7 7 -0.0146288
10 6 8 0 0.0000000
10 6 8 1 -0.0000000
10 6 8 2 -0.0018109
10 6 8 3 -0.0000000
10 6 8 4 0.0000000
10 6 8 5 -0.0027175
10 6 8 6 0.0000000
10 6 8 7 -0.0000000
10 6 8 8 -0.0159425
10 6 9 0 -0.0000904
10 6 9 1 0.0012907
10 6 9 2 -0.0000000
10 6 9 3 0.0016551
10 6 9 4 0.0002392
10 6 9 5 0.0000000
10 6 9 6 0.0063978
10 6 9 7 0.0000015
10 6 9 8 0.0000000
10 6 9 9 0.0197375
10 6 10 0 -0.0000056
10 6 10 1 0.0235784
10 6 10 2 -0.0000000
10 6 10 3 0.0144644
10 6 10 4 -0.0007574
10 6 10 5 0.0000000
10 6 10 6 0.0372268
10 6 10 7 -0.0084235
10 6 10 8 0.0000000
10 6 10 9 -0.0015616
10 6 10 10 0.0397814
10 7 0 0 -0.0552358
10 7 1 0 0.0031995
10 7 1 1 0.0049660
10 7 2 0 -0.0000000
10 7 2 1 -0.0000000
10 7 2 2 -0.0317116
10 7 3 0 -0.0014232
10 7 3 1 0.0069679
10 7 3 2 -0.0000000
10 7 3 3 -0.0215600
10 7 4 0 -0.0004800
10 7 4 1 0.0000419
10 7 4 2 -0.0000000
10 7 4 3 0.0002997
10 7 4 4 -0.0349105
10 7 5 0 -0.0000000
10 7 5 1 0.0000000
10 7 5 2 0.0002171
10 7 5 3 0.0000000
10 7 5 4 -0.0000000
10 7 5 5 -0.0286926
10 7 6 0 -0.0021611
10 7 6 1 0.0199010
10 7 6 2 -0.0000000
10 7 6 3 0.0232722
10 7 6 4 -0.0010673
10 7 6 5 0.0000000
10 7 6 6 0.0095978
10 7 7 0 0.0024794
10 7 7 1 -0.0049832
10 7 7 2 0.0000000
10 7 7 3 -0.0112089
10 7 7 4 0.0072908
10 7 7 5 -0.0000000
10 7 7 6 -0.0256721
10 7 7 7 -0.0054843
10 7 8 0 -0.0000000
10 7 8 1 -0.0000000
10 7 8 2 -0.0044550
10 7 8 3 -0.0000000
10 7 8 4 0.0000000
10 7 8 5 -0.0020489
10 7 8 6 0.0000000
10 7 8 7 -0.0000000
10 7 8 8 0.0340599
10 7 9 0 -0.0000887
10 7 9 1 0.0001402
10 7 9 2 -0.0000000
10 7 9 3 -0.0000512
10 7 9 4 0.0001874
10 7 9 5 0.0000000
10 7 9 6 0.0013618
10 7 9 7 0.0002962
10 7 9 8 0.0000000
10 7 9 9 0.0632170
10 7 10 0 0.0000525
10 7 10 1 -0.0003046
10 7 10 2 0.0000000
10 7 10 3 -0.0081352
10 7 10 4 -0.0009961
10 7 10 5 -0.0000000
10 7 10 6 -0.0084235
10 7 10 7 0.0750982
10 7 10 8 -0.0000000
10 7 10 9 0.0038249
10 7 10 10 0.0676331
10 8 0 0 -0.0000000
10 8 1 0 -0.0000000
10 8 1 1 -0.0000000
10 8 2 0 -0.0007355
10 8 2 1 -0.0087850
10 8 2 2 0.0000000
10 8 3 0 -0.0000000
10 8 3 1 0.0000000
10 8 3 2 0.0043634
10 8 3 3 0.0000000
10 8 4 0 0.0000000
10 8 4 1 0.0000000
10 8 4 2 0.0079561
10 8 4 3 0.0000000
10 8 4 4 0.0000000
10 8 5 0 -0.0016583
10 8 5 1 -0.0102261
10 8 5 2 0.0000000
10 8 5 3 -0.0016194
10 8 5 4 -0.0073829
10 8 5 5 0.0000000
10 8 6 0 0.0000000
10 8 6 1 0.0000000
10 8 6 2 0.0053313
10 8 6 3 0.0000000
10 8 6 4 0.0000000
10 8 6 5 0.0063550
10 8 6 6 -0.0000000
10 8 7 0 0.0000000
10 8 7 1 0.0000000
10 8 7 2 0.0040198
10 8 7 3 0.0000000
10 8 7 4 -0.0000000
10 8 7 5 0.0008313
10 8 7 6 -0.0000000
10 8 7 7 -0.0000000
10 8 8 0 0.0004311
10 8 8 1 -0.0197374
10 8 8 2 0.0000000
10 8 8 3 -0.0145179
10 8 8 4 0.0003038
10 8 8 5 -0.0000000
10 8 8 6 -0.0392972
10 8 8 7 0.0012063
10 8 8 8 -0.0000000
10 8 9 0 -0.0000000
10 8 9 1 -0.0000000
10 8 9 2 -0.0006163
10 8 9 3 -0.0000000
10 8 9 4 0.0000000
10 8 9 5 -0.0006098
10 8 9 6 0.0000000
10 8 9 7 -0.0000000
10 8 9 8 -0.0000316
10 8 9 9 0.0000000
10 8 10 0 -0.0000000
10 8 10 1 -0.0000000
10 8 10 2 -0.0113306
10 8 10 3 -0.0000000
10 8 10 4 0.0000000
10 8 10 5 -0.0080276
10 8 10 6 0.0000000
10 8 10 7 -0.0000000
10 8 10 8 0.1090359
10 8 10 9 -0.0000000
10 8 10 10 0.0000000
10 9 0 0 0.0124984
10 9 1 0 0.0001773
10 9 1 1 0.0263203
10 9 2 0 -0.0000000
10 9 2 1 -0.0000000
10 9 2 2 0.0079819
10 9 3 0 0.0003516
10 9 3 1 0.0115341
10 9 3 2 -0.0000000
10 9 3 3 0.0158833
10 9 4 0 -0.0003282
10 9 4 1 0.0003870
10 9 4 2 -0.0000000
10 9 4 3 -0.0001948
10 9 4 4 0.0062069
10 9 5 0 -0.0000000
10 9 5 1 0.0000000
10 9 5 2 0.0029576
10 9 5 3 0.0000000
10 9 5 4 -0.0000000
10 9 5 5 0.0097070
10 9 6 0 -0.0005958
10 9 6 1 0.0179443
10 9 6 2 -0.0000000
10 9 6 3 0.0141289
10 9 6 4 0.0003738
10 9 6 5 0.0000000
10 9 6 6 0.0502793
10 9 7 0 0.0001095
10 9 7 1 0.0010220
10 9 7 2 -0.0000000
10 9 7 3 -0.0031563
10 9 7 4 -0.0000821
10 9 7 5 0.0000000
10 9 7 6 0.0010470
10 9 7 7 0.0335518
10 9 8 0 -0.0000000
10 9 8 1 -0.0000000
10 9 8 2 -0.0038900
10 9 8 3 -0.0000000
10 9 8 4 0.0000000
10 9 8 5 -0.0025547
10 9 8 6 0.0000000
10 9 8 7 -0.0000000
10 9 8 8 0.0496115
10 9 9 0 -0.0003109
10 9 9 1 0.0068107
10 9 9 2 -0.0000000
10 9 9 3 0.0061097
10 9 9 4 0.0007468
10 9 9 5 0.0000000
10 9 9 6 0.0202006
10 9 9 7 0.0036630
10 9 9 8 0.0000000
10 9 9 9 0.3648283
10 9 10 0 0.0000224
10 9 10 1 -0.0005075
10 9 10 2 0.0000000
10 9 10 3 -0.0007819
10 9 10 4 0.0000346
10 9 10 5 -0.0000000
10 9 10 6 -0.0015616
10 9 10 7 0.0038249
10 9 10 8 -0.0000000
10 9 10 9 0.0530068
10 9 10 10 0.0389063
10 10 0 0 0.2902106
10 10 1 0 0.0021550
10 10 1 1 0.3857814
10 10 2 0 -0.0000000
10 10 2 1 -0.0000000
10 10 2 2 0.2369429
10 10 3 0 0.0026045
10 10 3 1 0.0709073
10 10 3 2 -0.0000000
10 10 3 3 0.2892638
10 10 4 0 -0.0031946
10 10 4 1 0.0026742
10 10 4 2 -0.0000000
10 10 4 3 -0.0082806
10 10 4 4 0.2156428
10 10 5 0 -0.0000000
10 10 5 1 0.0000000
10 10 5 2 0.0371922
10 10 5 3 0.0000000
10 10 5 4 -0.0000000
10 10 5 5 0.2568891
10 10 6 0 -0.0040430
10 10 6 1 0.0938587
10 10 6 2 -0.0000000
10 10 6 3 0.0819083
10 10 6 4 0.0002153
10 10 6 5 0.0000000
10 10 6 6 0.4811614
10 10 7 0 0.0014361
10 10 7 1 0.0024036
10 10 7 2 0.0000000
10 10 7 3 -0.0366668
10 10 7 4 -0.0037978
10 10 7 5 -0.0000000
10 10 7 6 -0.0094522
10 10 7 7 0.4644438
10 10 8 0 -0.0000000
10 10 8 1 -0.0000000
10 10 8 2 -0.0308533
10 10 8 3 -0.0000000
10 10 8 4 0.0000000
10 10 8 5 -0.0204045
10 10 8 6 0.0000000
10 10 8 7 -0.0000000
10 10 8 8 0.6110812
10 10 9 0 -0.0005749
10 10 9 1 -0.0006428
10 10 9 2 -0.0000000
10 10 9 3 0.0026662
10 10 9 4 0.0010416
10 10 9 5 0.0000000
10 10 9 6 0.0138122
10 10 9 7 0.0004448
10 10 9 8 0.0000000
10 10 9 9 0.8412170
10 10 10 0 0.0012465
10 10 10 1 0.0461074
10 10 10 2 -0.0000000
10 10 10 3 0.0194185
10 10 10 4 -0.0001432
10 10 10 5 0.0000000
10 10 10 6 0.0397814
10 10 10 7 0.0676331
10 10 10 8 0.0000000
10 10 10 9 0.0389063
10 10 10 10 0.7072844
11 0 0 0 -0.0800701
11 0 1 0 0.0038993
11 0 1 1 -0.0098187
11 0 2 0 -0.0000000
11 0 2 1 0.0000000
11 0 2 2 0.0037659
11 0 3 0 0.0006704
11 0 3 1 0.0052251
11 0 3 2 -0.0000000
11 0 3 3 -0.0019713
11 0 4 0 0.0123074
11 0 4 1 -0.0023977
11 0 4 2 0.0000000
11 0 4 3 0.0028247
11 0 4 4 0.0045042
11 0 5 0 0.0000000
11 0 5 1 -0.0000000
11 0 5 2 -0.0013291
11 0 5 3 -0.0000000
11 0 5 4 0.0000000
11 0 5 5 -0.0005738
11 0 6 0 -0.0048129
11 0 6 1 0.0044508
11 0 6 2 -0.0000000
11 0 6 3 -0.0046210
11 0 6 4 0.0004818
11 0 6 5 -0.0000000
11 0 6 6 -0.0023695
11 0 7 0 -0.0111724
11 0 7 1 -0.0022249
11 0 7 2 0.0000000
11 0 7 3 0.0011960
11 0 7 4 -0.0042252
11 0 7 5 -0.0000000
11 0 7 6 0.0029562
11 0 7 7 0.0067586
11 0 8 0 0.0000000
11 0 8 1 0.0000000
11 0 8 2 0.0000907
11 0 8 3 0.0000000
11 0 8 4 0.0000000
11 0 8 5 -0.0001810
11 0 8 6 0.0000000
11 0 8 7 -0.0000000
11 0 8 8 -0.0007559
11 0 9 0 -0.0001203
11 0 9 1 -0.0001000
11 0 9 2 0.0000000
11 0 9 3 0.0000475
11 0 9 4 -0.0000181
11 0 9 5 0.0000000
11 0 9 6 0.0000523
11 0 9 7 0.0000496
11 0 9 8 0.0000000
11 0 9 9 -0.0006610
11 0 10 0 0.0026942
11 0 10 1 0.0012606
11 0 10 2 -0.0000000
11 0 10 3 -0.0001821
11 0 10 4 0.0009549
11 0 10 5 0.0000000
11 0 10 6 -0.0005626
11 0 10 7 -0.0020122
11 0 10 8 -0.0000000
11 0 10 9 0.0000113
11 0 10 10 -0.0004449
11 0 11 0 0.0110697
11 0 11 1 0.0039853
11 0 11 2 -0.0000000
11 0 11 3 -0.0006102
11 0 11 4 0.0042416
11 0 11 5 0.0000000
11 0 11 6 -0.0028348
11 0 11 7 -0.0073608
11 0 11 8 0.0000000
11 0 11 9 0.0000670
11 0 11 10 0.0011710
11 0 11 11 0.0070801
11 1 0 0 -0.0154928
11 1 1 0 -0.0037371
11 1 1 1 -0.0241255
11 1 2 0 0.0000000
11 1 2 1 0.0000000
11 1 2 2 0.0150445
11 1 3 0 0.0054796
11 1 3 1 0.0261594
11 1 3 2 -0.0000000
11 1 3 3 -0.0074816
11 1 4 0 0.0006965
11 1 4 1 -0.0055214
11 1 4 2 -0.0000000
11 1 4 3 0.0162075
11 1 4 4 0.0113030
11 1 5 0 0.0000000
11 1 5 1 0.0000000
11 1 5 2 -0.0109482
11 1 5 3 0.0000000
11 1 5 4 0.0000000
11 1 5 5 -0.0006518
11 1 6 0 -0.0001079
11 1 6 1 0.0132628
11 1 6 2 -0.0000000
11 1 6 3 -0.0099462
11 1 6 4 -0.0029788
11 1 6 5 -0.0000000
11 1 6 6 0.0050896
11 1 7 0 -0.0038301
11 1 7 1 -0.0024339
11 1 7 2 -0.0000000
11 1 7 3 0.0071129
11 1 7 4 0.0003496
11 1 7 5 0.0000000
11 1 7 6 0.0288996
11 1 7 7 0.0127847
11 1 8 0 0.0000000
11 1 8 1 0.0000000
11 1 8 2 0.0008576
11 1 8 3 0.0000000
11 1 8 4 -0.0000000
11 1 8 5 -0.0008013
11 1 8 6 0.0000000
11 1 8 7 -0.0000000
11 1 8 8 0.0065125
11 1 9 0 -0.0000671
11 1 9 1 -0.0010381
11 1 9 2 0.0000000
11 1 9 3 0.0000899
11 1 9 4 -0.0000652
11 1 9 5 -0.0000000
11 1 9 6 -0.0009427
11 1 9 7 -0.0005151
11 1 9 8 0.0000000
11 1 9 9 0.0069683
11 1 10 0 0.0009904
11 1 10 1 0.0054611
11 1 10 2 0.0000000
11 1 10 3 0.0002369
11 1 10 4 -0.0000801
11 1 10 5 -0.0000000
11 1 10 6 -0.0046474
11 1 10 7 -0.0149341
11 1 10 8 -0.0000000
11 1 10 9 0.0019562
11 1 10 10 -0.0114610
11 1 11 0 0.0039853
11 1 11 1 0.0335293
11 1 11 2 -0.0000000
11 1 11 3 0.0096992
11 1 11 4 0.0002058
11 1 11 5 0.0000000
11 1 11 6 0.0011476
11 1 11 7 -0.0015225
11 1 11 8 0.0000000
11 1 11 9 -0.0000464
11 1 11 10 -0.0083876
11 1 11 11 0.0208920
11 2 0 0 0.0000000
11 2 1 0 0.0000000
11 2 1 1 0.0000000
11 2 2 0 0.0038727
11 2 2 1 0.0223211
11 2 2 2 -0.0000000
11 2 3 0 -0.0000000
11 2 3 1 -0.0000000
11 2 3 2 -0.0297330
11 2 3 3 -0.0000000
11 2 4 0 -0.0000000
11 2 4 1 -0.0000000
11 2 4 2 -0.0443331
11 2 4 3 -0.0000000
11 2 4 4 -0.0000000
11 2 5 0 0.0092471
11 2 5 1 0.0127966
11 2 5 2 -0.0000000
11 2 5 3 0.0092453
11 2 5 4 0.0511237
11 2 5 5 0.0000000
11 2 6 0 -0.0000000
11 2 6 1 -0.0000000
11 2 6 2 -0.0055834
11 2 6 3 -0.0000000
11 2 6 4 -0.0000000
11 2 6 5 -0.0152474
11 2 6 6 0.0000000
11 2 7 0 0.0000000
11 2 7 1 -0.0000000
11 2 7 2 -0.0340168
11 2 7 3 -0.0000000
11 2 7 4 0.0000000
11 2 7 5 -0.0045767
11 2 7 6 -0.0000000
11 2 7 7 -0.0000000
11 2 8 0 0.0001557
11 2 8 1 0.0057000
11 2 8 2 -0.0000000
11 2 8 3 0.0021634
11 2 8 4 -0.0015248
11 2 8 5 0.0000000
11 2 8 6 0.0016585
11 2 8 7 -0.0020519
11 2 8 8 -0.0000000
11 2 9 0 0.0000000
11 2 9 1 0.0000000
11 2 9 2 0.0000088
11 2 9 3 -0.0000000
11 2 9 4 0.0000000
11 2 9 5 0.0001657
11 2 9 6 0.0000000
11 2 9 7 0.0000000
11 2 9 8 0.0006802
11 2 9 9 -0.0000000
11 2 10 0 -0.0000000
11 2 10 1 0.0000000
11 2 10 2 0.0074958
11 2 10 3 0.0000000
11 2 10 4 -0.0000000
11 2 10 5 0.0004302
11 2 10 6 0.0000000
11 2 10 7 0.0000000
11 2 10 8 -0.0022137
11 2 10 9 -0.0000000
11 2 10 10 0.0000000
11 2 11 0 -0.0000000
11 2 11 1 -0.0000000
11 2 11 2 0.0357691
11 2 11 3 -0.0000000
11 2 11 4 -0.0000000
11 2 11 5 0.0047033
11 2 11 6 -0.0000000
11 2 11 7 -0.0000000
11 2 11 8 0.0024452
11 2 11 9 0.0000000
11 2 11 10 0.0000000
11 2 11 11 -0.0000000
11 3 0 0 0.0538608
11 3 1 0 0.0021679
11 3 1 1 0.0471175
11 3 2 0 -0.0000000
11 3 2 1 -0.0000000
11 3 2 2 -0.0037177
11 3 3 0 0.0051634
11 3 3 1 0.0129763
11 3 3 2 -0.0000000
11 3 3 3 0.0171918
11 3 4 0 -0.0042149
11 3 4 1 0.0048351
11 3 4 2 -0.0000000
11 3 4 3 0.0031290
11 3 4 4 -0.0147163
11 3 5 0 -0.0000000
11 3 5 1 0.0000000
11 3 5 2 0.0203361
11 3 5 3 0.0000000
11 3 5 4 -0.0000000
11 3 5 5 0.0148690
11 3 6 0 -0.0058845
11 3 6 1 -0.0161653
11 3 6 2 0.0000000
11 3 6 3 0.0003710
11 3 6 4 -0.0073161
11 3 6 5 0.0000000
11 3 6 6 0.0401378
11 3 7 0 0.0006117
11 3 7 1 0.0049694
11 3 7 2 -0.0000000
11 3 7 3 -0.0193139
11 3 7 4 -0.0013384
11 3 7 5 0.0000000
11 3 7 6 0.0235224
11 3 7 7 0.0142775
11 3 8 0 0.0000000
11 3 8 1 0.0000000
11 3 8 2 0.0018903
11 3 8 3 0.0000000
11 3 8 4 -0.0000000
11 3 8 5 0.0029006
11 3 8 6 -0.0000000
11 3 8 7 -0.0000000
11 3 8 8 0.0144639
11 3 9 0 0.0000814
11 3 9 1 0.0001351
11 3 9 2 -0.0000000
11 3 9 3 -0.0001353
11 3 9 4 -0.0000512
11 3 9 5 -0.0000000
11 3 9 6 -0.0014364
11 3 9 7 -0.0006509
11 3 9 8 0.0000000
11 3 9 9 0.0064882
11 3 10 0 -0.0003783
11 3 10 1 -0.0048281
11 3 10 2 0.0000000
11 3 10 3 0.0039806
11 3 10 4 0.0004109
11 3 10 5 -0.0000000
11 3 10 6 -0.0075686
11 3 10 7 -0.0067050
11 3 10 8 -0.0000000
11 3 10 9 0.0006602
11 3 10 10 -0.0034643
11 3 11 0 -0.0006102
11 3 11 1 0.0096992
11 3 11 2 -0.0000000
11 3 11 3 0.0331196
11 3 11 4 0.0021483
11 3 11 5 -0.0000000
11 3 11 6 -0.0047581
11 3 11 7 -0.0023921
11 3 11 8 0.0000000
11 3 11 9 -0.0003961
11 3 11 10 -0.0001002
11 3 11 11 0.0254825
11 4 0 0 0.1293204
11 4 1 0 -0.0074082
11 4 1 1 0.0306409
11 4 2 0 0.0000000
11 4 2 1 -0.0000000
11 4 2 2 0.0101134
11 4 3 0 0.0021901
11 4 3 1 0.0015476
11 4 3 2 -0.0000000
11 4 3 3 0.0427367
11 4 4 0 -0.0005800
11 4 4 1 0.0060331
11 4 4 2 -0.0000000
11 4 4 3 -0.0243417
11 4 4 4 0.0147254
11 4 5 0 -0.0000000
11 4 5 1 0.0000000
11 4 5 2 0.0335898
11 4 5 3 -0.0000000
11 4 5 4 -0.0000000
11 4 5 5 0.0285351
11 4 6 0 0.0058629
11 4 6 1 -0.0116301
11 4 6 2 0.0000000
11 4 6 3 -0.0161101
11 4 6 4 0.0073644
11 4 6 5 0.0000000
11 4 6 6 0.0382150
11 4 7 0 -0.0041615
11 4 7 1 0.0007332
11 4 7 2 0.0000000
11 4 7 3 0.0000515
11 4 7 4 -0.0278398
11 4 7 5 -0.0000000
11 4 7 6 0.0019047
11 4 7 7 0.0429012
11 4 8 0 -0.0000000
11 4 8 1 -0.0000000
11 4 8 2 0.0002734
11 4 8 3 -0.0000000
11 4 8 4 -0.0000000
11 4 8 5 0.0016387
11 4 8 6 -0.0000000
11 4 8 7 0.0000000
11 4 8 8 0.0116118
11 4 9 0 0.0000712
11 4 9 1 0.0001215
11 4 9 2 -0.0000000
11 4 9 3 0.0000694
11 4 9 4 -0.0001313
11 4 9 5 -0.0000000
11 4 9 6 -0.0002492
11 4 9 7 0.0000355
11 4 9 8 -0.0000000
11 4 9 9 0.0162537
11 4 10 0 0.0007045
11 4 10 1 -0.0013046
11 4 10 2 0.0000000
11 4 10 3 -0.0002996
11 4 10 4 0.0063519
11 4 10 5 0.0000000
11 4 10 6 -0.0010754
11 4 10 7 -0.0074630
11 4 10 8 -0.0000000
11 4 10 9 0.0011926
11 4 10 10 0.0114877
11 4 11 0 0.0042416
11 4 11 1 0.0002058
11 4 11 2 -0.0000000
11 4 11 3 0.0021483
11 4 11 4 0.0281527
11 4 11 5 0.0000000
11 4 11 6 -0.0015836
11 4 11 7 -0.0304187
11 4 11 8 0.0000000
11 4 11 9 -0.0005095
11 4 11 10 0.0073794
11 4 11 11 0.0442896
11 5 0 0 0.0000000
11 5 1 0 0.0000000
11 5 1 1 0.0000000
11 5 2 0 0.0031707
11 5 2 1 0.0017888
11 5 2 2 -0.0000000
11 5 3 0 -0.0000000
11 5 3 1 -0.0000000
11 5 3 2 0.0051674
11 5 3 3 0.0000000
11 5 4 0 -0.0000000
11 5 4 1 0.0000000
11 5 4 2 0.0170761
11 5 4 3 -0.0000000
11 5 4 4 0.0000000
11 5 5 0 0.0053134
11 5 5 1 0.0048552
11 5 5 2 0.0000000
11 5 5 3 -0.0035224
11 5 5 4 -0.0068615
11 5 5 5 -0.0000000
11 5 6 0 0.0000000
11 5 6 1 -0.0000000
11 5 6 2 -0.0046979
11 5 6 3 -0.0000000
11 5 6 4 0.0000000
11 5 6 5 -0.0035764
11 5 6 6 0.0000000
11 5 7 0 -0.0000000
11 5 7 1 0.0000000
11 5 7 2 -0.0040417
11 5 7 3 0.0000000
11 5 7 4 -0.0000000
11 5 7 5 -0.0108964
11 5 7 6 0.0000000
11 5 7 7 0.0000000
11 5 8 0 0.0001099
11 5 8 1 0.0002885
11 5 8 2 -0.0000000
11 5 8 3 0.0006061
11 5 8 4 0.0003331
11 5 8 5 -0.0000000
11 5 8 6 -0.0010214
11 5 8 7 -0.0012474
11 5 8 8 0.0000000
11 5 9 0 0.0000000
11 5 9 1 -0.0000000
11 5 9 2 0.0000036
11 5 9 3 -0.0000000
11 5 9 4 -0.0000000
11 5 9 5 -0.0000311
11 5 9 6 -0.0000000
11 5 9 7 -0.0000000
11 5 9 8 -0.0000408
11 5 9 9 0.0000000
11 5 10 0 -0.0000000
11 5 10 1 -0.0000000
11 5 10 2 0.0006862
11 5 10 3 -0.0000000
11 5 10 4 0.0000000
11 5 10 5 0.0023815
11 5 10 6 -0.0000000
11 5 10 7 -0.0000000
11 5 10 8 0.0026339
11 5 10 9 0.0000000
11 5 10 10 -0.0000000
11 5 11 0 0.0000000
11 5 11 1 0.0000000
11 5 11 2 0.0047033
11 5 11 3 -0.0000000
11 5 11 4 0.0000000
11 5 11 5 0.0119228
11 5 11 6 0.0000000
11 5 11 7 -0.0000000
11 5 11 8 -0.0005417
11 5 11 9 -0.0000000
11 5 11 10 -0.0000000
11 5 11 11 0.0000000
11 6 0 0 -0.0156814
11 6 1 0 0.0019339
11 6 1 1 0.0011489
11 6 2 0 -0.0000000
11 6 2 1 -0.0000000
11 6 2 2 -0.0034366
11 6 3 0 -0.0067917
11 6 3 1 -0.0134698
11 6 3 2 0.0000000
11 6 3 3 0.0069069
11 6 4 0 0.0017755
11 6 4 1 0.0016235
11 6 4 2 -0.0000000
11 6 4 3 -0.0114884
11 6 4 4 0.0050509
11 6 5 0 0.0000000
11 6 5 1 -0.0000000
11 6 5 2 -0.0041182
11 6 5 3 -0.0000000
11 6 5 4 0.0000000
11 6 5 5 -0.0034920
11 6 6 0 0.0028050
11 6 6 1 0.0051058
11 6 6 2 -0.0000000
11 6 6 3 0.0067137
11 6 6 4 0.0069369
11 6 6 5 0.0000000
11 6 6 6 -0.0082119
11 6 7 0 0.0024772
11 6 7 1 0.0164689
11 6 7 2 -0.0000000
11 6 7 3 0.0176202
11 6 7 4 0.0016964
11 6 7 5 0.0000000
11 6 7 6 0.0042739
11 6 7 7 -0.0082771
11 6 8 0 -0.0000000
11 6 8 1 -0.0000000
11 6 8 2 -0.0002958
11 6 8 3 -0.0000000
11 6 8 4 -0.0000000
11 6 8 5 -0.0004767
11 6 8 6 0.0000000
11 6 8 7 0.0000000
11 6 8 8 -0.0026106
11 6 9 0 0.0000120
11 6 9 1 -0.0007450
11 6 9 2 0.0000000
11 6 9 3 -0.0003361
11 6 9 4 -0.0000990
11 6 9 5 -0.0000000
11 6 9 6 -0.0018385
11 6 9 7 -0.0018643
11 6 9 8 0.0000000
11 6 9 9 -0.0092146
11 6 10 0 -0.0007031
11 6 10 1 -0.0051511
11 6 10 2 0.0000000
11 6 10 3 -0.0024760
11 6 10 4 -0.0005140
11 6 10 5 -0.0000000
11 6 10 6 0.0000714
11 6 10 7 -0.0143474
11 6 10 8 -0.0000000
11 6 10 9 0.0004899
11 6 10 10 -0.0254376
11 6 11 0 -0.0028348
11 6 11 1 0.0011476
11 6 11 2 -0.0000000
11 6 11 3 -0.0047581
11 6 11 4 -0.0015836
11 6 11 5 0.0000000
11 6 11 6 0.0329399
11 6 11 7 0.0127084
11 6 11 8 0.0000000
11 6 11 9 -0.0015830
11 6 11 10 -0.0103230
11 6 11 11 -0.0046929
11 7 0 0 -0.2547323
11 7 1 0 0.0113194
11 7 1 1 -0.0220578
11 7 2 0 -0.0000000
11 7 2 1 -0.0000000
11 7 2 2 -0.1312281
11 7 3 0 -0.0038850
11 7 3 1 0.0473029
11 7 3 2 -0.0000000
11 7 3 3 -0.1053860
11 7 4 0 -0.0011266
11 7 4 1 -0.0036630
11 7 4 2 0.0000000
11 7 4 3 0.0142791
11 7 4 4 -0.1409978
11 7 5 0 -0.0000000
11 7 5 1 0.0000000
11 7 5 2 -0.0156493
11 7 5 3 0.0000000
11 7 5 4 -0.0000000
11 7 5 5 -0.1334183
11 7 6 0 -0.0085089
11 7 6 1 0.0954292
11 7 6 2 -0.0000000
11 7 6 3 0.0862707
11 7 6 4 -0.0046884
11 7 6 5 0.0000000
11 7 6 6 0.0268707
11 7 7 0 0.0075979
11 7 7 1 0.0083662
11 7 7 2 -0.0000000
11 7 7 3 -0.0175749
11 7 7 4 0.0361005
11 7 7 5 0.0000000
11 7 7 6 -0.0022192
11 7 7 7 0.0050323
11 7 8 0 -0.0000000
11 7 8 1 -0.0000000
11 7 8 2 -0.0193308
11 7 8 3 -0.0000000
11 7 8 4 0.0000000
11 7 8 5 -0.0143928
11 7 8 6 0.0000000
11 7 8 7 -0.0000000
11 7 8 8 0.1510897
11 7 9 0 -0.0004631
11 7 9 1 -0.0022851
11 7 9 2 0.0000000
11 7 9 3 0.0002111
11 7 9 4 0.0005454
11 7 9 5 0.0000000
11 7 9 6 0.0038488
11 7 9 7 -0.0011144
11 7 9 8 0.0000000
11 7 9 9 0.2608285
11 7 10 0 -0.0005073
11 7 10 1 0.0127859
11 7 10 2 -0.0000000
11 7 10 3 0.0057906
11 7 10 4 -0.0086141
11 7 10 5 -0.0000000
11 7 10 6 0.0043890
11 7 10 7 0.0287847
11 7 10 8 0.0000000
11 7 10 9 0.0193252
11 7 10 10 0.1626473
11 7 11 0 -0.0073608
11 7 11 1 -0.0015225
11 7 11 2 -0.0000000
11 7 11 3 -0.0023921
11 7 11 4 -0.0304187
11 7 11 5 -0.0000000
11 7 11 6 0.0127084
11 7 11 7 0.2035810
11 7 11 8 0.0000000
11 7 11 9 -0.0030652
11 7 11 10 -0.0593324
11 7 11 11 -0.0251513
11 8 0 0 0.0000000
11 8 1 0 0.0000000
11 8 1 1 0.0000000
11 8 2 0 0.0003668
11 8 2 1 0.0038221
11 8 2 2 -0.0000000
11 8 3 0 0.0000000
11 8 3 1 -0.0000000
11 8 3 2 -0.0015848
11 8 3 3 -0.0000000
11 8 4 0 -0.0000000
11 8 4 1 -0.0000000
11 8 4 2 -0.0054052
11 8 4 3 -0.0000000
11 8 4 4 -0.0000000
11 8 5 0 0.0008983
11 8 5 1 0.0028142
11 8 5 2 -0.0000000
11 8 5 3 0.0022369
11 8 5 4 0.0049496
11 8 5 5 0.0000000
11 8 6 0 -0.0000000
11 8 6 1 -0.0000000
11 8 6 2 -0.0022192
11 8 6 3 -0.0000000
11 8 6 4 -0.0000000
11 8 6 5 -0.0029229
11 8 6 6 0.0000000
11 8 7 0 -0.0000000
11 8 7 1 -0.0000000
11 8 7 2 -0.0050554
11 8 7 3 -0.0000000
11 8 7 4 0.0000000
11 8 7 5 -0.0020537
11 8 7 6 0.0000000
11 8 7 7 -0.0000000
11 8 8 0 -0.0000658
11 8 8 1 0.0071372
11 8 8 2 -0.0000000
11 8 8 3 0.0035366
11 8 8 4 -0.0000359
11 8 8 5 0.0000000
11 8 8 6 0.0115616
11 8 8 7 0.0181299
11 8 8 8 0.0000000
11 8 9 0 0.0000000
11 8 9 1 0.0000000
11 8 9 2 0.0002162
11 8 9 3 0.0000000
11 8 9 4 -0.0000000
11 8 9 5 0.0001429
11 8 9 6 -0.0000000
11 8 9 7 -0.0000000
11 8 9 8 -0.0001755
11 8 9 9 0.0000000
11 8 10 0 0.0000000
11 8 10 1 0.0000000
11 8 10 2 0.0032249
11 8 10 3 0.0000000
11 8 10 4 -0.0000000
11 8 10 5 0.0022982
11 8 10 6 -0.0000000
11 8 10 7 0.0000000
11 8 10 8 -0.0253045
11 8 10 9 0.0000000
11 8 10 10 0.0000000
11 8 11 0 0.0000000
11 8 11 1 0.0000000
11 8 11 2 0.0024452
11 8 11 3 0.0000000
11 8 11 4 0.0000000
11 8 11 5 -0.0005417
11 8 11 6 0.0000000
11 8 11 7 0.0000000
11 8 11 8 0.0229396
11 8 11 9 -0.0000000
11 8 11 10 -0.0000000
11 8 11 11 -0.0000000
11 9 0 0 -0.0046698
11 9 1 0 -0.0000763
11 9 1 1 -0.0069581
11 9 2 0 0.0000000
11 9 2 1 0.0000000
11 9 2 2 -0.0020921
11 9 3 0 0.0000231
11 9 3 1 -0.0012323
11 9 3 2 0.0000000
11 9 3 3 -0.0041961
11 9 4 0 0.0001070
11 9 4 1 -0.0003422
11 9 4 2 0.0000000
11 9 4 3 0.0006397
11 9 4 4 -0.0017355
11 9 5 0 0.0000000
11 9 5 1 -0.0000000
11 9 5 2 -0.0012481
11 9 5 3 -0.0000000
11 9 5 4 0.0000000
11 9 5 5 -0.0030386
11 9 6 0 0.0000708
11 9 6 1 -0.0026241
11 9 6 2 0.0000000
11 9 6 3 -0.0024069
11 9 6 4 -0.0002323
11 9 6 5 -0.0000000
11 9 6 6 -0.0099062
11 9 7 0 -0.0000869
11 9 7 1 -0.0011305
11 9 7 2 0.0000000
11 9 7 3 0.0000476
11 9 7 4 0.0002017
11 9 7 5 -0.0000000
11 9 7 6 -0.0012329
11 9 7 7 -0.0065729
11 9 8 0 0.0000000
11 9 8 1 0.0000000
11 9 8 2 0.0006135
11 9 8 3 0.0000000
11 9 8 4 -0.0000000
11 9 8 5 0.0002406
11 9 8 6 -0.0000000
11 9 8 7 0.0000000
11 9 8 8 -0.0085153
11 9 9 0 0.0000663
11 9 9 1 -0.0006700
11 9 9 2 0.0000000
11 9 9 3 -0.0015827
11 9 9 4 0.0000315
11 9 9 5 -0.0000000
11 9 9 6 -0.0029010
11 9 9 7 0.0066747
11 9 9 8 0.0000000
11 9 9 9 -0.0538242
11 9 10 0 0.0000260
11 9 10 1 0.0007739
11 9 10 2 -0.0000000
11 9 10 3 0.0002886
11 9 10 4 -0.0000574
11 9 10 5 0.0000000
11 9 10 6 0.0005863
11 9 10 7 -0.0007309
11 9 10 8 0.0000000
11 9 10 9 -0.0071200
11 9 10 10 -0.0059737
11 9 11 0 0.0000670
11 9 11 1 -0.0000464
11 9 11 2 0.0000000
11 9 11 3 -0.0003961
11 9 11 4 -0.0005095
11 9 11 5 -0.0000000
11 9 11 6 -0.0015830
11 9 11 7 -0.0030652
11 9 11 8 -0.0000000
11 9 11 9 0.0067783
11 9 11 10 -0.0001083
11 9 11 11 -0.0052262
11 10 0 0 0.0747561
11 10 1 0 -0.0018487
11 10 1 1 0.0278678
11 10 2 0 0.0000000
11 10 2 1 0.0000000
11 10 2 2 0.0365268
11 10 3 0 0.0005597
11 10 3 1 -0.0125277
11 10 3 2 0.0000000
11 10 3 3 0.0371753
11 10 4 0 -0.0002558
11 10 4 1 0.0021862
11 10 4 2 -0.0000000
11 10 4 3 -0.0064804
11 10 4 4 0.0374124
11 10 5 0 0.0000000
11 10 5 1 -0.0000000
11 10 5 2 0.0088247
11 10 5 3 -0.0000000
11 10 5 4 -0.0000000
11 10 5 5 0.0419167
11 10 6 0 0.0014371
11 10 6 1 -0.0262656
11 10 6 2 0.0000000
11 10 6 3 -0.0174074
11 10 6 4 0.0012741
11 10 6 5 -0.0000000
11 10 6 6 0.0075547
11 10 7 0 -0.0010036
11 10 7 1 -0.0059004
11 10 7 2 0.0000000
11 10 7 3 -0.0012193
11 10 7 4 -0.0094940
11 10 7 5 -0.0000000
11 10 7 6 -0.0151171
11 10 7 7 0.0022261
11 10 8 0 0.0000000
11 10 8 1 0.0000000
11 10 8 2 0.0064894
11 10 8 3 0.0000000
11 10 8 4 -0.0000000
11 10 8 5 0.0063100
11 10 8 6 -0.0000000
11 10 8 7 0.0000000
11 10 8 8 -0.0426908
11 10 9 0 0.0001643
11 10 9 1 0.0010178
11 10 9 2 -0.0000000
11 10 9 3 -0.0003876
11 10 9 4 -0.0001742
11 10 9 5 -0.0000000
11 10 9 6 -0.0022231
11 10 9 7 0.0002473
11 10 9 8 -0.0000000
11 10 9 9 -0.0655088
11 10 10 0 0.0000322
11 10 10 1 -0.0155056
11 10 10 2 0.0000000
11 10 10 3 -0.0126795
11 10 10 4 0.0029291
11 10 10 5 -0.0000000
11 10 10 6 -0.0204157
11 10 10 7 0.0364451
11 10 10 8 0.0000000
11 10 10 9 -0.0031837
11 10 10 10 -0.0421696
11 10 11 0 0.0011710
11 10 11 1 -0.0083876
11 10 11 2 0.0000000
11 10 11 3 -0.0001002
11 10 11 4 0.0073794
11 10 11 5 -0.0000000
11 10 11 6 -0.0103230
11 10 11 7 -0.0593324
11 10 11 8 -0.0000000
11 10 11 9 -0.0001083
11 10 11 10 0.0530158
11 10 11 11 -0.0051728
11 11 0 0 0.5901906
11 11 1 0 -0.0087215
11 11 1 1 0.4591461
11 11 2 0 0.0000000
11 11 2 1 -0.0000000
11 11 2 2 0.4024941
11 11 3 0 0.0086771
11 11 3 1 0.0417263
11 11 3 2 -0.0000000
11 11 3 3 0.4352637
11 11 4 0 -0.0030657
11 11 4 1 0.0068685
11 11 4 2 -0.0000000
11 11 4 3 -0.0190391
11 11 4 4 0.3869972
11 11 5 0 -0.0000000
11 11 5 1 0.0000000
11 11 5 2 0.0573317
11 11 5 3 0.0000000
11 11 5 4 -0.0000000
11 11 5 5 0.4274921
11 11 6 0 0.0023594
11 11 6 1 -0.0072932
11 11 6 2 -0.0000000
11 11 6 3 -0.0088082
11 11 6 4 0.0042888
11 11 6 5 0.0000000
11 11 6 6 0.5021324
11 11 7 0 -0.0068656
11 11 7 1 0.0031653
11 11 7 2 -0.0000000
11 11 7 3 -0.0136483
11 11 7 4 -0.0401618
11 11 7 5 0.0000000
11 11 7 6 0.0316152
11 11 7 7 0.5013993
11 11 8 0 -0.0000000
11 11 8 1 -0.0000000
11 11 8 2 -0.0025147
11 11 8 3 -0.0000000
11 11 8 4 -0.0000000
11 11 8 5 0.0016214
11 11 8 6 -0.0000000
11 11 8 7 0.0000000
11 11 8 8 0.4338918
11 11 9 0 0.0000481
11 11 9 1 0.0007882
11 11 9 2 -0.0000000
11 11 9 3 0.0012489
11 11 9 4 0.0000394
11 11 9 5 0.0000000
11 11 9 6 0.0018473
11 11 9 7 0.0002550
11 11 9 8 0.0000000
11 11 9 9 0.5430555
11 11 10 0 0.0010941
11 11 10 1 -0.0052866
11 11 10 2 0.0000000
11 11 10 3 0.0011493
11 11 10 4 0.0086136
11 11 10 5 -0.0000000
11 11 10 6 -0.0134699
11 11 10 7 -0.0364332
11 11 10 8 -0.0000000
11 11 10 9 0.0272587
11 11 10 10 0.4103341
11 11 11 0 0.0070801
11 11 11 1 0.0208920
11 11 11 2 -0.0000000
11 11 11 3 0.0254825
11 11 11 4 0.0442896
11 11 11 5 0.0000000
11 11 11 6 -0.0046929
11 11 11 7 -0.0251513
11 11 11 8 -0.0000000
11 11 11 9 -0.0052262
11 11 11 10 -0.0051728
11 11 11 11 0.5093196
