NMONOMER	1
NELEC	8
ENUC	7.351144
NBASIS	12
HOMO	2
LUMO	2
ENT	5
HF_ENERGY	-35.207787
ENERGIES
-10.840363
-0.498559
-0.437378
-0.244606
0.576950
0.791884
0.904562
849736.572320
965066.576619
996478.288360
1070621.186058
1118093.700343

OEI
-18.399031	
-0.271653	-4.298841	
-0.000000	0.000000	-3.758355	
-0.104526	-0.148971	-0.000000	-4.081798	
-0.268063	-0.188617	-0.000000	-0.481960	-3.057280	
0.000000	0.000000	-0.852749	-0.000000	-0.000000	-3.649220	
-0.198305	-0.800119	-0.000000	0.423272	0.098743	-0.000000	-3.179597	
0.104949	-0.067220	-0.000000	-0.108970	0.459331	-0.000000	0.065077	849733.029014	
0.000000	-0.000000	-0.073787	0.000000	0.000000	-0.117653	-0.000000	0.000000	965063.906529	
-0.005112	0.021121	0.000000	-0.004557	-0.002466	-0.000000	0.017054	0.002809	-0.000000	996475.292065	
-0.035732	0.191441	0.000000	-0.042827	-0.105547	0.000000	-0.172529	0.193339	-0.000000	0.124948	1070618.813685	
0.101417	-0.079156	-0.000000	-0.214626	0.460035	0.000000	0.025366	-0.959839	-0.000000	0.034548	0.333012	1118090.039643	

ENV_OEI
-4.927233	
-0.508377	-0.619876	
0.000000	-0.000000	-0.136515	
-0.208248	0.092529	0.000000	-0.415348	
-0.473356	-0.096674	-0.000000	-0.122706	-0.184545	
0.000000	-0.000000	-0.198195	0.000000	-0.000000	-0.348444	
-0.388496	0.147084	0.000000	-0.222992	-0.005599	0.000000	-1.076029	
0.225219	-0.015260	0.000000	-0.066867	0.070055	0.000000	-0.010239	-0.576988	
-0.000000	-0.000000	0.063269	0.000000	0.000000	0.034902	0.000000	0.000000	-0.739698	
0.018227	0.478335	0.000000	-0.454902	0.056155	0.000000	-1.468618	0.127000	0.000000	-18.569750	
-0.055571	-0.046099	-0.000000	0.011860	-0.021399	-0.000000	0.082811	-0.239557	0.000000	1.672605	-0.798992	
0.213904	-0.015994	-0.000000	0.000360	0.082316	-0.000000	0.049076	0.148187	-0.000000	0.177664	0.099643	-0.399558	

OVERLAP
1.000000	
0.248362	1.000000	
0.061767	0.488736	1.000000	
0.061767	0.488736	0.167856	1.000000	
0.000000	0.027047	0.005362	0.005362	1.000000	
0.027047	0.301519	0.096511	0.096511	0.248362	1.000000	
0.000000	0.000000	0.259000	0.259000	-0.015125	-0.113119	1.000000	
0.000000	0.000000	-0.380474	0.380474	0.000000	0.000000	0.000000	1.000000	
0.000000	0.000000	0.073326	0.073326	-0.042713	-0.319437	0.000000	0.000000	1.000000	
0.015125	0.113119	0.064594	0.064594	0.000000	0.000000	0.112775	0.000000	-0.151526	1.000000	
0.000000	0.000000	-0.051506	0.051506	0.000000	0.000000	0.000000	0.166433	0.000000	0.000000	1.000000	
0.042713	0.319437	0.093323	0.093323	0.000000	0.000000	-0.151526	0.000000	-0.261465	0.000000	0.000000	1.000000	

MOCOEFF
-0.996521	-0.018364	0.008875	0.008875	-0.001627	0.008244	0.020547	-0.000000	0.002254	-0.002502	0.000000	0.003798	
-0.179104	0.556399	0.055034	0.055034	-0.046300	0.083523	-0.449269	-0.000000	-0.199068	0.182190	0.000000	0.346273	
0.000000	-0.000000	-0.524247	0.524247	-0.000000	0.000000	-0.000000	0.448596	-0.000000	0.000000	-0.128665	0.000000	
-0.074657	0.216586	0.260392	0.260392	0.041621	-0.119088	-0.396129	0.000000	0.683866	-0.016138	-0.000000	-0.299174	
-0.157514	1.042954	-0.922724	-0.922724	-0.004733	0.038347	0.405330	0.000000	0.398802	0.015804	-0.000000	0.004356	
0.000000	-0.000000	0.804428	-0.804428	-0.000000	0.000000	0.000000	1.169096	0.000000	0.000000	-0.111710	0.000000	
-0.138031	0.825918	-0.091066	-0.091066	0.129727	-0.778916	-0.233728	0.000000	-0.829424	-0.323695	-0.000000	-0.902118	
0.084288	-0.388041	0.000000	0.000000	-0.012325	0.049401	-0.608823	0.000000	0.000000	0.744812	-0.000000	-0.291146	
-0.000000	-0.000000	0.000000	-0.000000	-0.000000	0.000000	-0.000000	-0.000000	-0.000000	0.000000	1.000000	-0.000000	
-0.000565	0.002599	0.000000	0.000000	1.025611	-0.216380	0.004077	-0.000000	-0.000000	0.053739	0.000000	0.092871	
-0.018947	0.087226	-0.000000	-0.000000	-0.019715	-0.850780	0.136854	-0.000000	0.000000	0.334096	0.000000	0.355391	
0.081637	-0.375837	0.000000	0.000000	0.011610	-0.229166	-0.589676	0.000000	-0.000000	-0.509850	-0.000000	0.308002	

ERI
0 0 0 0 3.5227282
1 0 0 0 0.2360799
1 0 1 0 0.0308781
1 0 1 1 -0.0059866
1 1 0 0 0.7276915
1 1 1 0 -0.0059866
1 1 1 1 0.6495632
2 0 0 0 -0.0000000
2 0 1 0 -0.0000000
2 0 1 1 -0.0000000
2 0 2 0 0.0055392
2 0 2 1 -0.0056116
2 0 2 2 0.0000000
2 1 0 0 -0.0000000
2 1 1 0 -0.0000000
2 1 1 1 0.0000000
2 1 2 0 -0.0056116
2 1 2 1 0.0323861
2 1 2 2 -0.0000000
2 2 0 0 0.5776136
2 2 1 0 0.0062395
2 2 1 1 0.4073046
2 2 2 0 0.0000000
2 2 2 1 -0.0000000
2 2 2 2 0.5278561
3 0 0 0 0.0954573
3 0 1 0 0.0106680
3 0 1 1 0.0047516
3 0 2 0 -0.0000000
3 0 2 1 0.0000000
3 0 2 2 0.0022280
3 0 3 0 0.0177336
3 0 3 1 -0.0131186
3 0 3 2 -0.0000000
3 0 3 3 -0.0072524
3 1 0 0 0.0614522
3 1 1 0 0.0011770
3 1 1 1 -0.0277335
3 1 2 0 0.0000000
3 1 2 1 -0.0000000
3 1 2 2 0.0249335
3 1 3 0 -0.0131186
3 1 3 1 0.0860132
3 1 3 2 0.0000000
3 1 3 3 0.0416908
3 2 0 0 -0.0000000
3 2 1 0 0.0000000
3 2 1 1 -0.0000000
3 2 2 0 -0.0035389
3 2 2 1 0.0270894
3 2 2 2 0.0000000
3 2 3 0 -0.0000000
3 2 3 1 0.0000000
3 2 3 2 0.0504473
3 2 3 3 0.0000000
3 3 0 0 0.7397400
3 3 1 0 0.0051754
3 3 1 1 0.5150015
3 3 2 0 -0.0000000
3 3 2 1 0.0000000
3 3 2 2 0.4558286
3 3 3 0 -0.0072524
3 3 3 1 0.0416908
3 3 3 2 0.0000000
3 3 3 3 0.5702456
4 0 0 0 0.2144188
4 0 1 0 0.0177078
4 0 1 1 0.0176274
4 0 2 0 -0.0000000
4 0 2 1 0.0000000
4 0 2 2 -0.0000384
4 0 3 0 0.0123608
4 0 3 1 -0.0014634
4 0 3 2 -0.0000000
4 0 3 3 0.0041391
4 0 4 0 0.0249655
4 0 4 1 0.0026087
4 0 4 2 0.0000000
4 0 4 3 0.0002708
4 0 4 4 -0.0019383
4 1 0 0 0.0634466
4 1 1 0 0.0016214
4 1 1 1 0.0244414
4 1 2 0 -0.0000000
4 1 2 1 0.0000000
4 1 2 2 -0.0024300
4 1 3 0 -0.0021680
4 1 3 1 0.0138450
4 1 3 2 0.0000000
4 1 3 3 0.0323532
4 1 4 0 0.0026087
4 1 4 1 0.0097058
4 1 4 2 -0.0000000
4 1 4 3 0.0213254
4 1 4 4 -0.0028272
4 2 0 0 0.0000000
4 2 1 0 -0.0000000
4 2 1 1 0.0000000
4 2 2 0 -0.0015035
4 2 2 1 -0.0292626
4 2 2 2 -0.0000000
4 2 3 0 0.0000000
4 2 3 1 -0.0000000
4 2 3 2 -0.0548779
4 2 3 3 -0.0000000
4 2 4 0 0.0000000
4 2 4 1 -0.0000000
4 2 4 2 0.1246166
4 2 4 3 0.0000000
4 2 4 4 0.0000000
4 3 0 0 0.1394716
4 3 1 0 0.0028861
4 3 1 1 0.0520311
4 3 2 0 0.0000000
4 3 2 1 0.0000000
4 3 2 2 -0.0073693
4 3 3 0 -0.0103057
4 3 3 1 0.0341191
4 3 3 2 -0.0000000
4 3 3 3 0.0850216
4 3 4 0 0.0002708
4 3 4 1 0.0213254
4 3 4 2 0.0000000
4 3 4 3 0.0683058
4 3 4 4 0.0008620
4 4 0 0 0.5957998
4 4 1 0 0.0132435
4 4 1 1 0.3663482
4 4 2 0 0.0000000
4 4 2 1 -0.0000000
4 4 2 2 0.5117723
4 4 3 0 -0.0012676
4 4 3 1 0.0369885
4 4 3 2 0.0000000
4 4 3 3 0.4569918
4 4 4 0 -0.0019383
4 4 4 1 -0.0028272
4 4 4 2 0.0000000
4 4 4 3 0.0008620
4 4 4 4 0.5404932
5 0 0 0 -0.0000000
5 0 1 0 -0.0000000
5 0 1 1 0.0000000
5 0 2 0 0.0113357
5 0 2 1 -0.0122871
5 0 2 2 -0.0000000
5 0 3 0 0.0000000
5 0 3 1 -0.0000000
5 0 3 2 -0.0091888
5 0 3 3 -0.0000000
5 0 4 0 -0.0000000
5 0 4 1 -0.0000000
5 0 4 2 0.0018038
5 0 4 3 -0.0000000
5 0 4 4 -0.0000000
5 0 5 0 0.0234640
5 0 5 1 -0.0172209
5 0 5 2 0.0000000
5 0 5 3 -0.0056991
5 0 5 4 -0.0152334
5 0 5 5 0.0000000
5 1 0 0 -0.0000000
5 1 1 0 0.0000000
5 1 1 1 -0.0000000
5 1 2 0 -0.0085452
5 1 2 1 0.0352295
5 1 2 2 -0.0000000
5 1 3 0 -0.0000000
5 1 3 1 -0.0000000
5 1 3 2 0.0177143
5 1 3 3 -0.0000000
5 1 4 0 -0.0000000
5 1 4 1 0.0000000
5 1 4 2 -0.0004890
5 1 4 3 -0.0000000
5 1 4 4 -0.0000000
5 1 5 0 -0.0172209
5 1 5 1 0.0519713
5 1 5 2 -0.0000000
5 1 5 3 0.0156708
5 1 5 4 0.0202772
5 1 5 5 -0.0000000
5 2 0 0 0.2353656
5 2 1 0 0.0012765
5 2 1 1 0.1216164
5 2 2 0 0.0000000
5 2 2 1 0.0000000
5 2 2 2 0.0084179
5 2 3 0 -0.0001968
5 2 3 1 0.0089468
5 2 3 2 -0.0000000
5 2 3 3 0.0904205
5 2 4 0 0.0066255
5 2 4 1 0.0226212
5 2 4 2 0.0000000
5 2 4 3 0.0583397
5 2 4 4 -0.0248751
5 2 5 0 0.0000000
5 2 5 1 -0.0000000
5 2 5 2 0.1111376
5 2 5 3 0.0000000
5 2 5 4 0.0000000
5 2 5 5 0.0764671
5 3 0 0 0.0000000
5 3 1 0 0.0000000
5 3 1 1 0.0000000
5 3 2 0 -0.0035227
5 3 2 1 0.0036706
5 3 2 2 0.0000000
5 3 3 0 0.0000000
5 3 3 1 0.0000000
5 3 3 2 0.0039094
5 3 3 3 0.0000000
5 3 4 0 0.0000000
5 3 4 1 -0.0000000
5 3 4 2 0.0372414
5 3 4 3 0.0000000
5 3 4 4 0.0000000
5 3 5 0 -0.0056991
5 3 5 1 0.0156708
5 3 5 2 0.0000000
5 3 5 3 0.0328591
5 3 5 4 -0.0165009
5 3 5 5 0.0000000
5 4 0 0 0.0000000
5 4 1 0 0.0000000
5 4 1 1 0.0000000
5 4 2 0 -0.0056860
5 4 2 1 0.0392361
5 4 2 2 0.0000000
5 4 3 0 -0.0000000
5 4 3 1 -0.0000000
5 4 3 2 0.0660453
5 4 3 3 0.0000000
5 4 4 0 -0.0000000
5 4 4 1 0.0000000
5 4 4 2 -0.1046691
5 4 4 3 0.0000000
5 4 4 4 -0.0000000
5 4 5 0 -0.0152334
5 4 5 1 0.0202772
5 4 5 2 0.0000000
5 4 5 3 -0.0165009
5 4 5 4 0.1159460
5 4 5 5 -0.0000000
5 5 0 0 0.7917297
5 5 1 0 0.0068150
5 5 1 1 0.5025016
5 5 2 0 0.0000000
5 5 2 1 -0.0000000
5 5 2 2 0.5206666
5 5 3 0 0.0023684
5 5 3 1 0.0338173
5 5 3 2 -0.0000000
5 5 3 3 0.5153701
5 5 4 0 0.0086219
5 5 4 1 0.0151357
5 5 4 2 0.0000000
5 5 4 3 0.0295567
5 5 4 4 0.5006632
5 5 5 0 0.0000000
5 5 5 1 -0.0000000
5 5 5 2 0.0764671
5 5 5 3 0.0000000
5 5 5 4 -0.0000000
5 5 5 5 0.5871633
6 0 0 0 0.1802884
6 0 1 0 0.0250859
6 0 1 1 -0.0087065
6 0 2 0 0.0000000
6 0 2 1 -0.0000000
6 0 2 2 0.0043740
6 0 3 0 -0.0013292
6 0 3 1 0.0098407
6 0 3 2 -0.0000000
6 0 3 3 0.0098901
6 0 4 0 0.0101065
6 0 4 1 0.0031141
6 0 4 2 -0.0000000
6 0 4 3 0.0099655
6 0 4 4 0.0140654
6 0 5 0 -0.0000000
6 0 5 1 -0.0000000
6 0 5 2 0.0011002
6 0 5 3 -0.0000000
6 0 5 4 -0.0000000
6 0 5 5 0.0046809
6 0 6 0 0.0275622
6 0 6 1 -0.0031652
6 0 6 2 -0.0000000
6 0 6 3 -0.0031610
6 0 6 4 -0.0032230
6 0 6 5 0.0000000
6 0 6 6 -0.0084361
6 1 0 0 0.2367107
6 1 1 0 0.0000783
6 1 1 1 0.0690555
6 1 2 0 -0.0000000
6 1 2 1 -0.0000000
6 1 2 2 0.0673429
6 1 3 0 0.0051656
6 1 3 1 0.0405514
6 1 3 2 0.0000000
6 1 3 3 0.0695108
6 1 4 0 0.0102600
6 1 4 1 0.0088316
6 1 4 2 0.0000000
6 1 4 3 0.0160868
6 1 4 4 0.0571293
6 1 5 0 -0.0000000
6 1 5 1 -0.0000000
6 1 5 2 0.0414676
6 1 5 3 0.0000000
6 1 5 4 0.0000000
6 1 5 5 0.1057101
6 1 6 0 -0.0031652
6 1 6 1 0.1143365
6 1 6 2 0.0000000
6 1 6 3 -0.0578172
6 1 6 4 0.0001046
6 1 6 5 0.0000000
6 1 6 6 -0.0027171
6 2 0 0 0.0000000
6 2 1 0 0.0000000
6 2 1 1 0.0000000
6 2 2 0 -0.0034659
6 2 2 1 0.0134640
6 2 2 2 0.0000000
6 2 3 0 -0.0000000
6 2 3 1 0.0000000
6 2 3 2 -0.0008750
6 2 3 3 0.0000000
6 2 4 0 0.0000000
6 2 4 1 0.0000000
6 2 4 2 0.0016056
6 2 4 3 0.0000000
6 2 4 4 0.0000000
6 2 5 0 -0.0068190
6 2 5 1 0.0200109
6 2 5 2 0.0000000
6 2 5 3 0.0012943
6 2 5 4 0.0022815
6 2 5 5 0.0000000
6 2 6 0 -0.0000000
6 2 6 1 0.0000000
6 2 6 2 0.0122325
6 2 6 3 -0.0000000
6 2 6 4 -0.0000000
6 2 6 5 0.0163123
6 2 6 6 0.0000000
6 3 0 0 -0.1264491
6 3 1 0 -0.0055214
6 3 1 1 0.0136120
6 3 2 0 -0.0000000
6 3 2 1 0.0000000
6 3 2 2 -0.0537410
6 3 3 0 -0.0035135
6 3 3 1 -0.0224845
6 3 3 2 -0.0000000
6 3 3 3 -0.0517686
6 3 4 0 0.0005123
6 3 4 1 -0.0029628
6 3 4 2 0.0000000
6 3 4 3 -0.0130804
6 3 4 4 -0.0651725
6 3 5 0 -0.0000000
6 3 5 1 0.0000000
6 3 5 2 -0.0065510
6 3 5 3 -0.0000000
6 3 5 4 0.0000000
6 3 5 5 -0.0557476
6 3 6 0 -0.0031610
6 3 6 1 -0.0578172
6 3 6 2 -0.0000000
6 3 6 3 0.0645503
6 3 6 4 0.0054818
6 3 6 5 -0.0000000
6 3 6 6 0.0321894
6 4 0 0 -0.0191933
6 4 1 0 -0.0001379
6 4 1 1 -0.0046754
6 4 2 0 -0.0000000
6 4 2 1 0.0000000
6 4 2 2 -0.0011928
6 4 3 0 0.0044972
6 4 3 1 -0.0076600
6 4 3 2 0.0000000
6 4 3 3 -0.0205784
6 4 4 0 0.0026221
6 4 4 1 -0.0029829
6 4 4 2 -0.0000000
6 4 4 3 -0.0188968
6 4 4 4 -0.0081272
6 4 5 0 -0.0000000
6 4 5 1 0.0000000
6 4 5 2 -0.0089701
6 4 5 3 -0.0000000
6 4 5 4 0.0000000
6 4 5 5 -0.0042296
6 4 6 0 -0.0032230
6 4 6 1 0.0001046
6 4 6 2 -0.0000000
6 4 6 3 0.0054818
6 4 6 4 0.0085245
6 4 6 5 0.0000000
6 4 6 6 -0.0042873
6 5 0 0 0.0000000
6 5 1 0 0.0000000
6 5 1 1 -0.0000000
6 5 2 0 -0.0061229
6 5 2 1 0.0257725
6 5 2 2 0.0000000
6 5 3 0 -0.0000000
6 5 3 1 0.0000000
6 5 3 2 0.0125316
6 5 3 3 0.0000000
6 5 4 0 -0.0000000
6 5 4 1 0.0000000
6 5 4 2 -0.0163288
6 5 4 3 0.0000000
6 5 4 4 0.0000000
6 5 5 0 -0.0129368
6 5 5 1 0.0334785
6 5 5 2 -0.0000000
6 5 5 3 -0.0018098
6 5 5 4 0.0241546
6 5 5 5 0.0000000
6 5 6 0 0.0000000
6 5 6 1 0.0000000
6 5 6 2 0.0163123
6 5 6 3 -0.0000000
6 5 6 4 0.0000000
6 5 6 5 0.0291550
6 5 6 6 -0.0000000
6 6 0 0 0.6888196
6 6 1 0 0.0003805
6 6 1 1 0.5975923
6 6 2 0 -0.0000000
6 6 2 1 0.0000000
6 6 2 2 0.3851247
6 6 3 0 0.0127498
6 6 3 1 -0.0787993
6 6 3 2 -0.0000000
6 6 3 3 0.4798835
6 6 4 0 0.0155755
6 6 4 1 0.0150619
6 6 4 2 0.0000000
6 6 4 3 0.0334365
6 6 4 4 0.3515146
6 6 5 0 -0.0000000
6 6 5 1 0.0000000
6 6 5 2 0.1001775
6 6 5 3 -0.0000000
6 6 5 4 0.0000000
6 6 5 5 0.4577285
6 6 6 0 -0.0084361
6 6 6 1 -0.0027171
6 6 6 2 0.0000000
6 6 6 3 0.0321894
6 6 6 4 -0.0042873
6 6 6 5 -0.0000000
6 6 6 6 0.6516558
7 0 0 0 -0.0837435
7 0 1 0 -0.0043065
7 0 1 1 -0.0096794
7 0 2 0 0.0000000
7 0 2 1 -0.0000000
7 0 2 2 0.0038762
7 0 3 0 0.0003358
7 0 3 1 -0.0048655
7 0 3 2 0.0000000
7 0 3 3 -0.0018536
7 0 4 0 -0.0127183
7 0 4 1 -0.0023958
7 0 4 2 -0.0000000
7 0 4 3 -0.0026910
7 0 4 4 0.0046206
7 0 5 0 0.0000000
7 0 5 1 0.0000000
7 0 5 2 -0.0013441
7 0 5 3 0.0000000
7 0 5 4 -0.0000000
7 0 5 5 -0.0004788
7 0 6 0 -0.0050030
7 0 6 1 -0.0042281
7 0 6 2 -0.0000000
7 0 6 3 -0.0046270
7 0 6 4 -0.0005648
7 0 6 5 0.0000000
7 0 6 6 -0.0028646
7 0 7 0 0.0112925
7 0 7 1 -0.0020520
7 0 7 2 0.0000000
7 0 7 3 -0.0013646
7 0 7 4 -0.0041592
7 0 7 5 0.0000000
7 0 7 6 -0.0029440
7 0 7 7 0.0062527
7 1 0 0 0.0108518
7 1 1 0 -0.0021634
7 1 1 1 0.0118791
7 1 2 0 -0.0000000
7 1 2 1 0.0000000
7 1 2 2 -0.0092106
7 1 3 0 -0.0033927
7 1 3 1 0.0102521
7 1 3 2 0.0000000
7 1 3 3 0.0073320
7 1 4 0 0.0001515
7 1 4 1 0.0035348
7 1 4 2 -0.0000000
7 1 4 3 0.0086352
7 1 4 4 -0.0054506
7 1 5 0 -0.0000000
7 1 5 1 0.0000000
7 1 5 2 0.0047492
7 1 5 3 -0.0000000
7 1 5 4 0.0000000
7 1 5 5 -0.0012881
7 1 6 0 0.0000890
7 1 6 1 0.0027509
7 1 6 2 0.0000000
7 1 6 3 0.0060325
7 1 6 4 -0.0022493
7 1 6 5 0.0000000
7 1 6 6 0.0038596
7 1 7 0 -0.0020520
7 1 7 1 0.0130561
7 1 7 2 -0.0000000
7 1 7 3 -0.0025896
7 1 7 4 -0.0004508
7 1 7 5 0.0000000
7 1 7 6 -0.0048665
7 1 7 7 0.0019968
7 2 0 0 0.0000000
7 2 1 0 0.0000000
7 2 1 1 0.0000000
7 2 2 0 0.0038987
7 2 2 1 -0.0218667
7 2 2 2 -0.0000000
7 2 3 0 0.0000000
7 2 3 1 0.0000000
7 2 3 2 -0.0299081
7 2 3 3 -0.0000000
7 2 4 0 0.0000000
7 2 4 1 -0.0000000
7 2 4 2 0.0423997
7 2 4 3 0.0000000
7 2 4 4 0.0000000
7 2 5 0 0.0092312
7 2 5 1 -0.0131789
7 2 5 2 0.0000000
7 2 5 3 0.0078928
7 2 5 4 -0.0498291
7 2 5 5 0.0000000
7 2 6 0 0.0000000
7 2 6 1 0.0000000
7 2 6 2 -0.0052082
7 2 6 3 -0.0000000
7 2 6 4 -0.0000000
7 2 6 5 -0.0149487
7 2 6 6 -0.0000000
7 2 7 0 0.0000000
7 2 7 1 -0.0000000
7 2 7 2 0.0332236
7 2 7 3 0.0000000
7 2 7 4 0.0000000
7 2 7 5 0.0046499
7 2 7 6 0.0000000
7 2 7 7 0.0000000
7 3 0 0 0.0275752
7 3 1 0 -0.0027469
7 3 1 1 0.0378523
7 3 2 0 -0.0000000
7 3 2 1 0.0000000
7 3 2 2 -0.0204457
7 3 3 0 0.0041569
7 3 3 1 -0.0112210
7 3 3 2 -0.0000000
7 3 3 3 -0.0003135
7 3 4 0 0.0040279
7 3 4 1 0.0038434
7 3 4 2 0.0000000
7 3 4 3 -0.0028076
7 3 4 4 -0.0307131
7 3 5 0 0.0000000
7 3 5 1 -0.0000000
7 3 5 2 0.0180131
7 3 5 3 0.0000000
7 3 5 4 -0.0000000
7 3 5 5 -0.0022970
7 3 6 0 -0.0057618
7 3 6 1 0.0051846
7 3 6 2 -0.0000000
7 3 6 3 0.0119245
7 3 6 4 0.0072381
7 3 6 5 -0.0000000
7 3 6 6 0.0364205
7 3 7 0 -0.0013646
7 3 7 1 -0.0025896
7 3 7 2 0.0000000
7 3 7 3 0.0263044
7 3 7 4 0.0010745
7 3 7 5 -0.0000000
7 3 7 6 -0.0017207
7 3 7 7 0.0163327
7 4 0 0 -0.1313142
7 4 1 0 -0.0076242
7 4 1 1 -0.0274817
7 4 2 0 -0.0000000
7 4 2 1 -0.0000000
7 4 2 2 -0.0124490
7 4 3 0 -0.0018795
7 4 3 1 -0.0016280
7 4 3 2 0.0000000
7 4 3 3 -0.0432163
7 4 4 0 -0.0004365
7 4 4 1 -0.0060004
7 4 4 2 0.0000000
7 4 4 3 -0.0248945
7 4 4 4 -0.0178358
7 4 5 0 0.0000000
7 4 5 1 0.0000000
7 4 5 2 -0.0327727
7 4 5 3 -0.0000000
7 4 5 4 -0.0000000
7 4 5 5 -0.0302317
7 4 6 0 -0.0062928
7 4 6 1 -0.0144578
7 4 6 2 -0.0000000
7 4 6 3 0.0184244
7 4 6 4 0.0076889
7 4 6 5 -0.0000000
7 4 6 6 -0.0322777
7 4 7 0 -0.0041592
7 4 7 1 -0.0004508
7 4 7 2 0.0000000
7 4 7 3 0.0010745
7 4 7 4 0.0279120
7 4 7 5 -0.0000000
7 4 7 6 0.0007688
7 4 7 7 -0.0381166
7 5 0 0 0.0000000
7 5 1 0 0.0000000
7 5 1 1 0.0000000
7 5 2 0 0.0033752
7 5 2 1 -0.0033537
7 5 2 2 0.0000000
7 5 3 0 0.0000000
7 5 3 1 -0.0000000
7 5 3 2 0.0035168
7 5 3 3 0.0000000
7 5 4 0 0.0000000
7 5 4 1 0.0000000
7 5 4 2 -0.0160532
7 5 4 3 -0.0000000
7 5 4 4 0.0000000
7 5 5 0 0.0057661
7 5 5 1 -0.0070401
7 5 5 2 0.0000000
7 5 5 3 -0.0046387
7 5 5 4 0.0052735
7 5 5 5 0.0000000
7 5 6 0 0.0000000
7 5 6 1 0.0000000
7 5 6 2 -0.0051240
7 5 6 3 -0.0000000
7 5 6 4 -0.0000000
7 5 6 5 -0.0045667
7 5 6 6 0.0000000
7 5 7 0 0.0000000
7 5 7 1 0.0000000
7 5 7 2 0.0046499
7 5 7 3 -0.0000000
7 5 7 4 -0.0000000
7 5 7 5 0.0107773
7 5 7 6 -0.0000000
7 5 7 7 0.0000000
7 6 0 0 -0.0201210
7 6 1 0 -0.0022504
7 6 1 1 -0.0015235
7 6 2 0 0.0000000
7 6 2 1 -0.0000000
7 6 2 2 -0.0103579
7 6 3 0 -0.0073737
7 6 3 1 0.0205687
7 6 3 2 -0.0000000
7 6 3 3 0.0016959
7 6 4 0 -0.0018167
7 6 4 1 0.0017412
7 6 4 2 -0.0000000
7 6 4 3 0.0145856
7 6 4 4 -0.0015642
7 6 5 0 0.0000000
7 6 5 1 -0.0000000
7 6 5 2 -0.0021730
7 6 5 3 -0.0000000
7 6 5 4 -0.0000000
7 6 5 5 -0.0081566
7 6 6 0 0.0029133
7 6 6 1 -0.0012994
7 6 6 2 -0.0000000
7 6 6 3 0.0087120
7 6 6 4 -0.0064065
7 6 6 5 0.0000000
7 6 6 6 -0.0174079
7 6 7 0 -0.0029440
7 6 7 1 -0.0048665
7 6 7 2 0.0000000
7 6 7 3 -0.0017207
7 6 7 4 0.0007688
7 6 7 5 -0.0000000
7 6 7 6 0.0412172
7 6 7 7 -0.0175991
7 7 0 0 0.5615976
7 7 1 0 0.0086631
7 7 1 1 0.4489442
7 7 2 0 -0.0000000
7 7 2 1 0.0000000
7 7 2 2 0.3832837
7 7 3 0 0.0073891
7 7 3 1 -0.0438145
7 7 3 2 -0.0000000
7 7 3 3 0.4197657
7 7 4 0 0.0026096
7 7 4 1 0.0064304
7 7 4 2 0.0000000
7 7 4 3 0.0205432
7 7 4 4 0.3693689
7 7 5 0 -0.0000000
7 7 5 1 0.0000000
7 7 5 2 0.0550632
7 7 5 3 0.0000000
7 7 5 4 0.0000000
7 7 5 5 0.4072385
7 7 6 0 0.0031130
7 7 6 1 -0.0138356
7 7 6 2 0.0000000
7 7 6 3 0.0071001
7 7 6 4 -0.0054662
7 7 6 5 -0.0000000
7 7 6 6 0.5084158
7 7 7 0 0.0062527
7 7 7 1 0.0019968
7 7 7 2 0.0000000
7 7 7 3 0.0163327
7 7 7 4 -0.0381166
7 7 7 5 0.0000000
7 7 7 6 -0.0175991
7 7 7 7 0.5146546
8 0 0 0 -0.0000000
8 0 1 0 -0.0000000
8 0 1 1 0.0000000
8 0 2 0 0.0001900
8 0 2 1 -0.0002937
8 0 2 2 -0.0000000
8 0 3 0 0.0000000
8 0 3 1 -0.0000000
8 0 3 2 -0.0001302
8 0 3 3 -0.0000000
8 0 4 0 0.0000000
8 0 4 1 -0.0000000
8 0 4 2 -0.0000237
8 0 4 3 -0.0000000
8 0 4 4 -0.0000000
8 0 5 0 0.0003897
8 0 5 1 -0.0004578
8 0 5 2 0.0000000
8 0 5 3 -0.0000971
8 0 5 4 -0.0002268
8 0 5 5 0.0000000
8 0 6 0 0.0000000
8 0 6 1 -0.0000000
8 0 6 2 -0.0001842
8 0 6 3 -0.0000000
8 0 6 4 -0.0000000
8 0 6 5 -0.0003495
8 0 6 6 -0.0000000
8 0 7 0 -0.0000000
8 0 7 1 -0.0000000
8 0 7 2 0.0001587
8 0 7 3 0.0000000
8 0 7 4 0.0000000
8 0 7 5 0.0001179
8 0 7 6 0.0000000
8 0 7 7 0.0000000
8 0 8 0 0.0000104
8 0 8 1 -0.0000050
8 0 8 2 -0.0000000
8 0 8 3 -0.0000460
8 0 8 4 0.0000016
8 0 8 5 0.0000000
8 0 8 6 -0.0002017
8 0 8 7 -0.0000280
8 0 8 8 0.0000000
8 1 0 0 -0.0000000
8 1 1 0 0.0000000
8 1 1 1 -0.0000000
8 1 2 0 -0.0013330
8 1 2 1 0.0113835
8 1 2 2 0.0000000
8 1 3 0 -0.0000000
8 1 3 1 0.0000000
8 1 3 2 0.0047367
8 1 3 3 -0.0000000
8 1 4 0 -0.0000000
8 1 4 1 0.0000000
8 1 4 2 -0.0077821
8 1 4 3 0.0000000
8 1 4 4 -0.0000000
8 1 5 0 -0.0029046
8 1 5 1 0.0146133
8 1 5 2 -0.0000000
8 1 5 3 -0.0016430
8 1 5 4 0.0086429
8 1 5 5 -0.0000000
8 1 6 0 -0.0000000
8 1 6 1 -0.0000000
8 1 6 2 0.0068307
8 1 6 3 0.0000000
8 1 6 4 0.0000000
8 1 6 5 0.0094908
8 1 6 6 0.0000000
8 1 7 0 -0.0000000
8 1 7 1 0.0000000
8 1 7 2 -0.0056532
8 1 7 3 -0.0000000
8 1 7 4 -0.0000000
8 1 7 5 -0.0015549
8 1 7 6 -0.0000000
8 1 7 7 0.0000000
8 1 8 0 -0.0000050
8 1 8 1 0.0214996
8 1 8 2 0.0000000
8 1 8 3 -0.0127247
8 1 8 4 -0.0007065
8 1 8 5 0.0000000
8 1 8 6 -0.0257860
8 1 8 7 0.0007369
8 1 8 8 0.0000000
8 2 0 0 0.0194169
8 2 1 0 0.0001178
8 2 1 1 0.0057846
8 2 2 0 -0.0000000
8 2 2 1 0.0000000
8 2 2 2 0.0152048
8 2 3 0 0.0002122
8 2 3 1 0.0052799
8 2 3 2 0.0000000
8 2 3 3 0.0097837
8 2 4 0 0.0001500
8 2 4 1 0.0000769
8 2 4 2 -0.0000000
8 2 4 3 0.0002085
8 2 4 4 0.0136092
8 2 5 0 -0.0000000
8 2 5 1 -0.0000000
8 2 5 2 0.0022637
8 2 5 3 0.0000000
8 2 5 4 0.0000000
8 2 5 5 0.0161247
8 2 6 0 0.0000115
8 2 6 1 0.0139302
8 2 6 2 0.0000000
8 2 6 3 -0.0092036
8 2 6 4 0.0000522
8 2 6 5 0.0000000
8 2 6 6 -0.0066406
8 2 7 0 0.0001633
8 2 7 1 -0.0009860
8 2 7 2 -0.0000000
8 2 7 3 -0.0017768
8 2 7 4 -0.0010096
8 2 7 5 0.0000000
8 2 7 6 -0.0012393
8 2 7 7 -0.0077149
8 2 8 0 -0.0000000
8 2 8 1 0.0000000
8 2 8 2 0.0042170
8 2 8 3 -0.0000000
8 2 8 4 0.0000000
8 2 8 5 0.0033865
8 2 8 6 -0.0000000
8 2 8 7 -0.0000000
8 2 8 8 -0.0294926
8 3 0 0 0.0000000
8 3 1 0 -0.0000000
8 3 1 1 0.0000000
8 3 2 0 0.0003889
8 3 2 1 -0.0037895
8 3 2 2 0.0000000
8 3 3 0 0.0000000
8 3 3 1 -0.0000000
8 3 3 2 -0.0001854
8 3 3 3 0.0000000
8 3 4 0 0.0000000
8 3 4 1 -0.0000000
8 3 4 2 0.0023468
8 3 4 3 0.0000000
8 3 4 4 0.0000000
8 3 5 0 0.0008362
8 3 5 1 -0.0052601
8 3 5 2 0.0000000
8 3 5 3 0.0020002
8 3 5 4 -0.0020502
8 3 5 5 0.0000000
8 3 6 0 0.0000000
8 3 6 1 0.0000000
8 3 6 2 -0.0031881
8 3 6 3 -0.0000000
8 3 6 4 -0.0000000
8 3 6 5 -0.0036186
8 3 6 6 -0.0000000
8 3 7 0 0.0000000
8 3 7 1 -0.0000000
8 3 7 2 0.0017417
8 3 7 3 0.0000000
8 3 7 4 -0.0000000
8 3 7 5 0.0008105
8 3 7 6 -0.0000000
8 3 7 7 -0.0000000
8 3 8 0 -0.0000460
8 3 8 1 -0.0127247
8 3 8 2 -0.0000000
8 3 8 3 0.0083808
8 3 8 4 0.0002819
8 3 8 5 -0.0000000
8 3 8 6 0.0173440
8 3 8 7 0.0012075
8 3 8 8 -0.0000000
8 4 0 0 0.0000000
8 4 1 0 -0.0000000
8 4 1 1 0.0000000
8 4 2 0 -0.0000034
8 4 2 1 -0.0013989
8 4 2 2 0.0000000
8 4 3 0 0.0000000
8 4 3 1 0.0000000
8 4 3 2 -0.0014830
8 4 3 3 0.0000000
8 4 4 0 0.0000000
8 4 4 1 -0.0000000
8 4 4 2 0.0035887
8 4 4 3 0.0000000
8 4 4 4 0.0000000
8 4 5 0 0.0001213
8 4 5 1 -0.0005561
8 4 5 2 0.0000000
8 4 5 3 0.0009295
8 4 5 4 -0.0028375
8 4 5 5 0.0000000
8 4 6 0 -0.0000000
8 4 6 1 0.0000000
8 4 6 2 -0.0002681
8 4 6 3 -0.0000000
8 4 6 4 -0.0000000
8 4 6 5 -0.0006662
8 4 6 6 -0.0000000
8 4 7 0 0.0000000
8 4 7 1 -0.0000000
8 4 7 2 0.0013316
8 4 7 3 -0.0000000
8 4 7 4 -0.0000000
8 4 7 5 -0.0003057
8 4 7 6 -0.0000000
8 4 7 7 -0.0000000
8 4 8 0 0.0000016
8 4 8 1 -0.0007065
8 4 8 2 0.0000000
8 4 8 3 0.0002819
8 4 8 4 0.0002246
8 4 8 5 0.0000000
8 4 8 6 0.0002913
8 4 8 7 0.0003280
8 4 8 8 -0.0000000
8 5 0 0 0.0262807
8 5 1 0 -0.0002650
8 5 1 1 0.0165056
8 5 2 0 -0.0000000
8 5 2 1 0.0000000
8 5 2 2 0.0120659
8 5 3 0 0.0003096
8 5 3 1 0.0026036
8 5 3 2 0.0000000
8 5 3 3 0.0136077
8 5 4 0 0.0006258
8 5 4 1 0.0012500
8 5 4 2 -0.0000000
8 5 4 3 0.0026723
8 5 4 4 0.0091246
8 5 5 0 -0.0000000
8 5 5 1 -0.0000000
8 5 5 2 0.0074648
8 5 5 3 0.0000000
8 5 5 4 0.0000000
8 5 5 5 0.0175676
8 5 6 0 -0.0004228
8 5 6 1 0.0125987
8 5 6 2 0.0000000
8 5 6 3 -0.0060782
8 5 6 4 -0.0001198
8 5 6 5 0.0000000
8 5 6 6 0.0046344
8 5 7 0 -0.0001245
8 5 7 1 -0.0006062
8 5 7 2 -0.0000000
8 5 7 3 0.0002803
8 5 7 4 -0.0020321
8 5 7 5 -0.0000000
8 5 7 6 -0.0003035
8 5 7 7 -0.0021904
8 5 8 0 0.0000000
8 5 8 1 0.0000000
8 5 8 2 0.0033865
8 5 8 3 -0.0000000
8 5 8 4 0.0000000
8 5 8 5 0.0034052
8 5 8 6 -0.0000000
8 5 8 7 0.0000000
8 5 8 8 -0.0175184
8 6 0 0 0.0000000
8 6 1 0 -0.0000000
8 6 1 1 0.0000000
8 6 2 0 0.0001511
8 6 2 1 -0.0037214
8 6 2 2 0.0000000
8 6 3 0 0.0000000
8 6 3 1 -0.0000000
8 6 3 2 -0.0022849
8 6 3 3 0.0000000
8 6 4 0 0.0000000
8 6 4 1 -0.0000000
8 6 4 2 0.0045186
8 6 4 3 0.0000000
8 6 4 4 0.0000000
8 6 5 0 0.0004124
8 6 5 1 -0.0049282
8 6 5 2 0.0000000
8 6 5 3 0.0014969
8 6 5 4 -0.0036117
8 6 5 5 0.0000000
8 6 6 0 0.0000000
8 6 6 1 0.0000000
8 6 6 2 -0.0038342
8 6 6 3 -0.0000000
8 6 6 4 -0.0000000
8 6 6 5 -0.0032226
8 6 6 6 -0.0000000
8 6 7 0 -0.0000000
8 6 7 1 -0.0000000
8 6 7 2 0.0020830
8 6 7 3 0.0000000
8 6 7 4 -0.0000000
8 6 7 5 0.0004223
8 6 7 6 0.0000000
8 6 7 7 -0.0000000
8 6 8 0 -0.0002017
8 6 8 1 -0.0257860
8 6 8 2 -0.0000000
8 6 8 3 0.0173440
8 6 8 4 0.0002913
8 6 8 5 -0.0000000
8 6 8 6 0.0416724
8 6 8 7 -0.0010727
8 6 8 8 -0.0000000
8 7 0 0 -0.0000000
8 7 1 0 -0.0000000
8 7 1 1 0.0000000
8 7 2 0 0.0001996
8 7 2 1 -0.0010997
8 7 2 2 -0.0000000
8 7 3 0 0.0000000
8 7 3 1 -0.0000000
8 7 3 2 -0.0010757
8 7 3 3 -0.0000000
8 7 4 0 0.0000000
8 7 4 1 -0.0000000
8 7 4 2 0.0004725
8 7 4 3 -0.0000000
8 7 4 4 -0.0000000
8 7 5 0 0.0003983
8 7 5 1 -0.0016104
8 7 5 2 0.0000000
8 7 5 3 -0.0002936
8 7 5 4 -0.0009578
8 7 5 5 0.0000000
8 7 6 0 0.0000000
8 7 6 1 -0.0000000
8 7 6 2 -0.0005182
8 7 6 3 -0.0000000
8 7 6 4 -0.0000000
8 7 6 5 -0.0007372
8 7 6 6 -0.0000000
8 7 7 0 0.0000000
8 7 7 1 0.0000000
8 7 7 2 -0.0010908
8 7 7 3 -0.0000000
8 7 7 4 -0.0000000
8 7 7 5 -0.0011599
8 7 7 6 -0.0000000
8 7 7 7 0.0000000
8 7 8 0 -0.0000280
8 7 8 1 0.0007369
8 7 8 2 -0.0000000
8 7 8 3 0.0012075
8 7 8 4 0.0003280
8 7 8 5 0.0000000
8 7 8 6 -0.0010727
8 7 8 7 0.0210482
8 7 8 8 -0.0000000
8 8 0 0 0.3244157
8 8 1 0 -0.0029870
8 8 1 1 0.4388628
8 8 2 0 -0.0000000
8 8 2 1 0.0000000
8 8 2 2 0.2655375
8 8 3 0 0.0038405
8 8 3 1 -0.0882447
8 8 3 2 -0.0000000
8 8 3 3 0.3232830
8 8 4 0 0.0041346
8 8 4 1 0.0025094
8 8 4 2 0.0000000
8 8 4 3 0.0069429
8 8 4 4 0.2380173
8 8 5 0 0.0000000
8 8 5 1 0.0000000
8 8 5 2 0.0446881
8 8 5 3 -0.0000000
8 8 5 4 0.0000000
8 8 5 5 0.2898246
8 8 6 0 -0.0059117
8 8 6 1 -0.0971783
8 8 6 2 -0.0000000
8 8 6 3 0.0875403
8 8 6 4 -0.0002174
8 8 6 5 -0.0000000
8 8 6 6 0.5348732
8 8 7 0 -0.0013684
8 8 7 1 0.0047069
8 8 7 2 -0.0000000
8 8 7 3 0.0325764
8 8 7 4 -0.0038926
8 8 7 5 -0.0000000
8 8 7 6 -0.0081532
8 8 7 7 0.4670422
8 8 8 0 0.0000000
8 8 8 1 0.0000000
8 8 8 2 -0.0294926
8 8 8 3 -0.0000000
8 8 8 4 -0.0000000
8 8 8 5 -0.0175184
8 8 8 6 -0.0000000
8 8 8 7 -0.0000000
8 8 8 8 0.6728327
9 0 0 0 0.0027895
9 0 1 0 0.0001220
9 0 1 1 0.0004622
9 0 2 0 -0.0000000
9 0 2 1 -0.0000000
9 0 2 2 0.0003375
9 0 3 0 0.0000547
9 0 3 1 0.0001898
9 0 3 2 0.0000000
9 0 3 3 0.0004732
9 0 4 0 0.0002066
9 0 4 1 0.0000695
9 0 4 2 0.0000000
9 0 4 3 0.0001406
9 0 4 4 0.0003353
9 0 5 0 -0.0000000
9 0 5 1 -0.0000000
9 0 5 2 0.0002277
9 0 5 3 0.0000000
9 0 5 4 0.0000000
9 0 5 5 0.0005817
9 0 6 0 0.0000906
9 0 6 1 0.0004762
9 0 6 2 0.0000000
9 0 6 3 -0.0002283
9 0 6 4 -0.0000124
9 0 6 5 0.0000000
9 0 6 6 0.0001379
9 0 7 0 -0.0001214
9 0 7 1 0.0000157
9 0 7 2 0.0000000
9 0 7 3 0.0000169
9 0 7 4 -0.0000853
9 0 7 5 0.0000000
9 0 7 6 0.0000201
9 0 7 7 -0.0000577
9 0 8 0 -0.0000000
9 0 8 1 -0.0000000
9 0 8 2 0.0000720
9 0 8 3 0.0000000
9 0 8 4 0.0000000
9 0 8 5 0.0000694
9 0 8 6 0.0000000
9 0 8 7 0.0000000
9 0 8 8 -0.0004526
9 0 9 0 0.0000067
9 0 9 1 0.0000511
9 0 9 2 0.0000000
9 0 9 3 -0.0000641
9 0 9 4 0.0000079
9 0 9 5 0.0000000
9 0 9 6 -0.0002076
9 0 9 7 -0.0000201
9 0 9 8 0.0000000
9 0 9 9 -0.0031116
9 1 0 0 -0.0045855
9 1 1 0 0.0001257
9 1 1 1 -0.0023149
9 1 2 0 0.0000000
9 1 2 1 0.0000000
9 1 2 2 -0.0025216
9 1 3 0 0.0000322
9 1 3 1 -0.0018608
9 1 3 2 -0.0000000
9 1 3 3 -0.0021789
9 1 4 0 -0.0001028
9 1 4 1 -0.0001911
9 1 4 2 -0.0000000
9 1 4 3 -0.0005192
9 1 4 4 -0.0021609
9 1 5 0 -0.0000000
9 1 5 1 0.0000000
9 1 5 2 -0.0010473
9 1 5 3 -0.0000000
9 1 5 4 -0.0000000
9 1 5 5 -0.0033819
9 1 6 0 0.0000898
9 1 6 1 -0.0043228
9 1 6 2 -0.0000000
9 1 6 3 0.0022425
9 1 6 4 -0.0000075
9 1 6 5 -0.0000000
9 1 6 6 0.0021485
9 1 7 0 0.0000892
9 1 7 1 0.0002140
9 1 7 2 0.0000000
9 1 7 3 -0.0003285
9 1 7 4 0.0002316
9 1 7 5 0.0000000
9 1 7 6 -0.0006856
9 1 7 7 -0.0002668
9 1 8 0 0.0000000
9 1 8 1 0.0000000
9 1 8 2 -0.0004553
9 1 8 3 -0.0000000
9 1 8 4 -0.0000000
9 1 8 5 -0.0004426
9 1 8 6 -0.0000000
9 1 8 7 0.0000000
9 1 8 8 0.0013766
9 1 9 0 0.0000511
9 1 9 1 0.0041460
9 1 9 2 0.0000000
9 1 9 3 -0.0030715
9 1 9 4 0.0001803
9 1 9 5 0.0000000
9 1 9 6 -0.0093045
9 1 9 7 0.0007800
9 1 9 8 0.0000000
9 1 9 9 -0.0408176
9 2 0 0 -0.0000000
9 2 1 0 -0.0000000
9 2 1 1 -0.0000000
9 2 2 0 0.0000370
9 2 2 1 -0.0002392
9 2 2 2 -0.0000000
9 2 3 0 0.0000000
9 2 3 1 -0.0000000
9 2 3 2 -0.0000212
9 2 3 3 -0.0000000
9 2 4 0 -0.0000000
9 2 4 1 -0.0000000
9 2 4 2 0.0000088
9 2 4 3 -0.0000000
9 2 4 4 -0.0000000
9 2 5 0 0.0000738
9 2 5 1 -0.0003758
9 2 5 2 -0.0000000
9 2 5 3 -0.0000476
9 2 5 4 -0.0000224
9 2 5 5 -0.0000000
9 2 6 0 0.0000000
9 2 6 1 -0.0000000
9 2 6 2 -0.0002371
9 2 6 3 0.0000000
9 2 6 4 -0.0000000
9 2 6 5 -0.0002757
9 2 6 6 0.0000000
9 2 7 0 0.0000000
9 2 7 1 0.0000000
9 2 7 2 0.0000255
9 2 7 3 -0.0000000
9 2 7 4 0.0000000
9 2 7 5 0.0000378
9 2 7 6 -0.0000000
9 2 7 7 -0.0000000
9 2 8 0 0.0000011
9 2 8 1 -0.0005440
9 2 8 2 -0.0000000
9 2 8 3 0.0003321
9 2 8 4 -0.0000014
9 2 8 5 -0.0000000
9 2 8 6 0.0007517
9 2 8 7 -0.0000536
9 2 8 8 0.0000000
9 2 9 0 0.0000000
9 2 9 1 0.0000000
9 2 9 2 0.0002037
9 2 9 3 -0.0000000
9 2 9 4 0.0000000
9 2 9 5 0.0001721
9 2 9 6 -0.0000000
9 2 9 7 0.0000000
9 2 9 8 -0.0016602
9 2 9 9 -0.0000000
9 3 0 0 0.0007034
9 3 1 0 0.0000368
9 3 1 1 -0.0002770
9 3 2 0 0.0000000
9 3 2 1 -0.0000000
9 3 2 2 0.0008512
9 3 3 0 0.0000605
9 3 3 1 0.0003513
9 3 3 2 0.0000000
9 3 3 3 0.0001746
9 3 4 0 -0.0000051
9 3 4 1 -0.0000776
9 3 4 2 0.0000000
9 3 4 3 -0.0000874
9 3 4 4 0.0007869
9 3 5 0 0.0000000
9 3 5 1 -0.0000000
9 3 5 2 -0.0000128
9 3 5 3 0.0000000
9 3 5 4 -0.0000000
9 3 5 5 0.0007242
9 3 6 0 -0.0000014
9 3 6 1 0.0012351
9 3 6 2 0.0000000
9 3 6 3 -0.0010562
9 3 6 4 0.0000011
9 3 6 5 0.0000000
9 3 6 6 -0.0012030
9 3 7 0 0.0000417
9 3 7 1 -0.0000005
9 3 7 2 0.0000000
9 3 7 3 -0.0000628
9 3 7 4 -0.0000561
9 3 7 5 0.0000000
9 3 7 6 -0.0002549
9 3 7 7 0.0012816
9 3 8 0 0.0000000
9 3 8 1 -0.0000000
9 3 8 2 -0.0000535
9 3 8 3 0.0000000
9 3 8 4 -0.0000000
9 3 8 5 -0.0000603
9 3 8 6 0.0000000
9 3 8 7 -0.0000000
9 3 8 8 0.0013557
9 3 9 0 -0.0000641
9 3 9 1 -0.0030715
9 3 9 2 -0.0000000
9 3 9 3 0.0025798
9 3 9 4 -0.0001488
9 3 9 5 -0.0000000
9 3 9 6 0.0075721
9 3 9 7 0.0005952
9 3 9 8 -0.0000000
9 3 9 9 0.0451876
9 4 0 0 0.0008072
9 4 1 0 0.0000517
9 4 1 1 0.0000519
9 4 2 0 0.0000000
9 4 2 1 -0.0000000
9 4 2 2 0.0001744
9 4 3 0 0.0000218
9 4 3 1 0.0000632
9 4 3 2 -0.0000000
9 4 3 3 0.0001679
9 4 4 0 0.0000136
9 4 4 1 -0.0000013
9 4 4 2 0.0000000
9 4 4 3 0.0001017
9 4 4 4 0.0002026
9 4 5 0 0.0000000
9 4 5 1 -0.0000000
9 4 5 2 0.0001318
9 4 5 3 0.0000000
9 4 5 4 -0.0000000
9 4 5 5 0.0002113
9 4 6 0 0.0000394
9 4 6 1 0.0002880
9 4 6 2 0.0000000
9 4 6 3 -0.0002641
9 4 6 4 -0.0000479
9 4 6 5 0.0000000
9 4 6 6 -0.0002172
9 4 7 0 0.0000203
9 4 7 1 0.0000006
9 4 7 2 0.0000000
9 4 7 3 -0.0000973
9 4 7 4 -0.0001495
9 4 7 5 0.0000000
9 4 7 6 -0.0000748
9 4 7 7 -0.0001955
9 4 8 0 0.0000000
9 4 8 1 -0.0000000
9 4 8 2 0.0000940
9 4 8 3 0.0000000
9 4 8 4 0.0000000
9 4 8 5 0.0000765
9 4 8 6 0.0000000
9 4 8 7 -0.0000000
9 4 8 8 -0.0006233
9 4 9 0 0.0000079
9 4 9 1 0.0001803
9 4 9 2 0.0000000
9 4 9 3 -0.0001488
9 4 9 4 0.0000241
9 4 9 5 0.0000000
9 4 9 6 -0.0005442
9 4 9 7 0.0002001
9 4 9 8 -0.0000000
9 4 9 9 -0.0069080
9 5 0 0 0.0000000
9 5 1 0 -0.0000000
9 5 1 1 0.0000000
9 5 2 0 0.0000724
9 5 2 1 -0.0004499
9 5 2 2 -0.0000000
9 5 3 0 0.0000000
9 5 3 1 -0.0000000
9 5 3 2 -0.0002381
9 5 3 3 0.0000000
9 5 4 0 0.0000000
9 5 4 1 -0.0000000
9 5 4 2 0.0002643
9 5 4 3 -0.0000000
9 5 4 4 -0.0000000
9 5 5 0 0.0001571
9 5 5 1 -0.0006329
9 5 5 2 0.0000000
9 5 5 3 -0.0000267
9 5 5 4 -0.0003458
9 5 5 5 0.0000000
9 5 6 0 0.0000000
9 5 6 1 -0.0000000
9 5 6 2 -0.0002909
9 5 6 3 0.0000000
9 5 6 4 -0.0000000
9 5 6 5 -0.0004531
9 5 6 6 0.0000000
9 5 7 0 -0.0000000
9 5 7 1 0.0000000
9 5 7 2 0.0001831
9 5 7 3 -0.0000000
9 5 7 4 -0.0000000
9 5 7 5 0.0000158
9 5 7 6 -0.0000000
9 5 7 7 -0.0000000
9 5 8 0 0.0000036
9 5 8 1 -0.0006004
9 5 8 2 0.0000000
9 5 8 3 0.0003399
9 5 8 4 0.0000048
9 5 8 5 -0.0000000
9 5 8 6 0.0007050
9 5 8 7 0.0000285
9 5 8 8 -0.0000000
9 5 9 0 0.0000000
9 5 9 1 0.0000000
9 5 9 2 0.0001721
9 5 9 3 -0.0000000
9 5 9 4 0.0000000
9 5 9 5 0.0001496
9 5 9 6 -0.0000000
9 5 9 7 0.0000000
9 5 9 8 -0.0013730
9 5 9 9 -0.0000000
9 6 0 0 -0.0033025
9 6 1 0 0.0000896
9 6 1 1 -0.0044177
9 6 2 0 0.0000000
9 6 2 1 -0.0000000
9 6 2 2 -0.0009355
9 6 3 0 -0.0001110
9 6 3 1 0.0017926
9 6 3 2 0.0000000
9 6 3 3 -0.0026339
9 6 4 0 -0.0001270
9 6 4 1 -0.0001684
9 6 4 2 -0.0000000
9 6 4 3 -0.0002281
9 6 4 4 -0.0008226
9 6 5 0 0.0000000
9 6 5 1 -0.0000000
9 6 5 2 -0.0006904
9 6 5 3 0.0000000
9 6 5 4 -0.0000000
9 6 5 5 -0.0016844
9 6 6 0 0.0001484
9 6 6 1 0.0011873
9 6 6 2 0.0000000
9 6 6 3 -0.0011166
9 6 6 4 0.0000690
9 6 6 5 0.0000000
9 6 6 6 -0.0049875
9 6 7 0 0.0000215
9 6 7 1 -0.0001219
9 6 7 2 -0.0000000
9 6 7 3 0.0004666
9 6 7 4 0.0003140
9 6 7 5 -0.0000000
9 6 7 6 0.0006993
9 6 7 7 0.0033673
9 6 8 0 0.0000000
9 6 8 1 0.0000000
9 6 8 2 -0.0008673
9 6 8 3 -0.0000000
9 6 8 4 -0.0000000
9 6 8 5 -0.0008637
9 6 8 6 -0.0000000
9 6 8 7 0.0000000
9 6 8 8 0.0065381
9 6 9 0 -0.0002076
9 6 9 1 -0.0093045
9 6 9 2 -0.0000000
9 6 9 3 0.0075721
9 6 9 4 -0.0005442
9 6 9 5 -0.0000000
9 6 9 6 0.0233188
9 6 9 7 -0.0009197
9 6 9 8 -0.0000000
9 6 9 9 0.1528858
9 7 0 0 -0.0009801
9 7 1 0 -0.0001038
9 7 1 1 0.0007396
9 7 2 0 -0.0000000
9 7 2 1 0.0000000
9 7 2 2 -0.0007253
9 7 3 0 -0.0000275
9 7 3 1 0.0001520
9 7 3 2 -0.0000000
9 7 3 3 -0.0004108
9 7 4 0 0.0000179
9 7 4 1 0.0001314
9 7 4 2 0.0000000
9 7 4 3 0.0001265
9 7 4 4 -0.0009207
9 7 5 0 0.0000000
9 7 5 1 0.0000000
9 7 5 2 0.0003219
9 7 5 3 0.0000000
9 7 5 4 0.0000000
9 7 5 5 -0.0004340
9 7 6 0 -0.0000590
9 7 6 1 -0.0001248
9 7 6 2 0.0000000
9 7 6 3 0.0001057
9 7 6 4 -0.0000408
9 7 6 5 -0.0000000
9 7 6 6 -0.0001646
9 7 7 0 -0.0000504
9 7 7 1 0.0011861
9 7 7 2 0.0000000
9 7 7 3 -0.0006450
9 7 7 4 0.0001990
9 7 7 5 0.0000000
9 7 7 6 -0.0020664
9 7 7 7 -0.0001771
9 7 8 0 -0.0000000
9 7 8 1 -0.0000000
9 7 8 2 -0.0000013
9 7 8 3 0.0000000
9 7 8 4 0.0000000
9 7 8 5 0.0001151
9 7 8 6 0.0000000
9 7 8 7 0.0000000
9 7 8 8 0.0000619
9 7 9 0 -0.0000201
9 7 9 1 0.0007800
9 7 9 2 0.0000000
9 7 9 3 0.0005952
9 7 9 4 0.0002001
9 7 9 5 0.0000000
9 7 9 6 -0.0009197
9 7 9 7 0.0091562
9 7 9 8 0.0000000
9 7 9 9 -0.0149404
9 8 0 0 -0.0000000
9 8 1 0 -0.0000000
9 8 1 1 0.0000000
9 8 2 0 0.0000752
9 8 2 1 -0.0012509
9 8 2 2 -0.0000000
9 8 3 0 0.0000000
9 8 3 1 -0.0000000
9 8 3 2 -0.0004246
9 8 3 3 -0.0000000
9 8 4 0 0.0000000
9 8 4 1 -0.0000000
9 8 4 2 0.0010922
9 8 4 3 0.0000000
9 8 4 4 0.0000000
9 8 5 0 0.0001850
9 8 5 1 -0.0011457
9 8 5 2 -0.0000000
9 8 5 3 0.0002593
9 8 5 4 -0.0010346
9 8 5 5 0.0000000
9 8 6 0 0.0000000
9 8 6 1 -0.0000000
9 8 6 2 0.0000814
9 8 6 3 0.0000000
9 8 6 4 -0.0000000
9 8 6 5 -0.0002950
9 8 6 6 -0.0000000
9 8 7 0 -0.0000000
9 8 7 1 -0.0000000
9 8 7 2 0.0005029
9 8 7 3 0.0000000
9 8 7 4 0.0000000
9 8 7 5 0.0000338
9 8 7 6 0.0000000
9 8 7 7 -0.0000000
9 8 8 0 -0.0000000
9 8 8 1 0.0010292
9 8 8 2 0.0000000
9 8 8 3 -0.0009465
9 8 8 4 0.0002621
9 8 8 5 0.0000000
9 8 8 6 -0.0030378
9 8 8 7 0.0004312
9 8 8 8 -0.0000000
9 8 9 0 0.0000000
9 8 9 1 0.0000000
9 8 9 2 -0.0016602
9 8 9 3 -0.0000000
9 8 9 4 -0.0000000
9 8 9 5 -0.0013730
9 8 9 6 -0.0000000
9 8 9 7 0.0000000
9 8 9 8 0.0145315
9 8 9 9 -0.0000000
9 9 0 0 0.3430181
9 9 1 0 -0.0034197
9 9 1 1 0.5199774
9 9 2 0 -0.0000000
9 9 2 1 0.0000000
9 9 2 2 0.2719415
9 9 3 0 0.0044459
9 9 3 1 -0.1352038
9 9 3 2 -0.0000000
9 9 3 3 0.3666785
9 9 4 0 0.0049468
9 9 4 1 0.0045964
9 9 4 2 0.0000000
9 9 4 3 0.0077495
9 9 4 4 0.2415112
9 9 5 0 0.0000000
9 9 5 1 0.0000000
9 9 5 2 0.0508880
9 9 5 3 -0.0000000
9 9 5 4 0.0000000
9 9 5 5 0.3003038
9 9 6 0 -0.0076423
9 9 6 1 -0.1934373
9 9 6 2 -0.0000000
9 9 6 3 0.1597017
9 9 6 4 -0.0024480
9 9 6 5 -0.0000000
9 9 6 6 0.7481224
9 9 7 0 -0.0020462
9 9 7 1 0.0115120
9 9 7 2 -0.0000000
9 9 7 3 0.0478221
9 9 7 4 -0.0026436
9 9 7 5 -0.0000000
9 9 7 6 -0.0086315
9 9 7 7 0.6182418
9 9 8 0 0.0000000
9 9 8 1 0.0000000
9 9 8 2 -0.0481092
9 9 8 3 -0.0000000
9 9 8 4 -0.0000000
9 9 8 5 -0.0313505
9 9 8 6 -0.0000000
9 9 8 7 -0.0000000
9 9 8 8 0.8416887
9 9 9 0 -0.0031116
9 9 9 1 -0.0408176
9 9 9 2 -0.0000000
9 9 9 3 0.0451876
9 9 9 4 -0.0069080
9 9 9 5 -0.0000000
9 9 9 6 0.1528858
9 9 9 7 -0.0149404
9 9 9 8 -0.0000000
9 9 9 9 3.4993864
10 0 0 0 0.0247533
10 0 1 0 0.0011540
10 0 1 1 0.0035271
10 0 2 0 -0.0000000
10 0 2 1 0.0000000
10 0 2 2 0.0001730
10 0 3 0 0.0000120
10 0 3 1 0.0015613
10 0 3 2 -0.0000000
10 0 3 3 0.0018099
10 0 4 0 0.0031955
10 0 4 1 0.0007056
10 0 4 2 0.0000000
10 0 4 3 0.0009793
10 0 4 4 -0.0000097
10 0 5 0 -0.0000000
10 0 5 1 -0.0000000
10 0 5 2 0.0009257
10 0 5 3 0.0000000
10 0 5 4 0.0000000
10 0 5 5 0.0017808
10 0 6 0 0.0012572
10 0 6 1 0.0021339
10 0 6 2 0.0000000
10 0 6 3 0.0004573
10 0 6 4 0.0000675
10 0 6 5 0.0000000
10 0 6 6 0.0012509
10 0 7 0 -0.0027184
10 0 7 1 0.0005657
10 0 7 2 -0.0000000
10 0 7 3 0.0002971
10 0 7 4 0.0006773
10 0 7 5 -0.0000000
10 0 7 6 0.0005694
10 0 7 7 -0.0013608
10 0 8 0 -0.0000000
10 0 8 1 -0.0000000
10 0 8 2 0.0001505
10 0 8 3 0.0000000
10 0 8 4 0.0000000
10 0 8 5 0.0002072
10 0 8 6 0.0000000
10 0 8 7 -0.0000000
10 0 8 8 -0.0007608
10 0 9 0 0.0000357
10 0 9 1 -0.0000592
10 0 9 2 -0.0000000
10 0 9 3 -0.0000034
10 0 9 4 0.0000000
10 0 9 5 0.0000000
10 0 9 6 -0.0000275
10 0 9 7 0.0000134
10 0 9 8 -0.0000000
10 0 9 9 -0.0010081
10 0 10 0 0.0006750
10 0 10 1 -0.0005555
10 0 10 2 -0.0000000
10 0 10 3 -0.0000194
10 0 10 4 -0.0001505
10 0 10 5 -0.0000000
10 0 10 6 -0.0000056
10 0 10 7 -0.0000525
10 0 10 8 0.0000000
10 0 10 9 0.0000224
10 0 10 10 -0.0012465
10 1 0 0 -0.0349144
10 1 1 0 0.0014637
10 1 1 1 -0.0385556
10 1 2 0 0.0000000
10 1 2 1 -0.0000000
10 1 2 2 -0.0146067
10 1 3 0 0.0007997
10 1 3 1 -0.0028958
10 1 3 2 0.0000000
10 1 3 3 -0.0248355
10 1 4 0 -0.0009158
10 1 4 1 -0.0022902
10 1 4 2 0.0000000
10 1 4 3 -0.0055896
10 1 4 4 -0.0127150
10 1 5 0 0.0000000
10 1 5 1 0.0000000
10 1 5 2 -0.0090934
10 1 5 3 -0.0000000
10 1 5 4 -0.0000000
10 1 5 5 -0.0234325
10 1 6 0 0.0009056
10 1 6 1 -0.0109100
10 1 6 2 -0.0000000
10 1 6 3 -0.0007341
10 1 6 4 0.0008547
10 1 6 5 -0.0000000
10 1 6 6 -0.0216096
10 1 7 0 0.0011145
10 1 7 1 -0.0000585
10 1 7 2 0.0000000
10 1 7 3 -0.0021218
10 1 7 4 0.0016789
10 1 7 5 0.0000000
10 1 7 6 -0.0051497
10 1 7 7 -0.0017092
10 1 8 0 0.0000000
10 1 8 1 0.0000000
10 1 8 2 -0.0036020
10 1 8 3 -0.0000000
10 1 8 4 -0.0000000
10 1 8 5 -0.0044082
10 1 8 6 -0.0000000
10 1 8 7 0.0000000
10 1 8 8 0.0061947
10 1 9 0 -0.0001224
10 1 9 1 0.0001472
10 1 9 2 -0.0000000
10 1 9 3 0.0007931
10 1 9 4 -0.0001936
10 1 9 5 -0.0000000
10 1 9 6 0.0037394
10 1 9 7 -0.0002443
10 1 9 8 -0.0000000
10 1 9 9 0.0316526
10 1 10 0 -0.0005555
10 1 10 1 0.0206798
10 1 10 2 0.0000000
10 1 10 3 -0.0098480
10 1 10 4 -0.0007667
10 1 10 5 0.0000000
10 1 10 6 -0.0235805
10 1 10 7 -0.0003060
10 1 10 8 0.0000000
10 1 10 9 0.0005076
10 1 10 10 0.0461116
10 2 0 0 -0.0000000
10 2 1 0 0.0000000
10 2 1 1 -0.0000000
10 2 2 0 -0.0007567
10 2 2 1 0.0044161
10 2 2 2 -0.0000000
10 2 3 0 -0.0000000
10 2 3 1 -0.0000000
10 2 3 2 0.0065381
10 2 3 3 -0.0000000
10 2 4 0 -0.0000000
10 2 4 1 0.0000000
10 2 4 2 -0.0098178
10 2 4 3 -0.0000000
10 2 4 4 -0.0000000
10 2 5 0 -0.0018396
10 2 5 1 0.0021312
10 2 5 2 -0.0000000
10 2 5 3 -0.0022056
10 2 5 4 0.0111854
10 2 5 5 -0.0000000
10 2 6 0 -0.0000000
10 2 6 1 -0.0000000
10 2 6 2 0.0010136
10 2 6 3 0.0000000
10 2 6 4 0.0000000
10 2 6 5 0.0029064
10 2 6 6 -0.0000000
10 2 7 0 0.0000000
10 2 7 1 0.0000000
10 2 7 2 -0.0074171
10 2 7 3 -0.0000000
10 2 7 4 0.0000000
10 2 7 5 -0.0009615
10 2 7 6 -0.0000000
10 2 7 7 -0.0000000
10 2 8 0 0.0000209
10 2 8 1 0.0019048
10 2 8 2 -0.0000000
10 2 8 3 -0.0012740
10 2 8 4 -0.0002446
10 2 8 5 0.0000000
10 2 8 6 -0.0033931
10 2 8 7 -0.0001670
10 2 8 8 0.0000000
10 2 9 0 -0.0000000
10 2 9 1 -0.0000000
10 2 9 2 -0.0000529
10 2 9 3 0.0000000
10 2 9 4 -0.0000000
10 2 9 5 -0.0000752
10 2 9 6 0.0000000
10 2 9 7 -0.0000000
10 2 9 8 0.0000969
10 2 9 9 0.0000000
10 2 10 0 -0.0000000
10 2 10 1 0.0000000
10 2 10 2 0.0028088
10 2 10 3 -0.0000000
10 2 10 4 0.0000000
10 2 10 5 0.0010551
10 2 10 6 -0.0000000
10 2 10 7 -0.0000000
10 2 10 8 -0.0113306
10 2 10 9 0.0000000
10 2 10 10 0.0000000
10 3 0 0 0.0024916
10 3 1 0 0.0003435
10 3 1 1 0.0069723
10 3 2 0 0.0000000
10 3 2 1 0.0000000
10 3 2 2 0.0097896
10 3 3 0 -0.0006659
10 3 3 1 -0.0013980
10 3 3 2 0.0000000
10 3 3 3 0.0079744
10 3 4 0 -0.0006027
10 3 4 1 -0.0008755
10 3 4 2 -0.0000000
10 3 4 3 0.0010397
10 3 4 4 0.0109068
10 3 5 0 -0.0000000
10 3 5 1 0.0000000
10 3 5 2 -0.0018026
10 3 5 3 -0.0000000
10 3 5 4 0.0000000
10 3 5 5 0.0075748
10 3 6 0 0.0008141
10 3 6 1 -0.0027086
10 3 6 2 -0.0000000
10 3 6 3 0.0005064
10 3 6 4 -0.0016834
10 3 6 5 0.0000000
10 3 6 6 0.0066178
10 3 7 0 0.0001672
10 3 7 1 -0.0021945
10 3 7 2 -0.0000000
10 3 7 3 -0.0035410
10 3 7 4 -0.0006475
10 3 7 5 -0.0000000
10 3 7 6 0.0059632
10 3 7 7 0.0018346
10 3 8 0 0.0000000
10 3 8 1 0.0000000
10 3 8 2 0.0010884
10 3 8 3 0.0000000
10 3 8 4 0.0000000
10 3 8 5 0.0012702
10 3 8 6 -0.0000000
10 3 8 7 0.0000000
10 3 8 8 -0.0001710
10 3 9 0 0.0000325
10 3 9 1 0.0003218
10 3 9 2 0.0000000
10 3 9 3 -0.0005563
10 3 9 4 0.0000987
10 3 9 5 0.0000000
10 3 9 6 -0.0022402
10 3 9 7 -0.0001097
10 3 9 8 0.0000000
10 3 9 9 -0.0122325
10 3 10 0 -0.0000194
10 3 10 1 -0.0098480
10 3 10 2 -0.0000000
10 3 10 3 0.0078973
10 3 10 4 0.0004208
10 3 10 5 -0.0000000
10 3 10 6 0.0144627
10 3 10 7 0.0081356
10 3 10 8 -0.0000000
10 3 10 9 -0.0007819
10 3 10 10 -0.0194151
10 4 0 0 0.0299263
10 4 1 0 0.0017263
10 4 1 1 0.0065939
10 4 2 0 0.0000000
10 4 2 1 0.0000000
10 4 2 2 0.0027116
10 4 3 0 0.0005065
10 4 3 1 0.0000483
10 4 3 2 -0.0000000
10 4 3 3 0.0096053
10 4 4 0 0.0001546
10 4 4 1 0.0012819
10 4 4 2 -0.0000000
10 4 4 3 0.0055471
10 4 4 4 0.0037849
10 4 5 0 -0.0000000
10 4 5 1 -0.0000000
10 4 5 2 0.0075641
10 4 5 3 0.0000000
10 4 5 4 0.0000000
10 4 5 5 0.0067467
10 4 6 0 0.0013745
10 4 6 1 0.0034642
10 4 6 2 0.0000000
10 4 6 3 -0.0042350
10 4 6 4 -0.0017236
10 4 6 5 0.0000000
10 4 6 6 0.0073559
10 4 7 0 0.0009375
10 4 7 1 -0.0000413
10 4 7 2 -0.0000000
10 4 7 3 -0.0001710
10 4 7 4 -0.0063893
10 4 7 5 0.0000000
10 4 7 6 -0.0000565
10 4 7 7 0.0082291
10 4 8 0 0.0000000
10 4 8 1 0.0000000
10 4 8 2 0.0003585
10 4 8 3 -0.0000000
10 4 8 4 0.0000000
10 4 8 5 0.0005934
10 4 8 6 -0.0000000
10 4 8 7 0.0000000
10 4 8 8 0.0003413
10 4 9 0 0.0000207
10 4 9 1 -0.0001067
10 4 9 2 -0.0000000
10 4 9 3 0.0000346
10 4 9 4 0.0000377
10 4 9 5 -0.0000000
10 4 9 6 -0.0000386
10 4 9 7 -0.0000435
10 4 9 8 0.0000000
10 4 9 9 -0.0000152
10 4 10 0 -0.0001505
10 4 10 1 -0.0007667
10 4 10 2 0.0000000
10 4 10 3 0.0004208
10 4 10 4 0.0014884
10 4 10 5 -0.0000000
10 4 10 6 0.0007578
10 4 10 7 -0.0009959
10 4 10 8 -0.0000000
10 4 10 9 -0.0000346
10 4 10 10 -0.0001437
10 5 0 0 -0.0000000
10 5 1 0 -0.0000000
10 5 1 1 -0.0000000
10 5 2 0 -0.0004880
10 5 2 1 -0.0006967
10 5 2 2 -0.0000000
10 5 3 0 -0.0000000
10 5 3 1 0.0000000
10 5 3 2 -0.0016122
10 5 3 3 -0.0000000
10 5 4 0 -0.0000000
10 5 4 1 -0.0000000
10 5 4 2 0.0040773
10 5 4 3 -0.0000000
10 5 4 4 -0.0000000
10 5 5 0 -0.0007261
10 5 5 1 -0.0005251
10 5 5 2 -0.0000000
10 5 5 3 0.0005838
10 5 5 4 -0.0021988
10 5 5 5 -0.0000000
10 5 6 0 -0.0000000
10 5 6 1 -0.0000000
10 5 6 2 0.0005306
10 5 6 3 -0.0000000
10 5 6 4 -0.0000000
10 5 6 5 -0.0002501
10 5 6 6 -0.0000000
10 5 7 0 -0.0000000
10 5 7 1 0.0000000
10 5 7 2 -0.0005242
10 5 7 3 -0.0000000
10 5 7 4 0.0000000
10 5 7 5 -0.0023557
10 5 7 6 -0.0000000
10 5 7 7 -0.0000000
10 5 8 0 0.0000294
10 5 8 1 0.0000032
10 5 8 2 -0.0000000
10 5 8 3 -0.0004895
10 5 8 4 0.0001513
10 5 8 5 -0.0000000
10 5 8 6 -0.0018048
10 5 8 7 0.0002757
10 5 8 8 -0.0000000
10 5 9 0 -0.0000000
10 5 9 1 -0.0000000
10 5 9 2 -0.0000303
10 5 9 3 0.0000000
10 5 9 4 -0.0000000
10 5 9 5 -0.0000008
10 5 9 6 0.0000000
10 5 9 7 0.0000000
10 5 9 8 0.0002050
10 5 9 9 0.0000000
10 5 10 0 -0.0000000
10 5 10 1 0.0000000
10 5 10 2 0.0010551
10 5 10 3 -0.0000000
10 5 10 4 -0.0000000
10 5 10 5 0.0013865
10 5 10 6 -0.0000000
10 5 10 7 -0.0000000
10 5 10 8 -0.0080275
10 5 10 9 0.0000000
10 5 10 10 0.0000000
10 6 0 0 0.0218469
10 6 1 0 0.0001629
10 6 1 1 0.0294027
10 6 2 0 -0.0000000
10 6 2 1 0.0000000
10 6 2 2 0.0136479
10 6 3 0 0.0018771
10 6 3 1 -0.0111702
10 6 3 2 -0.0000000
10 6 3 3 0.0173007
10 6 4 0 0.0007651
10 6 4 1 0.0000137
10 6 4 2 0.0000000
10 6 4 3 -0.0021100
10 6 4 4 0.0097252
10 6 5 0 -0.0000000
10 6 5 1 0.0000000
10 6 5 2 0.0046124
10 6 5 3 -0.0000000
10 6 5 4 0.0000000
10 6 5 5 0.0162518
10 6 6 0 -0.0012639
10 6 6 1 -0.0028785
10 6 6 2 -0.0000000
10 6 6 3 0.0037859
10 6 6 4 0.0013291
10 6 6 5 -0.0000000
10 6 6 6 0.0319958
10 6 7 0 0.0004999
10 6 7 1 -0.0045500
10 6 7 2 -0.0000000
10 6 7 3 0.0049715
10 6 7 4 -0.0010212
10 6 7 5 -0.0000000
10 6 7 6 0.0006069
10 6 7 7 0.0146285
10 6 8 0 -0.0000000
10 6 8 1 -0.0000000
10 6 8 2 0.0018107
10 6 8 3 0.0000000
10 6 8 4 0.0000000
10 6 8 5 0.0027172
10 6 8 6 0.0000000
10 6 8 7 0.0000000
10 6 8 8 0.0159428
10 6 9 0 0.0000904
10 6 9 1 0.0012912
10 6 9 2 0.0000000
10 6 9 3 -0.0016552
10 6 9 4 0.0002391
10 6 9 5 0.0000000
10 6 9 6 -0.0063974
10 6 9 7 0.0000015
10 6 9 8 0.0000000
10 6 9 9 -0.0197353
10 6 10 0 -0.0000056
10 6 10 1 -0.0235805
10 6 10 2 -0.0000000
10 6 10 3 0.0144627
10 6 10 4 0.0007578
10 6 10 5 -0.0000000
10 6 10 6 0.0372230
10 6 10 7 0.0084231
10 6 10 8 -0.0000000
10 6 10 9 -0.0015615
10 6 10 10 -0.0397781
10 7 0 0 -0.0552358
10 7 1 0 -0.0031992
10 7 1 1 0.0049696
10 7 2 0 -0.0000000
10 7 2 1 0.0000000
10 7 2 2 -0.0317116
10 7 3 0 -0.0014237
10 7 3 1 -0.0069669
10 7 3 2 -0.0000000
10 7 3 3 -0.0215592
10 7 4 0 0.0004800
10 7 4 1 0.0000416
10 7 4 2 0.0000000
10 7 4 3 -0.0002993
10 7 4 4 -0.0349104
10 7 5 0 0.0000000
10 7 5 1 0.0000000
10 7 5 2 0.0002171
10 7 5 3 -0.0000000
10 7 5 4 0.0000000
10 7 5 5 -0.0286927
10 7 6 0 -0.0021612
10 7 6 1 -0.0199037
10 7 6 2 -0.0000000
10 7 6 3 0.0232711
10 7 6 4 0.0010679
10 7 6 5 -0.0000000
10 7 6 6 0.0095934
10 7 7 0 -0.0024794
10 7 7 1 -0.0049858
10 7 7 2 -0.0000000
10 7 7 3 0.0112096
10 7 7 4 0.0072911
10 7 7 5 -0.0000000
10 7 7 6 0.0256712
10 7 7 7 -0.0054843
10 7 8 0 0.0000000
10 7 8 1 0.0000000
10 7 8 2 -0.0044550
10 7 8 3 -0.0000000
10 7 8 4 -0.0000000
10 7 8 5 -0.0020489
10 7 8 6 -0.0000000
10 7 8 7 -0.0000000
10 7 8 8 0.0340599
10 7 9 0 -0.0000887
10 7 9 1 -0.0001402
10 7 9 2 0.0000000
10 7 9 3 -0.0000511
10 7 9 4 -0.0001874
10 7 9 5 -0.0000000
10 7 9 6 0.0013618
10 7 9 7 -0.0002962
10 7 9 8 -0.0000000
10 7 9 9 0.0632170
10 7 10 0 -0.0000525
10 7 10 1 -0.0003060
10 7 10 2 -0.0000000
10 7 10 3 0.0081356
10 7 10 4 -0.0009959
10 7 10 5 -0.0000000
10 7 10 6 0.0084231
10 7 10 7 0.0750982
10 7 10 8 -0.0000000
10 7 10 9 -0.0038249
10 7 10 10 0.0676331
10 8 0 0 -0.0000000
10 8 1 0 -0.0000000
10 8 1 1 0.0000000
10 8 2 0 0.0007355
10 8 2 1 -0.0087843
10 8 2 2 -0.0000000
10 8 3 0 0.0000000
10 8 3 1 -0.0000000
10 8 3 2 -0.0043648
10 8 3 3 -0.0000000
10 8 4 0 0.0000000
10 8 4 1 -0.0000000
10 8 4 2 0.0079560
10 8 4 3 -0.0000000
10 8 4 4 0.0000000
10 8 5 0 0.0016583
10 8 5 1 -0.0102259
10 8 5 2 -0.0000000
10 8 5 3 0.0016179
10 8 5 4 -0.0073830
10 8 5 5 0.0000000
10 8 6 0 0.0000000
10 8 6 1 -0.0000000
10 8 6 2 -0.0053316
10 8 6 3 -0.0000000
10 8 6 4 -0.0000000
10 8 6 5 -0.0063555
10 8 6 6 -0.0000000
10 8 7 0 -0.0000000
10 8 7 1 -0.0000000
10 8 7 2 0.0040198
10 8 7 3 0.0000000
10 8 7 4 0.0000000
10 8 7 5 0.0008312
10 8 7 6 0.0000000
10 8 7 7 0.0000000
10 8 8 0 -0.0004312
10 8 8 1 -0.0197410
10 8 8 2 -0.0000000
10 8 8 3 0.0145176
10 8 8 4 0.0003043
10 8 8 5 -0.0000000
10 8 8 6 0.0392954
10 8 8 7 0.0012063
10 8 8 8 0.0000000
10 8 9 0 -0.0000000
10 8 9 1 -0.0000000
10 8 9 2 0.0006163
10 8 9 3 0.0000000
10 8 9 4 0.0000000
10 8 9 5 0.0006098
10 8 9 6 0.0000000
10 8 9 7 -0.0000000
10 8 9 8 0.0000316
10 8 9 9 0.0000000
10 8 10 0 0.0000000
10 8 10 1 0.0000000
10 8 10 2 -0.0113306
10 8 10 3 -0.0000000
10 8 10 4 -0.0000000
10 8 10 5 -0.0080275
10 8 10 6 -0.0000000
10 8 10 7 -0.0000000
10 8 10 8 0.1090359
10 8 10 9 0.0000000
10 8 10 10 0.0000000
10 9 0 0 -0.0124984
10 9 1 0 0.0001773
10 9 1 1 -0.0263248
10 9 2 0 0.0000000
10 9 2 1 -0.0000000
10 9 2 2 -0.0079819
10 9 3 0 -0.0003515
10 9 3 1 0.0115344
10 9 3 2 0.0000000
10 9 3 3 -0.0158821
10 9 4 0 -0.0003282
10 9 4 1 -0.0003868
10 9 4 2 -0.0000000
10 9 4 3 -0.0001950
10 9 4 4 -0.0062069
10 9 5 0 -0.0000000
10 9 5 1 -0.0000000
10 9 5 2 -0.0029576
10 9 5 3 0.0000000
10 9 5 4 -0.0000000
10 9 5 5 -0.0097070
10 9 6 0 0.0005958
10 9 6 1 0.0179465
10 9 6 2 0.0000000
10 9 6 3 -0.0141280
10 9 6 4 0.0003733
10 9 6 5 0.0000000
10 9 6 6 -0.0502761
10 9 7 0 0.0001095
10 9 7 1 -0.0010217
10 9 7 2 0.0000000
10 9 7 3 -0.0031563
10 9 7 4 0.0000821
10 9 7 5 0.0000000
10 9 7 6 0.0010471
10 9 7 7 -0.0335518
10 9 8 0 -0.0000000
10 9 8 1 -0.0000000
10 9 8 2 0.0038900
10 9 8 3 0.0000000
10 9 8 4 0.0000000
10 9 8 5 0.0025546
10 9 8 6 0.0000000
10 9 8 7 0.0000000
10 9 8 8 -0.0496115
10 9 9 0 0.0003109
10 9 9 1 0.0068124
10 9 9 2 0.0000000
10 9 9 3 -0.0061099
10 9 9 4 0.0007466
10 9 9 5 0.0000000
10 9 9 6 -0.0201999
10 9 9 7 0.0036630
10 9 9 8 0.0000000
10 9 9 9 -0.3648283
10 9 10 0 0.0000224
10 9 10 1 0.0005076
10 9 10 2 0.0000000
10 9 10 3 -0.0007819
10 9 10 4 -0.0000346
10 9 10 5 0.0000000
10 9 10 6 -0.0015615
10 9 10 7 -0.0038249
10 9 10 8 0.0000000
10 9 10 9 0.0530068
10 9 10 10 -0.0389063
10 10 0 0 0.2902106
10 10 1 0 -0.0021552
10 10 1 1 0.3858076
10 10 2 0 -0.0000000
10 10 2 1 0.0000000
10 10 2 2 0.2369434
10 10 3 0 0.0026039
10 10 3 1 -0.0709046
10 10 3 2 -0.0000000
10 10 3 3 0.2892553
10 10 4 0 0.0031946
10 10 4 1 0.0026717
10 10 4 2 0.0000000
10 10 4 3 0.0082823
10 10 4 4 0.2156430
10 10 5 0 0.0000000
10 10 5 1 0.0000000
10 10 5 2 0.0371923
10 10 5 3 -0.0000000
10 10 5 4 0.0000000
10 10 5 5 0.2568887
10 10 6 0 -0.0040433
10 10 6 1 -0.0938695
10 10 6 2 -0.0000000
10 10 6 3 0.0819037
10 10 6 4 -0.0002127
10 10 6 5 -0.0000000
10 10 6 6 0.4811436
10 10 7 0 -0.0014361
10 10 7 1 0.0023987
10 10 7 2 -0.0000000
10 10 7 3 0.0366676
10 10 7 4 -0.0037974
10 10 7 5 -0.0000000
10 10 7 6 0.0094504
10 10 7 7 0.4644438
10 10 8 0 0.0000000
10 10 8 1 0.0000000
10 10 8 2 -0.0308534
10 10 8 3 -0.0000000
10 10 8 4 -0.0000000
10 10 8 5 -0.0204043
10 10 8 6 -0.0000000
10 10 8 7 -0.0000000
10 10 8 8 0.6110812
10 10 9 0 -0.0005750
10 10 9 1 0.0006418
10 10 9 2 -0.0000000
10 10 9 3 0.0026671
10 10 9 4 -0.0010414
10 10 9 5 -0.0000000
10 10 9 6 0.0138121
10 10 9 7 -0.0004448
10 10 9 8 -0.0000000
10 10 9 9 0.8412170
10 10 10 0 -0.0012465
10 10 10 1 0.0461116
10 10 10 2 0.0000000
10 10 10 3 -0.0194151
10 10 10 4 -0.0001437
10 10 10 5 0.0000000
10 10 10 6 -0.0397781
10 10 10 7 0.0676331
10 10 10 8 0.0000000
10 10 10 9 -0.0389063
10 10 10 10 0.7072844
11 0 0 0 -0.0800701
11 0 1 0 -0.0038992
11 0 1 1 -0.0098170
11 0 2 0 0.0000000
11 0 2 1 -0.0000000
11 0 2 2 0.0037659
11 0 3 0 0.0006698
11 0 3 1 -0.0052260
11 0 3 2 0.0000000
11 0 3 3 -0.0019731
11 0 4 0 -0.0123074
11 0 4 1 -0.0023974
11 0 4 2 -0.0000000
11 0 4 3 -0.0028251
11 0 4 4 0.0045041
11 0 5 0 0.0000000
11 0 5 1 0.0000000
11 0 5 2 -0.0013291
11 0 5 3 0.0000000
11 0 5 4 -0.0000000
11 0 5 5 -0.0005738
11 0 6 0 -0.0048131
11 0 6 1 -0.0044503
11 0 6 2 -0.0000000
11 0 6 3 -0.0046218
11 0 6 4 -0.0004818
11 0 6 5 0.0000000
11 0 6 6 -0.0023694
11 0 7 0 0.0111724
11 0 7 1 -0.0022246
11 0 7 2 0.0000000
11 0 7 3 -0.0011964
11 0 7 4 -0.0042252
11 0 7 5 0.0000000
11 0 7 6 -0.0029562
11 0 7 7 0.0067586
11 0 8 0 -0.0000000
11 0 8 1 0.0000000
11 0 8 2 0.0000907
11 0 8 3 -0.0000000
11 0 8 4 -0.0000000
11 0 8 5 -0.0001810
11 0 8 6 -0.0000000
11 0 8 7 -0.0000000
11 0 8 8 -0.0007559
11 0 9 0 -0.0001203
11 0 9 1 0.0000999
11 0 9 2 0.0000000
11 0 9 3 0.0000475
11 0 9 4 0.0000181
11 0 9 5 -0.0000000
11 0 9 6 0.0000523
11 0 9 7 -0.0000496
11 0 9 8 -0.0000000
11 0 9 9 -0.0006610
11 0 10 0 -0.0026942
11 0 10 1 0.0012606
11 0 10 2 0.0000000
11 0 10 3 0.0001823
11 0 10 4 0.0009549
11 0 10 5 -0.0000000
11 0 10 6 0.0005626
11 0 10 7 -0.0020122
11 0 10 8 0.0000000
11 0 10 9 -0.0000113
11 0 10 10 -0.0004449
11 0 11 0 0.0110697
11 0 11 1 -0.0039851
11 0 11 2 0.0000000
11 0 11 3 -0.0006108
11 0 11 4 -0.0042416
11 0 11 5 0.0000000
11 0 11 6 -0.0028349
11 0 11 7 0.0073608
11 0 11 8 -0.0000000
11 0 11 9 0.0000670
11 0 11 10 -0.0011710
11 0 11 11 0.0070801
11 1 0 0 0.0154870
11 1 1 0 -0.0037361
11 1 1 1 0.0241121
11 1 2 0 -0.0000000
11 1 2 1 0.0000000
11 1 2 2 -0.0150438
11 1 3 0 -0.0054803
11 1 3 1 0.0261625
11 1 3 2 0.0000000
11 1 3 3 0.0074862
11 1 4 0 0.0006960
11 1 4 1 0.0055192
11 1 4 2 -0.0000000
11 1 4 3 0.0162080
11 1 4 4 -0.0113013
11 1 5 0 -0.0000000
11 1 5 1 -0.0000000
11 1 5 2 0.0109461
11 1 5 3 -0.0000000
11 1 5 4 0.0000000
11 1 5 5 0.0006500
11 1 6 0 0.0001086
11 1 6 1 0.0132599
11 1 6 2 0.0000000
11 1 6 3 0.0099480
11 1 6 4 -0.0029798
11 1 6 5 0.0000000
11 1 6 6 -0.0050937
11 1 7 0 -0.0038300
11 1 7 1 0.0024303
11 1 7 2 -0.0000000
11 1 7 3 0.0071133
11 1 7 4 -0.0003492
11 1 7 5 -0.0000000
11 1 7 6 0.0289023
11 1 7 7 -0.0127861
11 1 8 0 -0.0000000
11 1 8 1 0.0000000
11 1 8 2 -0.0008578
11 1 8 3 -0.0000000
11 1 8 4 -0.0000000
11 1 8 5 0.0008009
11 1 8 6 -0.0000000
11 1 8 7 -0.0000000
11 1 8 8 -0.0065141
11 1 9 0 0.0000671
11 1 9 1 -0.0010381
11 1 9 2 -0.0000000
11 1 9 3 -0.0000899
11 1 9 4 -0.0000652
11 1 9 5 -0.0000000
11 1 9 6 0.0009429
11 1 9 7 -0.0005153
11 1 9 8 -0.0000000
11 1 9 9 -0.0069686
11 1 10 0 0.0009903
11 1 10 1 -0.0054600
11 1 10 2 0.0000000
11 1 10 3 0.0002363
11 1 10 4 0.0000801
11 1 10 5 0.0000000
11 1 10 6 -0.0046486
11 1 10 7 0.0149357
11 1 10 8 -0.0000000
11 1 10 9 0.0019563
11 1 10 10 0.0114626
11 1 11 0 -0.0039851
11 1 11 1 0.0335317
11 1 11 2 0.0000000
11 1 11 3 -0.0096990
11 1 11 4 0.0002059
11 1 11 5 0.0000000
11 1 11 6 -0.0011465
11 1 11 7 -0.0015222
11 1 11 8 -0.0000000
11 1 11 9 0.0000466
11 1 11 10 -0.0083881
11 1 11 11 -0.0208949
11 2 0 0 0.0000000
11 2 1 0 -0.0000000
11 2 1 1 0.0000000
11 2 2 0 0.0038728
11 2 2 1 -0.0223173
11 2 2 2 -0.0000000
11 2 3 0 0.0000000
11 2 3 1 0.0000000
11 2 3 2 -0.0297363
11 2 3 3 -0.0000000
11 2 4 0 0.0000000
11 2 4 1 -0.0000000
11 2 4 2 0.0443324
11 2 4 3 0.0000000
11 2 4 4 0.0000000
11 2 5 0 0.0092471
11 2 5 1 -0.0127969
11 2 5 2 0.0000000
11 2 5 3 0.0092435
11 2 5 4 -0.0511240
11 2 5 5 0.0000000
11 2 6 0 0.0000000
11 2 6 1 -0.0000000
11 2 6 2 -0.0055834
11 2 6 3 -0.0000000
11 2 6 4 -0.0000000
11 2 6 5 -0.0152480
11 2 6 6 -0.0000000
11 2 7 0 0.0000000
11 2 7 1 -0.0000000
11 2 7 2 0.0340168
11 2 7 3 0.0000000
11 2 7 4 0.0000000
11 2 7 5 0.0045766
11 2 7 6 0.0000000
11 2 7 7 0.0000000
11 2 8 0 0.0001557
11 2 8 1 -0.0057003
11 2 8 2 -0.0000000
11 2 8 3 0.0021628
11 2 8 4 0.0015249
11 2 8 5 -0.0000000
11 2 8 6 0.0016580
11 2 8 7 0.0020519
11 2 8 8 -0.0000000
11 2 9 0 0.0000000
11 2 9 1 -0.0000000
11 2 9 2 0.0000088
11 2 9 3 0.0000000
11 2 9 4 0.0000000
11 2 9 5 0.0001657
11 2 9 6 0.0000000
11 2 9 7 -0.0000000
11 2 9 8 0.0006802
11 2 9 9 0.0000000
11 2 10 0 -0.0000000
11 2 10 1 0.0000000
11 2 10 2 -0.0074959
11 2 10 3 -0.0000000
11 2 10 4 -0.0000000
11 2 10 5 -0.0004301
11 2 10 6 -0.0000000
11 2 10 7 0.0000000
11 2 10 8 0.0022136
11 2 10 9 0.0000000
11 2 10 10 0.0000000
11 2 11 0 0.0000000
11 2 11 1 0.0000000
11 2 11 2 0.0357692
11 2 11 3 -0.0000000
11 2 11 4 0.0000000
11 2 11 5 0.0047032
11 2 11 6 0.0000000
11 2 11 7 0.0000000
11 2 11 8 0.0024452
11 2 11 9 0.0000000
11 2 11 10 -0.0000000
11 2 11 11 -0.0000000
11 3 0 0 0.0538629
11 3 1 0 -0.0021688
11 3 1 1 0.0471223
11 3 2 0 -0.0000000
11 3 2 1 0.0000000
11 3 2 2 -0.0037194
11 3 3 0 0.0051617
11 3 3 1 -0.0129680
11 3 3 2 -0.0000000
11 3 3 3 0.0171904
11 3 4 0 0.0042149
11 3 4 1 0.0048359
11 3 4 2 0.0000000
11 3 4 3 -0.0031250
11 3 4 4 -0.0147172
11 3 5 0 0.0000000
11 3 5 1 -0.0000000
11 3 5 2 0.0203376
11 3 5 3 0.0000000
11 3 5 4 -0.0000000
11 3 5 5 0.0148689
11 3 6 0 -0.0058847
11 3 6 1 0.0161677
11 3 6 2 0.0000000
11 3 6 3 0.0003749
11 3 6 4 0.0073161
11 3 6 5 -0.0000000
11 3 6 6 0.0401385
11 3 7 0 -0.0006123
11 3 7 1 0.0049694
11 3 7 2 0.0000000
11 3 7 3 0.0193131
11 3 7 4 -0.0013386
11 3 7 5 0.0000000
11 3 7 6 -0.0235199
11 3 7 7 0.0142759
11 3 8 0 0.0000000
11 3 8 1 -0.0000000
11 3 8 2 0.0018902
11 3 8 3 0.0000000
11 3 8 4 0.0000000
11 3 8 5 0.0029007
11 3 8 6 0.0000000
11 3 8 7 0.0000000
11 3 8 8 0.0144631
11 3 9 0 0.0000814
11 3 9 1 -0.0001351
11 3 9 2 0.0000000
11 3 9 3 -0.0001354
11 3 9 4 0.0000512
11 3 9 5 0.0000000
11 3 9 6 -0.0014364
11 3 9 7 0.0006510
11 3 9 8 0.0000000
11 3 9 9 0.0064870
11 3 10 0 0.0003785
11 3 10 1 -0.0048290
11 3 10 2 -0.0000000
11 3 10 3 -0.0039806
11 3 10 4 0.0004110
11 3 10 5 -0.0000000
11 3 10 6 0.0075680
11 3 10 7 -0.0067040
11 3 10 8 0.0000000
11 3 10 9 -0.0006600
11 3 10 10 -0.0034641
11 3 11 0 -0.0006108
11 3 11 1 -0.0096990
11 3 11 2 -0.0000000
11 3 11 3 0.0331168
11 3 11 4 -0.0021482
11 3 11 5 -0.0000000
11 3 11 6 -0.0047587
11 3 11 7 0.0023915
11 3 11 8 0.0000000
11 3 11 9 -0.0003961
11 3 11 10 0.0000997
11 3 11 11 0.0254801
11 4 0 0 -0.1293201
11 4 1 0 -0.0074077
11 4 1 1 -0.0306397
11 4 2 0 0.0000000
11 4 2 1 -0.0000000
11 4 2 2 -0.0101139
11 4 3 0 -0.0021913
11 4 3 1 0.0015477
11 4 3 2 0.0000000
11 4 3 3 -0.0427340
11 4 4 0 -0.0005800
11 4 4 1 -0.0060305
11 4 4 2 0.0000000
11 4 4 3 -0.0243421
11 4 4 4 -0.0147257
11 4 5 0 0.0000000
11 4 5 1 0.0000000
11 4 5 2 -0.0335898
11 4 5 3 -0.0000000
11 4 5 4 -0.0000000
11 4 5 5 -0.0285346
11 4 6 0 -0.0058632
11 4 6 1 -0.0116316
11 4 6 2 -0.0000000
11 4 6 3 0.0161092
11 4 6 4 0.0073653
11 4 6 5 -0.0000000
11 4 6 6 -0.0382177
11 4 7 0 -0.0041615
11 4 7 1 -0.0007331
11 4 7 2 0.0000000
11 4 7 3 0.0000513
11 4 7 4 0.0278398
11 4 7 5 -0.0000000
11 4 7 6 0.0019042
11 4 7 7 -0.0429011
11 4 8 0 0.0000000
11 4 8 1 -0.0000000
11 4 8 2 -0.0002734
11 4 8 3 0.0000000
11 4 8 4 -0.0000000
11 4 8 5 -0.0016387
11 4 8 6 -0.0000000
11 4 8 7 0.0000000
11 4 8 8 -0.0116117
11 4 9 0 -0.0000712
11 4 9 1 0.0001215
11 4 9 2 0.0000000
11 4 9 3 -0.0000694
11 4 9 4 -0.0001313
11 4 9 5 -0.0000000
11 4 9 6 0.0002492
11 4 9 7 0.0000355
11 4 9 8 0.0000000
11 4 9 9 -0.0162537
11 4 10 0 0.0007045
11 4 10 1 0.0013046
11 4 10 2 0.0000000
11 4 10 3 -0.0002994
11 4 10 4 -0.0063519
11 4 10 5 0.0000000
11 4 10 6 -0.0010752
11 4 10 7 0.0074628
11 4 10 8 0.0000000
11 4 10 9 0.0011926
11 4 10 10 -0.0114879
11 4 11 0 -0.0042416
11 4 11 1 0.0002059
11 4 11 2 0.0000000
11 4 11 3 -0.0021482
11 4 11 4 0.0281527
11 4 11 5 -0.0000000
11 4 11 6 0.0015837
11 4 11 7 -0.0304188
11 4 11 8 0.0000000
11 4 11 9 0.0005095
11 4 11 10 0.0073795
11 4 11 11 -0.0442894
11 5 0 0 0.0000000
11 5 1 0 0.0000000
11 5 1 1 -0.0000000
11 5 2 0 0.0031707
11 5 2 1 -0.0017891
11 5 2 2 0.0000000
11 5 3 0 0.0000000
11 5 3 1 -0.0000000
11 5 3 2 0.0051673
11 5 3 3 0.0000000
11 5 4 0 0.0000000
11 5 4 1 0.0000000
11 5 4 2 -0.0170763
11 5 4 3 -0.0000000
11 5 4 4 -0.0000000
11 5 5 0 0.0053134
11 5 5 1 -0.0048545
11 5 5 2 0.0000000
11 5 5 3 -0.0035233
11 5 5 4 0.0068619
11 5 5 5 0.0000000
11 5 6 0 0.0000000
11 5 6 1 0.0000000
11 5 6 2 -0.0046981
11 5 6 3 -0.0000000
11 5 6 4 0.0000000
11 5 6 5 -0.0035764
11 5 6 6 -0.0000000
11 5 7 0 0.0000000
11 5 7 1 -0.0000000
11 5 7 2 0.0040416
11 5 7 3 0.0000000
11 5 7 4 -0.0000000
11 5 7 5 0.0108963
11 5 7 6 0.0000000
11 5 7 7 0.0000000
11 5 8 0 0.0001099
11 5 8 1 -0.0002885
11 5 8 2 -0.0000000
11 5 8 3 0.0006060
11 5 8 4 -0.0003331
11 5 8 5 0.0000000
11 5 8 6 -0.0010214
11 5 8 7 0.0012474
11 5 8 8 -0.0000000
11 5 9 0 -0.0000000
11 5 9 1 -0.0000000
11 5 9 2 0.0000036
11 5 9 3 0.0000000
11 5 9 4 -0.0000000
11 5 9 5 -0.0000311
11 5 9 6 0.0000000
11 5 9 7 -0.0000000
11 5 9 8 -0.0000408
11 5 9 9 0.0000000
11 5 10 0 -0.0000000
11 5 10 1 0.0000000
11 5 10 2 -0.0006862
11 5 10 3 -0.0000000
11 5 10 4 0.0000000
11 5 10 5 -0.0023815
11 5 10 6 -0.0000000
11 5 10 7 0.0000000
11 5 10 8 -0.0026339
11 5 10 9 0.0000000
11 5 10 10 0.0000000
11 5 11 0 0.0000000
11 5 11 1 0.0000000
11 5 11 2 0.0047032
11 5 11 3 -0.0000000
11 5 11 4 -0.0000000
11 5 11 5 0.0119228
11 5 11 6 -0.0000000
11 5 11 7 0.0000000
11 5 11 8 -0.0005417
11 5 11 9 0.0000000
11 5 11 10 -0.0000000
11 5 11 11 0.0000000
11 6 0 0 -0.0156825
11 6 1 0 -0.0019333
11 6 1 1 0.0011450
11 6 2 0 0.0000000
11 6 2 1 -0.0000000
11 6 2 2 -0.0034371
11 6 3 0 -0.0067923
11 6 3 1 0.0134705
11 6 3 2 -0.0000000
11 6 3 3 0.0069105
11 6 4 0 -0.0017757
11 6 4 1 0.0016226
11 6 4 2 -0.0000000
11 6 4 3 0.0114895
11 6 4 4 0.0050513
11 6 5 0 0.0000000
11 6 5 1 -0.0000000
11 6 5 2 -0.0041184
11 6 5 3 -0.0000000
11 6 5 4 -0.0000000
11 6 5 5 -0.0034925
11 6 6 0 0.0028056
11 6 6 1 -0.0051070
11 6 6 2 -0.0000000
11 6 6 3 0.0067132
11 6 6 4 -0.0069381
11 6 6 5 -0.0000000
11 6 6 6 -0.0082151
11 6 7 0 -0.0024774
11 6 7 1 0.0164711
11 6 7 2 0.0000000
11 6 7 3 -0.0176191
11 6 7 4 0.0016960
11 6 7 5 0.0000000
11 6 7 6 -0.0042695
11 6 7 7 -0.0082781
11 6 8 0 0.0000000
11 6 8 1 -0.0000000
11 6 8 2 -0.0002959
11 6 8 3 0.0000000
11 6 8 4 -0.0000000
11 6 8 5 -0.0004768
11 6 8 6 -0.0000000
11 6 8 7 0.0000000
11 6 8 8 -0.0026116
11 6 9 0 0.0000120
11 6 9 1 0.0007451
11 6 9 2 0.0000000
11 6 9 3 -0.0003361
11 6 9 4 0.0000990
11 6 9 5 0.0000000
11 6 9 6 -0.0018383
11 6 9 7 0.0018642
11 6 9 8 -0.0000000
11 6 9 9 -0.0092151
11 6 10 0 0.0007031
11 6 10 1 -0.0051515
11 6 10 2 -0.0000000
11 6 10 3 0.0024756
11 6 10 4 -0.0005139
11 6 10 5 -0.0000000
11 6 10 6 -0.0000724
11 6 10 7 -0.0143464
11 6 10 8 -0.0000000
11 6 10 9 -0.0004898
11 6 10 10 -0.0254367
11 6 11 0 -0.0028349
11 6 11 1 -0.0011465
11 6 11 2 0.0000000
11 6 11 3 -0.0047587
11 6 11 4 0.0015837
11 6 11 5 -0.0000000
11 6 11 6 0.0329403
11 6 11 7 -0.0127083
11 6 11 8 -0.0000000
11 6 11 9 -0.0015830
11 6 11 10 0.0103225
11 6 11 11 -0.0046949
11 7 0 0 0.2547322
11 7 1 0 0.0113186
11 7 1 1 0.0220371
11 7 2 0 0.0000000
11 7 2 1 -0.0000000
11 7 2 2 0.1312283
11 7 3 0 0.0038868
11 7 3 1 0.0473021
11 7 3 2 0.0000000
11 7 3 3 0.1053880
11 7 4 0 -0.0011265
11 7 4 1 0.0036627
11 7 4 2 -0.0000000
11 7 4 3 0.0142782
11 7 4 4 0.1409979
11 7 5 0 -0.0000000
11 7 5 1 -0.0000000
11 7 5 2 0.0156493
11 7 5 3 0.0000000
11 7 5 4 0.0000000
11 7 5 5 0.1334181
11 7 6 0 0.0085093
11 7 6 1 0.0954394
11 7 6 2 0.0000000
11 7 6 3 -0.0862640
11 7 6 4 -0.0046912
11 7 6 5 0.0000000
11 7 6 6 -0.0268522
11 7 7 0 0.0075979
11 7 7 1 -0.0083640
11 7 7 2 0.0000000
11 7 7 3 -0.0175757
11 7 7 4 -0.0361006
11 7 7 5 0.0000000
11 7 7 6 -0.0022183
11 7 7 7 -0.0050323
11 7 8 0 -0.0000000
11 7 8 1 -0.0000000
11 7 8 2 0.0193308
11 7 8 3 0.0000000
11 7 8 4 0.0000000
11 7 8 5 0.0143927
11 7 8 6 0.0000000
11 7 8 7 0.0000000
11 7 8 8 -0.1510897
11 7 9 0 0.0004631
11 7 9 1 -0.0022848
11 7 9 2 -0.0000000
11 7 9 3 -0.0002116
11 7 9 4 0.0005454
11 7 9 5 0.0000000
11 7 9 6 -0.0038489
11 7 9 7 -0.0011144
11 7 9 8 0.0000000
11 7 9 9 -0.2608285
11 7 10 0 -0.0005073
11 7 10 1 -0.0127868
11 7 10 2 -0.0000000
11 7 10 3 0.0057892
11 7 10 4 0.0086142
11 7 10 5 -0.0000000
11 7 10 6 0.0043880
11 7 10 7 -0.0287847
11 7 10 8 -0.0000000
11 7 10 9 0.0193252
11 7 10 10 -0.1626473
11 7 11 0 0.0073608
11 7 11 1 -0.0015222
11 7 11 2 0.0000000
11 7 11 3 0.0023915
11 7 11 4 -0.0304188
11 7 11 5 0.0000000
11 7 11 6 -0.0127083
11 7 11 7 0.2035810
11 7 11 8 0.0000000
11 7 11 9 0.0030652
11 7 11 10 -0.0593324
11 7 11 11 0.0251513
11 8 0 0 -0.0000000
11 8 1 0 -0.0000000
11 8 1 1 0.0000000
11 8 2 0 0.0003668
11 8 2 1 -0.0038218
11 8 2 2 -0.0000000
11 8 3 0 0.0000000
11 8 3 1 -0.0000000
11 8 3 2 -0.0015854
11 8 3 3 -0.0000000
11 8 4 0 0.0000000
11 8 4 1 -0.0000000
11 8 4 2 0.0054052
11 8 4 3 0.0000000
11 8 4 4 0.0000000
11 8 5 0 0.0008983
11 8 5 1 -0.0028143
11 8 5 2 -0.0000000
11 8 5 3 0.0022365
11 8 5 4 -0.0049496
11 8 5 5 0.0000000
11 8 6 0 0.0000000
11 8 6 1 -0.0000000
11 8 6 2 -0.0022194
11 8 6 3 -0.0000000
11 8 6 4 -0.0000000
11 8 6 5 -0.0029231
11 8 6 6 -0.0000000
11 8 7 0 -0.0000000
11 8 7 1 -0.0000000
11 8 7 2 0.0050554
11 8 7 3 0.0000000
11 8 7 4 0.0000000
11 8 7 5 0.0020537
11 8 7 6 0.0000000
11 8 7 7 -0.0000000
11 8 8 0 -0.0000658
11 8 8 1 -0.0071382
11 8 8 2 -0.0000000
11 8 8 3 0.0035364
11 8 8 4 0.0000360
11 8 8 5 -0.0000000
11 8 8 6 0.0115611
11 8 8 7 -0.0181299
11 8 8 8 -0.0000000
11 8 9 0 -0.0000000
11 8 9 1 -0.0000000
11 8 9 2 0.0002162
11 8 9 3 0.0000000
11 8 9 4 0.0000000
11 8 9 5 0.0001429
11 8 9 6 0.0000000
11 8 9 7 -0.0000000
11 8 9 8 -0.0001755
11 8 9 9 -0.0000000
11 8 10 0 0.0000000
11 8 10 1 0.0000000
11 8 10 2 -0.0032249
11 8 10 3 -0.0000000
11 8 10 4 -0.0000000
11 8 10 5 -0.0022982
11 8 10 6 -0.0000000
11 8 10 7 -0.0000000
11 8 10 8 0.0253045
11 8 10 9 0.0000000
11 8 10 10 -0.0000000
11 8 11 0 -0.0000000
11 8 11 1 -0.0000000
11 8 11 2 0.0024452
11 8 11 3 0.0000000
11 8 11 4 0.0000000
11 8 11 5 -0.0005417
11 8 11 6 -0.0000000
11 8 11 7 0.0000000
11 8 11 8 0.0229396
11 8 11 9 0.0000000
11 8 11 10 -0.0000000
11 8 11 11 -0.0000000
11 9 0 0 -0.0046698
11 9 1 0 0.0000763
11 9 1 1 -0.0069586
11 9 2 0 0.0000000
11 9 2 1 -0.0000000
11 9 2 2 -0.0020921
11 9 3 0 0.0000231
11 9 3 1 0.0012322
11 9 3 2 0.0000000
11 9 3 3 -0.0041960
11 9 4 0 -0.0001070
11 9 4 1 -0.0003421
11 9 4 2 -0.0000000
11 9 4 3 -0.0006398
11 9 4 4 -0.0017355
11 9 5 0 -0.0000000
11 9 5 1 -0.0000000
11 9 5 2 -0.0012481
11 9 5 3 0.0000000
11 9 5 4 -0.0000000
11 9 5 5 -0.0030386
11 9 6 0 0.0000708
11 9 6 1 0.0026245
11 9 6 2 0.0000000
11 9 6 3 -0.0024068
11 9 6 4 0.0002323
11 9 6 5 0.0000000
11 9 6 6 -0.0099057
11 9 7 0 0.0000869
11 9 7 1 -0.0011306
11 9 7 2 -0.0000000
11 9 7 3 -0.0000477
11 9 7 4 0.0002017
11 9 7 5 -0.0000000
11 9 7 6 0.0012329
11 9 7 7 -0.0065729
11 9 8 0 -0.0000000
11 9 8 1 -0.0000000
11 9 8 2 0.0006135
11 9 8 3 0.0000000
11 9 8 4 0.0000000
11 9 8 5 0.0002406
11 9 8 6 0.0000000
11 9 8 7 -0.0000000
11 9 8 8 -0.0085153
11 9 9 0 0.0000663
11 9 9 1 0.0006703
11 9 9 2 0.0000000
11 9 9 3 -0.0015828
11 9 9 4 -0.0000315
11 9 9 5 0.0000000
11 9 9 6 -0.0029009
11 9 9 7 -0.0066747
11 9 9 8 0.0000000
11 9 9 9 -0.0538242
11 9 10 0 -0.0000260
11 9 10 1 0.0007740
11 9 10 2 0.0000000
11 9 10 3 -0.0002885
11 9 10 4 -0.0000574
11 9 10 5 0.0000000
11 9 10 6 -0.0005862
11 9 10 7 -0.0007309
11 9 10 8 0.0000000
11 9 10 9 0.0071200
11 9 10 10 -0.0059737
11 9 11 0 0.0000670
11 9 11 1 0.0000466
11 9 11 2 0.0000000
11 9 11 3 -0.0003961
11 9 11 4 0.0005095
11 9 11 5 0.0000000
11 9 11 6 -0.0015830
11 9 11 7 0.0030652
11 9 11 8 0.0000000
11 9 11 9 0.0067783
11 9 11 10 0.0001083
11 9 11 11 -0.0052262
11 10 0 0 -0.0747561
11 10 1 0 -0.0018486
11 10 1 1 -0.0278622
11 10 2 0 -0.0000000
11 10 2 1 0.0000000
11 10 2 2 -0.0365269
11 10 3 0 -0.0005600
11 10 3 1 -0.0125288
11 10 3 2 -0.0000000
11 10 3 3 -0.0371764
11 10 4 0 -0.0002558
11 10 4 1 -0.0021858
11 10 4 2 -0.0000000
11 10 4 3 -0.0064804
11 10 4 4 -0.0374125
11 10 5 0 0.0000000
11 10 5 1 0.0000000
11 10 5 2 -0.0088248
11 10 5 3 -0.0000000
11 10 5 4 -0.0000000
11 10 5 5 -0.0419166
11 10 6 0 -0.0014371
11 10 6 1 -0.0262680
11 10 6 2 -0.0000000
11 10 6 3 0.0174053
11 10 6 4 0.0012748
11 10 6 5 -0.0000000
11 10 6 6 -0.0075592
11 10 7 0 -0.0010036
11 10 7 1 0.0059013
11 10 7 2 -0.0000000
11 10 7 3 -0.0012195
11 10 7 4 0.0094938
11 10 7 5 0.0000000
11 10 7 6 -0.0151168
11 10 7 7 -0.0022261
11 10 8 0 0.0000000
11 10 8 1 0.0000000
11 10 8 2 -0.0064894
11 10 8 3 -0.0000000
11 10 8 4 -0.0000000
11 10 8 5 -0.0063099
11 10 8 6 -0.0000000
11 10 8 7 -0.0000000
11 10 8 8 0.0426908
11 10 9 0 -0.0001643
11 10 9 1 0.0010176
11 10 9 2 0.0000000
11 10 9 3 0.0003878
11 10 9 4 -0.0001742
11 10 9 5 -0.0000000
11 10 9 6 0.0022232
11 10 9 7 0.0002473
11 10 9 8 -0.0000000
11 10 9 9 0.0655088
11 10 10 0 0.0000322
11 10 10 1 0.0155081
11 10 10 2 0.0000000
11 10 10 3 -0.0126787
11 10 10 4 -0.0029294
11 10 10 5 0.0000000
11 10 10 6 -0.0204142
11 10 10 7 -0.0364451
11 10 10 8 -0.0000000
11 10 10 9 -0.0031837
11 10 10 10 0.0421696
11 10 11 0 -0.0011710
11 10 11 1 -0.0083881
11 10 11 2 -0.0000000
11 10 11 3 0.0000997
11 10 11 4 0.0073795
11 10 11 5 -0.0000000
11 10 11 6 0.0103225
11 10 11 7 -0.0593324
11 10 11 8 -0.0000000
11 10 11 9 0.0001083
11 10 11 10 0.0530158
11 10 11 11 0.0051728
11 11 0 0 0.5901906
11 11 1 0 0.0087204
11 11 1 1 0.4591555
11 11 2 0 -0.0000000
11 11 2 1 0.0000000
11 11 2 2 0.4024948
11 11 3 0 0.0086782
11 11 3 1 -0.0417226
11 11 3 2 -0.0000000
11 11 3 3 0.4352524
11 11 4 0 0.0030657
11 11 4 1 0.0068661
11 11 4 2 0.0000000
11 11 4 3 0.0190401
11 11 4 4 0.3869975
11 11 5 0 -0.0000000
11 11 5 1 -0.0000000
11 11 5 2 0.0573318
11 11 5 3 0.0000000
11 11 5 4 0.0000000
11 11 5 5 0.4274915
11 11 6 0 0.0023594
11 11 6 1 0.0072943
11 11 6 2 0.0000000
11 11 6 3 -0.0088059
11 11 6 4 -0.0042886
11 11 6 5 -0.0000000
11 11 6 6 0.5021341
11 11 7 0 0.0068656
11 11 7 1 0.0031652
11 11 7 2 0.0000000
11 11 7 3 0.0136473
11 11 7 4 -0.0401619
11 11 7 5 0.0000000
11 11 7 6 -0.0316155
11 11 7 7 0.5013993
11 11 8 0 0.0000000
11 11 8 1 0.0000000
11 11 8 2 -0.0025147
11 11 8 3 -0.0000000
11 11 8 4 -0.0000000
11 11 8 5 0.0016214
11 11 8 6 0.0000000
11 11 8 7 0.0000000
11 11 8 8 0.4338918
11 11 9 0 0.0000480
11 11 9 1 -0.0007885
11 11 9 2 -0.0000000
11 11 9 3 0.0012489
11 11 9 4 -0.0000394
11 11 9 5 -0.0000000
11 11 9 6 0.0018471
11 11 9 7 -0.0002550
11 11 9 8 -0.0000000
11 11 9 9 0.5430555
11 11 10 0 -0.0010941
11 11 10 1 -0.0052871
11 11 10 2 -0.0000000
11 11 10 3 -0.0011493
11 11 10 4 0.0086137
11 11 10 5 -0.0000000
11 11 10 6 0.0134696
11 11 10 7 -0.0364332
11 11 10 8 -0.0000000
11 11 10 9 -0.0272587
11 11 10 10 0.4103341
11 11 11 0 0.0070801
11 11 11 1 -0.0208949
11 11 11 2 -0.0000000
11 11 11 3 0.0254801
11 11 11 4 -0.0442894
11 11 11 5 0.0000000
11 11 11 6 -0.0046949
11 11 11 7 0.0251513
11 11 11 8 -0.0000000
11 11 11 9 -0.0052262
11 11 11 10 0.0051728
11 11 11 11 0.5093196
