NMONOMER	1
NELEC	10
ENUC	12.405415
NBASIS	13
HOMO	2
LUMO	2
ENT	5
HF_ENERGY	-40.834767
ENERGIES
-11.002265
-0.917521
-0.514242
-0.509633
-0.480870
0.710007
0.729178
0.744833
0.788782
965064.729472
965066.542545
996490.811185
1073373.742567

OEI
-19.716742	
-0.378900	-5.439168	
0.000000	-0.000000	-4.881965	
0.000125	-0.048830	-0.000000	-4.940001	
-0.014919	-0.015199	0.000000	0.007383	-4.837775	
0.000000	0.000000	-1.005457	0.000000	0.000000	-4.401674	
0.127609	0.364839	-0.000000	-0.275991	-0.902672	0.000000	-4.373572	
0.152820	0.353394	-0.000000	-0.897723	0.385669	-0.000000	0.038297	-4.250018	
0.318862	0.950168	0.000000	0.470703	0.213368	0.000000	0.052673	-0.021390	-3.944981	
0.000013	-0.003789	0.000000	-0.009069	0.108586	0.000000	0.114885	-0.054740	-0.018598	965061.555037	
0.000000	0.000000	-0.109693	0.000000	0.000000	-0.128000	0.000000	-0.000000	0.000000	-0.000000	965063.367999	
0.005232	-0.019433	0.000000	-0.018212	-0.001986	0.000000	-0.000428	-0.006532	0.017794	-0.000022	0.000000	996487.301497	
0.014429	-0.128675	-0.000000	-0.185820	-0.019244	-0.000000	0.018182	0.094807	-0.166617	-0.000310	-0.000000	0.142563	1073371.012322	

ENV_OEI
-0.176602	
0.000213	-0.211321	
0.000000	-0.000000	-0.124511	
0.007268	-0.203536	-0.000000	-0.417729	
-0.000569	-0.003985	-0.000000	-0.032247	-0.092807	
0.000000	-0.000000	-0.060318	0.000000	0.000000	-0.127217	
0.002668	0.023108	0.000000	0.038417	-0.043001	0.000000	-0.111693	
0.010681	0.089158	0.000000	0.172096	0.050602	0.000000	-0.024811	-0.255727	
-0.007474	-0.118810	-0.000000	-0.340720	-0.023771	-0.000000	0.060076	0.349717	-0.716825	
0.000500	-0.012728	-0.000000	-0.012610	-0.060705	-0.000000	-0.026861	0.015731	-0.002502	-0.660040	
0.000000	0.000000	0.044514	-0.000000	-0.000000	0.016288	-0.000000	0.000000	-0.000000	0.000000	-0.716433	
-0.023105	-0.173830	-0.000000	-0.618366	-0.056995	-0.000000	0.144775	0.725410	-1.281433	0.014127	-0.000000	-18.520109	
0.001321	-0.007673	0.000000	0.000876	0.011281	0.000000	0.002600	-0.024474	0.040495	0.079583	0.000000	1.656803	-0.552251	

OVERLAP
1.000000	
0.248362	1.000000	
0.061767	0.488736	1.000000	
0.061767	0.488736	0.167856	1.000000	
0.061767	0.488736	0.167856	0.167856	1.000000	
0.000000	0.027047	0.005362	0.005362	0.005362	1.000000	
0.027047	0.301519	0.096511	0.096511	0.096511	0.248362	1.000000	
0.000000	0.000000	0.155576	0.155576	0.155576	-0.045312	-0.338874	1.000000	
0.000000	0.000000	0.380474	0.000000	-0.380474	0.000000	0.000000	0.000000	1.000000	
0.000000	0.000000	0.219667	-0.439334	0.219667	0.000000	0.000000	0.000000	0.000000	1.000000	
0.045312	0.338874	0.109532	0.109532	0.109532	0.000000	0.000000	-0.315123	0.000000	0.000000	1.000000	
0.000000	0.000000	0.051506	0.000000	-0.051506	0.000000	0.000000	0.000000	0.166433	0.000000	0.000000	1.000000	
0.000000	0.000000	0.029737	-0.059474	0.029737	0.000000	0.000000	0.000000	0.000000	0.166433	0.000000	0.000000	1.000000	

MOCOEFF
0.991806	0.038375	-0.007074	-0.006963	-0.007074	0.001736	-0.009078	-0.000192	-0.000000	0.000206	-0.002751	0.000000	-0.000028	
0.226074	-0.665233	-0.181901	-0.153574	-0.181901	0.018002	0.006858	0.060209	-0.000000	-0.018145	-0.192283	0.000000	0.004705	
-0.000000	-0.000000	-0.429416	0.000000	0.429416	0.000000	-0.000000	0.000000	-0.578571	0.000000	-0.000000	0.140528	-0.000000	
0.000660	-0.051685	0.172645	0.218929	0.172645	0.057311	-0.140382	0.630550	0.000000	-0.050247	-0.419195	-0.000000	0.011116	
0.009259	-0.036439	0.264477	-0.484222	0.264477	0.005513	-0.013854	0.039976	0.000000	0.570959	-0.042226	-0.000000	-0.139555	
-0.000000	0.000000	0.858802	0.000000	-0.858802	0.000000	-0.000000	0.000000	-1.110531	0.000000	-0.000000	0.096361	-0.000000	
-0.083593	0.534893	-0.765135	0.550689	-0.765135	-0.012608	0.078908	0.350538	0.000000	0.992298	0.081200	-0.000000	-0.086893	
-0.100045	0.654388	-0.321120	-0.973264	-0.321120	-0.064032	0.386231	0.865072	-0.000000	-0.478603	0.453172	0.000000	0.040869	
-0.211286	1.325270	-0.330489	-0.544122	-0.330489	0.113294	-0.673964	-0.477196	0.000000	-0.159554	-0.851571	-0.000000	0.013849	
-0.000000	0.000000	-0.000000	0.000000	-0.000000	-0.000004	0.000006	-0.000000	-0.000000	0.000000	-0.000003	-0.000000	-1.000000	
-0.000000	-0.000000	-0.000000	-0.000000	0.000000	0.000000	0.000000	0.000000	0.000000	0.000000	0.000000	-1.000000	0.000000	
-0.000000	0.000000	0.000000	0.000000	0.000000	1.025836	-0.215515	-0.000000	0.000000	0.000000	0.105027	0.000000	-0.000004	
0.000000	-0.000000	0.000000	0.000000	0.000000	-0.014390	-0.882584	0.000000	0.000000	0.000000	0.463174	-0.000000	-0.000006	

ERI
0 0 0 0 3.5002496
1 0 0 0 0.3002674
1 0 1 0 0.0405223
1 0 1 1 0.0097255
1 1 0 0 0.7198662
1 1 1 0 0.0097255
1 1 1 1 0.5112443
2 0 0 0 -0.0000000
2 0 1 0 -0.0000000
2 0 1 1 -0.0000000
2 0 2 0 0.0089350
2 0 2 1 -0.0140195
2 0 2 2 0.0000000
2 1 0 0 0.0000000
2 1 1 0 -0.0000000
2 1 1 1 0.0000000
2 1 2 0 -0.0140195
2 1 2 1 0.1083184
2 1 2 2 -0.0000000
2 2 0 0 0.6336945
2 2 1 0 0.0041985
2 2 1 1 0.4882146
2 2 2 0 0.0000000
2 2 2 1 -0.0000000
2 2 2 2 0.5375512
3 0 0 0 0.0009563
3 0 1 0 0.0010312
3 0 1 1 -0.0018841
3 0 2 0 0.0000000
3 0 2 1 -0.0000000
3 0 2 2 0.0023857
3 0 3 0 0.0102173
3 0 3 1 -0.0153441
3 0 3 2 -0.0000000
3 0 3 3 -0.0033342
3 1 0 0 0.0165311
3 1 1 0 -0.0008485
3 1 1 1 0.0149935
3 1 2 0 -0.0000000
3 1 2 1 -0.0000000
3 1 2 2 -0.0288479
3 1 3 0 -0.0153441
3 1 3 1 0.1084053
3 1 3 2 0.0000000
3 1 3 3 0.0505435
3 2 0 0 0.0000000
3 2 1 0 0.0000000
3 2 1 1 0.0000000
3 2 2 0 0.0024828
3 2 2 1 -0.0356650
3 2 2 2 -0.0000000
3 2 3 0 -0.0000000
3 2 3 1 0.0000000
3 2 3 2 0.0293919
3 2 3 3 0.0000000
3 3 0 0 0.6565847
3 3 1 0 0.0043923
3 3 1 1 0.4956249
3 3 2 0 -0.0000000
3 3 2 1 0.0000000
3 3 2 2 0.4408218
3 3 3 0 -0.0033342
3 3 3 1 0.0505435
3 3 3 2 0.0000000
3 3 3 3 0.5341035
4 0 0 0 0.0121361
4 0 1 0 0.0014167
4 0 1 1 0.0011839
4 0 2 0 -0.0000000
4 0 2 1 0.0000000
4 0 2 2 0.0035847
4 0 3 0 -0.0000729
4 0 3 1 -0.0000127
4 0 3 2 -0.0000000
4 0 3 3 -0.0004459
4 0 4 0 0.0088466
4 0 4 1 -0.0135981
4 0 4 2 0.0000000
4 0 4 3 0.0028647
4 0 4 4 -0.0035199
4 1 0 0 0.0061898
4 1 1 0 0.0006551
4 1 1 1 -0.0043924
4 1 2 0 0.0000000
4 1 2 1 -0.0000000
4 1 2 2 -0.0479507
4 1 3 0 -0.0000758
4 1 3 1 0.0032617
4 1 3 2 0.0000000
4 1 3 3 0.0117225
4 1 4 0 -0.0135981
4 1 4 1 0.1014063
4 1 4 2 0.0000000
4 1 4 3 -0.0394839
4 1 4 4 0.0444930
4 2 0 0 -0.0000000
4 2 1 0 -0.0000000
4 2 1 1 -0.0000000
4 2 2 0 0.0029846
4 2 2 1 -0.0484930
4 2 2 2 0.0000000
4 2 3 0 -0.0000000
4 2 3 1 0.0000000
4 2 3 2 0.0228597
4 2 3 3 -0.0000000
4 2 4 0 0.0000000
4 2 4 1 0.0000000
4 2 4 2 0.0456653
4 2 4 3 -0.0000000
4 2 4 4 -0.0000000
4 3 0 0 -0.0015258
4 3 1 0 -0.0002139
4 3 1 1 0.0029696
4 3 2 0 -0.0000000
4 3 2 1 0.0000000
4 3 2 2 0.0223437
4 3 3 0 -0.0012975
4 3 3 1 0.0119010
4 3 3 2 -0.0000000
4 3 3 3 0.0021726
4 3 4 0 0.0028647
4 3 4 1 -0.0394839
4 3 4 2 -0.0000000
4 3 4 3 0.0372431
4 3 4 4 -0.0310816
4 4 0 0 0.6312288
4 4 1 0 0.0043819
4 4 1 1 0.4808216
4 4 2 0 -0.0000000
4 4 2 1 0.0000000
4 4 2 2 0.4485101
4 4 3 0 0.0028742
4 4 3 1 -0.0330957
4 4 3 2 -0.0000000
4 4 3 3 0.4477299
4 4 4 0 -0.0035199
4 4 4 1 0.0444930
4 4 4 2 -0.0000000
4 4 4 3 -0.0310816
4 4 4 4 0.5334854
5 0 0 0 -0.0000000
5 0 1 0 -0.0000000
5 0 1 1 -0.0000000
5 0 2 0 0.0136995
5 0 2 1 -0.0194775
5 0 2 2 0.0000000
5 0 3 0 -0.0000000
5 0 3 1 0.0000000
5 0 3 2 0.0030484
5 0 3 3 -0.0000000
5 0 4 0 -0.0000000
5 0 4 1 0.0000000
5 0 4 2 0.0035401
5 0 4 3 -0.0000000
5 0 4 4 -0.0000000
5 0 5 0 0.0211335
5 0 5 1 -0.0148772
5 0 5 2 -0.0000000
5 0 5 3 -0.0028790
5 0 5 4 -0.0052857
5 0 5 5 0.0000000
5 1 0 0 -0.0000000
5 1 1 0 -0.0000000
5 1 1 1 -0.0000000
5 1 2 0 -0.0102142
5 1 2 1 0.0196611
5 1 2 2 0.0000000
5 1 3 0 0.0000000
5 1 3 1 -0.0000000
5 1 3 2 0.0107331
5 1 3 3 -0.0000000
5 1 4 0 0.0000000
5 1 4 1 0.0000000
5 1 4 2 0.0181316
5 1 4 3 -0.0000000
5 1 4 4 -0.0000000
5 1 5 0 -0.0148772
5 1 5 1 0.0489545
5 1 5 2 -0.0000000
5 1 5 3 -0.0039256
5 1 5 4 -0.0041004
5 1 5 5 0.0000000
5 2 0 0 0.2531559
5 2 1 0 0.0056105
5 2 1 1 0.0833677
5 2 2 0 -0.0000000
5 2 2 1 0.0000000
5 2 2 2 0.0345402
5 2 3 0 -0.0018156
5 2 3 1 0.0309336
5 2 3 2 0.0000000
5 2 3 3 0.0861128
5 2 4 0 -0.0028239
5 2 4 1 0.0460637
5 2 4 2 -0.0000000
5 2 4 3 -0.0213881
5 2 4 4 0.0682632
5 2 5 0 -0.0000000
5 2 5 1 -0.0000000
5 2 5 2 0.1213802
5 2 5 3 -0.0000000
5 2 5 4 0.0000000
5 2 5 5 0.0548489
5 3 0 0 -0.0000000
5 3 1 0 -0.0000000
5 3 1 1 -0.0000000
5 3 2 0 -0.0018932
5 3 2 1 0.0289351
5 3 2 2 -0.0000000
5 3 3 0 0.0000000
5 3 3 1 -0.0000000
5 3 3 2 -0.0028279
5 3 3 3 -0.0000000
5 3 4 0 0.0000000
5 3 4 1 -0.0000000
5 3 4 2 -0.0201565
5 3 4 3 0.0000000
5 3 4 4 -0.0000000
5 3 5 0 -0.0028790
5 3 5 1 -0.0039256
5 3 5 2 -0.0000000
5 3 5 3 0.0234559
5 3 5 4 0.0165161
5 3 5 5 -0.0000000
5 4 0 0 -0.0000000
5 4 1 0 -0.0000000
5 4 1 1 0.0000000
5 4 2 0 -0.0035226
5 4 2 1 0.0470842
5 4 2 2 -0.0000000
5 4 3 0 0.0000000
5 4 3 1 -0.0000000
5 4 3 2 -0.0220383
5 4 3 3 0.0000000
5 4 4 0 0.0000000
5 4 4 1 -0.0000000
5 4 4 2 -0.0196506
5 4 4 3 0.0000000
5 4 4 4 0.0000000
5 4 5 0 -0.0052857
5 4 5 1 -0.0041004
5 4 5 2 0.0000000
5 4 5 3 0.0165161
5 4 5 4 0.0388795
5 4 5 5 -0.0000000
5 5 0 0 0.7355720
5 5 1 0 0.0088377
5 5 1 1 0.4982060
5 5 2 0 0.0000000
5 5 2 1 -0.0000000
5 5 2 2 0.5309092
5 5 3 0 -0.0001035
5 5 3 1 -0.0136433
5 5 3 2 -0.0000000
5 5 3 3 0.4562241
5 5 4 0 -0.0000168
5 5 4 1 -0.0257181
5 5 4 2 0.0000000
5 5 4 3 0.0180569
5 5 4 4 0.4618311
5 5 5 0 0.0000000
5 5 5 1 0.0000000
5 5 5 2 0.0548489
5 5 5 3 -0.0000000
5 5 5 4 -0.0000000
5 5 5 5 0.5569830
6 0 0 0 -0.1088840
6 0 1 0 -0.0149354
6 0 1 1 -0.0030451
6 0 2 0 0.0000000
6 0 2 1 -0.0000000
6 0 2 2 0.0032722
6 0 3 0 0.0035515
6 0 3 1 -0.0052463
6 0 3 2 -0.0000000
6 0 3 3 -0.0030772
6 0 4 0 0.0118168
6 0 4 1 -0.0176513
6 0 4 2 -0.0000000
6 0 4 3 0.0028500
6 0 4 4 -0.0047179
6 0 5 0 0.0000000
6 0 5 1 0.0000000
6 0 5 2 -0.0066938
6 0 5 3 0.0000000
6 0 5 4 0.0000000
6 0 5 5 -0.0038943
6 0 6 0 0.0245739
6 0 6 1 -0.0124155
6 0 6 2 0.0000000
6 0 6 3 -0.0016326
6 0 6 4 0.0025503
6 0 6 5 0.0000000
6 0 6 6 0.0096383
6 1 0 0 -0.0980381
6 1 1 0 -0.0035645
6 1 1 1 -0.0308286
6 1 2 0 -0.0000000
6 1 2 1 0.0000000
6 1 2 2 -0.0062507
6 1 3 0 -0.0023473
6 1 3 1 0.0019409
6 1 3 2 -0.0000000
6 1 3 3 -0.0334253
6 1 4 0 -0.0096809
6 1 4 1 0.0208935
6 1 4 2 -0.0000000
6 1 4 3 0.0095966
6 1 4 4 -0.0295667
6 1 5 0 0.0000000
6 1 5 1 0.0000000
6 1 5 2 -0.0291833
6 1 5 3 0.0000000
6 1 5 4 0.0000000
6 1 5 5 -0.0004578
6 1 6 0 -0.0124155
6 1 6 1 0.0524293
6 1 6 2 -0.0000000
6 1 6 3 -0.0116951
6 1 6 4 -0.0331598
6 1 6 5 -0.0000000
6 1 6 6 -0.0413704
6 2 0 0 0.0000000
6 2 1 0 0.0000000
6 2 1 1 0.0000000
6 2 2 0 -0.0009023
6 2 2 1 0.0507907
6 2 2 2 -0.0000000
6 2 3 0 0.0000000
6 2 3 1 -0.0000000
6 2 3 2 -0.0256031
6 2 3 3 0.0000000
6 2 4 0 0.0000000
6 2 4 1 -0.0000000
6 2 4 2 -0.0306929
6 2 4 3 0.0000000
6 2 4 4 0.0000000
6 2 5 0 -0.0014940
6 2 5 1 -0.0192340
6 2 5 2 0.0000000
6 2 5 3 0.0244400
6 2 5 4 0.0425258
6 2 5 5 -0.0000000
6 2 6 0 0.0000000
6 2 6 1 -0.0000000
6 2 6 2 0.0593977
6 2 6 3 -0.0000000
6 2 6 4 -0.0000000
6 2 6 5 -0.0493038
6 2 6 6 0.0000000
6 3 0 0 0.0679288
6 3 1 0 0.0019022
6 3 1 1 0.0190842
6 3 2 0 0.0000000
6 3 2 1 -0.0000000
6 3 2 2 -0.0006605
6 3 3 0 0.0043301
6 3 3 1 -0.0186468
6 3 3 2 0.0000000
6 3 3 3 0.0215732
6 3 4 0 -0.0018517
6 3 4 1 0.0276694
6 3 4 2 0.0000000
6 3 4 3 -0.0080996
6 3 4 4 0.0377712
6 3 5 0 0.0000000
6 3 5 1 0.0000000
6 3 5 2 0.0305884
6 3 5 3 -0.0000000
6 3 5 4 -0.0000000
6 3 5 5 0.0032240
6 3 6 0 -0.0016326
6 3 6 1 -0.0116951
6 3 6 2 -0.0000000
6 3 6 3 0.0320709
6 3 6 4 0.0109301
6 3 6 5 0.0000000
6 3 6 6 0.0145403
6 4 0 0 0.2266851
6 4 1 0 0.0047458
6 4 1 1 0.0789840
6 4 2 0 0.0000000
6 4 2 1 -0.0000000
6 4 2 2 0.0464298
6 4 3 0 -0.0019962
6 4 3 1 0.0299027
6 4 3 2 0.0000000
6 4 3 3 0.0724553
6 4 4 0 0.0037256
6 4 4 1 -0.0177597
6 4 4 2 0.0000000
6 4 4 3 0.0139402
6 4 4 4 0.0474811
6 4 5 0 0.0000000
6 4 5 1 -0.0000000
6 4 5 2 0.0613127
6 4 5 3 -0.0000000
6 4 5 4 -0.0000000
6 4 5 5 0.0555963
6 4 6 0 0.0025503
6 4 6 1 -0.0331598
6 4 6 2 -0.0000000
6 4 6 3 0.0109301
6 4 6 4 0.0844700
6 4 6 5 0.0000000
6 4 6 6 0.0787535
6 5 0 0 0.0000000
6 5 1 0 0.0000000
6 5 1 1 -0.0000000
6 5 2 0 0.0043242
6 5 2 1 -0.0618845
6 5 2 2 0.0000000
6 5 3 0 -0.0000000
6 5 3 1 0.0000000
6 5 3 2 0.0335294
6 5 3 3 -0.0000000
6 5 4 0 0.0000000
6 5 4 1 0.0000000
6 5 4 2 0.0530087
6 5 4 3 -0.0000000
6 5 4 4 -0.0000000
6 5 5 0 0.0056012
6 5 5 1 0.0249416
6 5 5 2 -0.0000000
6 5 5 3 -0.0254682
6 5 5 4 -0.0338456
6 5 5 5 0.0000000
6 5 6 0 0.0000000
6 5 6 1 -0.0000000
6 5 6 2 -0.0493038
6 5 6 3 0.0000000
6 5 6 4 0.0000000
6 5 6 5 0.0767059
6 5 6 6 -0.0000000
6 6 0 0 0.7357797
6 6 1 0 0.0093265
6 6 1 1 0.4967820
6 6 2 0 0.0000000
6 6 2 1 -0.0000000
6 6 2 2 0.5046223
6 6 3 0 0.0023999
6 6 3 1 -0.0238723
6 6 3 2 -0.0000000
6 6 3 3 0.4565932
6 6 4 0 0.0091207
6 6 4 1 -0.0466693
6 6 4 2 -0.0000000
6 6 4 3 0.0152152
6 6 4 4 0.4840689
6 6 5 0 -0.0000000
6 6 5 1 -0.0000000
6 6 5 2 0.0365404
6 6 5 3 -0.0000000
6 6 5 4 0.0000000
6 6 5 5 0.5134450
6 6 6 0 0.0096383
6 6 6 1 -0.0413704
6 6 6 2 0.0000000
6 6 6 3 0.0145403
6 6 6 4 0.0787535
6 6 6 5 -0.0000000
6 6 6 6 0.5516971
7 0 0 0 -0.1303605
7 0 1 0 -0.0167239
7 0 1 1 -0.0065813
7 0 2 0 0.0000000
7 0 2 1 -0.0000000
7 0 2 2 -0.0008331
7 0 3 0 0.0118810
7 0 3 1 -0.0164679
7 0 3 2 -0.0000000
7 0 3 3 -0.0045006
7 0 4 0 -0.0058012
7 0 4 1 0.0068021
7 0 4 2 -0.0000000
7 0 4 3 -0.0025727
7 0 4 4 0.0028922
7 0 5 0 0.0000000
7 0 5 1 0.0000000
7 0 5 2 -0.0025301
7 0 5 3 0.0000000
7 0 5 4 -0.0000000
7 0 5 5 -0.0032882
7 0 6 0 0.0037433
7 0 6 1 0.0040395
7 0 6 2 0.0000000
7 0 6 3 0.0053998
7 0 6 4 -0.0061069
7 0 6 5 -0.0000000
7 0 6 6 -0.0058499
7 0 7 0 0.0248049
7 0 7 1 -0.0097130
7 0 7 2 0.0000000
7 0 7 3 0.0048059
7 0 7 4 0.0020037
7 0 7 5 0.0000000
7 0 7 6 0.0048711
7 0 7 7 0.0098094
7 1 0 0 -0.0968595
7 1 1 0 -0.0046594
7 1 1 1 -0.0257828
7 1 2 0 -0.0000000
7 1 2 1 0.0000000
7 1 2 2 -0.0193665
7 1 3 0 -0.0083599
7 1 3 1 0.0144279
7 1 3 2 -0.0000000
7 1 3 3 -0.0398911
7 1 4 0 0.0036700
7 1 4 1 -0.0103996
7 1 4 2 -0.0000000
7 1 4 3 -0.0056716
7 1 4 4 -0.0090064
7 1 5 0 0.0000000
7 1 5 1 -0.0000000
7 1 5 2 -0.0276068
7 1 5 3 0.0000000
7 1 5 4 0.0000000
7 1 5 5 -0.0230347
7 1 6 0 0.0036131
7 1 6 1 0.0013528
7 1 6 2 -0.0000000
7 1 6 3 -0.0157133
7 1 6 4 -0.0213679
7 1 6 5 0.0000000
7 1 6 6 -0.0123876
7 1 7 0 -0.0097130
7 1 7 1 0.0444925
7 1 7 2 -0.0000000
7 1 7 3 -0.0311768
7 1 7 4 0.0190390
7 1 7 5 -0.0000000
7 1 7 6 -0.0203122
7 1 7 7 -0.0390155
7 2 0 0 0.0000000
7 2 1 0 0.0000000
7 2 1 1 0.0000000
7 2 2 0 0.0024491
7 2 2 1 0.0098096
7 2 2 2 0.0000000
7 2 3 0 0.0000000
7 2 3 1 -0.0000000
7 2 3 2 0.0000508
7 2 3 3 0.0000000
7 2 4 0 0.0000000
7 2 4 1 -0.0000000
7 2 4 2 -0.0184362
7 2 4 3 0.0000000
7 2 4 4 0.0000000
7 2 5 0 0.0035447
7 2 5 1 -0.0168728
7 2 5 2 0.0000000
7 2 5 3 0.0159520
7 2 5 4 0.0080806
7 2 5 5 0.0000000
7 2 6 0 0.0000000
7 2 6 1 -0.0000000
7 2 6 2 0.0178072
7 2 6 3 0.0000000
7 2 6 4 0.0000000
7 2 6 5 -0.0229039
7 2 6 6 0.0000000
7 2 7 0 0.0000000
7 2 7 1 -0.0000000
7 2 7 2 0.0201434
7 2 7 3 0.0000000
7 2 7 4 -0.0000000
7 2 7 5 0.0012932
7 2 7 6 0.0000000
7 2 7 7 0.0000000
7 3 0 0 0.2214098
7 3 1 0 0.0054677
7 3 1 1 0.0719293
7 3 2 0 0.0000000
7 3 2 1 -0.0000000
7 3 2 2 0.0765410
7 3 3 0 0.0065656
7 3 3 1 -0.0378151
7 3 3 2 -0.0000000
7 3 3 3 0.0556307
7 3 4 0 0.0015322
7 3 4 1 -0.0186667
7 3 4 2 0.0000000
7 3 4 3 0.0018959
7 3 4 4 0.0517985
7 3 5 0 -0.0000000
7 3 5 1 0.0000000
7 3 5 2 0.0352891
7 3 5 3 -0.0000000
7 3 5 4 -0.0000000
7 3 5 5 0.0801328
7 3 6 0 0.0026445
7 3 6 1 -0.0223365
7 3 6 2 0.0000000
7 3 6 3 0.0162316
7 3 6 4 0.0425213
7 3 6 5 0.0000000
7 3 6 6 0.0822074
7 3 7 0 0.0048059
7 3 7 1 -0.0311768
7 3 7 2 0.0000000
7 3 7 3 0.0867043
7 3 7 4 -0.0326443
7 3 7 5 0.0000000
7 3 7 6 0.0218927
7 3 7 7 0.0764995
7 4 0 0 -0.0977160
7 4 1 0 -0.0021970
7 4 1 1 -0.0363609
7 4 2 0 0.0000000
7 4 2 1 -0.0000000
7 4 2 2 -0.0519090
7 4 3 0 0.0010117
7 4 3 1 -0.0191388
7 4 3 2 0.0000000
7 4 3 3 -0.0306391
7 4 4 0 0.0000587
7 4 4 1 0.0420938
7 4 4 2 0.0000000
7 4 4 3 -0.0250949
7 4 4 4 0.0148399
7 4 5 0 -0.0000000
7 4 5 1 0.0000000
7 4 5 2 0.0001139
7 4 5 3 0.0000000
7 4 5 4 -0.0000000
7 4 5 5 -0.0560426
7 4 6 0 0.0011682
7 4 6 1 -0.0073248
7 4 6 2 0.0000000
7 4 6 3 0.0229777
7 4 6 4 -0.0383930
7 4 6 5 0.0000000
7 4 6 6 -0.0387354
7 4 7 0 0.0020037
7 4 7 1 0.0190390
7 4 7 2 -0.0000000
7 4 7 3 -0.0326443
7 4 7 4 0.0710572
7 4 7 5 -0.0000000
7 4 7 6 -0.0297333
7 4 7 7 0.0165858
7 5 0 0 0.0000000
7 5 1 0 0.0000000
7 5 1 1 -0.0000000
7 5 2 0 0.0057205
7 5 2 1 -0.0418005
7 5 2 2 0.0000000
7 5 3 0 -0.0000000
7 5 3 1 0.0000000
7 5 3 2 0.0236406
7 5 3 3 -0.0000000
7 5 4 0 -0.0000000
7 5 4 1 -0.0000000
7 5 4 2 0.0184394
7 5 4 3 -0.0000000
7 5 4 4 -0.0000000
7 5 5 0 0.0081542
7 5 5 1 -0.0004391
7 5 5 2 -0.0000000
7 5 5 3 -0.0057806
7 5 5 4 -0.0273742
7 5 5 5 0.0000000
7 5 6 0 -0.0000000
7 5 6 1 0.0000000
7 5 6 2 -0.0290204
7 5 6 3 0.0000000
7 5 6 4 0.0000000
7 5 6 5 0.0306354
7 5 6 6 -0.0000000
7 5 7 0 0.0000000
7 5 7 1 -0.0000000
7 5 7 2 0.0012932
7 5 7 3 0.0000000
7 5 7 4 -0.0000000
7 5 7 5 0.0295295
7 5 7 6 0.0000000
7 5 7 7 -0.0000000
7 6 0 0 -0.0062460
7 6 1 0 0.0008736
7 6 1 1 -0.0035764
7 6 2 0 0.0000000
7 6 2 1 -0.0000000
7 6 2 2 0.0291017
7 6 3 0 0.0058091
7 6 3 1 -0.0185694
7 6 3 2 -0.0000000
7 6 3 3 -0.0020267
7 6 4 0 0.0032235
7 6 4 1 -0.0409869
7 6 4 2 0.0000000
7 6 4 3 0.0309089
7 6 4 4 -0.0360300
7 6 5 0 -0.0000000
7 6 5 1 0.0000000
7 6 5 2 -0.0320093
7 6 5 3 0.0000000
7 6 5 4 0.0000000
7 6 5 5 0.0218297
7 6 6 0 0.0057724
7 6 6 1 0.0097148
7 6 6 2 0.0000000
7 6 6 3 -0.0054960
7 6 6 4 0.0001320
7 6 6 5 -0.0000000
7 6 6 6 0.0134725
7 6 7 0 0.0048711
7 6 7 1 -0.0203122
7 6 7 2 0.0000000
7 6 7 3 0.0218927
7 6 7 4 -0.0297333
7 6 7 5 0.0000000
7 6 7 6 0.0502627
7 6 7 7 -0.0252076
7 7 0 0 0.7136716
7 7 1 0 0.0100271
7 7 1 1 0.4790038
7 7 2 0 0.0000000
7 7 2 1 -0.0000000
7 7 2 2 0.4386974
7 7 3 0 0.0100130
7 7 3 1 -0.0364959
7 7 3 2 0.0000000
7 7 3 3 0.4818927
7 7 4 0 -0.0037638
7 7 4 1 0.0486424
7 7 4 2 -0.0000000
7 7 4 3 -0.0380377
7 7 4 4 0.5077613
7 7 5 0 -0.0000000
7 7 5 1 -0.0000000
7 7 5 2 0.0897194
7 7 5 3 -0.0000000
7 7 5 4 -0.0000000
7 7 5 5 0.4554448
7 7 6 0 -0.0044786
7 7 6 1 -0.0440597
7 7 6 2 0.0000000
7 7 6 3 0.0485011
7 7 6 4 0.0418683
7 7 6 5 0.0000000
7 7 6 6 0.4704051
7 7 7 0 0.0098094
7 7 7 1 -0.0390155
7 7 7 2 0.0000000
7 7 7 3 0.0764995
7 7 7 4 0.0165858
7 7 7 5 -0.0000000
7 7 7 6 -0.0252076
7 7 7 7 0.5583105
8 0 0 0 -0.2739412
8 0 1 0 -0.0380848
8 0 1 1 -0.0075666
8 0 2 0 -0.0000000
8 0 2 1 0.0000000
8 0 2 2 -0.0050542
8 0 3 0 -0.0063524
8 0 3 1 0.0082239
8 0 3 2 0.0000000
8 0 3 3 -0.0017934
8 0 4 0 -0.0038944
8 0 4 1 0.0031522
8 0 4 2 0.0000000
8 0 4 3 0.0000803
8 0 4 4 -0.0036897
8 0 5 0 0.0000000
8 0 5 1 0.0000000
8 0 5 2 -0.0025763
8 0 5 3 0.0000000
8 0 5 4 -0.0000000
8 0 5 5 -0.0064704
8 0 6 0 0.0082614
8 0 6 1 0.0069447
8 0 6 2 -0.0000000
8 0 6 3 -0.0031979
8 0 6 4 -0.0036796
8 0 6 5 -0.0000000
8 0 6 6 -0.0109182
8 0 7 0 0.0107320
8 0 7 1 0.0071894
8 0 7 2 -0.0000000
8 0 7 3 -0.0081267
8 0 7 4 0.0011851
8 0 7 5 -0.0000000
8 0 7 6 -0.0046889
8 0 7 7 -0.0120345
8 0 8 0 0.0394855
8 0 8 1 0.0047802
8 0 8 2 -0.0000000
8 0 8 3 -0.0005170
8 0 8 4 -0.0006495
8 0 8 5 -0.0000000
8 0 8 6 -0.0042773
8 0 8 7 -0.0047949
8 0 8 8 -0.0012907
8 1 0 0 -0.2533010
8 1 1 0 -0.0089592
8 1 1 1 -0.0820410
8 1 2 0 0.0000000
8 1 2 1 -0.0000000
8 1 2 2 -0.0687947
8 1 3 0 0.0048380
8 1 3 1 -0.0111289
8 1 3 2 0.0000000
8 1 3 3 -0.0572988
8 1 4 0 0.0012341
8 1 4 1 -0.0049177
8 1 4 2 0.0000000
8 1 4 3 0.0001053
8 1 4 4 -0.0652571
8 1 5 0 0.0000000
8 1 5 1 -0.0000000
8 1 5 2 -0.0591516
8 1 5 3 0.0000000
8 1 5 4 0.0000000
8 1 5 5 -0.0856058
8 1 6 0 0.0070324
8 1 6 1 0.0097714
8 1 6 2 -0.0000000
8 1 6 3 -0.0110929
8 1 6 4 -0.0516303
8 1 6 5 0.0000000
8 1 6 6 -0.0757051
8 1 7 0 0.0083321
8 1 7 1 0.0068428
8 1 7 2 -0.0000000
8 1 7 3 -0.0489711
8 1 7 4 0.0242067
8 1 7 5 0.0000000
8 1 7 6 0.0091142
8 1 7 7 -0.0560419
8 1 8 0 0.0047802
8 1 8 1 0.0666852
8 1 8 2 0.0000000
8 1 8 3 0.0460012
8 1 8 4 0.0181571
8 1 8 5 0.0000000
8 1 8 6 0.0041608
8 1 8 7 -0.0073041
8 1 8 8 -0.0521001
8 2 0 0 -0.0000000
8 2 1 0 -0.0000000
8 2 1 1 -0.0000000
8 2 2 0 0.0070553
8 2 2 1 -0.0118074
8 2 2 2 -0.0000000
8 2 3 0 -0.0000000
8 2 3 1 0.0000000
8 2 3 2 -0.0102085
8 2 3 3 0.0000000
8 2 4 0 -0.0000000
8 2 4 1 0.0000000
8 2 4 2 -0.0111723
8 2 4 3 0.0000000
8 2 4 4 -0.0000000
8 2 5 0 0.0103657
8 2 5 1 -0.0329059
8 2 5 2 -0.0000000
8 2 5 3 0.0009877
8 2 5 4 0.0046905
8 2 5 5 -0.0000000
8 2 6 0 0.0000000
8 2 6 1 0.0000000
8 2 6 2 0.0140277
8 2 6 3 -0.0000000
8 2 6 4 -0.0000000
8 2 6 5 -0.0183334
8 2 6 6 -0.0000000
8 2 7 0 0.0000000
8 2 7 1 -0.0000000
8 2 7 2 0.0092859
8 2 7 3 -0.0000000
8 2 7 4 -0.0000000
8 2 7 5 -0.0020964
8 2 7 6 0.0000000
8 2 7 7 -0.0000000
8 2 8 0 -0.0000000
8 2 8 1 0.0000000
8 2 8 2 0.0239008
8 2 8 3 0.0000000
8 2 8 4 0.0000000
8 2 8 5 0.0146956
8 2 8 6 -0.0000000
8 2 8 7 -0.0000000
8 2 8 8 0.0000000
8 3 0 0 -0.1142233
8 3 1 0 -0.0022583
8 3 1 1 -0.0381599
8 3 2 0 -0.0000000
8 3 2 1 0.0000000
8 3 2 2 -0.0491472
8 3 3 0 0.0044723
8 3 3 1 0.0295270
8 3 3 2 0.0000000
8 3 3 3 -0.0006313
8 3 4 0 -0.0000379
8 3 4 1 -0.0010167
8 3 4 2 0.0000000
8 3 4 3 0.0076735
8 3 4 4 -0.0564130
8 3 5 0 -0.0000000
8 3 5 1 0.0000000
8 3 5 2 -0.0083620
8 3 5 3 0.0000000
8 3 5 4 -0.0000000
8 3 5 5 -0.0574266
8 3 6 0 0.0024573
8 3 6 1 0.0011710
8 3 6 2 -0.0000000
8 3 6 3 -0.0107664
8 3 6 4 -0.0049239
8 3 6 5 0.0000000
8 3 6 6 -0.0584886
8 3 7 0 0.0058591
8 3 7 1 -0.0204360
8 3 7 2 -0.0000000
8 3 7 3 -0.0401255
8 3 7 4 -0.0079039
8 3 7 5 0.0000000
8 3 7 6 0.0107738
8 3 7 7 -0.0345901
8 3 8 0 -0.0005170
8 3 8 1 0.0460012
8 3 8 2 0.0000000
8 3 8 3 0.0787371
8 3 8 4 0.0054963
8 3 8 5 -0.0000000
8 3 8 6 -0.0043891
8 3 8 7 -0.0482774
8 3 8 8 0.0262988
8 4 0 0 -0.0538247
8 4 1 0 -0.0015027
8 4 1 1 -0.0181861
8 4 2 0 0.0000000
8 4 2 1 0.0000000
8 4 2 2 -0.0287901
8 4 3 0 0.0002084
8 4 3 1 -0.0014873
8 4 3 2 0.0000000
8 4 3 3 -0.0109051
8 4 4 0 0.0061449
8 4 4 1 -0.0008109
8 4 4 2 -0.0000000
8 4 4 3 -0.0181253
8 4 4 4 -0.0022674
8 4 5 0 -0.0000000
8 4 5 1 0.0000000
8 4 5 2 0.0002650
8 4 5 3 0.0000000
8 4 5 4 -0.0000000
8 4 5 5 -0.0386148
8 4 6 0 0.0089110
8 4 6 1 -0.0258644
8 4 6 2 -0.0000000
8 4 6 3 0.0021805
8 4 6 4 -0.0140108
8 4 6 5 0.0000000
8 4 6 6 -0.0152702
8 4 7 0 -0.0025936
8 4 7 1 0.0165179
8 4 7 2 -0.0000000
8 4 7 3 -0.0160114
8 4 7 4 0.0301351
8 4 7 5 -0.0000000
8 4 7 6 -0.0190706
8 4 7 7 0.0079423
8 4 8 0 -0.0006495
8 4 8 1 0.0181571
8 4 8 2 0.0000000
8 4 8 3 0.0054963
8 4 8 4 0.0329393
8 4 8 5 -0.0000000
8 4 8 6 0.0023387
8 4 8 7 0.0024833
8 4 8 8 -0.0121463
8 5 0 0 -0.0000000
8 5 1 0 0.0000000
8 5 1 1 -0.0000000
8 5 2 0 0.0119897
8 5 2 1 -0.0681516
8 5 2 2 0.0000000
8 5 3 0 -0.0000000
8 5 3 1 0.0000000
8 5 3 2 0.0158155
8 5 3 3 -0.0000000
8 5 4 0 -0.0000000
8 5 4 1 0.0000000
8 5 4 2 0.0245430
8 5 4 3 -0.0000000
8 5 4 4 -0.0000000
8 5 5 0 0.0175116
8 5 5 1 -0.0205611
8 5 5 2 -0.0000000
8 5 5 3 -0.0236728
8 5 5 4 -0.0333527
8 5 5 5 0.0000000
8 5 6 0 -0.0000000
8 5 6 1 0.0000000
8 5 6 2 -0.0344504
8 5 6 3 0.0000000
8 5 6 4 0.0000000
8 5 6 5 0.0355536
8 5 6 6 -0.0000000
8 5 7 0 -0.0000000
8 5 7 1 0.0000000
8 5 7 2 -0.0065012
8 5 7 3 0.0000000
8 5 7 4 -0.0000000
8 5 7 5 0.0267069
8 5 7 6 0.0000000
8 5 7 7 -0.0000000
8 5 8 0 -0.0000000
8 5 8 1 0.0000000
8 5 8 2 0.0146956
8 5 8 3 -0.0000000
8 5 8 4 -0.0000000
8 5 8 5 0.0538825
8 5 8 6 -0.0000000
8 5 8 7 -0.0000000
8 5 8 8 -0.0000000
8 6 0 0 -0.0074702
8 6 1 0 0.0009524
8 6 1 1 -0.0021636
8 6 2 0 0.0000000
8 6 2 1 -0.0000000
8 6 2 2 0.0306974
8 6 3 0 0.0010296
8 6 3 1 -0.0111919
8 6 3 2 -0.0000000
8 6 3 3 -0.0166574
8 6 4 0 0.0100171
8 6 4 1 -0.0612881
8 6 4 2 -0.0000000
8 6 4 3 0.0180260
8 6 4 4 -0.0271011
8 6 5 0 -0.0000000
8 6 5 1 0.0000000
8 6 5 2 -0.0367624
8 6 5 3 0.0000000
8 6 5 4 0.0000000
8 6 5 5 0.0191563
8 6 6 0 0.0132602
8 6 6 1 -0.0109627
8 6 6 2 0.0000000
8 6 6 3 -0.0232621
8 6 6 4 0.0028974
8 6 6 5 -0.0000000
8 6 6 6 0.0291371
8 6 7 0 -0.0047946
8 6 7 1 0.0093195
8 6 7 2 0.0000000
8 6 7 3 0.0157647
8 6 7 4 -0.0283662
8 6 7 5 0.0000000
8 6 7 6 0.0263808
8 6 7 7 -0.0319094
8 6 8 0 -0.0042773
8 6 8 1 0.0041608
8 6 8 2 -0.0000000
8 6 8 3 -0.0043891
8 6 8 4 0.0023387
8 6 8 5 -0.0000000
8 6 8 6 0.0469885
8 6 8 7 -0.0137341
8 6 8 8 -0.0350077
8 7 0 0 0.0072271
8 7 1 0 0.0025208
8 7 1 1 -0.0073964
8 7 2 0 0.0000000
8 7 2 1 -0.0000000
8 7 2 2 0.0113667
8 7 3 0 0.0080724
8 7 3 1 -0.0693027
8 7 3 2 -0.0000000
8 7 3 3 -0.0435143
8 7 4 0 -0.0052889
8 7 4 1 0.0327537
8 7 4 2 -0.0000000
8 7 4 3 -0.0246948
8 7 4 4 0.0514469
8 7 5 0 -0.0000000
8 7 5 1 0.0000000
8 7 5 2 -0.0071985
8 7 5 3 0.0000000
8 7 5 4 -0.0000000
8 7 5 5 0.0131871
8 7 6 0 -0.0050950
8 7 6 1 0.0091375
8 7 6 2 0.0000000
8 7 6 3 0.0208715
8 7 6 4 -0.0315523
8 7 6 5 0.0000000
8 7 6 6 0.0126912
8 7 7 0 0.0107299
8 7 7 1 0.0070838
8 7 7 2 0.0000000
8 7 7 3 0.0157846
8 7 7 4 0.0369543
8 7 7 5 -0.0000000
8 7 7 6 -0.0152057
8 7 7 7 0.0399313
8 7 8 0 -0.0047949
8 7 8 1 -0.0073041
8 7 8 2 -0.0000000
8 7 8 3 -0.0482774
8 7 8 4 0.0024833
8 7 8 5 -0.0000000
8 7 8 6 -0.0137341
8 7 8 7 0.0816305
8 7 8 8 -0.0679048
8 8 0 0 0.6711286
8 8 1 0 0.0098362
8 8 1 1 0.4713016
8 8 2 0 -0.0000000
8 8 2 1 0.0000000
8 8 2 2 0.4078522
8 8 3 0 -0.0113963
8 8 3 1 0.0915466
8 8 3 2 0.0000000
8 8 3 3 0.5102024
8 8 4 0 -0.0037447
8 8 4 1 0.0299258
8 8 4 2 0.0000000
8 8 4 3 0.0025215
8 8 4 4 0.4272707
8 8 5 0 -0.0000000
8 8 5 1 -0.0000000
8 8 5 2 0.0976149
8 8 5 3 -0.0000000
8 8 5 4 -0.0000000
8 8 5 5 0.4362397
8 8 6 0 -0.0130265
8 8 6 1 -0.0188329
8 8 6 2 0.0000000
8 8 6 3 0.0109809
8 8 6 4 0.0737448
8 8 6 5 -0.0000000
8 8 6 6 0.4236500
8 8 7 0 -0.0144922
8 8 7 1 -0.0273513
8 8 7 2 0.0000000
8 8 7 3 0.0071271
8 8 7 4 -0.0273665
8 8 7 5 -0.0000000
8 8 7 6 -0.0226712
8 8 7 7 0.4483495
8 8 8 0 -0.0012907
8 8 8 1 -0.0521001
8 8 8 2 0.0000000
8 8 8 3 0.0262988
8 8 8 4 -0.0121463
8 8 8 5 -0.0000000
8 8 8 6 -0.0350077
8 8 8 7 -0.0679048
8 8 8 8 0.5548806
9 0 0 0 -0.0000056
9 0 1 0 0.0000084
9 0 1 1 -0.0000406
9 0 2 0 -0.0000000
9 0 2 1 0.0000000
9 0 2 2 -0.0001252
9 0 3 0 0.0000219
9 0 3 1 -0.0000437
9 0 3 2 0.0000000
9 0 3 3 -0.0000024
9 0 4 0 -0.0002558
9 0 4 1 0.0005538
9 0 4 2 0.0000000
9 0 4 3 -0.0000208
9 0 4 4 0.0001568
9 0 5 0 -0.0000000
9 0 5 1 0.0000000
9 0 5 2 0.0001215
9 0 5 3 -0.0000000
9 0 5 4 -0.0000000
9 0 5 5 0.0000189
9 0 6 0 -0.0003528
9 0 6 1 0.0003958
9 0 6 2 0.0000000
9 0 6 3 0.0001810
9 0 6 4 -0.0001139
9 0 6 5 -0.0000000
9 0 6 6 -0.0002888
9 0 7 0 0.0001696
9 0 7 1 -0.0001880
9 0 7 2 -0.0000000
9 0 7 3 -0.0000897
9 0 7 4 0.0000656
9 0 7 5 -0.0000000
9 0 7 6 -0.0000499
9 0 7 7 0.0001155
9 0 8 0 0.0000565
9 0 8 1 -0.0000520
9 0 8 2 -0.0000000
9 0 8 3 -0.0000021
9 0 8 4 -0.0002656
9 0 8 5 -0.0000000
9 0 8 6 -0.0004299
9 0 8 7 0.0002363
9 0 8 8 0.0001449
9 0 9 0 0.0000117
9 0 9 1 -0.0000645
9 0 9 2 -0.0000000
9 0 9 3 -0.0000108
9 0 9 4 -0.0000049
9 0 9 5 0.0000000
9 0 9 6 -0.0000054
9 0 9 7 -0.0000799
9 0 9 8 0.0001484
9 0 9 9 0.0000036
9 1 0 0 0.0007319
9 1 1 0 -0.0000491
9 1 1 1 0.0013264
9 1 2 0 0.0000000
9 1 2 1 -0.0000000
9 1 2 2 0.0044983
9 1 3 0 -0.0001370
9 1 3 1 0.0008527
9 1 3 2 -0.0000000
9 1 3 3 0.0002278
9 1 4 0 0.0015580
9 1 4 1 -0.0128468
9 1 4 2 -0.0000000
9 1 4 3 0.0004600
9 1 4 4 -0.0043003
9 1 5 0 0.0000000
9 1 5 1 -0.0000000
9 1 5 2 -0.0041224
9 1 5 3 0.0000000
9 1 5 4 0.0000000
9 1 5 5 0.0016743
9 1 6 0 0.0019788
9 1 6 1 -0.0060682
9 1 6 2 -0.0000000
9 1 6 3 -0.0058035
9 1 6 4 0.0017218
9 1 6 5 0.0000000
9 1 6 6 0.0051922
9 1 7 0 -0.0009571
9 1 7 1 0.0030759
9 1 7 2 0.0000000
9 1 7 3 0.0034730
9 1 7 4 -0.0057029
9 1 7 5 0.0000000
9 1 7 6 0.0020632
9 1 7 7 -0.0029764
9 1 8 0 -0.0003178
9 1 8 1 0.0005477
9 1 8 2 0.0000000
9 1 8 3 0.0001901
9 1 8 4 0.0031486
9 1 8 5 0.0000000
9 1 8 6 0.0079137
9 1 8 7 -0.0042233
9 1 8 8 -0.0027355
9 1 9 0 -0.0000645
9 1 9 1 0.0080662
9 1 9 2 0.0000000
9 1 9 3 0.0122073
9 1 9 4 0.0013782
9 1 9 5 0.0000000
9 1 9 6 -0.0017069
9 1 9 7 -0.0064394
9 1 9 8 0.0129706
9 1 9 9 -0.0011000
9 2 0 0 -0.0000000
9 2 1 0 -0.0000000
9 2 1 1 -0.0000000
9 2 2 0 -0.0001051
9 2 2 1 0.0017344
9 2 2 2 -0.0000000
9 2 3 0 0.0000000
9 2 3 1 0.0000000
9 2 3 2 -0.0004116
9 2 3 3 -0.0000000
9 2 4 0 0.0000000
9 2 4 1 -0.0000000
9 2 4 2 -0.0020594
9 2 4 3 0.0000000
9 2 4 4 -0.0000000
9 2 5 0 -0.0001130
9 2 5 1 -0.0007011
9 2 5 2 -0.0000000
9 2 5 3 0.0007435
9 2 5 4 0.0001605
9 2 5 5 -0.0000000
9 2 6 0 0.0000000
9 2 6 1 -0.0000000
9 2 6 2 0.0005617
9 2 6 3 -0.0000000
9 2 6 4 -0.0000000
9 2 6 5 -0.0020773
9 2 6 6 0.0000000
9 2 7 0 -0.0000000
9 2 7 1 0.0000000
9 2 7 2 0.0010486
9 2 7 3 0.0000000
9 2 7 4 -0.0000000
9 2 7 5 -0.0003394
9 2 7 6 0.0000000
9 2 7 7 -0.0000000
9 2 8 0 -0.0000000
9 2 8 1 0.0000000
9 2 8 2 0.0003160
9 2 8 3 0.0000000
9 2 8 4 0.0000000
9 2 8 5 -0.0006415
9 2 8 6 0.0000000
9 2 8 7 -0.0000000
9 2 8 8 -0.0000000
9 2 9 0 -0.0000000
9 2 9 1 0.0000000
9 2 9 2 0.0005769
9 2 9 3 0.0000000
9 2 9 4 0.0000000
9 2 9 5 0.0003264
9 2 9 6 -0.0000000
9 2 9 7 -0.0000000
9 2 9 8 0.0000000
9 2 9 9 0.0000000
9 3 0 0 0.0018169
9 3 1 0 -0.0000354
9 3 1 1 0.0018509
9 3 2 0 0.0000000
9 3 2 1 -0.0000000
9 3 2 2 0.0039079
9 3 3 0 -0.0001289
9 3 3 1 0.0006419
9 3 3 2 -0.0000000
9 3 3 3 0.0008660
9 3 4 0 0.0013272
9 3 4 1 -0.0109827
9 3 4 2 -0.0000000
9 3 4 3 -0.0016121
9 3 4 4 -0.0024736
9 3 5 0 0.0000000
9 3 5 1 -0.0000000
9 3 5 2 -0.0028239
9 3 5 3 -0.0000000
9 3 5 4 0.0000000
9 3 5 5 0.0014993
9 3 6 0 0.0016964
9 3 6 1 -0.0068365
9 3 6 2 -0.0000000
9 3 6 3 -0.0063536
9 3 6 4 0.0010885
9 3 6 5 0.0000000
9 3 6 6 0.0047312
9 3 7 0 -0.0008386
9 3 7 1 0.0035547
9 3 7 2 0.0000000
9 3 7 3 0.0041244
9 3 7 4 -0.0050646
9 3 7 5 0.0000000
9 3 7 6 0.0004485
9 3 7 7 -0.0007150
9 3 8 0 -0.0002735
9 3 8 1 0.0001903
9 3 8 2 0.0000000
9 3 8 3 -0.0003675
9 3 8 4 0.0043815
9 3 8 5 0.0000000
9 3 8 6 0.0072098
9 3 8 7 -0.0031218
9 3 8 8 -0.0024854
9 3 9 0 -0.0000108
9 3 9 1 0.0122073
9 3 9 2 0.0000000
9 3 9 3 0.0202985
9 3 9 4 0.0019844
9 3 9 5 0.0000000
9 3 9 6 -0.0030101
9 3 9 7 -0.0122353
9 3 9 8 0.0239093
9 3 9 9 -0.0023858
9 4 0 0 -0.0220814
9 4 1 0 -0.0001295
9 4 1 1 -0.0133138
9 4 2 0 0.0000000
9 4 2 1 0.0000000
9 4 2 2 -0.0125988
9 4 3 0 0.0001332
9 4 3 1 0.0041420
9 4 3 2 0.0000000
9 4 3 3 -0.0059828
9 4 4 0 0.0002670
9 4 4 1 -0.0025317
9 4 4 2 0.0000000
9 4 4 3 0.0015378
9 4 4 4 -0.0174070
9 4 5 0 0.0000000
9 4 5 1 0.0000000
9 4 5 2 -0.0036624
9 4 5 3 0.0000000
9 4 5 4 0.0000000
9 4 5 5 -0.0138919
9 4 6 0 0.0004095
9 4 6 1 0.0002692
9 4 6 2 -0.0000000
9 4 6 3 -0.0028992
9 4 6 4 -0.0034201
9 4 6 5 0.0000000
9 4 6 6 -0.0148497
9 4 7 0 0.0000580
9 4 7 1 -0.0024525
9 4 7 2 -0.0000000
9 4 7 3 -0.0073513
9 4 7 4 -0.0010355
9 4 7 5 0.0000000
9 4 7 6 0.0027874
9 4 7 7 -0.0110803
9 4 8 0 -0.0000169
9 4 8 1 0.0092132
9 4 8 2 0.0000000
9 4 8 3 0.0129296
9 4 8 4 0.0019607
9 4 8 5 0.0000000
9 4 8 6 0.0003544
9 4 8 7 -0.0098480
9 4 8 8 0.0014682
9 4 9 0 -0.0000049
9 4 9 1 0.0013782
9 4 9 2 0.0000000
9 4 9 3 0.0019844
9 4 9 4 0.0051831
9 4 9 5 0.0000000
9 4 9 6 0.0025941
9 4 9 7 -0.0026883
9 4 9 8 0.0022703
9 4 9 9 0.0311165
9 5 0 0 -0.0000000
9 5 1 0 -0.0000000
9 5 1 1 -0.0000000
9 5 2 0 0.0001896
9 5 2 1 -0.0019309
9 5 2 2 -0.0000000
9 5 3 0 -0.0000000
9 5 3 1 0.0000000
9 5 3 2 0.0004757
9 5 3 3 -0.0000000
9 5 4 0 -0.0000000
9 5 4 1 0.0000000
9 5 4 2 -0.0000419
9 5 4 3 -0.0000000
9 5 4 4 -0.0000000
9 5 5 0 0.0002888
9 5 5 1 -0.0007646
9 5 5 2 -0.0000000
9 5 5 3 -0.0006497
9 5 5 4 -0.0017887
9 5 5 5 -0.0000000
9 5 6 0 -0.0000000
9 5 6 1 0.0000000
9 5 6 2 -0.0016194
9 5 6 3 0.0000000
9 5 6 4 -0.0000000
9 5 6 5 0.0002679
9 5 6 6 -0.0000000
9 5 7 0 0.0000000
9 5 7 1 -0.0000000
9 5 7 2 0.0000208
9 5 7 3 -0.0000000
9 5 7 4 0.0000000
9 5 7 5 0.0010646
9 5 7 6 0.0000000
9 5 7 7 -0.0000000
9 5 8 0 -0.0000000
9 5 8 1 0.0000000
9 5 8 2 0.0003799
9 5 8 3 0.0000000
9 5 8 4 0.0000000
9 5 8 5 0.0015631
9 5 8 6 -0.0000000
9 5 8 7 -0.0000000
9 5 8 8 -0.0000000
9 5 9 0 0.0000000
9 5 9 1 0.0000000
9 5 9 2 0.0003264
9 5 9 3 0.0000000
9 5 9 4 0.0000000
9 5 9 5 0.0003884
9 5 9 6 0.0000000
9 5 9 7 -0.0000000
9 5 9 8 0.0000000
9 5 9 9 0.0000000
9 6 0 0 -0.0214239
9 6 1 0 -0.0001246
9 6 1 1 -0.0126749
9 6 2 0 0.0000000
9 6 2 1 -0.0000000
9 6 2 2 -0.0103928
9 6 3 0 0.0005306
9 6 3 1 -0.0018696
9 6 3 2 0.0000000
9 6 3 3 -0.0098618
9 6 4 0 -0.0002279
9 6 4 1 0.0015990
9 6 4 2 -0.0000000
9 6 4 3 -0.0000692
9 6 4 4 -0.0109056
9 6 5 0 -0.0000000
9 6 5 1 0.0000000
9 6 5 2 -0.0040496
9 6 5 3 0.0000000
9 6 5 4 -0.0000000
9 6 5 5 -0.0113391
9 6 6 0 -0.0000835
9 6 6 1 0.0024404
9 6 6 2 -0.0000000
9 6 6 3 -0.0002628
9 6 6 4 -0.0058054
9 6 6 5 -0.0000000
9 6 6 6 -0.0130392
9 6 7 0 0.0007387
9 6 7 1 -0.0011895
9 6 7 2 -0.0000000
9 6 7 3 -0.0056679
9 6 7 4 0.0027368
9 6 7 5 -0.0000000
9 6 7 6 0.0015148
9 6 7 7 -0.0079709
9 6 8 0 -0.0000914
9 6 8 1 0.0070916
9 6 8 2 0.0000000
9 6 8 3 0.0066122
9 6 8 4 0.0009506
9 6 8 5 -0.0000000
9 6 8 6 -0.0012098
9 6 8 7 -0.0016464
9 6 8 8 -0.0052716
9 6 9 0 -0.0000054
9 6 9 1 -0.0017069
9 6 9 2 -0.0000000
9 6 9 3 -0.0030101
9 6 9 4 0.0025941
9 6 9 5 0.0000000
9 6 9 6 0.0025343
9 6 9 7 0.0009180
9 6 9 8 -0.0039635
9 6 9 9 0.0126917
9 7 0 0 0.0102196
9 7 1 0 0.0000706
9 7 1 1 0.0058872
9 7 2 0 -0.0000000
9 7 2 1 0.0000000
9 7 2 2 0.0048640
9 7 3 0 -0.0002303
9 7 3 1 0.0007570
9 7 3 2 -0.0000000
9 7 3 3 0.0046719
9 7 4 0 -0.0002102
9 7 4 1 0.0015422
9 7 4 2 0.0000000
9 7 4 3 0.0004410
9 7 4 4 0.0054188
9 7 5 0 -0.0000000
9 7 5 1 0.0000000
9 7 5 2 0.0024395
9 7 5 3 -0.0000000
9 7 5 4 -0.0000000
9 7 5 5 0.0059111
9 7 6 0 -0.0003561
9 7 6 1 0.0010911
9 7 6 2 0.0000000
9 7 6 3 0.0015231
9 7 6 4 0.0025686
9 7 6 5 -0.0000000
9 7 6 6 0.0053200
9 7 7 0 -0.0001678
9 7 7 1 -0.0005635
9 7 7 2 0.0000000
9 7 7 3 0.0019315
9 7 7 4 -0.0004187
9 7 7 5 0.0000000
9 7 7 6 -0.0003364
9 7 7 7 0.0036356
9 7 8 0 0.0001085
9 7 8 1 -0.0036504
9 7 8 2 -0.0000000
9 7 8 3 -0.0031312
9 7 8 4 -0.0026664
9 7 8 5 -0.0000000
9 7 8 6 -0.0009316
9 7 8 7 0.0014221
9 7 8 8 0.0031054
9 7 9 0 -0.0000799
9 7 9 1 -0.0064394
9 7 9 2 -0.0000000
9 7 9 3 -0.0122353
9 7 9 4 -0.0026883
9 7 9 5 -0.0000000
9 7 9 6 0.0009180
9 7 9 7 0.0096969
9 7 9 8 -0.0172501
9 7 9 9 -0.0060046
9 8 0 0 0.0034315
9 8 1 0 0.0000114
9 8 1 1 0.0024290
9 8 2 0 -0.0000000
9 8 2 1 -0.0000000
9 8 2 2 0.0041064
9 8 3 0 -0.0001052
9 8 3 1 0.0007257
9 8 3 2 -0.0000000
9 8 3 3 0.0015275
9 8 4 0 0.0002693
9 8 4 1 -0.0060371
9 8 4 2 -0.0000000
9 8 4 3 0.0008403
9 8 4 4 -0.0009388
9 8 5 0 0.0000000
9 8 5 1 -0.0000000
9 8 5 2 -0.0018002
9 8 5 3 0.0000000
9 8 5 4 0.0000000
9 8 5 5 0.0032962
9 8 6 0 0.0002589
9 8 6 1 -0.0020892
9 8 6 2 -0.0000000
9 8 6 3 -0.0034100
9 8 6 4 0.0011388
9 8 6 5 0.0000000
9 8 6 6 0.0036531
9 8 7 0 -0.0002365
9 8 7 1 0.0011188
9 8 7 2 0.0000000
9 8 7 3 0.0029377
9 8 7 4 -0.0052889
9 8 7 5 0.0000000
9 8 7 6 0.0013324
9 8 7 7 -0.0007506
9 8 8 0 -0.0000238
9 8 8 1 -0.0009150
9 8 8 2 -0.0000000
9 8 8 3 -0.0006364
9 8 8 4 0.0013680
9 8 8 5 0.0000000
9 8 8 6 0.0035967
9 8 8 7 -0.0017768
9 8 8 8 -0.0002820
9 8 9 0 0.0001484
9 8 9 1 0.0129706
9 8 9 2 0.0000000
9 8 9 3 0.0239093
9 8 9 4 0.0022703
9 8 9 5 0.0000000
9 8 9 6 -0.0039635
9 8 9 7 -0.0172501
9 8 9 8 0.0334452
9 8 9 9 -0.0021130
9 9 0 0 0.3243042
9 9 1 0 -0.0004129
9 9 1 1 0.3292790
9 9 2 0 -0.0000000
9 9 2 1 0.0000000
9 9 2 2 0.2712656
9 9 3 0 -0.0060147
9 9 3 1 0.1090397
9 9 3 2 0.0000000
9 9 3 3 0.4025094
9 9 4 0 -0.0004008
9 9 4 1 0.0111971
9 9 4 2 0.0000000
9 9 4 3 0.0133171
9 9 4 4 0.2769275
9 9 5 0 -0.0000000
9 9 5 1 -0.0000000
9 9 5 2 0.0447198
9 9 5 3 -0.0000000
9 9 5 4 -0.0000000
9 9 5 5 0.2758748
9 9 6 0 -0.0025152
9 9 6 1 -0.0130029
9 9 6 2 -0.0000000
9 9 6 3 -0.0109349
9 9 6 4 0.0405038
9 9 6 5 -0.0000000
9 9 6 6 0.2735582
9 9 7 0 -0.0062616
9 9 7 1 -0.0305883
9 9 7 2 -0.0000000
9 9 7 3 -0.0533217
9 9 7 4 -0.0247421
9 9 7 5 -0.0000000
9 9 7 6 -0.0040295
9 9 7 7 0.3116601
9 9 8 0 0.0035327
9 9 8 1 0.0270845
9 9 8 2 0.0000000
9 9 8 3 0.1128728
9 9 8 4 0.0043591
9 9 8 5 0.0000000
9 9 8 6 -0.0253618
9 9 8 7 -0.1175799
9 9 8 8 0.4764633
9 9 9 0 0.0000036
9 9 9 1 -0.0011000
9 9 9 2 0.0000000
9 9 9 3 -0.0023858
9 9 9 4 0.0311165
9 9 9 5 0.0000000
9 9 9 6 0.0126917
9 9 9 7 -0.0060046
9 9 9 8 -0.0021130
9 9 9 9 0.6728327
10 0 0 0 0.0000000
10 0 1 0 0.0000000
10 0 1 1 -0.0000000
10 0 2 0 0.0002587
10 0 2 1 -0.0005673
10 0 2 2 0.0000000
10 0 3 0 -0.0000000
10 0 3 1 0.0000000
10 0 3 2 0.0000016
10 0 3 3 0.0000000
10 0 4 0 -0.0000000
10 0 4 1 0.0000000
10 0 4 2 0.0001037
10 0 4 3 -0.0000000
10 0 4 4 -0.0000000
10 0 5 0 0.0003942
10 0 5 1 -0.0004296
10 0 5 2 -0.0000000
10 0 5 3 -0.0001815
10 0 5 4 -0.0001534
10 0 5 5 0.0000000
10 0 6 0 -0.0000000
10 0 6 1 0.0000000
10 0 6 2 -0.0000728
10 0 6 3 0.0000000
10 0 6 4 0.0000000
10 0 6 5 0.0001288
10 0 6 6 -0.0000000
10 0 7 0 0.0000000
10 0 7 1 -0.0000000
10 0 7 2 0.0000296
10 0 7 3 -0.0000000
10 0 7 4 -0.0000000
10 0 7 5 0.0001475
10 0 7 6 -0.0000000
10 0 7 7 0.0000000
10 0 8 0 -0.0000000
10 0 8 1 0.0000000
10 0 8 2 0.0002999
10 0 8 3 -0.0000000
10 0 8 4 -0.0000000
10 0 8 5 0.0005111
10 0 8 6 -0.0000000
10 0 8 7 0.0000000
10 0 8 8 -0.0000000
10 0 9 0 0.0000000
10 0 9 1 -0.0000000
10 0 9 2 -0.0000035
10 0 9 3 0.0000000
10 0 9 4 -0.0000000
10 0 9 5 0.0000078
10 0 9 6 -0.0000000
10 0 9 7 0.0000000
10 0 9 8 0.0000000
10 0 9 9 -0.0000000
10 0 10 0 0.0000117
10 0 10 1 -0.0000646
10 0 10 2 0.0000000
10 0 10 3 -0.0000110
10 0 10 4 0.0000012
10 0 10 5 0.0000000
10 0 10 6 -0.0000200
10 0 10 7 -0.0000728
10 0 10 8 0.0001508
10 0 10 9 0.0000021
10 0 10 10 -0.0000000
10 1 0 0 0.0000000
10 1 1 0 -0.0000000
10 1 1 1 0.0000000
10 1 2 0 -0.0015826
10 1 2 1 0.0133436
10 1 2 2 -0.0000000
10 1 3 0 0.0000000
10 1 3 1 -0.0000000
10 1 3 2 0.0000897
10 1 3 3 0.0000000
10 1 4 0 0.0000000
10 1 4 1 -0.0000000
10 1 4 2 -0.0037443
10 1 4 3 0.0000000
10 1 4 4 0.0000000
10 1 5 0 -0.0022220
10 1 5 1 0.0064035
10 1 5 2 0.0000000
10 1 5 3 0.0061245
10 1 5 4 0.0049885
10 1 5 5 -0.0000000
10 1 6 0 0.0000000
10 1 6 1 -0.0000000
10 1 6 2 0.0051657
10 1 6 3 -0.0000000
10 1 6 4 -0.0000000
10 1 6 5 -0.0042588
10 1 6 6 0.0000000
10 1 7 0 -0.0000000
10 1 7 1 0.0000000
10 1 7 2 0.0023505
10 1 7 3 -0.0000000
10 1 7 4 -0.0000000
10 1 7 5 -0.0029345
10 1 7 6 0.0000000
10 1 7 7 0.0000000
10 1 8 0 0.0000000
10 1 8 1 -0.0000000
10 1 8 2 -0.0043513
10 1 8 3 0.0000000
10 1 8 4 0.0000000
10 1 8 5 -0.0090415
10 1 8 6 0.0000000
10 1 8 7 -0.0000000
10 1 8 8 0.0000000
10 1 9 0 -0.0000000
10 1 9 1 0.0000000
10 1 9 2 0.0003042
10 1 9 3 -0.0000000
10 1 9 4 -0.0000000
10 1 9 5 -0.0005330
10 1 9 6 0.0000000
10 1 9 7 0.0000000
10 1 9 8 0.0000000
10 1 9 9 -0.0000000
10 1 10 0 -0.0000646
10 1 10 1 0.0081045
10 1 10 2 0.0000000
10 1 10 3 0.0122553
10 1 10 4 0.0009536
10 1 10 5 0.0000000
10 1 10 6 -0.0006578
10 1 10 7 -0.0069654
10 1 10 8 0.0128249
10 1 10 9 -0.0000549
10 1 10 10 -0.0000000
10 2 0 0 0.0222794
10 2 1 0 0.0001182
10 2 1 1 0.0137504
10 2 2 0 -0.0000000
10 2 2 1 0.0000000
10 2 2 2 0.0171971
10 2 3 0 -0.0001673
10 2 3 1 -0.0038517
10 2 3 2 -0.0000000
10 2 3 3 0.0059131
10 2 4 0 0.0000981
10 2 4 1 -0.0019470
10 2 4 2 -0.0000000
10 2 4 3 -0.0001951
10 2 4 4 0.0129485
10 2 5 0 -0.0000000
10 2 5 1 0.0000000
10 2 5 2 0.0031912
10 2 5 3 0.0000000
10 2 5 4 0.0000000
10 2 5 5 0.0172975
10 2 6 0 -0.0000072
10 2 6 1 0.0002206
10 2 6 2 0.0000000
10 2 6 3 0.0009849
10 2 6 4 0.0024511
10 2 6 5 -0.0000000
10 2 6 6 0.0151279
10 2 7 0 -0.0002553
10 2 7 1 0.0022859
10 2 7 2 0.0000000
10 2 7 3 0.0085876
10 2 7 4 -0.0017594
10 2 7 5 -0.0000000
10 2 7 6 -0.0001706
10 2 7 7 0.0084745
10 2 8 0 -0.0000468
10 2 8 1 -0.0093564
10 2 8 2 -0.0000000
10 2 8 3 -0.0126928
10 2 8 4 -0.0021551
10 2 8 5 -0.0000000
10 2 8 6 0.0022521
10 2 8 7 0.0081730
10 2 8 8 -0.0022886
10 2 9 0 -0.0000042
10 2 9 1 0.0004132
10 2 9 2 -0.0000000
10 2 9 3 0.0006133
10 2 9 4 -0.0037639
10 2 9 5 -0.0000000
10 2 9 6 -0.0022891
10 2 9 7 0.0009742
10 2 9 8 0.0006886
10 2 9 9 -0.0256893
10 2 10 0 0.0000000
10 2 10 1 0.0000000
10 2 10 2 0.0049713
10 2 10 3 0.0000000
10 2 10 4 0.0000000
10 2 10 5 0.0032073
10 2 10 6 -0.0000000
10 2 10 7 -0.0000000
10 2 10 8 0.0000000
10 2 10 9 0.0000000
10 2 10 10 -0.0312926
10 3 0 0 -0.0000000
10 3 1 0 -0.0000000
10 3 1 1 -0.0000000
10 3 2 0 -0.0013554
10 3 2 1 0.0114825
10 3 2 2 -0.0000000
10 3 3 0 0.0000000
10 3 3 1 -0.0000000
10 3 3 2 0.0019366
10 3 3 3 -0.0000000
10 3 4 0 0.0000000
10 3 4 1 -0.0000000
10 3 4 2 -0.0025327
10 3 4 3 0.0000000
10 3 4 4 -0.0000000
10 3 5 0 -0.0019187
10 3 5 1 0.0072580
10 3 5 2 0.0000000
10 3 5 3 0.0069982
10 3 5 4 0.0039123
10 3 5 5 -0.0000000
10 3 6 0 0.0000000
10 3 6 1 -0.0000000
10 3 6 2 0.0039628
10 3 6 3 -0.0000000
10 3 6 4 -0.0000000
10 3 6 5 -0.0025604
10 3 6 6 -0.0000000
10 3 7 0 0.0000000
10 3 7 1 -0.0000000
10 3 7 2 0.0027809
10 3 7 3 -0.0000000
10 3 7 4 0.0000000
10 3 7 5 -0.0014904
10 3 7 6 0.0000000
10 3 7 7 -0.0000000
10 3 8 0 0.0000000
10 3 8 1 0.0000000
10 3 8 2 -0.0053089
10 3 8 3 0.0000000
10 3 8 4 0.0000000
10 3 8 5 -0.0082920
10 3 8 6 0.0000000
10 3 8 7 -0.0000000
10 3 8 8 0.0000000
10 3 9 0 0.0000000
10 3 9 1 -0.0000000
10 3 9 2 0.0003561
10 3 9 3 -0.0000000
10 3 9 4 0.0000000
10 3 9 5 -0.0006232
10 3 9 6 0.0000000
10 3 9 7 -0.0000000
10 3 9 8 -0.0000000
10 3 9 9 0.0000000
10 3 10 0 -0.0000110
10 3 10 1 0.0122553
10 3 10 2 0.0000000
10 3 10 3 0.0203479
10 3 10 4 0.0017059
10 3 10 5 -0.0000000
10 3 10 6 -0.0016500
10 3 10 7 -0.0129149
10 3 10 8 0.0237303
10 3 10 9 -0.0002627
10 3 10 10 0.0000000
10 4 0 0 -0.0000000
10 4 1 0 -0.0000000
10 4 1 1 -0.0000000
10 4 2 0 -0.0000534
10 4 2 1 -0.0004052
10 4 2 2 -0.0000000
10 4 3 0 0.0000000
10 4 3 1 0.0000000
10 4 3 2 0.0005683
10 4 3 3 -0.0000000
10 4 4 0 -0.0000000
10 4 4 1 0.0000000
10 4 4 2 0.0017481
10 4 4 3 -0.0000000
10 4 4 4 -0.0000000
10 4 5 0 -0.0001106
10 4 5 1 0.0014862
10 4 5 2 -0.0000000
10 4 5 3 -0.0000061
10 4 5 4 0.0003974
10 4 5 5 -0.0000000
10 4 6 0 0.0000000
10 4 6 1 -0.0000000
10 4 6 2 -0.0001767
10 4 6 3 -0.0000000
10 4 6 4 -0.0000000
10 4 6 5 0.0017499
10 4 6 6 -0.0000000
10 4 7 0 0.0000000
10 4 7 1 -0.0000000
10 4 7 2 -0.0007165
10 4 7 3 -0.0000000
10 4 7 4 0.0000000
10 4 7 5 0.0001315
10 4 7 6 0.0000000
10 4 7 7 -0.0000000
10 4 8 0 0.0000000
10 4 8 1 0.0000000
10 4 8 2 -0.0008719
10 4 8 3 0.0000000
10 4 8 4 0.0000000
10 4 8 5 -0.0003011
10 4 8 6 -0.0000000
10 4 8 7 -0.0000000
10 4 8 8 0.0000000
10 4 9 0 0.0000000
10 4 9 1 -0.0000000
10 4 9 2 -0.0005327
10 4 9 3 0.0000000
10 4 9 4 0.0000000
10 4 9 5 -0.0004066
10 4 9 6 0.0000000
10 4 9 7 -0.0000000
10 4 9 8 -0.0000000
10 4 9 9 0.0000000
10 4 10 0 0.0000012
10 4 10 1 0.0009536
10 4 10 2 0.0000000
10 4 10 3 0.0017059
10 4 10 4 0.0007110
10 4 10 5 -0.0000000
10 4 10 6 0.0001312
10 4 10 7 -0.0013306
10 4 10 8 0.0020108
10 4 10 9 0.0027806
10 4 10 10 0.0000000
10 5 0 0 0.0238799
10 5 1 0 0.0001552
10 5 1 1 0.0138568
10 5 2 0 -0.0000000
10 5 2 1 0.0000000
10 5 2 2 0.0119456
10 5 3 0 -0.0005547
10 5 3 1 0.0018544
10 5 3 2 -0.0000000
10 5 3 3 0.0111083
10 5 4 0 -0.0002188
10 5 4 1 0.0021528
10 5 4 2 -0.0000000
10 5 4 3 -0.0005451
10 5 4 4 0.0119018
10 5 5 0 -0.0000000
10 5 5 1 -0.0000000
10 5 5 2 0.0075796
10 5 5 3 -0.0000000
10 5 5 4 -0.0000000
10 5 5 5 0.0139348
10 5 6 0 -0.0005518
10 5 6 1 -0.0004540
10 5 6 2 0.0000000
10 5 6 3 0.0019242
10 5 6 4 0.0043278
10 5 6 5 -0.0000000
10 5 6 6 0.0112555
10 5 7 0 -0.0005183
10 5 7 1 0.0001959
10 5 7 2 0.0000000
10 5 7 3 0.0054084
10 5 7 4 -0.0008260
10 5 7 5 -0.0000000
10 5 7 6 -0.0019362
10 5 7 7 0.0099192
10 5 8 0 0.0002064
10 5 8 1 -0.0082222
10 5 8 2 -0.0000000
10 5 8 3 -0.0074840
10 5 8 4 -0.0016558
10 5 8 5 -0.0000000
10 5 8 6 -0.0011407
10 5 8 7 0.0032700
10 5 8 8 0.0068363
10 5 9 0 0.0000074
10 5 9 1 -0.0004593
10 5 9 2 -0.0000000
10 5 9 3 -0.0004489
10 5 9 4 -0.0025934
10 5 9 5 -0.0000000
10 5 9 6 -0.0016696
10 5 9 7 0.0010939
10 5 9 8 -0.0003134
10 5 9 9 -0.0109197
10 5 10 0 0.0000000
10 5 10 1 0.0000000
10 5 10 2 0.0032073
10 5 10 3 -0.0000000
10 5 10 4 -0.0000000
10 5 10 5 0.0026508
10 5 10 6 -0.0000000
10 5 10 7 -0.0000000
10 5 10 8 0.0000000
10 5 10 9 0.0000000
10 5 10 10 -0.0140527
10 6 0 0 -0.0000000
10 6 1 0 -0.0000000
10 6 1 1 -0.0000000
10 6 2 0 -0.0000773
10 6 2 1 0.0015998
10 6 2 2 -0.0000000
10 6 3 0 0.0000000
10 6 3 1 -0.0000000
10 6 3 2 -0.0006268
10 6 3 3 -0.0000000
10 6 4 0 0.0000000
10 6 4 1 -0.0000000
10 6 4 2 -0.0002670
10 6 4 3 0.0000000
10 6 4 4 -0.0000000
10 6 5 0 -0.0001267
10 6 5 1 -0.0000184
10 6 5 2 -0.0000000
10 6 5 3 0.0004997
10 6 5 4 0.0015304
10 6 5 5 -0.0000000
10 6 6 0 0.0000000
10 6 6 1 0.0000000
10 6 6 2 0.0019002
10 6 6 3 -0.0000000
10 6 6 4 -0.0000000
10 6 6 5 -0.0006763
10 6 6 6 -0.0000000
10 6 7 0 0.0000000
10 6 7 1 -0.0000000
10 6 7 2 0.0000504
10 6 7 3 -0.0000000
10 6 7 4 0.0000000
10 6 7 5 -0.0010454
10 6 7 6 0.0000000
10 6 7 7 -0.0000000
10 6 8 0 -0.0000000
10 6 8 1 0.0000000
10 6 8 2 0.0002374
10 6 8 3 0.0000000
10 6 8 4 0.0000000
10 6 8 5 -0.0011585
10 6 8 6 0.0000000
10 6 8 7 -0.0000000
10 6 8 8 -0.0000000
10 6 9 0 -0.0000000
10 6 9 1 0.0000000
10 6 9 2 -0.0003029
10 6 9 3 0.0000000
10 6 9 4 0.0000000
10 6 9 5 -0.0002839
10 6 9 6 0.0000000
10 6 9 7 -0.0000000
10 6 9 8 0.0000000
10 6 9 9 0.0000000
10 6 10 0 -0.0000200
10 6 10 1 -0.0006578
10 6 10 2 -0.0000000
10 6 10 3 -0.0016500
10 6 10 4 0.0001312
10 6 10 5 -0.0000000
10 6 10 6 0.0005537
10 6 10 7 0.0013127
10 6 10 8 -0.0026221
10 6 10 9 0.0014920
10 6 10 10 0.0000000
10 7 0 0 0.0000000
10 7 1 0 0.0000000
10 7 1 1 0.0000000
10 7 2 0 0.0003653
10 7 2 1 -0.0031717
10 7 2 2 0.0000000
10 7 3 0 -0.0000000
10 7 3 1 0.0000000
10 7 3 2 -0.0000995
10 7 3 3 0.0000000
10 7 4 0 -0.0000000
10 7 4 1 0.0000000
10 7 4 2 0.0001175
10 7 4 3 -0.0000000
10 7 4 4 0.0000000
10 7 5 0 0.0005090
10 7 5 1 -0.0024851
10 7 5 2 -0.0000000
10 7 5 3 -0.0017657
10 7 5 4 -0.0014481
10 7 5 5 0.0000000
10 7 6 0 -0.0000000
10 7 6 1 0.0000000
10 7 6 2 -0.0014015
10 7 6 3 0.0000000
10 7 6 4 0.0000000
10 7 6 5 0.0001359
10 7 6 6 0.0000000
10 7 7 0 -0.0000000
10 7 7 1 -0.0000000
10 7 7 2 -0.0006215
10 7 7 3 0.0000000
10 7 7 4 0.0000000
10 7 7 5 0.0006825
10 7 7 6 -0.0000000
10 7 7 7 0.0000000
10 7 8 0 0.0000000
10 7 8 1 -0.0000000
10 7 8 2 0.0022289
10 7 8 3 -0.0000000
10 7 8 4 -0.0000000
10 7 8 5 0.0024527
10 7 8 6 -0.0000000
10 7 8 7 0.0000000
10 7 8 8 0.0000000
10 7 9 0 0.0000000
10 7 9 1 -0.0000000
10 7 9 2 0.0000405
10 7 9 3 -0.0000000
10 7 9 4 -0.0000000
10 7 9 5 0.0004417
10 7 9 6 -0.0000000
10 7 9 7 0.0000000
10 7 9 8 -0.0000000
10 7 9 9 -0.0000000
10 7 10 0 -0.0000728
10 7 10 1 -0.0069654
10 7 10 2 -0.0000000
10 7 10 3 -0.0129149
10 7 10 4 -0.0013306
10 7 10 5 -0.0000000
10 7 10 6 0.0013127
10 7 10 7 0.0097886
10 7 10 8 -0.0178207
10 7 10 9 -0.0005369
10 7 10 10 -0.0000000
10 8 0 0 -0.0000000
10 8 1 0 -0.0000000
10 8 1 1 -0.0000000
10 8 2 0 -0.0002219
10 8 2 1 0.0057272
10 8 2 2 -0.0000000
10 8 3 0 0.0000000
10 8 3 1 -0.0000000
10 8 3 2 -0.0003616
10 8 3 3 0.0000000
10 8 4 0 0.0000000
10 8 4 1 -0.0000000
10 8 4 2 -0.0022881
10 8 4 3 0.0000000
10 8 4 4 0.0000000
10 8 5 0 -0.0002526
10 8 5 1 0.0017456
10 8 5 2 0.0000000
10 8 5 3 0.0035831
10 8 5 4 0.0025807
10 8 5 5 -0.0000000
10 8 6 0 0.0000000
10 8 6 1 -0.0000000
10 8 6 2 0.0034585
10 8 6 3 -0.0000000
10 8 6 4 -0.0000000
10 8 6 5 -0.0027202
10 8 6 6 0.0000000
10 8 7 0 0.0000000
10 8 7 1 0.0000000
10 8 7 2 0.0028389
10 8 7 3 -0.0000000
10 8 7 4 -0.0000000
10 8 7 5 -0.0010887
10 8 7 6 0.0000000
10 8 7 7 -0.0000000
10 8 8 0 -0.0000000
10 8 8 1 0.0000000
10 8 8 2 -0.0022331
10 8 8 3 0.0000000
10 8 8 4 0.0000000
10 8 8 5 -0.0034461
10 8 8 6 0.0000000
10 8 8 7 -0.0000000
10 8 8 8 0.0000000
10 8 9 0 -0.0000000
10 8 9 1 0.0000000
10 8 9 2 0.0003721
10 8 9 3 -0.0000000
10 8 9 4 -0.0000000
10 8 9 5 -0.0005343
10 8 9 6 0.0000000
10 8 9 7 -0.0000000
10 8 9 8 0.0000000
10 8 9 9 0.0000000
10 8 10 0 0.0001508
10 8 10 1 0.0128249
10 8 10 2 0.0000000
10 8 10 3 0.0237303
10 8 10 4 0.0020108
10 8 10 5 0.0000000
10 8 10 6 -0.0026221
10 8 10 7 -0.0178207
10 8 10 8 0.0330616
10 8 10 9 -0.0001332
10 8 10 10 0.0000000
10 9 0 0 0.0000000
10 9 1 0 -0.0000000
10 9 1 1 0.0000000
10 9 2 0 -0.0000042
10 9 2 1 0.0008162
10 9 2 2 -0.0000000
10 9 3 0 0.0000000
10 9 3 1 -0.0000000
10 9 3 2 0.0000052
10 9 3 3 -0.0000000
10 9 4 0 -0.0000000
10 9 4 1 -0.0000000
10 9 4 2 -0.0023240
10 9 4 3 0.0000000
10 9 4 4 0.0000000
10 9 5 0 0.0000185
10 9 5 1 -0.0011793
10 9 5 2 -0.0000000
10 9 5 3 0.0001242
10 9 5 4 -0.0007963
10 9 5 5 -0.0000000
10 9 6 0 -0.0000000
10 9 6 1 0.0000000
10 9 6 2 -0.0002680
10 9 6 3 0.0000000
10 9 6 4 0.0000000
10 9 6 5 -0.0019593
10 9 6 6 0.0000000
10 9 7 0 0.0000000
10 9 7 1 -0.0000000
10 9 7 2 0.0010633
10 9 7 3 -0.0000000
10 9 7 4 -0.0000000
10 9 7 5 0.0001232
10 9 7 6 -0.0000000
10 9 7 7 0.0000000
10 9 8 0 0.0000000
10 9 8 1 0.0000000
10 9 8 2 0.0006323
10 9 8 3 -0.0000000
10 9 8 4 -0.0000000
10 9 8 5 -0.0001574
10 9 8 6 0.0000000
10 9 8 7 -0.0000000
10 9 8 8 -0.0000000
10 9 9 0 -0.0000000
10 9 9 1 -0.0000000
10 9 9 2 -0.0028017
10 9 9 3 0.0000000
10 9 9 4 0.0000000
10 9 9 5 -0.0015665
10 9 9 6 0.0000000
10 9 9 7 -0.0000000
10 9 9 8 0.0000000
10 9 9 9 -0.0000000
10 9 10 0 0.0000021
10 9 10 1 -0.0000549
10 9 10 2 0.0000000
10 9 10 3 -0.0002627
10 9 10 4 0.0027806
10 9 10 5 0.0000000
10 9 10 6 0.0014920
10 9 10 7 -0.0005369
10 9 10 8 -0.0001332
10 9 10 9 0.0362686
10 9 10 10 -0.0000000
10 10 0 0 0.3243042
10 10 1 0 -0.0004130
10 10 1 1 0.3293840
10 10 2 0 -0.0000000
10 10 2 1 0.0000000
10 10 2 2 0.2759442
10 10 3 0 -0.0060149
10 10 3 1 0.1091102
10 10 3 2 0.0000000
10 10 3 3 0.4024307
10 10 4 0 -0.0003936
10 10 4 1 0.0098757
10 10 4 2 0.0000000
10 10 4 3 0.0140236
10 10 4 4 0.2722835
10 10 5 0 -0.0000000
10 10 5 1 0.0000000
10 10 5 2 0.0462761
10 10 5 3 -0.0000000
10 10 5 4 -0.0000000
10 10 5 5 0.2794179
10 10 6 0 -0.0025491
10 10 6 1 -0.0108005
10 10 6 2 -0.0000000
10 10 6 3 -0.0108415
10 10 6 4 0.0382635
10 10 6 5 -0.0000000
10 10 6 6 0.2720612
10 10 7 0 -0.0062449
10 10 7 1 -0.0316113
10 10 7 2 -0.0000000
10 10 7 3 -0.0532260
10 10 7 4 -0.0256210
10 10 7 5 -0.0000000
10 10 7 6 -0.0018722
10 10 7 7 0.3098630
10 10 8 0 0.0035382
10 10 8 1 0.0267695
10 10 8 2 0.0000000
10 10 8 3 0.1129413
10 10 8 4 0.0035298
10 10 8 5 0.0000000
10 10 8 6 -0.0242923
10 10 8 7 -0.1183497
10 10 8 8 0.4761535
10 10 9 0 0.0000058
10 10 9 1 -0.0008319
10 10 9 2 0.0000000
10 10 9 3 -0.0020331
10 10 9 4 0.0255417
10 10 9 5 0.0000000
10 10 9 6 0.0100072
10 10 9 7 -0.0044365
10 10 9 8 -0.0014779
10 10 9 9 0.6002955
10 10 10 0 -0.0000000
10 10 10 1 -0.0000000
10 10 10 2 -0.0312926
10 10 10 3 0.0000000
10 10 10 4 0.0000000
10 10 10 5 -0.0140527
10 10 10 6 0.0000000
10 10 10 7 -0.0000000
10 10 10 8 0.0000000
10 10 10 9 -0.0000000
10 10 10 10 0.6728328
11 0 0 0 -0.0022401
11 0 1 0 -0.0001418
11 0 1 1 -0.0004651
11 0 2 0 0.0000000
11 0 2 1 0.0000000
11 0 2 2 -0.0004376
11 0 3 0 0.0000251
11 0 3 1 0.0000540
11 0 3 2 0.0000000
11 0 3 3 -0.0003133
11 0 4 0 -0.0000041
11 0 4 1 0.0000022
11 0 4 2 0.0000000
11 0 4 3 0.0000156
11 0 4 4 -0.0004338
11 0 5 0 0.0000000
11 0 5 1 0.0000000
11 0 5 2 -0.0002343
11 0 5 3 0.0000000
11 0 5 4 0.0000000
11 0 5 5 -0.0005415
11 0 6 0 0.0000624
11 0 6 1 0.0000710
11 0 6 2 -0.0000000
11 0 6 3 -0.0000763
11 0 6 4 -0.0002118
11 0 6 5 0.0000000
11 0 6 6 -0.0005307
11 0 7 0 0.0000892
11 0 7 1 0.0000131
11 0 7 2 -0.0000000
11 0 7 3 -0.0003097
11 0 7 4 0.0000790
11 0 7 5 -0.0000000
11 0 7 6 0.0000358
11 0 7 7 -0.0004088
11 0 8 0 0.0001124
11 0 8 1 0.0003406
11 0 8 2 0.0000000
11 0 8 3 0.0003327
11 0 8 4 0.0000718
11 0 8 5 0.0000000
11 0 8 6 -0.0000153
11 0 8 7 -0.0001570
11 0 8 8 -0.0001732
11 0 9 0 0.0000000
11 0 9 1 -0.0000029
11 0 9 2 0.0000000
11 0 9 3 -0.0000068
11 0 9 4 0.0000839
11 0 9 5 0.0000000
11 0 9 6 0.0000557
11 0 9 7 -0.0000262
11 0 9 8 -0.0000090
11 0 9 9 0.0004792
11 0 10 0 -0.0000000
11 0 10 1 -0.0000000
11 0 10 2 -0.0000846
11 0 10 3 0.0000000
11 0 10 4 0.0000000
11 0 10 5 -0.0000618
11 0 10 6 0.0000000
11 0 10 7 -0.0000000
11 0 10 8 0.0000000
11 0 10 9 -0.0000000
11 0 10 10 0.0004792
11 0 11 0 0.0000059
11 0 11 1 0.0000149
11 0 11 2 0.0000000
11 0 11 3 0.0000803
11 0 11 4 0.0000076
11 0 11 5 0.0000000
11 0 11 6 -0.0000211
11 0 11 7 -0.0001071
11 0 11 8 0.0001898
11 0 11 9 0.0000003
11 0 11 10 -0.0000000
11 0 11 11 0.0033149
11 1 0 0 0.0035121
11 1 1 0 -0.0000020
11 1 1 1 0.0022283
11 1 2 0 -0.0000000
11 1 2 1 -0.0000000
11 1 2 2 0.0023769
11 1 3 0 -0.0000719
11 1 3 1 -0.0004270
11 1 3 2 -0.0000000
11 1 3 3 0.0008121
11 1 4 0 -0.0000012
11 1 4 1 -0.0000635
11 1 4 2 -0.0000000
11 1 4 3 -0.0001470
11 1 4 4 0.0023383
11 1 5 0 -0.0000000
11 1 5 1 -0.0000000
11 1 5 2 0.0006679
11 1 5 3 -0.0000000
11 1 5 4 -0.0000000
11 1 5 5 0.0025022
11 1 6 0 -0.0000253
11 1 6 1 -0.0000442
11 1 6 2 0.0000000
11 1 6 3 0.0002662
11 1 6 4 0.0006267
11 1 6 5 -0.0000000
11 1 6 6 0.0023996
11 1 7 0 -0.0000739
11 1 7 1 0.0005902
11 1 7 2 0.0000000
11 1 7 3 0.0015433
11 1 7 4 -0.0001585
11 1 7 5 0.0000000
11 1 7 6 -0.0003211
11 1 7 7 0.0012785
11 1 8 0 0.0000358
11 1 8 1 -0.0017980
11 1 8 2 -0.0000000
11 1 8 3 -0.0025265
11 1 8 4 -0.0003556
11 1 8 5 -0.0000000
11 1 8 6 0.0002502
11 1 8 7 0.0015684
11 1 8 8 -0.0007270
11 1 9 0 -0.0000002
11 1 9 1 0.0000306
11 1 9 2 -0.0000000
11 1 9 3 0.0000622
11 1 9 4 -0.0005149
11 1 9 5 -0.0000000
11 1 9 6 -0.0003272
11 1 9 7 0.0001390
11 1 9 8 0.0000772
11 1 9 9 -0.0021385
11 1 10 0 0.0000000
11 1 10 1 0.0000000
11 1 10 2 0.0005216
11 1 10 3 -0.0000000
11 1 10 4 -0.0000000
11 1 10 5 0.0003589
11 1 10 6 -0.0000000
11 1 10 7 0.0000000
11 1 10 8 0.0000000
11 1 10 9 0.0000000
11 1 10 10 -0.0021360
11 1 11 0 0.0000149
11 1 11 1 0.0009917
11 1 11 2 0.0000000
11 1 11 3 0.0021329
11 1 11 4 0.0002045
11 1 11 5 0.0000000
11 1 11 6 -0.0003717
11 1 11 7 -0.0020015
11 1 11 8 0.0037070
11 1 11 9 -0.0000604
11 1 11 10 -0.0000000
11 1 11 11 0.0103989
11 2 0 0 0.0000000
11 2 1 0 0.0000000
11 2 1 1 0.0000000
11 2 2 0 -0.0001074
11 2 2 1 0.0007257
11 2 2 2 0.0000000
11 2 3 0 0.0000000
11 2 3 1 -0.0000000
11 2 3 2 -0.0000399
11 2 3 3 0.0000000
11 2 4 0 0.0000000
11 2 4 1 -0.0000000
11 2 4 2 -0.0002291
11 2 4 3 0.0000000
11 2 4 4 0.0000000
11 2 5 0 -0.0001526
11 2 5 1 0.0003438
11 2 5 2 0.0000000
11 2 5 3 0.0002783
11 2 5 4 0.0002518
11 2 5 5 0.0000000
11 2 6 0 -0.0000000
11 2 6 1 0.0000000
11 2 6 2 0.0002590
11 2 6 3 -0.0000000
11 2 6 4 0.0000000
11 2 6 5 -0.0002367
11 2 6 6 0.0000000
11 2 7 0 -0.0000000
11 2 7 1 0.0000000
11 2 7 2 0.0001392
11 2 7 3 0.0000000
11 2 7 4 -0.0000000
11 2 7 5 -0.0001528
11 2 7 6 -0.0000000
11 2 7 7 0.0000000
11 2 8 0 0.0000000
11 2 8 1 -0.0000000
11 2 8 2 -0.0002964
11 2 8 3 -0.0000000
11 2 8 4 -0.0000000
11 2 8 5 -0.0005405
11 2 8 6 0.0000000
11 2 8 7 0.0000000
11 2 8 8 -0.0000000
11 2 9 0 0.0000000
11 2 9 1 -0.0000000
11 2 9 2 0.0000144
11 2 9 3 -0.0000000
11 2 9 4 -0.0000000
11 2 9 5 -0.0000196
11 2 9 6 -0.0000000
11 2 9 7 0.0000000
11 2 9 8 -0.0000000
11 2 9 9 0.0000000
11 2 10 0 -0.0000041
11 2 10 1 0.0003957
11 2 10 2 0.0000000
11 2 10 3 0.0006299
11 2 10 4 0.0000502
11 2 10 5 0.0000000
11 2 10 6 -0.0000573
11 2 10 7 -0.0004203
11 2 10 8 0.0007566
11 2 10 9 0.0000329
11 2 10 10 0.0000000
11 2 11 0 0.0000000
11 2 11 1 0.0000000
11 2 11 2 0.0002447
11 2 11 3 0.0000000
11 2 11 4 0.0000000
11 2 11 5 0.0001625
11 2 11 6 -0.0000000
11 2 11 7 -0.0000000
11 2 11 8 0.0000000
11 2 11 9 0.0000000
11 2 11 10 -0.0018003
11 2 11 11 0.0000000
11 3 0 0 0.0029457
11 3 1 0 0.0000062
11 3 1 1 0.0018062
11 3 2 0 0.0000000
11 3 2 1 -0.0000000
11 3 2 2 0.0019887
11 3 3 0 -0.0000925
11 3 3 1 -0.0004020
11 3 3 2 -0.0000000
11 3 3 3 0.0003385
11 3 4 0 0.0000031
11 3 4 1 -0.0000964
11 3 4 2 0.0000000
11 3 4 3 -0.0001482
11 3 4 4 0.0019279
11 3 5 0 0.0000000
11 3 5 1 -0.0000000
11 3 5 2 0.0005783
11 3 5 3 -0.0000000
11 3 5 4 -0.0000000
11 3 5 5 0.0020864
11 3 6 0 -0.0000320
11 3 6 1 -0.0000088
11 3 6 2 -0.0000000
11 3 6 3 0.0002339
11 3 6 4 0.0005603
11 3 6 5 0.0000000
11 3 6 6 0.0019903
11 3 7 0 -0.0001053
11 3 7 1 0.0006804
11 3 7 2 0.0000000
11 3 7 3 0.0015182
11 3 7 4 -0.0001370
11 3 7 5 0.0000000
11 3 7 6 -0.0003181
11 3 7 7 0.0008752
11 3 8 0 0.0000386
11 3 8 1 -0.0017455
11 3 8 2 -0.0000000
11 3 8 3 -0.0025880
11 3 8 4 -0.0003346
11 3 8 5 0.0000000
11 3 8 6 0.0002625
11 3 8 7 0.0014853
11 3 8 8 -0.0009966
11 3 9 0 -0.0000004
11 3 9 1 0.0000374
11 3 9 2 -0.0000000
11 3 9 3 0.0000641
11 3 9 4 -0.0001678
11 3 9 5 -0.0000000
11 3 9 6 -0.0001229
11 3 9 7 0.0000225
11 3 9 8 0.0000789
11 3 9 9 0.0007460
11 3 10 0 0.0000000
11 3 10 1 -0.0000000
11 3 10 2 0.0001764
11 3 10 3 -0.0000000
11 3 10 4 -0.0000000
11 3 10 5 0.0001267
11 3 10 6 0.0000000
11 3 10 7 0.0000000
11 3 10 8 -0.0000000
11 3 10 9 -0.0000000
11 3 10 10 0.0007501
11 3 11 0 0.0000803
11 3 11 1 0.0021329
11 3 11 2 0.0000000
11 3 11 3 0.0051377
11 3 11 4 0.0004874
11 3 11 5 0.0000000
11 3 11 6 -0.0009807
11 3 11 7 -0.0051812
11 3 11 8 0.0094857
11 3 11 9 -0.0001423
11 3 11 10 0.0000000
11 3 11 11 0.0583881
11 4 0 0 0.0003333
11 4 1 0 0.0000039
11 4 1 1 0.0001574
11 4 2 0 0.0000000
11 4 2 1 -0.0000000
11 4 2 2 -0.0000189
11 4 3 0 0.0000004
11 4 3 1 -0.0001048
11 4 3 2 0.0000000
11 4 3 3 0.0000454
11 4 4 0 -0.0001059
11 4 4 1 0.0006928
11 4 4 2 0.0000000
11 4 4 3 -0.0000949
11 4 4 4 0.0005069
11 4 5 0 0.0000000
11 4 5 1 -0.0000000
11 4 5 2 0.0002800
11 4 5 3 -0.0000000
11 4 5 4 -0.0000000
11 4 5 5 0.0001698
11 4 6 0 -0.0001393
11 4 6 1 0.0003202
11 4 6 2 0.0000000
11 4 6 3 0.0002977
11 4 6 4 -0.0000220
11 4 6 5 0.0000000
11 4 6 6 -0.0000342
11 4 7 0 0.0000558
11 4 7 1 -0.0000859
11 4 7 2 0.0000000
11 4 7 3 0.0000188
11 4 7 4 0.0002992
11 4 7 5 0.0000000
11 4 7 6 -0.0001466
11 4 7 7 0.0002829
11 4 8 0 0.0000257
11 4 8 1 -0.0002376
11 4 8 2 -0.0000000
11 4 8 3 -0.0003081
11 4 8 4 -0.0002735
11 4 8 5 0.0000000
11 4 8 6 -0.0004449
11 4 8 7 0.0004393
11 4 8 8 0.0000467
11 4 9 0 0.0000041
11 4 9 1 -0.0003908
11 4 9 2 -0.0000000
11 4 9 3 -0.0006212
11 4 9 4 -0.0001050
11 4 9 5 -0.0000000
11 4 9 6 0.0000744
11 4 9 7 0.0004081
11 4 9 8 -0.0007542
11 4 9 9 0.0000488
11 4 10 0 0.0000000
11 4 10 1 -0.0000000
11 4 10 2 0.0000123
11 4 10 3 -0.0000000
11 4 10 4 -0.0000000
11 4 10 5 0.0000381
11 4 10 6 0.0000000
11 4 10 7 0.0000000
11 4 10 8 -0.0000000
11 4 10 9 -0.0000000
11 4 10 10 -0.0000175
11 4 11 0 0.0000076
11 4 11 1 0.0002045
11 4 11 2 0.0000000
11 4 11 3 0.0004874
11 4 11 4 0.0002914
11 4 11 5 0.0000000
11 4 11 6 0.0000507
11 4 11 7 -0.0005769
11 4 11 8 0.0009077
11 4 11 9 0.0017880
11 4 11 10 0.0000000
11 4 11 11 0.0054450
11 5 0 0 -0.0000000
11 5 1 0 -0.0000000
11 5 1 1 -0.0000000
11 5 2 0 -0.0001121
11 5 2 1 0.0005370
11 5 2 2 -0.0000000
11 5 3 0 0.0000000
11 5 3 1 -0.0000000
11 5 3 2 0.0000503
11 5 3 3 -0.0000000
11 5 4 0 0.0000000
11 5 4 1 -0.0000000
11 5 4 2 -0.0000412
11 5 4 3 0.0000000
11 5 4 4 -0.0000000
11 5 5 0 -0.0001638
11 5 5 1 0.0004424
11 5 5 2 0.0000000
11 5 5 3 0.0002353
11 5 5 4 0.0001781
11 5 5 5 -0.0000000
11 5 6 0 0.0000000
11 5 6 1 0.0000000
11 5 6 2 0.0001210
11 5 6 3 -0.0000000
11 5 6 4 -0.0000000
11 5 6 5 -0.0000375
11 5 6 6 -0.0000000
11 5 7 0 0.0000000
11 5 7 1 -0.0000000
11 5 7 2 0.0000292
11 5 7 3 -0.0000000
11 5 7 4 0.0000000
11 5 7 5 -0.0000842
11 5 7 6 0.0000000
11 5 7 7 -0.0000000
11 5 8 0 0.0000000
11 5 8 1 -0.0000000
11 5 8 2 -0.0003340
11 5 8 3 0.0000000
11 5 8 4 0.0000000
11 5 8 5 -0.0004681
11 5 8 6 0.0000000
11 5 8 7 0.0000000
11 5 8 8 -0.0000000
11 5 9 0 0.0000000
11 5 9 1 -0.0000000
11 5 9 2 0.0000007
11 5 9 3 -0.0000000
11 5 9 4 0.0000000
11 5 9 5 -0.0000198
11 5 9 6 0.0000000
11 5 9 7 0.0000000
11 5 9 8 -0.0000000
11 5 9 9 0.0000000
11 5 10 0 -0.0000051
11 5 10 1 0.0003144
11 5 10 2 0.0000000
11 5 10 3 0.0004931
11 5 10 4 0.0000499
11 5 10 5 0.0000000
11 5 10 6 -0.0000395
11 5 10 7 -0.0003077
11 5 10 8 0.0005299
11 5 10 9 -0.0000658
11 5 10 10 0.0000000
11 5 11 0 0.0000000
11 5 11 1 0.0000000
11 5 11 2 0.0001625
11 5 11 3 0.0000000
11 5 11 4 0.0000000
11 5 11 5 0.0001106
11 5 11 6 -0.0000000
11 5 11 7 -0.0000000
11 5 11 8 0.0000000
11 5 11 9 0.0000000
11 5 11 10 -0.0011800
11 5 11 11 0.0000000
11 6 0 0 0.0001031
11 6 1 0 0.0000078
11 6 1 1 0.0000615
11 6 2 0 -0.0000000
11 6 2 1 0.0000000
11 6 2 2 -0.0000226
11 6 3 0 -0.0000073
11 6 3 1 0.0000618
11 6 3 2 0.0000000
11 6 3 3 0.0001841
11 6 4 0 -0.0001004
11 6 4 1 0.0004846
11 6 4 2 0.0000000
11 6 4 3 0.0000503
11 6 4 4 0.0001328
11 6 5 0 0.0000000
11 6 5 1 -0.0000000
11 6 5 2 0.0001162
11 6 5 3 -0.0000000
11 6 5 4 -0.0000000
11 6 5 5 0.0001065
11 6 6 0 -0.0001401
11 6 6 1 0.0003693
11 6 6 2 0.0000000
11 6 6 3 0.0001951
11 6 6 4 -0.0001028
11 6 6 5 -0.0000000
11 6 6 6 -0.0001675
11 6 7 0 0.0000452
11 6 7 1 -0.0001740
11 6 7 2 -0.0000000
11 6 7 3 -0.0001497
11 6 7 4 0.0001293
11 6 7 5 0.0000000
11 6 7 6 0.0000157
11 6 7 7 0.0000887
11 6 8 0 0.0000236
11 6 8 1 -0.0000309
11 6 8 2 0.0000000
11 6 8 3 0.0000331
11 6 8 4 -0.0002578
11 6 8 5 0.0000000
11 6 8 6 -0.0003553
11 6 8 7 0.0001448
11 6 8 8 0.0002250
11 6 9 0 0.0000045
11 6 9 1 -0.0002791
11 6 9 2 -0.0000000
11 6 9 3 -0.0004352
11 6 9 4 -0.0001571
11 6 9 5 -0.0000000
11 6 9 6 -0.0000033
11 6 9 7 0.0002950
11 6 9 8 -0.0004716
11 6 9 9 -0.0009193
11 6 10 0 0.0000000
11 6 10 1 -0.0000000
11 6 10 2 0.0001108
11 6 10 3 -0.0000000
11 6 10 4 -0.0000000
11 6 10 5 0.0000959
11 6 10 6 -0.0000000
11 6 10 7 0.0000000
11 6 10 8 -0.0000000
11 6 10 9 0.0000000
11 6 10 10 -0.0008029
11 6 11 0 -0.0000211
11 6 11 1 -0.0003717
11 6 11 2 -0.0000000
11 6 11 3 -0.0009807
11 6 11 4 0.0000507
11 6 11 5 -0.0000000
11 6 11 6 0.0002853
11 6 11 7 0.0009888
11 6 11 8 -0.0018854
11 6 11 9 0.0010648
11 6 11 10 0.0000000
11 6 11 11 -0.0154385
11 7 0 0 0.0012195
11 7 1 0 0.0000090
11 7 1 1 0.0009124
11 7 2 0 -0.0000000
11 7 2 1 0.0000000
11 7 2 2 0.0004046
11 7 3 0 -0.0000923
11 7 3 1 0.0008574
11 7 3 2 0.0000000
11 7 3 3 0.0017015
11 7 4 0 0.0000422
11 7 4 1 -0.0001405
11 7 4 2 0.0000000
11 7 4 3 0.0001117
11 7 4 4 0.0003462
11 7 5 0 0.0000000
11 7 5 1 -0.0000000
11 7 5 2 0.0001714
11 7 5 3 -0.0000000
11 7 5 4 0.0000000
11 7 5 5 0.0005031
11 7 6 0 0.0000219
11 7 6 1 -0.0002637
11 7 6 2 -0.0000000
11 7 6 3 -0.0001620
11 7 6 4 0.0002414
11 7 6 5 0.0000000
11 7 6 6 0.0006037
11 7 7 0 -0.0001227
11 7 7 1 -0.0001217
11 7 7 2 -0.0000000
11 7 7 3 -0.0002546
11 7 7 4 -0.0001919
11 7 7 5 -0.0000000
11 7 7 6 -0.0000324
11 7 7 7 0.0006828
11 7 8 0 0.0000218
11 7 8 1 0.0001149
11 7 8 2 0.0000000
11 7 8 3 0.0006083
11 7 8 4 0.0001472
11 7 8 5 0.0000000
11 7 8 6 0.0000282
11 7 8 7 -0.0007170
11 7 8 8 0.0015192
11 7 9 0 -0.0000023
11 7 9 1 0.0001501
11 7 9 2 0.0000000
11 7 9 3 0.0002490
11 7 9 4 -0.0004672
11 7 9 5 -0.0000000
11 7 9 6 -0.0003730
11 7 9 7 0.0000378
11 7 9 8 0.0002817
11 7 9 9 -0.0035092
11 7 10 0 0.0000000
11 7 10 1 0.0000000
11 7 10 2 0.0004928
11 7 10 3 -0.0000000
11 7 10 4 -0.0000000
11 7 10 5 0.0003705
11 7 10 6 -0.0000000
11 7 10 7 0.0000000
11 7 10 8 0.0000000
11 7 10 9 -0.0000000
11 7 10 10 -0.0035668
11 7 11 0 -0.0001071
11 7 11 1 -0.0020015
11 7 11 2 -0.0000000
11 7 11 3 -0.0051812
11 7 11 4 -0.0005769
11 7 11 5 -0.0000000
11 7 11 6 0.0009888
11 7 11 7 0.0054856
11 7 11 8 -0.0099343
11 7 11 9 -0.0004996
11 7 11 10 -0.0000000
11 7 11 11 -0.0762755
11 8 0 0 -0.0031527
11 8 1 0 -0.0000056
11 8 1 1 -0.0021924
11 8 2 0 0.0000000
11 8 2 1 -0.0000000
11 8 2 2 -0.0009898
11 8 3 0 0.0001715
11 8 3 1 -0.0018910
11 8 3 2 -0.0000000
11 8 3 3 -0.0039487
11 8 4 0 0.0000270
11 8 4 1 -0.0002684
11 8 4 2 -0.0000000
11 8 4 3 -0.0002935
11 8 4 4 -0.0010351
11 8 5 0 0.0000000
11 8 5 1 -0.0000000
11 8 5 2 -0.0008271
11 8 5 3 0.0000000
11 8 5 4 0.0000000
11 8 5 5 -0.0014100
11 8 6 0 0.0000938
11 8 6 1 0.0002411
11 8 6 2 0.0000000
11 8 6 3 0.0000755
11 8 6 4 -0.0006840
11 8 6 5 0.0000000
11 8 6 6 -0.0012882
11 8 7 0 0.0001626
11 8 7 1 0.0006364
11 8 7 2 0.0000000
11 8 7 3 0.0006186
11 8 7 4 0.0004035
11 8 7 5 0.0000000
11 8 7 6 0.0000619
11 8 7 7 -0.0018108
11 8 8 0 -0.0000849
11 8 8 1 -0.0000937
11 8 8 2 -0.0000000
11 8 8 3 -0.0014678
11 8 8 4 0.0000295
11 8 8 5 -0.0000000
11 8 8 6 0.0004156
11 8 8 7 0.0016072
11 8 8 8 -0.0040793
11 8 9 0 -0.0000006
11 8 9 1 0.0000185
11 8 9 2 0.0000000
11 8 9 3 0.0000067
11 8 9 4 0.0008045
11 8 9 5 0.0000000
11 8 9 6 0.0005876
11 8 9 7 -0.0003252
11 8 9 8 -0.0000185
11 8 9 9 0.0053301
11 8 10 0 -0.0000000
11 8 10 1 -0.0000000
11 8 10 2 -0.0008032
11 8 10 3 0.0000000
11 8 10 4 0.0000000
11 8 10 5 -0.0006680
11 8 10 6 0.0000000
11 8 10 7 -0.0000000
11 8 10 8 0.0000000
11 8 10 9 0.0000000
11 8 10 10 0.0053112
11 8 11 0 0.0001898
11 8 11 1 0.0037070
11 8 11 2 0.0000000
11 8 11 3 0.0094857
11 8 11 4 0.0009077
11 8 11 5 0.0000000
11 8 11 6 -0.0018854
11 8 11 7 -0.0099343
11 8 11 8 0.0181082
11 8 11 9 -0.0001701
11 8 11 10 0.0000000
11 8 11 11 0.1326999
11 9 0 0 0.0000001
11 9 1 0 -0.0000043
11 9 1 1 0.0001131
11 9 2 0 0.0000000
11 9 2 1 -0.0000000
11 9 2 2 0.0005434
11 9 3 0 -0.0000106
11 9 3 1 0.0001306
11 9 3 2 -0.0000000
11 9 3 3 0.0000305
11 9 4 0 0.0001248
11 9 4 1 -0.0016385
11 9 4 2 -0.0000000
11 9 4 3 -0.0001062
11 9 4 4 -0.0006740
11 9 5 0 0.0000000
11 9 5 1 -0.0000000
11 9 5 2 -0.0006139
11 9 5 3 0.0000000
11 9 5 4 0.0000000
11 9 5 5 0.0002822
11 9 6 0 0.0001554
11 9 6 1 -0.0004983
11 9 6 2 -0.0000000
11 9 6 3 -0.0007493
11 9 6 4 0.0002271
11 9 6 5 0.0000000
11 9 6 6 0.0005729
11 9 7 0 -0.0000745
11 9 7 1 0.0002432
11 9 7 2 0.0000000
11 9 7 3 0.0003963
11 9 7 4 -0.0006116
11 9 7 5 0.0000000
11 9 7 6 0.0005199
11 9 7 7 -0.0006572
11 9 8 0 -0.0000249
11 9 8 1 0.0000915
11 9 8 2 0.0000000
11 9 8 3 0.0001416
11 9 8 4 -0.0003870
11 9 8 5 0.0000000
11 9 8 6 0.0006047
11 9 8 7 -0.0004294
11 9 8 8 -0.0002118
11 9 9 0 -0.0000051
11 9 9 1 -0.0003637
11 9 9 2 -0.0000000
11 9 9 3 -0.0013213
11 9 9 4 -0.0000706
11 9 9 5 -0.0000000
11 9 9 6 0.0002413
11 9 9 7 0.0016353
11 9 9 8 -0.0026293
11 9 9 9 -0.0000006
11 9 10 0 -0.0000000
11 9 10 1 0.0000000
11 9 10 2 0.0000554
11 9 10 3 -0.0000000
11 9 10 4 -0.0000000
11 9 10 5 -0.0001106
11 9 10 6 0.0000000
11 9 10 7 -0.0000000
11 9 10 8 0.0000000
11 9 10 9 -0.0000000
11 9 10 10 -0.0000007
11 9 11 0 0.0000003
11 9 11 1 -0.0000604
11 9 11 2 0.0000000
11 9 11 3 -0.0001423
11 9 11 4 0.0017880
11 9 11 5 0.0000000
11 9 11 6 0.0010648
11 9 11 7 -0.0004996
11 9 11 8 -0.0001701
11 9 11 9 0.0145241
11 9 11 10 0.0000000
11 9 11 11 -0.0000093
11 10 0 0 -0.0000000
11 10 1 0 -0.0000000
11 10 1 1 0.0000000
11 10 2 0 -0.0001261
11 10 2 1 0.0016888
11 10 2 2 -0.0000000
11 10 3 0 0.0000000
11 10 3 1 -0.0000000
11 10 3 2 0.0001899
11 10 3 3 -0.0000000
11 10 4 0 0.0000000
11 10 4 1 -0.0000000
11 10 4 2 -0.0004798
11 10 4 3 0.0000000
11 10 4 4 0.0000000
11 10 5 0 -0.0001734
11 10 5 1 0.0005107
11 10 5 2 0.0000000
11 10 5 3 0.0007700
11 10 5 4 0.0007017
11 10 5 5 -0.0000000
11 10 6 0 0.0000000
11 10 6 1 -0.0000000
11 10 6 2 0.0007735
11 10 6 3 -0.0000000
11 10 6 4 -0.0000000
11 10 6 5 -0.0006901
11 10 6 6 0.0000000
11 10 7 0 -0.0000000
11 10 7 1 0.0000000
11 10 7 2 0.0001061
11 10 7 3 -0.0000000
11 10 7 4 0.0000000
11 10 7 5 -0.0005563
11 10 7 6 0.0000000
11 10 7 7 -0.0000000
11 10 8 0 0.0000000
11 10 8 1 -0.0000000
11 10 8 2 0.0002210
11 10 8 3 -0.0000000
11 10 8 4 -0.0000000
11 10 8 5 -0.0006749
11 10 8 6 0.0000000
11 10 8 7 -0.0000000
11 10 8 8 0.0000000
11 10 9 0 -0.0000000
11 10 9 1 0.0000000
11 10 9 2 0.0000553
11 10 9 3 -0.0000000
11 10 9 4 -0.0000000
11 10 9 5 -0.0001107
11 10 9 6 0.0000000
11 10 9 7 -0.0000000
11 10 9 8 0.0000000
11 10 9 9 0.0000000
11 10 10 0 -0.0000051
11 10 10 1 -0.0003595
11 10 10 2 -0.0000000
11 10 10 3 -0.0013144
11 10 10 4 -0.0001819
11 10 10 5 -0.0000000
11 10 10 6 0.0004372
11 10 10 7 0.0015383
11 10 10 8 -0.0026611
11 10 10 9 0.0000001
11 10 10 10 0.0000000
11 10 11 0 -0.0000000
11 10 11 1 -0.0000000
11 10 11 2 -0.0018003
11 10 11 3 0.0000000
11 10 11 4 0.0000000
11 10 11 5 -0.0011800
11 10 11 6 0.0000000
11 10 11 7 -0.0000000
11 10 11 8 0.0000000
11 10 11 9 0.0000000
11 10 11 10 0.0145241
11 10 11 11 0.0000000
11 11 0 0 0.3429075
11 11 1 0 -0.0003885
11 11 1 1 0.3592838
11 11 2 0 -0.0000000
11 11 2 1 0.0000000
11 11 2 2 0.2838445
11 11 3 0 -0.0069897
11 11 3 1 0.1514389
11 11 3 2 0.0000000
11 11 3 3 0.4866234
11 11 4 0 -0.0004538
11 11 4 1 0.0146488
11 11 4 2 0.0000000
11 11 4 3 0.0210983
11 11 4 4 0.2855205
11 11 5 0 -0.0000000
11 11 5 1 0.0000000
11 11 5 2 0.0527595
11 11 5 3 -0.0000000
11 11 5 4 -0.0000000
11 11 5 5 0.2884768
11 11 6 0 -0.0030776
11 11 6 1 -0.0174723
11 11 6 2 -0.0000000
11 11 6 3 -0.0201741
11 11 6 4 0.0449139
11 11 6 5 -0.0000000
11 11 6 6 0.2841300
11 11 7 0 -0.0077352
11 11 7 1 -0.0562099
11 11 7 2 -0.0000000
11 11 7 3 -0.1032918
11 11 7 4 -0.0333533
11 11 7 5 -0.0000000
11 11 7 6 0.0034192
11 11 7 7 0.3641518
11 11 8 0 0.0046917
11 11 8 1 0.0684365
11 11 8 2 0.0000000
11 11 8 3 0.2076470
11 11 8 4 0.0122469
11 11 8 5 0.0000000
11 11 8 6 -0.0413737
11 11 8 7 -0.2055535
11 11 8 8 0.6459045
11 11 9 0 0.0000089
11 11 9 1 -0.0017363
11 11 9 2 0.0000000
11 11 9 3 -0.0040041
11 11 9 4 0.0510697
11 11 9 5 0.0000000
11 11 9 6 0.0232913
11 11 9 7 -0.0107957
11 11 9 8 -0.0036941
11 11 9 9 0.8418913
11 11 10 0 -0.0000000
11 11 10 1 -0.0000000
11 11 10 2 -0.0513776
11 11 10 3 0.0000000
11 11 10 4 0.0000000
11 11 10 5 -0.0256940
11 11 10 6 0.0000000
11 11 10 7 -0.0000000
11 11 10 8 0.0000000
11 11 10 9 -0.0000000
11 11 10 10 0.8418913
11 11 11 0 0.0033149
11 11 11 1 0.0103989
11 11 11 2 0.0000000
11 11 11 3 0.0583881
11 11 11 4 0.0054450
11 11 11 5 0.0000000
11 11 11 6 -0.0154385
11 11 11 7 -0.0762755
11 11 11 8 0.1326999
11 11 11 9 -0.0000093
11 11 11 10 0.0000000
11 11 11 11 3.5030027
12 0 0 0 -0.0060983
12 0 1 0 -0.0003772
12 0 1 1 -0.0013577
12 0 2 0 0.0000000
12 0 2 1 0.0000000
12 0 2 2 -0.0012441
12 0 3 0 0.0000812
12 0 3 1 0.0000526
12 0 3 2 0.0000000
12 0 3 3 -0.0010268
12 0 4 0 -0.0000100
12 0 4 1 -0.0000029
12 0 4 2 0.0000000
12 0 4 3 0.0000295
12 0 4 4 -0.0012350
12 0 5 0 0.0000000
12 0 5 1 0.0000000
12 0 5 2 -0.0006598
12 0 5 3 0.0000000
12 0 5 4 0.0000000
12 0 5 5 -0.0015298
12 0 6 0 0.0001731
12 0 6 1 0.0001977
12 0 6 2 -0.0000000
12 0 6 3 -0.0001857
12 0 6 4 -0.0005944
12 0 6 5 0.0000000
12 0 6 6 -0.0014950
12 0 7 0 0.0002547
12 0 7 1 0.0000618
12 0 7 2 -0.0000000
12 0 7 3 -0.0007521
12 0 7 4 0.0002326
12 0 7 5 -0.0000000
12 0 7 6 0.0000985
12 0 7 7 -0.0012195
12 0 8 0 0.0002895
12 0 8 1 0.0008751
12 0 8 2 0.0000000
12 0 8 3 0.0007602
12 0 8 4 0.0001846
12 0 8 5 0.0000000
12 0 8 6 -0.0000105
12 0 8 7 -0.0002700
12 0 8 8 -0.0008051
12 0 9 0 0.0000001
12 0 9 1 -0.0000067
12 0 9 2 0.0000000
12 0 9 3 -0.0000157
12 0 9 4 0.0001971
12 0 9 5 0.0000000
12 0 9 6 0.0001367
12 0 9 7 -0.0000649
12 0 9 8 -0.0000213
12 0 9 9 0.0009556
12 0 10 0 -0.0000000
12 0 10 1 -0.0000000
12 0 10 2 -0.0001986
12 0 10 3 0.0000000
12 0 10 4 0.0000000
12 0 10 5 -0.0001519
12 0 10 6 0.0000000
12 0 10 7 -0.0000000
12 0 10 8 0.0000000
12 0 10 9 -0.0000000
12 0 10 10 0.0009556
12 0 11 0 0.0000071
12 0 11 1 -0.0000297
12 0 11 2 -0.0000000
12 0 11 3 -0.0000243
12 0 11 4 -0.0000028
12 0 11 5 0.0000000
12 0 11 6 -0.0000018
12 0 11 7 -0.0000079
12 0 11 8 0.0000136
12 0 11 9 -0.0000001
12 0 11 10 0.0000000
12 0 11 11 0.0011952
12 0 12 0 0.0000199
12 0 12 1 -0.0001708
12 0 12 2 -0.0000000
12 0 12 3 -0.0002168
12 0 12 4 -0.0000226
12 0 12 5 -0.0000000
12 0 12 6 0.0000110
12 0 12 7 0.0000776
12 0 12 8 -0.0001601
12 0 12 9 0.0000022
12 0 12 10 -0.0000000
12 0 12 11 -0.0000180
12 0 12 12 0.0014042
12 1 0 0 0.0200741
12 1 1 0 -0.0000129
12 1 1 1 0.0157730
12 1 2 0 -0.0000000
12 1 2 1 0.0000000
12 1 2 2 0.0130881
12 1 3 0 -0.0005760
12 1 3 1 0.0041593
12 1 3 2 0.0000000
12 1 3 3 0.0157034
12 1 4 0 -0.0000295
12 1 4 1 0.0003692
12 1 4 2 0.0000000
12 1 4 3 0.0002968
12 1 4 4 0.0130447
12 1 5 0 -0.0000000
12 1 5 1 -0.0000000
12 1 5 2 0.0041314
12 1 5 3 -0.0000000
12 1 5 4 -0.0000000
12 1 5 5 0.0141089
12 1 6 0 -0.0002368
12 1 6 1 -0.0007108
12 1 6 2 0.0000000
12 1 6 3 0.0003748
12 1 6 4 0.0037129
12 1 6 5 -0.0000000
12 1 6 6 0.0135483
12 1 7 0 -0.0006110
12 1 7 1 0.0005743
12 1 7 2 0.0000000
12 1 7 3 0.0026789
12 1 7 4 -0.0015795
12 1 7 5 -0.0000000
12 1 7 6 -0.0011825
12 1 7 7 0.0115695
12 1 8 0 0.0003339
12 1 8 1 -0.0051573
12 1 8 2 -0.0000000
12 1 8 3 -0.0035484
12 1 8 4 -0.0010314
12 1 8 5 -0.0000000
12 1 8 6 -0.0003345
12 1 8 7 -0.0000172
12 1 8 8 0.0119803
12 1 9 0 -0.0000029
12 1 9 1 0.0000974
12 1 9 2 -0.0000000
12 1 9 3 0.0002039
12 1 9 4 -0.0029260
12 1 9 5 -0.0000000
12 1 9 6 -0.0021888
12 1 9 7 0.0010927
12 1 9 8 0.0002596
12 1 9 9 -0.0059857
12 1 10 0 0.0000000
12 1 10 1 0.0000000
12 1 10 2 0.0029462
12 1 10 3 -0.0000000
12 1 10 4 -0.0000000
12 1 10 5 0.0024455
12 1 10 6 -0.0000000
12 1 10 7 0.0000000
12 1 10 8 -0.0000000
12 1 10 9 0.0000000
12 1 10 10 -0.0059748
12 1 11 0 -0.0000697
12 1 11 1 0.0002930
12 1 11 2 -0.0000000
12 1 11 3 -0.0002774
12 1 11 4 -0.0000185
12 1 11 5 -0.0000000
12 1 11 6 0.0002152
12 1 11 7 0.0010505
12 1 11 8 -0.0018386
12 1 11 9 0.0000097
12 1 11 10 0.0000000
12 1 11 11 -0.0206523
12 1 12 0 -0.0001708
12 1 12 1 0.0068033
12 1 12 2 0.0000000
12 1 12 3 0.0106974
12 1 12 4 0.0010504
12 1 12 5 0.0000000
12 1 12 6 -0.0010940
12 1 12 7 -0.0065913
12 1 12 8 0.0129738
12 1 12 9 -0.0003944
12 1 12 10 -0.0000000
12 1 12 11 -0.0004735
12 1 12 12 -0.0328517
12 2 0 0 0.0000000
12 2 1 0 0.0000000
12 2 1 1 0.0000000
12 2 2 0 -0.0002386
12 2 2 1 0.0014092
12 2 2 2 0.0000000
12 2 3 0 -0.0000000
12 2 3 1 0.0000000
12 2 3 2 -0.0000250
12 2 3 3 0.0000000
12 2 4 0 -0.0000000
12 2 4 1 0.0000000
12 2 4 2 -0.0004651
12 2 4 3 0.0000000
12 2 4 4 0.0000000
12 2 5 0 -0.0003456
12 2 5 1 0.0006714
12 2 5 2 0.0000000
12 2 5 3 0.0004452
12 2 5 4 0.0004353
12 2 5 5 0.0000000
12 2 6 0 -0.0000000
12 2 6 1 -0.0000000
12 2 6 2 0.0003894
12 2 6 3 -0.0000000
12 2 6 4 0.0000000
12 2 6 5 -0.0004424
12 2 6 6 0.0000000
12 2 7 0 -0.0000000
12 2 7 1 -0.0000000
12 2 7 2 0.0000810
12 2 7 3 0.0000000
12 2 7 4 -0.0000000
12 2 7 5 -0.0003511
12 2 7 6 -0.0000000
12 2 7 7 0.0000000
12 2 8 0 0.0000000
12 2 8 1 -0.0000000
12 2 8 2 -0.0003829
12 2 8 3 -0.0000000
12 2 8 4 -0.0000000
12 2 8 5 -0.0010062
12 2 8 6 -0.0000000
12 2 8 7 -0.0000000
12 2 8 8 0.0000000
12 2 9 0 0.0000000
12 2 9 1 0.0000000
12 2 9 2 0.0000065
12 2 9 3 0.0000000
12 2 9 4 -0.0000000
12 2 9 5 0.0000137
12 2 9 6 -0.0000000
12 2 9 7 0.0000000
12 2 9 8 0.0000000
12 2 9 9 0.0000000
12 2 10 0 -0.0000669
12 2 10 1 -0.0000026
12 2 10 2 0.0000000
12 2 10 3 -0.0009255
12 2 10 4 -0.0000899
12 2 10 5 0.0000000
12 2 10 6 0.0002866
12 2 10 7 0.0015293
12 2 10 8 -0.0027162
12 2 10 9 0.0001423
12 2 10 10 0.0000000
12 2 11 0 -0.0000000
12 2 11 1 0.0000000
12 2 11 2 -0.0000532
12 2 11 3 -0.0000000
12 2 11 4 -0.0000000
12 2 11 5 -0.0000302
12 2 11 6 0.0000000
12 2 11 7 0.0000000
12 2 11 8 -0.0000000
12 2 11 9 -0.0000000
12 2 11 10 0.0002863
12 2 11 11 -0.0000000
12 2 12 0 -0.0000000
12 2 12 1 0.0000000
12 2 12 2 0.0014162
12 2 12 3 0.0000000
12 2 12 4 0.0000000
12 2 12 5 0.0009360
12 2 12 6 -0.0000000
12 2 12 7 -0.0000000
12 2 12 8 0.0000000
12 2 12 9 0.0000000
12 2 12 10 -0.0117598
12 2 12 11 -0.0000000
12 2 12 12 -0.0000000
12 3 0 0 0.0266356
12 3 1 0 0.0000083
12 3 1 1 0.0220560
12 3 2 0 -0.0000000
12 3 2 1 0.0000000
12 3 2 2 0.0168744
12 3 3 0 -0.0009056
12 3 3 1 0.0084517
12 3 3 2 0.0000000
12 3 3 3 0.0252221
12 3 4 0 -0.0000378
12 3 4 1 0.0007260
12 3 4 2 0.0000000
12 3 4 3 0.0008818
12 3 4 4 0.0168305
12 3 5 0 0.0000000
12 3 5 1 -0.0000000
12 3 5 2 0.0056134
12 3 5 3 -0.0000000
12 3 5 4 -0.0000000
12 3 5 5 0.0183936
12 3 6 0 -0.0003746
12 3 6 1 -0.0011331
12 3 6 2 -0.0000000
12 3 6 3 0.0000866
12 3 6 4 0.0050253
12 3 6 5 0.0000000
12 3 6 6 0.0176768
12 3 7 0 -0.0009824
12 3 7 1 -0.0001690
12 3 7 2 0.0000000
12 3 7 3 0.0015195
12 3 7 4 -0.0023721
12 3 7 5 -0.0000000
12 3 7 6 -0.0013353
12 3 7 7 0.0166106
12 3 8 0 0.0005009
12 3 8 1 -0.0050772
12 3 8 2 -0.0000000
12 3 8 3 -0.0010707
12 3 8 4 -0.0010114
12 3 8 5 0.0000000
12 3 8 6 -0.0010579
12 3 8 7 -0.0033862
12 3 8 8 0.0215321
12 3 9 0 -0.0000061
12 3 9 1 0.0001119
12 3 9 2 -0.0000000
12 3 9 3 0.0001988
12 3 9 4 -0.0033208
12 3 9 5 -0.0000000
12 3 9 6 -0.0027512
12 3 9 7 0.0014371
12 3 9 8 0.0002313
12 3 9 9 0.0007428
12 3 10 0 0.0000000
12 3 10 1 0.0000000
12 3 10 2 0.0033424
12 3 10 3 -0.0000000
12 3 10 4 -0.0000000
12 3 10 5 0.0030900
12 3 10 6 -0.0000000
12 3 10 7 -0.0000000
12 3 10 8 0.0000000
12 3 10 9 -0.0000000
12 3 10 10 0.0007605
12 3 11 0 -0.0000945
12 3 11 1 0.0001845
12 3 11 2 -0.0000000
12 3 11 3 -0.0008506
12 3 11 4 -0.0000711
12 3 11 5 -0.0000000
12 3 11 6 0.0003884
12 3 11 7 0.0019396
12 3 11 8 -0.0034409
12 3 11 9 0.0000225
12 3 11 10 -0.0000000
12 3 11 11 -0.0220940
12 3 12 0 -0.0002168
12 3 12 1 0.0106974
12 3 12 2 0.0000000
12 3 12 3 0.0174008
12 3 12 4 0.0016666
12 3 12 5 -0.0000000
12 3 12 6 -0.0019289
12 3 12 7 -0.0112846
12 3 12 8 0.0220418
12 3 12 9 -0.0009265
12 3 12 10 0.0000000
12 3 12 11 -0.0014100
12 3 12 12 -0.0438063
12 4 0 0 0.0027847
12 4 1 0 0.0000076
12 4 1 1 0.0021992
12 4 2 0 -0.0000000
12 4 2 1 0.0000000
12 4 2 2 0.0012748
12 4 3 0 -0.0000705
12 4 3 1 0.0007232
12 4 3 2 0.0000000
12 4 3 3 0.0025672
12 4 4 0 -0.0002396
12 4 4 1 0.0014345
12 4 4 2 0.0000000
12 4 4 3 -0.0000202
12 4 4 4 0.0023683
12 4 5 0 0.0000000
12 4 5 1 -0.0000000
12 4 5 2 0.0009567
12 4 5 3 -0.0000000
12 4 5 4 -0.0000000
12 4 5 5 0.0018359
12 4 6 0 -0.0003460
12 4 6 1 0.0005114
12 4 6 2 0.0000000
12 4 6 3 0.0004559
12 4 6 4 0.0003248
12 4 6 5 -0.0000000
12 4 6 6 0.0013026
12 4 7 0 0.0000505
12 4 7 1 -0.0003035
12 4 7 2 0.0000000
12 4 7 3 -0.0000406
12 4 7 4 0.0001408
12 4 7 5 -0.0000000
12 4 7 6 -0.0003804
12 4 7 7 0.0020940
12 4 8 0 0.0001007
12 4 8 1 -0.0006516
12 4 8 2 -0.0000000
12 4 8 3 -0.0002131
12 4 8 4 -0.0003898
12 4 8 5 0.0000000
12 4 8 6 -0.0009703
12 4 8 7 0.0002112
12 4 8 8 0.0024534
12 4 9 0 0.0000663
12 4 9 1 0.0000162
12 4 9 2 0.0000000
12 4 9 3 0.0009514
12 4 9 4 -0.0002800
12 4 9 5 -0.0000000
12 4 9 6 -0.0006021
12 4 9 7 -0.0013692
12 4 9 8 0.0027501
12 4 9 9 0.0000793
12 4 10 0 0.0000000
12 4 10 1 0.0000000
12 4 10 2 0.0003530
12 4 10 3 -0.0000000
12 4 10 4 -0.0000000
12 4 10 5 0.0003121
12 4 10 6 -0.0000000
12 4 10 7 -0.0000000
12 4 10 8 0.0000000
12 4 10 9 -0.0000000
12 4 10 10 -0.0002070
12 4 11 0 -0.0000099
12 4 11 1 0.0000240
12 4 11 2 -0.0000000
12 4 11 3 -0.0000785
12 4 11 4 -0.0000598
12 4 11 5 -0.0000000
12 4 11 6 0.0000119
12 4 11 7 0.0002087
12 4 11 8 -0.0003426
12 4 11 9 -0.0002845
12 4 11 10 -0.0000000
12 4 11 11 -0.0024257
12 4 12 0 -0.0000226
12 4 12 1 0.0010504
12 4 12 2 0.0000000
12 4 12 3 0.0016666
12 4 12 4 0.0015787
12 4 12 5 0.0000000
12 4 12 6 0.0006497
12 4 12 7 -0.0015442
12 4 12 8 0.0021086
12 4 12 9 0.0116810
12 4 12 10 0.0000000
12 4 12 11 -0.0001332
12 4 12 12 -0.0046099
12 5 0 0 0.0000000
12 5 1 0 -0.0000000
12 5 1 1 0.0000000
12 5 2 0 -0.0002845
12 5 2 1 0.0011667
12 5 2 2 0.0000000
12 5 3 0 0.0000000
12 5 3 1 -0.0000000
12 5 3 2 0.0001998
12 5 3 3 0.0000000
12 5 4 0 0.0000000
12 5 4 1 -0.0000000
12 5 4 2 0.0000191
12 5 4 3 -0.0000000
12 5 4 4 0.0000000
12 5 5 0 -0.0004217
12 5 5 1 0.0011286
12 5 5 2 0.0000000
12 5 5 3 0.0004980
12 5 5 4 0.0003663
12 5 5 5 0.0000000
12 5 6 0 0.0000000
12 5 6 1 -0.0000000
12 5 6 2 0.0001477
12 5 6 3 -0.0000000
12 5 6 4 -0.0000000
12 5 6 5 0.0000496
12 5 6 6 0.0000000
12 5 7 0 0.0000000
12 5 7 1 -0.0000000
12 5 7 2 -0.0001270
12 5 7 3 -0.0000000
12 5 7 4 0.0000000
12 5 7 5 -0.0001955
12 5 7 6 0.0000000
12 5 7 7 0.0000000
12 5 8 0 0.0000000
12 5 8 1 -0.0000000
12 5 8 2 -0.0007001
12 5 8 3 0.0000000
12 5 8 4 0.0000000
12 5 8 5 -0.0010542
12 5 8 6 0.0000000
12 5 8 7 -0.0000000
12 5 8 8 0.0000000
12 5 9 0 0.0000000
12 5 9 1 -0.0000000
12 5 9 2 -0.0000199
12 5 9 3 0.0000000
12 5 9 4 -0.0000000
12 5 9 5 -0.0000136
12 5 9 6 -0.0000000
12 5 9 7 -0.0000000
12 5 9 8 0.0000000
12 5 9 9 0.0000000
12 5 10 0 -0.0000507
12 5 10 1 0.0002531
12 5 10 2 -0.0000000
12 5 10 3 -0.0002014
12 5 10 4 0.0000063
12 5 10 5 0.0000000
12 5 10 6 0.0001616
12 5 10 7 0.0007893
12 5 10 8 -0.0014722
12 5 10 9 -0.0002845
12 5 10 10 0.0000000
12 5 11 0 -0.0000000
12 5 11 1 -0.0000000
12 5 11 2 -0.0000232
12 5 11 3 -0.0000000
12 5 11 4 -0.0000000
12 5 11 5 -0.0000025
12 5 11 6 0.0000000
12 5 11 7 0.0000000
12 5 11 8 -0.0000000
12 5 11 9 -0.0000000
12 5 11 10 0.0001559
12 5 11 11 -0.0000000
12 5 12 0 -0.0000000
12 5 12 1 0.0000000
12 5 12 2 0.0009360
12 5 12 3 -0.0000000
12 5 12 4 0.0000000
12 5 12 5 0.0006546
12 5 12 6 -0.0000000
12 5 12 7 -0.0000000
12 5 12 8 0.0000000
12 5 12 9 0.0000000
12 5 12 10 -0.0075424
12 5 12 11 -0.0000000
12 5 12 12 -0.0000000
12 6 0 0 -0.0019238
12 6 1 0 0.0000248
12 6 1 1 -0.0019465
12 6 2 0 0.0000000
12 6 2 1 -0.0000000
12 6 2 2 -0.0012754
12 6 3 0 0.0000772
12 6 3 1 -0.0012028
12 6 3 2 -0.0000000
12 6 3 3 -0.0027036
12 6 4 0 -0.0002480
12 6 4 1 0.0009257
12 6 4 2 0.0000000
12 6 4 3 0.0000218
12 6 4 4 -0.0011103
12 6 5 0 0.0000000
12 6 5 1 -0.0000000
12 6 5 2 -0.0002809
12 6 5 3 0.0000000
12 6 5 4 -0.0000000
12 6 5 5 -0.0011385
12 6 6 0 -0.0003198
12 6 6 1 0.0010740
12 6 6 2 0.0000000
12 6 6 3 0.0005221
12 6 6 4 -0.0007273
12 6 6 5 -0.0000000
12 6 6 6 -0.0018445
12 6 7 0 0.0002171
12 6 7 1 -0.0001602
12 6 7 2 0.0000000
12 6 7 3 0.0001395
12 6 7 4 0.0003553
12 6 7 5 0.0000000
12 6 7 6 0.0001734
12 6 7 7 -0.0015546
12 6 8 0 0.0000009
12 6 8 1 -0.0001297
12 6 8 2 -0.0000000
12 6 8 3 -0.0008297
12 6 8 4 -0.0005476
12 6 8 5 0.0000000
12 6 8 6 -0.0005313
12 6 8 7 0.0013653
12 6 8 8 -0.0026575
12 6 9 0 0.0000457
12 6 9 1 -0.0002275
12 6 9 2 0.0000000
12 6 9 3 0.0001800
12 6 9 4 0.0000755
12 6 9 5 0.0000000
12 6 9 6 -0.0000003
12 6 9 7 -0.0007854
12 6 9 8 0.0013090
12 6 9 9 -0.0027057
12 6 10 0 0.0000000
12 6 10 1 -0.0000000
12 6 10 2 -0.0000286
12 6 10 3 0.0000000
12 6 10 4 0.0000000
12 6 10 5 -0.0001273
12 6 10 6 -0.0000000
12 6 10 7 -0.0000000
12 6 10 8 0.0000000
12 6 10 9 0.0000000
12 6 10 10 -0.0022022
12 6 11 0 0.0000065
12 6 11 1 0.0000488
12 6 11 2 0.0000000
12 6 11 3 0.0001909
12 6 11 4 -0.0000027
12 6 11 5 0.0000000
12 6 11 6 -0.0000535
12 6 11 7 -0.0002665
12 6 11 8 0.0004856
12 6 11 9 -0.0001411
12 6 11 10 -0.0000000
12 6 11 11 -0.0002064
12 6 12 0 0.0000110
12 6 12 1 -0.0010940
12 6 12 2 -0.0000000
12 6 12 3 -0.0019289
12 6 12 4 0.0006497
12 6 12 5 -0.0000000
12 6 12 6 0.0007624
12 6 12 7 0.0010978
12 6 12 8 -0.0026639
12 6 12 9 0.0068079
12 6 12 10 0.0000000
12 6 12 11 0.0002949
12 6 12 12 0.0025347
12 7 0 0 -0.0094857
12 7 1 0 0.0000406
12 7 1 1 -0.0096920
12 7 2 0 0.0000000
12 7 2 1 -0.0000000
12 7 2 2 -0.0067584
12 7 3 0 0.0002631
12 7 3 1 -0.0051491
12 7 3 2 -0.0000000
12 7 3 3 -0.0133027
12 7 4 0 0.0001396
12 7 4 1 -0.0009988
12 7 4 2 -0.0000000
12 7 4 3 -0.0007561
12 7 4 4 -0.0068798
12 7 5 0 0.0000000
12 7 5 1 -0.0000000
12 7 5 2 -0.0023107
12 7 5 3 0.0000000
12 7 5 4 0.0000000
12 7 5 5 -0.0074172
12 7 6 0 0.0002695
12 7 6 1 0.0001000
12 7 6 2 0.0000000
12 7 6 3 0.0001521
12 7 6 4 -0.0017823
12 7 6 5 0.0000000
12 7 6 6 -0.0067849
12 7 7 0 0.0002134
12 7 7 1 0.0011801
12 7 7 2 0.0000000
12 7 7 3 0.0016243
12 7 7 4 0.0010744
12 7 7 5 0.0000000
12 7 7 6 0.0002277
12 7 7 7 -0.0080580
12 7 8 0 -0.0002535
12 7 8 1 0.0001881
12 7 8 2 -0.0000000
12 7 8 3 -0.0032638
12 7 8 4 0.0003040
12 7 8 5 -0.0000000
12 7 8 6 0.0013197
12 7 8 7 0.0038808
12 7 8 8 -0.0136383
12 7 9 0 -0.0000214
12 7 9 1 0.0000851
12 7 9 2 0.0000000
12 7 9 3 -0.0001448
12 7 9 4 0.0007651
12 7 9 5 0.0000000
12 7 9 6 0.0009837
12 7 9 7 -0.0001068
12 7 9 8 -0.0007671
12 7 9 9 -0.0088234
12 7 10 0 -0.0000000
12 7 10 1 -0.0000000
12 7 10 2 -0.0007955
12 7 10 3 0.0000000
12 7 10 4 0.0000000
12 7 10 5 -0.0010403
12 7 10 6 0.0000000
12 7 10 7 -0.0000000
12 7 10 8 -0.0000000
12 7 10 9 -0.0000000
12 7 10 10 -0.0090729
12 7 11 0 0.0000437
12 7 11 1 0.0001903
12 7 11 2 0.0000000
12 7 11 3 0.0010137
12 7 11 4 0.0001065
12 7 11 5 0.0000000
12 7 11 6 -0.0002989
12 7 11 7 -0.0015416
12 7 11 8 0.0027643
12 7 11 9 0.0000656
12 7 11 10 0.0000000
12 7 11 11 0.0068483
12 7 12 0 0.0000776
12 7 12 1 -0.0065913
12 7 12 2 -0.0000000
12 7 12 3 -0.0112846
12 7 12 4 -0.0015442
12 7 12 5 -0.0000000
12 7 12 6 0.0010978
12 7 12 7 0.0081395
12 7 12 8 -0.0154387
12 7 12 9 -0.0031937
12 7 12 10 -0.0000000
12 7 12 11 0.0011342
12 7 12 12 0.0211820
12 8 0 0 0.0157786
12 8 1 0 -0.0000360
12 8 1 1 0.0169688
12 8 2 0 -0.0000000
12 8 2 1 0.0000000
12 8 2 2 0.0121855
12 8 3 0 -0.0004502
12 8 3 1 0.0084932
12 8 3 2 0.0000000
12 8 3 3 0.0227782
12 8 4 0 0.0000111
12 8 4 1 0.0006569
12 8 4 2 0.0000000
12 8 4 3 0.0010672
12 8 4 4 0.0122420
12 8 5 0 0.0000000
12 8 5 1 -0.0000000
12 8 5 2 0.0030223
12 8 5 3 -0.0000000
12 8 5 4 -0.0000000
12 8 5 5 0.0127711
12 8 6 0 -0.0001408
12 8 6 1 -0.0008289
12 8 6 2 -0.0000000
12 8 6 3 -0.0006911
12 8 6 4 0.0027049
12 8 6 5 -0.0000000
12 8 6 6 0.0125033
12 8 7 0 -0.0005304
12 8 7 1 -0.0011234
12 8 7 2 -0.0000000
12 8 7 3 -0.0024524
12 8 7 4 -0.0015875
12 8 7 5 -0.0000000
12 8 7 6 -0.0004219
12 8 7 7 0.0139922
12 8 8 0 0.0003315
12 8 8 1 -0.0001874
12 8 8 2 0.0000000
12 8 8 3 0.0049132
12 8 8 4 0.0000669
12 8 8 5 0.0000000
12 8 8 6 -0.0013375
12 8 8 7 -0.0061510
12 8 8 8 0.0219578
12 8 9 0 -0.0000078
12 8 9 1 0.0001012
12 8 9 2 -0.0000000
12 8 9 3 0.0001325
12 8 9 4 -0.0019588
12 8 9 5 -0.0000000
12 8 9 6 -0.0019102
12 8 9 7 0.0010361
12 8 9 8 0.0000982
12 8 9 9 0.0118361
12 8 10 0 0.0000000
12 8 10 1 0.0000000
12 8 10 2 0.0019688
12 8 10 3 -0.0000000
12 8 10 4 -0.0000000
12 8 10 5 0.0021495
12 8 10 6 -0.0000000
12 8 10 7 0.0000000
12 8 10 8 -0.0000000
12 8 10 9 0.0000000
12 8 10 10 0.0117544
12 8 11 0 -0.0000882
12 8 11 1 -0.0002850
12 8 11 2 -0.0000000
12 8 11 3 -0.0018624
12 8 11 4 -0.0001731
12 8 11 5 -0.0000000
12 8 11 6 0.0005760
12 8 11 7 0.0029306
12 8 11 8 -0.0052237
12 8 11 9 0.0000225
12 8 11 10 -0.0000000
12 8 11 11 -0.0212000
12 8 12 0 -0.0001601
12 8 12 1 0.0129738
12 8 12 2 0.0000000
12 8 12 3 0.0220418
12 8 12 4 0.0021086
12 8 12 5 0.0000000
12 8 12 6 -0.0026639
12 8 12 7 -0.0154387
12 8 12 8 0.0300137
12 8 12 9 -0.0010835
12 8 12 10 0.0000000
12 8 12 11 -0.0015472
12 8 12 12 -0.0467400
12 9 0 0 0.0000011
12 9 1 0 -0.0000433
12 9 1 1 0.0009410
12 9 2 0 0.0000000
12 9 2 1 -0.0000000
12 9 2 2 0.0044422
12 9 3 0 -0.0001066
12 9 3 1 0.0010531
12 9 3 2 -0.0000000
12 9 3 3 0.0000544
12 9 4 0 0.0012556
12 9 4 1 -0.0136966
12 9 4 2 -0.0000000
12 9 4 3 0.0004896
12 9 4 4 -0.0052722
12 9 5 0 0.0000000
12 9 5 1 -0.0000000
12 9 5 2 -0.0049394
12 9 5 3 0.0000000
12 9 5 4 0.0000000
12 9 5 5 0.0019911
12 9 6 0 0.0015378
12 9 6 1 -0.0054446
12 9 6 2 -0.0000000
12 9 6 3 -0.0066316
12 9 6 4 0.0012579
12 9 6 5 0.0000000
12 9 6 6 0.0043760
12 9 7 0 -0.0007375
12 9 7 1 0.0027627
12 9 7 2 0.0000000
12 9 7 3 0.0037532
12 9 7 4 -0.0078920
12 9 7 5 0.0000000
12 9 7 6 0.0027287
12 9 7 7 -0.0038832
12 9 8 0 -0.0002452
12 9 8 1 0.0007652
12 9 8 2 0.0000000
12 9 8 3 0.0007695
12 9 8 4 0.0029709
12 9 8 5 0.0000000
12 9 8 6 0.0078674
12 9 8 7 -0.0046070
12 9 8 8 -0.0026475
12 9 9 0 0.0004169
12 9 9 1 0.0108548
12 9 9 2 0.0000000
12 9 9 3 0.0223017
12 9 9 4 0.0027801
12 9 9 5 0.0000000
12 9 9 6 -0.0044800
12 9 9 7 -0.0190224
12 9 9 8 0.0365141
12 9 9 9 -0.0000009
12 9 10 0 -0.0000000
12 9 10 1 0.0000000
12 9 10 2 0.0005464
12 9 10 3 -0.0000000
12 9 10 4 -0.0000000
12 9 10 5 -0.0010927
12 9 10 6 0.0000000
12 9 10 7 -0.0000000
12 9 10 8 0.0000000
12 9 10 9 -0.0000000
12 9 10 10 0.0000001
12 9 11 0 -0.0000002
12 9 11 1 0.0000261
12 9 11 2 -0.0000000
12 9 11 3 0.0000615
12 9 11 4 -0.0007709
12 9 11 5 -0.0000000
12 9 11 6 -0.0004761
12 9 11 7 0.0002237
12 9 11 8 0.0000761
12 9 11 9 -0.0001295
12 9 11 10 0.0000000
12 9 11 11 0.0000015
12 9 12 0 0.0000022
12 9 12 1 -0.0003944
12 9 12 2 0.0000000
12 9 12 3 -0.0009265
12 9 12 4 0.0116810
12 9 12 5 0.0000000
12 9 12 6 0.0068079
12 9 12 7 -0.0031937
12 9 12 8 -0.0010835
12 9 12 9 0.1160615
12 9 12 10 0.0000000
12 9 12 11 0.0000002
12 9 12 12 0.0000010
12 10 0 0 -0.0000000
12 10 1 0 -0.0000000
12 10 1 1 0.0000000
12 10 2 0 -0.0012685
12 10 2 1 0.0141128
12 10 2 2 -0.0000000
12 10 3 0 0.0000000
12 10 3 1 -0.0000000
12 10 3 2 0.0001857
12 10 3 3 -0.0000000
12 10 4 0 0.0000000
12 10 4 1 -0.0000000
12 10 4 2 -0.0040402
12 10 4 3 0.0000000
12 10 4 4 0.0000000
12 10 5 0 -0.0017167
12 10 5 1 0.0057379
12 10 5 2 0.0000000
12 10 5 3 0.0069248
12 10 5 4 0.0057420
12 10 5 5 -0.0000000
12 10 6 0 0.0000000
12 10 6 1 -0.0000000
12 10 6 2 0.0067082
12 10 6 3 -0.0000000
12 10 6 4 -0.0000000
12 10 6 5 -0.0050528
12 10 6 6 0.0000000
12 10 7 0 -0.0000000
12 10 7 1 0.0000000
12 10 7 2 0.0038854
12 10 7 3 -0.0000000
12 10 7 4 -0.0000000
12 10 7 5 -0.0029936
12 10 7 6 0.0000000
12 10 7 7 -0.0000000
12 10 8 0 0.0000000
12 10 8 1 -0.0000000
12 10 8 2 -0.0043305
12 10 8 3 0.0000000
12 10 8 4 0.0000000
12 10 8 5 -0.0087872
12 10 8 6 0.0000000
12 10 8 7 -0.0000000
12 10 8 8 0.0000000
12 10 9 0 -0.0000000
12 10 9 1 0.0000000
12 10 9 2 0.0005464
12 10 9 3 -0.0000000
12 10 9 4 -0.0000000
12 10 9 5 -0.0010927
12 10 9 6 0.0000000
12 10 9 7 -0.0000000
12 10 9 8 0.0000000
12 10 9 9 -0.0000000
12 10 10 0 0.0004171
12 10 10 1 0.0108964
12 10 10 2 0.0000000
12 10 10 3 0.0223697
12 10 10 4 0.0016801
12 10 10 5 0.0000000
12 10 10 6 -0.0025467
12 10 10 7 -0.0199806
12 10 10 8 0.0362002
12 10 10 9 -0.0000005
12 10 10 10 -0.0000000
12 10 11 0 0.0000000
12 10 11 1 0.0000000
12 10 11 2 0.0007763
12 10 11 3 -0.0000000
12 10 11 4 -0.0000000
12 10 11 5 0.0005279
12 10 11 6 -0.0000000
12 10 11 7 0.0000000
12 10 11 8 -0.0000000
12 10 11 9 0.0000000
12 10 11 10 -0.0001295
12 10 11 11 -0.0000000
12 10 12 0 -0.0000000
12 10 12 1 -0.0000000
12 10 12 2 -0.0117598
12 10 12 3 0.0000000
12 10 12 4 0.0000000
12 10 12 5 -0.0075424
12 10 12 6 0.0000000
12 10 12 7 -0.0000000
12 10 12 8 0.0000000
12 10 12 9 0.0000000
12 10 12 10 0.1160615
12 10 12 11 -0.0000000
12 10 12 12 -0.0000000
12 11 0 0 -0.0131492
12 11 1 0 0.0000076
12 11 1 1 -0.0144942
12 11 2 0 0.0000000
12 11 2 1 -0.0000000
12 11 2 2 -0.0088144
12 11 3 0 0.0004646
12 11 3 1 -0.0114621
12 11 3 2 -0.0000000
12 11 3 3 -0.0261942
12 11 4 0 0.0000290
12 11 4 1 -0.0011139
12 11 4 2 -0.0000000
12 11 4 3 -0.0017681
12 11 4 4 -0.0089615
12 11 5 0 0.0000000
12 11 5 1 -0.0000000
12 11 5 2 -0.0034112
12 11 5 3 0.0000000
12 11 5 4 0.0000000
12 11 5 5 -0.0092956
12 11 6 0 0.0002208
12 11 6 1 0.0014500
12 11 6 2 0.0000000
12 11 6 3 0.0018232
12 11 6 4 -0.0028474
12 11 6 5 0.0000000
12 11 6 6 -0.0091179
12 11 7 0 0.0005688
12 11 7 1 0.0050674
12 11 7 2 0.0000000
12 11 7 3 0.0094939
12 11 7 4 0.0024443
12 11 7 5 0.0000000
12 11 7 6 -0.0007550
12 11 7 7 -0.0169842
12 11 8 0 -0.0003773
12 11 8 1 -0.0067081
12 11 8 2 -0.0000000
12 11 8 3 -0.0185633
12 11 8 4 -0.0013026
12 11 8 5 -0.0000000
12 11 8 6 0.0036306
12 11 8 7 0.0183319
12 11 8 8 -0.0415364
12 11 9 0 -0.0000007
12 11 9 1 0.0001410
12 11 9 2 -0.0000000
12 11 9 3 0.0003247
12 11 9 4 -0.0041440
12 11 9 5 -0.0000000
12 11 9 6 -0.0018427
12 11 9 7 0.0008528
12 11 9 8 0.0002923
12 11 9 9 -0.0498535
12 11 10 0 0.0000000
12 11 10 1 0.0000000
12 11 10 2 0.0041688
12 11 10 3 -0.0000000
12 11 10 4 -0.0000000
12 11 10 5 0.0020317
12 11 10 6 -0.0000000
12 11 10 7 0.0000000
12 11 10 8 -0.0000000
12 11 10 9 0.0000000
12 11 10 10 -0.0498535
12 11 11 0 -0.0003336
12 11 11 1 -0.0024472
12 11 11 2 -0.0000000
12 11 11 3 -0.0085124
12 11 11 4 -0.0008142
12 11 11 5 -0.0000000
12 11 11 6 0.0019345
12 11 11 7 0.0098729
12 11 11 8 -0.0175387
12 11 11 9 0.0000011
12 11 11 10 -0.0000000
12 11 11 11 -0.3628151
12 11 12 0 -0.0000180
12 11 12 1 -0.0004735
12 11 12 2 -0.0000000
12 11 12 3 -0.0014100
12 11 12 4 -0.0001332
12 11 12 5 -0.0000000
12 11 12 6 0.0002949
12 11 12 7 0.0011342
12 11 12 8 -0.0015472
12 11 12 9 0.0000002
12 11 12 10 -0.0000000
12 11 12 11 0.0525107
12 11 12 12 -0.0397102
12 12 0 0 0.2722850
12 12 1 0 -0.0003791
12 12 1 1 0.2827146
12 12 2 0 -0.0000000
12 12 2 1 0.0000000
12 12 2 2 0.2376712
12 12 3 0 -0.0045057
12 12 3 1 0.0909698
12 12 3 2 0.0000000
12 12 3 3 0.3474983
12 12 4 0 -0.0003005
12 12 4 1 0.0087600
12 12 4 2 0.0000000
12 12 4 3 0.0116755
12 12 4 4 0.2385627
12 12 5 0 -0.0000000
12 12 5 1 0.0000000
12 12 5 2 0.0348266
12 12 5 3 -0.0000000
12 12 5 4 -0.0000000
12 12 5 5 0.2392278
12 12 6 0 -0.0018643
12 12 6 1 -0.0097880
12 12 6 2 -0.0000000
12 12 6 3 -0.0105219
12 12 6 4 0.0299586
12 12 6 5 -0.0000000
12 12 6 6 0.2357822
12 12 7 0 -0.0045885
12 12 7 1 -0.0298350
12 12 7 2 -0.0000000
12 12 7 3 -0.0532424
12 12 7 4 -0.0204911
12 12 7 5 -0.0000000
12 12 7 6 -0.0007189
12 12 7 7 0.2737578
12 12 8 0 0.0025567
12 12 8 1 0.0343624
12 12 8 2 0.0000000
12 12 8 3 0.1101021
12 12 8 4 0.0054324
12 12 8 5 0.0000000
12 12 8 6 -0.0219818
12 12 8 7 -0.1080426
12 12 8 8 0.4256196
12 12 9 0 0.0000061
12 12 9 1 -0.0011640
12 12 9 2 0.0000000
12 12 9 3 -0.0026960
12 12 9 4 0.0342971
12 12 9 5 0.0000000
12 12 9 6 0.0166544
12 12 9 7 -0.0077459
12 12 9 8 -0.0026435
12 12 9 9 0.6206838
12 12 10 0 -0.0000000
12 12 10 1 -0.0000000
12 12 10 2 -0.0345096
12 12 10 3 0.0000000
12 12 10 4 0.0000000
12 12 10 5 -0.0183946
12 12 10 6 0.0000000
12 12 10 7 -0.0000000
12 12 10 8 0.0000000
12 12 10 9 -0.0000000
12 12 10 10 0.6206838
12 12 11 0 0.0006538
12 12 11 1 -0.0027354
12 12 11 2 0.0000000
12 12 11 3 0.0020607
12 12 11 4 0.0001276
12 12 11 5 0.0000000
12 12 11 6 -0.0016148
12 12 11 7 -0.0072651
12 12 11 8 0.0118688
12 12 11 9 -0.0000008
12 12 11 10 0.0000000
12 12 11 11 0.8534747
12 12 12 0 0.0014042
12 12 12 1 -0.0328517
12 12 12 2 -0.0000000
12 12 12 3 -0.0438063
12 12 12 4 -0.0046099
12 12 12 5 -0.0000000
12 12 12 6 0.0025347
12 12 12 7 0.0211820
12 12 12 8 -0.0467400
12 12 12 9 0.0000010
12 12 12 10 -0.0000000
12 12 12 11 -0.0397102
12 12 12 12 0.7224718
