NMONOMER	1
NELEC	8
ENUC	7.676927
NBASIS	12
HOMO	2
LUMO	2
ENT	5
HF_ENERGY	-36.772537
ENERGIES
-10.963778
-0.924861
-0.533839
-0.322852
0.477106
0.657963
0.721496
849736.477125
965066.273584
996477.955901
1070620.572245
1118093.907897

OEI
-18.563402	
0.212438	-4.612647	
0.000000	0.000000	-4.226945	
-0.194523	0.118328	0.000000	-4.301139	
-0.121791	0.155902	-0.000000	-0.446332	-3.137352	
-0.251562	0.927207	-0.000000	0.149198	-0.017624	-3.911656	
-0.000000	0.000000	0.786387	0.000000	0.000000	0.000000	-3.513822	
-0.115747	-0.052387	0.000000	0.038531	-0.000796	-0.017591	0.000000	849732.892555	
0.000000	-0.000000	-0.129249	-0.000000	0.000000	0.000000	-0.023958	-0.000000	965063.418115	
0.005002	0.022685	0.000000	0.001035	0.005342	-0.013367	-0.000000	0.001161	-0.000000	996474.730987	
-0.037936	-0.201765	0.000000	-0.065211	0.131265	-0.119271	0.000000	-0.147276	0.000000	-0.136975	1070618.036291	
0.112454	0.073732	-0.000000	-0.130432	0.002636	-0.000080	-0.000000	0.836031	0.000000	-0.038167	0.319526	1118090.221014	

ENV_OEI
-5.090499	
0.399821	-0.645294	
0.000000	0.000000	-0.478212	
-0.378827	-0.112003	0.000000	-0.661681	
-0.244823	0.324562	-0.000000	0.179853	-0.844024	
-0.512829	0.047041	0.000000	-0.208162	0.349842	-0.896532	
-0.000000	0.000000	0.141772	0.000000	-0.000000	0.000000	-0.502820	
-0.220340	-0.007682	-0.000000	0.029800	-0.007649	-0.049844	0.000000	-0.799210	
-0.000000	0.000000	0.148687	0.000000	-0.000000	0.000000	0.161821	-0.000000	-0.879618	
-0.014974	0.319718	-0.000000	0.661210	-1.445046	0.771751	-0.000000	0.148067	-0.000000	-18.797714	
-0.055565	0.043450	-0.000000	0.025406	-0.055289	0.068830	-0.000000	0.060127	0.000000	-1.705446	-0.845085	
0.210221	-0.019755	0.000000	0.027014	-0.000655	0.027800	-0.000000	-0.120776	0.000000	-0.166662	0.001788	-0.682076	

OVERLAP
1.000000	
0.248362	1.000000	
0.061767	0.488736	1.000000	
0.061767	0.488736	0.167856	1.000000	
0.000000	0.027047	0.038545	0.038545	1.000000	
0.027047	0.301519	0.378700	0.378700	0.248362	1.000000	
0.000000	0.000000	-0.259000	-0.259000	-0.045312	-0.338874	1.000000	
0.000000	0.000000	-0.380474	0.380474	0.000000	0.000000	0.000000	1.000000	
0.000000	0.000000	-0.073326	-0.073326	0.000000	0.000000	0.000000	0.000000	1.000000	
0.045312	0.338874	0.278171	0.278171	0.000000	0.000000	-0.315123	0.000000	0.000000	1.000000	
0.000000	0.000000	-0.268260	0.268260	0.000000	0.000000	0.000000	0.166433	0.000000	0.000000	1.000000	
0.000000	0.000000	-0.051700	-0.051700	0.000000	0.000000	0.000000	0.000000	0.166433	0.000000	0.000000	1.000000	

MOCOEFF
0.996700	0.016165	-0.006483	-0.006483	0.001353	-0.006648	-0.016615	0.000000	-0.023174	-0.002256	0.000000	0.003186	
-0.139517	0.321330	0.250211	0.250211	-0.032847	-0.017897	-0.326688	0.000000	-0.213263	0.355298	-0.000000	0.061366	
-0.000000	0.000000	-0.432899	0.432899	0.000000	-0.000000	0.000000	0.624332	-0.000000	-0.000000	-0.336168	0.000000	
0.131776	-0.519834	-0.146972	-0.146972	-0.058933	0.254532	-0.515325	0.000000	0.513086	0.375523	-0.000000	-0.100591	
0.083364	-0.520112	0.832590	0.832590	0.125721	-0.758783	-0.220025	0.000000	0.279604	-0.697351	0.000000	0.039554	
0.179566	-1.102219	0.533674	0.533674	-0.068991	0.421689	0.990791	-0.000000	0.069789	0.658056	-0.000000	0.043567	
0.000000	-0.000000	-0.953170	0.953170	0.000000	-0.000000	-0.000000	-1.077806	0.000000	-0.000000	-0.332011	0.000000	
0.084288	-0.388040	0.000000	0.000000	-0.012324	0.049399	-0.203229	-0.000000	-0.573902	-0.025821	0.000000	0.799278	
-0.000000	0.000000	0.000000	-0.000000	-0.000000	0.000000	0.000000	0.000000	0.000000	-0.000000	1.000000	-0.000000	
-0.000565	0.002600	0.000000	0.000000	1.025611	-0.216380	0.001361	-0.000000	0.003845	0.105482	0.000000	0.019655	
0.018948	-0.087231	-0.000000	-0.000000	0.019715	0.850777	-0.045686	-0.000000	-0.129013	-0.446528	-0.000000	-0.196306	
-0.081637	0.375835	0.000000	0.000000	-0.011611	0.229176	0.196837	-0.000000	0.555851	-0.120150	0.000000	0.583417	

ERI
0 0 0 0 3.5238049
1 0 0 0 -0.1859083
1 0 1 0 0.0196496
1 0 1 1 0.0061207
1 1 0 0 0.6404976
1 1 1 0 0.0061207
1 1 1 1 0.5964897
2 0 0 0 -0.0000000
2 0 1 0 0.0000000
2 0 1 1 0.0000000
2 0 2 0 0.0096398
2 0 2 1 0.0108410
2 0 2 2 -0.0000000
2 1 0 0 0.0000000
2 1 1 0 0.0000000
2 1 1 1 0.0000000
2 1 2 0 0.0108410
2 1 2 1 0.0990683
2 1 2 2 -0.0000000
2 2 0 0 0.6559230
2 2 1 0 -0.0007754
2 2 1 1 0.5088973
2 2 2 0 -0.0000000
2 2 2 1 -0.0000000
2 2 2 2 0.5405783
3 0 0 0 0.1719249
3 0 1 0 -0.0128032
3 0 1 1 0.0086354
3 0 2 0 -0.0000000
3 0 2 1 0.0000000
3 0 2 2 0.0038171
3 0 3 0 0.0250981
3 0 3 1 0.0074609
3 0 3 2 0.0000000
3 0 3 3 -0.0091424
3 1 0 0 -0.0552990
3 1 1 0 0.0010138
3 1 1 1 0.0213625
3 1 2 0 -0.0000000
3 1 2 1 -0.0000000
3 1 2 2 -0.0223069
3 1 3 0 0.0074609
3 1 3 1 0.0593119
3 1 3 2 -0.0000000
3 1 3 3 -0.0399303
3 2 0 0 -0.0000000
3 2 1 0 0.0000000
3 2 1 1 -0.0000000
3 2 2 0 -0.0078488
3 2 2 1 -0.0426488
3 2 2 2 0.0000000
3 2 3 0 0.0000000
3 2 3 1 -0.0000000
3 2 3 2 0.0413713
3 2 3 3 -0.0000000
3 3 0 0 0.7686826
3 3 1 0 -0.0063989
3 3 1 1 0.4852679
3 3 2 0 -0.0000000
3 3 2 1 -0.0000000
3 3 2 2 0.4864832
3 3 3 0 -0.0091424
3 3 3 1 -0.0399303
3 3 3 2 -0.0000000
3 3 3 3 0.6232006
4 0 0 0 0.1095968
4 0 1 0 -0.0087792
4 0 1 1 0.0037147
4 0 2 0 0.0000000
4 0 2 1 0.0000000
4 0 2 2 0.0024182
4 0 3 0 0.0139406
4 0 3 1 0.0029549
4 0 3 2 -0.0000000
4 0 3 3 -0.0034228
4 0 4 0 0.0079929
4 0 4 1 -0.0000034
4 0 4 2 0.0000000
4 0 4 3 -0.0029896
4 0 4 4 0.0002125
4 1 0 0 -0.0431277
4 1 1 0 -0.0008195
4 1 1 1 -0.0346645
4 1 2 0 0.0000000
4 1 2 1 0.0000000
4 1 2 2 0.0245583
4 1 3 0 -0.0000091
4 1 3 1 -0.0260154
4 1 3 2 0.0000000
4 1 3 3 -0.0377374
4 1 4 0 -0.0000034
4 1 4 1 0.0668093
4 1 4 2 -0.0000000
4 1 4 3 0.0148617
4 1 4 4 -0.0173349
4 2 0 0 0.0000000
4 2 1 0 -0.0000000
4 2 1 1 0.0000000
4 2 2 0 0.0017902
4 2 2 1 0.0703646
4 2 2 2 -0.0000000
4 2 3 0 0.0000000
4 2 3 1 0.0000000
4 2 3 2 -0.0203052
4 2 3 3 0.0000000
4 2 4 0 0.0000000
4 2 4 1 -0.0000000
4 2 4 2 0.0756422
4 2 4 3 0.0000000
4 2 4 4 -0.0000000
4 3 0 0 0.1625145
4 3 1 0 -0.0058144
4 3 1 1 -0.0275135
4 3 2 0 0.0000000
4 3 2 1 0.0000000
4 3 2 2 0.0223620
4 3 3 0 -0.0077446
4 3 3 1 -0.0529612
4 3 3 2 -0.0000000
4 3 3 3 0.0992256
4 3 4 0 -0.0029896
4 3 4 1 0.0148617
4 3 4 2 0.0000000
4 3 4 3 0.0945339
4 3 4 4 -0.0390901
4 4 0 0 0.5020224
4 4 1 0 0.0012039
4 4 1 1 0.5127881
4 4 2 0 -0.0000000
4 4 2 1 -0.0000000
4 4 2 2 0.4667740
4 4 3 0 0.0005826
4 4 3 1 0.0227485
4 4 3 2 0.0000000
4 4 3 3 0.4481336
4 4 4 0 0.0002125
4 4 4 1 -0.0173349
4 4 4 2 -0.0000000
4 4 4 3 -0.0390901
4 4 4 4 0.5181806
5 0 0 0 0.2359771
5 0 1 0 -0.0273240
5 0 1 1 -0.0119729
5 0 2 0 -0.0000000
5 0 2 1 0.0000000
5 0 2 2 -0.0002960
5 0 3 0 0.0096194
5 0 3 1 -0.0054719
5 0 3 2 -0.0000000
5 0 3 3 0.0151127
5 0 4 0 0.0082412
5 0 4 1 0.0007091
5 0 4 2 -0.0000000
5 0 4 3 0.0128088
5 0 4 4 -0.0016098
5 0 5 0 0.0422534
5 0 5 1 0.0039318
5 0 5 2 0.0000000
5 0 5 3 -0.0030343
5 0 5 4 -0.0016899
5 0 5 5 -0.0097826
5 1 0 0 -0.2749484
5 1 1 0 -0.0006358
5 1 1 1 -0.0726990
5 1 2 0 0.0000000
5 1 2 1 -0.0000000
5 1 2 2 -0.0696061
5 1 3 0 -0.0080390
5 1 3 1 0.0253944
5 1 3 2 0.0000000
5 1 3 3 -0.0946660
5 1 4 0 -0.0039508
5 1 4 1 0.0055474
5 1 4 2 -0.0000000
5 1 4 3 -0.0539406
5 1 4 4 0.0040046
5 1 5 0 0.0039318
5 1 5 1 0.1097372
5 1 5 2 -0.0000000
5 1 5 3 0.0252788
5 1 5 4 -0.0164376
5 1 5 5 -0.1005506
5 2 0 0 0.0000000
5 2 1 0 -0.0000000
5 2 1 1 0.0000000
5 2 2 0 -0.0058567
5 2 2 1 0.0022863
5 2 2 2 0.0000000
5 2 3 0 0.0000000
5 2 3 1 -0.0000000
5 2 3 2 -0.0011256
5 2 3 3 0.0000000
5 2 4 0 -0.0000000
5 2 4 1 0.0000000
5 2 4 2 0.0217979
5 2 4 3 0.0000000
5 2 4 4 -0.0000000
5 2 5 0 0.0000000
5 2 5 1 -0.0000000
5 2 5 2 0.0284878
5 2 5 3 -0.0000000
5 2 5 4 0.0000000
5 2 5 5 0.0000000
5 3 0 0 -0.0565682
5 3 1 0 0.0034029
5 3 1 1 0.0204618
5 3 2 0 -0.0000000
5 3 2 1 -0.0000000
5 3 2 2 -0.0126486
5 3 3 0 -0.0034047
5 3 3 1 0.0011049
5 3 3 2 0.0000000
5 3 3 3 -0.0177992
5 3 4 0 -0.0014714
5 3 4 1 -0.0252184
5 3 4 2 0.0000000
5 3 4 3 -0.0310706
5 3 4 4 0.0233270
5 3 5 0 -0.0030343
5 3 5 1 0.0252788
5 3 5 2 -0.0000000
5 3 5 3 0.0433765
5 3 5 4 -0.0119455
5 3 5 5 -0.0002741
5 4 0 0 0.0054019
5 4 1 0 0.0013665
5 4 1 1 -0.0041386
5 4 2 0 -0.0000000
5 4 2 1 -0.0000000
5 4 2 2 0.0251993
5 4 3 0 -0.0004536
5 4 3 1 -0.0351896
5 4 3 2 0.0000000
5 4 3 3 -0.0153929
5 4 4 0 -0.0003193
5 4 4 1 0.0492781
5 4 4 2 -0.0000000
5 4 4 3 0.0204265
5 4 4 4 -0.0106774
5 4 5 0 -0.0016899
5 4 5 1 -0.0164376
5 4 5 2 0.0000000
5 4 5 3 -0.0119455
5 4 5 4 0.0576565
5 4 5 5 -0.0150814
5 5 0 0 0.8001823
5 5 1 0 0.0013306
5 5 1 1 0.5817346
5 5 2 0 -0.0000000
5 5 2 1 -0.0000000
5 5 2 2 0.5087969
5 5 3 0 0.0183851
5 5 3 1 0.0266445
5 5 3 2 -0.0000000
5 5 3 3 0.5060232
5 5 4 0 0.0087408
5 5 4 1 -0.0391080
5 5 4 2 0.0000000
5 5 4 3 -0.0078940
5 5 4 4 0.4986942
5 5 5 0 -0.0097826
5 5 5 1 -0.1005506
5 5 5 2 0.0000000
5 5 5 3 -0.0002741
5 5 5 4 -0.0150814
5 5 5 5 0.6200781
6 0 0 0 0.0000000
6 0 1 0 -0.0000000
6 0 1 1 -0.0000000
6 0 2 0 -0.0133803
6 0 2 1 -0.0135106
6 0 2 2 0.0000000
6 0 3 0 0.0000000
6 0 3 1 -0.0000000
6 0 3 2 0.0102385
6 0 3 3 0.0000000
6 0 4 0 -0.0000000
6 0 4 1 -0.0000000
6 0 4 2 -0.0021459
6 0 4 3 0.0000000
6 0 4 4 0.0000000
6 0 5 0 0.0000000
6 0 5 1 -0.0000000
6 0 5 2 0.0071625
6 0 5 3 0.0000000
6 0 5 4 0.0000000
6 0 5 5 0.0000000
6 0 6 0 0.0186761
6 0 6 1 0.0044390
6 0 6 2 0.0000000
6 0 6 3 -0.0095067
6 0 6 4 -0.0086671
6 0 6 5 -0.0106974
6 0 6 6 -0.0000000
6 1 0 0 -0.0000000
6 1 1 0 0.0000000
6 1 1 1 0.0000000
6 1 2 0 -0.0035305
6 1 2 1 0.0307173
6 1 2 2 -0.0000000
6 1 3 0 -0.0000000
6 1 3 1 0.0000000
6 1 3 2 -0.0046043
6 1 3 3 -0.0000000
6 1 4 0 -0.0000000
6 1 4 1 0.0000000
6 1 4 2 0.0456479
6 1 4 3 0.0000000
6 1 4 4 -0.0000000
6 1 5 0 -0.0000000
6 1 5 1 0.0000000
6 1 5 2 0.0280930
6 1 5 3 -0.0000000
6 1 5 4 0.0000000
6 1 5 5 -0.0000000
6 1 6 0 0.0044390
6 1 6 1 0.0405626
6 1 6 2 0.0000000
6 1 6 3 -0.0128669
6 1 6 4 0.0496906
6 1 6 5 0.0277789
6 1 6 6 0.0000000
6 2 0 0 -0.2550495
6 2 1 0 0.0061387
6 2 1 1 -0.0121162
6 2 2 0 -0.0000000
6 2 2 1 -0.0000000
6 2 2 2 -0.0469649
6 2 3 0 -0.0014188
6 2 3 1 0.0186108
6 2 3 2 0.0000000
6 2 3 3 -0.1073858
6 2 4 0 -0.0017167
6 2 4 1 0.0277274
6 2 4 2 -0.0000000
6 2 4 3 -0.0650792
6 2 4 4 0.0284613
6 2 5 0 -0.0087569
6 2 5 1 0.0749724
6 2 5 2 -0.0000000
6 2 5 3 0.0226623
6 2 5 4 0.0227708
6 2 5 5 -0.0480765
6 2 6 0 0.0000000
6 2 6 1 0.0000000
6 2 6 2 0.1207385
6 2 6 3 0.0000000
6 2 6 4 0.0000000
6 2 6 5 0.0000000
6 2 6 6 -0.0412892
6 3 0 0 -0.0000000
6 3 1 0 0.0000000
6 3 1 1 -0.0000000
6 3 2 0 0.0071047
6 3 2 1 0.0117214
6 3 2 2 0.0000000
6 3 3 0 -0.0000000
6 3 3 1 -0.0000000
6 3 3 2 -0.0270178
6 3 3 3 -0.0000000
6 3 4 0 0.0000000
6 3 4 1 0.0000000
6 3 4 2 -0.0114551
6 3 4 3 -0.0000000
6 3 4 4 -0.0000000
6 3 5 0 0.0000000
6 3 5 1 -0.0000000
6 3 5 2 -0.0073722
6 3 5 3 -0.0000000
6 3 5 4 0.0000000
6 3 5 5 -0.0000000
6 3 6 0 -0.0095067
6 3 6 1 -0.0128669
6 3 6 2 0.0000000
6 3 6 3 0.0304555
6 3 6 4 0.0066412
6 3 6 5 0.0005018
6 3 6 6 0.0000000
6 4 0 0 -0.0000000
6 4 1 0 0.0000000
6 4 1 1 0.0000000
6 4 2 0 0.0065054
6 4 2 1 0.0828989
6 4 2 2 -0.0000000
6 4 3 0 0.0000000
6 4 3 1 0.0000000
6 4 3 2 -0.0400721
6 4 3 3 -0.0000000
6 4 4 0 0.0000000
6 4 4 1 -0.0000000
6 4 4 2 0.0779155
6 4 4 3 -0.0000000
6 4 4 4 -0.0000000
6 4 5 0 -0.0000000
6 4 5 1 0.0000000
6 4 5 2 0.0269823
6 4 5 3 0.0000000
6 4 5 4 -0.0000000
6 4 5 5 0.0000000
6 4 6 0 -0.0086671
6 4 6 1 0.0496906
6 4 6 2 0.0000000
6 4 6 3 0.0066412
6 4 6 4 0.1011663
6 4 6 5 0.0658897
6 4 6 6 0.0000000
6 5 0 0 -0.0000000
6 5 1 0 0.0000000
6 5 1 1 0.0000000
6 5 2 0 0.0083781
6 5 2 1 0.0683713
6 5 2 2 -0.0000000
6 5 3 0 0.0000000
6 5 3 1 0.0000000
6 5 3 2 -0.0233066
6 5 3 3 -0.0000000
6 5 4 0 0.0000000
6 5 4 1 0.0000000
6 5 4 2 0.0558908
6 5 4 3 0.0000000
6 5 4 4 -0.0000000
6 5 5 0 -0.0000000
6 5 5 1 0.0000000
6 5 5 2 0.0054551
6 5 5 3 -0.0000000
6 5 5 4 0.0000000
6 5 5 5 -0.0000000
6 5 6 0 -0.0106974
6 5 6 1 0.0277789
6 5 6 2 0.0000000
6 5 6 3 0.0005018
6 5 6 4 0.0658897
6 5 6 5 0.0588663
6 5 6 6 0.0000000
6 6 0 0 0.7075304
6 6 1 0 -0.0052737
6 6 1 1 0.4953294
6 6 2 0 0.0000000
6 6 2 1 0.0000000
6 6 2 2 0.5302638
6 6 3 0 0.0042581
6 6 3 1 -0.0205521
6 6 3 2 -0.0000000
6 6 3 3 0.4897515
6 6 4 0 0.0029362
6 6 4 1 0.0289149
6 6 4 2 0.0000000
6 6 4 3 0.0288367
6 6 4 4 0.4737230
6 6 5 0 0.0061640
6 6 5 1 -0.0568427
6 6 5 2 0.0000000
6 6 5 3 -0.0182377
6 6 5 4 0.0312062
6 6 5 5 0.5090686
6 6 6 0 -0.0000000
6 6 6 1 0.0000000
6 6 6 2 -0.0412892
6 6 6 3 0.0000000
6 6 6 4 0.0000000
6 6 6 5 0.0000000
6 6 6 6 0.5497885
7 0 0 0 0.0850755
7 0 1 0 -0.0036615
7 0 1 1 0.0066226
7 0 2 0 -0.0000000
7 0 2 1 0.0000000
7 0 2 2 0.0005393
7 0 3 0 0.0034679
7 0 3 1 -0.0050232
7 0 3 2 -0.0000000
7 0 3 3 0.0048283
7 0 4 0 0.0025793
7 0 4 1 -0.0028688
7 0 4 2 -0.0000000
7 0 4 3 0.0018286
7 0 4 4 0.0028475
7 0 5 0 0.0057501
7 0 5 1 -0.0045844
7 0 5 2 -0.0000000
7 0 5 3 0.0061306
7 0 5 4 0.0031382
7 0 5 5 0.0055762
7 0 6 0 0.0000000
7 0 6 1 -0.0000000
7 0 6 2 0.0017110
7 0 6 3 0.0000000
7 0 6 4 0.0000000
7 0 6 5 0.0000000
7 0 6 6 -0.0005442
7 0 7 0 0.0112578
7 0 7 1 0.0014366
7 0 7 2 0.0000000
7 0 7 3 -0.0026455
7 0 7 4 -0.0010709
7 0 7 5 -0.0033092
7 0 7 6 -0.0000000
7 0 7 7 -0.0059802
7 1 0 0 0.0069239
7 1 1 0 0.0006234
7 1 1 1 -0.0008384
7 1 2 0 0.0000000
7 1 2 1 -0.0000000
7 1 2 2 -0.0054788
7 1 3 0 -0.0032426
7 1 3 1 -0.0068068
7 1 3 2 -0.0000000
7 1 3 3 0.0114411
7 1 4 0 -0.0015905
7 1 4 1 -0.0064020
7 1 4 2 -0.0000000
7 1 4 3 0.0077239
7 1 4 4 -0.0013461
7 1 5 0 0.0006145
7 1 5 1 -0.0030847
7 1 5 2 -0.0000000
7 1 5 3 0.0054355
7 1 5 4 -0.0012277
7 1 5 5 -0.0009471
7 1 6 0 0.0000000
7 1 6 1 -0.0000000
7 1 6 2 -0.0032103
7 1 6 3 -0.0000000
7 1 6 4 -0.0000000
7 1 6 5 -0.0000000
7 1 6 6 -0.0046203
7 1 7 0 0.0014366
7 1 7 1 0.0107456
7 1 7 2 0.0000000
7 1 7 3 0.0053643
7 1 7 4 -0.0069705
7 1 7 5 -0.0010374
7 1 7 6 -0.0000000
7 1 7 7 0.0020622
7 2 0 0 -0.0000000
7 2 1 0 0.0000000
7 2 1 1 0.0000000
7 2 2 0 -0.0051278
7 2 2 1 -0.0217870
7 2 2 2 0.0000000
7 2 3 0 -0.0000000
7 2 3 1 -0.0000000
7 2 3 2 0.0132744
7 2 3 3 0.0000000
7 2 4 0 -0.0000000
7 2 4 1 -0.0000000
7 2 4 2 -0.0126882
7 2 4 3 -0.0000000
7 2 4 4 0.0000000
7 2 5 0 -0.0000000
7 2 5 1 -0.0000000
7 2 5 2 0.0031076
7 2 5 3 0.0000000
7 2 5 4 0.0000000
7 2 5 5 0.0000000
7 2 6 0 0.0069717
7 2 6 1 -0.0014679
7 2 6 2 0.0000000
7 2 6 3 -0.0096353
7 2 6 4 -0.0169941
7 2 6 5 -0.0148849
7 2 6 6 -0.0000000
7 2 7 0 0.0000000
7 2 7 1 0.0000000
7 2 7 2 0.0187289
7 2 7 3 -0.0000000
7 2 7 4 0.0000000
7 2 7 5 0.0000000
7 2 7 6 -0.0158647
7 2 7 7 0.0000000
7 3 0 0 0.0076626
7 3 1 0 -0.0043794
7 3 1 1 -0.0267903
7 3 2 0 -0.0000000
7 3 2 1 -0.0000000
7 3 2 2 -0.0000776
7 3 3 0 -0.0021864
7 3 3 1 -0.0020046
7 3 3 2 0.0000000
7 3 3 3 0.0098150
7 3 4 0 -0.0006836
7 3 4 1 0.0093430
7 3 4 2 -0.0000000
7 3 4 3 0.0181403
7 3 4 4 -0.0136521
7 3 5 0 0.0079218
7 3 5 1 0.0030109
7 3 5 2 0.0000000
7 3 5 3 -0.0167914
7 3 5 4 -0.0016630
7 3 5 5 -0.0227599
7 3 6 0 0.0000000
7 3 6 1 -0.0000000
7 3 6 2 -0.0156391
7 3 6 3 -0.0000000
7 3 6 4 -0.0000000
7 3 6 5 -0.0000000
7 3 6 6 0.0045920
7 3 7 0 -0.0026455
7 3 7 1 0.0053643
7 3 7 2 -0.0000000
7 3 7 3 0.0261883
7 3 7 4 -0.0006722
7 3 7 5 -0.0001139
7 3 7 6 -0.0000000
7 3 7 7 -0.0054170
7 4 0 0 0.0061412
7 4 1 0 -0.0020624
7 4 1 1 -0.0082218
7 4 2 0 -0.0000000
7 4 2 1 -0.0000000
7 4 2 2 -0.0042458
7 4 3 0 -0.0009815
7 4 3 1 -0.0010232
7 4 3 2 0.0000000
7 4 3 3 0.0075392
7 4 4 0 -0.0002326
7 4 4 1 -0.0008007
7 4 4 2 -0.0000000
7 4 4 3 0.0056279
7 4 4 4 -0.0032360
7 4 5 0 0.0038255
7 4 5 1 0.0020901
7 4 5 2 0.0000000
7 4 5 3 -0.0034647
7 4 5 4 -0.0044237
7 4 5 5 -0.0072897
7 4 6 0 0.0000000
7 4 6 1 0.0000000
7 4 6 2 -0.0059682
7 4 6 3 -0.0000000
7 4 6 4 -0.0000000
7 4 6 5 -0.0000000
7 4 6 6 -0.0004198
7 4 7 0 -0.0010709
7 4 7 1 -0.0069705
7 4 7 2 0.0000000
7 4 7 3 -0.0006722
7 4 7 4 0.0212963
7 4 7 5 -0.0160215
7 4 7 6 0.0000000
7 4 7 7 0.0033735
7 5 0 0 0.0115875
7 5 1 0 -0.0011724
7 5 1 1 0.0030332
7 5 2 0 -0.0000000
7 5 2 1 -0.0000000
7 5 2 2 0.0046154
7 5 3 0 0.0077262
7 5 3 1 0.0182140
7 5 3 2 0.0000000
7 5 3 3 -0.0159499
7 5 4 0 0.0036981
7 5 4 1 -0.0002493
7 5 4 2 0.0000000
7 5 4 3 -0.0135803
7 5 4 4 -0.0008774
7 5 5 0 -0.0022708
7 5 5 1 -0.0009857
7 5 5 2 0.0000000
7 5 5 3 -0.0089997
7 5 5 4 -0.0071178
7 5 5 5 0.0137304
7 5 6 0 0.0000000
7 5 6 1 -0.0000000
7 5 6 2 -0.0040644
7 5 6 3 -0.0000000
7 5 6 4 -0.0000000
7 5 6 5 -0.0000000
7 5 6 6 0.0018901
7 5 7 0 -0.0033092
7 5 7 1 -0.0010374
7 5 7 2 0.0000000
7 5 7 3 -0.0001139
7 5 7 4 -0.0160215
7 5 7 5 0.0289074
7 5 7 6 -0.0000000
7 5 7 7 0.0189962
7 6 0 0 0.0000000
7 6 1 0 0.0000000
7 6 1 1 0.0000000
7 6 2 0 0.0055786
7 6 2 1 0.0117449
7 6 2 2 0.0000000
7 6 3 0 0.0000000
7 6 3 1 -0.0000000
7 6 3 2 -0.0117527
7 6 3 3 -0.0000000
7 6 4 0 0.0000000
7 6 4 1 0.0000000
7 6 4 2 0.0013585
7 6 4 3 -0.0000000
7 6 4 4 -0.0000000
7 6 5 0 0.0000000
7 6 5 1 -0.0000000
7 6 5 2 -0.0062730
7 6 5 3 -0.0000000
7 6 5 4 -0.0000000
7 6 5 5 -0.0000000
7 6 6 0 -0.0076412
7 6 6 1 -0.0051167
7 6 6 2 -0.0000000
7 6 6 3 0.0119392
7 6 6 4 0.0064270
7 6 6 5 0.0070789
7 6 6 6 0.0000000
7 6 7 0 -0.0000000
7 6 7 1 -0.0000000
7 6 7 2 -0.0158647
7 6 7 3 -0.0000000
7 6 7 4 0.0000000
7 6 7 5 -0.0000000
7 6 7 6 0.0193778
7 6 7 7 -0.0000000
7 7 0 0 0.5615296
7 7 1 0 -0.0063234
7 7 1 1 0.4371726
7 7 2 0 -0.0000000
7 7 2 1 -0.0000000
7 7 2 2 0.4047481
7 7 3 0 0.0084692
7 7 3 1 0.0414608
7 7 3 2 -0.0000000
7 7 3 3 0.4222946
7 7 4 0 0.0046647
7 7 4 1 -0.0490853
7 7 4 2 0.0000000
7 7 4 3 -0.0185507
7 7 4 4 0.4223015
7 7 5 0 0.0053660
7 7 5 1 -0.0198637
7 7 5 2 0.0000000
7 7 5 3 0.0062963
7 7 5 4 -0.0561652
7 7 5 5 0.4689993
7 7 6 0 0.0000000
7 7 6 1 -0.0000000
7 7 6 2 -0.0465130
7 7 6 3 -0.0000000
7 7 6 4 0.0000000
7 7 6 5 -0.0000000
7 7 6 6 0.4107499
7 7 7 0 -0.0059802
7 7 7 1 0.0020622
7 7 7 2 0.0000000
7 7 7 3 -0.0054170
7 7 7 4 0.0033735
7 7 7 5 0.0189962
7 7 7 6 -0.0000000
7 7 7 7 0.5146545
8 0 0 0 -0.0000000
8 0 1 0 0.0000000
8 0 1 1 0.0000000
8 0 2 0 0.0002501
8 0 2 1 0.0003083
8 0 2 2 -0.0000000
8 0 3 0 0.0000000
8 0 3 1 0.0000000
8 0 3 2 -0.0001875
8 0 3 3 -0.0000000
8 0 4 0 0.0000000
8 0 4 1 0.0000000
8 0 4 2 -0.0000605
8 0 4 3 -0.0000000
8 0 4 4 -0.0000000
8 0 5 0 -0.0000000
8 0 5 1 -0.0000000
8 0 5 2 -0.0003048
8 0 5 3 -0.0000000
8 0 5 4 -0.0000000
8 0 5 5 0.0000000
8 0 6 0 -0.0003376
8 0 6 1 -0.0002396
8 0 6 2 -0.0000000
8 0 6 3 0.0001976
8 0 6 4 0.0000165
8 0 6 5 0.0002046
8 0 6 6 -0.0000000
8 0 7 0 -0.0000000
8 0 7 1 -0.0000000
8 0 7 2 -0.0001312
8 0 7 3 -0.0000000
8 0 7 4 -0.0000000
8 0 7 5 0.0000000
8 0 7 6 0.0001551
8 0 7 7 0.0000000
8 0 8 0 0.0000107
8 0 8 1 -0.0000488
8 0 8 2 -0.0000000
8 0 8 3 -0.0000872
8 0 8 4 0.0001095
8 0 8 5 -0.0002025
8 0 8 6 -0.0000000
8 0 8 7 0.0000300
8 0 8 8 0.0000000
8 1 0 0 0.0000000
8 1 1 0 0.0000000
8 1 1 1 0.0000000
8 1 2 0 0.0021528
8 1 2 1 0.0332577
8 1 2 2 -0.0000000
8 1 3 0 0.0000000
8 1 3 1 0.0000000
8 1 3 2 -0.0098938
8 1 3 3 -0.0000000
8 1 4 0 0.0000000
8 1 4 1 0.0000000
8 1 4 2 0.0291620
8 1 4 3 0.0000000
8 1 4 4 -0.0000000
8 1 5 0 -0.0000000
8 1 5 1 0.0000000
8 1 5 2 0.0046786
8 1 5 3 -0.0000000
8 1 5 4 0.0000000
8 1 5 5 0.0000000
8 1 6 0 -0.0026605
8 1 6 1 0.0175550
8 1 6 2 0.0000000
8 1 6 3 -0.0006867
8 1 6 4 0.0337634
8 1 6 5 0.0245462
8 1 6 6 0.0000000
8 1 7 0 -0.0000000
8 1 7 1 -0.0000000
8 1 7 2 -0.0068914
8 1 7 3 -0.0000000
8 1 7 4 -0.0000000
8 1 7 5 -0.0000000
8 1 7 6 0.0010273
8 1 7 7 -0.0000000
8 1 8 0 -0.0000488
8 1 8 1 0.0275052
8 1 8 2 -0.0000000
8 1 8 3 0.0126836
8 1 8 4 -0.0086459
8 1 8 5 0.0259154
8 1 8 6 -0.0000000
8 1 8 7 0.0003891
8 1 8 8 -0.0000000
8 2 0 0 0.0339909
8 2 1 0 0.0001731
8 2 1 1 0.0169605
8 2 2 0 -0.0000000
8 2 2 1 -0.0000000
8 2 2 2 0.0293406
8 2 3 0 0.0003031
8 2 3 1 -0.0122909
8 2 3 2 0.0000000
8 2 3 3 0.0156788
8 2 4 0 0.0000911
8 2 4 1 0.0202805
8 2 4 2 -0.0000000
8 2 4 3 0.0136184
8 2 4 4 0.0064695
8 2 5 0 -0.0003439
8 2 5 1 -0.0169927
8 2 5 2 0.0000000
8 2 5 3 -0.0121070
8 2 5 4 0.0225453
8 2 5 5 0.0106090
8 2 6 0 0.0000000
8 2 6 1 0.0000000
8 2 6 2 -0.0028424
8 2 6 3 0.0000000
8 2 6 4 -0.0000000
8 2 6 5 0.0000000
8 2 6 6 0.0290244
8 2 7 0 0.0000045
8 2 7 1 -0.0024928
8 2 7 2 0.0000000
8 2 7 3 0.0033133
8 2 7 4 -0.0011814
8 2 7 5 -0.0012129
8 2 7 6 -0.0000000
8 2 7 7 -0.0199836
8 2 8 0 -0.0000000
8 2 8 1 -0.0000000
8 2 8 2 0.0202713
8 2 8 3 0.0000000
8 2 8 4 -0.0000000
8 2 8 5 -0.0000000
8 2 8 6 0.0166124
8 2 8 7 0.0000000
8 2 8 8 -0.0580265
8 3 0 0 0.0000000
8 3 1 0 0.0000000
8 3 1 1 0.0000000
8 3 2 0 0.0002133
8 3 2 1 0.0056110
8 3 2 2 0.0000000
8 3 3 0 0.0000000
8 3 3 1 -0.0000000
8 3 3 2 -0.0001556
8 3 3 3 0.0000000
8 3 4 0 0.0000000
8 3 4 1 0.0000000
8 3 4 2 0.0063701
8 3 4 3 0.0000000
8 3 4 4 -0.0000000
8 3 5 0 -0.0000000
8 3 5 1 -0.0000000
8 3 5 2 -0.0002505
8 3 5 3 -0.0000000
8 3 5 4 0.0000000
8 3 5 5 0.0000000
8 3 6 0 -0.0002314
8 3 6 1 0.0035384
8 3 6 2 -0.0000000
8 3 6 3 -0.0016184
8 3 6 4 0.0066161
8 3 6 5 0.0039827
8 3 6 6 0.0000000
8 3 7 0 -0.0000000
8 3 7 1 -0.0000000
8 3 7 2 -0.0011567
8 3 7 3 0.0000000
8 3 7 4 -0.0000000
8 3 7 5 -0.0000000
8 3 7 6 -0.0000361
8 3 7 7 -0.0000000
8 3 8 0 -0.0000872
8 3 8 1 0.0126836
8 3 8 2 0.0000000
8 3 8 3 0.0088703
8 3 8 4 -0.0105545
8 3 8 5 0.0142404
8 3 8 6 -0.0000000
8 3 8 7 -0.0010914
8 3 8 8 -0.0000000
8 4 0 0 0.0000000
8 4 1 0 -0.0000000
8 4 1 1 0.0000000
8 4 2 0 0.0003275
8 4 2 1 0.0099869
8 4 2 2 -0.0000000
8 4 3 0 0.0000000
8 4 3 1 0.0000000
8 4 3 2 -0.0030530
8 4 3 3 0.0000000
8 4 4 0 0.0000000
8 4 4 1 -0.0000000
8 4 4 2 0.0085375
8 4 4 3 0.0000000
8 4 4 4 -0.0000000
8 4 5 0 -0.0000000
8 4 5 1 0.0000000
8 4 5 2 0.0065851
8 4 5 3 0.0000000
8 4 5 4 -0.0000000
8 4 5 5 0.0000000
8 4 6 0 -0.0005185
8 4 6 1 0.0076659
8 4 6 2 -0.0000000
8 4 6 3 0.0002456
8 4 6 4 0.0103592
8 4 6 5 0.0100708
8 4 6 6 0.0000000
8 4 7 0 -0.0000000
8 4 7 1 0.0000000
8 4 7 2 -0.0013646
8 4 7 3 -0.0000000
8 4 7 4 -0.0000000
8 4 7 5 0.0000000
8 4 7 6 0.0011205
8 4 7 7 0.0000000
8 4 8 0 0.0001095
8 4 8 1 -0.0086459
8 4 8 2 -0.0000000
8 4 8 3 -0.0105545
8 4 8 4 0.0193579
8 4 8 5 -0.0129443
8 4 8 6 0.0000000
8 4 8 7 -0.0013292
8 4 8 8 0.0000000
8 5 0 0 0.0000000
8 5 1 0 0.0000000
8 5 1 1 0.0000000
8 5 2 0 0.0004885
8 5 2 1 0.0210133
8 5 2 2 -0.0000000
8 5 3 0 0.0000000
8 5 3 1 0.0000000
8 5 3 2 -0.0069400
8 5 3 3 -0.0000000
8 5 4 0 0.0000000
8 5 4 1 0.0000000
8 5 4 2 0.0248698
8 5 4 3 0.0000000
8 5 4 4 -0.0000000
8 5 5 0 -0.0000000
8 5 5 1 0.0000000
8 5 5 2 0.0081818
8 5 5 3 0.0000000
8 5 5 4 0.0000000
8 5 5 5 0.0000000
8 5 6 0 -0.0006571
8 5 6 1 0.0175022
8 5 6 2 0.0000000
8 5 6 3 -0.0025187
8 5 6 4 0.0295808
8 5 6 5 0.0180780
8 5 6 6 0.0000000
8 5 7 0 0.0000000
8 5 7 1 -0.0000000
8 5 7 2 -0.0041449
8 5 7 3 -0.0000000
8 5 7 4 -0.0000000
8 5 7 5 -0.0000000
8 5 7 6 -0.0013004
8 5 7 7 -0.0000000
8 5 8 0 -0.0002025
8 5 8 1 0.0259154
8 5 8 2 -0.0000000
8 5 8 3 0.0142404
8 5 8 4 -0.0129443
8 5 8 5 0.0300321
8 5 8 6 -0.0000000
8 5 8 7 0.0006166
8 5 8 8 -0.0000000
8 6 0 0 0.0007845
8 6 1 0 0.0001940
8 6 1 1 0.0049579
8 6 2 0 0.0000000
8 6 2 1 0.0000000
8 6 2 2 0.0134990
8 6 3 0 -0.0003110
8 6 3 1 -0.0098542
8 6 3 2 0.0000000
8 6 3 3 -0.0008841
8 6 4 0 -0.0002443
8 6 4 1 0.0206403
8 6 4 2 -0.0000000
8 6 4 3 0.0069777
8 6 4 4 0.0035077
8 6 5 0 -0.0001452
8 6 5 1 -0.0032021
8 6 5 2 0.0000000
8 6 5 3 -0.0077812
8 6 5 4 0.0223591
8 6 5 5 -0.0024585
8 6 6 0 -0.0000000
8 6 6 1 0.0000000
8 6 6 2 0.0102287
8 6 6 3 0.0000000
8 6 6 4 -0.0000000
8 6 6 5 0.0000000
8 6 6 6 0.0177686
8 6 7 0 0.0001251
8 6 7 1 -0.0024323
8 6 7 2 -0.0000000
8 6 7 3 0.0019090
8 6 7 4 -0.0001388
8 6 7 5 -0.0033360
8 6 7 6 0.0000000
8 6 7 7 -0.0254779
8 6 8 0 -0.0000000
8 6 8 1 -0.0000000
8 6 8 2 0.0166124
8 6 8 3 -0.0000000
8 6 8 4 0.0000000
8 6 8 5 -0.0000000
8 6 8 6 0.0162427
8 6 8 7 -0.0000000
8 6 8 8 -0.0448816
8 7 0 0 -0.0000000
8 7 1 0 -0.0000000
8 7 1 1 -0.0000000
8 7 2 0 -0.0002741
8 7 2 1 -0.0030318
8 7 2 2 0.0000000
8 7 3 0 -0.0000000
8 7 3 1 -0.0000000
8 7 3 2 0.0016183
8 7 3 3 0.0000000
8 7 4 0 -0.0000000
8 7 4 1 0.0000000
8 7 4 2 -0.0018459
8 7 4 3 -0.0000000
8 7 4 4 0.0000000
8 7 5 0 0.0000000
8 7 5 1 -0.0000000
8 7 5 2 -0.0009822
8 7 5 3 -0.0000000
8 7 5 4 0.0000000
8 7 5 5 -0.0000000
8 7 6 0 0.0003211
8 7 6 1 -0.0022254
8 7 6 2 0.0000000
8 7 6 3 -0.0000341
8 7 6 4 -0.0022974
8 7 6 5 -0.0029171
8 7 6 6 -0.0000000
8 7 7 0 0.0000000
8 7 7 1 -0.0000000
8 7 7 2 -0.0035456
8 7 7 3 -0.0000000
8 7 7 4 0.0000000
8 7 7 5 -0.0000000
8 7 7 6 -0.0040654
8 7 7 7 -0.0000000
8 7 8 0 0.0000300
8 7 8 1 0.0003891
8 7 8 2 0.0000000
8 7 8 3 -0.0010914
8 7 8 4 -0.0013292
8 7 8 5 0.0006166
8 7 8 6 -0.0000000
8 7 8 7 0.0210482
8 7 8 8 0.0000000
8 8 0 0 0.3245187
8 8 1 0 0.0031512
8 8 1 1 0.4467925
8 8 2 0 -0.0000000
8 8 2 1 -0.0000000
8 8 2 2 0.3514402
8 8 3 0 0.0039071
8 8 3 1 0.0737603
8 8 3 2 -0.0000000
8 8 3 3 0.3333120
8 8 4 0 0.0017034
8 8 4 1 -0.0691362
8 8 4 2 0.0000000
8 8 4 3 -0.0967875
8 8 4 4 0.4570371
8 8 5 0 -0.0066693
8 8 5 1 0.0640845
8 8 5 2 -0.0000000
8 8 5 3 0.0628486
8 8 5 4 -0.0728367
8 8 5 5 0.4477500
8 8 6 0 0.0000000
8 8 6 1 -0.0000000
8 8 6 2 0.0511349
8 8 6 3 -0.0000000
8 8 6 4 0.0000000
8 8 6 5 -0.0000000
8 8 6 6 0.3556837
8 8 7 0 0.0013993
8 8 7 1 0.0012450
8 8 7 2 0.0000000
8 8 7 3 -0.0301863
8 8 7 4 -0.0031789
8 8 7 5 0.0108090
8 8 7 6 -0.0000000
8 8 7 7 0.4670423
8 8 8 0 0.0000000
8 8 8 1 -0.0000000
8 8 8 2 -0.0580265
8 8 8 3 -0.0000000
8 8 8 4 0.0000000
8 8 8 5 -0.0000000
8 8 8 6 -0.0448816
8 8 8 7 0.0000000
8 8 8 8 0.6728328
9 0 0 0 -0.0028042
9 0 1 0 0.0000957
9 0 1 1 -0.0003474
9 0 2 0 0.0000000
9 0 2 1 -0.0000000
9 0 2 2 -0.0003907
9 0 3 0 -0.0001169
9 0 3 1 0.0001835
9 0 3 2 0.0000000
9 0 3 3 -0.0005007
9 0 4 0 -0.0000727
9 0 4 1 -0.0000419
9 0 4 2 -0.0000000
9 0 4 3 -0.0002947
9 0 4 4 -0.0000636
9 0 5 0 -0.0001152
9 0 5 1 0.0004593
9 0 5 2 -0.0000000
9 0 5 3 0.0001064
9 0 5 4 -0.0001694
9 0 5 5 -0.0004592
9 0 6 0 -0.0000000
9 0 6 1 0.0000000
9 0 6 2 0.0003014
9 0 6 3 -0.0000000
9 0 6 4 0.0000000
9 0 6 5 -0.0000000
9 0 6 6 -0.0004042
9 0 7 0 -0.0001227
9 0 7 1 -0.0000086
9 0 7 2 -0.0000000
9 0 7 3 -0.0000028
9 0 7 4 0.0000052
9 0 7 5 0.0000354
9 0 7 6 -0.0000000
9 0 7 7 0.0000326
9 0 8 0 0.0000000
9 0 8 1 -0.0000000
9 0 8 2 -0.0001417
9 0 8 3 -0.0000000
9 0 8 4 0.0000000
9 0 8 5 -0.0000000
9 0 8 6 -0.0000865
9 0 8 7 -0.0000000
9 0 8 8 0.0004255
9 0 9 0 0.0000059
9 0 9 1 -0.0000208
9 0 9 2 0.0000000
9 0 9 3 -0.0000806
9 0 9 4 0.0001715
9 0 9 5 -0.0000915
9 0 9 6 0.0000000
9 0 9 7 0.0000183
9 0 9 8 0.0000000
9 0 9 9 0.0027296
9 1 0 0 -0.0047613
9 1 1 0 -0.0000883
9 1 1 1 -0.0024687
9 1 2 0 -0.0000000
9 1 2 1 -0.0000000
9 1 2 2 -0.0040894
9 1 3 0 0.0000153
9 1 3 1 0.0023898
9 1 3 2 -0.0000000
9 1 3 3 -0.0020744
9 1 4 0 0.0000143
9 1 4 1 -0.0033545
9 1 4 2 0.0000000
9 1 4 3 -0.0027447
9 1 4 4 0.0002855
9 1 5 0 0.0001196
9 1 5 1 0.0029332
9 1 5 2 -0.0000000
9 1 5 3 0.0017828
9 1 5 4 -0.0039788
9 1 5 5 -0.0015817
9 1 6 0 0.0000000
9 1 6 1 -0.0000000
9 1 6 2 -0.0000297
9 1 6 3 -0.0000000
9 1 6 4 0.0000000
9 1 6 5 -0.0000000
9 1 6 6 -0.0041547
9 1 7 0 -0.0000746
9 1 7 1 0.0003709
9 1 7 2 -0.0000000
9 1 7 3 0.0001269
9 1 7 4 -0.0002640
9 1 7 5 0.0006332
9 1 7 6 -0.0000000
9 1 7 7 0.0008092
9 1 8 0 0.0000000
9 1 8 1 -0.0000000
9 1 8 2 -0.0016946
9 1 8 3 -0.0000000
9 1 8 4 0.0000000
9 1 8 5 -0.0000000
9 1 8 6 -0.0014804
9 1 8 7 0.0000000
9 1 8 8 0.0028831
9 1 9 0 -0.0000208
9 1 9 1 0.0032579
9 1 9 2 -0.0000000
9 1 9 3 0.0032648
9 1 9 4 -0.0060865
9 1 9 5 0.0049455
9 1 9 6 -0.0000000
9 1 9 7 0.0006948
9 1 9 8 -0.0000000
9 1 9 9 -0.0214372
9 2 0 0 0.0000000
9 2 1 0 -0.0000000
9 2 1 1 -0.0000000
9 2 2 0 -0.0001433
9 2 2 1 -0.0020060
9 2 2 2 0.0000000
9 2 3 0 -0.0000000
9 2 3 1 -0.0000000
9 2 3 2 0.0008120
9 2 3 3 0.0000000
9 2 4 0 -0.0000000
9 2 4 1 0.0000000
9 2 4 2 -0.0020723
9 2 4 3 0.0000000
9 2 4 4 0.0000000
9 2 5 0 0.0000000
9 2 5 1 -0.0000000
9 2 5 2 -0.0001443
9 2 5 3 -0.0000000
9 2 5 4 0.0000000
9 2 5 5 -0.0000000
9 2 6 0 0.0001733
9 2 6 1 -0.0009881
9 2 6 2 -0.0000000
9 2 6 3 0.0001662
9 2 6 4 -0.0023404
9 2 6 5 -0.0013805
9 2 6 6 -0.0000000
9 2 7 0 -0.0000000
9 2 7 1 -0.0000000
9 2 7 2 0.0003502
9 2 7 3 0.0000000
9 2 7 4 0.0000000
9 2 7 5 -0.0000000
9 2 7 6 -0.0000025
9 2 7 7 -0.0000000
9 2 8 0 0.0000020
9 2 8 1 -0.0018138
9 2 8 2 0.0000000
9 2 8 3 -0.0010644
9 2 8 4 0.0012842
9 2 8 5 -0.0018777
9 2 8 6 0.0000000
9 2 8 7 0.0000201
9 2 8 8 -0.0000000
9 2 9 0 0.0000000
9 2 9 1 -0.0000000
9 2 9 2 0.0013080
9 2 9 3 -0.0000000
9 2 9 4 0.0000000
9 2 9 5 -0.0000000
9 2 9 6 0.0012655
9 2 9 7 0.0000000
9 2 9 8 -0.0040920
9 2 9 9 0.0000000
9 3 0 0 0.0001822
9 3 1 0 0.0000557
9 3 1 1 0.0007343
9 3 2 0 -0.0000000
9 3 2 1 -0.0000000
9 3 2 2 -0.0002062
9 3 3 0 -0.0000480
9 3 3 1 0.0002763
9 3 3 2 -0.0000000
9 3 3 3 0.0006298
9 3 4 0 -0.0000336
9 3 4 1 -0.0009968
9 3 4 2 -0.0000000
9 3 4 3 -0.0006035
9 3 4 4 0.0010115
9 3 5 0 -0.0000517
9 3 5 1 0.0000298
9 3 5 2 -0.0000000
9 3 5 3 0.0005645
9 3 5 4 -0.0005250
9 3 5 5 0.0003004
9 3 6 0 0.0000000
9 3 6 1 -0.0000000
9 3 6 2 -0.0003100
9 3 6 3 -0.0000000
9 3 6 4 -0.0000000
9 3 6 5 -0.0000000
9 3 6 6 -0.0003169
9 3 7 0 0.0000526
9 3 7 1 -0.0000926
9 3 7 2 0.0000000
9 3 7 3 -0.0000050
9 3 7 4 0.0000679
9 3 7 5 -0.0002792
9 3 7 6 0.0000000
9 3 7 7 -0.0022695
9 3 8 0 -0.0000000
9 3 8 1 -0.0000000
9 3 8 2 0.0008044
9 3 8 3 -0.0000000
9 3 8 4 0.0000000
9 3 8 5 -0.0000000
9 3 8 6 0.0006676
9 3 8 7 0.0000000
9 3 8 8 -0.0030881
9 3 9 0 -0.0000806
9 3 9 1 0.0032648
9 3 9 2 -0.0000000
9 3 9 3 0.0045689
9 3 9 4 -0.0088248
9 3 9 5 0.0060404
9 3 9 6 -0.0000000
9 3 9 7 -0.0006068
9 3 9 8 -0.0000000
9 3 9 9 -0.0690356
9 4 0 0 -0.0015651
9 4 1 0 -0.0000027
9 4 1 1 -0.0018553
9 4 2 0 0.0000000
9 4 2 1 0.0000000
9 4 2 2 -0.0012149
9 4 3 0 -0.0000811
9 4 3 1 -0.0004076
9 4 3 2 -0.0000000
9 4 3 3 -0.0010870
9 4 4 0 -0.0000118
9 4 4 1 -0.0001809
9 4 4 2 0.0000000
9 4 4 3 0.0003573
9 4 4 4 -0.0018385
9 4 5 0 0.0000292
9 4 5 1 0.0004238
9 4 5 2 0.0000000
9 4 5 3 0.0005270
9 4 5 4 -0.0008746
9 4 5 5 -0.0007333
9 4 6 0 -0.0000000
9 4 6 1 0.0000000
9 4 6 2 0.0001733
9 4 6 3 0.0000000
9 4 6 4 0.0000000
9 4 6 5 0.0000000
9 4 6 6 -0.0014223
9 4 7 0 0.0000431
9 4 7 1 0.0002820
9 4 7 2 0.0000000
9 4 7 3 -0.0008975
9 4 7 4 0.0004481
9 4 7 5 -0.0000471
9 4 7 6 0.0000000
9 4 7 7 0.0056800
9 4 8 0 0.0000000
9 4 8 1 -0.0000000
9 4 8 2 -0.0029002
9 4 8 3 -0.0000000
9 4 8 4 0.0000000
9 4 8 5 0.0000000
9 4 8 6 -0.0025822
9 4 8 7 -0.0000000
9 4 8 8 0.0085337
9 4 9 0 0.0001715
9 4 9 1 -0.0060865
9 4 9 2 0.0000000
9 4 9 3 -0.0088248
9 4 9 4 0.0177330
9 4 9 5 -0.0117230
9 4 9 6 0.0000000
9 4 9 7 -0.0005952
9 4 9 8 0.0000000
9 4 9 9 0.1574008
9 5 0 0 0.0029148
9 5 1 0 0.0001029
9 5 1 1 0.0028946
9 5 2 0 -0.0000000
9 5 2 1 -0.0000000
9 5 2 2 0.0000209
9 5 3 0 0.0001029
9 5 3 1 0.0017619
9 5 3 2 -0.0000000
9 5 3 3 0.0024721
9 5 4 0 0.0000288
9 5 4 1 -0.0034639
9 5 4 2 0.0000000
9 5 4 3 -0.0015482
9 5 4 4 0.0026459
9 5 5 0 -0.0001777
9 5 5 1 -0.0006270
9 5 5 2 -0.0000000
9 5 5 3 0.0010405
9 5 5 4 -0.0027921
9 5 5 5 0.0028681
9 5 6 0 0.0000000
9 5 6 1 -0.0000000
9 5 6 2 -0.0017467
9 5 6 3 -0.0000000
9 5 6 4 0.0000000
9 5 6 5 -0.0000000
9 5 6 6 -0.0006241
9 5 7 0 0.0000469
9 5 7 1 0.0002851
9 5 7 2 -0.0000000
9 5 7 3 0.0002319
9 5 7 4 -0.0004479
9 5 7 5 0.0004141
9 5 7 6 -0.0000000
9 5 7 7 -0.0001987
9 5 8 0 0.0000000
9 5 8 1 -0.0000000
9 5 8 2 0.0004010
9 5 8 3 -0.0000000
9 5 8 4 0.0000000
9 5 8 5 -0.0000000
9 5 8 6 -0.0000476
9 5 8 7 0.0000000
9 5 8 8 -0.0020870
9 5 9 0 -0.0000915
9 5 9 1 0.0049455
9 5 9 2 -0.0000000
9 5 9 3 0.0060404
9 5 9 4 -0.0117230
9 5 9 5 0.0086347
9 5 9 6 -0.0000000
9 5 9 7 0.0008202
9 5 9 8 -0.0000000
9 5 9 9 -0.0755687
9 6 0 0 -0.0000000
9 6 1 0 -0.0000000
9 6 1 1 -0.0000000
9 6 2 0 -0.0000748
9 6 2 1 -0.0020472
9 6 2 2 0.0000000
9 6 3 0 -0.0000000
9 6 3 1 -0.0000000
9 6 3 2 0.0008190
9 6 3 3 -0.0000000
9 6 4 0 -0.0000000
9 6 4 1 0.0000000
9 6 4 2 -0.0024551
9 6 4 3 -0.0000000
9 6 4 4 0.0000000
9 6 5 0 0.0000000
9 6 5 1 -0.0000000
9 6 5 2 -0.0006323
9 6 5 3 -0.0000000
9 6 5 4 0.0000000
9 6 5 5 -0.0000000
9 6 6 0 0.0000956
9 6 6 1 -0.0015221
9 6 6 2 0.0000000
9 6 6 3 0.0002574
9 6 6 4 -0.0028933
9 6 6 5 -0.0016488
9 6 6 6 -0.0000000
9 6 7 0 0.0000000
9 6 7 1 0.0000000
9 6 7 2 0.0004342
9 6 7 3 -0.0000000
9 6 7 4 0.0000000
9 6 7 5 -0.0000000
9 6 7 6 -0.0000246
9 6 7 7 0.0000000
9 6 8 0 0.0000114
9 6 8 1 -0.0020497
9 6 8 2 -0.0000000
9 6 8 3 -0.0011745
9 6 8 4 0.0012556
9 6 8 5 -0.0023308
9 6 8 6 -0.0000000
9 6 8 7 0.0001152
9 6 8 8 0.0000000
9 6 9 0 0.0000000
9 6 9 1 -0.0000000
9 6 9 2 0.0012655
9 6 9 3 -0.0000000
9 6 9 4 0.0000000
9 6 9 5 -0.0000000
9 6 9 6 0.0012492
9 6 9 7 -0.0000000
9 6 9 8 -0.0038335
9 6 9 9 0.0000000
9 7 0 0 -0.0009793
9 7 1 0 0.0000845
9 7 1 1 0.0008373
9 7 2 0 -0.0000000
9 7 2 1 -0.0000000
9 7 2 2 0.0001894
9 7 3 0 -0.0000347
9 7 3 1 -0.0003157
9 7 3 2 0.0000000
9 7 3 3 -0.0003314
9 7 4 0 -0.0000317
9 7 4 1 0.0001258
9 7 4 2 -0.0000000
9 7 4 3 0.0000367
9 7 4 4 0.0002779
9 7 5 0 -0.0000884
9 7 5 1 0.0003643
9 7 5 2 -0.0000000
9 7 5 3 0.0000979
9 7 5 4 0.0004566
9 7 5 5 0.0002221
9 7 6 0 -0.0000000
9 7 6 1 0.0000000
9 7 6 2 0.0007354
9 7 6 3 0.0000000
9 7 6 4 0.0000000
9 7 6 5 0.0000000
9 7 6 6 0.0003066
9 7 7 0 0.0000534
9 7 7 1 0.0009923
9 7 7 2 -0.0000000
9 7 7 3 0.0008175
9 7 7 4 -0.0019871
9 7 7 5 0.0011445
9 7 7 6 -0.0000000
9 7 7 7 -0.0001770
9 7 8 0 -0.0000000
9 7 8 1 0.0000000
9 7 8 2 0.0002476
9 7 8 3 0.0000000
9 7 8 4 -0.0000000
9 7 8 5 0.0000000
9 7 8 6 0.0003960
9 7 8 7 0.0000000
9 7 8 8 0.0000623
9 7 9 0 0.0000183
9 7 9 1 0.0006948
9 7 9 2 0.0000000
9 7 9 3 -0.0006068
9 7 9 4 -0.0005952
9 7 9 5 0.0008202
9 7 9 6 -0.0000000
9 7 9 7 0.0091562
9 7 9 8 0.0000000
9 7 9 9 -0.0149381
9 8 0 0 -0.0000000
9 8 1 0 -0.0000000
9 8 1 1 -0.0000000
9 8 2 0 -0.0001104
9 8 2 1 -0.0031663
9 8 2 2 0.0000000
9 8 3 0 -0.0000000
9 8 3 1 -0.0000000
9 8 3 2 0.0003293
9 8 3 3 0.0000000
9 8 4 0 -0.0000000
9 8 4 1 0.0000000
9 8 4 2 -0.0016994
9 8 4 3 -0.0000000
9 8 4 4 0.0000000
9 8 5 0 0.0000000
9 8 5 1 -0.0000000
9 8 5 2 -0.0017783
9 8 5 3 -0.0000000
9 8 5 4 0.0000000
9 8 5 5 -0.0000000
9 8 6 0 0.0001527
9 8 6 1 -0.0025247
9 8 6 2 0.0000000
9 8 6 3 -0.0003937
9 8 6 4 -0.0023646
9 8 6 5 -0.0032291
9 8 6 6 -0.0000000
9 8 7 0 0.0000000
9 8 7 1 0.0000000
9 8 7 2 0.0004598
9 8 7 3 0.0000000
9 8 7 4 0.0000000
9 8 7 5 0.0000000
9 8 7 6 -0.0000510
9 8 7 7 -0.0000000
9 8 8 0 0.0000159
9 8 8 1 0.0002915
9 8 8 2 -0.0000000
9 8 8 3 0.0015686
9 8 8 4 -0.0043570
9 8 8 5 0.0007340
9 8 8 6 -0.0000000
9 8 8 7 0.0004312
9 8 8 8 -0.0000000
9 8 9 0 0.0000000
9 8 9 1 -0.0000000
9 8 9 2 -0.0040920
9 8 9 3 -0.0000000
9 8 9 4 0.0000000
9 8 9 5 -0.0000000
9 8 9 6 -0.0038335
9 8 9 7 0.0000000
9 8 9 8 0.0145315
9 8 9 9 -0.0000000
9 9 0 0 0.3431397
9 9 1 0 0.0038336
9 9 1 1 0.5153807
9 9 2 0 -0.0000000
9 9 2 1 -0.0000000
9 9 2 2 0.3688321
9 9 3 0 0.0045422
9 9 3 1 0.1231736
9 9 3 2 -0.0000000
9 9 3 3 0.3896748
9 9 4 0 0.0024486
9 9 4 1 -0.1536619
9 9 4 2 0.0000000
9 9 4 3 -0.1721243
9 9 4 4 0.5897220
9 9 5 0 -0.0081563
9 9 5 1 0.1102721
9 9 5 2 -0.0000000
9 9 5 3 0.1178385
9 9 5 4 -0.1767336
9 9 5 5 0.5425063
9 9 6 0 0.0000000
9 9 6 1 -0.0000000
9 9 6 2 0.0551419
9 9 6 3 -0.0000000
9 9 6 4 0.0000000
9 9 6 5 -0.0000000
9 9 6 6 0.3667374
9 9 7 0 0.0020273
9 9 7 1 0.0081690
9 9 7 2 0.0000000
9 9 7 3 -0.0471161
9 9 7 4 0.0018054
9 9 7 5 0.0167160
9 9 7 6 -0.0000000
9 9 7 7 0.6182418
9 9 8 0 0.0000000
9 9 8 1 -0.0000000
9 9 8 2 -0.1055735
9 9 8 3 -0.0000000
9 9 8 4 0.0000000
9 9 8 5 -0.0000000
9 9 8 6 -0.0935914
9 9 8 7 0.0000000
9 9 8 8 0.8416887
9 9 9 0 0.0027296
9 9 9 1 -0.0214372
9 9 9 2 0.0000000
9 9 9 3 -0.0690356
9 9 9 4 0.1574008
9 9 9 5 -0.0755687
9 9 9 6 0.0000000
9 9 9 7 -0.0149381
9 9 9 8 -0.0000000
9 9 9 9 3.4993859
10 0 0 0 0.0250952
10 0 1 0 -0.0009669
10 0 1 1 0.0025636
10 0 2 0 -0.0000000
10 0 2 1 0.0000000
10 0 2 2 0.0012961
10 0 3 0 0.0009663
10 0 3 1 -0.0015596
10 0 3 2 -0.0000000
10 0 3 3 0.0025706
10 0 4 0 0.0006947
10 0 4 1 -0.0006156
10 0 4 2 -0.0000000
10 0 4 3 0.0011348
10 0 4 4 0.0010209
10 0 5 0 0.0014583
10 0 5 1 -0.0022171
10 0 5 2 -0.0000000
10 0 5 3 0.0011209
10 0 5 4 0.0010244
10 0 5 5 0.0026171
10 0 6 0 0.0000000
10 0 6 1 -0.0000000
10 0 6 2 -0.0004536
10 0 6 3 0.0000000
10 0 6 4 -0.0000000
10 0 6 5 0.0000000
10 0 6 6 0.0010628
10 0 7 0 0.0027165
10 0 7 1 0.0003906
10 0 7 2 0.0000000
10 0 7 3 -0.0005243
10 0 7 4 -0.0003601
10 0 7 5 -0.0007755
10 0 7 6 -0.0000000
10 0 7 7 -0.0012111
10 0 8 0 -0.0000000
10 0 8 1 0.0000000
10 0 8 2 0.0003444
10 0 8 3 0.0000000
10 0 8 4 -0.0000000
10 0 8 5 0.0000000
10 0 8 6 0.0002043
10 0 8 7 0.0000000
10 0 8 8 -0.0006581
10 0 9 0 -0.0000359
10 0 9 1 -0.0000587
10 0 9 2 0.0000000
10 0 9 3 0.0000176
10 0 9 4 -0.0000166
10 0 9 5 0.0000225
10 0 9 6 -0.0000000
10 0 9 7 0.0000114
10 0 9 8 0.0000000
10 0 9 9 -0.0008063
10 0 10 0 0.0006749
10 0 10 1 0.0005180
10 0 10 2 -0.0000000
10 0 10 3 -0.0001101
10 0 10 4 -0.0001736
10 0 10 5 -0.0000814
10 0 10 6 -0.0000000
10 0 10 7 0.0000138
10 0 10 8 0.0000000
10 0 10 9 -0.0000062
10 0 10 10 -0.0010806
10 1 0 0 0.0336682
10 1 1 0 0.0009455
10 1 1 1 0.0328418
10 1 2 0 -0.0000000
10 1 2 1 0.0000000
10 1 2 2 0.0255527
10 1 3 0 -0.0006742
10 1 3 1 -0.0053593
10 1 3 2 0.0000000
10 1 3 3 0.0265403
10 1 4 0 -0.0003947
10 1 4 1 0.0014926
10 1 4 2 -0.0000000
10 1 4 3 0.0031775
10 1 4 4 0.0246942
10 1 5 0 -0.0010140
10 1 5 1 -0.0114503
10 1 5 2 0.0000000
10 1 5 3 0.0000664
10 1 5 4 0.0080631
10 1 5 5 0.0248585
10 1 6 0 0.0000000
10 1 6 1 0.0000000
10 1 6 2 -0.0005838
10 1 6 3 0.0000000
10 1 6 4 -0.0000000
10 1 6 5 0.0000000
10 1 6 6 0.0256986
10 1 7 0 0.0009258
10 1 7 1 -0.0010238
10 1 7 2 0.0000000
10 1 7 3 -0.0005103
10 1 7 4 0.0007550
10 1 7 5 -0.0053443
10 1 7 6 0.0000000
10 1 7 7 -0.0017782
10 1 8 0 -0.0000000
10 1 8 1 0.0000000
10 1 8 2 0.0112352
10 1 8 3 0.0000000
10 1 8 4 -0.0000000
10 1 8 5 0.0000000
10 1 8 6 0.0097477
10 1 8 7 -0.0000000
10 1 8 8 -0.0110899
10 1 9 0 -0.0001165
10 1 9 1 -0.0009139
10 1 9 2 0.0000000
10 1 9 3 0.0015064
10 1 9 4 -0.0039784
10 1 9 5 0.0016575
10 1 9 6 -0.0000000
10 1 9 7 0.0003031
10 1 9 8 -0.0000000
10 1 9 9 -0.0405985
10 1 10 0 0.0005180
10 1 10 1 0.0224217
10 1 10 2 -0.0000000
10 1 10 3 0.0103171
10 1 10 4 -0.0136194
10 1 10 5 0.0191223
10 1 10 6 -0.0000000
10 1 10 7 0.0011387
10 1 10 8 -0.0000000
10 1 10 9 -0.0000922
10 1 10 10 -0.0538203
10 2 0 0 -0.0000000
10 2 1 0 0.0000000
10 2 1 1 -0.0000000
10 2 2 0 -0.0007391
10 2 2 1 -0.0001394
10 2 2 2 -0.0000000
10 2 3 0 -0.0000000
10 2 3 1 0.0000000
10 2 3 2 0.0009115
10 2 3 3 -0.0000000
10 2 4 0 -0.0000000
10 2 4 1 -0.0000000
10 2 4 2 0.0004423
10 2 4 3 0.0000000
10 2 4 4 -0.0000000
10 2 5 0 -0.0000000
10 2 5 1 0.0000000
10 2 5 2 0.0015563
10 2 5 3 0.0000000
10 2 5 4 -0.0000000
10 2 5 5 -0.0000000
10 2 6 0 0.0010253
10 2 6 1 0.0015230
10 2 6 2 0.0000000
10 2 6 3 -0.0018389
10 2 6 4 0.0003461
10 2 6 5 0.0001569
10 2 6 6 -0.0000000
10 2 7 0 0.0000000
10 2 7 1 0.0000000
10 2 7 2 0.0035580
10 2 7 3 -0.0000000
10 2 7 4 -0.0000000
10 2 7 5 0.0000000
10 2 7 6 -0.0032598
10 2 7 7 -0.0000000
10 2 8 0 0.0000835
10 2 8 1 -0.0004593
10 2 8 2 -0.0000000
10 2 8 3 -0.0022054
10 2 8 4 0.0044958
10 2 8 5 -0.0031923
10 2 8 6 -0.0000000
10 2 8 7 -0.0006331
10 2 8 8 0.0000000
10 2 9 0 0.0000000
10 2 9 1 0.0000000
10 2 9 2 0.0004358
10 2 9 3 -0.0000000
10 2 9 4 0.0000000
10 2 9 5 -0.0000000
10 2 9 6 0.0005679
10 2 9 7 -0.0000000
10 2 9 8 -0.0008715
10 2 9 9 0.0000000
10 2 10 0 -0.0000000
10 2 10 1 -0.0000000
10 2 10 2 0.0067315
10 2 10 3 -0.0000000
10 2 10 4 0.0000000
10 2 10 5 -0.0000000
10 2 10 6 0.0043109
10 2 10 7 0.0000000
10 2 10 8 -0.0225769
10 2 10 9 -0.0000000
10 2 10 10 0.0000000
10 3 0 0 0.0087657
10 3 1 0 -0.0007300
10 3 1 1 0.0092709
10 3 2 0 -0.0000000
10 3 2 1 -0.0000000
10 3 2 2 0.0076306
10 3 3 0 -0.0001863
10 3 3 1 0.0037057
10 3 3 2 -0.0000000
10 3 3 3 0.0103949
10 3 4 0 -0.0000074
10 3 4 1 -0.0023164
10 3 4 2 0.0000000
10 3 4 3 -0.0023931
10 3 4 4 0.0131355
10 3 5 0 0.0012591
10 3 5 1 0.0020530
10 3 5 2 0.0000000
10 3 5 3 -0.0008340
10 3 5 4 -0.0038343
10 3 5 5 0.0073685
10 3 6 0 0.0000000
10 3 6 1 -0.0000000
10 3 6 2 -0.0015081
10 3 6 3 -0.0000000
10 3 6 4 0.0000000
10 3 6 5 -0.0000000
10 3 6 6 0.0089824
10 3 7 0 -0.0004828
10 3 7 1 -0.0015358
10 3 7 2 0.0000000
10 3 7 3 0.0022572
10 3 7 4 0.0056486
10 3 7 5 -0.0037779
10 3 7 6 0.0000000
10 3 7 7 0.0075317
10 3 8 0 0.0000000
10 3 8 1 0.0000000
10 3 8 2 0.0020736
10 3 8 3 -0.0000000
10 3 8 4 0.0000000
10 3 8 5 -0.0000000
10 3 8 6 0.0021600
10 3 8 7 -0.0000000
10 3 8 8 0.0055110
10 3 9 0 -0.0000250
10 3 9 1 0.0002711
10 3 9 2 -0.0000000
10 3 9 3 0.0011195
10 3 9 4 -0.0025700
10 3 9 5 0.0014057
10 3 9 6 -0.0000000
10 3 9 7 -0.0001907
10 3 9 8 -0.0000000
10 3 9 9 -0.0055079
10 3 10 0 -0.0001101
10 3 10 1 0.0103171
10 3 10 2 -0.0000000
10 3 10 3 0.0092079
10 3 10 4 -0.0102744
10 3 10 5 0.0114384
10 3 10 6 -0.0000000
10 3 10 7 -0.0099412
10 3 10 8 -0.0000000
10 3 10 9 0.0012855
10 3 10 10 -0.0141404
10 4 0 0 -0.0141469
10 4 1 0 -0.0009875
10 4 1 1 -0.0253483
10 4 2 0 -0.0000000
10 4 2 1 0.0000000
10 4 2 2 -0.0106941
10 4 3 0 -0.0003238
10 4 3 1 -0.0060368
10 4 3 2 0.0000000
10 4 3 3 -0.0153249
10 4 4 0 -0.0001148
10 4 4 1 0.0118840
10 4 4 2 -0.0000000
10 4 4 3 0.0094807
10 4 4 4 -0.0232823
10 4 5 0 0.0016515
10 4 5 1 0.0015306
10 4 5 2 0.0000000
10 4 5 3 -0.0070633
10 4 5 4 0.0082353
10 4 5 5 -0.0219239
10 4 6 0 0.0000000
10 4 6 1 0.0000000
10 4 6 2 0.0005577
10 4 6 3 0.0000000
10 4 6 4 -0.0000000
10 4 6 5 0.0000000
10 4 6 6 -0.0083594
10 4 7 0 -0.0006738
10 4 7 1 0.0016148
10 4 7 2 -0.0000000
10 4 7 3 0.0061570
10 4 7 4 -0.0033994
10 4 7 5 0.0019576
10 4 7 6 -0.0000000
10 4 7 7 -0.0180785
10 4 8 0 -0.0000000
10 4 8 1 -0.0000000
10 4 8 2 0.0005705
10 4 8 3 0.0000000
10 4 8 4 -0.0000000
10 4 8 5 -0.0000000
10 4 8 6 0.0008395
10 4 8 7 0.0000000
10 4 8 8 -0.0230568
10 4 9 0 0.0000416
10 4 9 1 -0.0009430
10 4 9 2 0.0000000
10 4 9 3 -0.0019135
10 4 9 4 0.0037847
10 4 9 5 -0.0027387
10 4 9 6 0.0000000
10 4 9 7 0.0002065
10 4 9 8 0.0000000
10 4 9 9 -0.0131119
10 4 10 0 -0.0001736
10 4 10 1 -0.0136194
10 4 10 2 0.0000000
10 4 10 3 -0.0102744
10 4 10 4 0.0164932
10 4 10 5 -0.0152651
10 4 10 6 0.0000000
10 4 10 7 0.0119172
10 4 10 8 0.0000000
10 4 10 9 -0.0030558
10 4 10 10 0.0043361
10 5 0 0 0.0130106
10 5 1 0 -0.0001949
10 5 1 1 0.0184854
10 5 2 0 -0.0000000
10 5 2 1 -0.0000000
10 5 2 2 0.0158554
10 5 3 0 0.0018929
10 5 3 1 0.0052201
10 5 3 2 0.0000000
10 5 3 3 0.0076494
10 5 4 0 0.0009095
10 5 4 1 0.0026440
10 5 4 2 0.0000000
10 5 4 3 -0.0069156
10 5 4 4 0.0199594
10 5 5 0 -0.0007684
10 5 5 1 0.0000324
10 5 5 2 0.0000000
10 5 5 3 -0.0024777
10 5 5 4 0.0022101
10 5 5 5 0.0161618
10 5 6 0 0.0000000
10 5 6 1 0.0000000
10 5 6 2 0.0036505
10 5 6 3 -0.0000000
10 5 6 4 0.0000000
10 5 6 5 0.0000000
10 5 6 6 0.0173536
10 5 7 0 -0.0008276
10 5 7 1 -0.0042675
10 5 7 2 0.0000000
10 5 7 3 -0.0017339
10 5 7 4 -0.0000038
10 5 7 5 0.0029196
10 5 7 6 0.0000000
10 5 7 7 0.0041729
10 5 8 0 -0.0000000
10 5 8 1 0.0000000
10 5 8 2 0.0070325
10 5 8 3 0.0000000
10 5 8 4 -0.0000000
10 5 8 5 0.0000000
10 5 8 6 0.0069437
10 5 8 7 -0.0000000
10 5 8 8 0.0036726
10 5 9 0 -0.0000608
10 5 9 1 0.0000287
10 5 9 2 -0.0000000
10 5 9 3 0.0018553
10 5 9 4 -0.0047406
10 5 9 5 0.0021541
10 5 9 6 -0.0000000
10 5 9 7 0.0001612
10 5 9 8 -0.0000000
10 5 9 9 -0.0311945
10 5 10 0 -0.0000814
10 5 10 1 0.0191223
10 5 10 2 -0.0000000
10 5 10 3 0.0114384
10 5 10 4 -0.0152651
10 5 10 5 0.0226022
10 5 10 6 -0.0000000
10 5 10 7 -0.0014678
10 5 10 8 -0.0000000
10 5 10 9 -0.0002057
10 5 10 10 -0.0431479
10 6 0 0 -0.0000000
10 6 1 0 -0.0000000
10 6 1 1 -0.0000000
10 6 2 0 0.0013456
10 6 2 1 0.0081565
10 6 2 2 -0.0000000
10 6 3 0 0.0000000
10 6 3 1 -0.0000000
10 6 3 2 -0.0044183
10 6 3 3 -0.0000000
10 6 4 0 0.0000000
10 6 4 1 0.0000000
10 6 4 2 0.0059360
10 6 4 3 0.0000000
10 6 4 4 -0.0000000
10 6 5 0 0.0000000
10 6 5 1 0.0000000
10 6 5 2 0.0014258
10 6 5 3 -0.0000000
10 6 5 4 0.0000000
10 6 5 5 -0.0000000
10 6 6 0 -0.0018732
10 6 6 1 0.0032923
10 6 6 2 -0.0000000
10 6 6 3 0.0021082
10 6 6 4 0.0084010
10 6 6 5 0.0067414
10 6 6 6 -0.0000000
10 6 7 0 -0.0000000
10 6 7 1 0.0000000
10 6 7 2 -0.0043992
10 6 7 3 0.0000000
10 6 7 4 -0.0000000
10 6 7 5 0.0000000
10 6 7 6 0.0044158
10 6 7 7 -0.0000000
10 6 8 0 0.0001002
10 6 8 1 0.0030066
10 6 8 2 -0.0000000
10 6 8 3 -0.0009546
10 6 8 4 0.0045818
10 6 8 5 0.0001312
10 6 8 6 0.0000000
10 6 8 7 -0.0013685
10 6 8 8 -0.0000000
10 6 9 0 0.0000000
10 6 9 1 -0.0000000
10 6 9 2 0.0003004
10 6 9 3 -0.0000000
10 6 9 4 0.0000000
10 6 9 5 -0.0000000
10 6 9 6 0.0003000
10 6 9 7 0.0000000
10 6 9 8 -0.0014520
10 6 9 9 -0.0000000
10 6 10 0 -0.0000000
10 6 10 1 -0.0000000
10 6 10 2 0.0043109
10 6 10 3 -0.0000000
10 6 10 4 0.0000000
10 6 10 5 -0.0000000
10 6 10 6 0.0059413
10 6 10 7 0.0000000
10 6 10 8 -0.0161555
10 6 10 9 -0.0000000
10 6 10 10 0.0000000
10 7 0 0 0.0551941
10 7 1 0 -0.0025888
10 7 1 1 -0.0075314
10 7 2 0 -0.0000000
10 7 2 1 0.0000000
10 7 2 2 0.0132716
10 7 3 0 0.0016381
10 7 3 1 -0.0036284
10 7 3 2 -0.0000000
10 7 3 3 0.0164575
10 7 4 0 0.0008874
10 7 4 1 0.0073093
10 7 4 2 0.0000000
10 7 4 3 0.0206458
10 7 4 4 -0.0135817
10 7 5 0 0.0029193
10 7 5 1 -0.0190089
10 7 5 2 0.0000000
10 7 5 3 -0.0168198
10 7 5 4 0.0045252
10 7 5 5 0.0043768
10 7 6 0 0.0000000
10 7 6 1 0.0000000
10 7 6 2 -0.0229960
10 7 6 3 0.0000000
10 7 6 4 -0.0000000
10 7 6 5 0.0000000
10 7 6 6 0.0134318
10 7 7 0 -0.0023851
10 7 7 1 0.0037851
10 7 7 2 -0.0000000
10 7 7 3 0.0164939
10 7 7 4 -0.0195325
10 7 7 5 0.0153643
10 7 7 6 -0.0000000
10 7 7 7 0.0054840
10 7 8 0 -0.0000000
10 7 8 1 0.0000000
10 7 8 2 0.0056958
10 7 8 3 0.0000000
10 7 8 4 0.0000000
10 7 8 5 0.0000000
10 7 8 6 0.0008092
10 7 8 7 0.0000000
10 7 8 8 -0.0340621
10 7 9 0 -0.0000873
10 7 9 1 -0.0000537
10 7 9 2 0.0000000
10 7 9 3 0.0001583
10 7 9 4 -0.0013034
10 7 9 5 0.0007994
10 7 9 6 -0.0000000
10 7 9 7 0.0002960
10 7 9 8 0.0000000
10 7 9 9 -0.0632204
10 7 10 0 0.0000138
10 7 10 1 0.0011387
10 7 10 2 0.0000000
10 7 10 3 -0.0099412
10 7 10 4 0.0119172
10 7 10 5 -0.0014678
10 7 10 6 0.0000000
10 7 10 7 0.0750992
10 7 10 8 -0.0000000
10 7 10 9 -0.0038251
10 7 10 10 -0.0676362
10 8 0 0 0.0000000
10 8 1 0 0.0000000
10 8 1 1 0.0000000
10 8 2 0 0.0010914
10 8 2 1 0.0247807
10 8 2 2 -0.0000000
10 8 3 0 0.0000000
10 8 3 1 0.0000000
10 8 3 2 -0.0072258
10 8 3 3 -0.0000000
10 8 4 0 0.0000000
10 8 4 1 0.0000000
10 8 4 2 0.0249491
10 8 4 3 0.0000000
10 8 4 4 -0.0000000
10 8 5 0 -0.0000000
10 8 5 1 0.0000000
10 8 5 2 0.0068007
10 8 5 3 0.0000000
10 8 5 4 -0.0000000
10 8 5 5 0.0000000
10 8 6 0 -0.0012421
10 8 6 1 0.0184778
10 8 6 2 0.0000000
10 8 6 3 -0.0013497
10 8 6 4 0.0295138
10 8 6 5 0.0203258
10 8 6 6 0.0000000
10 8 7 0 0.0000000
10 8 7 1 -0.0000000
10 8 7 2 -0.0048639
10 8 7 3 -0.0000000
10 8 7 4 -0.0000000
10 8 7 5 -0.0000000
10 8 7 6 -0.0014680
10 8 7 7 -0.0000000
10 8 8 0 -0.0004830
10 8 8 1 0.0218393
10 8 8 2 -0.0000000
10 8 8 3 0.0158724
10 8 8 4 -0.0185192
10 8 8 5 0.0331486
10 8 8 6 -0.0000000
10 8 8 7 -0.0012068
10 8 8 8 0.0000000
10 8 9 0 0.0000000
10 8 9 1 -0.0000000
10 8 9 2 -0.0024560
10 8 9 3 -0.0000000
10 8 9 4 0.0000000
10 8 9 5 -0.0000000
10 8 9 6 -0.0033537
10 8 9 7 0.0000000
10 8 9 8 -0.0000316
10 8 9 9 -0.0000000
10 8 10 0 0.0000000
10 8 10 1 -0.0000000
10 8 10 2 -0.0225769
10 8 10 3 -0.0000000
10 8 10 4 0.0000000
10 8 10 5 -0.0000000
10 8 10 6 -0.0161555
10 8 10 7 -0.0000000
10 8 10 8 0.1090353
10 8 10 9 0.0000000
10 8 10 10 -0.0000000
10 9 0 0 0.0125060
10 9 1 0 0.0002351
10 9 1 1 0.0248252
10 9 2 0 -0.0000000
10 9 2 1 -0.0000000
10 9 2 2 0.0134660
10 9 3 0 0.0003559
10 9 3 1 0.0111191
10 9 3 2 -0.0000000
10 9 3 3 0.0179930
10 9 4 0 0.0002300
10 9 4 1 -0.0154418
10 9 4 2 0.0000000
10 9 4 3 -0.0157405
10 9 4 4 0.0352899
10 9 5 0 -0.0005906
10 9 5 1 0.0088092
10 9 5 2 -0.0000000
10 9 5 3 0.0104470
10 9 5 4 -0.0186451
10 9 5 5 0.0287378
10 9 6 0 0.0000000
10 9 6 1 -0.0000000
10 9 6 2 0.0028103
10 9 6 3 -0.0000000
10 9 6 4 0.0000000
10 9 6 5 -0.0000000
10 9 6 6 0.0126007
10 9 7 0 0.0001044
10 9 7 1 0.0009007
10 9 7 2 0.0000000
10 9 7 3 -0.0031692
10 9 7 4 0.0001899
10 9 7 5 0.0017307
10 9 7 6 -0.0000000
10 9 7 7 0.0335518
10 9 8 0 0.0000000
10 9 8 1 -0.0000000
10 9 8 2 -0.0092954
10 9 8 3 -0.0000000
10 9 8 4 0.0000000
10 9 8 5 -0.0000000
10 9 8 6 -0.0092126
10 9 8 7 0.0000000
10 9 8 8 0.0496116
10 9 9 0 0.0002711
10 9 9 1 -0.0047770
10 9 9 2 0.0000000
10 9 9 3 -0.0088101
10 9 9 4 0.0192069
10 9 9 5 -0.0110098
10 9 9 6 0.0000000
10 9 9 7 -0.0036628
10 9 9 8 -0.0000000
10 9 9 9 0.3648292
10 9 10 0 -0.0000062
10 9 10 1 -0.0000922
10 9 10 2 -0.0000000
10 9 10 3 0.0012855
10 9 10 4 -0.0030558
10 9 10 5 -0.0002057
10 9 10 6 -0.0000000
10 9 10 7 -0.0038251
10 9 10 8 0.0000000
10 9 10 9 0.0530070
10 9 10 10 0.0389063
10 10 0 0 0.2902875
10 10 1 0 0.0023046
10 10 1 1 0.3897078
10 10 2 0 -0.0000000
10 10 2 1 -0.0000000
10 10 2 2 0.3064748
10 10 3 0 0.0027224
10 10 3 1 0.0613379
10 10 3 2 -0.0000000
10 10 3 3 0.3010247
10 10 4 0 0.0012697
10 10 4 1 -0.0685528
10 10 4 2 0.0000000
10 10 4 3 -0.0832104
10 10 4 4 0.3993609
10 10 5 0 -0.0045169
10 10 5 1 0.0621898
10 10 5 2 -0.0000000
10 10 5 3 0.0609580
10 10 5 4 -0.0739554
10 10 5 5 0.3966060
10 10 6 0 0.0000000
10 10 6 1 -0.0000000
10 10 6 2 0.0398612
10 10 6 3 -0.0000000
10 10 6 4 0.0000000
10 10 6 5 -0.0000000
10 10 6 6 0.3091483
10 10 7 0 0.0014280
10 10 7 1 0.0008563
10 10 7 2 0.0000000
10 10 7 3 -0.0373474
10 10 7 4 0.0131438
10 10 7 5 0.0010386
10 10 7 6 0.0000000
10 10 7 7 0.4644442
10 10 8 0 0.0000000
10 10 8 1 -0.0000000
10 10 8 2 -0.0641648
10 10 8 3 -0.0000000
10 10 8 4 0.0000000
10 10 8 5 -0.0000000
10 10 8 6 -0.0518302
10 10 8 7 -0.0000000
10 10 8 8 0.6110801
10 10 9 0 0.0005257
10 10 9 1 0.0033780
10 10 9 2 -0.0000000
10 10 9 3 -0.0058272
10 10 9 4 0.0166387
10 10 9 5 -0.0053565
10 10 9 6 0.0000000
10 10 9 7 -0.0004443
10 10 9 8 -0.0000000
10 10 9 9 0.8412154
10 10 10 0 -0.0010806
10 10 10 1 -0.0538203
10 10 10 2 0.0000000
10 10 10 3 -0.0141404
10 10 10 4 0.0043361
10 10 10 5 -0.0431479
10 10 10 6 0.0000000
10 10 10 7 -0.0676362
10 10 10 8 -0.0000000
10 10 10 9 0.0389063
10 10 10 10 0.7072817
11 0 0 0 -0.0814052
11 0 1 0 0.0033574
11 0 1 1 -0.0067369
11 0 2 0 0.0000000
11 0 2 1 -0.0000000
11 0 2 2 -0.0006439
11 0 3 0 -0.0030108
11 0 3 1 0.0053411
11 0 3 2 0.0000000
11 0 3 3 -0.0050532
11 0 4 0 -0.0023156
11 0 4 1 0.0028027
11 0 4 2 0.0000000
11 0 4 3 -0.0020880
11 0 4 4 -0.0027813
11 0 5 0 -0.0054577
11 0 5 1 0.0047248
11 0 5 2 0.0000000
11 0 5 3 -0.0062152
11 0 5 4 -0.0033762
11 0 5 5 -0.0053282
11 0 6 0 -0.0000000
11 0 6 1 0.0000000
11 0 6 2 -0.0017129
11 0 6 3 -0.0000000
11 0 6 4 -0.0000000
11 0 6 5 -0.0000000
11 0 6 6 0.0005323
11 0 7 0 -0.0111438
11 0 7 1 -0.0015681
11 0 7 2 -0.0000000
11 0 7 3 0.0025376
11 0 7 4 0.0011936
11 0 7 5 0.0034871
11 0 7 6 0.0000000
11 0 7 7 0.0064487
11 0 8 0 0.0000000
11 0 8 1 -0.0000000
11 0 8 2 -0.0001442
11 0 8 3 -0.0000000
11 0 8 4 0.0000000
11 0 8 5 -0.0000000
11 0 8 6 -0.0002343
11 0 8 7 0.0000000
11 0 8 8 -0.0008639
11 0 9 0 0.0001215
11 0 9 1 0.0000917
11 0 9 2 0.0000000
11 0 9 3 -0.0000661
11 0 9 4 -0.0000126
11 0 9 5 -0.0000584
11 0 9 6 -0.0000000
11 0 9 7 -0.0000475
11 0 9 8 -0.0000000
11 0 9 9 -0.0008111
11 0 10 0 -0.0026927
11 0 10 1 -0.0010918
11 0 10 2 -0.0000000
11 0 10 3 0.0005240
11 0 10 4 0.0006273
11 0 10 5 0.0008492
11 0 10 6 0.0000000
11 0 10 7 0.0020165
11 0 10 8 0.0000000
11 0 10 9 0.0000016
11 0 10 10 -0.0005746
11 0 11 0 0.0110464
11 0 11 1 0.0033074
11 0 11 2 0.0000000
11 0 11 3 -0.0020792
11 0 11 4 -0.0019988
11 0 11 5 -0.0037909
11 0 11 6 -0.0000000
11 0 11 7 -0.0071438
11 0 11 8 0.0000000
11 0 11 9 -0.0000719
11 0 11 10 -0.0010759
11 0 11 11 0.0067882
11 1 0 0 -0.0084130
11 1 1 0 -0.0016859
11 1 1 1 -0.0060404
11 1 2 0 -0.0000000
11 1 2 1 -0.0000000
11 1 2 2 0.0020402
11 1 3 0 0.0051307
11 1 3 1 0.0221300
11 1 3 2 0.0000000
11 1 3 3 -0.0159752
11 1 4 0 0.0024753
11 1 4 1 0.0028814
11 1 4 2 0.0000000
11 1 4 3 -0.0136857
11 1 4 4 0.0010934
11 1 5 0 -0.0002615
11 1 5 1 0.0076779
11 1 5 2 0.0000000
11 1 5 3 -0.0117980
11 1 5 4 -0.0084686
11 1 5 5 0.0030770
11 1 6 0 -0.0000000
11 1 6 1 0.0000000
11 1 6 2 -0.0012722
11 1 6 3 -0.0000000
11 1 6 4 0.0000000
11 1 6 5 -0.0000000
11 1 6 6 0.0002403
11 1 7 0 -0.0031087
11 1 7 1 -0.0011217
11 1 7 2 -0.0000000
11 1 7 3 0.0065857
11 1 7 4 -0.0128494
11 1 7 5 0.0244238
11 1 7 6 -0.0000000
11 1 7 7 0.0122627
11 1 8 0 0.0000000
11 1 8 1 0.0000000
11 1 8 2 0.0000040
11 1 8 3 0.0000000
11 1 8 4 0.0000000
11 1 8 5 -0.0000000
11 1 8 6 -0.0016833
11 1 8 7 -0.0000000
11 1 8 8 0.0084984
11 1 9 0 0.0000510
11 1 9 1 0.0007556
11 1 9 2 -0.0000000
11 1 9 3 -0.0000189
11 1 9 4 -0.0009114
11 1 9 5 0.0005877
11 1 9 6 -0.0000000
11 1 9 7 0.0004276
11 1 9 8 -0.0000000
11 1 9 9 0.0085360
11 1 10 0 -0.0008105
11 1 10 1 -0.0035207
11 1 10 2 -0.0000000
11 1 10 3 0.0002559
11 1 10 4 0.0000568
11 1 10 5 0.0063800
11 1 10 6 0.0000000
11 1 10 7 0.0125774
11 1 10 8 -0.0000000
11 1 10 9 0.0020236
11 1 10 10 -0.0097561
11 1 11 0 0.0033074
11 1 11 1 0.0292969
11 1 11 2 -0.0000000
11 1 11 3 0.0103527
11 1 11 4 -0.0131638
11 1 11 5 -0.0087742
11 1 11 6 -0.0000000
11 1 11 7 -0.0003898
11 1 11 8 -0.0000000
11 1 11 9 0.0000175
11 1 11 10 0.0069690
11 1 11 11 0.0203935
11 2 0 0 -0.0000000
11 2 1 0 -0.0000000
11 2 1 1 -0.0000000
11 2 2 0 0.0048393
11 2 2 1 0.0173653
11 2 2 2 -0.0000000
11 2 3 0 -0.0000000
11 2 3 1 0.0000000
11 2 3 2 -0.0104978
11 2 3 3 -0.0000000
11 2 4 0 0.0000000
11 2 4 1 0.0000000
11 2 4 2 0.0091870
11 2 4 3 0.0000000
11 2 4 4 -0.0000000
11 2 5 0 0.0000000
11 2 5 1 0.0000000
11 2 5 2 -0.0042988
11 2 5 3 -0.0000000
11 2 5 4 -0.0000000
11 2 5 5 -0.0000000
11 2 6 0 -0.0066604
11 2 6 1 -0.0014138
11 2 6 2 -0.0000000
11 2 6 3 0.0090380
11 2 6 4 0.0117694
11 2 6 5 0.0120211
11 2 6 6 0.0000000
11 2 7 0 -0.0000000
11 2 7 1 -0.0000000
11 2 7 2 -0.0170645
11 2 7 3 -0.0000000
11 2 7 4 -0.0000000
11 2 7 5 -0.0000000
11 2 7 6 0.0182273
11 2 7 7 -0.0000000
11 2 8 0 0.0001369
11 2 8 1 0.0041376
11 2 8 2 -0.0000000
11 2 8 3 0.0007646
11 2 8 4 0.0026478
11 2 8 5 0.0007195
11 2 8 6 0.0000000
11 2 8 7 -0.0036119
11 2 8 8 -0.0000000
11 2 9 0 0.0000000
11 2 9 1 -0.0000000
11 2 9 2 -0.0000598
11 2 9 3 -0.0000000
11 2 9 4 0.0000000
11 2 9 5 -0.0000000
11 2 9 6 -0.0000847
11 2 9 7 -0.0000000
11 2 9 8 -0.0005495
11 2 9 9 -0.0000000
11 2 10 0 -0.0000000
11 2 10 1 -0.0000000
11 2 10 2 -0.0023802
11 2 10 3 0.0000000
11 2 10 4 -0.0000000
11 2 10 5 -0.0000000
11 2 10 6 0.0054920
11 2 10 7 -0.0000000
11 2 10 8 -0.0034647
11 2 10 9 -0.0000000
11 2 10 10 0.0000000
11 2 11 0 0.0000000
11 2 11 1 -0.0000000
11 2 11 2 0.0203459
11 2 11 3 -0.0000000
11 2 11 4 0.0000000
11 2 11 5 0.0000000
11 2 11 6 -0.0166877
11 2 11 7 -0.0000000
11 2 11 8 -0.0007331
11 2 11 9 -0.0000000
11 2 11 10 -0.0000000
11 2 11 11 -0.0000000
11 3 0 0 0.0191850
11 3 1 0 0.0040241
11 3 1 1 0.0351967
11 3 2 0 0.0000000
11 3 2 1 0.0000000
11 3 2 2 0.0128698
11 3 3 0 0.0030278
11 3 3 1 0.0022729
11 3 3 2 -0.0000000
11 3 3 3 0.0045509
11 3 4 0 0.0010336
11 3 4 1 -0.0062409
11 3 4 2 0.0000000
11 3 4 3 -0.0099529
11 3 4 4 0.0147186
11 3 5 0 -0.0078716
11 3 5 1 -0.0152394
11 3 5 2 -0.0000000
11 3 5 3 0.0073528
11 3 5 4 0.0059609
11 3 5 5 0.0334112
11 3 6 0 -0.0000000
11 3 6 1 -0.0000000
11 3 6 2 0.0062045
11 3 6 3 0.0000000
11 3 6 4 0.0000000
11 3 6 5 0.0000000
11 3 6 6 0.0063945
11 3 7 0 0.0020293
11 3 7 1 0.0029342
11 3 7 2 -0.0000000
11 3 7 3 -0.0146086
11 3 7 4 -0.0176924
11 3 7 5 0.0160635
11 3 7 6 -0.0000000
11 3 7 7 0.0015173
11 3 8 0 0.0000000
11 3 8 1 0.0000000
11 3 8 2 0.0036280
11 3 8 3 0.0000000
11 3 8 4 0.0000000
11 3 8 5 0.0000000
11 3 8 6 0.0016153
11 3 8 7 -0.0000000
11 3 8 8 0.0096325
11 3 9 0 -0.0000642
11 3 9 1 -0.0001998
11 3 9 2 -0.0000000
11 3 9 3 0.0004659
11 3 9 4 -0.0012321
11 3 9 5 0.0009490
11 3 9 6 -0.0000000
11 3 9 7 0.0008853
11 3 9 8 -0.0000000
11 3 9 9 -0.0003539
11 3 10 0 0.0006501
11 3 10 1 0.0047777
11 3 10 2 -0.0000000
11 3 10 3 -0.0037554
11 3 10 4 -0.0037331
11 3 10 5 0.0059063
11 3 10 6 -0.0000000
11 3 10 7 0.0061418
11 3 10 8 -0.0000000
11 3 10 9 0.0001393
11 3 10 10 -0.0089800
11 3 11 0 -0.0020792
11 3 11 1 0.0103527
11 3 11 2 -0.0000000
11 3 11 3 0.0290178
11 3 11 4 -0.0001999
11 3 11 5 -0.0041497
11 3 11 6 -0.0000000
11 3 11 7 0.0062597
11 3 11 8 -0.0000000
11 3 11 9 0.0004798
11 3 11 10 0.0029162
11 3 11 11 0.0120464
11 4 0 0 -0.0066193
11 4 1 0 0.0025287
11 4 1 1 0.0085172
11 4 2 0 0.0000000
11 4 2 1 0.0000000
11 4 2 2 0.0025675
11 4 3 0 -0.0001294
11 4 3 1 -0.0075310
11 4 3 2 -0.0000000
11 4 3 3 -0.0058833
11 4 4 0 -0.0002328
11 4 4 1 0.0016155
11 4 4 2 0.0000000
11 4 4 3 -0.0029307
11 4 4 4 0.0012058
11 4 5 0 -0.0038182
11 4 5 1 -0.0043616
11 4 5 2 -0.0000000
11 4 5 3 0.0083698
11 4 5 4 0.0078980
11 4 5 5 0.0036604
11 4 6 0 -0.0000000
11 4 6 1 0.0000000
11 4 6 2 0.0068310
11 4 6 3 0.0000000
11 4 6 4 0.0000000
11 4 6 5 0.0000000
11 4 6 6 -0.0009140
11 4 7 0 0.0020503
11 4 7 1 -0.0073202
11 4 7 2 -0.0000000
11 4 7 3 -0.0165620
11 4 7 4 0.0102345
11 4 7 5 -0.0101934
11 4 7 6 0.0000000
11 4 7 7 -0.0105591
11 4 8 0 0.0000000
11 4 8 1 0.0000000
11 4 8 2 0.0011069
11 4 8 3 0.0000000
11 4 8 4 -0.0000000
11 4 8 5 0.0000000
11 4 8 6 0.0017818
11 4 8 7 0.0000000
11 4 8 8 0.0001883
11 4 9 0 -0.0000198
11 4 9 1 -0.0008141
11 4 9 2 -0.0000000
11 4 9 3 -0.0002144
11 4 9 4 0.0011697
11 4 9 5 -0.0009881
11 4 9 6 0.0000000
11 4 9 7 -0.0014457
11 4 9 8 -0.0000000
11 4 9 9 0.0041094
11 4 10 0 0.0004212
11 4 10 1 -0.0002320
11 4 10 2 -0.0000000
11 4 10 3 -0.0006783
11 4 10 4 -0.0021476
11 4 10 5 -0.0018789
11 4 10 6 0.0000000
11 4 10 7 -0.0194880
11 4 10 8 0.0000000
11 4 10 9 -0.0006035
11 4 10 10 0.0182266
11 4 11 0 -0.0019988
11 4 11 1 -0.0131638
11 4 11 2 0.0000000
11 4 11 3 -0.0001999
11 4 11 4 0.0191190
11 4 11 5 -0.0089307
11 4 11 6 -0.0000000
11 4 11 7 0.0032651
11 4 11 8 0.0000000
11 4 11 9 -0.0010619
11 4 11 10 -0.0092836
11 4 11 11 -0.0172449
11 5 0 0 -0.0101310
11 5 1 0 0.0012616
11 5 1 1 -0.0001769
11 5 2 0 0.0000000
11 5 2 1 0.0000000
11 5 2 2 -0.0044168
11 5 3 0 -0.0077677
11 5 3 1 -0.0143364
11 5 3 2 -0.0000000
11 5 3 3 0.0174020
11 5 4 0 -0.0037597
11 5 4 1 -0.0048906
11 5 4 2 -0.0000000
11 5 4 3 0.0120018
11 5 4 4 0.0042566
11 5 5 0 0.0021274
11 5 5 1 0.0016651
11 5 5 2 -0.0000000
11 5 5 3 0.0105015
11 5 5 4 0.0025260
11 5 5 5 -0.0099692
11 5 6 0 -0.0000000
11 5 6 1 -0.0000000
11 5 6 2 0.0021358
11 5 6 3 0.0000000
11 5 6 4 0.0000000
11 5 6 5 0.0000000
11 5 6 6 -0.0035120
11 5 7 0 0.0034638
11 5 7 1 0.0139541
11 5 7 2 -0.0000000
11 5 7 3 0.0116930
11 5 7 4 -0.0054624
11 5 7 5 -0.0123604
11 5 7 6 -0.0000000
11 5 7 7 -0.0112331
11 5 8 0 -0.0000000
11 5 8 1 -0.0000000
11 5 8 2 -0.0004406
11 5 8 3 -0.0000000
11 5 8 4 -0.0000000
11 5 8 5 -0.0000000
11 5 8 6 0.0004940
11 5 8 7 -0.0000000
11 5 8 8 -0.0026354
11 5 9 0 -0.0000246
11 5 9 1 0.0002540
11 5 9 2 -0.0000000
11 5 9 3 0.0004073
11 5 9 4 -0.0008811
11 5 9 5 0.0007443
11 5 9 6 -0.0000000
11 5 9 7 0.0011962
11 5 9 8 -0.0000000
11 5 9 9 -0.0062441
11 5 10 0 0.0009087
11 5 10 1 0.0059136
11 5 10 2 -0.0000000
11 5 10 3 0.0020009
11 5 10 4 -0.0009271
11 5 10 5 -0.0019042
11 5 10 6 -0.0000000
11 5 10 7 0.0051802
11 5 10 8 -0.0000000
11 5 10 9 0.0003557
11 5 10 10 -0.0164024
11 5 11 0 -0.0037909
11 5 11 1 -0.0087742
11 5 11 2 0.0000000
11 5 11 3 -0.0041497
11 5 11 4 -0.0089307
11 5 11 5 0.0277134
11 5 11 6 -0.0000000
11 5 11 7 0.0126388
11 5 11 8 -0.0000000
11 5 11 9 0.0012077
11 5 11 10 0.0053082
11 5 11 11 -0.0121172
11 6 0 0 -0.0000000
11 6 1 0 -0.0000000
11 6 1 1 -0.0000000
11 6 2 0 -0.0057935
11 6 2 1 -0.0177360
11 6 2 2 0.0000000
11 6 3 0 -0.0000000
11 6 3 1 -0.0000000
11 6 3 2 0.0131758
11 6 3 3 0.0000000
11 6 4 0 -0.0000000
11 6 4 1 -0.0000000
11 6 4 2 -0.0072349
11 6 4 3 0.0000000
11 6 4 4 0.0000000
11 6 5 0 -0.0000000
11 6 5 1 -0.0000000
11 6 5 2 0.0047980
11 6 5 3 0.0000000
11 6 5 4 0.0000000
11 6 5 5 0.0000000
11 6 6 0 0.0078853
11 6 6 1 0.0009335
11 6 6 2 0.0000000
11 6 6 3 -0.0110747
11 6 6 4 -0.0131552
11 6 6 5 -0.0118983
11 6 6 6 -0.0000000
11 6 7 0 0.0000000
11 6 7 1 -0.0000000
11 6 7 2 0.0186481
11 6 7 3 -0.0000000
11 6 7 4 0.0000000
11 6 7 5 -0.0000000
11 6 7 6 -0.0177561
11 6 7 7 -0.0000000
11 6 8 0 -0.0001336
11 6 8 1 -0.0054937
11 6 8 2 0.0000000
11 6 8 3 -0.0014076
11 6 8 4 0.0004965
11 6 8 5 -0.0035999
11 6 8 6 0.0000000
11 6 8 7 -0.0021484
11 6 8 8 0.0000000
11 6 9 0 -0.0000000
11 6 9 1 -0.0000000
11 6 9 2 0.0003698
11 6 9 3 0.0000000
11 6 9 4 0.0000000
11 6 9 5 -0.0000000
11 6 9 6 0.0004833
11 6 9 7 -0.0000000
11 6 9 8 0.0001144
11 6 9 9 0.0000000
11 6 10 0 0.0000000
11 6 10 1 0.0000000
11 6 10 2 0.0048303
11 6 10 3 0.0000000
11 6 10 4 0.0000000
11 6 10 5 -0.0000000
11 6 10 6 -0.0036417
11 6 10 7 -0.0000000
11 6 10 8 -0.0086353
11 6 10 9 -0.0000000
11 6 10 10 0.0000000
11 6 11 0 -0.0000000
11 6 11 1 -0.0000000
11 6 11 2 -0.0166877
11 6 11 3 -0.0000000
11 6 11 4 -0.0000000
11 6 11 5 -0.0000000
11 6 11 6 0.0206441
11 6 11 7 0.0000000
11 6 11 8 -0.0058529
11 6 11 9 -0.0000000
11 6 11 10 -0.0000000
11 6 11 11 -0.0000000
11 7 0 0 -0.2545714
11 7 1 0 0.0092315
11 7 1 1 -0.0085864
11 7 2 0 0.0000000
11 7 2 1 -0.0000000
11 7 2 2 -0.0801006
11 7 3 0 -0.0048871
11 7 3 1 0.0378302
11 7 3 2 0.0000000
11 7 3 3 -0.0967263
11 7 4 0 -0.0030397
11 7 4 1 -0.0380320
11 7 4 2 -0.0000000
11 7 4 3 -0.0842005
11 7 4 4 0.0238207
11 7 5 0 -0.0113456
11 7 5 1 0.0839506
11 7 5 2 -0.0000000
11 7 5 3 0.0606237
11 7 5 4 -0.0344321
11 7 5 5 -0.0397962
11 7 6 0 -0.0000000
11 7 6 1 -0.0000000
11 7 6 2 0.0864381
11 7 6 3 -0.0000000
11 7 6 4 0.0000000
11 7 6 5 -0.0000000
11 7 6 6 -0.0859939
11 7 7 0 0.0073387
11 7 7 1 0.0045203
11 7 7 2 0.0000000
11 7 7 3 -0.0263131
11 7 7 4 -0.0112895
11 7 7 5 -0.0021304
11 7 7 6 -0.0000000
11 7 7 7 0.0050324
11 7 8 0 0.0000000
11 7 8 1 -0.0000000
11 7 8 2 -0.0364574
11 7 8 3 -0.0000000
11 7 8 4 0.0000000
11 7 8 5 -0.0000000
11 7 8 6 -0.0221051
11 7 8 7 0.0000000
11 7 8 8 0.1510892
11 7 9 0 0.0004466
11 7 9 1 0.0033622
11 7 9 2 -0.0000000
11 7 9 3 -0.0014766
11 7 9 4 0.0053319
11 7 9 5 -0.0010753
11 7 9 6 0.0000000
11 7 9 7 0.0011149
11 7 9 8 -0.0000000
11 7 9 9 0.2608277
11 7 10 0 0.0005056
11 7 10 1 -0.0164231
11 7 10 2 0.0000000
11 7 10 3 -0.0048247
11 7 10 4 -0.0079881
11 7 10 5 -0.0087364
11 7 10 6 -0.0000000
11 7 10 7 -0.0287868
11 7 10 8 0.0000000
11 7 10 9 0.0193253
11 7 10 10 0.1626449
11 7 11 0 -0.0071438
11 7 11 1 -0.0003898
11 7 11 2 -0.0000000
11 7 11 3 0.0062597
11 7 11 4 0.0032651
11 7 11 5 0.0126388
11 7 11 6 0.0000000
11 7 11 7 0.2035800
11 7 11 8 -0.0000000
11 7 11 9 0.0030648
11 7 11 10 0.0593355
11 7 11 11 -0.0251492
11 8 0 0 0.0000000
11 8 1 0 0.0000000
11 8 1 1 0.0000000
11 8 2 0 0.0005497
11 8 2 1 0.0072379
11 8 2 2 -0.0000000
11 8 3 0 0.0000000
11 8 3 1 0.0000000
11 8 3 2 -0.0011330
11 8 3 3 -0.0000000
11 8 4 0 0.0000000
11 8 4 1 0.0000000
11 8 4 2 0.0074237
11 8 4 3 0.0000000
11 8 4 4 -0.0000000
11 8 5 0 -0.0000000
11 8 5 1 0.0000000
11 8 5 2 0.0002652
11 8 5 3 -0.0000000
11 8 5 4 -0.0000000
11 8 5 5 0.0000000
11 8 6 0 -0.0007404
11 8 6 1 0.0030249
11 8 6 2 0.0000000
11 8 6 3 0.0000337
11 8 6 4 0.0079187
11 8 6 5 0.0052266
11 8 6 6 0.0000000
11 8 7 0 0.0000000
11 8 7 1 -0.0000000
11 8 7 2 -0.0066980
11 8 7 3 -0.0000000
11 8 7 4 -0.0000000
11 8 7 5 -0.0000000
11 8 7 6 -0.0017939
11 8 7 7 0.0000000
11 8 8 0 -0.0000803
11 8 8 1 0.0076730
11 8 8 2 -0.0000000
11 8 8 3 0.0037721
11 8 8 4 -0.0055839
11 8 8 5 0.0098024
11 8 8 6 -0.0000000
11 8 8 7 0.0181298
11 8 8 8 0.0000000
11 8 9 0 0.0000000
11 8 9 1 -0.0000000
11 8 9 2 -0.0006280
11 8 9 3 -0.0000000
11 8 9 4 0.0000000
11 8 9 5 -0.0000000
11 8 9 6 -0.0007562
11 8 9 7 0.0000000
11 8 9 8 0.0001755
11 8 9 9 -0.0000000
11 8 10 0 0.0000000
11 8 10 1 -0.0000000
11 8 10 2 -0.0063134
11 8 10 3 -0.0000000
11 8 10 4 0.0000000
11 8 10 5 -0.0000000
11 8 10 6 -0.0043325
11 8 10 7 0.0000000
11 8 10 8 0.0253056
11 8 10 9 0.0000000
11 8 10 10 -0.0000000
11 8 11 0 0.0000000
11 8 11 1 -0.0000000
11 8 11 2 -0.0007331
11 8 11 3 -0.0000000
11 8 11 4 0.0000000
11 8 11 5 -0.0000000
11 8 11 6 -0.0058529
11 8 11 7 -0.0000000
11 8 11 8 0.0229402
11 8 11 9 0.0000000
11 8 11 10 -0.0000000
11 8 11 11 0.0000000
11 9 0 0 0.0046731
11 9 1 0 0.0000706
11 9 1 1 0.0063574
11 9 2 0 -0.0000000
11 9 2 1 -0.0000000
11 9 2 2 0.0038080
11 9 3 0 -0.0000062
11 9 3 1 0.0011343
11 9 3 2 -0.0000000
11 9 3 3 0.0048863
11 9 4 0 0.0000044
11 9 4 1 -0.0028491
11 9 4 2 0.0000000
11 9 4 3 -0.0021433
11 9 4 4 0.0074441
11 9 5 0 -0.0000842
11 9 5 1 0.0010627
11 9 5 2 -0.0000000
11 9 5 3 0.0019630
11 9 5 4 -0.0029113
11 9 5 5 0.0065823
11 9 6 0 0.0000000
11 9 6 1 -0.0000000
11 9 6 2 0.0003872
11 9 6 3 -0.0000000
11 9 6 4 0.0000000
11 9 6 5 -0.0000000
11 9 6 6 0.0038090
11 9 7 0 0.0000919
11 9 7 1 0.0009698
11 9 7 2 -0.0000000
11 9 7 3 0.0000935
11 9 7 4 -0.0011684
11 9 7 5 0.0007093
11 9 7 6 -0.0000000
11 9 7 7 0.0065731
11 9 8 0 0.0000000
11 9 8 1 -0.0000000
11 9 8 2 -0.0012716
11 9 8 3 -0.0000000
11 9 8 4 0.0000000
11 9 8 5 -0.0000000
11 9 8 6 -0.0012393
11 9 8 7 0.0000000
11 9 8 8 0.0085152
11 9 9 0 0.0000579
11 9 9 1 -0.0003847
11 9 9 2 0.0000000
11 9 9 3 -0.0020634
11 9 9 4 0.0029473
11 9 9 5 -0.0013485
11 9 9 6 0.0000000
11 9 9 7 0.0066747
11 9 9 8 -0.0000000
11 9 9 9 0.0538246
11 9 10 0 0.0000286
11 9 10 1 0.0007148
11 9 10 2 -0.0000000
11 9 10 3 0.0003138
11 9 10 4 -0.0006406
11 9 10 5 0.0002609
11 9 10 6 -0.0000000
11 9 10 7 -0.0007309
11 9 10 8 0.0000000
11 9 10 9 0.0071202
11 9 10 10 0.0059734
11 9 11 0 -0.0000719
11 9 11 1 0.0000175
11 9 11 2 -0.0000000
11 9 11 3 0.0004798
11 9 11 4 -0.0010619
11 9 11 5 0.0012077
11 9 11 6 -0.0000000
11 9 11 7 0.0030648
11 9 11 8 0.0000000
11 9 11 9 0.0067784
11 9 11 10 -0.0001085
11 9 11 11 0.0052265
11 10 0 0 -0.0747401
11 10 1 0 0.0014837
11 10 1 1 -0.0224949
11 10 2 0 0.0000000
11 10 2 1 -0.0000000
11 10 2 2 -0.0309601
11 10 3 0 -0.0008334
11 10 3 1 0.0118534
11 10 3 2 0.0000000
11 10 3 3 -0.0377423
11 10 4 0 -0.0005798
11 10 4 1 -0.0070472
11 10 4 2 -0.0000000
11 10 4 3 -0.0177879
11 10 4 4 -0.0113683
11 10 5 0 -0.0019214
11 10 5 1 0.0246439
11 10 5 2 -0.0000000
11 10 5 3 0.0118445
11 10 5 4 -0.0101285
11 10 5 5 -0.0234603
11 10 6 0 -0.0000000
11 10 6 1 -0.0000000
11 10 6 2 0.0199482
11 10 6 3 -0.0000000
11 10 6 4 0.0000000
11 10 6 5 -0.0000000
11 10 6 6 -0.0322949
11 10 7 0 0.0009562
11 10 7 1 0.0039721
11 10 7 2 0.0000000
11 10 7 3 0.0010210
11 10 7 4 -0.0158627
11 10 7 5 0.0090347
11 10 7 6 -0.0000000
11 10 7 7 -0.0022269
11 10 8 0 0.0000000
11 10 8 1 -0.0000000
11 10 8 2 -0.0149208
11 10 8 3 -0.0000000
11 10 8 4 0.0000000
11 10 8 5 -0.0000000
11 10 8 6 -0.0113728
11 10 8 7 0.0000000
11 10 8 8 0.0426933
11 10 9 0 0.0001559
11 10 9 1 0.0015103
11 10 9 2 -0.0000000
11 10 9 3 -0.0010455
11 10 9 4 0.0027533
11 10 9 5 -0.0007894
11 10 9 6 0.0000000
11 10 9 7 0.0002474
11 10 9 8 -0.0000000
11 10 9 9 0.0655127
11 10 10 0 0.0000058
11 10 10 1 -0.0161738
11 10 10 2 0.0000000
11 10 10 3 -0.0137869
11 10 10 4 0.0130104
11 10 10 5 -0.0142229
11 10 10 6 0.0000000
11 10 10 7 0.0364429
11 10 10 8 -0.0000000
11 10 10 9 0.0031839
11 10 10 10 0.0421725
11 10 11 0 -0.0010759
11 10 11 1 0.0069690
11 10 11 2 -0.0000000
11 10 11 3 0.0029162
11 10 11 4 -0.0092836
11 10 11 5 0.0053082
11 10 11 6 -0.0000000
11 10 11 7 0.0593355
11 10 11 8 -0.0000000
11 10 11 9 -0.0001085
11 10 11 10 0.0530171
11 10 11 11 0.0051729
11 11 0 0 0.5901293
11 11 1 0 -0.0062171
11 11 1 1 0.4459102
11 11 2 0 -0.0000000
11 11 2 1 -0.0000000
11 11 2 2 0.4188916
11 11 3 0 0.0097194
11 11 3 1 0.0384799
11 11 3 2 -0.0000000
11 11 3 3 0.4333638
11 11 4 0 0.0051387
11 11 4 1 -0.0418526
11 11 4 2 0.0000000
11 11 4 3 -0.0070663
11 11 4 4 0.4163663
11 11 5 0 0.0045515
11 11 5 1 -0.0388937
11 11 5 2 0.0000000
11 11 5 3 -0.0053165
11 11 5 4 -0.0458911
11 11 5 5 0.4787432
11 11 6 0 0.0000000
11 11 6 1 -0.0000000
11 11 6 2 -0.0570614
11 11 6 3 -0.0000000
11 11 6 4 -0.0000000
11 11 6 5 -0.0000000
11 11 6 6 0.4220243
11 11 7 0 -0.0065611
11 11 7 1 0.0022661
11 11 7 2 -0.0000000
11 11 7 3 -0.0000500
11 11 7 4 -0.0071893
11 11 7 5 0.0280827
11 11 7 6 -0.0000000
11 11 7 7 0.5013990
11 11 8 0 0.0000000
11 11 8 1 -0.0000000
11 11 8 2 -0.0103185
11 11 8 3 -0.0000000
11 11 8 4 0.0000000
11 11 8 5 -0.0000000
11 11 8 6 -0.0197651
11 11 8 7 -0.0000000
11 11 8 8 0.4338929
11 11 9 0 -0.0000682
11 11 9 1 -0.0000504
11 11 9 2 0.0000000
11 11 9 3 -0.0018257
11 11 9 4 0.0038581
11 11 9 5 0.0004176
11 11 9 6 0.0000000
11 11 9 7 -0.0002551
11 11 9 8 -0.0000000
11 11 9 9 0.5430571
11 11 10 0 -0.0009734
11 11 10 1 0.0029162
11 11 10 2 -0.0000000
11 11 10 3 0.0032861
11 11 10 4 -0.0129933
11 11 10 5 0.0064748
11 11 10 6 -0.0000000
11 11 10 7 0.0364347
11 11 10 8 -0.0000000
11 11 10 9 0.0272587
11 11 10 10 0.4103354
11 11 11 0 0.0067882
11 11 11 1 0.0203935
11 11 11 2 -0.0000000
11 11 11 3 0.0120464
11 11 11 4 -0.0172449
11 11 11 5 -0.0121172
11 11 11 6 -0.0000000
11 11 11 7 -0.0251492
11 11 11 8 0.0000000
11 11 11 9 0.0052265
11 11 11 10 0.0051729
11 11 11 11 0.5093197
