NMONOMER	1
NELEC	8
ENUC	7.351144
NBASIS	12
HOMO	2
LUMO	2
ENT	5
HF_ENERGY	-35.221352
ENERGIES
-10.842522
-0.502429
-0.439558
-0.247194
0.574967
0.789502
0.899582
849736.567751
965066.570886
996478.279927
1070621.180752
1118093.695929

OEI
-18.398867	
0.270895	-4.298817	
-0.000000	0.000000	-3.759981	
-0.105739	0.150361	-0.000000	-4.083109	
-0.268033	0.187136	0.000000	-0.482375	-3.058736	
-0.000000	-0.000000	-0.852554	0.000000	0.000000	-3.650454	
0.198478	-0.801182	0.000000	-0.420044	-0.099281	-0.000000	-3.188656	
-0.104935	-0.066878	0.000000	0.109316	-0.459127	-0.000000	0.065038	849733.024329	
-0.000000	0.000000	-0.073665	-0.000000	0.000000	-0.117533	-0.000000	-0.000000	965063.899739	
-0.005108	-0.021088	0.000000	-0.004446	-0.002459	0.000000	-0.017101	-0.002809	0.000000	996475.281406	
0.035719	0.191750	-0.000000	0.042336	0.105568	0.000000	-0.172118	0.193092	0.000000	-0.125141	1070618.807367	
0.101401	0.078323	0.000000	-0.214944	0.459811	0.000000	-0.025497	0.958794	-0.000000	0.034575	-0.332759	1118090.035329	

ENV_OEI
-4.927066	
0.506871	-0.624640	
-0.000000	0.000000	-0.138007	
-0.210645	-0.093757	-0.000000	-0.417224	
-0.473505	0.096042	-0.000000	-0.122893	-0.185837	
-0.000000	-0.000000	-0.198032	0.000000	0.000000	-0.349811	
0.388689	0.150458	0.000000	0.224959	0.005958	0.000000	-1.079902	
-0.225300	-0.015138	0.000000	0.067291	-0.069583	-0.000000	-0.009881	-0.581674	
0.000000	0.000000	0.063663	-0.000000	-0.000000	0.035166	-0.000000	0.000000	-0.746488	
0.018247	-0.482315	0.000000	-0.455597	0.055594	0.000000	1.467225	-0.127051	-0.000000	-18.580409	
0.055573	-0.046368	0.000000	-0.011891	0.021252	0.000000	0.082568	-0.239483	-0.000000	-1.673479	-0.805311	
0.213981	0.015817	0.000000	0.000244	0.082025	0.000000	-0.048754	-0.151643	0.000000	0.177767	-0.098405	-0.403871	

OVERLAP
1.000000	
0.248362	1.000000	
0.061767	0.488736	1.000000	
0.061767	0.488736	0.167856	1.000000	
0.000000	0.027047	0.005362	0.005362	1.000000	
0.027047	0.301519	0.096511	0.096511	0.248362	1.000000	
0.000000	0.000000	0.259000	0.259000	-0.015125	-0.113119	1.000000	
0.000000	0.000000	-0.380474	0.380474	0.000000	0.000000	0.000000	1.000000	
0.000000	0.000000	0.073326	0.073326	-0.042713	-0.319437	0.000000	0.000000	1.000000	
0.015125	0.113119	0.064594	0.064594	0.000000	0.000000	0.112775	0.000000	-0.151526	1.000000	
0.000000	0.000000	-0.051506	0.051506	0.000000	0.000000	0.000000	0.166433	0.000000	0.000000	1.000000	
0.042713	0.319437	0.093323	0.093323	0.000000	0.000000	-0.151526	0.000000	-0.261465	0.000000	0.000000	1.000000	

MOCOEFF
-0.996520	-0.018366	0.008868	0.008868	-0.001628	0.008252	0.020555	0.000000	0.002271	-0.002500	-0.000000	0.003803	
0.178615	-0.554303	-0.054183	-0.054183	0.046659	-0.085187	0.447403	0.000000	0.200346	-0.182754	-0.000000	-0.348805	
-0.000000	0.000000	-0.524165	0.524165	-0.000000	0.000000	-0.000000	0.448715	0.000000	0.000000	-0.128676	0.000000	
-0.075510	0.219746	0.260731	0.260731	0.041665	-0.120092	-0.398339	-0.000000	0.681592	-0.016000	0.000000	-0.299382	
-0.157566	1.043256	-0.922670	-0.922670	-0.004682	0.038083	0.405143	-0.000000	0.398775	0.015703	0.000000	0.003997	
-0.000000	0.000000	0.804481	-0.804481	-0.000000	0.000000	0.000000	1.169050	0.000000	0.000000	-0.111697	-0.000000	
0.138148	-0.826112	0.091152	0.091152	-0.129585	0.778595	0.233875	-0.000000	0.831000	0.323388	0.000000	0.901075	
-0.084288	0.388041	-0.000000	-0.000000	0.012325	-0.049401	0.608823	0.000000	-0.000000	-0.744812	0.000000	0.291146	
-0.000000	-0.000000	0.000000	-0.000000	0.000000	0.000000	-0.000000	-0.000000	0.000000	-0.000000	1.000000	0.000000	
-0.000565	0.002599	0.000000	0.000000	1.025611	-0.216380	0.004077	-0.000000	-0.000000	0.053739	-0.000000	0.092871	
0.018947	-0.087226	0.000000	0.000000	0.019715	0.850780	-0.136854	0.000000	-0.000000	-0.334096	-0.000000	-0.355391	
0.081637	-0.375837	0.000000	0.000000	0.011610	-0.229166	-0.589676	-0.000000	-0.000000	-0.509850	-0.000000	0.308002	

ERI
0 0 0 0 3.5227233
1 0 0 0 -0.2354570
1 0 1 0 0.0307230
1 0 1 1 0.0059995
1 1 0 0 0.7264941
1 1 1 0 0.0059995
1 1 1 1 0.6495557
2 0 0 0 0.0000000
2 0 1 0 -0.0000000
2 0 1 1 0.0000000
2 0 2 0 0.0055416
2 0 2 1 0.0055954
2 0 2 2 -0.0000000
2 1 0 0 -0.0000000
2 1 1 0 -0.0000000
2 1 1 1 -0.0000000
2 1 2 0 0.0055954
2 1 2 1 0.0321464
2 1 2 2 0.0000000
2 2 0 0 0.5776614
2 2 1 0 -0.0062250
2 2 1 1 0.4069314
2 2 2 0 -0.0000000
2 2 2 1 0.0000000
2 2 2 2 0.5278595
3 0 0 0 0.0965725
3 0 1 0 -0.0107555
3 0 1 1 0.0047909
3 0 2 0 0.0000000
3 0 2 1 0.0000000
3 0 2 2 0.0022586
3 0 3 0 0.0178015
3 0 3 1 0.0130370
3 0 3 2 -0.0000000
3 0 3 3 -0.0073214
3 1 0 0 -0.0619805
3 1 1 0 0.0011778
3 1 1 1 0.0279114
3 1 2 0 0.0000000
3 1 2 1 -0.0000000
3 1 2 2 -0.0249493
3 1 3 0 0.0130370
3 1 3 1 0.0856858
3 1 3 2 -0.0000000
3 1 3 3 -0.0422201
3 2 0 0 0.0000000
3 2 1 0 -0.0000000
3 2 1 1 0.0000000
3 2 2 0 -0.0035672
3 2 2 1 -0.0270550
3 2 2 2 0.0000000
3 2 3 0 -0.0000000
3 2 3 1 -0.0000000
3 2 3 2 0.0506836
3 2 3 3 0.0000000
3 3 0 0 0.7396933
3 3 1 0 -0.0051772
3 3 1 1 0.5142740
3 3 2 0 0.0000000
3 3 2 1 -0.0000000
3 3 2 2 0.4558591
3 3 3 0 -0.0073214
3 3 3 1 -0.0422201
3 3 3 2 0.0000000
3 3 3 3 0.5704249
4 0 0 0 0.2144724
4 0 1 0 -0.0176551
4 0 1 1 0.0176024
4 0 2 0 0.0000000
4 0 2 1 -0.0000000
4 0 2 2 -0.0000357
4 0 3 0 0.0124398
4 0 3 1 0.0013982
4 0 3 2 0.0000000
4 0 3 3 0.0041282
4 0 4 0 0.0249747
4 0 4 1 -0.0026056
4 0 4 2 -0.0000000
4 0 4 3 0.0002857
4 0 4 4 -0.0019340
4 1 0 0 -0.0630362
4 1 1 0 0.0016148
4 1 1 1 -0.0241298
4 1 2 0 -0.0000000
4 1 2 1 0.0000000
4 1 2 2 0.0023672
4 1 3 0 0.0021283
4 1 3 1 0.0137542
4 1 3 2 -0.0000000
4 1 3 3 -0.0321779
4 1 4 0 -0.0026056
4 1 4 1 0.0095680
4 1 4 2 0.0000000
4 1 4 3 -0.0211530
4 1 4 4 0.0027765
4 2 0 0 -0.0000000
4 2 1 0 -0.0000000
4 2 1 1 -0.0000000
4 2 2 0 -0.0015049
4 2 2 1 0.0290406
4 2 2 2 -0.0000000
4 2 3 0 -0.0000000
4 2 3 1 -0.0000000
4 2 3 2 -0.0549981
4 2 3 3 0.0000000
4 2 4 0 -0.0000000
4 2 4 1 0.0000000
4 2 4 2 0.1245628
4 2 4 3 -0.0000000
4 2 4 4 0.0000000
4 3 0 0 0.1396827
4 3 1 0 -0.0029118
4 3 1 1 0.0518585
4 3 2 0 -0.0000000
4 3 2 1 -0.0000000
4 3 2 2 -0.0074018
4 3 3 0 -0.0102813
4 3 3 1 -0.0340687
4 3 3 2 0.0000000
4 3 3 3 0.0852989
4 3 4 0 0.0002857
4 3 4 1 -0.0211530
4 3 4 2 -0.0000000
4 3 4 3 0.0684464
4 3 4 4 0.0008234
4 4 0 0 0.5958695
4 4 1 0 -0.0132287
4 4 1 1 0.3659204
4 4 2 0 0.0000000
4 4 2 1 0.0000000
4 4 2 2 0.5117620
4 4 3 0 -0.0011976
4 4 3 1 -0.0368607
4 4 3 2 -0.0000000
4 4 3 3 0.4570906
4 4 4 0 -0.0019340
4 4 4 1 0.0027765
4 4 4 2 0.0000000
4 4 4 3 0.0008234
4 4 4 4 0.5404850
5 0 0 0 0.0000000
5 0 1 0 -0.0000000
5 0 1 1 0.0000000
5 0 2 0 0.0113377
5 0 2 1 0.0122430
5 0 2 2 -0.0000000
5 0 3 0 0.0000000
5 0 3 1 -0.0000000
5 0 3 2 -0.0092470
5 0 3 3 0.0000000
5 0 4 0 -0.0000000
5 0 4 1 -0.0000000
5 0 4 2 0.0017970
5 0 4 3 0.0000000
5 0 4 4 0.0000000
5 0 5 0 0.0234619
5 0 5 1 0.0171774
5 0 5 2 -0.0000000
5 0 5 3 -0.0057798
5 0 5 4 -0.0152380
5 0 5 5 -0.0000000
5 1 0 0 0.0000000
5 1 1 0 0.0000000
5 1 1 1 0.0000000
5 1 2 0 0.0085238
5 1 2 1 0.0350794
5 1 2 2 -0.0000000
5 1 3 0 -0.0000000
5 1 3 1 -0.0000000
5 1 3 2 -0.0178458
5 1 3 3 0.0000000
5 1 4 0 -0.0000000
5 1 4 1 -0.0000000
5 1 4 2 0.0005892
5 1 4 3 0.0000000
5 1 4 4 0.0000000
5 1 5 0 0.0171774
5 1 5 1 0.0517415
5 1 5 2 0.0000000
5 1 5 3 -0.0157926
5 1 5 4 -0.0203131
5 1 5 5 0.0000000
5 2 0 0 0.2353875
5 2 1 0 -0.0012762
5 2 1 1 0.1214293
5 2 2 0 -0.0000000
5 2 2 1 -0.0000000
5 2 2 2 0.0084398
5 2 3 0 -0.0001923
5 2 3 1 -0.0091385
5 2 3 2 0.0000000
5 2 3 3 0.0904367
5 2 4 0 0.0066244
5 2 4 1 -0.0224301
5 2 4 2 0.0000000
5 2 4 3 0.0584471
5 2 4 4 -0.0248458
5 2 5 0 -0.0000000
5 2 5 1 0.0000000
5 2 5 2 0.1111515
5 2 5 3 0.0000000
5 2 5 4 -0.0000000
5 2 5 5 0.0764512
5 3 0 0 -0.0000000
5 3 1 0 -0.0000000
5 3 1 1 -0.0000000
5 3 2 0 -0.0035634
5 3 2 1 -0.0038167
5 3 2 2 0.0000000
5 3 3 0 -0.0000000
5 3 3 1 -0.0000000
5 3 3 2 0.0039801
5 3 3 3 0.0000000
5 3 4 0 0.0000000
5 3 4 1 0.0000000
5 3 4 2 0.0372499
5 3 4 3 -0.0000000
5 3 4 4 0.0000000
5 3 5 0 -0.0057798
5 3 5 1 -0.0157926
5 3 5 2 0.0000000
5 3 5 3 0.0329814
5 3 5 4 -0.0164206
5 3 5 5 -0.0000000
5 4 0 0 -0.0000000
5 4 1 0 -0.0000000
5 4 1 1 -0.0000000
5 4 2 0 -0.0056912
5 4 2 1 -0.0389953
5 4 2 2 0.0000000
5 4 3 0 0.0000000
5 4 3 1 0.0000000
5 4 3 2 0.0662378
5 4 3 3 -0.0000000
5 4 4 0 0.0000000
5 4 4 1 -0.0000000
5 4 4 2 -0.1046423
5 4 4 3 0.0000000
5 4 4 4 -0.0000000
5 4 5 0 -0.0152380
5 4 5 1 -0.0203131
5 4 5 2 -0.0000000
5 4 5 3 -0.0164206
5 4 5 4 0.1159710
5 4 5 5 0.0000000
5 5 0 0 0.7916817
5 5 1 0 -0.0067997
5 5 1 1 0.5018921
5 5 2 0 -0.0000000
5 5 2 1 -0.0000000
5 5 2 2 0.5206805
5 5 3 0 0.0023987
5 5 3 1 -0.0340259
5 5 3 2 0.0000000
5 5 3 3 0.5154020
5 5 4 0 0.0086200
5 5 4 1 -0.0150675
5 5 4 2 -0.0000000
5 5 4 3 0.0295825
5 5 4 4 0.5006837
5 5 5 0 -0.0000000
5 5 5 1 0.0000000
5 5 5 2 0.0764512
5 5 5 3 -0.0000000
5 5 5 4 0.0000000
5 5 5 5 0.5871321
6 0 0 0 -0.1804589
6 0 1 0 0.0250766
6 0 1 1 0.0087918
6 0 2 0 -0.0000000
6 0 2 1 -0.0000000
6 0 2 2 -0.0043815
6 0 3 0 0.0012080
6 0 3 1 0.0097942
6 0 3 2 -0.0000000
6 0 3 3 -0.0099682
6 0 4 0 -0.0101139
6 0 4 1 0.0030896
6 0 4 2 -0.0000000
6 0 4 3 -0.0099919
6 0 4 4 -0.0140945
6 0 5 0 -0.0000000
6 0 5 1 0.0000000
6 0 5 2 -0.0011017
6 0 5 3 -0.0000000
6 0 5 4 -0.0000000
6 0 5 5 -0.0046873
6 0 6 0 0.0276427
6 0 6 1 0.0031808
6 0 6 2 -0.0000000
6 0 6 3 -0.0031944
6 0 6 4 -0.0032512
6 0 6 5 -0.0000000
6 0 6 6 0.0084577
6 1 0 0 0.2371261
6 1 1 0 -0.0000730
6 1 1 1 0.0684594
6 1 2 0 0.0000000
6 1 2 1 -0.0000000
6 1 2 2 0.0675463
6 1 3 0 0.0051807
6 1 3 1 -0.0408432
6 1 3 2 0.0000000
6 1 3 3 0.0697821
6 1 4 0 0.0102622
6 1 4 1 -0.0088161
6 1 4 2 -0.0000000
6 1 4 3 0.0161209
6 1 4 4 0.0573458
6 1 5 0 0.0000000
6 1 5 1 0.0000000
6 1 5 2 0.0415071
6 1 5 3 -0.0000000
6 1 5 4 -0.0000000
6 1 5 5 0.1059186
6 1 6 0 0.0031808
6 1 6 1 0.1148516
6 1 6 2 -0.0000000
6 1 6 3 0.0576804
6 1 6 4 -0.0000472
6 1 6 5 0.0000000
6 1 6 6 -0.0022427
6 2 0 0 -0.0000000
6 2 1 0 -0.0000000
6 2 1 1 -0.0000000
6 2 2 0 0.0034697
6 2 2 1 0.0134659
6 2 2 2 -0.0000000
6 2 3 0 -0.0000000
6 2 3 1 0.0000000
6 2 3 2 0.0008298
6 2 3 3 -0.0000000
6 2 4 0 -0.0000000
6 2 4 1 -0.0000000
6 2 4 2 -0.0016182
6 2 4 3 0.0000000
6 2 4 4 -0.0000000
6 2 5 0 0.0068243
6 2 5 1 0.0200072
6 2 5 2 -0.0000000
6 2 5 3 -0.0013848
6 2 5 4 -0.0022687
6 2 5 5 -0.0000000
6 2 6 0 -0.0000000
6 2 6 1 -0.0000000
6 2 6 2 0.0122796
6 2 6 3 -0.0000000
6 2 6 4 -0.0000000
6 2 6 5 0.0163658
6 2 6 6 -0.0000000
6 3 0 0 0.1255787
6 3 1 0 -0.0055105
6 3 1 1 -0.0143034
6 3 2 0 0.0000000
6 3 2 1 0.0000000
6 3 2 2 0.0535654
6 3 3 0 0.0035055
6 3 3 1 -0.0223572
6 3 3 2 0.0000000
6 3 3 3 0.0515555
6 3 4 0 -0.0005657
6 3 4 1 -0.0029264
6 3 4 2 0.0000000
6 3 4 3 0.0130463
6 3 4 4 0.0650791
6 3 5 0 -0.0000000
6 3 5 1 -0.0000000
6 3 5 2 0.0063783
6 3 5 3 0.0000000
6 3 5 4 0.0000000
6 3 5 5 0.0553984
6 3 6 0 -0.0031944
6 3 6 1 0.0576804
6 3 6 2 -0.0000000
6 3 6 3 0.0643310
6 3 6 4 0.0055670
6 3 6 5 -0.0000000
6 3 6 6 -0.0319387
6 4 0 0 0.0193435
6 4 1 0 -0.0001578
6 4 1 1 0.0045963
6 4 2 0 -0.0000000
6 4 2 1 -0.0000000
6 4 2 2 0.0012402
6 4 3 0 -0.0045072
6 4 3 1 -0.0076844
6 4 3 2 0.0000000
6 4 3 3 0.0207093
6 4 4 0 -0.0026314
6 4 4 1 -0.0029438
6 4 4 2 -0.0000000
6 4 4 3 0.0189726
6 4 4 4 0.0082156
6 4 5 0 -0.0000000
6 4 5 1 -0.0000000
6 4 5 2 0.0089996
6 4 5 3 0.0000000
6 4 5 4 0.0000000
6 4 5 5 0.0042848
6 4 6 0 -0.0032512
6 4 6 1 -0.0000472
6 4 6 2 -0.0000000
6 4 6 3 0.0055670
6 4 6 4 0.0085849
6 4 6 5 -0.0000000
6 4 6 6 0.0042463
6 5 0 0 0.0000000
6 5 1 0 0.0000000
6 5 1 1 0.0000000
6 5 2 0 0.0061299
6 5 2 1 0.0257383
6 5 2 2 -0.0000000
6 5 3 0 -0.0000000
6 5 3 1 -0.0000000
6 5 3 2 -0.0126629
6 5 3 3 0.0000000
6 5 4 0 -0.0000000
6 5 4 1 -0.0000000
6 5 4 2 0.0163512
6 5 4 3 0.0000000
6 5 4 4 0.0000000
6 5 5 0 0.0129483
6 5 5 1 0.0334833
6 5 5 2 -0.0000000
6 5 5 3 0.0016694
6 5 5 4 -0.0241891
6 5 5 5 -0.0000000
6 5 6 0 -0.0000000
6 5 6 1 0.0000000
6 5 6 2 0.0163658
6 5 6 3 -0.0000000
6 5 6 4 -0.0000000
6 5 6 5 0.0292474
6 5 6 6 -0.0000000
6 6 0 0 0.6899969
6 6 1 0 -0.0003656
6 6 1 1 0.5983619
6 6 2 0 0.0000000
6 6 2 1 -0.0000000
6 6 2 2 0.3855365
6 6 3 0 0.0127569
6 6 3 1 0.0782053
6 6 3 2 0.0000000
6 6 3 3 0.4797814
6 6 4 0 0.0156029
6 6 4 1 -0.0149535
6 6 4 2 -0.0000000
6 6 4 3 0.0336411
6 6 4 4 0.3519347
6 6 5 0 0.0000000
6 6 5 1 0.0000000
6 6 5 2 0.1003411
6 6 5 3 -0.0000000
6 6 5 4 -0.0000000
6 6 5 5 0.4582271
6 6 6 0 0.0084577
6 6 6 1 -0.0022427
6 6 6 2 -0.0000000
6 6 6 3 -0.0319387
6 6 6 4 0.0042463
6 6 6 5 -0.0000000
6 6 6 6 0.6514291
7 0 0 0 0.0837444
7 0 1 0 -0.0043006
7 0 1 1 0.0096297
7 0 2 0 0.0000000
7 0 2 1 -0.0000000
7 0 2 2 -0.0038759
7 0 3 0 -0.0003157
7 0 3 1 -0.0048943
7 0 3 2 0.0000000
7 0 3 3 0.0019048
7 0 4 0 0.0127188
7 0 4 1 -0.0023874
7 0 4 2 0.0000000
7 0 4 3 0.0027047
7 0 4 4 -0.0046186
7 0 5 0 0.0000000
7 0 5 1 -0.0000000
7 0 5 2 0.0013448
7 0 5 3 0.0000000
7 0 5 4 -0.0000000
7 0 5 5 0.0004787
7 0 6 0 -0.0050075
7 0 6 1 0.0042124
7 0 6 2 -0.0000000
7 0 6 3 -0.0046511
7 0 6 4 -0.0005675
7 0 6 5 -0.0000000
7 0 6 6 0.0028618
7 0 7 0 0.0112925
7 0 7 1 0.0020422
7 0 7 2 -0.0000000
7 0 7 3 -0.0013759
7 0 7 4 -0.0041604
7 0 7 5 -0.0000000
7 0 7 6 0.0029439
7 0 7 7 -0.0062526
7 1 0 0 0.0107769
7 1 1 0 0.0021370
7 1 1 1 0.0116525
7 1 2 0 -0.0000000
7 1 2 1 -0.0000000
7 1 2 2 -0.0091165
7 1 3 0 -0.0034048
7 1 3 1 -0.0102727
7 1 3 2 0.0000000
7 1 3 3 0.0074222
7 1 4 0 0.0001379
7 1 4 1 -0.0034923
7 1 4 2 -0.0000000
7 1 4 3 0.0086376
7 1 4 4 -0.0053286
7 1 5 0 -0.0000000
7 1 5 1 -0.0000000
7 1 5 2 0.0046851
7 1 5 3 -0.0000000
7 1 5 4 0.0000000
7 1 5 5 -0.0012681
7 1 6 0 -0.0001084
7 1 6 1 0.0027047
7 1 6 2 -0.0000000
7 1 6 3 -0.0059924
7 1 6 4 0.0022710
7 1 6 5 -0.0000000
7 1 6 6 0.0037387
7 1 7 0 0.0020422
7 1 7 1 0.0130910
7 1 7 2 0.0000000
7 1 7 3 0.0026448
7 1 7 4 0.0004581
7 1 7 5 0.0000000
7 1 7 6 -0.0048993
7 1 7 7 0.0019623
7 2 0 0 -0.0000000
7 2 1 0 -0.0000000
7 2 1 1 -0.0000000
7 2 2 0 -0.0039005
7 2 2 1 -0.0217468
7 2 2 2 0.0000000
7 2 3 0 0.0000000
7 2 3 1 0.0000000
7 2 3 2 0.0300111
7 2 3 3 -0.0000000
7 2 4 0 0.0000000
7 2 4 1 -0.0000000
7 2 4 2 -0.0423823
7 2 4 3 0.0000000
7 2 4 4 -0.0000000
7 2 5 0 -0.0092312
7 2 5 1 -0.0131843
7 2 5 2 -0.0000000
7 2 5 3 -0.0078359
7 2 5 4 0.0498347
7 2 5 5 0.0000000
7 2 6 0 -0.0000000
7 2 6 1 -0.0000000
7 2 6 2 -0.0052061
7 2 6 3 0.0000000
7 2 6 4 0.0000000
7 2 6 5 -0.0149678
7 2 6 6 -0.0000000
7 2 7 0 -0.0000000
7 2 7 1 0.0000000
7 2 7 2 0.0332246
7 2 7 3 -0.0000000
7 2 7 4 -0.0000000
7 2 7 5 0.0046476
7 2 7 6 0.0000000
7 2 7 7 -0.0000000
7 3 0 0 -0.0276236
7 3 1 0 -0.0027631
7 3 1 1 -0.0379703
7 3 2 0 0.0000000
7 3 2 1 0.0000000
7 3 2 2 0.0204902
7 3 3 0 -0.0041107
7 3 3 1 -0.0110142
7 3 3 2 -0.0000000
7 3 3 3 0.0003111
7 3 4 0 -0.0040246
7 3 4 1 0.0038579
7 3 4 2 0.0000000
7 3 4 3 0.0027030
7 3 4 4 0.0307282
7 3 5 0 0.0000000
7 3 5 1 -0.0000000
7 3 5 2 -0.0180392
7 3 5 3 0.0000000
7 3 5 4 -0.0000000
7 3 5 5 0.0023098
7 3 6 0 -0.0057669
7 3 6 1 -0.0051720
7 3 6 2 0.0000000
7 3 6 3 0.0120187
7 3 6 4 0.0072503
7 3 6 5 0.0000000
7 3 6 6 -0.0363870
7 3 7 0 -0.0013759
7 3 7 1 0.0026448
7 3 7 2 -0.0000000
7 3 7 3 0.0262782
7 3 7 4 0.0010732
7 3 7 5 -0.0000000
7 3 7 6 0.0017186
7 3 7 7 -0.0163224
7 4 0 0 0.1313106
7 4 1 0 -0.0076093
7 4 1 1 0.0274134
7 4 2 0 0.0000000
7 4 2 1 -0.0000000
7 4 2 2 0.0124650
7 4 3 0 0.0019195
7 4 3 1 -0.0016176
7 4 3 2 0.0000000
7 4 3 3 0.0431507
7 4 4 0 0.0004371
7 4 4 1 -0.0059214
7 4 4 2 -0.0000000
7 4 4 3 0.0249031
7 4 4 4 0.0178566
7 4 5 0 0.0000000
7 4 5 1 0.0000000
7 4 5 2 0.0327696
7 4 5 3 -0.0000000
7 4 5 4 -0.0000000
7 4 5 5 0.0302281
7 4 6 0 -0.0063030
7 4 6 1 0.0145140
7 4 6 2 0.0000000
7 4 6 3 0.0183966
7 4 6 4 0.0077236
7 4 6 5 0.0000000
7 4 6 6 0.0323831
7 4 7 0 -0.0041604
7 4 7 1 0.0004581
7 4 7 2 -0.0000000
7 4 7 3 0.0010732
7 4 7 4 0.0279132
7 4 7 5 0.0000000
7 4 7 6 -0.0007696
7 4 7 7 0.0381167
7 5 0 0 0.0000000
7 5 1 0 -0.0000000
7 5 1 1 0.0000000
7 5 2 0 -0.0033753
7 5 2 1 -0.0033576
7 5 2 2 0.0000000
7 5 3 0 0.0000000
7 5 3 1 -0.0000000
7 5 3 2 -0.0035030
7 5 3 3 0.0000000
7 5 4 0 0.0000000
7 5 4 1 0.0000000
7 5 4 2 0.0160573
7 5 4 3 0.0000000
7 5 4 4 0.0000000
7 5 5 0 -0.0057650
7 5 5 1 -0.0070136
7 5 5 2 0.0000000
7 5 5 3 0.0046757
7 5 5 4 -0.0052775
7 5 5 5 0.0000000
7 5 6 0 -0.0000000
7 5 6 1 0.0000000
7 5 6 2 -0.0051304
7 5 6 3 0.0000000
7 5 6 4 0.0000000
7 5 6 5 -0.0045692
7 5 6 6 0.0000000
7 5 7 0 -0.0000000
7 5 7 1 0.0000000
7 5 7 2 0.0046476
7 5 7 3 -0.0000000
7 5 7 4 0.0000000
7 5 7 5 0.0107763
7 5 7 6 -0.0000000
7 5 7 7 0.0000000
7 6 0 0 -0.0201135
7 6 1 0 0.0022237
7 6 1 1 -0.0017122
7 6 2 0 -0.0000000
7 6 2 1 -0.0000000
7 6 2 2 -0.0103345
7 6 3 0 -0.0073883
7 6 3 1 -0.0205747
7 6 3 2 0.0000000
7 6 3 3 0.0018959
7 6 4 0 -0.0018243
7 6 4 1 -0.0017029
7 6 4 2 0.0000000
7 6 4 3 0.0146099
7 6 4 4 -0.0015103
7 6 5 0 -0.0000000
7 6 5 1 -0.0000000
7 6 5 2 -0.0021862
7 6 5 3 0.0000000
7 6 5 4 0.0000000
7 6 5 5 -0.0081455
7 6 6 0 -0.0029344
7 6 6 1 -0.0013430
7 6 6 2 -0.0000000
7 6 6 3 -0.0086881
7 6 6 4 0.0064483
7 6 6 5 0.0000000
7 6 6 6 -0.0174834
7 6 7 0 0.0029439
7 6 7 1 -0.0048993
7 6 7 2 0.0000000
7 6 7 3 0.0017186
7 6 7 4 -0.0007696
7 6 7 5 -0.0000000
7 6 7 6 0.0412073
7 6 7 7 -0.0176123
7 7 0 0 0.5615975
7 7 1 0 -0.0086311
7 7 1 1 0.4493177
7 7 2 0 0.0000000
7 7 2 1 -0.0000000
7 7 2 2 0.3832949
7 7 3 0 0.0074259
7 7 3 1 0.0437393
7 7 3 2 -0.0000000
7 7 3 3 0.4194467
7 7 4 0 0.0026111
7 7 4 1 -0.0063428
7 7 4 2 -0.0000000
7 7 4 3 0.0205761
7 7 4 4 0.3693783
7 7 5 0 0.0000000
7 7 5 1 0.0000000
7 7 5 2 0.0550657
7 7 5 3 -0.0000000
7 7 5 4 -0.0000000
7 7 5 5 0.4072273
7 7 6 0 -0.0031139
7 7 6 1 -0.0138828
7 7 6 2 0.0000000
7 7 6 3 -0.0071249
7 7 6 4 0.0054481
7 7 6 5 0.0000000
7 7 6 6 0.5083520
7 7 7 0 -0.0062526
7 7 7 1 0.0019623
7 7 7 2 -0.0000000
7 7 7 3 -0.0163224
7 7 7 4 0.0381167
7 7 7 5 0.0000000
7 7 7 6 -0.0176123
7 7 7 7 0.5146546
8 0 0 0 0.0000000
8 0 1 0 0.0000000
8 0 1 1 0.0000000
8 0 2 0 0.0001900
8 0 2 1 0.0002930
8 0 2 2 -0.0000000
8 0 3 0 -0.0000000
8 0 3 1 -0.0000000
8 0 3 2 -0.0001317
8 0 3 3 0.0000000
8 0 4 0 -0.0000000
8 0 4 1 -0.0000000
8 0 4 2 -0.0000237
8 0 4 3 0.0000000
8 0 4 4 0.0000000
8 0 5 0 0.0003897
8 0 5 1 0.0004569
8 0 5 2 -0.0000000
8 0 5 3 -0.0000993
8 0 5 4 -0.0002270
8 0 5 5 -0.0000000
8 0 6 0 -0.0000000
8 0 6 1 0.0000000
8 0 6 2 0.0001845
8 0 6 3 -0.0000000
8 0 6 4 -0.0000000
8 0 6 5 0.0003500
8 0 6 6 -0.0000000
8 0 7 0 -0.0000000
8 0 7 1 -0.0000000
8 0 7 2 -0.0001588
8 0 7 3 0.0000000
8 0 7 4 0.0000000
8 0 7 5 -0.0001179
8 0 7 6 0.0000000
8 0 7 7 -0.0000000
8 0 8 0 0.0000104
8 0 8 1 0.0000044
8 0 8 2 -0.0000000
8 0 8 3 -0.0000464
8 0 8 4 0.0000015
8 0 8 5 0.0000000
8 0 8 6 0.0002018
8 0 8 7 0.0000280
8 0 8 8 -0.0000000
8 1 0 0 0.0000000
8 1 1 0 0.0000000
8 1 1 1 0.0000000
8 1 2 0 0.0013352
8 1 2 1 0.0113762
8 1 2 2 -0.0000000
8 1 3 0 -0.0000000
8 1 3 1 -0.0000000
8 1 3 2 -0.0047977
8 1 3 3 0.0000000
8 1 4 0 -0.0000000
8 1 4 1 -0.0000000
8 1 4 2 0.0077937
8 1 4 3 -0.0000000
8 1 4 4 0.0000000
8 1 5 0 0.0029084
8 1 5 1 0.0146309
8 1 5 2 -0.0000000
8 1 5 3 0.0015849
8 1 5 4 -0.0086590
8 1 5 5 -0.0000000
8 1 6 0 -0.0000000
8 1 6 1 0.0000000
8 1 6 2 0.0068615
8 1 6 3 0.0000000
8 1 6 4 -0.0000000
8 1 6 5 0.0095316
8 1 6 6 -0.0000000
8 1 7 0 -0.0000000
8 1 7 1 -0.0000000
8 1 7 2 -0.0056631
8 1 7 3 0.0000000
8 1 7 4 0.0000000
8 1 7 5 -0.0015580
8 1 7 6 -0.0000000
8 1 7 7 -0.0000000
8 1 8 0 0.0000044
8 1 8 1 0.0216760
8 1 8 2 -0.0000000
8 1 8 3 0.0127450
8 1 8 4 0.0007197
8 1 8 5 0.0000000
8 1 8 6 -0.0258608
8 1 8 7 0.0007340
8 1 8 8 -0.0000000
8 2 0 0 0.0194196
8 2 1 0 -0.0001169
8 2 1 1 0.0057029
8 2 2 0 -0.0000000
8 2 2 1 -0.0000000
8 2 2 2 0.0152064
8 2 3 0 0.0002127
8 2 3 1 -0.0053027
8 2 3 2 0.0000000
8 2 3 3 0.0097939
8 2 4 0 0.0001501
8 2 4 1 -0.0000819
8 2 4 2 -0.0000000
8 2 4 3 0.0002052
8 2 4 4 0.0136103
8 2 5 0 -0.0000000
8 2 5 1 -0.0000000
8 2 5 2 0.0022645
8 2 5 3 -0.0000000
8 2 5 4 0.0000000
8 2 5 5 0.0161260
8 2 6 0 -0.0000114
8 2 6 1 0.0139764
8 2 6 2 -0.0000000
8 2 6 3 0.0091711
8 2 6 4 -0.0000431
8 2 6 5 -0.0000000
8 2 6 6 -0.0065658
8 2 7 0 -0.0001633
8 2 7 1 -0.0009774
8 2 7 2 0.0000000
8 2 7 3 0.0017822
8 2 7 4 0.0010107
8 2 7 5 0.0000000
8 2 7 6 -0.0012376
8 2 7 7 -0.0077151
8 2 8 0 -0.0000000
8 2 8 1 -0.0000000
8 2 8 2 0.0042176
8 2 8 3 -0.0000000
8 2 8 4 -0.0000000
8 2 8 5 0.0033864
8 2 8 6 0.0000000
8 2 8 7 -0.0000000
8 2 8 8 -0.0294943
8 3 0 0 -0.0000000
8 3 1 0 0.0000000
8 3 1 1 0.0000000
8 3 2 0 0.0003843
8 3 2 1 0.0037472
8 3 2 2 -0.0000000
8 3 3 0 -0.0000000
8 3 3 1 0.0000000
8 3 3 2 -0.0001909
8 3 3 3 -0.0000000
8 3 4 0 -0.0000000
8 3 4 1 -0.0000000
8 3 4 2 0.0023228
8 3 4 3 -0.0000000
8 3 4 4 -0.0000000
8 3 5 0 0.0008259
8 3 5 1 0.0052146
8 3 5 2 -0.0000000
8 3 5 3 0.0019712
8 3 5 4 -0.0020234
8 3 5 5 -0.0000000
8 3 6 0 0.0000000
8 3 6 1 -0.0000000
8 3 6 2 0.0031752
8 3 6 3 -0.0000000
8 3 6 4 -0.0000000
8 3 6 5 0.0035985
8 3 6 6 0.0000000
8 3 7 0 0.0000000
8 3 7 1 -0.0000000
8 3 7 2 -0.0017235
8 3 7 3 -0.0000000
8 3 7 4 0.0000000
8 3 7 5 -0.0008053
8 3 7 6 0.0000000
8 3 7 7 0.0000000
8 3 8 0 -0.0000464
8 3 8 1 0.0127450
8 3 8 2 -0.0000000
8 3 8 3 0.0083429
8 3 8 4 0.0002875
8 3 8 5 -0.0000000
8 3 8 6 -0.0172826
8 3 8 7 -0.0012084
8 3 8 8 0.0000000
8 4 0 0 -0.0000000
8 4 1 0 -0.0000000
8 4 1 1 -0.0000000
8 4 2 0 -0.0000032
8 4 2 1 0.0013952
8 4 2 2 -0.0000000
8 4 3 0 -0.0000000
8 4 3 1 0.0000000
8 4 3 2 -0.0014905
8 4 3 3 -0.0000000
8 4 4 0 -0.0000000
8 4 4 1 0.0000000
8 4 4 2 0.0035900
8 4 4 3 -0.0000000
8 4 4 4 -0.0000000
8 4 5 0 0.0001217
8 4 5 1 0.0005617
8 4 5 2 -0.0000000
8 4 5 3 0.0009284
8 4 5 4 -0.0028396
8 4 5 5 -0.0000000
8 4 6 0 -0.0000000
8 4 6 1 -0.0000000
8 4 6 2 0.0002710
8 4 6 3 -0.0000000
8 4 6 4 -0.0000000
8 4 6 5 0.0006699
8 4 6 6 -0.0000000
8 4 7 0 -0.0000000
8 4 7 1 -0.0000000
8 4 7 2 -0.0013328
8 4 7 3 0.0000000
8 4 7 4 -0.0000000
8 4 7 5 0.0003055
8 4 7 6 0.0000000
8 4 7 7 0.0000000
8 4 8 0 0.0000015
8 4 8 1 0.0007197
8 4 8 2 -0.0000000
8 4 8 3 0.0002875
8 4 8 4 0.0002249
8 4 8 5 -0.0000000
8 4 8 6 -0.0003074
8 4 8 7 -0.0003281
8 4 8 8 0.0000000
8 5 0 0 0.0262787
8 5 1 0 0.0002655
8 5 1 1 0.0164460
8 5 2 0 0.0000000
8 5 2 1 -0.0000000
8 5 2 2 0.0120659
8 5 3 0 0.0003077
8 5 3 1 -0.0026442
8 5 3 2 0.0000000
8 5 3 3 0.0136044
8 5 4 0 0.0006256
8 5 4 1 -0.0012445
8 5 4 2 -0.0000000
8 5 4 3 0.0026763
8 5 4 4 0.0091248
8 5 5 0 0.0000000
8 5 5 1 0.0000000
8 5 5 2 0.0074651
8 5 5 3 -0.0000000
8 5 5 4 -0.0000000
8 5 5 5 0.0175644
8 5 6 0 0.0004238
8 5 6 1 0.0126337
8 5 6 2 -0.0000000
8 5 6 3 0.0060414
8 5 6 4 0.0001256
8 5 6 5 0.0000000
8 5 6 6 0.0046948
8 5 7 0 0.0001245
8 5 7 1 -0.0006067
8 5 7 2 -0.0000000
8 5 7 3 -0.0002783
8 5 7 4 0.0020320
8 5 7 5 0.0000000
8 5 7 6 -0.0003042
8 5 7 7 -0.0021897
8 5 8 0 0.0000000
8 5 8 1 0.0000000
8 5 8 2 0.0033864
8 5 8 3 -0.0000000
8 5 8 4 -0.0000000
8 5 8 5 0.0034045
8 5 8 6 -0.0000000
8 5 8 7 -0.0000000
8 5 8 8 -0.0175154
8 6 0 0 -0.0000000
8 6 1 0 -0.0000000
8 6 1 1 -0.0000000
8 6 2 0 -0.0001485
8 6 2 1 -0.0036828
8 6 2 2 0.0000000
8 6 3 0 0.0000000
8 6 3 1 0.0000000
8 6 3 2 0.0022984
8 6 3 3 -0.0000000
8 6 4 0 0.0000000
8 6 4 1 0.0000000
8 6 4 2 -0.0044994
8 6 4 3 0.0000000
8 6 4 4 -0.0000000
8 6 5 0 -0.0004065
8 6 5 1 -0.0048967
8 6 5 2 -0.0000000
8 6 5 3 -0.0014682
8 6 5 4 0.0035948
8 6 5 5 0.0000000
8 6 6 0 -0.0000000
8 6 6 1 -0.0000000
8 6 6 2 -0.0038216
8 6 6 3 0.0000000
8 6 6 4 0.0000000
8 6 6 5 -0.0032102
8 6 6 6 0.0000000
8 6 7 0 0.0000000
8 6 7 1 0.0000000
8 6 7 2 0.0020710
8 6 7 3 -0.0000000
8 6 7 4 -0.0000000
8 6 7 5 0.0004184
8 6 7 6 -0.0000000
8 6 7 7 0.0000000
8 6 8 0 0.0002018
8 6 8 1 -0.0258608
8 6 8 2 0.0000000
8 6 8 3 -0.0172826
8 6 8 4 -0.0003074
8 6 8 5 -0.0000000
8 6 8 6 0.0415335
8 6 8 7 -0.0010737
8 6 8 8 0.0000000
8 7 0 0 -0.0000000
8 7 1 0 -0.0000000
8 7 1 1 -0.0000000
8 7 2 0 -0.0001997
8 7 2 1 -0.0010949
8 7 2 2 0.0000000
8 7 3 0 0.0000000
8 7 3 1 0.0000000
8 7 3 2 0.0010809
8 7 3 3 -0.0000000
8 7 4 0 0.0000000
8 7 4 1 0.0000000
8 7 4 2 -0.0004719
8 7 4 3 -0.0000000
8 7 4 4 -0.0000000
8 7 5 0 -0.0003983
8 7 5 1 -0.0016080
8 7 5 2 0.0000000
8 7 5 3 0.0003005
8 7 5 4 0.0009582
8 7 5 5 0.0000000
8 7 6 0 0.0000000
8 7 6 1 -0.0000000
8 7 6 2 -0.0005184
8 7 6 3 0.0000000
8 7 6 4 0.0000000
8 7 6 5 -0.0007389
8 7 6 6 0.0000000
8 7 7 0 -0.0000000
8 7 7 1 -0.0000000
8 7 7 2 -0.0010909
8 7 7 3 0.0000000
8 7 7 4 0.0000000
8 7 7 5 -0.0011598
8 7 7 6 0.0000000
8 7 7 7 -0.0000000
8 7 8 0 0.0000280
8 7 8 1 0.0007340
8 7 8 2 -0.0000000
8 7 8 3 -0.0012084
8 7 8 4 -0.0003281
8 7 8 5 -0.0000000
8 7 8 6 -0.0010737
8 7 8 7 0.0210482
8 7 8 8 0.0000000
8 8 0 0 0.3244160
8 8 1 0 0.0029923
8 8 1 1 0.4398307
8 8 2 0 0.0000000
8 8 2 1 -0.0000000
8 8 2 2 0.2655466
8 8 3 0 0.0038177
8 8 3 1 0.0881070
8 8 3 2 -0.0000000
8 8 3 3 0.3229081
8 8 4 0 0.0041333
8 8 4 1 -0.0024255
8 8 4 2 -0.0000000
8 8 4 3 0.0070047
8 8 4 4 0.2380214
8 8 5 0 0.0000000
8 8 5 1 0.0000000
8 8 5 2 0.0446906
8 8 5 3 -0.0000000
8 8 5 4 -0.0000000
8 8 5 5 0.2898154
8 8 6 0 0.0059251
8 8 6 1 -0.0975087
8 8 6 2 0.0000000
8 8 6 3 -0.0873901
8 8 6 4 0.0001107
8 8 6 5 -0.0000000
8 8 6 6 0.5342758
8 8 7 0 0.0013682
8 8 7 1 0.0045967
8 8 7 2 -0.0000000
8 8 7 3 -0.0325814
8 8 7 4 0.0038849
8 8 7 5 0.0000000
8 8 7 6 -0.0081997
8 8 7 7 0.4670422
8 8 8 0 -0.0000000
8 8 8 1 -0.0000000
8 8 8 2 -0.0294943
8 8 8 3 0.0000000
8 8 8 4 0.0000000
8 8 8 5 -0.0175154
8 8 8 6 0.0000000
8 8 8 7 0.0000000
8 8 8 8 0.6728327
9 0 0 0 0.0027896
9 0 1 0 -0.0001217
9 0 1 1 0.0004594
9 0 2 0 0.0000000
9 0 2 1 -0.0000000
9 0 2 2 0.0003376
9 0 3 0 0.0000552
9 0 3 1 -0.0001908
9 0 3 2 0.0000000
9 0 3 3 0.0004739
9 0 4 0 0.0002066
9 0 4 1 -0.0000692
9 0 4 2 -0.0000000
9 0 4 3 0.0001408
9 0 4 4 0.0003354
9 0 5 0 0.0000000
9 0 5 1 0.0000000
9 0 5 2 0.0002277
9 0 5 3 -0.0000000
9 0 5 4 -0.0000000
9 0 5 5 0.0005818
9 0 6 0 -0.0000907
9 0 6 1 0.0004772
9 0 6 2 -0.0000000
9 0 6 3 0.0002268
9 0 6 4 0.0000127
9 0 6 5 0.0000000
9 0 6 6 0.0001402
9 0 7 0 0.0001214
9 0 7 1 0.0000156
9 0 7 2 -0.0000000
9 0 7 3 -0.0000170
9 0 7 4 0.0000853
9 0 7 5 0.0000000
9 0 7 6 0.0000201
9 0 7 7 -0.0000577
9 0 8 0 0.0000000
9 0 8 1 0.0000000
9 0 8 2 0.0000720
9 0 8 3 -0.0000000
9 0 8 4 -0.0000000
9 0 8 5 0.0000694
9 0 8 6 -0.0000000
9 0 8 7 0.0000000
9 0 8 8 -0.0004526
9 0 9 0 0.0000067
9 0 9 1 -0.0000517
9 0 9 2 0.0000000
9 0 9 3 -0.0000643
9 0 9 4 0.0000078
9 0 9 5 0.0000000
9 0 9 6 0.0002075
9 0 9 7 0.0000201
9 0 9 8 -0.0000000
9 0 9 9 -0.0031128
9 1 0 0 0.0045830
9 1 1 0 0.0001252
9 1 1 1 0.0022793
9 1 2 0 -0.0000000
9 1 2 1 -0.0000000
9 1 2 2 0.0025236
9 1 3 0 -0.0000328
9 1 3 1 -0.0018761
9 1 3 2 0.0000000
9 1 3 3 0.0021817
9 1 4 0 0.0001025
9 1 4 1 -0.0001904
9 1 4 2 -0.0000000
9 1 4 3 0.0005186
9 1 4 4 0.0021629
9 1 5 0 0.0000000
9 1 5 1 0.0000000
9 1 5 2 0.0010462
9 1 5 3 -0.0000000
9 1 5 4 -0.0000000
9 1 5 5 0.0033817
9 1 6 0 0.0000897
9 1 6 1 0.0043414
9 1 6 2 -0.0000000
9 1 6 3 0.0022364
9 1 6 4 -0.0000051
9 1 6 5 0.0000000
9 1 6 6 -0.0021398
9 1 7 0 0.0000890
9 1 7 1 -0.0002165
9 1 7 2 0.0000000
9 1 7 3 -0.0003294
9 1 7 4 0.0002310
9 1 7 5 0.0000000
9 1 7 6 0.0006849
9 1 7 7 0.0002768
9 1 8 0 0.0000000
9 1 8 1 0.0000000
9 1 8 2 0.0004537
9 1 8 3 -0.0000000
9 1 8 4 -0.0000000
9 1 8 5 0.0004410
9 1 8 6 -0.0000000
9 1 8 7 0.0000000
9 1 8 8 -0.0013613
9 1 9 0 -0.0000517
9 1 9 1 0.0041983
9 1 9 2 -0.0000000
9 1 9 3 0.0030931
9 1 9 4 -0.0001779
9 1 9 5 0.0000000
9 1 9 6 -0.0093577
9 1 9 7 0.0007792
9 1 9 8 -0.0000000
9 1 9 9 0.0412261
9 2 0 0 -0.0000000
9 2 1 0 -0.0000000
9 2 1 1 -0.0000000
9 2 2 0 0.0000370
9 2 2 1 0.0002389
9 2 2 2 -0.0000000
9 2 3 0 0.0000000
9 2 3 1 0.0000000
9 2 3 2 -0.0000225
9 2 3 3 -0.0000000
9 2 4 0 -0.0000000
9 2 4 1 -0.0000000
9 2 4 2 0.0000087
9 2 4 3 -0.0000000
9 2 4 4 -0.0000000
9 2 5 0 0.0000738
9 2 5 1 0.0003752
9 2 5 2 -0.0000000
9 2 5 3 -0.0000495
9 2 5 4 -0.0000225
9 2 5 5 -0.0000000
9 2 6 0 -0.0000000
9 2 6 1 -0.0000000
9 2 6 2 0.0002375
9 2 6 3 -0.0000000
9 2 6 4 -0.0000000
9 2 6 5 0.0002763
9 2 6 6 0.0000000
9 2 7 0 -0.0000000
9 2 7 1 0.0000000
9 2 7 2 -0.0000256
9 2 7 3 0.0000000
9 2 7 4 -0.0000000
9 2 7 5 -0.0000378
9 2 7 6 -0.0000000
9 2 7 7 0.0000000
9 2 8 0 0.0000011
9 2 8 1 0.0005465
9 2 8 2 -0.0000000
9 2 8 3 0.0003314
9 2 8 4 -0.0000010
9 2 8 5 -0.0000000
9 2 8 6 -0.0007504
9 2 8 7 0.0000536
9 2 8 8 0.0000000
9 2 9 0 0.0000000
9 2 9 1 -0.0000000
9 2 9 2 0.0002038
9 2 9 3 -0.0000000
9 2 9 4 -0.0000000
9 2 9 5 0.0001721
9 2 9 6 0.0000000
9 2 9 7 -0.0000000
9 2 9 8 -0.0016603
9 2 9 9 -0.0000000
9 3 0 0 0.0006803
9 3 1 0 -0.0000372
9 3 1 1 -0.0002996
9 3 2 0 0.0000000
9 3 2 1 0.0000000
9 3 2 2 0.0008400
9 3 3 0 0.0000606
9 3 3 1 -0.0003493
9 3 3 2 -0.0000000
9 3 3 3 0.0001611
9 3 4 0 -0.0000057
9 3 4 1 0.0000778
9 3 4 2 -0.0000000
9 3 4 3 -0.0000906
9 3 4 4 0.0007773
9 3 5 0 -0.0000000
9 3 5 1 -0.0000000
9 3 5 2 -0.0000180
9 3 5 3 -0.0000000
9 3 5 4 0.0000000
9 3 5 5 0.0007086
9 3 6 0 0.0000009
9 3 6 1 0.0012255
9 3 6 2 -0.0000000
9 3 6 3 0.0010466
9 3 6 4 -0.0000003
9 3 6 5 -0.0000000
9 3 6 6 -0.0011958
9 3 7 0 -0.0000421
9 3 7 1 0.0000008
9 3 7 2 0.0000000
9 3 7 3 0.0000636
9 3 7 4 0.0000548
9 3 7 5 0.0000000
9 3 7 6 -0.0002562
9 3 7 7 0.0012863
9 3 8 0 -0.0000000
9 3 8 1 -0.0000000
9 3 8 2 -0.0000567
9 3 8 3 -0.0000000
9 3 8 4 0.0000000
9 3 8 5 -0.0000635
9 3 8 6 0.0000000
9 3 8 7 -0.0000000
9 3 8 8 0.0013721
9 3 9 0 -0.0000643
9 3 9 1 0.0030931
9 3 9 2 -0.0000000
9 3 9 3 0.0025822
9 3 9 4 -0.0001460
9 3 9 5 -0.0000000
9 3 9 6 -0.0075671
9 3 9 7 -0.0005965
9 3 9 8 0.0000000
9 3 9 9 0.0452922
9 4 0 0 0.0008065
9 4 1 0 -0.0000516
9 4 1 1 0.0000492
9 4 2 0 -0.0000000
9 4 2 1 -0.0000000
9 4 2 2 0.0001744
9 4 3 0 0.0000220
9 4 3 1 -0.0000643
9 4 3 2 0.0000000
9 4 3 3 0.0001668
9 4 4 0 0.0000136
9 4 4 1 0.0000016
9 4 4 2 -0.0000000
9 4 4 3 0.0001014
9 4 4 4 0.0002027
9 4 5 0 -0.0000000
9 4 5 1 -0.0000000
9 4 5 2 0.0001316
9 4 5 3 0.0000000
9 4 5 4 0.0000000
9 4 5 5 0.0002110
9 4 6 0 -0.0000395
9 4 6 1 0.0002901
9 4 6 2 -0.0000000
9 4 6 3 0.0002642
9 4 6 4 0.0000483
9 4 6 5 -0.0000000
9 4 6 6 -0.0002172
9 4 7 0 -0.0000203
9 4 7 1 0.0000010
9 4 7 2 0.0000000
9 4 7 3 0.0000973
9 4 7 4 0.0001495
9 4 7 5 0.0000000
9 4 7 6 -0.0000745
9 4 7 7 -0.0001941
9 4 8 0 -0.0000000
9 4 8 1 -0.0000000
9 4 8 2 0.0000938
9 4 8 3 -0.0000000
9 4 8 4 -0.0000000
9 4 8 5 0.0000763
9 4 8 6 0.0000000
9 4 8 7 0.0000000
9 4 8 8 -0.0006210
9 4 9 0 0.0000078
9 4 9 1 -0.0001779
9 4 9 2 -0.0000000
9 4 9 3 -0.0001460
9 4 9 4 0.0000237
9 4 9 5 -0.0000000
9 4 9 6 0.0005345
9 4 9 7 -0.0002000
9 4 9 8 0.0000000
9 4 9 9 -0.0068490
9 5 0 0 0.0000000
9 5 1 0 0.0000000
9 5 1 1 0.0000000
9 5 2 0 0.0000725
9 5 2 1 0.0004486
9 5 2 2 -0.0000000
9 5 3 0 -0.0000000
9 5 3 1 -0.0000000
9 5 3 2 -0.0002404
9 5 3 3 0.0000000
9 5 4 0 -0.0000000
9 5 4 1 -0.0000000
9 5 4 2 0.0002641
9 5 4 3 -0.0000000
9 5 4 4 0.0000000
9 5 5 0 0.0001571
9 5 5 1 0.0006320
9 5 5 2 -0.0000000
9 5 5 3 -0.0000297
9 5 5 4 -0.0003459
9 5 5 5 -0.0000000
9 5 6 0 -0.0000000
9 5 6 1 0.0000000
9 5 6 2 0.0002913
9 5 6 3 0.0000000
9 5 6 4 -0.0000000
9 5 6 5 0.0004539
9 5 6 6 -0.0000000
9 5 7 0 -0.0000000
9 5 7 1 -0.0000000
9 5 7 2 -0.0001830
9 5 7 3 0.0000000
9 5 7 4 0.0000000
9 5 7 5 -0.0000158
9 5 7 6 -0.0000000
9 5 7 7 -0.0000000
9 5 8 0 0.0000036
9 5 8 1 0.0006027
9 5 8 2 -0.0000000
9 5 8 3 0.0003388
9 5 8 4 0.0000051
9 5 8 5 0.0000000
9 5 8 6 -0.0007034
9 5 8 7 -0.0000286
9 5 8 8 -0.0000000
9 5 9 0 0.0000000
9 5 9 1 0.0000000
9 5 9 2 0.0001721
9 5 9 3 -0.0000000
9 5 9 4 -0.0000000
9 5 9 5 0.0001496
9 5 9 6 0.0000000
9 5 9 7 -0.0000000
9 5 9 8 -0.0013728
9 5 9 9 -0.0000000
9 6 0 0 0.0033110
9 6 1 0 0.0000899
9 6 1 1 0.0044380
9 6 2 0 0.0000000
9 6 2 1 -0.0000000
9 6 2 2 0.0009411
9 6 3 0 0.0001105
9 6 3 1 0.0017861
9 6 3 2 -0.0000000
9 6 3 3 0.0026278
9 6 4 0 0.0001271
9 6 4 1 -0.0001669
9 6 4 2 -0.0000000
9 6 4 3 0.0002302
9 6 4 4 0.0008274
9 6 5 0 0.0000000
9 6 5 1 0.0000000
9 6 5 2 0.0006922
9 6 5 3 -0.0000000
9 6 5 4 -0.0000000
9 6 5 5 0.0016908
9 6 6 0 0.0001489
9 6 6 1 -0.0011806
9 6 6 2 0.0000000
9 6 6 3 -0.0011080
9 6 6 4 0.0000675
9 6 6 5 -0.0000000
9 6 6 6 0.0049746
9 6 7 0 0.0000215
9 6 7 1 0.0001244
9 6 7 2 0.0000000
9 6 7 3 0.0004668
9 6 7 4 0.0003149
9 6 7 5 0.0000000
9 6 7 6 -0.0006976
9 6 7 7 -0.0033648
9 6 8 0 0.0000000
9 6 8 1 0.0000000
9 6 8 2 0.0008680
9 6 8 3 -0.0000000
9 6 8 4 -0.0000000
9 6 8 5 0.0008642
9 6 8 6 -0.0000000
9 6 8 7 -0.0000000
9 6 8 8 -0.0065381
9 6 9 0 0.0002075
9 6 9 1 -0.0093577
9 6 9 2 0.0000000
9 6 9 3 -0.0075671
9 6 9 4 0.0005345
9 6 9 5 0.0000000
9 6 9 6 0.0232646
9 6 9 7 -0.0009195
9 6 9 8 0.0000000
9 6 9 9 -0.1527477
9 7 0 0 0.0009801
9 7 1 0 -0.0001036
9 7 1 1 -0.0007388
9 7 2 0 0.0000000
9 7 2 1 0.0000000
9 7 2 2 0.0007253
9 7 3 0 0.0000280
9 7 3 1 0.0001560
9 7 3 2 -0.0000000
9 7 3 3 0.0004094
9 7 4 0 -0.0000178
9 7 4 1 0.0001310
9 7 4 2 0.0000000
9 7 4 3 -0.0001271
9 7 4 4 0.0009206
9 7 5 0 -0.0000000
9 7 5 1 -0.0000000
9 7 5 2 -0.0003219
9 7 5 3 0.0000000
9 7 5 4 0.0000000
9 7 5 5 0.0004340
9 7 6 0 -0.0000591
9 7 6 1 0.0001241
9 7 6 2 -0.0000000
9 7 6 3 0.0001059
9 7 6 4 -0.0000405
9 7 6 5 -0.0000000
9 7 6 6 0.0001653
9 7 7 0 -0.0000504
9 7 7 1 -0.0011917
9 7 7 2 0.0000000
9 7 7 3 -0.0006441
9 7 7 4 0.0001982
9 7 7 5 0.0000000
9 7 7 6 0.0020636
9 7 7 7 0.0001771
9 7 8 0 -0.0000000
9 7 8 1 0.0000000
9 7 8 2 0.0000013
9 7 8 3 -0.0000000
9 7 8 4 0.0000000
9 7 8 5 -0.0001151
9 7 8 6 -0.0000000
9 7 8 7 -0.0000000
9 7 8 8 -0.0000619
9 7 9 0 0.0000201
9 7 9 1 0.0007792
9 7 9 2 -0.0000000
9 7 9 3 -0.0005965
9 7 9 4 -0.0002000
9 7 9 5 -0.0000000
9 7 9 6 -0.0009195
9 7 9 7 0.0091562
9 7 9 8 0.0000000
9 7 9 9 0.0149404
9 8 0 0 0.0000000
9 8 1 0 0.0000000
9 8 1 1 0.0000000
9 8 2 0 0.0000752
9 8 2 1 0.0012496
9 8 2 2 -0.0000000
9 8 3 0 -0.0000000
9 8 3 1 -0.0000000
9 8 3 2 -0.0004295
9 8 3 3 0.0000000
9 8 4 0 -0.0000000
9 8 4 1 -0.0000000
9 8 4 2 0.0010920
9 8 4 3 -0.0000000
9 8 4 4 0.0000000
9 8 5 0 0.0001850
9 8 5 1 0.0011461
9 8 5 2 -0.0000000
9 8 5 3 0.0002549
9 8 5 4 -0.0010347
9 8 5 5 -0.0000000
9 8 6 0 -0.0000000
9 8 6 1 -0.0000000
9 8 6 2 -0.0000798
9 8 6 3 0.0000000
9 8 6 4 -0.0000000
9 8 6 5 0.0002969
9 8 6 6 0.0000000
9 8 7 0 -0.0000000
9 8 7 1 -0.0000000
9 8 7 2 -0.0005029
9 8 7 3 0.0000000
9 8 7 4 0.0000000
9 8 7 5 -0.0000338
9 8 7 6 0.0000000
9 8 7 7 0.0000000
9 8 8 0 0.0000000
9 8 8 1 -0.0010375
9 8 8 2 0.0000000
9 8 8 3 -0.0009478
9 8 8 4 0.0002609
9 8 8 5 0.0000000
9 8 8 6 0.0030347
9 8 8 7 -0.0004312
9 8 8 8 0.0000000
9 8 9 0 -0.0000000
9 8 9 1 -0.0000000
9 8 9 2 -0.0016603
9 8 9 3 0.0000000
9 8 9 4 0.0000000
9 8 9 5 -0.0013728
9 8 9 6 0.0000000
9 8 9 7 0.0000000
9 8 9 8 0.0145315
9 8 9 9 0.0000000
9 9 0 0 0.3430185
9 9 1 0 0.0034242
9 9 1 1 0.5216002
9 9 2 0 0.0000000
9 9 2 1 -0.0000000
9 9 2 2 0.2719519
9 9 3 0 0.0044180
9 9 3 1 0.1351976
9 9 3 2 -0.0000000
9 9 3 3 0.3661912
9 9 4 0 0.0049451
9 9 4 1 -0.0044692
9 9 4 2 -0.0000000
9 9 4 3 0.0078493
9 9 4 4 0.2415145
9 9 5 0 0.0000000
9 9 5 1 0.0000000
9 9 5 2 0.0508909
9 9 5 3 -0.0000000
9 9 5 4 -0.0000000
9 9 5 5 0.3002935
9 9 6 0 0.0076588
9 9 6 1 -0.1941657
9 9 6 2 0.0000000
9 9 6 3 -0.1594005
9 9 6 4 0.0022551
9 9 6 5 -0.0000000
9 9 6 6 0.7469833
9 9 7 0 0.0020460
9 9 7 1 0.0113451
9 9 7 2 -0.0000000
9 9 7 3 -0.0478514
9 9 7 4 0.0026314
9 9 7 5 0.0000000
9 9 7 6 -0.0086934
9 9 7 7 0.6182418
9 9 8 0 -0.0000000
9 9 8 1 -0.0000000
9 9 8 2 -0.0481124
9 9 8 3 0.0000000
9 9 8 4 0.0000000
9 9 8 5 -0.0313456
9 9 8 6 0.0000000
9 9 8 7 0.0000000
9 9 8 8 0.8416887
9 9 9 0 -0.0031128
9 9 9 1 0.0412261
9 9 9 2 -0.0000000
9 9 9 3 0.0452922
9 9 9 4 -0.0068490
9 9 9 5 -0.0000000
9 9 9 6 -0.1527477
9 9 9 7 0.0149404
9 9 9 8 0.0000000
9 9 9 9 3.4993864
10 0 0 0 -0.0247536
10 0 1 0 0.0011522
10 0 1 1 -0.0035087
10 0 2 0 -0.0000000
10 0 2 1 0.0000000
10 0 2 2 -0.0001732
10 0 3 0 -0.0000174
10 0 3 1 0.0015705
10 0 3 2 -0.0000000
10 0 3 3 -0.0018228
10 0 4 0 -0.0031957
10 0 4 1 0.0007028
10 0 4 2 -0.0000000
10 0 4 3 -0.0009828
10 0 4 4 0.0000090
10 0 5 0 -0.0000000
10 0 5 1 -0.0000000
10 0 5 2 -0.0009259
10 0 5 3 -0.0000000
10 0 5 4 0.0000000
10 0 5 5 -0.0017807
10 0 6 0 0.0012583
10 0 6 1 -0.0021330
10 0 6 2 0.0000000
10 0 6 3 0.0004665
10 0 6 4 0.0000674
10 0 6 5 0.0000000
10 0 6 6 -0.0012559
10 0 7 0 -0.0027184
10 0 7 1 -0.0005637
10 0 7 2 0.0000000
10 0 7 3 0.0003000
10 0 7 4 0.0006775
10 0 7 5 0.0000000
10 0 7 6 -0.0005696
10 0 7 7 0.0013609
10 0 8 0 -0.0000000
10 0 8 1 -0.0000000
10 0 8 2 -0.0001505
10 0 8 3 0.0000000
10 0 8 4 0.0000000
10 0 8 5 -0.0002072
10 0 8 6 -0.0000000
10 0 8 7 -0.0000000
10 0 8 8 0.0007611
10 0 9 0 -0.0000357
10 0 9 1 -0.0000592
10 0 9 2 0.0000000
10 0 9 3 0.0000037
10 0 9 4 0.0000000
10 0 9 5 -0.0000000
10 0 9 6 -0.0000276
10 0 9 7 0.0000134
10 0 9 8 -0.0000000
10 0 9 9 0.0010082
10 0 10 0 0.0006750
10 0 10 1 0.0005553
10 0 10 2 -0.0000000
10 0 10 3 -0.0000215
10 0 10 4 -0.0001505
10 0 10 5 -0.0000000
10 0 10 6 0.0000065
10 0 10 7 0.0000526
10 0 10 8 -0.0000000
10 0 10 9 0.0000224
10 0 10 10 0.0012465
10 1 0 0 -0.0349571
10 1 1 0 -0.0014578
10 1 1 1 -0.0385715
10 1 2 0 0.0000000
10 1 2 1 0.0000000
10 1 2 2 -0.0146666
10 1 3 0 0.0008066
10 1 3 1 0.0029412
10 1 3 2 -0.0000000
10 1 3 3 -0.0249133
10 1 4 0 -0.0009140
10 1 4 1 0.0022709
10 1 4 2 0.0000000
10 1 4 3 -0.0056013
10 1 4 4 -0.0127740
10 1 5 0 0.0000000
10 1 5 1 -0.0000000
10 1 5 2 -0.0090945
10 1 5 3 0.0000000
10 1 5 4 0.0000000
10 1 5 5 -0.0234843
10 1 6 0 -0.0009057
10 1 6 1 -0.0109130
10 1 6 2 0.0000000
10 1 6 3 0.0007808
10 1 6 4 -0.0008621
10 1 6 5 0.0000000
10 1 6 6 -0.0217160
10 1 7 0 -0.0011131
10 1 7 1 -0.0000271
10 1 7 2 -0.0000000
10 1 7 3 0.0021256
10 1 7 4 -0.0016807
10 1 7 5 -0.0000000
10 1 7 6 -0.0051701
10 1 7 7 -0.0017388
10 1 8 0 -0.0000000
10 1 8 1 -0.0000000
10 1 8 2 -0.0036094
10 1 8 3 0.0000000
10 1 8 4 0.0000000
10 1 8 5 -0.0044168
10 1 8 6 -0.0000000
10 1 8 7 -0.0000000
10 1 8 8 0.0061704
10 1 9 0 -0.0001227
10 1 9 1 -0.0001351
10 1 9 2 0.0000000
10 1 9 3 0.0008047
10 1 9 4 -0.0001930
10 1 9 5 -0.0000000
10 1 9 6 -0.0037568
10 1 9 7 0.0002439
10 1 9 8 -0.0000000
10 1 9 9 0.0317292
10 1 10 0 0.0005553
10 1 10 1 0.0208276
10 1 10 2 -0.0000000
10 1 10 3 0.0098615
10 1 10 4 0.0007796
10 1 10 5 0.0000000
10 1 10 6 -0.0236436
10 1 10 7 -0.0003498
10 1 10 8 -0.0000000
10 1 10 9 -0.0005130
10 1 10 10 0.0462464
10 2 0 0 0.0000000
10 2 1 0 0.0000000
10 2 1 1 0.0000000
10 2 2 0 0.0007570
10 2 2 1 0.0043898
10 2 2 2 -0.0000000
10 2 3 0 -0.0000000
10 2 3 1 -0.0000000
10 2 3 2 -0.0065590
10 2 3 3 0.0000000
10 2 4 0 -0.0000000
10 2 4 1 0.0000000
10 2 4 2 0.0098139
10 2 4 3 -0.0000000
10 2 4 4 0.0000000
10 2 5 0 0.0018396
10 2 5 1 0.0021346
10 2 5 2 0.0000000
10 2 5 3 0.0021967
10 2 5 4 -0.0111863
10 2 5 5 -0.0000000
10 2 6 0 0.0000000
10 2 6 1 0.0000000
10 2 6 2 0.0010126
10 2 6 3 -0.0000000
10 2 6 4 -0.0000000
10 2 6 5 0.0029100
10 2 6 6 0.0000000
10 2 7 0 0.0000000
10 2 7 1 -0.0000000
10 2 7 2 -0.0074172
10 2 7 3 0.0000000
10 2 7 4 0.0000000
10 2 7 5 -0.0009609
10 2 7 6 0.0000000
10 2 7 7 -0.0000000
10 2 8 0 -0.0000209
10 2 8 1 0.0019148
10 2 8 2 0.0000000
10 2 8 3 0.0012725
10 2 8 4 0.0002460
10 2 8 5 0.0000000
10 2 8 6 -0.0033881
10 2 8 7 -0.0001670
10 2 8 8 -0.0000000
10 2 9 0 0.0000000
10 2 9 1 0.0000000
10 2 9 2 0.0000529
10 2 9 3 -0.0000000
10 2 9 4 0.0000000
10 2 9 5 0.0000752
10 2 9 6 0.0000000
10 2 9 7 -0.0000000
10 2 9 8 -0.0000969
10 2 9 9 -0.0000000
10 2 10 0 -0.0000000
10 2 10 1 -0.0000000
10 2 10 2 0.0028090
10 2 10 3 -0.0000000
10 2 10 4 -0.0000000
10 2 10 5 0.0010550
10 2 10 6 0.0000000
10 2 10 7 -0.0000000
10 2 10 8 -0.0113314
10 2 10 9 -0.0000000
10 2 10 10 -0.0000000
10 3 0 0 -0.0023872
10 3 1 0 0.0003499
10 3 1 1 -0.0068935
10 3 2 0 -0.0000000
10 3 2 1 -0.0000000
10 3 2 2 -0.0097561
10 3 3 0 0.0006569
10 3 3 1 -0.0014366
10 3 3 2 0.0000000
10 3 3 3 -0.0078970
10 3 4 0 0.0006048
10 3 4 1 -0.0008869
10 3 4 2 -0.0000000
10 3 4 3 -0.0010065
10 3 4 4 -0.0108736
10 3 5 0 -0.0000000
10 3 5 1 -0.0000000
10 3 5 2 0.0018317
10 3 5 3 -0.0000000
10 3 5 4 0.0000000
10 3 5 5 -0.0075119
10 3 6 0 0.0008168
10 3 6 1 0.0027544
10 3 6 2 -0.0000000
10 3 6 3 0.0004967
10 3 6 4 -0.0016815
10 3 6 5 -0.0000000
10 3 6 6 -0.0065784
10 3 7 0 0.0001718
10 3 7 1 0.0021982
10 3 7 2 0.0000000
10 3 7 3 -0.0035387
10 3 7 4 -0.0006403
10 3 7 5 0.0000000
10 3 7 6 -0.0059475
10 3 7 7 -0.0018502
10 3 8 0 0.0000000
10 3 8 1 -0.0000000
10 3 8 2 -0.0010779
10 3 8 3 -0.0000000
10 3 8 4 0.0000000
10 3 8 5 -0.0012578
10 3 8 6 0.0000000
10 3 8 7 0.0000000
10 3 8 8 0.0001209
10 3 9 0 -0.0000322
10 3 9 1 0.0003302
10 3 9 2 -0.0000000
10 3 9 3 0.0005586
10 3 9 4 -0.0000975
10 3 9 5 -0.0000000
10 3 9 6 -0.0022354
10 3 9 7 -0.0001106
10 3 9 8 0.0000000
10 3 9 9 0.0121462
10 3 10 0 -0.0000215
10 3 10 1 0.0098615
10 3 10 2 -0.0000000
10 3 10 3 0.0078713
10 3 10 4 0.0004254
10 3 10 5 -0.0000000
10 3 10 6 -0.0144072
10 3 10 7 -0.0081488
10 3 10 8 0.0000000
10 3 10 9 -0.0007826
10 3 10 10 0.0193078
10 4 0 0 -0.0299335
10 4 1 0 0.0017225
10 4 1 1 -0.0065939
10 4 2 0 -0.0000000
10 4 2 1 0.0000000
10 4 2 2 -0.0027203
10 4 3 0 -0.0005156
10 4 3 1 0.0000454
10 4 3 2 -0.0000000
10 4 3 3 -0.0095957
10 4 4 0 -0.0001550
10 4 4 1 0.0012644
10 4 4 2 0.0000000
10 4 4 3 -0.0055494
10 4 4 4 -0.0037936
10 4 5 0 -0.0000000
10 4 5 1 -0.0000000
10 4 5 2 -0.0075654
10 4 5 3 0.0000000
10 4 5 4 0.0000000
10 4 5 5 -0.0067524
10 4 6 0 0.0013763
10 4 6 1 -0.0034769
10 4 6 2 -0.0000000
10 4 6 3 -0.0042254
10 4 6 4 -0.0017314
10 4 6 5 -0.0000000
10 4 6 6 -0.0073935
10 4 7 0 0.0009377
10 4 7 1 0.0000427
10 4 7 2 0.0000000
10 4 7 3 -0.0001689
10 4 7 4 -0.0063899
10 4 7 5 -0.0000000
10 4 7 6 0.0000523
10 4 7 7 -0.0082339
10 4 8 0 0.0000000
10 4 8 1 -0.0000000
10 4 8 2 -0.0003595
10 4 8 3 -0.0000000
10 4 8 4 0.0000000
10 4 8 5 -0.0005946
10 4 8 6 0.0000000
10 4 8 7 -0.0000000
10 4 8 8 -0.0003458
10 4 9 0 -0.0000207
10 4 9 1 -0.0001063
10 4 9 2 0.0000000
10 4 9 3 -0.0000335
10 4 9 4 -0.0000378
10 4 9 5 -0.0000000
10 4 9 6 -0.0000415
10 4 9 7 -0.0000435
10 4 9 8 0.0000000
10 4 9 9 0.0000251
10 4 10 0 -0.0001505
10 4 10 1 0.0007796
10 4 10 2 -0.0000000
10 4 10 3 0.0004254
10 4 10 4 0.0014891
10 4 10 5 -0.0000000
10 4 10 6 -0.0007710
10 4 10 7 0.0009909
10 4 10 8 0.0000000
10 4 10 9 -0.0000353
10 4 10 10 0.0001618
10 5 0 0 -0.0000000
10 5 1 0 0.0000000
10 5 1 1 -0.0000000
10 5 2 0 0.0004880
10 5 2 1 -0.0006919
10 5 2 2 -0.0000000
10 5 3 0 -0.0000000
10 5 3 1 0.0000000
10 5 3 2 0.0016158
10 5 3 3 -0.0000000
10 5 4 0 -0.0000000
10 5 4 1 -0.0000000
10 5 4 2 -0.0040777
10 5 4 3 -0.0000000
10 5 4 4 -0.0000000
10 5 5 0 0.0007259
10 5 5 1 -0.0005271
10 5 5 2 -0.0000000
10 5 5 3 -0.0005825
10 5 5 4 0.0022003
10 5 5 5 -0.0000000
10 5 6 0 0.0000000
10 5 6 1 -0.0000000
10 5 6 2 0.0005309
10 5 6 3 -0.0000000
10 5 6 4 -0.0000000
10 5 6 5 -0.0002517
10 5 6 6 -0.0000000
10 5 7 0 0.0000000
10 5 7 1 -0.0000000
10 5 7 2 -0.0005237
10 5 7 3 0.0000000
10 5 7 4 -0.0000000
10 5 7 5 -0.0023555
10 5 7 6 -0.0000000
10 5 7 7 -0.0000000
10 5 8 0 -0.0000294
10 5 8 1 0.0000077
10 5 8 2 -0.0000000
10 5 8 3 0.0004924
10 5 8 4 -0.0001507
10 5 8 5 -0.0000000
10 5 8 6 -0.0018036
10 5 8 7 0.0002757
10 5 8 8 -0.0000000
10 5 9 0 -0.0000000
10 5 9 1 -0.0000000
10 5 9 2 0.0000303
10 5 9 3 -0.0000000
10 5 9 4 -0.0000000
10 5 9 5 0.0000007
10 5 9 6 -0.0000000
10 5 9 7 -0.0000000
10 5 9 8 -0.0002049
10 5 9 9 0.0000000
10 5 10 0 -0.0000000
10 5 10 1 0.0000000
10 5 10 2 0.0010550
10 5 10 3 -0.0000000
10 5 10 4 -0.0000000
10 5 10 5 0.0013862
10 5 10 6 -0.0000000
10 5 10 7 0.0000000
10 5 10 8 -0.0080263
10 5 10 9 -0.0000000
10 5 10 10 0.0000000
10 6 0 0 0.0217800
10 6 1 0 -0.0001589
10 6 1 1 0.0294222
10 6 2 0 0.0000000
10 6 2 1 -0.0000000
10 6 2 2 0.0136089
10 6 3 0 0.0018775
10 6 3 1 0.0111372
10 6 3 2 -0.0000000
10 6 3 3 0.0171758
10 6 4 0 0.0007648
10 6 4 1 -0.0000126
10 6 4 2 -0.0000000
10 6 4 3 -0.0021162
10 6 4 4 0.0096853
10 6 5 0 0.0000000
10 6 5 1 0.0000000
10 6 5 2 0.0045994
10 6 5 3 -0.0000000
10 6 5 4 -0.0000000
10 6 5 5 0.0161997
10 6 6 0 0.0012674
10 6 6 1 -0.0028913
10 6 6 2 0.0000000
10 6 6 3 -0.0037819
10 6 6 4 -0.0013450
10 6 6 5 -0.0000000
10 6 6 6 0.0319263
10 6 7 0 -0.0005011
10 6 7 1 -0.0045660
10 6 7 2 0.0000000
10 6 7 3 -0.0049583
10 6 7 4 0.0010139
10 6 7 5 0.0000000
10 6 7 6 0.0005737
10 6 7 7 0.0146203
10 6 8 0 0.0000000
10 6 8 1 0.0000000
10 6 8 2 0.0018034
10 6 8 3 -0.0000000
10 6 8 4 -0.0000000
10 6 8 5 0.0027079
10 6 8 6 0.0000000
10 6 8 7 0.0000000
10 6 8 8 0.0159526
10 6 9 0 0.0000902
10 6 9 1 -0.0013071
10 6 9 2 0.0000000
10 6 9 3 -0.0016589
10 6 9 4 0.0002362
10 6 9 5 0.0000000
10 6 9 6 0.0063830
10 6 9 7 -0.0000014
10 6 9 8 0.0000000
10 6 9 9 -0.0196655
10 6 10 0 0.0000065
10 6 10 1 -0.0236436
10 6 10 2 0.0000000
10 6 10 3 -0.0144072
10 6 10 4 -0.0007710
10 6 10 5 -0.0000000
10 6 10 6 0.0371005
10 6 10 7 0.0084092
10 6 10 8 0.0000000
10 6 10 9 0.0015594
10 6 10 10 -0.0396736
10 7 0 0 -0.0552357
10 7 1 0 0.0031907
10 7 1 1 0.0050841
10 7 2 0 -0.0000000
10 7 2 1 -0.0000000
10 7 2 2 -0.0317116
10 7 3 0 -0.0014396
10 7 3 1 0.0069365
10 7 3 2 0.0000000
10 7 3 3 -0.0215332
10 7 4 0 0.0004792
10 7 4 1 -0.0000327
10 7 4 2 -0.0000000
10 7 4 3 -0.0002864
10 7 4 4 -0.0349100
10 7 5 0 0.0000000
10 7 5 1 0.0000000
10 7 5 2 0.0002174
10 7 5 3 -0.0000000
10 7 5 4 -0.0000000
10 7 5 5 -0.0286927
10 7 6 0 0.0021644
10 7 6 1 -0.0199867
10 7 6 2 0.0000000
10 7 6 3 -0.0232371
10 7 6 4 -0.0010889
10 7 6 5 -0.0000000
10 7 6 6 0.0094524
10 7 7 0 0.0024795
10 7 7 1 -0.0050680
10 7 7 2 -0.0000000
10 7 7 3 -0.0112315
10 7 7 4 -0.0073021
10 7 7 5 -0.0000000
10 7 7 6 0.0256424
10 7 7 7 -0.0054843
10 7 8 0 -0.0000000
10 7 8 1 -0.0000000
10 7 8 2 -0.0044552
10 7 8 3 0.0000000
10 7 8 4 0.0000000
10 7 8 5 -0.0020484
10 7 8 6 0.0000000
10 7 8 7 0.0000000
10 7 8 8 0.0340599
10 7 9 0 -0.0000887
10 7 9 1 0.0001422
10 7 9 2 -0.0000000
10 7 9 3 -0.0000493
10 7 9 4 -0.0001870
10 7 9 5 -0.0000000
10 7 9 6 -0.0013617
10 7 9 7 0.0002962
10 7 9 8 0.0000000
10 7 9 9 0.0632170
10 7 10 0 0.0000526
10 7 10 1 -0.0003498
10 7 10 2 -0.0000000
10 7 10 3 -0.0081488
10 7 10 4 0.0009909
10 7 10 5 0.0000000
10 7 10 6 0.0084092
10 7 10 7 0.0750982
10 7 10 8 0.0000000
10 7 10 9 0.0038249
10 7 10 10 0.0676331
10 8 0 0 -0.0000000
10 8 1 0 -0.0000000
10 8 1 1 -0.0000000
10 8 2 0 -0.0007358
10 8 2 1 -0.0087604
10 8 2 2 0.0000000
10 8 3 0 0.0000000
10 8 3 1 0.0000000
10 8 3 2 0.0044092
10 8 3 3 -0.0000000
10 8 4 0 0.0000000
10 8 4 1 0.0000000
10 8 4 2 -0.0079524
10 8 4 3 0.0000000
10 8 4 4 -0.0000000
10 8 5 0 -0.0016583
10 8 5 1 -0.0102212
10 8 5 2 0.0000000
10 8 5 3 -0.0015714
10 8 5 4 0.0073850
10 8 5 5 0.0000000
10 8 6 0 -0.0000000
10 8 6 1 -0.0000000
10 8 6 2 -0.0053408
10 8 6 3 0.0000000
10 8 6 4 0.0000000
10 8 6 5 -0.0063713
10 8 6 6 0.0000000
10 8 7 0 0.0000000
10 8 7 1 0.0000000
10 8 7 2 0.0040199
10 8 7 3 -0.0000000
10 8 7 4 -0.0000000
10 8 7 5 0.0008308
10 8 7 6 -0.0000000
10 8 7 7 0.0000000
10 8 8 0 0.0004314
10 8 8 1 -0.0198569
10 8 8 2 0.0000000
10 8 8 3 -0.0145089
10 8 8 4 -0.0003204
10 8 8 5 -0.0000000
10 8 8 6 0.0392401
10 8 8 7 0.0012063
10 8 8 8 0.0000000
10 8 9 0 -0.0000000
10 8 9 1 -0.0000000
10 8 9 2 -0.0006164
10 8 9 3 0.0000000
10 8 9 4 0.0000000
10 8 9 5 -0.0006098
10 8 9 6 0.0000000
10 8 9 7 0.0000000
10 8 9 8 -0.0000316
10 8 9 9 0.0000000
10 8 10 0 -0.0000000
10 8 10 1 -0.0000000
10 8 10 2 -0.0113314
10 8 10 3 0.0000000
10 8 10 4 0.0000000
10 8 10 5 -0.0080263
10 8 10 6 0.0000000
10 8 10 7 0.0000000
10 8 10 8 0.1090359
10 8 10 9 -0.0000000
10 8 10 10 -0.0000000
10 9 0 0 0.0124984
10 9 1 0 0.0001776
10 9 1 1 0.0264678
10 9 2 0 0.0000000
10 9 2 1 -0.0000000
10 9 2 2 0.0079825
10 9 3 0 0.0003497
10 9 3 1 0.0115471
10 9 3 2 -0.0000000
10 9 3 3 0.0158424
10 9 4 0 0.0003281
10 9 4 1 -0.0003775
10 9 4 2 -0.0000000
10 9 4 3 0.0002031
10 9 4 4 0.0062068
10 9 5 0 0.0000000
10 9 5 1 0.0000000
10 9 5 2 0.0029578
10 9 5 3 -0.0000000
10 9 5 4 -0.0000000
10 9 5 5 0.0097064
10 9 6 0 0.0005970
10 9 6 1 -0.0180175
10 9 6 2 0.0000000
10 9 6 3 -0.0141001
10 9 6 4 0.0003556
10 9 6 5 -0.0000000
10 9 6 6 0.0501728
10 9 7 0 0.0001095
10 9 7 1 0.0010114
10 9 7 2 -0.0000000
10 9 7 3 -0.0031584
10 9 7 4 0.0000815
10 9 7 5 0.0000000
10 9 7 6 -0.0010508
10 9 7 7 0.0335518
10 9 8 0 -0.0000000
10 9 8 1 -0.0000000
10 9 8 2 -0.0038903
10 9 8 3 0.0000000
10 9 8 4 0.0000000
10 9 8 5 -0.0025542
10 9 8 6 0.0000000
10 9 8 7 0.0000000
10 9 8 8 0.0496115
10 9 9 0 -0.0003111
10 9 9 1 0.0068669
10 9 9 2 -0.0000000
10 9 9 3 0.0061184
10 9 9 4 -0.0007388
10 9 9 5 -0.0000000
10 9 9 6 -0.0201792
10 9 9 7 0.0036630
10 9 9 8 0.0000000
10 9 9 9 0.3648283
10 9 10 0 0.0000224
10 9 10 1 -0.0005130
10 9 10 2 -0.0000000
10 9 10 3 -0.0007826
10 9 10 4 -0.0000353
10 9 10 5 -0.0000000
10 9 10 6 0.0015594
10 9 10 7 0.0038249
10 9 10 8 -0.0000000
10 9 10 9 0.0530068
10 9 10 10 0.0389063
10 10 0 0 0.2902108
10 10 1 0 0.0021586
10 10 1 1 0.3866347
10 10 2 0 0.0000000
10 10 2 1 -0.0000000
10 10 2 2 0.2369510
10 10 3 0 0.0025877
10 10 3 1 0.0708249
10 10 3 2 -0.0000000
10 10 3 3 0.2889911
10 10 4 0 0.0031936
10 10 4 1 -0.0025894
10 10 4 2 -0.0000000
10 10 4 3 0.0083393
10 10 4 4 0.2156479
10 10 5 0 0.0000000
10 10 5 1 0.0000000
10 10 5 2 0.0371944
10 10 5 3 -0.0000000
10 10 5 4 -0.0000000
10 10 5 5 0.2568811
10 10 6 0 0.0040529
10 10 6 1 -0.0942068
10 10 6 2 0.0000000
10 10 6 3 -0.0817592
10 10 6 4 0.0001189
10 10 6 5 -0.0000000
10 10 6 6 0.4805755
10 10 7 0 0.0014361
10 10 7 1 0.0022457
10 10 7 2 -0.0000000
10 10 7 3 -0.0366934
10 10 7 4 0.0037833
10 10 7 5 0.0000000
10 10 7 6 0.0093934
10 10 7 7 0.4644438
10 10 8 0 -0.0000000
10 10 8 1 -0.0000000
10 10 8 2 -0.0308555
10 10 8 3 0.0000000
10 10 8 4 0.0000000
10 10 8 5 -0.0204011
10 10 8 6 0.0000000
10 10 8 7 0.0000000
10 10 8 8 0.6110812
10 10 9 0 -0.0005751
10 10 9 1 -0.0006102
10 10 9 2 0.0000000
10 10 9 3 0.0026930
10 10 9 4 -0.0010366
10 10 9 5 -0.0000000
10 10 9 6 -0.0138088
10 10 9 7 0.0004448
10 10 9 8 0.0000000
10 10 9 9 0.8412170
10 10 10 0 0.0012465
10 10 10 1 0.0462464
10 10 10 2 -0.0000000
10 10 10 3 0.0193078
10 10 10 4 0.0001618
10 10 10 5 0.0000000
10 10 10 6 -0.0396736
10 10 10 7 0.0676331
10 10 10 8 -0.0000000
10 10 10 9 0.0389063
10 10 10 10 0.7072844
11 0 0 0 -0.0800710
11 0 1 0 0.0038949
11 0 1 1 -0.0097640
11 0 2 0 -0.0000000
11 0 2 1 0.0000000
11 0 2 2 0.0037657
11 0 3 0 0.0006513
11 0 3 1 0.0052553
11 0 3 2 -0.0000000
11 0 3 3 -0.0020269
11 0 4 0 -0.0123078
11 0 4 1 0.0023889
11 0 4 2 -0.0000000
11 0 4 3 -0.0028386
11 0 4 4 0.0045022
11 0 5 0 -0.0000000
11 0 5 1 0.0000000
11 0 5 2 -0.0013298
11 0 5 3 -0.0000000
11 0 5 4 0.0000000
11 0 5 5 -0.0005736
11 0 6 0 0.0048176
11 0 6 1 -0.0044350
11 0 6 2 0.0000000
11 0 6 3 0.0046463
11 0 6 4 0.0004841
11 0 6 5 0.0000000
11 0 6 6 -0.0023675
11 0 7 0 -0.0111724
11 0 7 1 -0.0022156
11 0 7 2 0.0000000
11 0 7 3 0.0012082
11 0 7 4 0.0042263
11 0 7 5 0.0000000
11 0 7 6 -0.0029565
11 0 7 7 0.0067584
11 0 8 0 0.0000000
11 0 8 1 0.0000000
11 0 8 2 0.0000907
11 0 8 3 -0.0000000
11 0 8 4 0.0000000
11 0 8 5 -0.0001810
11 0 8 6 -0.0000000
11 0 8 7 -0.0000000
11 0 8 8 -0.0007559
11 0 9 0 -0.0001203
11 0 9 1 -0.0000997
11 0 9 2 0.0000000
11 0 9 3 0.0000480
11 0 9 4 0.0000182
11 0 9 5 0.0000000
11 0 9 6 -0.0000524
11 0 9 7 0.0000496
11 0 9 8 0.0000000
11 0 9 9 -0.0006610
11 0 10 0 0.0026942
11 0 10 1 0.0012591
11 0 10 2 -0.0000000
11 0 10 3 -0.0001877
11 0 10 4 -0.0009551
11 0 10 5 -0.0000000
11 0 10 6 0.0005640
11 0 10 7 -0.0020121
11 0 10 8 -0.0000000
11 0 10 9 0.0000113
11 0 10 10 -0.0004448
11 0 11 0 0.0110697
11 0 11 1 0.0039785
11 0 11 2 -0.0000000
11 0 11 3 -0.0006291
11 0 11 4 -0.0042425
11 0 11 5 -0.0000000
11 0 11 6 0.0028391
11 0 11 7 -0.0073607
11 0 11 8 0.0000000
11 0 11 9 0.0000670
11 0 11 10 0.0011709
11 0 11 11 0.0070800
11 1 0 0 -0.0153062
11 1 1 0 -0.0037045
11 1 1 1 -0.0236934
11 1 2 0 0.0000000
11 1 2 1 0.0000000
11 1 2 2 0.0150222
11 1 3 0 0.0055033
11 1 3 1 0.0262567
11 1 3 2 -0.0000000
11 1 3 3 -0.0076313
11 1 4 0 -0.0006810
11 1 4 1 0.0054535
11 1 4 2 0.0000000
11 1 4 3 -0.0162255
11 1 4 4 0.0112456
11 1 5 0 0.0000000
11 1 5 1 0.0000000
11 1 5 2 -0.0108769
11 1 5 3 0.0000000
11 1 5 4 -0.0000000
11 1 5 5 -0.0005968
11 1 6 0 0.0001297
11 1 6 1 -0.0131684
11 1 6 2 0.0000000
11 1 6 3 0.0100014
11 1 6 4 -0.0030105
11 1 6 5 0.0000000
11 1 6 6 0.0052234
11 1 7 0 -0.0038240
11 1 7 1 -0.0023139
11 1 7 2 -0.0000000
11 1 7 3 0.0071257
11 1 7 4 -0.0003359
11 1 7 5 -0.0000000
11 1 7 6 -0.0289892
11 1 7 7 0.0128273
11 1 8 0 0.0000000
11 1 8 1 0.0000000
11 1 8 2 0.0008644
11 1 8 3 0.0000000
11 1 8 4 0.0000000
11 1 8 5 -0.0007908
11 1 8 6 -0.0000000
11 1 8 7 -0.0000000
11 1 8 8 0.0065646
11 1 9 0 -0.0000668
11 1 9 1 -0.0010399
11 1 9 2 0.0000000
11 1 9 3 0.0000912
11 1 9 4 0.0000653
11 1 9 5 0.0000000
11 1 9 6 0.0009497
11 1 9 7 -0.0005206
11 1 9 8 0.0000000
11 1 9 9 0.0069789
11 1 10 0 0.0009879
11 1 10 1 0.0054273
11 1 10 2 0.0000000
11 1 10 3 0.0002191
11 1 10 4 0.0000780
11 1 10 5 0.0000000
11 1 10 6 0.0046858
11 1 10 7 -0.0149832
11 1 10 8 -0.0000000
11 1 10 9 0.0019595
11 1 10 10 -0.0115151
11 1 11 0 0.0039785
11 1 11 1 0.0336083
11 1 11 2 0.0000000
11 1 11 3 0.0096917
11 1 11 4 -0.0002081
11 1 11 5 0.0000000
11 1 11 6 -0.0011114
11 1 11 7 -0.0015117
11 1 11 8 0.0000000
11 1 11 9 -0.0000505
11 1 11 10 -0.0084044
11 1 11 11 0.0209839
11 2 0 0 0.0000000
11 2 1 0 0.0000000
11 2 1 1 0.0000000
11 2 2 0 0.0038745
11 2 2 1 0.0221973
11 2 2 2 -0.0000000
11 2 3 0 -0.0000000
11 2 3 1 -0.0000000
11 2 3 2 -0.0298419
11 2 3 3 0.0000000
11 2 4 0 -0.0000000
11 2 4 1 0.0000000
11 2 4 2 0.0443148
11 2 4 3 -0.0000000
11 2 4 4 0.0000000
11 2 5 0 0.0092471
11 2 5 1 0.0128066
11 2 5 2 0.0000000
11 2 5 3 0.0091881
11 2 5 4 -0.0511293
11 2 5 5 -0.0000000
11 2 6 0 0.0000000
11 2 6 1 0.0000000
11 2 6 2 0.0055828
11 2 6 3 -0.0000000
11 2 6 4 -0.0000000
11 2 6 5 0.0152683
11 2 6 6 0.0000000
11 2 7 0 0.0000000
11 2 7 1 -0.0000000
11 2 7 2 -0.0340177
11 2 7 3 0.0000000
11 2 7 4 0.0000000
11 2 7 5 -0.0045742
11 2 7 6 0.0000000
11 2 7 7 -0.0000000
11 2 8 0 0.0001557
11 2 8 1 0.0057110
11 2 8 2 -0.0000000
11 2 8 3 0.0021436
11 2 8 4 0.0015261
11 2 8 5 0.0000000
11 2 8 6 -0.0016450
11 2 8 7 -0.0020521
11 2 8 8 0.0000000
11 2 9 0 0.0000000
11 2 9 1 0.0000000
11 2 9 2 0.0000088
11 2 9 3 -0.0000000
11 2 9 4 -0.0000000
11 2 9 5 0.0001657
11 2 9 6 0.0000000
11 2 9 7 0.0000000
11 2 9 8 0.0006802
11 2 9 9 -0.0000000
11 2 10 0 -0.0000000
11 2 10 1 -0.0000000
11 2 10 2 0.0074960
11 2 10 3 -0.0000000
11 2 10 4 -0.0000000
11 2 10 5 0.0004296
11 2 10 6 0.0000000
11 2 10 7 0.0000000
11 2 10 8 -0.0022134
11 2 10 9 -0.0000000
11 2 10 10 0.0000000
11 2 11 0 -0.0000000
11 2 11 1 0.0000000
11 2 11 2 0.0357701
11 2 11 3 -0.0000000
11 2 11 4 -0.0000000
11 2 11 5 0.0047007
11 2 11 6 0.0000000
11 2 11 7 0.0000000
11 2 11 8 0.0024451
11 2 11 9 -0.0000000
11 2 11 10 0.0000000
11 2 11 11 -0.0000000
11 3 0 0 0.0539354
11 3 1 0 0.0021940
11 3 1 1 0.0472702
11 3 2 0 -0.0000000
11 3 2 1 -0.0000000
11 3 2 2 -0.0037746
11 3 3 0 0.0051107
11 3 3 1 0.0127087
11 3 3 2 0.0000000
11 3 3 3 0.0171504
11 3 4 0 0.0042139
11 3 4 1 -0.0048614
11 3 4 2 -0.0000000
11 3 4 3 -0.0029962
11 3 4 4 -0.0147445
11 3 5 0 -0.0000000
11 3 5 1 0.0000000
11 3 5 2 0.0203841
11 3 5 3 -0.0000000
11 3 5 4 0.0000000
11 3 5 5 0.0148701
11 3 6 0 0.0058908
11 3 6 1 0.0162420
11 3 6 2 -0.0000000
11 3 6 3 -0.0004973
11 3 6 4 -0.0073196
11 3 6 5 -0.0000000
11 3 6 6 0.0401616
11 3 7 0 0.0006293
11 3 7 1 0.0049701
11 3 7 2 0.0000000
11 3 7 3 -0.0192900
11 3 7 4 0.0013466
11 3 7 5 0.0000000
11 3 7 6 -0.0234428
11 3 7 7 0.0142269
11 3 8 0 -0.0000000
11 3 8 1 -0.0000000
11 3 8 2 0.0018868
11 3 8 3 -0.0000000
11 3 8 4 -0.0000000
11 3 8 5 0.0029032
11 3 8 6 0.0000000
11 3 8 7 0.0000000
11 3 8 8 0.0144376
11 3 9 0 0.0000817
11 3 9 1 0.0001351
11 3 9 2 -0.0000000
11 3 9 3 -0.0001392
11 3 9 4 0.0000507
11 3 9 5 -0.0000000
11 3 9 6 0.0014360
11 3 9 7 -0.0006521
11 3 9 8 -0.0000000
11 3 9 9 0.0064502
11 3 10 0 -0.0003831
11 3 10 1 -0.0048553
11 3 10 2 0.0000000
11 3 10 3 0.0039812
11 3 10 4 -0.0004134
11 3 10 5 -0.0000000
11 3 10 6 0.0075496
11 3 10 7 -0.0066741
11 3 10 8 0.0000000
11 3 10 9 0.0006538
11 3 10 10 -0.0034600
11 3 11 0 -0.0006291
11 3 11 1 0.0096917
11 3 11 2 -0.0000000
11 3 11 3 0.0330289
11 3 11 4 -0.0021445
11 3 11 5 -0.0000000
11 3 11 6 0.0047781
11 3 11 7 -0.0023738
11 3 11 8 -0.0000000
11 3 11 9 -0.0003988
11 3 11 10 -0.0000831
11 3 11 11 0.0254069
11 4 0 0 -0.1293072
11 4 1 0 0.0073920
11 4 1 1 -0.0306006
11 4 2 0 -0.0000000
11 4 2 1 0.0000000
11 4 2 2 -0.0101227
11 4 3 0 -0.0022293
11 4 3 1 -0.0015498
11 4 3 2 -0.0000000
11 4 3 3 -0.0426457
11 4 4 0 -0.0005805
11 4 4 1 0.0059509
11 4 4 2 0.0000000
11 4 4 3 -0.0243540
11 4 4 4 -0.0147395
11 4 5 0 -0.0000000
11 4 5 1 -0.0000000
11 4 5 2 -0.0335866
11 4 5 3 0.0000000
11 4 5 4 0.0000000
11 4 5 5 -0.0285242
11 4 6 0 0.0058726
11 4 6 1 -0.0116778
11 4 6 2 -0.0000000
11 4 6 3 -0.0160819
11 4 6 4 -0.0073956
11 4 6 5 -0.0000000
11 4 6 6 -0.0383024
11 4 7 0 0.0041622
11 4 7 1 -0.0007296
11 4 7 2 0.0000000
11 4 7 3 -0.0000439
11 4 7 4 -0.0278405
11 4 7 5 -0.0000000
11 4 7 6 0.0018860
11 4 7 7 -0.0428990
11 4 8 0 -0.0000000
11 4 8 1 -0.0000000
11 4 8 2 -0.0002731
11 4 8 3 -0.0000000
11 4 8 4 0.0000000
11 4 8 5 -0.0016379
11 4 8 6 -0.0000000
11 4 8 7 0.0000000
11 4 8 8 -0.0116079
11 4 9 0 -0.0000711
11 4 9 1 -0.0001215
11 4 9 2 0.0000000
11 4 9 3 -0.0000686
11 4 9 4 -0.0001312
11 4 9 5 -0.0000000
11 4 9 6 -0.0002486
11 4 9 7 -0.0000363
11 4 9 8 -0.0000000
11 4 9 9 -0.0162543
11 4 10 0 -0.0007048
11 4 10 1 0.0013044
11 4 10 2 -0.0000000
11 4 10 3 0.0002949
11 4 10 4 0.0063524
11 4 10 5 0.0000000
11 4 10 6 -0.0010685
11 4 10 7 0.0074564
11 4 10 8 -0.0000000
11 4 10 9 -0.0011922
11 4 10 10 -0.0114965
11 4 11 0 -0.0042425
11 4 11 1 -0.0002081
11 4 11 2 -0.0000000
11 4 11 3 -0.0021445
11 4 11 4 0.0281524
11 4 11 5 0.0000000
11 4 11 6 -0.0015876
11 4 11 7 0.0304218
11 4 11 8 -0.0000000
11 4 11 9 0.0005089
11 4 11 10 -0.0073826
11 4 11 11 -0.0442827
11 5 0 0 -0.0000000
11 5 1 0 0.0000000
11 5 1 1 -0.0000000
11 5 2 0 0.0031708
11 5 2 1 0.0017997
11 5 2 2 -0.0000000
11 5 3 0 -0.0000000
11 5 3 1 0.0000000
11 5 3 2 0.0051605
11 5 3 3 -0.0000000
11 5 4 0 -0.0000000
11 5 4 1 -0.0000000
11 5 4 2 -0.0170799
11 5 4 3 -0.0000000
11 5 4 4 -0.0000000
11 5 5 0 0.0053122
11 5 5 1 0.0048340
11 5 5 2 -0.0000000
11 5 5 3 -0.0035513
11 5 5 4 0.0068667
11 5 5 5 -0.0000000
11 5 6 0 0.0000000
11 5 6 1 -0.0000000
11 5 6 2 0.0047044
11 5 6 3 -0.0000000
11 5 6 4 -0.0000000
11 5 6 5 0.0035779
11 5 6 6 -0.0000000
11 5 7 0 0.0000000
11 5 7 1 -0.0000000
11 5 7 2 -0.0040392
11 5 7 3 0.0000000
11 5 7 4 -0.0000000
11 5 7 5 -0.0108954
11 5 7 6 0.0000000
11 5 7 7 -0.0000000
11 5 8 0 0.0001099
11 5 8 1 0.0002886
11 5 8 2 -0.0000000
11 5 8 3 0.0006031
11 5 8 4 -0.0003334
11 5 8 5 -0.0000000
11 5 8 6 0.0010229
11 5 8 7 -0.0012472
11 5 8 8 -0.0000000
11 5 9 0 -0.0000000
11 5 9 1 -0.0000000
11 5 9 2 0.0000036
11 5 9 3 -0.0000000
11 5 9 4 -0.0000000
11 5 9 5 -0.0000311
11 5 9 6 -0.0000000
11 5 9 7 -0.0000000
11 5 9 8 -0.0000408
11 5 9 9 -0.0000000
11 5 10 0 -0.0000000
11 5 10 1 0.0000000
11 5 10 2 0.0006857
11 5 10 3 -0.0000000
11 5 10 4 0.0000000
11 5 10 5 0.0023813
11 5 10 6 -0.0000000
11 5 10 7 0.0000000
11 5 10 8 0.0026342
11 5 10 9 -0.0000000
11 5 10 10 -0.0000000
11 5 11 0 -0.0000000
11 5 11 1 0.0000000
11 5 11 2 0.0047007
11 5 11 3 -0.0000000
11 5 11 4 0.0000000
11 5 11 5 0.0119218
11 5 11 6 -0.0000000
11 5 11 7 0.0000000
11 5 11 8 -0.0005419
11 5 11 9 0.0000000
11 5 11 10 -0.0000000
11 5 11 11 -0.0000000
11 6 0 0 0.0157126
11 6 1 0 -0.0019120
11 6 1 1 -0.0010259
11 6 2 0 0.0000000
11 6 2 1 0.0000000
11 6 2 2 0.0034520
11 6 3 0 0.0068108
11 6 3 1 0.0134907
11 6 3 2 -0.0000000
11 6 3 3 -0.0070229
11 6 4 0 0.0017826
11 6 4 1 0.0015949
11 6 4 2 -0.0000000
11 6 4 3 -0.0115238
11 6 4 4 -0.0050660
11 6 5 0 0.0000000
11 6 5 1 0.0000000
11 6 5 2 0.0041260
11 6 5 3 -0.0000000
11 6 5 4 -0.0000000
11 6 5 5 0.0035074
11 6 6 0 0.0028262
11 6 6 1 0.0051444
11 6 6 2 -0.0000000
11 6 6 3 0.0066980
11 6 6 4 -0.0069758
11 6 6 5 -0.0000000
11 6 6 6 0.0083140
11 6 7 0 -0.0024811
11 6 7 1 -0.0165395
11 6 7 2 0.0000000
11 6 7 3 -0.0175859
11 6 7 4 0.0016828
11 6 7 5 0.0000000
11 6 7 6 0.0041307
11 6 7 7 0.0083095
11 6 8 0 -0.0000000
11 6 8 1 0.0000000
11 6 8 2 0.0003004
11 6 8 3 -0.0000000
11 6 8 4 -0.0000000
11 6 8 5 0.0004800
11 6 8 6 0.0000000
11 6 8 7 0.0000000
11 6 8 8 0.0026427
11 6 9 0 -0.0000120
11 6 9 1 0.0007478
11 6 9 2 -0.0000000
11 6 9 3 0.0003363
11 6 9 4 -0.0000982
11 6 9 5 -0.0000000
11 6 9 6 -0.0018328
11 6 9 7 0.0018623
11 6 9 8 -0.0000000
11 6 9 9 0.0092322
11 6 10 0 0.0007038
11 6 10 1 0.0051613
11 6 10 2 -0.0000000
11 6 10 3 0.0024633
11 6 10 4 -0.0005119
11 6 10 5 -0.0000000
11 6 10 6 0.0001041
11 6 10 7 0.0143140
11 6 10 8 0.0000000
11 6 10 9 -0.0004860
11 6 10 10 0.0254097
11 6 11 0 0.0028391
11 6 11 1 -0.0011114
11 6 11 2 0.0000000
11 6 11 3 0.0047781
11 6 11 4 -0.0015876
11 6 11 5 -0.0000000
11 6 11 6 0.0329518
11 6 11 7 -0.0127058
11 6 11 8 -0.0000000
11 6 11 9 0.0015824
11 6 11 10 0.0103071
11 6 11 11 0.0047574
11 7 0 0 -0.2547319
11 7 1 0 0.0112914
11 7 1 1 -0.0213832
11 7 2 0 -0.0000000
11 7 2 1 -0.0000000
11 7 2 2 -0.1312315
11 7 3 0 -0.0039442
11 7 3 1 0.0472805
11 7 3 2 -0.0000000
11 7 3 3 -0.1054457
11 7 4 0 0.0011239
11 7 4 1 0.0036601
11 7 4 2 -0.0000000
11 7 4 3 -0.0142474
11 7 4 4 -0.1410040
11 7 5 0 0.0000000
11 7 5 1 -0.0000000
11 7 5 2 -0.0156495
11 7 5 3 0.0000000
11 7 5 4 -0.0000000
11 7 5 5 -0.1334149
11 7 6 0 0.0085225
11 7 6 1 -0.0957589
11 7 6 2 0.0000000
11 7 6 3 -0.0860547
11 7 6 4 -0.0047861
11 7 6 5 -0.0000000
11 7 6 6 0.0262617
11 7 7 0 0.0075975
11 7 7 1 0.0082946
11 7 7 2 -0.0000000
11 7 7 3 -0.0175996
11 7 7 4 -0.0361067
11 7 7 5 -0.0000000
11 7 7 6 0.0021911
11 7 7 7 0.0050323
11 7 8 0 -0.0000000
11 7 8 1 -0.0000000
11 7 8 2 -0.0193323
11 7 8 3 0.0000000
11 7 8 4 0.0000000
11 7 8 5 -0.0143907
11 7 8 6 0.0000000
11 7 8 7 0.0000000
11 7 8 8 0.1510897
11 7 9 0 -0.0004632
11 7 9 1 -0.0022780
11 7 9 2 0.0000000
11 7 9 3 0.0002268
11 7 9 4 -0.0005442
11 7 9 5 -0.0000000
11 7 9 6 -0.0038522
11 7 9 7 -0.0011144
11 7 9 8 0.0000000
11 7 9 9 0.2608285
11 7 10 0 -0.0005072
11 7 10 1 0.0128153
11 7 10 2 -0.0000000
11 7 10 3 0.0057456
11 7 10 4 0.0086175
11 7 10 5 0.0000000
11 7 10 6 -0.0043558
11 7 10 7 0.0287847
11 7 10 8 0.0000000
11 7 10 9 0.0193252
11 7 10 10 0.1626473
11 7 11 0 -0.0073607
11 7 11 1 -0.0015117
11 7 11 2 0.0000000
11 7 11 3 -0.0023738
11 7 11 4 0.0304218
11 7 11 5 0.0000000
11 7 11 6 -0.0127058
11 7 11 7 0.2035810
11 7 11 8 -0.0000000
11 7 11 9 -0.0030652
11 7 11 10 -0.0593324
11 7 11 11 -0.0251513
11 8 0 0 0.0000000
11 8 1 0 0.0000000
11 8 1 1 0.0000000
11 8 2 0 0.0003670
11 8 2 1 0.0038126
11 8 2 2 -0.0000000
11 8 3 0 -0.0000000
11 8 3 1 -0.0000000
11 8 3 2 -0.0016050
11 8 3 3 0.0000000
11 8 4 0 -0.0000000
11 8 4 1 0.0000000
11 8 4 2 0.0054036
11 8 4 3 -0.0000000
11 8 4 4 0.0000000
11 8 5 0 0.0008983
11 8 5 1 0.0028178
11 8 5 2 0.0000000
11 8 5 3 0.0022226
11 8 5 4 -0.0049503
11 8 5 5 -0.0000000
11 8 6 0 0.0000000
11 8 6 1 0.0000000
11 8 6 2 0.0022245
11 8 6 3 -0.0000000
11 8 6 4 -0.0000000
11 8 6 5 0.0029296
11 8 6 6 -0.0000000
11 8 7 0 -0.0000000
11 8 7 1 -0.0000000
11 8 7 2 -0.0050556
11 8 7 3 0.0000000
11 8 7 4 0.0000000
11 8 7 5 -0.0020531
11 8 7 6 0.0000000
11 8 7 7 -0.0000000
11 8 8 0 -0.0000659
11 8 8 1 0.0071695
11 8 8 2 -0.0000000
11 8 8 3 0.0035288
11 8 8 4 0.0000406
11 8 8 5 0.0000000
11 8 8 6 -0.0115440
11 8 8 7 0.0181299
11 8 8 8 -0.0000000
11 8 9 0 0.0000000
11 8 9 1 0.0000000
11 8 9 2 0.0002162
11 8 9 3 -0.0000000
11 8 9 4 -0.0000000
11 8 9 5 0.0001429
11 8 9 6 -0.0000000
11 8 9 7 -0.0000000
11 8 9 8 -0.0001755
11 8 9 9 -0.0000000
11 8 10 0 0.0000000
11 8 10 1 0.0000000
11 8 10 2 0.0032252
11 8 10 3 -0.0000000
11 8 10 4 -0.0000000
11 8 10 5 0.0022978
11 8 10 6 -0.0000000
11 8 10 7 -0.0000000
11 8 10 8 -0.0253045
11 8 10 9 0.0000000
11 8 10 10 -0.0000000
11 8 11 0 0.0000000
11 8 11 1 0.0000000
11 8 11 2 0.0024451
11 8 11 3 -0.0000000
11 8 11 4 -0.0000000
11 8 11 5 -0.0005419
11 8 11 6 -0.0000000
11 8 11 7 -0.0000000
11 8 11 8 0.0229396
11 8 11 9 -0.0000000
11 8 11 10 0.0000000
11 8 11 11 -0.0000000
11 9 0 0 -0.0046698
11 9 1 0 -0.0000761
11 9 1 1 -0.0069761
11 9 2 0 0.0000000
11 9 2 1 0.0000000
11 9 2 2 -0.0020924
11 9 3 0 0.0000236
11 9 3 1 -0.0012300
11 9 3 2 -0.0000000
11 9 3 3 -0.0041944
11 9 4 0 -0.0001070
11 9 4 1 0.0003388
11 9 4 2 0.0000000
11 9 4 3 -0.0006422
11 9 4 4 -0.0017358
11 9 5 0 -0.0000000
11 9 5 1 -0.0000000
11 9 5 2 -0.0012482
11 9 5 3 0.0000000
11 9 5 4 0.0000000
11 9 5 5 -0.0030384
11 9 6 0 -0.0000710
11 9 6 1 0.0026362
11 9 6 2 -0.0000000
11 9 6 3 0.0024045
11 9 6 4 -0.0002297
11 9 6 5 -0.0000000
11 9 6 6 -0.0098895
11 9 7 0 -0.0000869
11 9 7 1 -0.0011323
11 9 7 2 0.0000000
11 9 7 3 0.0000499
11 9 7 4 -0.0002020
11 9 7 5 -0.0000000
11 9 7 6 0.0012311
11 9 7 7 -0.0065729
11 9 8 0 0.0000000
11 9 8 1 0.0000000
11 9 8 2 0.0006136
11 9 8 3 -0.0000000
11 9 8 4 -0.0000000
11 9 8 5 0.0002405
11 9 8 6 -0.0000000
11 9 8 7 -0.0000000
11 9 8 8 -0.0085153
11 9 9 0 0.0000663
11 9 9 1 -0.0006808
11 9 9 2 -0.0000000
11 9 9 3 -0.0015851
11 9 9 4 -0.0000329
11 9 9 5 -0.0000000
11 9 9 6 0.0028971
11 9 9 7 0.0066747
11 9 9 8 -0.0000000
11 9 9 9 -0.0538242
11 9 10 0 0.0000260
11 9 10 1 0.0007760
11 9 10 2 -0.0000000
11 9 10 3 0.0002866
11 9 10 4 0.0000577
11 9 10 5 0.0000000
11 9 10 6 -0.0005845
11 9 10 7 -0.0007309
11 9 10 8 0.0000000
11 9 10 9 -0.0071200
11 9 10 10 -0.0059737
11 9 11 0 0.0000670
11 9 11 1 -0.0000505
11 9 11 2 -0.0000000
11 9 11 3 -0.0003988
11 9 11 4 0.0005089
11 9 11 5 0.0000000
11 9 11 6 0.0015824
11 9 11 7 -0.0030652
11 9 11 8 -0.0000000
11 9 11 9 0.0067783
11 9 11 10 -0.0001083
11 9 11 11 -0.0052262
11 10 0 0 0.0747561
11 10 1 0 -0.0018443
11 10 1 1 0.0276858
11 10 2 0 0.0000000
11 10 2 1 -0.0000000
11 10 2 2 0.0365287
11 10 3 0 0.0005693
11 10 3 1 -0.0125640
11 10 3 2 0.0000000
11 10 3 3 0.0372085
11 10 4 0 0.0002561
11 10 4 1 -0.0021750
11 10 4 2 -0.0000000
11 10 4 3 0.0064812
11 10 4 4 0.0374157
11 10 5 0 0.0000000
11 10 5 1 0.0000000
11 10 5 2 0.0088253
11 10 5 3 -0.0000000
11 10 5 4 -0.0000000
11 10 5 5 0.0419148
11 10 6 0 -0.0014394
11 10 6 1 0.0263432
11 10 6 2 -0.0000000
11 10 6 3 0.0173378
11 10 6 4 0.0012966
11 10 6 5 0.0000000
11 10 6 6 0.0077003
11 10 7 0 -0.0010034
11 10 7 1 -0.0059295
11 10 7 2 0.0000000
11 10 7 3 -0.0012255
11 10 7 4 0.0094890
11 10 7 5 0.0000000
11 10 7 6 0.0151083
11 10 7 7 0.0022261
11 10 8 0 0.0000000
11 10 8 1 0.0000000
11 10 8 2 0.0064901
11 10 8 3 -0.0000000
11 10 8 4 -0.0000000
11 10 8 5 0.0063093
11 10 8 6 -0.0000000
11 10 8 7 -0.0000000
11 10 8 8 -0.0426908
11 10 9 0 0.0001643
11 10 9 1 0.0010127
11 10 9 2 -0.0000000
11 10 9 3 -0.0003954
11 10 9 4 0.0001735
11 10 9 5 0.0000000
11 10 9 6 0.0022241
11 10 9 7 0.0002473
11 10 9 8 -0.0000000
11 10 9 9 -0.0655088
11 10 10 0 0.0000322
11 10 10 1 -0.0155876
11 10 10 2 0.0000000
11 10 10 3 -0.0126535
11 10 10 4 -0.0029394
11 10 10 5 -0.0000000
11 10 10 6 0.0203678
11 10 10 7 0.0364451
11 10 10 8 -0.0000000
11 10 10 9 -0.0031837
11 10 10 10 -0.0421696
11 10 11 0 0.0011709
11 10 11 1 -0.0084044
11 10 11 2 0.0000000
11 10 11 3 -0.0000831
11 10 11 4 -0.0073826
11 10 11 5 -0.0000000
11 10 11 6 0.0103071
11 10 11 7 -0.0593324
11 10 11 8 0.0000000
11 10 11 9 -0.0001083
11 10 11 10 0.0530158
11 10 11 11 -0.0051728
11 11 0 0 0.5901906
11 11 1 0 -0.0086847
11 11 1 1 0.4594472
11 11 2 0 0.0000000
11 11 2 1 -0.0000000
11 11 2 2 0.4025065
11 11 3 0 0.0087139
11 11 3 1 0.0416072
11 11 3 2 -0.0000000
11 11 3 3 0.4348968
11 11 4 0 0.0030672
11 11 4 1 -0.0067892
11 11 4 2 -0.0000000
11 11 4 3 0.0190714
11 11 4 4 0.3870066
11 11 5 0 0.0000000
11 11 5 1 0.0000000
11 11 5 2 0.0573344
11 11 5 3 -0.0000000
11 11 5 4 -0.0000000
11 11 5 5 0.4274798
11 11 6 0 -0.0023582
11 11 6 1 0.0073289
11 11 6 2 0.0000000
11 11 6 3 0.0087344
11 11 6 4 0.0042793
11 11 6 5 0.0000000
11 11 6 6 0.5021889
11 11 7 0 -0.0068656
11 11 7 1 0.0031626
11 11 7 2 -0.0000000
11 11 7 3 -0.0136185
11 11 7 4 0.0401670
11 11 7 5 0.0000000
11 11 7 6 -0.0316217
11 11 7 7 0.5013993
11 11 8 0 -0.0000000
11 11 8 1 -0.0000000
11 11 8 2 -0.0025145
11 11 8 3 0.0000000
11 11 8 4 -0.0000000
11 11 8 5 0.0016216
11 11 8 6 0.0000000
11 11 8 7 -0.0000000
11 11 8 8 0.4338918
11 11 9 0 0.0000481
11 11 9 1 0.0007961
11 11 9 2 0.0000000
11 11 9 3 0.0012490
11 11 9 4 -0.0000385
11 11 9 5 -0.0000000
11 11 9 6 -0.0018438
11 11 9 7 0.0002550
11 11 9 8 0.0000000
11 11 9 9 0.5430555
11 11 10 0 0.0010941
11 11 10 1 -0.0053037
11 11 10 2 0.0000000
11 11 10 3 0.0011493
11 11 10 4 -0.0086173
11 11 10 5 -0.0000000
11 11 10 6 0.0134608
11 11 10 7 -0.0364332
11 11 10 8 0.0000000
11 11 10 9 0.0272587
11 11 10 10 0.4103341
11 11 11 0 0.0070800
11 11 11 1 0.0209839
11 11 11 2 -0.0000000
11 11 11 3 0.0254069
11 11 11 4 -0.0442827
11 11 11 5 -0.0000000
11 11 11 6 0.0047574
11 11 11 7 -0.0251513
11 11 11 8 -0.0000000
11 11 11 9 -0.0052262
11 11 11 10 -0.0051728
11 11 11 11 0.5093196
