-35.71680584826626
-12.652095417187574
13
111111110000000000000000	0.9888490785231068
111100111100000000000000	0.004293804380250117
111111001100000000000000	0.003680545553730427
111111000011000000000000	0.001385564350397712
111111000110000000000000	0.0008794529145259141
111111001001000000000000	0.0008790239678029627
111100000000000000000000	1.598175390315493e-05
111100001111000000000000	6.016431026807189e-06
111100001010000000000000	3.818781711618771e-06
111100000101000000000000	3.816919128785928e-06
111111111111000000000000	1.9217211828100677e-06
111111111010000000000000	4.878493803675151e-07
111111110101000000000000	4.868538527375357e-07
0.0	
0.0	0.0	
0.0	0.0	0.0	
0.0	0.0	0.0	0.0	
0.0	0.0	0.0	0.0	0.0	
0.0	0.0	0.0	0.0	0.0	0.0	
0.0	0.0	0.0	0.0	0.0	0.0	0.0	
0.0	0.0	0.0	0.0	0.0	0.0	0.0	0.0	
0.0	0.0	0.0	0.0	0.0	0.0	0.0	0.0	0.0	
0.0	0.0	0.0	0.0	0.0	0.0	0.0	0.0	0.0	0.0	
0.0	0.0	0.0	0.0	0.0	0.0	0.0	0.0	0.0	0.0	0.0	
0.0	0.0	0.0	0.0	0.0	0.0	0.0	0.0	0.0	0.0	0.0	0.0	
