-36.40850911518698
-13.398447355190902
13
111111110000000000000000	0.9880451609120374
111111001100000000000000	0.006776087086988264
111100111100000000000000	0.002767108323949114
111111000011000000000000	0.0009081040914653193
111111001001000000000000	0.0007354279709373745
111111000110000000000000	0.0007353576872216577
111100000000000000000000	1.8977034374523452e-05
111111111111000000000000	3.0754812108586384e-06
111100001111000000000000	2.5432262511021654e-06
111100000101000000000000	2.0596314222796903e-06
111100001010000000000000	2.0594345864846164e-06
111111110101000000000000	2.0197684853365686e-06
111111111010000000000000	2.0193510702742365e-06
0.0	
0.0	0.0	
0.0	0.0	0.0	
0.0	0.0	0.0	0.0	
0.0	0.0	0.0	0.0	0.0	
0.0	0.0	0.0	0.0	0.0	0.0	
0.0	0.0	0.0	0.0	0.0	0.0	0.0	
0.0	0.0	0.0	0.0	0.0	0.0	0.0	0.0	
0.0	0.0	0.0	0.0	0.0	0.0	0.0	0.0	0.0	
0.0	0.0	0.0	0.0	0.0	0.0	0.0	0.0	0.0	0.0	
0.0	0.0	0.0	0.0	0.0	0.0	0.0	0.0	0.0	0.0	0.0	
0.0	0.0	0.0	0.0	0.0	0.0	0.0	0.0	0.0	0.0	0.0	0.0	
