-35.3729865010577
-12.35421460828118
13
111111110000000000000000	0.9794151170550347
111100111100000000000000	0.007865213193262933
111111001100000000000000	0.0034638309779542005
111100110011000000000000	0.003200251692855718
111101100110000000000000	0.002957024452055938
111110011001000000000000	0.002956559805309605
111100001111000000000000	4.034697648698545e-05
111100000000000000000000	2.749439391253099e-05
111111111111000000000000	2.537762809910654e-05
111110101010000000000000	2.4070535638396178e-05
111101010101000000000000	2.4066804129876516e-05
111110010110000000000000	3.2324313220807487e-07
111101101001000000000000	3.2324212794659925e-07
0.0	
0.0	0.0	
0.0	0.0	0.0	
0.0	0.0	0.0	0.0	
0.0	0.0	0.0	0.0	0.0	
0.0	0.0	0.0	0.0	0.0	0.0	
0.0	0.0	0.0	0.0	0.0	0.0	0.0	
0.0	0.0	0.0	0.0	0.0	0.0	0.0	0.0	
0.0	0.0	0.0	0.0	0.0	0.0	0.0	0.0	0.0	
0.0	0.0	0.0	0.0	0.0	0.0	0.0	0.0	0.0	0.0	
0.0	0.0	0.0	0.0	0.0	0.0	0.0	0.0	0.0	0.0	0.0	
0.0	0.0	0.0	0.0	0.0	0.0	0.0	0.0	0.0	0.0	0.0	0.0	
