-41.21832117727834
-2.443327312400002
13
11111111110000000000000000	0.9886854967861173
11111100111100000000000000	0.004942588146866994
11111111000011000000000000	0.002760221691654305
11111101101001000000000000	0.0013648754268938987
11111110010110000000000000	0.0013638817785777656
11111100110011000000000000	0.0008472452939189032
11111100001111000000000000	2.587135949833655e-05
11111111111111000000000000	4.21804267670752e-06
11111100000000000000000000	2.3478442968421874e-06
11111110101010000000000000	1.1871944357542137e-06
11111101010101000000000000	1.186342919975745e-06
11111110100101000000000000	4.4114276084669254e-07
11111101011010000000000000	4.3894938235964826e-07
0.0	
0.0	0.0	
0.0	0.0	0.0	
0.0	0.0	0.0	0.0	
0.0	0.0	0.0	0.0	0.0	
0.0	0.0	0.0	0.0	0.0	0.0	
0.0	0.0	0.0	0.0	0.0	0.0	0.0	
0.0	0.0	0.0	0.0	0.0	0.0	0.0	0.0	
0.0	0.0	0.0	0.0	0.0	0.0	0.0	0.0	0.0	
0.0	0.0	0.0	0.0	0.0	0.0	0.0	0.0	0.0	0.0	
0.0	0.0	0.0	0.0	0.0	0.0	0.0	0.0	0.0	0.0	0.0	
0.0	0.0	0.0	0.0	0.0	0.0	0.0	0.0	0.0	0.0	0.0	0.0	
0.0	0.0	0.0	0.0	0.0	0.0	0.0	0.0	0.0	0.0	0.0	0.0	0.0	
