-36.08863383247473
-13.434420102169234
13
111111110000000000000000	0.9769088557674213
111111001100000000000000	0.018176374818352152
111100111100000000000000	0.002751358013347016
111100110011000000000000	0.0007374586725492602
111100110110000000000000	0.000667556952989846
111100111001000000000000	0.0006671894986275069
111100000000000000000000	5.11917915523311e-05
111100001111000000000000	1.3721162589697151e-05
111100001010000000000000	1.2420570576779888e-05
111100000101000000000000	1.241373371766131e-05
111111111111000000000000	5.860123447898722e-07
111111111010000000000000	4.3688171995234764e-07
111111110101000000000000	4.3612421167747156e-07
0.0	
0.0	0.0	
0.0	0.0	0.0	
0.0	0.0	0.0	0.0	
0.0	0.0	0.0	0.0	0.0	
0.0	0.0	0.0	0.0	0.0	0.0	
0.0	0.0	0.0	0.0	0.0	0.0	0.0	
0.0	0.0	0.0	0.0	0.0	0.0	0.0	0.0	
0.0	0.0	0.0	0.0	0.0	0.0	0.0	0.0	0.0	
0.0	0.0	0.0	0.0	0.0	0.0	0.0	0.0	0.0	0.0	
0.0	0.0	0.0	0.0	0.0	0.0	0.0	0.0	0.0	0.0	0.0	
0.0	0.0	0.0	0.0	0.0	0.0	0.0	0.0	0.0	0.0	0.0	0.0	
