-35.856554819799776
-12.853335284328162
13
111111110000000000000000	0.9878863968825903
111111001100000000000000	0.005562735629557212
111100111100000000000000	0.0038133867098421085
111111000011000000000000	0.0009851059786775505
111111000110000000000000	0.0008576156383354845
111111001001000000000000	0.0008574108543909516
111100000000000000000000	2.1472977244204213e-05
111100001111000000000000	3.802653886853221e-06
111100001010000000000000	3.3105224322367e-06
111100000101000000000000	3.30973193610784e-06
111111111111000000000000	2.2226168799282956e-06
111111111010000000000000	1.6153765745201976e-06
111111110101000000000000	1.6144276524897927e-06
0.0	
0.0	0.0	
0.0	0.0	0.0	
0.0	0.0	0.0	0.0	
0.0	0.0	0.0	0.0	0.0	
0.0	0.0	0.0	0.0	0.0	0.0	
0.0	0.0	0.0	0.0	0.0	0.0	0.0	
0.0	0.0	0.0	0.0	0.0	0.0	0.0	0.0	
0.0	0.0	0.0	0.0	0.0	0.0	0.0	0.0	0.0	
0.0	0.0	0.0	0.0	0.0	0.0	0.0	0.0	0.0	0.0	
0.0	0.0	0.0	0.0	0.0	0.0	0.0	0.0	0.0	0.0	0.0	
0.0	0.0	0.0	0.0	0.0	0.0	0.0	0.0	0.0	0.0	0.0	0.0	
