-35.85655481980428
-12.853334775257075
13
111111110000000000000000	0.987886714706811
111111001100000000000000	0.005562740198139581
111100111100000000000000	0.0038133859571630613
111111000011000000000000	0.0009851093383761757
111111001001000000000000	0.0008574237098821663
111111000110000000000000	0.0008572791328527903
111100000000000000000000	2.1472983732985784e-05
111100001111000000000000	3.802664881821795e-06
111100000101000000000000	3.3097798420881876e-06
111100001010000000000000	3.309221753791848e-06
111111111111000000000000	2.2231174262481542e-06
111111110101000000000000	1.614929537592545e-06
111111111010000000000000	1.614259600695139e-06
0.0	
0.0	0.0	
0.0	0.0	0.0	
0.0	0.0	0.0	0.0	
0.0	0.0	0.0	0.0	0.0	
0.0	0.0	0.0	0.0	0.0	0.0	
0.0	0.0	0.0	0.0	0.0	0.0	0.0	
0.0	0.0	0.0	0.0	0.0	0.0	0.0	0.0	
0.0	0.0	0.0	0.0	0.0	0.0	0.0	0.0	0.0	
0.0	0.0	0.0	0.0	0.0	0.0	0.0	0.0	0.0	0.0	
0.0	0.0	0.0	0.0	0.0	0.0	0.0	0.0	0.0	0.0	0.0	
0.0	0.0	0.0	0.0	0.0	0.0	0.0	0.0	0.0	0.0	0.0	0.0	
