NMONOMER	1
NELEC	8
ENUC	8.484879
NBASIS	8
HF_ENERGY	-35.676297
ENERGIES
-11.051633
-0.802037
-0.531044
-0.528727
0.753500
0.754143
0.800942
1000000.639065

OEI
-18.480129	
-0.261256	-4.536896	
-0.002407	-0.001818	-4.115321	
0.000744	0.000128	0.000447	-4.115617	
0.008555	0.031232	-0.657708	0.416947	-3.530383	
0.005261	0.017132	-0.415777	-0.658820	-0.002453	-3.529618	
-0.310489	-0.924319	-0.032646	0.002740	-0.000049	-0.000605	-3.423977	
-0.160620	0.151376	0.001230	-0.000336	0.000395	-0.000199	0.000753	999996.184878	

OVERLAP
1.000000	
0.248362	1.000000	
0.068397	0.514086	1.000000	
0.068399	0.514093	0.187054	1.000000	
0.068288	0.513686	0.187003	0.186920	1.000000	
0.000000	0.000000	-0.359412	0.147430	-0.153210	1.000000	
0.000000	0.000000	0.111715	-0.449159	0.033386	0.000000	1.000000	
0.000000	0.000000	-0.298976	-0.086993	0.454141	0.000000	0.000000	1.000000	

MOCOEFF
0.996526	0.018356	-0.007011	-0.007027	-0.006998	-0.020923	-0.017453	0.003913	
0.177412	-0.451564	-0.242664	-0.247852	-0.240779	0.290218	0.246564	-0.052373	
0.001655	-0.005435	-0.248962	0.495611	-0.249683	0.337056	-0.430519	-0.138827	
-0.000493	0.001676	-0.428411	0.001773	0.427889	0.148789	-0.057473	0.543769	
-0.006224	0.041717	-0.066133	-0.895787	0.897177	0.398164	-0.684323	-0.814080	
-0.003827	0.024922	1.022862	-0.568401	-0.493243	0.607083	-0.569039	0.773216	
0.227022	-1.506810	0.800915	0.750968	0.801494	0.425739	0.309689	-0.084604	
0.117784	-0.542251	0.000000	0.000000	0.000000	-0.647102	-0.538791	0.121573	

ERI
0 0 0 0 3.5229952
1 0 0 0 0.2345452
1 0 1 0 0.0285974
1 0 1 1 -0.0030293
1 1 0 0 0.6941615
1 1 1 0 -0.0030293
1 1 1 1 0.5714975
2 0 0 0 0.0021742
2 0 1 0 0.0002003
2 0 1 1 0.0001584
2 0 2 0 0.0083408
2 0 2 1 -0.0117270
2 0 2 2 0.0028063
2 1 0 0 0.0007465
2 1 1 0 0.0000564
2 1 1 1 -0.0011990
2 1 2 0 -0.0117270
2 1 2 1 0.1153848
2 1 2 2 -0.0507294
2 2 0 0 0.6401208
2 2 1 0 0.0015366
2 2 1 1 0.5088957
2 2 2 0 0.0028063
2 2 2 1 -0.0507294
2 2 2 2 0.5432315
3 0 0 0 -0.0006514
3 0 1 0 -0.0000549
3 0 1 1 -0.0000562
3 0 2 0 -0.0000120
3 0 2 1 0.0000010
3 0 2 2 0.0000077
3 0 3 0 0.0083971
3 0 3 1 -0.0117297
3 0 3 2 -0.0030888
3 0 3 3 0.0000349
3 1 0 0 -0.0001050
3 1 1 0 -0.0000190
3 1 1 1 0.0004035
3 1 2 0 0.0000032
3 1 2 1 0.0002599
3 1 2 2 -0.0003763
3 1 3 0 -0.0117297
3 1 3 1 0.1136704
3 1 3 2 0.0525997
3 1 3 3 -0.0000785
3 2 0 0 -0.0001863
3 2 1 0 -0.0000127
3 2 1 1 0.0002226
3 2 2 0 0.0000494
3 2 2 1 -0.0004549
3 2 2 2 0.0001002
3 2 3 0 -0.0030888
3 2 3 1 0.0525997
3 2 3 2 0.0454782
3 2 3 3 -0.0003719
3 3 0 0 0.6411661
3 3 1 0 0.0016068
3 3 1 1 0.5074605
3 3 2 0 -0.0029613
3 3 2 1 0.0525252
3 3 2 2 0.4561462
3 3 3 0 0.0000349
3 3 3 1 -0.0000785
3 3 3 2 -0.0003719
3 3 3 3 0.5449604
4 0 0 0 -0.0081673
4 0 1 0 -0.0010935
4 0 1 1 0.0003110
4 0 2 0 0.0110342
4 0 2 1 -0.0139474
4 0 2 2 0.0029696
4 0 3 0 -0.0070009
4 0 3 1 0.0087835
4 0 3 2 0.0021895
4 0 3 3 -0.0033461
4 0 4 0 0.0206174
4 0 4 1 -0.0091426
4 0 4 2 -0.0019371
4 0 4 3 -0.0039570
4 0 4 4 0.0008564
4 1 0 0 -0.0095171
4 1 1 0 -0.0000227
4 1 1 1 -0.0031479
4 1 2 0 -0.0052817
4 1 2 1 -0.0086509
4 1 2 2 0.0198744
4 1 3 0 0.0033667
4 1 3 1 0.0048341
4 1 3 2 0.0139639
4 1 3 3 -0.0239101
4 1 4 0 -0.0091426
4 1 4 1 0.0424928
4 1 4 2 -0.0086791
4 1 4 3 -0.0100096
4 1 4 4 -0.0051890
4 2 0 0 0.2089442
4 2 1 0 0.0050867
4 2 1 1 0.0417201
4 2 2 0 -0.0022218
4 2 2 1 0.0419217
4 2 2 2 0.0275927
4 2 3 0 -0.0014963
4 2 3 1 0.0261904
4 2 3 2 0.0095806
4 2 3 3 0.0584363
4 2 4 0 -0.0019371
4 2 4 1 -0.0086791
4 2 4 2 0.0968437
4 2 4 3 -0.0368639
4 2 4 4 0.0432528
4 3 0 0 -0.1324074
4 3 1 0 -0.0032001
4 3 1 1 -0.0273584
4 3 2 0 -0.0015283
4 3 2 1 0.0262443
4 3 2 2 -0.0362037
4 3 3 0 0.0025009
4 3 3 1 -0.0398498
4 3 3 2 -0.0143005
4 3 3 3 -0.0175958
4 3 4 0 -0.0039570
4 3 4 1 -0.0100096
4 3 4 2 -0.0368639
4 3 4 3 0.0589671
4 3 4 4 -0.0317802
4 4 0 0 0.7420486
4 4 1 0 0.0071574
4 4 1 1 0.5042571
4 4 2 0 0.0003982
4 4 2 1 -0.0182138
4 4 2 2 0.5191726
4 4 3 0 -0.0008036
4 4 3 1 -0.0260074
4 4 3 2 -0.0298691
4 4 3 3 0.4858928
4 4 4 0 0.0008564
4 4 4 1 -0.0051890
4 4 4 2 0.0432528
4 4 4 3 -0.0317802
4 4 4 4 0.5626484
5 0 0 0 -0.0050063
5 0 1 0 -0.0006331
5 0 1 1 0.0000999
5 0 2 0 0.0069747
5 0 2 1 -0.0088395
5 0 2 2 0.0019033
5 0 3 0 0.0110670
5 0 3 1 -0.0139081
5 0 3 2 -0.0033423
5 0 3 3 -0.0020501
5 0 4 0 0.0000490
5 0 4 1 0.0000150
5 0 4 2 -0.0039709
5 0 4 3 0.0020785
5 0 4 4 -0.0012983
5 0 5 0 0.0206043
5 0 5 1 -0.0091535
5 0 5 2 0.0017718
5 0 5 3 0.0040212
5 0 5 4 0.0003234
5 0 5 5 0.0016024
5 1 0 0 -0.0051846
5 1 1 0 -0.0000154
5 1 1 1 -0.0018449
5 1 2 0 -0.0033344
5 1 2 1 -0.0056369
5 1 2 2 0.0129146
5 1 3 0 -0.0053083
5 1 3 1 -0.0079227
5 1 3 2 -0.0217954
5 1 3 3 -0.0151457
5 1 4 0 0.0000117
5 1 4 1 0.0002458
5 1 4 2 -0.0138540
5 1 4 3 0.0050611
5 1 4 4 0.0289520
5 1 5 0 -0.0091535
5 1 5 1 0.0423394
5 1 5 2 0.0046275
5 1 5 3 0.0101492
5 1 5 4 0.0044192
5 1 5 5 -0.0308973
5 2 0 0 0.1321117
5 2 1 0 0.0032231
5 2 1 1 0.0261121
5 2 2 0 -0.0014279
5 2 2 1 0.0267244
5 2 2 2 0.0174739
5 2 3 0 0.0023067
5 2 3 1 -0.0407648
5 2 3 2 -0.0154841
5 2 3 3 0.0371171
5 2 4 0 -0.0039702
5 2 4 1 -0.0139226
5 2 4 2 0.0381550
5 2 4 3 0.0085138
5 2 4 4 0.0394754
5 2 5 0 0.0017718
5 2 5 1 0.0046275
5 2 5 2 0.0605805
5 2 5 3 0.0369214
5 2 5 4 -0.0112947
5 2 5 5 0.0291262
5 3 0 0 0.2092577
5 3 1 0 0.0050696
5 3 1 1 0.0428192
5 3 2 0 0.0024152
5 3 2 1 -0.0409788
5 3 2 2 0.0570075
5 3 3 0 0.0016044
5 3 3 1 -0.0256358
5 3 3 2 -0.0089611
5 3 3 3 0.0283148
5 3 4 0 0.0016406
5 3 4 1 0.0040453
5 3 4 2 0.0264868
5 3 4 3 -0.0384250
5 3 4 4 0.0668082
5 3 5 0 0.0040212
5 3 5 1 0.0101492
5 3 5 2 0.0369214
5 3 5 3 0.0953118
5 3 5 4 0.0087743
5 3 5 5 0.0470436
5 4 0 0 0.0006608
5 4 1 0 0.0000160
5 4 1 1 0.0007219
5 4 2 0 -0.0001001
5 4 2 1 -0.0322269
5 4 2 2 0.0322804
5 4 3 0 0.0003723
5 4 3 1 0.0119770
5 4 3 2 0.0142200
5 4 3 3 -0.0324236
5 4 4 0 -0.0008673
5 4 4 1 0.0305576
5 4 4 2 -0.0088968
5 4 4 3 -0.0106512
5 4 4 4 0.0030303
5 4 5 0 0.0003234
5 4 5 1 0.0044192
5 4 5 2 -0.0112947
5 4 5 3 0.0087743
5 4 5 4 0.0394650
5 4 5 5 -0.0005243
5 5 0 0 0.7420282
5 5 1 0 0.0071630
5 5 1 1 0.5039959
5 5 2 0 0.0004737
5 5 2 1 0.0122342
5 5 2 2 0.4886895
5 5 3 0 0.0007623
5 5 3 1 0.0260192
5 5 3 2 0.0298356
5 5 3 3 0.5165537
5 5 4 0 -0.0003878
5 5 4 1 0.0014557
5 5 4 2 0.0652552
5 5 4 3 -0.0402769
5 5 4 4 0.4884238
5 5 5 0 0.0016024
5 5 5 1 -0.0308973
5 5 5 2 0.0291262
5 5 5 3 0.0470436
5 5 5 4 -0.0005243
5 5 5 5 0.5606747
6 0 0 0 0.2967911
6 0 1 0 0.0360875
6 0 1 1 -0.0019442
6 0 2 0 0.0007411
6 0 2 1 -0.0005410
6 0 2 2 0.0021822
6 0 3 0 -0.0000992
6 0 3 1 0.0000113
6 0 3 2 -0.0000027
6 0 3 3 0.0019805
6 0 4 0 -0.0007110
6 0 4 1 -0.0003500
6 0 4 2 0.0055574
6 0 4 3 -0.0036684
6 0 4 4 0.0081840
6 0 5 0 -0.0004290
6 0 5 1 -0.0001985
6 0 5 2 0.0035108
6 0 5 3 0.0057951
6 0 5 4 -0.0000017
6 0 5 5 0.0082013
6 0 6 0 0.0457423
6 0 6 1 0.0020519
6 0 6 2 0.0000004
6 0 6 3 -0.0000085
6 0 6 4 -0.0003071
6 0 6 5 -0.0001906
6 0 6 6 0.0022935
6 1 0 0 0.2780749
6 1 1 0 0.0009405
6 1 1 1 0.1070410
6 1 2 0 -0.0001373
6 1 2 1 0.0002782
6 1 2 2 0.0603357
6 1 3 0 -0.0000193
6 1 3 1 -0.0001498
6 1 3 2 -0.0001064
6 1 3 3 0.0593762
6 1 4 0 -0.0002357
6 1 4 1 -0.0025434
6 1 4 2 0.0587340
6 1 4 3 -0.0374896
6 1 4 4 0.0669227
6 1 5 0 -0.0001677
6 1 5 1 -0.0012663
6 1 5 2 0.0372005
6 1 5 3 0.0593298
6 1 5 4 0.0008307
6 1 5 5 0.0661661
6 1 6 0 0.0020519
6 1 6 1 0.1030222
6 1 6 2 0.0040725
6 1 6 3 -0.0001804
6 1 6 4 -0.0009159
6 1 6 5 -0.0006092
6 1 6 6 0.0864508
6 2 0 0 0.0101982
6 2 1 0 0.0002400
6 2 1 1 0.0029243
6 2 2 0 -0.0051750
6 2 2 1 -0.0277087
6 2 2 2 0.0328736
6 2 3 0 0.0000071
6 2 3 1 -0.0001085
6 2 3 2 0.0002249
6 2 3 3 -0.0288895
6 2 4 0 -0.0062891
6 2 4 1 0.0366430
6 2 4 2 -0.0191913
6 2 4 3 -0.0151452
6 2 4 4 0.0191567
6 2 5 0 -0.0039732
6 2 5 1 0.0232324
6 2 5 2 -0.0122404
6 2 5 3 0.0234430
6 2 5 4 0.0330658
6 2 5 5 -0.0117758
6 2 6 0 0.0000004
6 2 6 1 0.0040725
6 2 6 2 0.0521904
6 2 6 3 -0.0000287
6 2 6 4 -0.0289345
6 2 6 5 -0.0182592
6 2 6 6 -0.0004434
6 3 0 0 -0.0008094
6 3 1 0 -0.0000199
6 3 1 1 -0.0004193
6 3 2 0 0.0000071
6 3 2 1 -0.0000984
6 3 2 2 -0.0000196
6 3 3 0 -0.0050347
6 3 3 1 -0.0300887
6 3 3 2 -0.0323261
6 3 3 3 -0.0002670
6 3 4 0 0.0038386
6 3 4 1 -0.0235028
6 3 4 2 -0.0147889
6 3 4 3 0.0212046
6 3 4 4 0.0314653
6 3 5 0 -0.0060614
6 3 5 1 0.0372315
6 3 5 2 0.0227037
6 3 5 3 0.0132484
6 3 5 4 -0.0147630
6 3 5 5 -0.0318761
6 3 6 0 -0.0000085
6 3 6 1 -0.0001804
6 3 6 2 -0.0000287
6 3 6 3 0.0553095
6 3 6 4 0.0213439
6 3 6 5 -0.0336382
6 3 6 6 -0.0001688
6 4 0 0 0.0003076
6 4 1 0 0.0002512
6 4 1 1 -0.0025817
6 4 2 0 -0.0099761
6 4 2 1 0.0838275
6 4 2 2 -0.0391404
6 4 3 0 0.0063245
6 4 3 1 -0.0538267
6 4 3 2 -0.0278378
6 4 3 3 0.0408176
6 4 4 0 -0.0173358
6 4 4 1 -0.0176717
6 4 4 2 0.0221757
6 4 4 3 0.0447969
6 4 4 4 0.0006519
6 4 5 0 -0.0000420
6 4 5 1 0.0006894
6 4 5 2 0.0465974
6 4 5 3 -0.0206188
6 4 5 4 -0.0365051
6 4 5 5 -0.0049454
6 4 6 0 -0.0003071
6 4 6 1 -0.0009159
6 4 6 2 -0.0289345
6 4 6 3 0.0213439
6 4 6 4 0.1033427
6 4 6 5 -0.0024073
6 4 6 6 0.0047073
6 5 0 0 0.0003059
6 5 1 0 0.0001238
6 5 1 1 -0.0010170
6 5 2 0 -0.0063031
6 5 2 1 0.0531313
6 5 2 2 -0.0249705
6 5 3 0 -0.0099892
6 5 3 1 0.0852372
6 5 3 2 0.0429707
6 5 3 3 0.0256400
6 5 4 0 -0.0000412
6 5 4 1 0.0006757
6 5 4 2 0.0466279
6 5 4 3 -0.0211091
6 5 4 4 -0.0356718
6 5 5 0 -0.0173183
6 5 5 1 -0.0183895
6 5 5 2 -0.0214200
6 5 5 3 -0.0447055
6 5 5 4 -0.0062471
6 5 5 5 0.0330144
6 5 6 0 -0.0001906
6 5 6 1 -0.0006092
6 5 6 2 -0.0182592
6 5 6 3 -0.0336382
6 5 6 4 -0.0024073
6 5 6 5 0.1053942
6 5 6 6 0.0028847
6 6 0 0 0.7181958
6 6 1 0 0.0010576
6 6 1 1 0.5377864
6 6 2 0 -0.0007307
6 6 2 1 0.0069023
6 6 2 2 0.4890958
6 6 3 0 -0.0000013
6 6 3 1 -0.0001895
6 6 3 2 -0.0001164
6 6 3 3 0.4955084
6 6 4 0 -0.0009963
6 6 4 1 -0.0037096
6 6 4 2 0.0337785
6 6 4 3 -0.0178297
6 6 4 4 0.5012018
6 6 5 0 -0.0006169
6 6 5 1 -0.0021617
6 6 5 2 0.0214405
6 6 5 3 0.0283214
6 6 5 4 -0.0022023
6 6 5 5 0.5032582
6 6 6 0 0.0022935
6 6 6 1 0.0864508
6 6 6 2 -0.0004434
6 6 6 3 -0.0001688
6 6 6 4 0.0047073
6 6 6 5 0.0028847
6 6 6 6 0.5354487
7 0 0 0 0.1189778
7 0 1 0 0.0064480
7 0 1 1 0.0145163
7 0 2 0 0.0000621
7 0 2 1 0.0001190
7 0 2 2 0.0013838
7 0 3 0 -0.0000204
7 0 3 1 -0.0000371
7 0 3 2 0.0000001
7 0 3 3 0.0013745
7 0 4 0 -0.0002707
7 0 4 1 -0.0003162
7 0 4 2 -0.0020713
7 0 4 3 0.0013147
7 0 4 4 -0.0008687
7 0 5 0 -0.0001592
7 0 5 1 -0.0002035
7 0 5 2 -0.0013072
7 0 5 3 -0.0020722
7 0 5 4 0.0000015
7 0 5 5 -0.0008750
7 0 6 0 0.0095972
7 0 6 1 0.0123079
7 0 6 2 0.0000334
7 0 6 3 -0.0000295
7 0 6 4 -0.0004480
7 0 6 5 -0.0002817
7 0 6 6 0.0157822
7 0 7 0 0.0226375
7 0 7 1 -0.0065678
7 0 7 2 -0.0000631
7 0 7 3 0.0000205
7 0 7 4 0.0002548
7 0 7 5 0.0001510
7 0 7 6 -0.0091123
7 0 7 7 -0.0195636
7 1 0 0 -0.0157035
7 1 1 0 0.0052650
7 1 1 1 -0.0394356
7 1 2 0 0.0000961
7 1 2 1 -0.0005448
7 1 2 2 -0.0039904
7 1 3 0 -0.0000312
7 1 3 1 0.0001896
7 1 3 2 0.0000428
7 1 3 3 -0.0041638
7 1 4 0 -0.0000768
7 1 4 1 0.0005985
7 1 4 2 0.0056080
7 1 4 3 -0.0036693
7 1 4 4 -0.0008889
7 1 5 0 -0.0000810
7 1 5 1 0.0004039
7 1 5 2 0.0034956
7 1 5 3 0.0057159
7 1 5 4 0.0000273
7 1 5 5 -0.0008833
7 1 6 0 0.0057512
7 1 6 1 -0.0255869
7 1 6 2 -0.0000034
7 1 6 3 0.0000454
7 1 6 4 0.0005835
7 1 6 5 0.0004733
7 1 6 6 -0.0314621
7 1 7 0 -0.0065678
7 1 7 1 0.0245724
7 1 7 2 -0.0000494
7 1 7 3 0.0000288
7 1 7 4 -0.0008468
7 1 7 5 -0.0004083
7 1 7 6 0.0204207
7 1 7 7 0.0187704
7 2 0 0 -0.0000788
7 2 1 0 0.0000995
7 2 1 1 -0.0008045
7 2 2 0 -0.0061597
7 2 2 1 0.0289502
7 2 2 2 -0.0117728
7 2 3 0 0.0000065
7 2 3 1 0.0000275
7 2 3 2 -0.0001378
7 2 3 3 0.0121146
7 2 4 0 -0.0080744
7 2 4 1 0.0060597
7 2 4 2 0.0090573
7 2 4 3 0.0056458
7 2 4 4 -0.0018157
7 2 5 0 -0.0051067
7 2 5 1 0.0038034
7 2 5 2 0.0057921
7 2 5 3 -0.0088577
7 2 5 4 -0.0019940
7 2 5 5 0.0001106
7 2 6 0 -0.0002406
7 2 6 1 -0.0000081
7 2 6 2 -0.0003358
7 2 6 3 -0.0000174
7 2 6 4 0.0232405
7 2 6 5 0.0146969
7 2 6 6 0.0014775
7 2 7 0 -0.0000631
7 2 7 1 -0.0000494
7 2 7 2 0.0341269
7 2 7 3 -0.0000225
7 2 7 4 0.0297860
7 2 7 5 0.0188367
7 2 7 6 0.0012853
7 2 7 7 0.0002247
7 3 0 0 -0.0000043
7 3 1 0 -0.0000344
7 3 1 1 0.0002586
7 3 2 0 0.0000068
7 3 2 1 0.0000319
7 3 2 2 -0.0000509
7 3 3 0 -0.0061983
7 3 3 1 0.0288188
7 3 3 2 0.0124027
7 3 3 3 -0.0000391
7 3 4 0 0.0051155
7 3 4 1 -0.0039248
7 3 4 2 0.0056418
7 3 4 3 -0.0088422
7 3 4 4 -0.0003979
7 3 5 0 -0.0080847
7 3 5 1 0.0061458
7 3 5 2 -0.0088702
7 3 5 3 -0.0057625
7 3 5 4 0.0001591
7 3 5 5 0.0003976
7 3 6 0 -0.0000184
7 3 6 1 0.0000565
7 3 6 2 -0.0000223
7 3 6 3 -0.0009445
7 3 6 4 -0.0148040
7 3 6 5 0.0233943
7 3 6 6 0.0000742
7 3 7 0 0.0000205
7 3 7 1 0.0000288
7 3 7 2 -0.0000225
7 3 7 3 0.0342722
7 3 7 4 -0.0188664
7 3 7 5 0.0298172
7 3 7 6 -0.0000745
7 3 7 7 -0.0000915
7 4 0 0 -0.0006207
7 4 1 0 -0.0001430
7 4 1 1 0.0003375
7 4 2 0 -0.0067193
7 4 2 1 0.0237421
7 4 2 2 -0.0051220
7 4 3 0 0.0042610
7 4 3 1 -0.0149520
7 4 3 2 -0.0036734
7 4 3 3 0.0054791
7 4 4 0 -0.0122381
7 4 4 1 0.0118894
7 4 4 2 0.0042769
7 4 4 3 0.0102426
7 4 4 4 -0.0022048
7 4 5 0 -0.0000120
7 4 5 1 -0.0000569
7 4 5 2 0.0096479
7 4 5 3 -0.0049548
7 4 5 4 0.0034071
7 4 5 5 0.0002561
7 4 6 0 -0.0005531
7 4 6 1 0.0007047
7 4 6 2 0.0057411
7 4 6 3 -0.0032896
7 4 6 4 0.0269075
7 4 6 5 0.0000880
7 4 6 6 0.0021345
7 4 7 0 0.0002548
7 4 7 1 -0.0008468
7 4 7 2 0.0297860
7 4 7 3 -0.0188664
7 4 7 4 0.0423580
7 4 7 5 0.0000712
7 4 7 6 0.0004468
7 4 7 7 -0.0013785
7 5 0 0 -0.0002718
7 5 1 0 -0.0001076
7 5 1 1 0.0003873
7 5 2 0 -0.0042460
7 5 2 1 0.0150348
7 5 2 2 -0.0032490
7 5 3 0 -0.0067288
7 5 3 1 0.0236467
7 5 3 2 0.0055955
7 5 3 3 0.0033698
7 5 4 0 -0.0000125
7 5 4 1 -0.0000614
7 5 4 2 0.0096749
7 5 4 3 -0.0046631
7 5 4 4 0.0037340
7 5 5 0 -0.0122434
7 5 5 1 0.0119162
7 5 5 2 -0.0047041
7 5 5 3 -0.0103017
7 5 5 4 -0.0002359
7 5 5 5 -0.0049025
7 5 6 0 -0.0003399
7 5 6 1 0.0004798
7 5 6 2 0.0036261
7 5 6 3 0.0051948
7 5 6 4 0.0000926
7 5 6 5 0.0268268
7 5 6 6 0.0013388
7 5 7 0 0.0001510
7 5 7 1 -0.0004083
7 5 7 2 0.0188367
7 5 7 3 0.0298172
7 5 7 4 0.0000712
7 5 7 5 0.0423418
7 5 7 6 0.0002916
7 5 7 7 -0.0007598
7 6 0 0 0.0192112
7 6 1 0 0.0073960
7 6 1 1 -0.0292002
7 6 2 0 -0.0001806
7 6 2 1 0.0006226
7 6 2 2 0.0002636
7 6 3 0 -0.0000164
7 6 3 1 0.0000610
7 6 3 2 -0.0000226
7 6 3 3 0.0007121
7 6 4 0 -0.0005468
7 6 4 1 0.0006744
7 6 4 2 0.0123139
7 6 4 3 -0.0074366
7 6 4 4 0.0088897
7 6 5 0 -0.0003420
7 6 5 1 0.0004657
7 6 5 2 0.0077938
7 6 5 3 0.0117585
7 6 5 4 0.0001022
7 6 5 5 0.0088112
7 6 6 0 0.0082358
7 6 6 1 -0.0174327
7 6 6 2 0.0005050
7 6 6 3 0.0000417
7 6 6 4 0.0016376
7 6 6 5 0.0010097
7 6 6 6 -0.0254047
7 6 7 0 -0.0091123
7 6 7 1 0.0204207
7 6 7 2 0.0012853
7 6 7 3 -0.0000745
7 6 7 4 0.0004468
7 6 7 5 0.0002916
7 6 7 6 0.0242755
7 6 7 7 0.0476271
7 7 0 0 0.8421085
7 7 1 0 0.0194686
7 7 1 1 0.4633059
7 7 2 0 0.0001749
7 7 2 1 -0.0001008
7 7 2 2 0.4894639
7 7 3 0 -0.0000503
7 7 3 1 0.0001058
7 7 3 2 -0.0000865
7 7 3 3 0.4900306
7 7 4 0 -0.0005690
7 7 4 1 -0.0037149
7 7 4 2 0.1163435
7 7 4 3 -0.0737156
7 7 4 4 0.5261254
7 7 5 0 -0.0003576
7 7 5 1 -0.0019197
7 7 5 2 0.0735539
7 7 5 3 0.1164729
7 7 5 4 0.0003365
7 7 5 5 0.5261398
7 7 6 0 0.0209192
7 7 6 1 0.0971709
7 7 6 2 0.0051569
7 7 6 3 -0.0003274
7 7 6 4 0.0017279
7 7 6 5 0.0011540
7 7 6 6 0.4552021
7 7 7 0 -0.0195636
7 7 7 1 0.0187704
7 7 7 2 0.0002247
7 7 7 3 -0.0000915
7 7 7 4 -0.0013785
7 7 7 5 -0.0007598
7 7 7 6 0.0476271
7 7 7 7 0.7504107
