NELEC	10
ENUC	11.406077
NBASIS	13
HF_ENERGY	-40.541114
ENERGIES
-10.729417
-0.803927
-0.436978
-0.368788
-0.147008
0.293005
0.888583
0.913252
0.947316
965064.360190
965066.229315
996490.483399
1073373.252289

OEI
-19.576698	
-0.356080	-5.327117	
-0.078777	-0.016213	-4.734809	
0.013737	0.012695	0.001787	-4.643590	
-0.153070	-0.120085	-0.030321	-0.005599	-5.186886	
0.036533	-0.017800	0.096202	-0.106517	0.416875	-2.424957	
-0.315213	-0.796152	-0.618305	0.092811	0.307778	0.067506	-4.259891	
-0.018816	-0.078948	-0.064934	-0.981461	0.035720	0.203858	0.013842	-4.435127	
0.174920	0.651760	-0.691146	0.012919	-0.101166	0.086193	-0.082416	-0.002878	-4.507157	
-0.000278	0.004995	0.021054	-0.105432	-0.067920	0.155468	0.075316	-0.114353	0.006490	965060.868213	
-0.000284	0.039545	0.013782	0.092858	-0.162059	-0.256224	0.048548	0.064173	0.021481	0.003688	965062.735441	
0.007235	-0.023236	0.009076	-0.005257	0.006665	0.053930	-0.006010	0.007672	0.030972	0.000669	0.002244	996486.499835	
0.021253	-0.214852	0.189148	-0.011341	0.040904	0.103460	0.034280	0.019974	-0.157521	0.001999	0.020549	0.177283	1073370.246549	

OVERLAP
1.000000	
0.248362	1.000000	
0.063747	0.496523	1.000000	
0.063747	0.496523	0.172237	1.000000	
0.006454	0.110326	0.087909	0.026732	1.000000	
0.000001	0.037510	0.007446	0.007446	0.062028	1.000000	
0.037510	0.364644	0.122394	0.122394	0.489773	0.248362	1.000000	
0.000000	0.000000	0.237774	-0.355980	-0.014721	-0.022967	-0.143241	1.000000	
0.000000	0.000000	0.382595	-0.082106	0.079112	0.009690	0.060437	0.000000	1.000000	
0.000000	0.000000	0.136489	0.296785	-0.114555	-0.056979	-0.355373	0.000000	0.000000	1.000000	
0.022967	0.143241	0.080252	-0.022644	0.127231	0.000000	0.000000	0.139258	0.031125	-0.183015	1.000000	
-0.009690	-0.060437	0.049828	-0.030704	0.410720	0.000000	0.000000	0.031125	0.199894	0.077219	0.000000	1.000000	
0.056979	0.355373	0.120526	0.148305	-0.181438	0.000000	0.000000	-0.183015	0.077219	-0.241025	0.000000	0.000000	1.000000	

MOCOEFF
0.991711	0.038819	-0.007933	-0.007843	-0.000002	0.002319	-0.013495	-0.004384	0.005101	-0.001994	-0.000940	0.000053	-0.003246	
0.207124	-0.550364	-0.193023	-0.175512	0.076483	0.050443	-0.118890	0.068371	-0.076602	0.092172	-0.163638	0.052785	-0.330737	
0.046320	-0.162858	-0.351238	-0.313488	-0.057862	-0.076585	0.280708	-0.079149	-0.058803	-0.421829	0.163756	-0.005806	0.462041	
-0.008169	0.027809	-0.484465	0.499970	0.140513	0.009458	-0.074369	-0.371523	-0.301359	0.112722	0.112722	0.045447	-0.011162	
0.095695	-0.455584	0.095632	0.143714	-0.213675	-0.027738	0.162639	-0.548661	0.713886	0.058484	0.163952	-0.074925	-0.023761	
-0.021906	0.131654	-0.181257	0.077282	-1.319453	-0.072173	0.620794	0.130648	-0.068214	0.022127	0.125920	0.580696	-0.309197	
0.200819	-1.277522	0.823522	0.949440	-0.100677	-0.027811	0.197974	0.289282	-0.425397	-0.539594	0.038438	0.064459	0.183718	
0.012190	-0.077547	0.884883	-0.764638	-0.193920	-0.012265	0.098185	-0.885836	-0.741770	0.197454	0.129015	0.168421	-0.060664	
-0.113684	0.770853	0.045822	0.061973	0.033314	0.123955	-0.920132	-0.371905	0.124376	-1.069040	-0.362217	0.142950	-0.859977	
-0.000000	0.000000	-0.000000	-0.000000	0.000000	0.000004	-0.000006	0.000000	0.000000	-0.000000	-0.929047	-0.038095	0.367996	
0.000000	-0.000000	0.000000	0.000000	-0.000000	-0.000000	0.000001	-0.000000	-0.000000	-0.000000	0.022436	0.987053	0.158820	
-0.000000	0.000000	-0.000000	0.000000	0.000000	1.025836	-0.215515	-0.000000	0.000000	-0.000000	0.038788	-0.016364	0.096221	
0.000000	-0.000000	-0.000000	0.000000	0.000000	-0.014391	-0.882584	0.000000	0.000000	-0.000000	0.171046	-0.072166	0.424342	

ERI
0 0 0 0 3.4995951
1 0 0 0 0.2766340
1 0 1 0 0.0347960
1 0 1 1 0.0056929
1 1 0 0 0.6936132
1 1 1 0 0.0056929
1 1 1 1 0.5403356
2 0 0 0 0.0610108
2 0 1 0 0.0062775
2 0 1 1 0.0064940
2 0 2 0 0.0075434
2 0 2 1 -0.0105634
2 0 2 2 -0.0006807
2 1 0 0 0.0154978
2 1 1 0 0.0035568
2 1 1 1 -0.0511112
2 1 2 0 -0.0105634
2 1 2 1 0.1269017
2 1 2 2 -0.0140680
2 2 0 0 0.5991938
2 2 1 0 0.0028230
2 2 1 1 0.4968554
2 2 2 0 -0.0006807
2 2 2 1 -0.0140680
2 2 2 2 0.4988219
3 0 0 0 -0.0107393
3 0 1 0 -0.0011031
3 0 1 1 -0.0010303
3 0 2 0 -0.0002952
3 0 2 1 -0.0001576
3 0 2 2 -0.0005002
3 0 3 0 0.0069828
3 0 3 1 -0.0107628
3 0 3 2 -0.0060198
3 0 3 3 0.0008499
3 1 0 0 -0.0046135
3 1 1 0 -0.0005304
3 1 1 1 0.0034871
3 1 2 0 -0.0001620
3 1 2 1 0.0028382
3 1 2 2 0.0039191
3 1 3 0 -0.0107628
3 1 3 1 0.0902374
3 1 3 2 0.0731392
3 1 3 3 -0.0086639
3 2 0 0 -0.0015054
3 2 1 0 -0.0002737
3 2 1 1 0.0034003
3 2 2 0 0.0000787
3 2 2 1 0.0035128
3 2 2 2 0.0046975
3 2 3 0 -0.0060198
3 2 3 1 0.0731392
3 2 3 2 0.0800820
3 2 3 3 -0.0059605
3 3 0 0 0.5954822
3 3 1 0 0.0034227
3 3 1 1 0.4595626
3 3 2 0 -0.0026855
3 3 2 1 0.0660760
3 3 2 2 0.4573873
3 3 3 0 0.0008499
3 3 3 1 -0.0086639
3 3 3 2 -0.0059605
3 3 3 3 0.5265938
4 0 0 0 0.1244897
4 0 1 0 0.0130722
4 0 1 1 0.0111925
4 0 2 0 0.0028765
4 0 2 1 0.0014988
4 0 2 2 0.0054014
4 0 3 0 -0.0006773
4 0 3 1 -0.0000925
4 0 3 2 -0.0001054
4 0 3 3 0.0050146
4 0 4 0 0.0251539
4 0 4 1 -0.0165430
4 0 4 2 -0.0042175
4 0 4 3 0.0008327
4 0 4 4 -0.0129467
4 1 0 0 0.0536685
4 1 1 0 0.0051136
4 1 1 1 -0.0166873
4 1 2 0 0.0015932
4 1 2 1 -0.0026247
4 1 2 2 -0.0113444
4 1 3 0 -0.0001745
4 1 3 1 0.0009839
4 1 3 2 0.0020298
4 1 3 3 -0.0088776
4 1 4 0 -0.0165430
4 1 4 1 0.0661626
4 1 4 2 0.0144108
4 1 4 3 -0.0032180
4 1 4 4 0.0693130
4 2 0 0 0.0140157
4 2 1 0 0.0016847
4 2 1 1 -0.0027625
4 2 2 0 -0.0014964
4 2 2 1 -0.0080223
4 2 2 2 0.0014257
4 2 3 0 -0.0002422
4 2 3 1 0.0029584
4 2 3 2 0.0019281
4 2 3 3 -0.0114360
4 2 4 0 -0.0042175
4 2 4 1 0.0144108
4 2 4 2 0.0235505
4 2 4 3 -0.0018227
4 2 4 4 0.0189467
4 3 0 0 -0.0020025
4 3 1 0 -0.0003241
4 3 1 1 0.0017503
4 3 2 0 -0.0002430
4 3 2 1 0.0031999
4 3 2 2 0.0021948
4 3 3 0 -0.0021383
4 3 3 1 -0.0057341
4 3 3 2 -0.0107808
4 3 3 3 0.0061219
4 3 4 0 0.0008327
4 3 4 1 -0.0032180
4 3 4 2 -0.0018227
4 3 4 3 0.0230296
4 3 4 4 -0.0023385
4 4 0 0 0.8249076
4 4 1 0 0.0117692
4 4 1 1 0.5009180
4 4 2 0 0.0021057
4 4 2 1 0.0058286
4 4 2 2 0.4655136
4 4 3 0 -0.0002169
4 4 3 1 -0.0033704
4 4 3 2 -0.0017431
4 4 3 3 0.4620810
4 4 4 0 -0.0129467
4 4 4 1 0.0693130
4 4 4 2 0.0189467
4 4 4 3 -0.0023385
4 4 4 4 0.6724052
5 0 0 0 -0.0288029
5 0 1 0 -0.0031130
5 0 1 1 -0.0024896
5 0 2 0 -0.0012443
5 0 2 1 0.0007398
5 0 2 2 -0.0009539
5 0 3 0 -0.0003611
5 0 3 1 0.0007273
5 0 3 2 0.0002906
5 0 3 3 -0.0007397
5 0 4 0 -0.0042675
5 0 4 1 0.0022526
5 0 4 2 0.0007885
5 0 4 3 0.0000658
5 0 4 4 0.0015053
5 0 5 0 0.0008506
5 0 5 1 -0.0004038
5 0 5 2 -0.0000332
5 0 5 3 -0.0000531
5 0 5 4 -0.0003531
5 0 5 5 -0.0000244
5 1 0 0 -0.0064435
5 1 1 0 -0.0010785
5 1 1 1 0.0088809
5 1 2 0 0.0003406
5 1 2 1 -0.0034831
5 1 2 2 0.0077365
5 1 3 0 0.0003359
5 1 3 1 0.0025022
5 1 3 2 0.0077299
5 1 3 3 0.0047896
5 1 4 0 0.0020069
5 1 4 1 -0.0071880
5 1 4 2 -0.0036028
5 1 4 3 -0.0012912
5 1 4 4 -0.0074814
5 1 5 0 -0.0004038
5 1 5 1 0.0081034
5 1 5 2 -0.0033851
5 1 5 3 0.0048553
5 1 5 4 -0.0040304
5 1 5 5 -0.0230921
5 2 0 0 -0.0210550
5 2 1 0 -0.0006383
5 2 1 1 -0.0078214
5 2 2 0 0.0001662
5 2 2 1 0.0046945
5 2 2 2 -0.0080122
5 2 3 0 -0.0010894
5 2 3 1 0.0156927
5 2 3 2 0.0128447
5 2 3 3 -0.0035200
5 2 4 0 0.0008935
5 2 4 1 -0.0059361
5 2 4 2 -0.0031302
5 2 4 3 -0.0022836
5 2 4 4 -0.0142936
5 2 5 0 -0.0000332
5 2 5 1 -0.0033851
5 2 5 2 0.0093027
5 2 5 3 -0.0011252
5 2 5 4 0.0059285
5 2 5 5 0.0197781
5 3 0 0 0.0114307
5 3 1 0 0.0000667
5 3 1 1 0.0093058
5 3 2 0 -0.0009168
5 3 2 1 0.0174493
5 3 2 2 0.0158726
5 3 3 0 0.0004806
5 3 3 1 0.0012863
5 3 3 2 0.0034021
5 3 3 3 0.0277464
5 3 4 0 0.0002374
5 3 4 1 -0.0013546
5 3 4 2 -0.0031832
5 3 4 3 -0.0016364
5 3 4 4 0.0098680
5 3 5 0 -0.0000531
5 3 5 1 0.0048553
5 3 5 2 -0.0011252
5 3 5 3 0.0123754
5 3 5 4 -0.0120794
5 3 5 5 -0.0572684
5 4 0 0 -0.0883921
5 4 1 0 -0.0021829
5 4 1 1 -0.0307850
5 4 2 0 0.0003333
5 4 2 1 -0.0126672
5 4 2 2 -0.0295137
5 4 3 0 0.0001951
5 4 3 1 0.0001202
5 4 3 2 -0.0023740
5 4 3 3 -0.0353252
5 4 4 0 0.0028511
5 4 4 1 -0.0154206
5 4 4 2 -0.0032464
5 4 4 3 -0.0013535
5 4 4 4 -0.0655738
5 4 5 0 -0.0003531
5 4 5 1 -0.0040304
5 4 5 2 0.0059285
5 4 5 3 -0.0120794
5 4 5 4 0.0251121
5 4 5 5 0.0778685
5 5 0 0 0.2741967
5 5 1 0 -0.0006228
5 5 1 1 0.3081436
5 5 2 0 0.0022895
5 5 2 1 -0.0659720
5 5 2 2 0.2922557
5 5 3 0 -0.0014378
5 5 3 1 0.0228419
5 5 3 2 0.0094843
5 5 3 3 0.2463709
5 5 4 0 0.0019341
5 5 4 1 -0.0211866
5 5 4 2 0.0085788
5 5 4 3 -0.0121550
5 5 4 4 0.2663339
5 5 5 0 -0.0000244
5 5 5 1 -0.0230921
5 5 5 2 0.0197781
5 5 5 3 -0.0572684
5 5 5 4 0.0778685
5 5 5 5 0.7196467
6 0 0 0 0.2626956
6 0 1 0 0.0331274
6 0 1 1 0.0072864
6 0 2 0 0.0126951
6 0 2 1 -0.0076095
6 0 2 2 -0.0004835
6 0 3 0 -0.0021859
6 0 3 1 0.0010095
6 0 3 2 0.0007366
6 0 3 3 -0.0014983
6 0 4 0 0.0054781
6 0 4 1 0.0117181
6 0 4 2 0.0011915
6 0 4 3 -0.0004181
6 0 4 4 0.0153853
6 0 5 0 -0.0024679
6 0 5 1 -0.0013417
6 0 5 2 -0.0004401
6 0 5 3 -0.0009915
6 0 5 4 -0.0023350
6 0 5 5 0.0013335
6 0 6 0 0.0416726
6 0 6 1 0.0001101
6 0 6 2 -0.0009778
6 0 6 3 -0.0002928
6 0 6 4 0.0039689
6 0 6 5 -0.0004040
6 0 6 6 -0.0050870
6 1 0 0 0.2116928
6 1 1 0 0.0068324
6 1 1 1 0.0625545
6 1 2 0 -0.0014005
6 1 2 1 0.0097027
6 1 2 2 0.0447455
6 1 3 0 0.0002352
6 1 3 1 -0.0024851
6 1 3 2 -0.0008538
6 1 3 3 0.0328296
6 1 4 0 0.0114872
6 1 4 1 -0.0112340
6 1 4 2 0.0039027
6 1 4 3 -0.0015804
6 1 4 4 0.0802718
6 1 5 0 -0.0017411
6 1 5 1 -0.0002947
6 1 5 2 -0.0038877
6 1 5 3 -0.0019462
6 1 5 4 -0.0121923
6 1 5 5 -0.0001106
6 1 6 0 0.0001101
6 1 6 1 0.0596992
6 1 6 2 0.0465530
6 1 6 3 -0.0070781
6 1 6 4 -0.0289465
6 1 6 5 0.0007951
6 1 6 6 0.0718371
6 2 0 0 0.1556068
6 2 1 0 0.0048172
6 2 1 1 0.0472854
6 2 2 0 -0.0039801
6 2 2 1 -0.0108426
6 2 2 2 0.0450806
6 2 3 0 -0.0001362
6 2 3 1 0.0006448
6 2 3 2 -0.0005261
6 2 3 3 0.0010993
6 2 4 0 0.0022972
6 2 4 1 0.0105213
6 2 4 2 0.0108891
6 2 4 3 -0.0029550
6 2 4 4 0.0740587
6 2 5 0 -0.0000946
6 2 5 1 -0.0030866
6 2 5 2 -0.0062711
6 2 5 3 -0.0073100
6 2 5 4 -0.0084367
6 2 5 5 0.0220280
6 2 6 0 -0.0009778
6 2 6 1 0.0465530
6 2 6 2 0.0644075
6 2 6 3 -0.0083439
6 2 6 4 -0.0150598
6 2 6 5 0.0005436
6 2 6 6 0.0335427
6 3 0 0 -0.0243343
6 3 1 0 -0.0007429
6 3 1 1 -0.0088488
6 3 2 0 -0.0001073
6 3 2 1 0.0009146
6 3 2 2 -0.0078247
6 3 3 0 -0.0023887
6 3 3 1 -0.0428992
6 3 3 2 -0.0538144
6 3 3 3 0.0034539
6 3 4 0 -0.0001724
6 3 4 1 -0.0037764
6 3 4 2 -0.0037542
6 3 4 3 0.0149519
6 3 4 4 -0.0103079
6 3 5 0 0.0001596
6 3 5 1 -0.0058802
6 3 5 2 -0.0106738
6 3 5 3 -0.0029844
6 3 5 4 0.0022435
6 3 5 5 -0.0175856
6 3 6 0 -0.0002928
6 3 6 1 -0.0070781
6 3 6 2 -0.0083439
6 3 6 3 0.0756316
6 3 6 4 0.0063362
6 3 6 5 0.0124659
6 3 6 6 0.0079098
6 4 0 0 -0.0669077
6 4 1 0 0.0021296
6 4 1 1 -0.0423635
6 4 2 0 -0.0021049
6 4 2 1 0.0144726
6 4 2 2 -0.0184564
6 4 3 0 0.0006148
6 4 3 1 -0.0047471
6 4 3 2 -0.0047268
6 4 3 3 -0.0069753
6 4 4 0 -0.0116361
6 4 4 1 0.0262718
6 4 4 2 0.0142688
6 4 4 3 -0.0012007
6 4 4 4 -0.0176628
6 4 5 0 0.0018813
6 4 5 1 -0.0043745
6 4 5 2 -0.0021268
6 4 5 3 0.0021832
6 4 5 4 -0.0000444
6 4 5 5 -0.0077382
6 4 6 0 0.0039689
6 4 6 1 -0.0289465
6 4 6 2 -0.0150598
6 4 6 3 0.0063362
6 4 6 4 0.0386444
6 4 6 5 -0.0042182
6 4 6 6 -0.0316005
6 5 0 0 -0.0119599
6 5 1 0 -0.0008898
6 5 1 1 -0.0019153
6 5 2 0 0.0009000
6 5 2 1 -0.0097571
6 5 2 2 -0.0072153
6 5 3 0 0.0005430
6 5 3 1 -0.0108379
6 5 3 2 -0.0128773
6 5 3 3 -0.0101258
6 5 4 0 0.0013402
6 5 4 1 -0.0053001
6 5 4 2 -0.0017716
6 5 4 3 0.0023511
6 5 4 4 -0.0085942
6 5 5 0 -0.0002807
6 5 5 1 -0.0033914
6 5 5 2 0.0002706
6 5 5 3 -0.0061595
6 5 5 4 0.0075255
6 5 5 5 0.0280869
6 5 6 0 -0.0004040
6 5 6 1 0.0007951
6 5 6 2 0.0005436
6 5 6 3 0.0124659
6 5 6 4 -0.0042182
6 5 6 5 0.0063621
6 5 6 6 -0.0085398
6 6 0 0 0.7411388
6 6 1 0 0.0111446
6 6 1 1 0.4804772
6 6 2 0 -0.0066582
6 6 2 1 0.0781806
6 6 2 2 0.4843257
6 6 3 0 0.0010273
6 6 3 1 -0.0142406
6 6 3 2 -0.0127096
6 6 3 3 0.5224354
6 6 4 0 0.0198222
6 6 4 1 -0.0341099
6 6 4 2 -0.0156475
6 6 4 3 0.0087960
6 6 4 4 0.4861266
6 6 5 0 -0.0027265
6 6 5 1 0.0057715
6 6 5 2 -0.0055651
6 6 5 3 0.0281229
6 6 5 4 -0.0394218
6 6 5 5 0.2402055
6 6 6 0 -0.0050870
6 6 6 1 0.0718371
6 6 6 2 0.0335427
6 6 6 3 0.0079098
6 6 6 4 -0.0316005
6 6 6 5 -0.0085398
6 6 6 6 0.5954565
7 0 0 0 0.0159903
7 0 1 0 0.0023339
7 0 1 1 -0.0004581
7 0 2 0 0.0011686
7 0 2 1 -0.0012504
7 0 2 2 -0.0007437
7 0 3 0 0.0126703
7 0 3 1 -0.0177771
7 0 3 2 -0.0093978
7 0 3 3 0.0013143
7 0 4 0 0.0003441
7 0 4 1 0.0004940
7 0 4 2 -0.0004303
7 0 4 3 -0.0042175
7 0 4 4 0.0009720
7 0 5 0 -0.0011486
7 0 5 1 0.0005594
7 0 5 2 -0.0017982
7 0 5 3 0.0007310
7 0 5 4 0.0002312
7 0 5 5 -0.0019397
7 0 6 0 0.0011488
7 0 6 1 0.0008050
7 0 6 2 -0.0003632
7 0 6 3 -0.0040389
7 0 6 4 0.0010901
7 0 6 5 0.0009436
7 0 6 6 0.0016622
7 0 7 0 0.0238468
7 0 7 1 -0.0155617
7 0 7 2 0.0001505
7 0 7 3 0.0009085
7 0 7 4 -0.0114854
7 0 7 5 0.0020561
7 0 7 6 -0.0164555
7 0 7 7 -0.0013840
7 1 0 0 0.0193884
7 1 1 0 0.0003145
7 1 1 1 0.0075191
7 1 2 0 -0.0002977
7 1 2 1 0.0001245
7 1 2 2 0.0040312
7 1 3 0 -0.0090013
7 1 3 1 0.0185315
7 1 3 2 -0.0088734
7 1 3 3 0.0021799
7 1 4 0 0.0006508
7 1 4 1 -0.0000739
7 1 4 2 0.0009162
7 1 4 3 0.0163788
7 1 4 4 0.0088816
7 1 5 0 0.0005598
7 1 5 1 -0.0055282
7 1 5 2 -0.0003631
7 1 5 3 -0.0033677
7 1 5 4 -0.0010838
7 1 5 5 0.0003399
7 1 6 0 0.0011065
7 1 6 1 0.0024184
7 1 6 2 0.0046090
7 1 6 3 0.0303264
7 1 6 4 -0.0022135
7 1 6 5 0.0036285
7 1 6 6 0.0067307
7 1 7 0 -0.0155617
7 1 7 1 0.0445648
7 1 7 2 0.0129976
7 1 7 3 0.0059150
7 1 7 4 0.0160854
7 1 7 5 -0.0011067
7 1 7 6 -0.0012996
7 1 7 7 0.0049921
7 2 0 0 0.0169268
7 2 1 0 0.0004518
7 2 1 1 0.0036464
7 2 2 0 -0.0002084
7 2 2 1 -0.0033450
7 2 2 2 0.0015271
7 2 3 0 -0.0000571
7 2 3 1 -0.0334625
7 2 3 2 -0.0328611
7 2 3 3 0.0027767
7 2 4 0 0.0001819
7 2 4 1 0.0006099
7 2 4 2 -0.0000424
7 2 4 3 0.0120287
7 2 4 4 0.0088123
7 2 5 0 -0.0000948
7 2 5 1 -0.0034501
7 2 5 2 -0.0091790
7 2 5 3 -0.0046397
7 2 5 4 0.0003393
7 2 5 5 -0.0048231
7 2 6 0 0.0000692
7 2 6 1 0.0047186
7 2 6 2 0.0048877
7 2 6 3 0.0445098
7 2 6 4 0.0009918
7 2 6 5 0.0085857
7 2 6 6 0.0092485
7 2 7 0 0.0001505
7 2 7 1 0.0129976
7 2 7 2 0.0355025
7 2 7 3 0.0092080
7 2 7 4 -0.0105418
7 2 7 5 0.0035455
7 2 7 6 -0.0411093
7 2 7 7 -0.0023025
7 3 0 0 0.2431436
7 3 1 0 0.0050204
7 3 1 1 0.0810168
7 3 2 0 0.0029332
7 3 2 1 -0.0395357
7 3 2 2 0.0418690
7 3 3 0 0.0000253
7 3 3 1 -0.0043046
7 3 3 2 -0.0037664
7 3 3 3 0.0205375
7 3 4 0 -0.0009408
7 3 4 1 0.0316529
7 3 4 2 0.0164796
7 3 4 3 -0.0040238
7 3 4 4 0.1224008
7 3 5 0 -0.0002729
7 3 5 1 -0.0042733
7 3 5 2 -0.0095784
7 3 5 3 -0.0109157
7 3 5 4 -0.0162544
7 3 5 5 0.0159735
7 3 6 0 0.0072532
7 3 6 1 0.0526484
7 3 6 2 0.0593831
7 3 6 3 -0.0071217
7 3 6 4 -0.0190824
7 3 6 5 0.0026168
7 3 6 6 0.0181266
7 3 7 0 0.0009085
7 3 7 1 0.0059150
7 3 7 2 0.0092080
7 3 7 3 0.1120898
7 3 7 4 -0.0014083
7 3 7 5 0.0047803
7 3 7 6 -0.0068240
7 3 7 7 0.0742491
7 4 0 0 -0.0064042
7 4 1 0 -0.0000504
7 4 1 1 -0.0022126
7 4 2 0 -0.0002426
7 4 2 1 -0.0002102
7 4 2 2 -0.0013329
7 4 3 0 -0.0064287
7 4 3 1 0.0373951
7 4 3 2 0.0282542
7 4 3 3 -0.0083772
7 4 4 0 -0.0007551
7 4 4 1 0.0027261
7 4 4 2 0.0033778
7 4 4 3 0.0174450
7 4 4 4 -0.0029529
7 4 5 0 0.0006154
7 4 5 1 -0.0006796
7 4 5 2 0.0058994
7 4 5 3 -0.0039791
7 4 5 4 0.0004637
7 4 5 5 0.0162313
7 4 6 0 0.0010101
7 4 6 1 -0.0025685
7 4 6 2 0.0011196
7 4 6 3 -0.0175747
7 4 6 4 -0.0015243
7 4 6 5 -0.0034112
7 4 6 6 -0.0112798
7 4 7 0 -0.0114854
7 4 7 1 0.0160854
7 4 7 2 -0.0105418
7 4 7 3 -0.0014083
7 4 7 4 0.0425372
7 4 7 5 -0.0052598
7 4 7 6 0.0314074
7 4 7 7 -0.0007801
7 5 0 0 -0.0334281
7 5 1 0 -0.0005046
7 5 1 1 -0.0149736
7 5 2 0 0.0002237
7 5 2 1 -0.0160862
7 5 2 2 -0.0172351
7 5 3 0 0.0011677
7 5 3 1 -0.0067900
7 5 3 2 -0.0082859
7 5 3 3 -0.0297731
7 5 4 0 -0.0000565
7 5 4 1 -0.0021170
7 5 4 2 0.0030549
7 5 4 3 -0.0039820
7 5 4 4 -0.0196145
7 5 5 0 -0.0000321
7 5 5 1 -0.0042211
7 5 5 2 0.0007889
7 5 5 3 -0.0105347
7 5 5 4 0.0140531
7 5 5 5 0.0592958
7 5 6 0 -0.0003232
7 5 6 1 -0.0008917
7 5 6 2 0.0062759
7 5 6 3 0.0040487
7 5 6 4 -0.0003897
7 5 6 5 0.0065756
7 5 6 6 -0.0304048
7 5 7 0 0.0020561
7 5 7 1 -0.0011067
7 5 7 2 0.0035455
7 5 7 3 0.0047803
7 5 7 4 -0.0052598
7 5 7 5 0.0135611
7 5 7 6 -0.0078075
7 5 7 7 -0.0312830
7 6 0 0 -0.0023107
7 6 1 0 -0.0001259
7 6 1 1 0.0024293
7 6 2 0 -0.0008546
7 6 2 1 0.0063870
7 6 2 2 0.0060206
7 6 3 0 -0.0097984
7 6 3 1 0.0831786
7 6 3 2 0.0808966
7 6 3 3 -0.0086702
7 6 4 0 0.0010217
7 6 4 1 -0.0014062
7 6 4 2 0.0024273
7 6 4 3 -0.0135933
7 6 4 4 -0.0044155
7 6 5 0 0.0005335
7 6 5 1 0.0060198
7 6 5 2 0.0156528
7 6 5 3 0.0035062
7 6 5 4 -0.0007976
7 6 5 5 0.0189422
7 6 6 0 0.0001148
7 6 6 1 0.0012123
7 6 6 2 0.0031276
7 6 6 3 -0.0598405
7 6 6 4 -0.0066385
7 6 6 5 -0.0146435
7 6 6 6 -0.0118596
7 6 7 0 -0.0164555
7 6 7 1 -0.0012996
7 6 7 2 -0.0411093
7 6 7 3 -0.0068240
7 6 7 4 0.0314074
7 6 7 5 -0.0078075
7 6 7 6 0.0998884
7 6 7 7 0.0088561
7 7 0 0 0.7784283
7 7 1 0 0.0095043
7 7 1 1 0.4978777
7 7 2 0 0.0022528
7 7 2 1 0.0325050
7 7 2 2 0.4733784
7 7 3 0 -0.0015103
7 7 3 1 0.0092345
7 7 3 2 0.0115974
7 7 3 3 0.5205330
7 7 4 0 0.0027170
7 7 4 1 0.0172243
7 7 4 2 -0.0041394
7 7 4 3 0.0012204
7 7 4 4 0.5336801
7 7 5 0 -0.0008095
7 7 5 1 0.0031489
7 7 5 2 -0.0045081
7 7 5 3 0.0217041
7 7 5 4 -0.0454493
7 7 5 5 0.2580223
7 7 6 0 0.0090517
7 7 6 1 0.0530712
7 7 6 2 0.0237069
7 7 6 3 -0.0134904
7 7 6 4 -0.0146390
7 7 6 5 -0.0122454
7 7 6 6 0.5259258
7 7 7 0 -0.0013840
7 7 7 1 0.0049921
7 7 7 2 -0.0023025
7 7 7 3 0.0742491
7 7 7 4 -0.0007801
7 7 7 5 -0.0312830
7 7 7 6 0.0088561
7 7 7 7 0.5757401
8 0 0 0 -0.1486299
8 0 1 0 -0.0219402
8 0 1 1 0.0061731
8 0 2 0 0.0066305
8 0 2 1 -0.0178045
8 0 2 2 -0.0028443
8 0 3 0 0.0003181
8 0 3 1 0.0004780
8 0 3 2 0.0005182
8 0 3 3 -0.0051572
8 0 4 0 -0.0041014
8 0 4 1 -0.0046367
8 0 4 2 -0.0048361
8 0 4 3 0.0001446
8 0 4 4 -0.0081843
8 0 5 0 0.0003506
8 0 5 1 0.0017320
8 0 5 2 0.0011054
8 0 5 3 -0.0012810
8 0 5 4 0.0026563
8 0 5 5 0.0039242
8 0 6 0 -0.0109432
8 0 6 1 -0.0064319
8 0 6 2 -0.0100039
8 0 6 3 0.0005193
8 0 6 4 -0.0074119
8 0 6 5 0.0024074
8 0 6 6 -0.0164437
8 0 7 0 -0.0006530
8 0 7 1 -0.0003965
8 0 7 2 -0.0006664
8 0 7 3 0.0003853
8 0 7 4 -0.0003285
8 0 7 5 0.0006452
8 0 7 6 -0.0008364
8 0 7 7 -0.0031910
8 0 8 0 0.0321317
8 0 8 1 -0.0104595
8 0 8 2 -0.0062903
8 0 8 3 0.0005106
8 0 8 4 -0.0073200
8 0 8 5 0.0016135
8 0 8 6 -0.0127868
8 0 8 7 -0.0008386
8 0 8 8 0.0093670
8 1 0 0 -0.1720256
8 1 1 0 -0.0032119
8 1 1 1 -0.0492066
8 1 2 0 -0.0081098
8 1 2 1 -0.0093926
8 1 2 2 -0.0110133
8 1 3 0 0.0005664
8 1 3 1 -0.0002023
8 1 3 2 -0.0008938
8 1 3 3 -0.0503496
8 1 4 0 -0.0056535
8 1 4 1 -0.0046222
8 1 4 2 0.0133356
8 1 4 3 -0.0006845
8 1 4 4 -0.0700806
8 1 5 0 0.0015740
8 1 5 1 0.0004596
8 1 5 2 -0.0018436
8 1 5 3 -0.0032655
8 1 5 4 0.0136699
8 1 5 5 0.0303738
8 1 6 0 -0.0087811
8 1 6 1 -0.0253829
8 1 6 2 0.0063961
8 1 6 3 0.0018009
8 1 6 4 0.0217743
8 1 6 5 0.0000131
8 1 6 6 -0.0493822
8 1 7 0 -0.0003835
8 1 7 1 -0.0028012
8 1 7 2 -0.0004081
8 1 7 3 -0.0317761
8 1 7 4 0.0023700
8 1 7 5 0.0111469
8 1 7 6 0.0020842
8 1 7 7 -0.0745046
8 1 8 0 -0.0104595
8 1 8 1 0.0753713
8 1 8 2 -0.0503185
8 1 8 3 -0.0000592
8 1 8 4 0.0008490
8 1 8 5 0.0044995
8 1 8 6 0.0075756
8 1 8 7 0.0014544
8 1 8 8 -0.0349083
8 2 0 0 0.1737223
8 2 1 0 0.0043253
8 2 1 1 0.0175439
8 2 2 0 -0.0014553
8 2 2 1 0.0620187
8 2 2 2 0.0224960
8 2 3 0 0.0000442
8 2 3 1 -0.0015530
8 2 3 2 -0.0004016
8 2 3 3 0.0570774
8 2 4 0 -0.0016887
8 2 4 1 0.0260887
8 2 4 2 0.0014746
8 2 4 3 0.0000209
8 2 4 4 0.0873465
8 2 5 0 0.0003729
8 2 5 1 -0.0058227
8 2 5 2 -0.0024915
8 2 5 3 0.0081092
8 2 5 4 -0.0224384
8 2 5 5 -0.0568603
8 2 6 0 0.0023168
8 2 6 1 0.0338058
8 2 6 2 0.0180398
8 2 6 3 -0.0027818
8 2 6 4 0.0027986
8 2 6 5 -0.0074031
8 2 6 6 0.0747929
8 2 7 0 0.0002810
8 2 7 1 0.0022712
8 2 7 2 0.0019017
8 2 7 3 0.0234262
8 2 7 4 -0.0016831
8 2 7 5 -0.0146361
8 2 7 6 -0.0002046
8 2 7 7 0.0709400
8 2 8 0 -0.0062903
8 2 8 1 -0.0503185
8 2 8 2 0.0924779
8 2 8 3 -0.0012219
8 2 8 4 0.0175098
8 2 8 5 -0.0099078
8 2 8 6 0.0371694
8 2 8 7 0.0024621
8 2 8 8 0.0087704
8 3 0 0 -0.0026655
8 3 1 0 0.0000171
8 3 1 1 -0.0010309
8 3 2 0 0.0003855
8 3 2 1 -0.0020140
8 3 2 2 -0.0013158
8 3 3 0 0.0039634
8 3 3 1 -0.0224082
8 3 3 2 -0.0059163
8 3 3 3 0.0008237
8 3 4 0 0.0001666
8 3 4 1 -0.0008114
8 3 4 2 -0.0012820
8 3 4 3 0.0011831
8 3 4 4 -0.0015289
8 3 5 0 -0.0003919
8 3 5 1 0.0017391
8 3 5 2 -0.0034049
8 3 5 3 -0.0007290
8 3 5 4 0.0003088
8 3 5 5 -0.0051433
8 3 6 0 -0.0002661
8 3 6 1 0.0002425
8 3 6 2 -0.0020159
8 3 6 3 0.0055143
8 3 6 4 0.0003525
8 3 6 5 0.0018845
8 3 6 6 0.0009584
8 3 7 0 0.0070769
8 3 7 1 -0.0156804
8 3 7 2 0.0094699
8 3 7 3 0.0000752
8 3 7 4 -0.0085722
8 3 7 5 0.0007636
8 3 7 6 -0.0152254
8 3 7 7 -0.0022880
8 3 8 0 0.0005106
8 3 8 1 -0.0000592
8 3 8 2 -0.0012219
8 3 8 3 0.0165121
8 3 8 4 -0.0004037
8 3 8 5 0.0006136
8 3 8 6 -0.0023138
8 3 8 7 0.0192419
8 3 8 8 -0.0006113
8 4 0 0 0.0206540
8 4 1 0 -0.0000606
8 4 1 1 -0.0003420
8 4 2 0 -0.0054130
8 4 2 1 0.0347103
8 4 2 2 0.0072631
8 4 3 0 0.0001930
8 4 3 1 -0.0011214
8 4 3 2 -0.0011892
8 4 3 3 0.0201989
8 4 4 0 0.0069304
8 4 4 1 -0.0220460
8 4 4 2 0.0113578
8 4 4 3 0.0011024
8 4 4 4 -0.0002990
8 4 5 0 -0.0005000
8 4 5 1 0.0009768
8 4 5 2 -0.0012086
8 4 5 3 0.0041729
8 4 5 4 -0.0034919
8 4 5 5 -0.0135194
8 4 6 0 -0.0083354
8 4 6 1 0.0205932
8 4 6 2 0.0044901
8 4 6 3 0.0005277
8 4 6 4 0.0004819
8 4 6 5 -0.0024335
8 4 6 6 0.0406726
8 4 7 0 -0.0004576
8 4 7 1 0.0008882
8 4 7 2 0.0006147
8 4 7 3 -0.0080471
8 4 7 4 -0.0007783
8 4 7 5 -0.0031881
8 4 7 6 0.0013732
8 4 7 7 0.0066147
8 4 8 0 -0.0073200
8 4 8 1 0.0008490
8 4 8 2 0.0175098
8 4 8 3 -0.0004037
8 4 8 4 0.0403974
8 4 8 5 -0.0071944
8 4 8 6 0.0052153
8 4 8 7 0.0005478
8 4 8 8 -0.0123730
8 5 0 0 -0.0187599
8 5 1 0 -0.0003109
8 5 1 1 -0.0038562
8 5 2 0 0.0009762
8 5 2 1 -0.0097291
8 5 2 2 -0.0051838
8 5 3 0 -0.0001882
8 5 3 1 -0.0011744
8 5 3 2 -0.0004333
8 5 3 3 -0.0094592
8 5 4 0 -0.0009120
8 5 4 1 0.0026314
8 5 4 2 -0.0027141
8 5 4 3 0.0005656
8 5 4 4 -0.0087594
8 5 5 0 0.0000534
8 5 5 1 0.0048370
8 5 5 2 -0.0050152
8 5 5 3 -0.0006665
8 5 5 4 0.0004197
8 5 5 5 -0.0005911
8 5 6 0 0.0011687
8 5 6 1 -0.0059351
8 5 6 2 -0.0022928
8 5 6 3 0.0016670
8 5 6 4 -0.0003707
8 5 6 5 -0.0005490
8 5 6 6 -0.0141039
8 5 7 0 -0.0002649
8 5 7 1 0.0005120
8 5 7 2 0.0000279
8 5 7 3 -0.0004627
8 5 7 4 -0.0000589
8 5 7 5 0.0009827
8 5 7 6 -0.0015493
8 5 7 7 -0.0087079
8 5 8 0 0.0016135
8 5 8 1 0.0044995
8 5 8 2 -0.0099078
8 5 8 3 0.0006136
8 5 8 4 -0.0071944
8 5 8 5 0.0087179
8 5 8 6 -0.0032573
8 5 8 7 0.0005973
8 5 8 8 -0.0000172
8 6 0 0 0.0133724
8 6 1 0 0.0014615
8 6 1 1 -0.0225635
8 6 2 0 -0.0066597
8 6 2 1 0.0432820
8 6 2 2 0.0044033
8 6 3 0 -0.0000427
8 6 3 1 -0.0000666
8 6 3 2 -0.0013606
8 6 3 3 0.0167118
8 6 4 0 -0.0086454
8 6 4 1 0.0242495
8 6 4 2 0.0052926
8 6 4 3 0.0003190
8 6 4 4 0.0231297
8 6 5 0 0.0019227
8 6 5 1 -0.0047311
8 6 5 2 -0.0021715
8 6 5 3 0.0051164
8 6 5 4 -0.0089417
8 6 5 5 -0.0266613
8 6 6 0 -0.0025608
8 6 6 1 0.0000404
8 6 6 2 0.0122356
8 6 6 3 0.0008877
8 6 6 4 0.0208854
8 6 6 5 -0.0064880
8 6 6 6 0.0231728
8 6 7 0 -0.0008307
8 6 7 1 0.0018582
8 6 7 2 0.0005878
8 6 7 3 -0.0056984
8 6 7 4 0.0009511
8 6 7 5 -0.0055074
8 6 7 6 0.0004470
8 6 7 7 0.0113668
8 6 8 0 -0.0127868
8 6 8 1 0.0075756
8 6 8 2 0.0371694
8 6 8 3 -0.0023138
8 6 8 4 0.0052153
8 6 8 5 -0.0032573
8 6 8 6 0.0386416
8 6 8 7 0.0007011
8 6 8 8 -0.0242298
8 7 0 0 0.0007819
8 7 1 0 0.0002615
8 7 1 1 -0.0028848
8 7 2 0 -0.0002347
8 7 2 1 0.0014600
8 7 2 2 -0.0002108
8 7 3 0 0.0062412
8 7 3 1 -0.0243616
8 7 3 2 -0.0021108
8 7 3 3 0.0013949
8 7 4 0 -0.0005402
8 7 4 1 0.0018107
8 7 4 2 -0.0003120
8 7 4 3 -0.0043352
8 7 4 4 0.0012113
8 7 5 0 -0.0004353
8 7 5 1 0.0034908
8 7 5 2 -0.0045245
8 7 5 3 0.0006999
8 7 5 4 -0.0008284
8 7 5 5 -0.0067647
8 7 6 0 -0.0008347
8 7 6 1 0.0019005
8 7 6 2 0.0004225
8 7 6 3 -0.0029634
8 7 6 4 0.0020132
8 7 6 5 -0.0001684
8 7 6 6 0.0021284
8 7 7 0 0.0111906
8 7 7 1 -0.0261813
8 7 7 2 0.0083639
8 7 7 3 0.0007649
8 7 7 4 -0.0124085
8 7 7 5 0.0005258
8 7 7 6 -0.0121690
8 7 7 7 -0.0012705
8 7 8 0 -0.0008386
8 7 8 1 0.0014544
8 7 8 2 0.0024621
8 7 8 3 0.0192419
8 7 8 4 0.0005478
8 7 8 5 0.0005973
8 7 8 6 0.0007011
8 7 8 7 0.0289825
8 7 8 8 -0.0011470
8 8 0 0 0.8046355
8 8 1 0 0.0085169
8 8 1 1 0.5615678
8 8 2 0 0.0105928
8 8 2 1 -0.0959434
8 8 2 2 0.5195368
8 8 3 0 -0.0007130
8 8 3 1 -0.0008233
8 8 3 2 -0.0004516
8 8 3 3 0.4331300
8 8 4 0 0.0073559
8 8 4 1 0.0055157
8 8 4 2 0.0124360
8 8 4 3 -0.0009659
8 8 4 4 0.5375604
8 8 5 0 -0.0024102
8 8 5 1 0.0074455
8 8 5 2 -0.0152974
8 8 5 3 0.0010878
8 8 5 4 -0.0323570
8 8 5 5 0.3429972
8 8 6 0 0.0141977
8 8 6 1 0.0701275
8 8 6 2 0.0780472
8 8 6 3 -0.0109774
8 8 6 4 -0.0389598
8 8 6 5 -0.0000640
8 8 6 6 0.4654088
8 8 7 0 0.0007910
8 8 7 1 0.0078773
8 8 7 2 0.0081143
8 8 7 3 0.1173756
8 8 7 4 -0.0020244
8 8 7 5 -0.0055337
8 8 7 6 -0.0018011
8 8 7 7 0.5027813
8 8 8 0 0.0093670
8 8 8 1 -0.0349083
8 8 8 2 0.0087704
8 8 8 3 -0.0006113
8 8 8 4 -0.0123730
8 8 8 5 -0.0000172
8 8 8 6 -0.0242298
8 8 8 7 -0.0011470
8 8 8 8 0.6518156
9 0 0 0 0.0000888
9 0 1 0 -0.0000227
9 0 1 1 0.0001452
9 0 2 0 -0.0000555
9 0 2 1 0.0001311
9 0 2 2 0.0000923
9 0 3 0 0.0002765
9 0 3 1 -0.0005885
9 0 3 2 -0.0002335
9 0 3 3 0.0002039
9 0 4 0 0.0003111
9 0 4 1 -0.0004753
9 0 4 2 -0.0000289
9 0 4 3 -0.0000704
9 0 4 4 -0.0002555
9 0 5 0 -0.0000621
9 0 5 1 0.0000440
9 0 5 2 -0.0000221
9 0 5 3 0.0000141
9 0 5 4 0.0001224
9 0 5 5 0.0001722
9 0 6 0 -0.0002404
9 0 6 1 0.0002896
9 0 6 2 0.0000194
9 0 6 3 -0.0000871
9 0 6 4 -0.0002072
9 0 6 5 0.0000679
9 0 6 6 0.0005277
9 0 7 0 0.0004930
9 0 7 1 -0.0005169
9 0 7 2 0.0001046
9 0 7 3 -0.0000695
9 0 7 4 -0.0003090
9 0 7 5 0.0000773
9 0 7 6 -0.0004327
9 0 7 7 -0.0000356
9 0 8 0 -0.0000255
9 0 8 1 -0.0000129
9 0 8 2 -0.0000382
9 0 8 3 0.0002928
9 0 8 4 0.0003069
9 0 8 5 -0.0001018
9 0 8 6 -0.0001869
9 0 8 7 0.0004376
9 0 8 8 -0.0000160
9 0 9 0 0.0000253
9 0 9 1 -0.0001292
9 0 9 2 -0.0000025
9 0 9 3 0.0000302
9 0 9 4 -0.0000265
9 0 9 5 -0.0000939
9 0 9 6 -0.0000596
9 0 9 7 -0.0000226
9 0 9 8 0.0002321
9 0 9 9 -0.0000368
9 1 0 0 -0.0008653
9 1 1 0 0.0001548
9 1 1 1 -0.0012817
9 1 2 0 0.0003852
9 1 2 1 -0.0048867
9 1 2 2 -0.0001658
9 1 3 0 -0.0017876
9 1 3 1 0.0151640
9 1 3 2 0.0063719
9 1 3 3 -0.0054482
9 1 4 0 -0.0018935
9 1 4 1 0.0095275
9 1 4 2 0.0007634
9 1 4 3 -0.0004614
9 1 4 4 0.0045074
9 1 5 0 0.0003622
9 1 5 1 -0.0039282
9 1 5 2 0.0043904
9 1 5 3 -0.0004330
9 1 5 4 0.0005323
9 1 5 5 0.0054960
9 1 6 0 0.0014246
9 1 6 1 -0.0054511
9 1 6 2 0.0026402
9 1 6 3 -0.0041203
9 1 6 4 0.0026491
9 1 6 5 -0.0007921
9 1 6 6 -0.0095374
9 1 7 0 -0.0029093
9 1 7 1 0.0088097
9 1 7 2 -0.0060209
9 1 7 3 0.0028924
9 1 7 4 0.0062969
9 1 7 5 0.0002251
9 1 7 6 0.0096541
9 1 7 7 0.0005152
9 1 8 0 0.0002070
9 1 8 1 0.0015531
9 1 8 2 -0.0001009
9 1 8 3 -0.0077688
9 1 8 4 -0.0080580
9 1 8 5 -0.0019261
9 1 8 6 0.0024953
9 1 8 7 -0.0086835
9 1 8 8 0.0031214
9 1 9 0 -0.0001292
9 1 9 1 0.0216579
9 1 9 2 -0.0205107
9 1 9 3 -0.0006399
9 1 9 4 -0.0043265
9 1 9 5 -0.0018377
9 1 9 6 -0.0049698
9 1 9 7 -0.0000285
9 1 9 8 0.0206099
9 1 9 9 0.0049259
9 2 0 0 -0.0049790
9 2 1 0 -0.0001274
9 2 1 1 -0.0013653
9 2 2 0 -0.0002191
9 2 2 1 0.0007192
9 2 2 2 -0.0014473
9 2 3 0 0.0008501
9 2 3 1 -0.0067091
9 2 3 2 -0.0007644
9 2 3 3 -0.0006799
9 2 4 0 0.0010216
9 2 4 1 -0.0060037
9 2 4 2 0.0006425
9 2 4 3 -0.0003556
9 2 4 4 -0.0067358
9 2 5 0 -0.0001955
9 2 5 1 0.0043198
9 2 5 2 -0.0039240
9 2 5 3 -0.0001336
9 2 5 4 -0.0003553
9 2 5 5 -0.0016535
9 2 6 0 -0.0007993
9 2 6 1 0.0027073
9 2 6 2 -0.0019366
9 2 6 3 0.0006046
9 2 6 4 -0.0012843
9 2 6 5 -0.0000863
9 2 6 6 0.0009704
9 2 7 0 0.0014031
9 2 7 1 -0.0063277
9 2 7 2 0.0031704
9 2 7 3 -0.0019595
9 2 7 4 -0.0029040
9 2 7 5 0.0001382
9 2 7 6 -0.0030079
9 2 7 7 -0.0037658
9 2 8 0 -0.0001019
9 2 8 1 0.0018689
9 2 8 2 -0.0035305
9 2 8 3 0.0051941
9 2 8 4 0.0056713
9 2 8 5 0.0032195
9 2 8 6 -0.0026690
9 2 8 7 0.0061585
9 2 8 8 -0.0018790
9 2 9 0 -0.0000025
9 2 9 1 -0.0205107
9 2 9 2 0.0217199
9 2 9 3 -0.0008852
9 2 9 4 0.0032923
9 2 9 5 0.0024173
9 2 9 6 0.0058830
9 2 9 7 -0.0004761
9 2 9 8 -0.0235855
9 2 9 9 0.0047337
9 3 0 0 0.0222340
9 3 1 0 0.0001120
9 3 1 1 0.0098139
9 3 2 0 0.0000593
9 3 2 1 0.0078832
9 3 2 2 0.0065664
9 3 3 0 0.0001135
9 3 3 1 -0.0020073
9 3 3 2 -0.0014720
9 3 3 3 0.0167288
9 3 4 0 0.0002401
9 3 4 1 0.0012340
9 3 4 2 -0.0015219
9 3 4 3 0.0016132
9 3 4 4 0.0139496
9 3 5 0 -0.0000420
9 3 5 1 -0.0000092
9 3 5 2 -0.0002429
9 3 5 3 0.0029816
9 3 5 4 -0.0050802
9 3 5 5 -0.0196824
9 3 6 0 0.0000643
9 3 6 1 0.0036423
9 3 6 2 -0.0014857
9 3 6 3 0.0010140
9 3 6 4 -0.0009857
9 3 6 5 -0.0013264
9 3 6 6 0.0157186
9 3 7 0 0.0001764
9 3 7 1 0.0006020
9 3 7 2 0.0007656
9 3 7 3 0.0031465
9 3 7 4 -0.0005481
9 3 7 5 -0.0046783
9 3 7 6 -0.0023084
9 3 7 7 0.0169839
9 3 8 0 0.0000617
9 3 8 1 -0.0110080
9 3 8 2 0.0113969
9 3 8 3 0.0004345
9 3 8 4 0.0020669
9 3 8 5 -0.0017152
9 3 8 6 0.0027691
9 3 8 7 0.0001041
9 3 8 8 0.0019850
9 3 9 0 0.0000302
9 3 9 1 -0.0006399
9 3 9 2 -0.0008852
9 3 9 3 0.0045215
9 3 9 4 0.0031192
9 3 9 5 -0.0000729
9 3 9 6 -0.0012311
9 3 9 7 0.0033691
9 3 9 8 0.0002433
9 3 9 9 -0.0255452
9 4 0 0 0.0175446
9 4 1 0 0.0001190
9 4 1 1 0.0049940
9 4 2 0 0.0000917
9 4 2 1 0.0072698
9 4 2 2 0.0016874
9 4 3 0 -0.0000234
9 4 3 1 -0.0010943
9 4 3 2 -0.0008411
9 4 3 3 0.0092657
9 4 4 0 0.0001296
9 4 4 1 0.0010782
9 4 4 2 -0.0015053
9 4 4 3 0.0017368
9 4 4 4 0.0131002
9 4 5 0 0.0000162
9 4 5 1 -0.0007633
9 4 5 2 0.0001299
9 4 5 3 0.0003001
9 4 5 4 -0.0029713
9 4 5 5 -0.0062612
9 4 6 0 0.0001319
9 4 6 1 0.0046770
9 4 6 2 -0.0006611
9 4 6 3 0.0002890
9 4 6 4 -0.0021781
9 4 6 5 -0.0002210
9 4 6 6 0.0107889
9 4 7 0 -0.0000564
9 4 7 1 0.0006259
9 4 7 2 0.0008450
9 4 7 3 0.0020244
9 4 7 4 0.0009615
9 4 7 5 -0.0026082
9 4 7 6 -0.0013568
9 4 7 7 0.0100379
9 4 8 0 0.0000546
9 4 8 1 -0.0105685
9 4 8 2 0.0113034
9 4 8 3 0.0006380
9 4 8 4 0.0024548
9 4 8 5 -0.0009803
9 4 8 6 0.0024539
9 4 8 7 0.0001731
9 4 8 8 -0.0024592
9 4 9 0 -0.0000265
9 4 9 1 -0.0043265
9 4 9 2 0.0032923
9 4 9 3 0.0031192
9 4 9 4 0.0053403
9 4 9 5 0.0041523
9 4 9 6 -0.0000680
9 4 9 7 0.0032159
9 4 9 8 -0.0055202
9 4 9 9 -0.0275541
9 5 0 0 -0.0185428
9 5 1 0 0.0000378
9 5 1 1 -0.0206140
9 5 2 0 -0.0005750
9 5 2 1 0.0122448
9 5 2 2 -0.0195501
9 5 3 0 -0.0001338
9 5 3 1 0.0028312
9 5 3 2 0.0009795
9 5 3 3 -0.0085756
9 5 4 0 0.0001592
9 5 4 1 -0.0018319
9 5 4 2 -0.0007445
9 5 4 3 -0.0014875
9 5 4 4 -0.0143683
9 5 5 0 0.0001314
9 5 5 1 -0.0042839
9 5 5 2 0.0044558
9 5 5 3 -0.0060974
9 5 5 4 0.0074872
9 5 5 5 0.0328841
9 5 6 0 -0.0005217
9 5 6 1 -0.0004187
9 5 6 2 -0.0040314
9 5 6 3 -0.0013536
9 5 6 4 0.0015893
9 5 6 5 0.0025692
9 5 6 6 -0.0089584
9 5 7 0 -0.0002501
9 5 7 1 -0.0002314
9 5 7 2 -0.0011052
9 5 7 3 -0.0068128
9 5 7 4 0.0009860
9 5 7 5 0.0037185
9 5 7 6 0.0024558
9 5 7 7 -0.0124030
9 5 8 0 -0.0008984
9 5 8 1 -0.0039562
9 5 8 2 0.0072592
9 5 8 3 -0.0006784
9 5 8 4 0.0040095
9 5 8 5 -0.0021438
9 5 8 6 0.0034528
9 5 8 7 -0.0005542
9 5 8 8 -0.0292967
9 5 9 0 -0.0000939
9 5 9 1 -0.0018377
9 5 9 2 0.0024173
9 5 9 3 -0.0000729
9 5 9 4 0.0041523
9 5 9 5 0.0193788
9 5 9 6 0.0017355
9 5 9 7 0.0030659
9 5 9 8 -0.0040718
9 5 9 9 -0.0343351
9 6 0 0 -0.0137944
9 6 1 0 -0.0000161
9 6 1 1 -0.0082627
9 6 2 0 -0.0002275
9 6 2 1 0.0008637
9 6 2 2 -0.0058891
9 6 3 0 0.0000079
9 6 3 1 -0.0024400
9 6 3 2 -0.0020306
9 6 3 3 -0.0049824
9 6 4 0 -0.0003807
9 6 4 1 -0.0002419
9 6 4 2 0.0001720
9 6 4 3 -0.0000051
9 6 4 4 -0.0091405
9 6 5 0 0.0000768
9 6 5 1 0.0006353
9 6 5 2 -0.0011740
9 6 5 3 -0.0006864
9 6 5 4 0.0013288
9 6 5 5 0.0017710
9 6 6 0 -0.0000724
9 6 6 1 -0.0028894
9 6 6 2 -0.0019033
9 6 6 3 0.0030681
9 6 6 4 0.0023536
9 6 6 5 0.0004207
9 6 6 6 -0.0063280
9 6 7 0 -0.0000204
9 6 7 1 -0.0001122
9 6 7 2 0.0015849
9 6 7 3 -0.0033300
9 6 7 4 -0.0013043
9 6 7 5 0.0011035
9 6 7 6 -0.0021264
9 6 7 7 -0.0074311
9 6 8 0 -0.0003808
9 6 8 1 0.0038830
9 6 8 2 -0.0032169
9 6 8 3 0.0010527
9 6 8 4 0.0005420
9 6 8 5 0.0015816
9 6 8 6 0.0003528
9 6 8 7 0.0008115
9 6 8 8 -0.0071824
9 6 9 0 -0.0000596
9 6 9 1 -0.0049698
9 6 9 2 0.0058830
9 6 9 3 -0.0012311
9 6 9 4 -0.0000680
9 6 9 5 0.0017355
9 6 9 6 0.0025572
9 6 9 7 -0.0009635
9 6 9 8 -0.0070856
9 6 9 9 0.0033550
9 7 0 0 0.0243468
9 7 1 0 0.0001371
9 7 1 1 0.0104018
9 7 2 0 0.0004558
9 7 2 1 0.0021098
9 7 2 2 0.0056538
9 7 3 0 -0.0001566
9 7 3 1 0.0012944
9 7 3 2 0.0007503
9 7 3 3 0.0105333
9 7 4 0 0.0000439
9 7 4 1 0.0027482
9 7 4 2 -0.0003447
9 7 4 3 0.0005434
9 7 4 4 0.0145566
9 7 5 0 -0.0000166
9 7 5 1 -0.0009252
9 7 5 2 0.0005189
9 7 5 3 0.0000632
9 7 5 4 -0.0029281
9 7 5 5 -0.0045966
9 7 6 0 0.0005611
9 7 6 1 0.0046202
9 7 6 2 0.0011632
9 7 6 3 -0.0015372
9 7 6 4 -0.0018279
9 7 6 5 -0.0004220
9 7 6 6 0.0094172
9 7 7 0 -0.0002071
9 7 7 1 0.0009657
9 7 7 2 -0.0003868
9 7 7 3 0.0071131
9 7 7 4 0.0012081
9 7 7 5 -0.0026075
9 7 7 6 0.0004287
9 7 7 7 0.0147173
9 7 8 0 0.0005668
9 7 8 1 -0.0104985
9 7 8 2 0.0098602
9 7 8 3 -0.0004150
9 7 8 4 0.0004228
9 7 8 5 -0.0014692
9 7 8 6 0.0013445
9 7 8 7 -0.0006884
9 7 8 8 0.0057450
9 7 9 0 -0.0000226
9 7 9 1 -0.0000285
9 7 9 2 -0.0004761
9 7 9 3 0.0033691
9 7 9 4 0.0032159
9 7 9 5 0.0030659
9 7 9 6 -0.0009635
9 7 9 7 0.0038441
9 7 9 8 -0.0007967
9 7 9 9 -0.0193130
9 8 0 0 -0.0012914
9 8 1 0 -0.0000021
9 8 1 1 -0.0001983
9 8 2 0 -0.0000181
9 8 2 1 -0.0013976
9 8 2 2 -0.0003185
9 8 3 0 0.0000398
9 8 3 1 0.0022966
9 8 3 2 0.0015592
9 8 3 3 -0.0015468
9 8 4 0 0.0000144
9 8 4 1 0.0006209
9 8 4 2 0.0011605
9 8 4 3 -0.0004658
9 8 4 4 0.0005772
9 8 5 0 -0.0000236
9 8 5 1 -0.0039063
9 8 5 2 0.0041309
9 8 5 3 -0.0006553
9 8 5 4 0.0031203
9 8 5 5 0.0094217
9 8 6 0 -0.0000625
9 8 6 1 -0.0013545
9 8 6 2 0.0010967
9 8 6 3 -0.0013921
9 8 6 4 0.0007277
9 8 6 5 0.0009612
9 8 6 6 -0.0018452
9 8 7 0 0.0001316
9 8 7 1 0.0005766
9 8 7 2 -0.0011294
9 8 7 3 0.0004001
9 8 7 4 0.0011974
9 8 7 5 0.0016121
9 8 7 6 0.0017218
9 8 7 7 -0.0005493
9 8 8 0 -0.0000202
9 8 8 1 0.0013661
9 8 8 2 -0.0005022
9 8 8 3 -0.0023402
9 8 8 4 -0.0031064
9 8 8 5 -0.0047296
9 8 8 6 -0.0001203
9 8 8 7 -0.0018935
9 8 8 8 0.0007185
9 8 9 0 0.0002321
9 8 9 1 0.0206099
9 8 9 2 -0.0235855
9 8 9 3 0.0002433
9 8 9 4 -0.0055202
9 8 9 5 -0.0040718
9 8 9 6 -0.0070856
9 8 9 7 -0.0007967
9 8 9 8 0.0314869
9 8 9 9 0.0021415
9 9 0 0 0.3508120
9 9 1 0 -0.0015254
9 9 1 1 0.4169827
9 9 2 0 0.0050825
9 9 2 1 -0.1351359
9 9 2 2 0.3945483
9 9 3 0 -0.0000995
9 9 3 1 -0.0009533
9 9 3 2 -0.0014020
9 9 3 3 0.2863693
9 9 4 0 0.0026877
9 9 4 1 -0.0206622
9 9 4 2 0.0103288
9 9 4 3 0.0006271
9 9 4 4 0.3240932
9 9 5 0 -0.0011531
9 9 5 1 0.0106762
9 9 5 2 -0.0093202
9 9 5 3 -0.0151295
9 9 5 4 0.0147771
9 9 5 5 0.4279116
9 9 6 0 0.0027168
9 9 6 1 0.0023446
9 9 6 2 0.0412113
9 9 6 3 -0.0043412
9 9 6 4 -0.0207888
9 9 6 5 0.0106470
9 9 6 6 0.2854348
9 9 7 0 0.0001942
9 9 7 1 0.0025690
9 9 7 2 0.0038690
9 9 7 3 0.0481881
9 9 7 4 0.0044398
9 9 7 5 0.0239544
9 9 7 6 -0.0021097
9 9 7 7 0.3091904
9 9 8 0 0.0091102
9 9 8 1 0.0580567
9 9 8 2 -0.1072828
9 9 8 3 0.0011462
9 9 8 4 -0.0301388
9 9 8 5 0.0141868
9 9 8 6 -0.0501645
9 9 8 7 -0.0021303
9 9 8 8 0.4972274
9 9 9 0 -0.0000368
9 9 9 1 0.0049259
9 9 9 2 0.0047337
9 9 9 3 -0.0255452
9 9 9 4 -0.0275541
9 9 9 5 -0.0343351
9 9 9 6 0.0033550
9 9 9 7 -0.0193130
9 9 9 8 0.0021415
9 9 9 9 0.6728328
10 0 0 0 0.0001317
10 0 1 0 -0.0000472
10 0 1 1 0.0002653
10 0 2 0 -0.0000895
10 0 2 1 0.0002278
10 0 2 2 0.0001616
10 0 3 0 -0.0001994
10 0 3 1 0.0004188
10 0 3 2 0.0001661
10 0 3 3 0.0001879
10 0 4 0 0.0004311
10 0 4 1 -0.0006290
10 0 4 2 -0.0000283
10 0 4 3 0.0001014
10 0 4 4 -0.0003869
10 0 5 0 -0.0000401
10 0 5 1 0.0001056
10 0 5 2 0.0000057
10 0 5 3 0.0000812
10 0 5 4 -0.0000174
10 0 5 5 -0.0004211
10 0 6 0 -0.0002661
10 0 6 1 0.0003477
10 0 6 2 0.0000442
10 0 6 3 0.0000709
10 0 6 4 -0.0003542
10 0 6 5 -0.0000379
10 0 6 6 0.0006020
10 0 7 0 -0.0003844
10 0 7 1 0.0004064
10 0 7 2 -0.0000772
10 0 7 3 -0.0001121
10 0 7 4 0.0001876
10 0 7 5 -0.0001023
10 0 7 6 0.0003662
10 0 7 7 0.0000510
10 0 8 0 -0.0000261
10 0 8 1 -0.0000532
10 0 8 2 -0.0000559
10 0 8 3 -0.0002152
10 0 8 4 0.0004394
10 0 8 5 0.0000211
10 0 8 6 -0.0001972
10 0 8 7 -0.0003327
10 0 8 8 -0.0000096
10 0 9 0 0.0000002
10 0 9 1 -0.0000002
10 0 9 2 0.0000008
10 0 9 3 0.0000225
10 0 9 4 -0.0000028
10 0 9 5 -0.0000841
10 0 9 6 -0.0000188
10 0 9 7 -0.0000099
10 0 9 8 -0.0000023
10 0 9 9 -0.0000403
10 0 10 0 0.0000254
10 0 10 1 -0.0001399
10 0 10 2 0.0000040
10 0 10 3 -0.0000153
10 0 10 4 -0.0000020
10 0 10 5 0.0000113
10 0 10 6 -0.0000615
10 0 10 7 0.0000060
10 0 10 8 0.0002261
10 0 10 9 -0.0000026
10 0 10 10 -0.0000546
10 1 0 0 -0.0052179
10 1 1 0 0.0003280
10 1 1 1 -0.0085895
10 1 2 0 0.0005246
10 1 2 1 -0.0050405
10 1 2 2 -0.0060624
10 1 3 0 0.0012724
10 1 3 1 -0.0110385
10 1 3 2 -0.0040399
10 1 3 3 -0.0077810
10 1 4 0 -0.0026318
10 1 4 1 0.0143283
10 1 4 2 -0.0014925
10 1 4 3 -0.0005834
10 1 4 4 0.0026118
10 1 5 0 0.0002526
10 1 5 1 0.0033965
10 1 5 2 -0.0074848
10 1 5 3 -0.0011626
10 1 5 4 -0.0013344
10 1 5 5 -0.0046438
10 1 6 0 0.0015079
10 1 6 1 -0.0056704
10 1 6 2 0.0013739
10 1 6 3 0.0024972
10 1 6 4 0.0048364
10 1 6 5 -0.0007578
10 1 6 6 -0.0128805
10 1 7 0 0.0022353
10 1 7 1 -0.0062778
10 1 7 2 0.0040309
10 1 7 3 0.0041283
10 1 7 4 -0.0038212
10 1 7 5 0.0007993
10 1 7 6 -0.0078048
10 1 7 7 -0.0048619
10 1 8 0 0.0000781
10 1 8 1 0.0015179
10 1 8 2 0.0018784
10 1 8 3 0.0050374
10 1 8 4 -0.0086519
10 1 8 5 0.0073527
10 1 8 6 0.0039907
10 1 8 7 0.0071284
10 1 8 8 -0.0017753
10 1 9 0 -0.0000000
10 1 9 1 0.0001672
10 1 9 2 -0.0004021
10 1 9 3 -0.0003255
10 1 9 4 -0.0008710
10 1 9 5 -0.0030058
10 1 9 6 0.0005099
10 1 9 7 -0.0004440
10 1 9 8 0.0004020
10 1 9 9 0.0014195
10 1 10 0 -0.0001399
10 1 10 1 0.0210136
10 1 10 2 -0.0199696
10 1 10 3 0.0009789
10 1 10 4 -0.0036369
10 1 10 5 0.0030658
10 1 10 6 -0.0038095
10 1 10 7 -0.0006249
10 1 10 8 0.0200527
10 1 10 9 0.0001737
10 1 10 10 0.0019922
10 2 0 0 -0.0057717
10 2 1 0 -0.0002446
10 2 1 1 0.0024413
10 2 2 0 -0.0002694
10 2 2 1 -0.0020614
10 2 2 2 0.0017298
10 2 3 0 -0.0005875
10 2 3 1 0.0050216
10 2 3 2 -0.0001809
10 2 3 3 -0.0013276
10 2 4 0 0.0014031
10 2 4 1 -0.0100795
10 2 4 2 0.0033306
10 2 4 3 0.0005141
10 2 4 4 -0.0071608
10 2 5 0 -0.0001508
10 2 5 1 -0.0047494
10 2 5 2 0.0069562
10 2 5 3 -0.0013057
10 2 5 4 0.0038468
10 2 5 5 0.0151780
10 2 6 0 -0.0008633
10 2 6 1 0.0017384
10 2 6 2 -0.0005274
10 2 6 3 -0.0002002
10 2 6 4 -0.0017514
10 2 6 5 0.0024847
10 2 6 6 0.0012463
10 2 7 0 -0.0010748
10 2 7 1 0.0041513
10 2 7 2 -0.0017546
10 2 7 3 -0.0027382
10 2 7 4 0.0021911
10 2 7 5 0.0024257
10 2 7 6 0.0026905
10 2 7 7 -0.0035427
10 2 8 0 0.0000099
10 2 8 1 0.0045181
10 2 8 2 -0.0078805
10 2 8 3 -0.0031027
10 2 8 4 0.0050656
10 2 8 5 -0.0071058
10 2 8 6 -0.0047416
10 2 8 7 -0.0053310
10 2 8 8 0.0023794
10 2 9 0 0.0000006
10 2 9 1 -0.0003487
10 2 9 2 0.0009770
10 2 9 3 -0.0014430
10 2 9 4 -0.0006734
10 2 9 5 0.0032691
10 2 9 6 0.0003885
10 2 9 7 -0.0006937
10 2 9 8 -0.0004200
10 2 9 9 0.0111274
10 2 10 0 0.0000040
10 2 10 1 -0.0199696
10 2 10 2 0.0218852
10 2 10 3 0.0004947
10 2 10 4 0.0016513
10 2 10 5 -0.0007265
10 2 10 6 0.0054247
10 2 10 7 0.0018891
10 2 10 8 -0.0232067
10 2 10 9 0.0007326
10 2 10 10 0.0132504
10 3 0 0 -0.0178650
10 3 1 0 -0.0000651
10 3 1 1 -0.0096395
10 3 2 0 -0.0000995
10 3 2 1 -0.0042647
10 3 2 2 -0.0072848
10 3 3 0 0.0000766
10 3 3 1 -0.0013186
10 3 3 2 -0.0016913
10 3 3 3 -0.0126410
10 3 4 0 -0.0001750
10 3 4 1 -0.0008449
10 3 4 2 0.0008661
10 3 4 3 0.0009421
10 3 4 4 -0.0113807
10 3 5 0 0.0000522
10 3 5 1 -0.0009294
10 3 5 2 0.0000167
10 3 5 3 -0.0033022
10 3 5 4 0.0049450
10 3 5 5 0.0187585
10 3 6 0 -0.0001022
10 3 6 1 -0.0028039
10 3 6 2 0.0005688
10 3 6 3 0.0009031
10 3 6 4 0.0010554
10 3 6 5 0.0017511
10 3 6 6 -0.0118163
10 3 7 0 0.0000710
10 3 7 1 0.0003033
10 3 7 2 0.0007020
10 3 7 3 -0.0028584
10 3 7 4 0.0013788
10 3 7 5 0.0040939
10 3 7 6 -0.0014870
10 3 7 7 -0.0138036
10 3 8 0 -0.0001513
10 3 8 1 0.0072322
10 3 8 2 -0.0069658
10 3 8 3 0.0002643
10 3 8 4 -0.0012017
10 3 8 5 0.0013662
10 3 8 6 -0.0013578
10 3 8 7 -0.0001139
10 3 8 8 -0.0049831
10 3 9 0 0.0000083
10 3 9 1 0.0002727
10 3 9 2 -0.0000094
10 3 9 3 -0.0025803
10 3 9 4 -0.0012418
10 3 9 5 0.0003906
10 3 9 6 0.0005227
10 3 9 7 -0.0019766
10 3 9 8 0.0005908
10 3 9 9 0.0114635
10 3 10 0 -0.0000153
10 3 10 1 0.0009789
10 3 10 2 0.0004947
10 3 10 3 0.0027637
10 3 10 4 -0.0030910
10 3 10 5 -0.0012864
10 3 10 6 0.0007311
10 3 10 7 0.0018580
10 3 10 8 0.0004968
10 3 10 9 -0.0028481
10 3 10 10 0.0145298
10 4 0 0 0.0321158
10 4 1 0 0.0001246
10 4 1 1 0.0174210
10 4 2 0 0.0003917
10 4 2 1 0.0032485
10 4 2 2 0.0126203
10 4 3 0 0.0000576
10 4 3 1 -0.0002379
10 4 3 2 0.0001860
10 4 3 3 0.0162827
10 4 4 0 0.0001648
10 4 4 1 0.0014730
10 4 4 2 -0.0012695
10 4 4 3 -0.0007078
10 4 4 4 0.0242522
10 4 5 0 -0.0000812
10 4 5 1 0.0000001
10 4 5 2 0.0003740
10 4 5 3 0.0039152
10 4 5 4 -0.0073355
10 4 5 5 -0.0237249
10 4 6 0 0.0003711
10 4 6 1 0.0064671
10 4 6 2 0.0014058
10 4 6 3 -0.0002404
10 4 6 4 -0.0036848
10 4 6 5 -0.0014799
10 4 6 6 0.0185739
10 4 7 0 0.0001820
10 4 7 1 0.0000112
10 4 7 2 0.0001585
10 4 7 3 0.0057696
10 4 7 4 -0.0023499
10 4 7 5 -0.0049464
10 4 7 6 0.0000347
10 4 7 7 0.0194872
10 4 8 0 0.0005204
10 4 8 1 -0.0114716
10 4 8 2 0.0105584
10 4 8 3 -0.0000246
10 4 8 4 0.0011465
10 4 8 5 -0.0028217
10 4 8 6 0.0010180
10 4 8 7 0.0000134
10 4 8 8 0.0118754
10 4 9 0 -0.0000044
10 4 9 1 -0.0008271
10 4 9 2 -0.0002564
10 4 9 3 0.0031721
10 4 9 4 0.0031959
10 4 9 5 -0.0013887
10 4 9 6 -0.0013627
10 4 9 7 0.0023892
10 4 9 8 -0.0011057
10 4 9 9 -0.0148964
10 4 10 0 -0.0000020
10 4 10 1 -0.0036369
10 4 10 2 0.0016513
10 4 10 3 -0.0030910
10 4 10 4 0.0063578
10 4 10 5 0.0020311
10 4 10 6 -0.0010807
10 4 10 7 -0.0020979
10 4 10 8 -0.0041934
10 4 10 9 -0.0017351
10 4 10 10 -0.0193297
10 5 0 0 0.0256467
10 5 1 0 -0.0001817
10 5 1 1 0.0356203
10 5 2 0 0.0008602
10 5 2 1 -0.0236998
10 5 2 2 0.0352046
10 5 3 0 0.0004828
10 5 3 1 -0.0071484
10 5 3 2 -0.0028821
10 5 3 3 0.0127204
10 5 4 0 0.0001841
10 5 4 1 -0.0004508
10 5 4 2 0.0016528
10 5 4 3 0.0021095
10 5 4 4 0.0186752
10 5 5 0 -0.0003302
10 5 5 1 0.0092121
10 5 5 2 -0.0077195
10 5 5 3 0.0097447
10 5 5 4 -0.0154595
10 5 5 5 -0.0573770
10 5 6 0 0.0005024
10 5 6 1 0.0004629
10 5 6 2 0.0068197
10 5 6 3 0.0033832
10 5 6 4 -0.0032255
10 5 6 5 -0.0031619
10 5 6 6 0.0146895
10 5 7 0 0.0008073
10 5 7 1 -0.0009819
10 5 7 2 0.0032514
10 5 7 3 0.0094533
10 5 7 4 -0.0042511
10 5 7 5 -0.0064664
10 5 7 6 -0.0052393
10 5 7 7 0.0170099
10 5 8 0 0.0015200
10 5 8 1 0.0115056
10 5 8 2 -0.0186214
10 5 8 3 0.0026212
10 5 8 4 -0.0052659
10 5 8 5 0.0044948
10 5 8 6 -0.0081129
10 5 8 7 0.0022534
10 5 8 8 0.0531428
10 5 9 0 -0.0000887
10 5 9 1 -0.0025614
10 5 9 2 0.0041511
10 5 9 3 -0.0015211
10 5 9 4 -0.0042519
10 5 9 5 -0.0156960
10 5 9 6 0.0010205
10 5 9 7 -0.0032327
10 5 9 8 -0.0053512
10 5 9 9 0.0579414
10 5 10 0 0.0000113
10 5 10 1 0.0030658
10 5 10 2 -0.0007265
10 5 10 3 -0.0012864
10 5 10 4 0.0020311
10 5 10 5 0.0421002
10 5 10 6 0.0022799
10 5 10 7 0.0061319
10 5 10 8 0.0037295
10 5 10 9 0.0022642
10 5 10 10 0.0652421
10 6 0 0 -0.0117747
10 6 1 0 -0.0000229
10 6 1 1 -0.0043039
10 6 2 0 -0.0001184
10 6 2 1 -0.0019460
10 6 2 2 -0.0017436
10 6 3 0 0.0000631
10 6 3 1 0.0013548
10 6 3 2 0.0010791
10 6 3 3 -0.0038628
10 6 4 0 -0.0005336
10 6 4 1 -0.0001623
10 6 4 2 0.0011592
10 6 4 3 -0.0001158
10 6 4 4 -0.0072034
10 6 5 0 0.0000647
10 6 5 1 -0.0006790
10 6 5 2 0.0015791
10 6 5 3 -0.0002149
10 6 5 4 0.0015168
10 6 5 5 0.0049466
10 6 6 0 0.0000748
10 6 6 1 -0.0036810
10 6 6 2 -0.0010618
10 6 6 3 -0.0014516
10 6 6 4 0.0024294
10 6 6 5 0.0002499
10 6 6 6 -0.0060040
10 6 7 0 0.0000935
10 6 7 1 -0.0006554
10 6 7 2 -0.0010584
10 6 7 3 -0.0026228
10 6 7 4 0.0009611
10 6 7 5 0.0011220
10 6 7 6 0.0012334
10 6 7 7 -0.0048173
10 6 8 0 -0.0002283
10 6 8 1 0.0056413
10 6 8 2 -0.0057895
10 6 8 3 -0.0004134
10 6 8 4 -0.0007849
10 6 8 5 -0.0010523
10 6 8 6 -0.0006472
10 6 8 7 -0.0004344
10 6 8 8 -0.0013345
10 6 9 0 -0.0000189
10 6 9 1 0.0005039
10 6 9 2 0.0003108
10 6 9 3 -0.0013216
10 6 9 4 -0.0014782
10 6 9 5 0.0003135
10 6 9 6 0.0005763
10 6 9 7 -0.0010403
10 6 9 8 -0.0000102
10 6 9 9 0.0090742
10 6 10 0 -0.0000615
10 6 10 1 -0.0038095
10 6 10 2 0.0054247
10 6 10 3 0.0007311
10 6 10 4 -0.0010807
10 6 10 5 0.0022799
10 6 10 6 0.0024379
10 6 10 7 0.0015516
10 6 10 8 -0.0061202
10 6 10 9 0.0006589
10 6 10 10 0.0112387
10 7 0 0 -0.0164966
10 7 1 0 -0.0001302
10 7 1 1 -0.0046925
10 7 2 0 -0.0002867
10 7 2 1 -0.0034485
10 7 2 2 -0.0011232
10 7 3 0 -0.0001088
10 7 3 1 0.0010916
10 7 3 2 0.0007036
10 7 3 3 -0.0069358
10 7 4 0 -0.0000139
10 7 4 1 -0.0023295
10 7 4 2 0.0006608
10 7 4 3 0.0011761
10 7 4 4 -0.0096685
10 7 5 0 0.0000165
10 7 5 1 0.0010552
10 7 5 2 -0.0000705
10 7 5 3 0.0002667
10 7 5 4 0.0010139
10 7 5 5 0.0023076
10 7 6 0 -0.0003580
10 7 6 1 -0.0036199
10 7 6 2 -0.0003636
10 7 6 3 -0.0005644
10 7 6 4 0.0009051
10 7 6 5 0.0000923
10 7 6 6 -0.0060755
10 7 7 0 -0.0002773
10 7 7 1 0.0003300
10 7 7 2 -0.0009446
10 7 7 3 -0.0049582
10 7 7 4 0.0021652
10 7 7 5 0.0012828
10 7 7 6 0.0009965
10 7 7 7 -0.0094289
10 7 8 0 -0.0003066
10 7 8 1 0.0089862
10 7 8 2 -0.0092473
10 7 8 3 -0.0003871
10 7 8 4 -0.0005830
10 7 8 5 0.0012800
10 7 8 6 -0.0017185
10 7 8 7 -0.0007019
10 7 8 8 0.0000978
10 7 9 0 -0.0000218
10 7 9 1 0.0001342
10 7 9 2 0.0006173
10 7 9 3 -0.0023861
10 7 9 4 -0.0017917
10 7 9 5 -0.0019290
10 7 9 6 0.0006159
10 7 9 7 -0.0024111
10 7 9 8 -0.0004753
10 7 9 9 0.0163764
10 7 10 0 0.0000060
10 7 10 1 -0.0006249
10 7 10 2 0.0018891
10 7 10 3 0.0018580
10 7 10 4 -0.0020979
10 7 10 5 0.0061319
10 7 10 6 0.0015516
10 7 10 7 0.0031214
10 7 10 8 -0.0004564
10 7 10 9 -0.0013070
10 7 10 10 0.0198208
10 8 0 0 -0.0025788
10 8 1 0 0.0000016
10 8 1 1 -0.0031790
10 8 2 0 -0.0000530
10 8 2 1 0.0000894
10 8 2 2 -0.0032851
10 8 3 0 -0.0000344
10 8 3 1 -0.0020451
10 8 3 2 -0.0004819
10 8 3 3 -0.0025365
10 8 4 0 0.0000276
10 8 4 1 0.0030238
10 8 4 2 -0.0009616
10 8 4 3 0.0003720
10 8 4 4 -0.0016778
10 8 5 0 0.0000368
10 8 5 1 0.0066003
10 8 5 2 -0.0084178
10 8 5 3 0.0016989
10 8 5 4 -0.0033046
10 8 5 5 -0.0164968
10 8 6 0 -0.0000819
10 8 6 1 -0.0005305
10 8 6 2 -0.0000818
10 8 6 3 0.0011271
10 8 6 4 0.0003074
10 8 6 5 -0.0027790
10 8 6 6 -0.0031295
10 8 7 0 -0.0001101
10 8 7 1 0.0001087
10 8 7 2 0.0001111
10 8 7 3 0.0009492
10 8 7 4 -0.0008426
10 8 7 5 -0.0018110
10 8 7 6 -0.0015147
10 8 7 7 -0.0023763
10 8 8 0 -0.0000799
10 8 8 1 0.0002537
10 8 8 2 0.0013200
10 8 8 3 0.0009771
10 8 8 4 -0.0012013
10 8 8 5 0.0099116
10 8 8 6 0.0013720
10 8 8 7 0.0022601
10 8 8 8 -0.0019588
10 8 9 0 -0.0000021
10 8 9 1 0.0003879
10 8 9 2 -0.0004658
10 8 9 3 0.0003379
10 8 9 4 -0.0010353
10 8 9 5 -0.0055153
10 8 9 6 -0.0000360
10 8 9 7 -0.0007215
10 8 9 8 0.0003377
10 8 9 9 -0.0001730
10 8 10 0 0.0002261
10 8 10 1 0.0200527
10 8 10 2 -0.0232067
10 8 10 3 0.0004968
10 8 10 4 -0.0041934
10 8 10 5 0.0037295
10 8 10 6 -0.0061202
10 8 10 7 -0.0004564
10 8 10 8 0.0311451
10 8 10 9 0.0000619
10 8 10 10 -0.0000291
10 9 0 0 0.0000004
10 9 1 0 -0.0000016
10 9 1 1 -0.0003274
10 9 2 0 -0.0000005
10 9 2 1 -0.0003339
10 9 2 2 0.0000468
10 9 3 0 0.0000119
10 9 3 1 -0.0005856
10 9 3 2 -0.0005646
10 9 3 3 -0.0029348
10 9 4 0 -0.0000008
10 9 4 1 -0.0001242
10 9 4 2 -0.0006786
10 9 4 3 0.0011878
10 9 4 4 0.0022265
10 9 5 0 -0.0000591
10 9 5 1 0.0004909
10 9 5 2 0.0001494
10 9 5 3 0.0016358
10 9 5 4 -0.0039063
10 9 5 5 -0.0207214
10 9 6 0 -0.0000243
10 9 6 1 0.0010631
10 9 6 2 0.0007703
10 9 6 3 0.0002660
10 9 6 4 -0.0016066
10 9 6 5 -0.0005003
10 9 6 6 0.0000144
10 9 7 0 -0.0000160
10 9 7 1 0.0005277
10 9 7 2 0.0000662
10 9 7 3 -0.0008582
10 9 7 4 0.0001026
10 9 7 5 -0.0025660
10 9 7 6 -0.0006236
10 9 7 7 -0.0028473
10 9 8 0 0.0000009
10 9 8 1 0.0001998
10 9 8 2 0.0000257
10 9 8 3 0.0001824
10 9 8 4 -0.0004479
10 9 8 5 -0.0014131
10 9 8 6 -0.0001803
10 9 8 7 -0.0003403
10 9 8 8 0.0000862
10 9 9 0 -0.0000061
10 9 9 1 0.0002585
10 9 9 2 0.0011440
10 9 9 3 0.0014369
10 9 9 4 -0.0020874
10 9 9 5 0.0045518
10 9 9 6 0.0010349
10 9 9 7 0.0018459
10 9 9 8 0.0000423
10 9 9 9 -0.0000000
10 9 10 0 -0.0000026
10 9 10 1 0.0001737
10 9 10 2 0.0007326
10 9 10 3 -0.0028481
10 9 10 4 -0.0017351
10 9 10 5 0.0022642
10 9 10 6 0.0006589
10 9 10 7 -0.0013070
10 9 10 8 0.0000619
10 9 10 9 0.0362686
10 9 10 10 -0.0000000
10 10 0 0 0.3508123
10 10 1 0 -0.0015340
10 10 1 1 0.4168485
10 10 2 0 0.0050861
10 10 2 1 -0.1351437
10 10 2 2 0.3947006
10 10 3 0 -0.0001386
10 10 3 1 0.0018983
10 10 3 2 0.0012414
10 10 3 3 0.2847325
10 10 4 0 0.0027057
10 10 4 1 -0.0208525
10 10 4 2 0.0097841
10 10 4 3 -0.0052225
10 10 4 4 0.3260974
10 10 5 0 -0.0010819
10 10 5 1 0.0106231
10 10 5 2 -0.0086368
10 10 5 3 -0.0177907
10 10 5 4 0.0176640
10 10 5 5 0.4566576
10 10 6 0 0.0027056
10 10 6 1 0.0032818
10 10 6 2 0.0416824
10 10 6 3 -0.0054704
10 10 6 4 -0.0214761
10 10 6 5 0.0118406
10 10 6 6 0.2848524
10 10 7 0 0.0002397
10 10 7 1 0.0001884
10 10 7 2 0.0039348
10 10 7 3 0.0470930
10 10 7 4 0.0007466
10 10 7 5 0.0276448
10 10 7 6 0.0021744
10 10 7 7 0.3084556
10 10 8 0 0.0091073
10 10 8 1 0.0580058
10 10 8 2 -0.1070932
10 10 8 3 0.0008577
10 10 8 4 -0.0298940
10 10 8 5 0.0162002
10 10 8 6 -0.0501299
10 10 8 7 -0.0010186
10 10 8 8 0.4970874
10 10 9 0 -0.0000245
10 10 9 1 0.0038190
10 10 9 2 0.0042665
10 10 9 3 -0.0215551
10 10 9 4 -0.0216074
10 10 9 5 -0.0228614
10 10 9 6 0.0024588
10 10 9 7 -0.0144080
10 10 9 8 0.0015664
10 10 9 9 0.6002955
10 10 10 0 -0.0000546
10 10 10 1 0.0019922
10 10 10 2 0.0132504
10 10 10 3 0.0145298
10 10 10 4 -0.0193297
10 10 10 5 0.0652421
10 10 10 6 0.0112387
10 10 10 7 0.0198208
10 10 10 8 -0.0000291
10 10 10 9 -0.0000000
10 10 10 10 0.6728328
11 0 0 0 -0.0032305
11 0 1 0 -0.0001905
11 0 1 1 -0.0004904
11 0 2 0 -0.0000608
11 0 2 1 -0.0002280
11 0 2 2 -0.0003312
11 0 3 0 0.0000082
11 0 3 1 0.0000058
11 0 3 2 0.0000008
11 0 3 3 -0.0005545
11 0 4 0 -0.0000975
11 0 4 1 -0.0000976
11 0 4 2 0.0000236
11 0 4 3 -0.0000031
11 0 4 4 -0.0008330
11 0 5 0 0.0000222
11 0 5 1 0.0000298
11 0 5 2 0.0000052
11 0 5 3 -0.0000542
11 0 5 4 0.0001829
11 0 5 5 0.0003956
11 0 6 0 -0.0001920
11 0 6 1 -0.0003190
11 0 6 2 -0.0001269
11 0 6 3 0.0000283
11 0 6 4 0.0001147
11 0 6 5 0.0000349
11 0 6 6 -0.0007196
11 0 7 0 -0.0000122
11 0 7 1 -0.0000265
11 0 7 2 -0.0000183
11 0 7 3 -0.0003178
11 0 7 4 0.0000212
11 0 7 5 0.0001271
11 0 7 6 0.0000096
11 0 7 7 -0.0007961
11 0 8 0 0.0000658
11 0 8 1 0.0004849
11 0 8 2 -0.0005381
11 0 8 3 0.0000036
11 0 8 4 -0.0000826
11 0 8 5 0.0000752
11 0 8 6 -0.0000991
11 0 8 7 -0.0000010
11 0 8 8 -0.0004204
11 0 9 0 -0.0000003
11 0 9 1 0.0000145
11 0 9 2 0.0000204
11 0 9 3 -0.0001074
11 0 9 4 -0.0001016
11 0 9 5 -0.0000321
11 0 9 6 0.0000392
11 0 9 7 -0.0000998
11 0 9 8 0.0000093
11 0 9 9 0.0006298
11 0 10 0 -0.0000005
11 0 10 1 0.0000180
11 0 10 2 0.0000406
11 0 10 3 0.0000715
11 0 10 4 -0.0001150
11 0 10 5 0.0000995
11 0 10 6 0.0000532
11 0 10 7 0.0000847
11 0 10 8 0.0000080
11 0 10 9 -0.0000005
11 0 10 10 0.0006295
11 0 11 0 0.0000112
11 0 11 1 0.0000813
11 0 11 2 -0.0001540
11 0 11 3 0.0000219
11 0 11 4 -0.0000606
11 0 11 5 -0.0001679
11 0 11 6 -0.0000626
11 0 11 7 -0.0000281
11 0 11 8 0.0002827
11 0 11 9 -0.0000038
11 0 11 10 -0.0000057
11 0 11 11 0.0044640
11 1 0 0 0.0043147
11 1 1 0 -0.0000067
11 1 1 1 0.0015943
11 1 2 0 0.0000286
11 1 2 1 0.0019867
11 1 2 2 0.0004316
11 1 3 0 0.0000019
11 1 3 1 -0.0001084
11 1 3 2 0.0000315
11 1 3 3 0.0029842
11 1 4 0 0.0000455
11 1 4 1 0.0004095
11 1 4 2 -0.0006055
11 1 4 3 0.0001150
11 1 4 4 0.0032742
11 1 5 0 -0.0000231
11 1 5 1 0.0002283
11 1 5 2 -0.0000792
11 1 5 3 0.0005824
11 1 5 4 -0.0009764
11 1 5 5 -0.0025313
11 1 6 0 0.0000042
11 1 6 1 0.0010692
11 1 6 2 -0.0003053
11 1 6 3 0.0000041
11 1 6 4 -0.0005557
11 1 6 5 -0.0002366
11 1 6 6 0.0029130
11 1 7 0 0.0000013
11 1 7 1 0.0001150
11 1 7 2 0.0000007
11 1 7 3 0.0008122
11 1 7 4 -0.0001415
11 1 7 5 -0.0006214
11 1 7 6 -0.0000938
11 1 7 7 0.0032895
11 1 8 0 0.0000793
11 1 8 1 -0.0030171
11 1 8 2 0.0030338
11 1 8 3 -0.0000069
11 1 8 4 0.0005065
11 1 8 5 -0.0001438
11 1 8 6 0.0005951
11 1 8 7 0.0000540
11 1 8 8 -0.0000918
11 1 9 0 -0.0000002
11 1 9 1 -0.0001310
11 1 9 2 0.0000350
11 1 9 3 0.0004324
11 1 9 4 0.0002793
11 1 9 5 -0.0003670
11 1 9 6 -0.0001143
11 1 9 7 0.0002478
11 1 9 8 -0.0001932
11 1 9 9 -0.0004211
11 1 10 0 0.0000055
11 1 10 1 -0.0001220
11 1 10 2 -0.0001302
11 1 10 3 -0.0003657
11 1 10 4 0.0005364
11 1 10 5 0.0006228
11 1 10 6 -0.0001167
11 1 10 7 -0.0001448
11 1 10 8 0.0000456
11 1 10 9 0.0000978
11 1 10 10 -0.0005757
11 1 11 0 0.0000813
11 1 11 1 0.0041856
11 1 11 2 -0.0055664
11 1 11 3 0.0001843
11 1 11 4 -0.0013428
11 1 11 5 -0.0009787
11 1 11 6 -0.0018210
11 1 11 7 -0.0003094
11 1 11 8 0.0089894
11 1 11 9 0.0003147
11 1 11 10 0.0000346
11 1 11 11 0.0478957
11 2 0 0 -0.0013247
11 2 1 0 -0.0000093
11 2 1 1 -0.0000127
11 2 2 0 -0.0000361
11 2 2 1 -0.0010806
11 2 2 2 0.0006483
11 2 3 0 -0.0000064
11 2 3 1 0.0001353
11 2 3 2 -0.0000198
11 2 3 3 -0.0009255
11 2 4 0 0.0000472
11 2 4 1 -0.0005601
11 2 4 2 0.0004084
11 2 4 3 -0.0000437
11 2 4 4 -0.0013824
11 2 5 0 0.0000026
11 2 5 1 -0.0003146
11 2 5 2 0.0002234
11 2 5 3 -0.0001815
11 2 5 4 0.0002712
11 2 5 5 -0.0003860
11 2 6 0 -0.0000617
11 2 6 1 -0.0003305
11 2 6 2 0.0002357
11 2 6 3 -0.0000248
11 2 6 4 0.0001824
11 2 6 5 0.0000543
11 2 6 6 -0.0006811
11 2 7 0 -0.0000149
11 2 7 1 -0.0000543
11 2 7 2 0.0000131
11 2 7 3 -0.0004220
11 2 7 4 0.0000375
11 2 7 5 -0.0000824
11 2 7 6 0.0000862
11 2 7 7 -0.0011782
11 2 8 0 -0.0000638
11 2 8 1 0.0015042
11 2 8 2 -0.0015481
11 2 8 3 0.0000120
11 2 8 4 -0.0000418
11 2 8 5 -0.0003024
11 2 8 6 -0.0003321
11 2 8 7 -0.0001034
11 2 8 8 0.0002793
11 2 9 0 0.0000033
11 2 9 1 -0.0001525
11 2 9 2 0.0000605
11 2 9 3 0.0001688
11 2 9 4 0.0003072
11 2 9 5 0.0005818
11 2 9 6 -0.0000352
11 2 9 7 0.0002687
11 2 9 8 -0.0000953
11 2 9 9 -0.0033778
11 2 10 0 0.0000009
11 2 10 1 -0.0002905
11 2 10 2 0.0002055
11 2 10 3 -0.0000591
11 2 10 4 0.0001486
11 2 10 5 -0.0010572
11 2 10 6 -0.0000898
11 2 10 7 -0.0002689
11 2 10 8 -0.0004065
11 2 10 9 -0.0001032
11 2 10 10 -0.0032752
11 2 11 0 -0.0001540
11 2 11 1 -0.0055664
11 2 11 2 0.0077232
11 2 11 3 -0.0003798
11 2 11 4 0.0018599
11 2 11 5 0.0024509
11 2 11 6 0.0027900
11 2 11 7 0.0005846
11 2 11 8 -0.0126472
11 2 11 9 0.0002635
11 2 11 10 0.0008399
11 2 11 11 -0.0865167
11 3 0 0 0.0004339
11 3 1 0 -0.0000062
11 3 1 1 0.0008153
11 3 2 0 0.0000141
11 3 2 1 -0.0005978
11 3 2 2 0.0008783
11 3 3 0 -0.0001173
11 3 3 1 0.0007351
11 3 3 2 0.0004407
11 3 3 3 0.0001027
11 3 4 0 0.0000021
11 3 4 1 -0.0000208
11 3 4 2 0.0001039
11 3 4 3 0.0000688
11 3 4 4 0.0003095
11 3 5 0 0.0000117
11 3 5 1 0.0002054
11 3 5 2 0.0000086
11 3 5 3 0.0003899
11 3 5 4 -0.0004711
11 3 5 5 -0.0020265
11 3 6 0 0.0000255
11 3 6 1 -0.0000850
11 3 6 2 0.0002129
11 3 6 3 -0.0001527
11 3 6 4 -0.0000944
11 3 6 5 -0.0001901
11 3 6 6 0.0001558
11 3 7 0 -0.0001955
11 3 7 1 0.0004272
11 3 7 2 -0.0002145
11 3 7 3 0.0001587
11 3 7 4 0.0002861
11 3 7 5 -0.0002569
11 3 7 6 0.0005539
11 3 7 7 0.0003498
11 3 8 0 0.0000326
11 3 8 1 0.0004691
11 3 8 2 -0.0006657
11 3 8 3 -0.0003810
11 3 8 4 -0.0002144
11 3 8 5 -0.0000170
11 3 8 6 -0.0002261
11 3 8 7 -0.0004630
11 3 8 8 0.0014345
11 3 9 0 -0.0000098
11 3 9 1 0.0006086
11 3 9 2 -0.0004948
11 3 9 3 -0.0000667
11 3 9 4 -0.0003196
11 3 9 5 -0.0006666
11 3 9 6 -0.0001295
11 3 9 7 -0.0001613
11 3 9 8 0.0005246
11 3 9 9 0.0016840
11 3 10 0 0.0000100
11 3 10 1 -0.0003153
11 3 10 2 0.0002947
11 3 10 3 -0.0000624
11 3 10 4 0.0000739
11 3 10 5 0.0011071
11 3 10 6 0.0001488
11 3 10 7 0.0002123
11 3 10 8 -0.0001299
11 3 10 9 0.0001831
11 3 10 10 0.0015134
11 3 11 0 0.0000219
11 3 11 1 0.0001843
11 3 11 2 -0.0003798
11 3 11 3 0.0003599
11 3 11 4 -0.0000797
11 3 11 5 -0.0003054
11 3 11 6 -0.0001584
11 3 11 7 0.0000646
11 3 11 8 0.0006636
11 3 11 9 -0.0014809
11 3 11 10 0.0007324
11 3 11 11 0.0149042
11 4 0 0 -0.0003119
11 4 1 0 0.0000272
11 4 1 1 -0.0011192
11 4 2 0 0.0000237
11 4 2 1 0.0004269
11 4 2 2 -0.0011327
11 4 3 0 -0.0000157
11 4 3 1 0.0002171
11 4 3 2 0.0000961
11 4 3 3 -0.0005282
11 4 4 0 -0.0002449
11 4 4 1 0.0009250
11 4 4 2 0.0000312
11 4 4 3 -0.0001530
11 4 4 4 0.0003260
11 4 5 0 0.0000509
11 4 5 1 -0.0005649
11 4 5 2 0.0003001
11 4 5 3 -0.0004653
11 4 5 4 0.0004865
11 4 5 5 0.0022002
11 4 6 0 0.0001355
11 4 6 1 -0.0002788
11 4 6 2 -0.0001145
11 4 6 3 -0.0001245
11 4 6 4 0.0004196
11 4 6 5 0.0001227
11 4 6 6 -0.0009795
11 4 7 0 -0.0000124
11 4 7 1 -0.0000089
11 4 7 2 -0.0000520
11 4 7 3 0.0001069
11 4 7 4 0.0001392
11 4 7 5 0.0002104
11 4 7 6 0.0001193
11 4 7 7 -0.0002376
11 4 8 0 -0.0000365
11 4 8 1 -0.0005915
11 4 8 2 0.0010638
11 4 8 3 -0.0001084
11 4 8 4 -0.0004772
11 4 8 5 -0.0002251
11 4 8 6 0.0006178
11 4 8 7 -0.0000822
11 4 8 8 -0.0017239
11 4 9 0 -0.0000016
11 4 9 1 0.0006418
11 4 9 2 -0.0007907
11 4 9 3 0.0002060
11 4 9 4 0.0002342
11 4 9 5 0.0006057
11 4 9 6 -0.0002325
11 4 9 7 0.0002891
11 4 9 8 0.0008739
11 4 9 9 -0.0033437
11 4 10 0 -0.0000168
11 4 10 1 0.0004989
11 4 10 2 -0.0005385
11 4 10 3 0.0000125
11 4 10 4 -0.0000040
11 4 10 5 -0.0017078
11 4 10 6 -0.0002297
11 4 10 7 -0.0003660
11 4 10 8 0.0002123
11 4 10 9 -0.0002986
11 4 10 10 -0.0029183
11 4 11 0 -0.0000606
11 4 11 1 -0.0013428
11 4 11 2 0.0018599
11 4 11 3 -0.0000797
11 4 11 4 0.0010536
11 4 11 5 0.0016349
11 4 11 6 0.0005702
11 4 11 7 0.0003809
11 4 11 8 -0.0033023
11 4 11 9 -0.0018533
11 4 11 10 -0.0011402
11 4 11 11 -0.0382737
11 5 0 0 -0.0048126
11 5 1 0 0.0000203
11 5 1 1 -0.0075427
11 5 2 0 -0.0001623
11 5 2 1 0.0058128
11 5 2 2 -0.0081375
11 5 3 0 -0.0000828
11 5 3 1 0.0012609
11 5 3 2 0.0005051
11 5 3 3 -0.0021227
11 5 4 0 0.0000210
11 5 4 1 0.0000008
11 5 4 2 -0.0004929
11 5 4 3 -0.0005472
11 5 4 4 -0.0036412
11 5 5 0 0.0000610
11 5 5 1 -0.0028840
11 5 5 2 0.0028055
11 5 5 3 -0.0022524
11 5 5 4 0.0035776
11 5 5 5 0.0141485
11 5 6 0 -0.0001236
11 5 6 1 0.0003316
11 5 6 2 -0.0017514
11 5 6 3 -0.0005579
11 5 6 4 0.0005491
11 5 6 5 0.0012337
11 5 6 6 -0.0026256
11 5 7 0 -0.0001314
11 5 7 1 -0.0000364
11 5 7 2 -0.0003268
11 5 7 3 -0.0018232
11 5 7 4 0.0006936
11 5 7 5 0.0016641
11 5 7 6 0.0010374
11 5 7 7 -0.0029672
11 5 8 0 -0.0002944
11 5 8 1 -0.0041755
11 5 8 2 0.0057929
11 5 8 3 -0.0005599
11 5 8 4 0.0015282
11 5 8 5 -0.0026309
11 5 8 6 0.0020374
11 5 8 7 -0.0006947
11 5 8 8 -0.0135412
11 5 9 0 0.0000308
11 5 9 1 0.0005451
11 5 9 2 -0.0012719
11 5 9 3 0.0006349
11 5 9 4 0.0013784
11 5 9 5 0.0038287
11 5 9 6 -0.0004636
11 5 9 7 0.0010215
11 5 9 8 0.0017518
11 5 9 9 -0.0150154
11 5 10 0 -0.0000486
11 5 10 1 -0.0016993
11 5 10 2 0.0017502
11 5 10 3 0.0001319
11 5 10 4 0.0003459
11 5 10 5 -0.0075458
11 5 10 6 0.0000136
11 5 10 7 -0.0011109
11 5 10 8 -0.0037309
11 5 10 9 -0.0018904
11 5 10 10 -0.0124255
11 5 11 0 -0.0001679
11 5 11 1 -0.0009787
11 5 11 2 0.0024509
11 5 11 3 -0.0003054
11 5 11 4 0.0016349
11 5 11 5 0.0104605
11 5 11 6 0.0014633
11 5 11 7 0.0021775
11 5 11 8 -0.0037825
11 5 11 9 -0.0024351
11 5 11 10 0.0052024
11 5 11 11 -0.1191092
11 6 0 0 0.0012532
11 6 1 0 -0.0000262
11 6 1 1 0.0009091
11 6 2 0 0.0000031
11 6 2 1 -0.0002182
11 6 2 2 0.0007124
11 6 3 0 -0.0000014
11 6 3 1 0.0000712
11 6 3 2 0.0000017
11 6 3 3 0.0003788
11 6 4 0 0.0001460
11 6 4 1 -0.0004838
11 6 4 2 0.0001021
11 6 4 3 -0.0000417
11 6 4 4 0.0004419
11 6 5 0 0.0000108
11 6 5 1 -0.0002407
11 6 5 2 0.0002391
11 6 5 3 -0.0001262
11 6 5 4 0.0000910
11 6 5 5 0.0004153
11 6 6 0 -0.0000748
11 6 6 1 0.0004813
11 6 6 2 0.0002312
11 6 6 3 -0.0000919
11 6 6 4 -0.0003140
11 6 6 5 0.0001268
11 6 6 6 0.0007824
11 6 7 0 0.0000058
11 6 7 1 -0.0000217
11 6 7 2 0.0000349
11 6 7 3 0.0002258
11 6 7 4 -0.0000107
11 6 7 5 -0.0000480
11 6 7 6 0.0000700
11 6 7 7 0.0004851
11 6 8 0 0.0000340
11 6 8 1 -0.0002397
11 6 8 2 0.0001091
11 6 8 3 0.0000092
11 6 8 4 0.0002940
11 6 8 5 -0.0003937
11 6 8 6 -0.0002399
11 6 8 7 -0.0000653
11 6 8 8 0.0005637
11 6 9 0 0.0000071
11 6 9 1 -0.0002335
11 6 9 2 0.0001221
11 6 9 3 0.0001953
11 6 9 4 0.0003105
11 6 9 5 0.0003622
11 6 9 6 -0.0000735
11 6 9 7 0.0002622
11 6 9 8 -0.0001245
11 6 9 9 -0.0018447
11 6 10 0 0.0000018
11 6 10 1 -0.0004396
11 6 10 2 0.0003531
11 6 10 3 -0.0001095
11 6 10 4 0.0002798
11 6 10 5 -0.0005863
11 6 10 6 -0.0000543
11 6 10 7 -0.0002113
11 6 10 8 -0.0005664
11 6 10 9 -0.0000927
11 6 10 10 -0.0015989
11 6 11 0 -0.0000626
11 6 11 1 -0.0018210
11 6 11 2 0.0027900
11 6 11 3 -0.0001584
11 6 11 4 0.0005702
11 6 11 5 0.0014633
11 6 11 6 0.0008728
11 6 11 7 0.0002912
11 6 11 8 -0.0044295
11 6 11 9 0.0003910
11 6 11 10 0.0010286
11 6 11 11 -0.0347552
11 7 0 0 -0.0006489
11 7 1 0 -0.0000009
11 7 1 1 -0.0009875
11 7 2 0 -0.0000282
11 7 2 1 0.0007979
11 7 2 2 -0.0010882
11 7 3 0 -0.0001586
11 7 3 1 0.0008444
11 7 3 2 0.0002683
11 7 3 3 -0.0003783
11 7 4 0 0.0000029
11 7 4 1 -0.0000316
11 7 4 2 -0.0000134
11 7 4 3 0.0001052
11 7 4 4 -0.0005228
11 7 5 0 -0.0000037
11 7 5 1 -0.0005788
11 7 5 2 0.0006474
11 7 5 3 -0.0002118
11 7 5 4 0.0004020
11 7 5 5 0.0013576
11 7 6 0 -0.0000066
11 7 6 1 0.0000092
11 7 6 2 -0.0001958
11 7 6 3 -0.0000087
11 7 6 4 0.0000413
11 7 6 5 0.0001611
11 7 6 6 -0.0004054
11 7 7 0 -0.0002823
11 7 7 1 0.0006509
11 7 7 2 -0.0002038
11 7 7 3 -0.0002515
11 7 7 4 0.0004746
11 7 7 5 0.0001270
11 7 7 6 0.0005363
11 7 7 7 -0.0003867
11 7 8 0 -0.0000394
11 7 8 1 -0.0005749
11 7 8 2 0.0007783
11 7 8 3 -0.0005218
11 7 8 4 0.0001743
11 7 8 5 -0.0006246
11 7 8 6 0.0002867
11 7 8 7 -0.0007024
11 7 8 8 -0.0018677
11 7 9 0 -0.0000043
11 7 9 1 0.0006734
11 7 9 2 -0.0007574
11 7 9 3 0.0001249
11 7 9 4 0.0000915
11 7 9 5 0.0003410
11 7 9 6 -0.0002127
11 7 9 7 0.0001319
11 7 9 8 0.0008195
11 7 9 9 -0.0021438
11 7 10 0 -0.0000004
11 7 10 1 -0.0006942
11 7 10 2 0.0006802
11 7 10 3 -0.0000182
11 7 10 4 0.0001556
11 7 10 5 -0.0008682
11 7 10 6 0.0001043
11 7 10 7 -0.0000938
11 7 10 8 -0.0009652
11 7 10 9 -0.0002432
11 7 10 10 -0.0019358
11 7 11 0 -0.0000281
11 7 11 1 -0.0003094
11 7 11 2 0.0005846
11 7 11 3 0.0000646
11 7 11 4 0.0003809
11 7 11 5 0.0021775
11 7 11 6 0.0002912
11 7 11 7 0.0007853
11 7 11 8 -0.0008840
11 7 11 9 -0.0016862
11 7 11 10 0.0017403
11 7 11 11 -0.0192825
11 8 0 0 -0.0051685
11 8 1 0 0.0000349
11 8 1 1 -0.0045435
11 8 2 0 -0.0002300
11 8 2 1 0.0025045
11 8 2 2 -0.0040668
11 8 3 0 0.0000130
11 8 3 1 -0.0001102
11 8 3 2 0.0000532
11 8 3 3 -0.0017185
11 8 4 0 -0.0001094
11 8 4 1 0.0002931
11 8 4 2 -0.0003969
11 8 4 3 0.0000225
11 8 4 4 -0.0026886
11 8 5 0 0.0000124
11 8 5 1 0.0004127
11 8 5 2 -0.0001922
11 8 5 3 -0.0001539
11 8 5 4 0.0007466
11 8 5 5 0.0037940
11 8 6 0 -0.0001473
11 8 6 1 -0.0005717
11 8 6 2 -0.0006277
11 8 6 3 0.0001186
11 8 6 4 0.0004723
11 8 6 5 0.0001256
11 8 6 6 -0.0021072
11 8 7 0 -0.0000104
11 8 7 1 -0.0000005
11 8 7 2 -0.0001086
11 8 7 3 -0.0011172
11 8 7 4 0.0001277
11 8 7 5 0.0010291
11 8 7 6 0.0000546
11 8 7 7 -0.0025101
11 8 8 0 -0.0003410
11 8 8 1 0.0004614
11 8 8 2 0.0002088
11 8 8 3 -0.0000800
11 8 8 4 0.0004181
11 8 8 5 0.0007116
11 8 8 6 0.0005609
11 8 8 7 0.0001460
11 8 8 8 -0.0041576
11 8 9 0 -0.0000033
11 8 9 1 0.0000762
11 8 9 2 0.0002815
11 8 9 3 -0.0010512
11 8 9 4 -0.0010730
11 8 9 5 -0.0005337
11 8 9 6 0.0004507
11 8 9 7 -0.0011355
11 8 9 8 -0.0000015
11 8 9 9 0.0071212
11 8 10 0 -0.0000028
11 8 10 1 0.0001260
11 8 10 2 0.0004354
11 8 10 3 0.0006623
11 8 10 4 -0.0011185
11 8 10 5 0.0014669
11 8 10 6 0.0006175
11 8 10 7 0.0009917
11 8 10 8 0.0000969
11 8 10 9 0.0000505
11 8 10 10 0.0070604
11 8 11 0 0.0002827
11 8 11 1 0.0089894
11 8 11 2 -0.0126472
11 8 11 3 0.0006636
11 8 11 4 -0.0033023
11 8 11 5 -0.0037825
11 8 11 6 -0.0044295
11 8 11 7 -0.0008840
11 8 11 8 0.0211362
11 8 11 9 0.0001618
11 8 11 10 -0.0000126
11 8 11 11 0.1508826
11 9 0 0 -0.0000011
11 9 1 0 0.0000101
11 9 1 1 -0.0002664
11 9 2 0 0.0000224
11 9 2 1 -0.0002981
11 9 2 2 -0.0000454
11 9 3 0 -0.0001087
11 9 3 1 0.0016124
11 9 3 2 0.0004169
11 9 3 3 -0.0004029
11 9 4 0 -0.0001128
11 9 4 1 0.0010103
11 9 4 2 -0.0001638
11 9 4 3 -0.0002478
11 9 4 4 0.0004381
11 9 5 0 0.0000379
11 9 5 1 -0.0002112
11 9 5 2 0.0000140
11 9 5 3 -0.0007914
11 9 5 4 0.0007073
11 9 5 5 0.0052859
11 9 6 0 0.0000847
11 9 6 1 -0.0002856
11 9 6 2 0.0002788
11 9 6 3 -0.0008262
11 9 6 4 0.0000544
11 9 6 5 0.0000356
11 9 6 6 -0.0007701
11 9 7 0 -0.0001673
11 9 7 1 0.0006051
11 9 7 2 -0.0007548
11 9 7 3 0.0002430
11 9 7 4 0.0006112
11 9 7 5 0.0004345
11 9 7 6 0.0008795
11 9 7 7 0.0000216
11 9 8 0 0.0000092
11 9 8 1 -0.0001001
11 9 8 2 0.0000735
11 9 8 3 -0.0001571
11 9 8 4 -0.0000004
11 9 8 5 0.0006946
11 9 8 6 0.0001258
11 9 8 7 -0.0001098
11 9 8 8 -0.0000139
11 9 9 0 -0.0000050
11 9 9 1 -0.0010773
11 9 9 2 0.0017941
11 9 9 3 -0.0002868
11 9 9 4 0.0005989
11 9 9 5 0.0014897
11 9 9 6 0.0005290
11 9 9 7 0.0003914
11 9 9 8 -0.0030361
11 9 9 9 0.0000005
11 9 10 0 -0.0000008
11 9 10 1 0.0000920
11 9 10 2 -0.0001171
11 9 10 3 0.0001748
11 9 10 4 -0.0002984
11 9 10 5 -0.0019186
11 9 10 6 -0.0000625
11 9 10 7 -0.0002256
11 9 10 8 0.0000529
11 9 10 9 0.0000000
11 9 10 10 0.0000007
11 9 11 0 -0.0000038
11 9 11 1 0.0003147
11 9 11 2 0.0002635
11 9 11 3 -0.0014809
11 9 11 4 -0.0018533
11 9 11 5 -0.0024351
11 9 11 6 0.0003910
11 9 11 7 -0.0016862
11 9 11 8 0.0001618
11 9 11 9 0.0145241
11 9 11 10 -0.0000000
11 9 11 11 0.0000085
11 10 0 0 -0.0000016
11 10 1 0 0.0000234
11 10 1 1 -0.0005318
11 10 2 0 0.0000337
11 10 2 1 -0.0005703
11 10 2 2 -0.0000640
11 10 3 0 0.0000803
11 10 3 1 -0.0011877
11 10 3 2 -0.0003143
11 10 3 3 -0.0007124
11 10 4 0 -0.0001645
11 10 4 1 0.0014238
11 10 4 2 -0.0001987
11 10 4 3 0.0002384
11 10 4 4 0.0001864
11 10 5 0 -0.0000154
11 10 5 1 0.0000445
11 10 5 2 0.0001826
11 10 5 3 0.0012359
11 10 5 4 -0.0017220
11 10 5 5 -0.0099412
11 10 6 0 0.0000904
11 10 6 1 -0.0003078
11 10 6 2 0.0003935
11 10 6 3 0.0005474
11 10 6 4 0.0001371
11 10 6 5 -0.0001629
11 10 6 6 -0.0007650
11 10 7 0 0.0001279
11 10 7 1 -0.0004451
11 10 7 2 0.0006417
11 10 7 3 0.0007406
11 10 7 4 -0.0005277
11 10 7 5 -0.0008479
11 10 7 6 -0.0006883
11 10 7 7 -0.0003179
11 10 8 0 0.0000109
11 10 8 1 0.0000125
11 10 8 2 -0.0000344
11 10 8 3 0.0001851
11 10 8 4 -0.0003433
11 10 8 5 -0.0012447
11 10 8 6 -0.0000226
11 10 8 7 -0.0000286
11 10 8 8 0.0000931
11 10 9 0 -0.0000008
11 10 9 1 0.0000920
11 10 9 2 -0.0001172
11 10 9 3 0.0001747
11 10 9 4 -0.0002984
11 10 9 5 -0.0019188
11 10 9 6 -0.0000625
11 10 9 7 -0.0002257
11 10 9 8 0.0000529
11 10 9 9 -0.0000001
11 10 10 0 -0.0000055
11 10 10 1 -0.0012375
11 10 10 2 0.0018918
11 10 10 3 -0.0003961
11 10 10 4 0.0010358
11 10 10 5 0.0041273
11 10 10 6 0.0008088
11 10 10 7 0.0004981
11 10 10 8 -0.0030953
11 10 10 9 -0.0000001
11 10 10 10 -0.0000000
11 10 11 0 -0.0000057
11 10 11 1 0.0000346
11 10 11 2 0.0008399
11 10 11 3 0.0007324
11 10 11 4 -0.0011402
11 10 11 5 0.0052024
11 10 11 6 0.0010286
11 10 11 7 0.0017403
11 10 11 8 -0.0000126
11 10 11 9 -0.0000000
11 10 11 10 0.0145241
11 10 11 11 -0.0000006
11 11 0 0 0.3754655
11 11 1 0 -0.0016681
11 11 1 1 0.4916729
11 11 2 0 0.0060528
11 11 2 1 -0.2105638
11 11 2 2 0.4893179
11 11 3 0 -0.0001023
11 11 3 1 -0.0000553
11 11 3 2 -0.0001093
11 11 3 3 0.2960935
11 11 4 0 0.0032374
11 11 4 1 -0.0331396
11 11 4 2 0.0230022
11 11 4 3 -0.0013280
11 11 4 4 0.3457864
11 11 5 0 -0.0017712
11 11 5 1 0.0235989
11 11 5 2 -0.0185303
11 11 5 3 -0.0138144
11 11 5 4 0.0173547
11 11 5 5 0.5132409
11 11 6 0 0.0032481
11 11 6 1 -0.0103298
11 11 6 2 0.0663369
11 11 6 3 -0.0055587
11 11 6 4 -0.0221340
11 11 6 5 0.0138441
11 11 6 6 0.3021439
11 11 7 0 0.0002073
11 11 7 1 0.0016351
11 11 7 2 0.0052974
11 11 7 3 0.0569601
11 11 7 4 0.0041595
11 11 7 5 0.0415239
11 11 7 6 0.0010424
11 11 7 7 0.3275139
11 11 8 0 0.0118586
11 11 8 1 0.1372560
11 11 8 2 -0.2107659
11 11 8 3 0.0013335
11 11 8 4 -0.0502551
11 11 8 5 0.0300281
11 11 8 6 -0.0852830
11 11 8 7 -0.0023844
11 11 8 8 0.6780390
11 11 9 0 -0.0000699
11 11 9 1 0.0086654
11 11 9 2 0.0076352
11 11 9 3 -0.0417093
11 11 9 4 -0.0480852
11 11 9 5 -0.0645133
11 11 9 6 0.0062759
11 11 9 7 -0.0365042
11 11 9 8 0.0038974
11 11 9 9 0.8418913
11 11 10 0 -0.0001070
11 11 10 1 0.0016513
11 11 10 2 0.0232482
11 11 10 3 0.0212317
11 11 10 4 -0.0290050
11 11 10 5 0.1365527
11 11 10 6 0.0225291
11 11 10 7 0.0395880
11 11 10 8 -0.0006071
11 11 10 9 -0.0000000
11 11 10 10 0.8418913
11 11 11 0 0.0044640
11 11 11 1 0.0478957
11 11 11 2 -0.0865167
11 11 11 3 0.0149042
11 11 11 4 -0.0382737
11 11 11 5 -0.1191092
11 11 11 6 -0.0347552
11 11 11 7 -0.0192825
11 11 11 8 0.1508826
11 11 11 9 0.0000085
11 11 11 10 -0.0000006
11 11 11 11 3.5030024
12 0 0 0 -0.0091147
12 0 1 0 -0.0005254
12 0 1 1 -0.0016436
12 0 2 0 -0.0001728
12 0 2 1 -0.0004376
12 0 2 2 -0.0012274
12 0 3 0 0.0000226
12 0 3 1 0.0000174
12 0 3 2 0.0000027
12 0 3 3 -0.0016471
12 0 4 0 -0.0002718
12 0 4 1 -0.0002416
12 0 4 2 0.0000397
12 0 4 3 -0.0000131
12 0 4 4 -0.0024624
12 0 5 0 0.0000640
12 0 5 1 0.0000538
12 0 5 2 0.0000299
12 0 5 3 -0.0001729
12 0 5 4 0.0005284
12 0 5 5 0.0009965
12 0 6 0 -0.0005331
12 0 6 1 -0.0008687
12 0 6 2 -0.0004162
12 0 6 3 0.0000814
12 0 6 4 0.0003377
12 0 6 5 0.0000940
12 0 6 6 -0.0021174
12 0 7 0 -0.0000337
12 0 7 1 -0.0000748
12 0 7 2 -0.0000562
12 0 7 3 -0.0009326
12 0 7 4 0.0000584
12 0 7 5 0.0003329
12 0 7 6 0.0000263
12 0 7 7 -0.0023517
12 0 8 0 0.0001681
12 0 8 1 0.0011870
12 0 8 2 -0.0012477
12 0 8 3 0.0000067
12 0 8 4 -0.0001665
12 0 8 5 0.0001902
12 0 8 6 -0.0001777
12 0 8 7 0.0000025
12 0 8 8 -0.0017097
12 0 9 0 -0.0000010
12 0 9 1 0.0000261
12 0 9 2 0.0000595
12 0 9 3 -0.0002737
12 0 9 4 -0.0002349
12 0 9 5 0.0000237
12 0 9 6 0.0001114
12 0 9 7 -0.0002415
12 0 9 8 0.0000118
12 0 9 9 0.0012802
12 0 10 0 -0.0000014
12 0 10 1 0.0000484
12 0 10 2 0.0000998
12 0 10 3 0.0001928
12 0 10 4 -0.0003123
12 0 10 5 0.0000758
12 0 10 6 0.0001268
12 0 10 7 0.0001925
12 0 10 8 0.0000106
12 0 10 9 -0.0000021
12 0 10 10 0.0012789
12 0 11 0 0.0000150
12 0 11 1 -0.0000478
12 0 11 2 0.0000108
12 0 11 3 0.0000028
12 0 11 4 -0.0000070
12 0 11 5 -0.0000175
12 0 11 6 -0.0000104
12 0 11 7 -0.0000026
12 0 11 8 0.0000505
12 0 11 9 0.0000005
12 0 11 10 0.0000007
12 0 11 11 0.0016554
12 0 12 0 0.0000431
12 0 12 1 -0.0003906
12 0 12 2 0.0002984
12 0 12 3 0.0000288
12 0 12 4 0.0000020
12 0 12 5 -0.0002934
12 0 12 6 0.0000356
12 0 12 7 -0.0000358
12 0 12 8 -0.0002075
12 0 12 9 -0.0000236
12 0 12 10 -0.0000356
12 0 12 11 -0.0000148
12 0 12 12 0.0020440
12 1 0 0 0.0329621
12 1 1 0 -0.0001444
12 1 1 1 0.0281805
12 1 2 0 0.0006825
12 1 2 1 -0.0059932
12 1 2 2 0.0231843
12 1 3 0 -0.0000310
12 1 3 1 0.0000356
12 1 3 2 -0.0001776
12 1 3 3 0.0196054
12 1 4 0 0.0004514
12 1 4 1 -0.0005894
12 1 4 2 -0.0000337
12 1 4 3 0.0005652
12 1 4 4 0.0240122
12 1 5 0 -0.0001108
12 1 5 1 -0.0007358
12 1 5 2 0.0013785
12 1 5 3 0.0037252
12 1 5 4 -0.0063572
12 1 5 5 -0.0193888
12 1 6 0 0.0003517
12 1 6 1 0.0045069
12 1 6 2 0.0021264
12 1 6 3 -0.0003275
12 1 6 4 -0.0035428
12 1 6 5 -0.0009215
12 1 6 6 0.0205669
12 1 7 0 0.0000226
12 1 7 1 0.0002770
12 1 7 2 0.0006258
12 1 7 3 0.0068484
12 1 7 4 -0.0008671
12 1 7 5 -0.0051319
12 1 7 6 -0.0004165
12 1 7 7 0.0232124
12 1 8 0 0.0013139
12 1 8 1 -0.0079377
12 1 8 2 0.0039656
12 1 8 3 0.0004458
12 1 8 4 -0.0011982
12 1 8 5 -0.0044601
12 1 8 6 -0.0016487
12 1 8 7 -0.0007423
12 1 8 8 0.0250715
12 1 9 0 0.0000200
12 1 9 1 0.0000260
12 1 9 2 -0.0011745
12 1 9 3 0.0041491
12 1 9 4 0.0026305
12 1 9 5 -0.0041436
12 1 9 6 -0.0021014
12 1 9 7 0.0032778
12 1 9 8 0.0002616
12 1 9 9 -0.0012618
12 1 10 0 0.0000337
12 1 10 1 -0.0010767
12 1 10 2 -0.0010904
12 1 10 3 -0.0033725
12 1 10 4 0.0054920
12 1 10 5 0.0053500
12 1 10 6 -0.0015728
12 1 10 7 -0.0021611
12 1 10 8 -0.0001472
12 1 10 9 0.0004645
12 1 10 10 -0.0019872
12 1 11 0 -0.0001448
12 1 11 1 -0.0001588
12 1 11 2 0.0013567
12 1 11 3 0.0000091
12 1 11 4 0.0003629
12 1 11 5 -0.0001739
12 1 11 6 0.0006987
12 1 11 7 0.0000496
12 1 11 8 -0.0039155
12 1 11 9 -0.0001888
12 1 11 10 0.0002477
12 1 11 11 -0.0230325
12 1 12 0 -0.0003906
12 1 12 1 0.0174817
12 1 12 2 -0.0169172
12 1 12 3 -0.0007157
12 1 12 4 -0.0019031
12 1 12 5 0.0093570
12 1 12 6 -0.0039588
12 1 12 7 0.0009697
12 1 12 8 0.0197671
12 1 12 9 0.0010997
12 1 12 10 0.0019712
12 1 12 11 -0.0016927
12 1 12 12 -0.0457512
12 2 0 0 -0.0261979
12 2 1 0 0.0001197
12 2 1 1 -0.0258991
12 2 2 0 -0.0007525
12 2 2 1 0.0097599
12 2 2 2 -0.0222785
12 2 3 0 0.0000185
12 2 3 1 -0.0000837
12 2 3 2 0.0003317
12 2 3 3 -0.0145720
12 2 4 0 -0.0002778
12 2 4 1 0.0007949
12 2 4 2 -0.0008649
12 2 4 3 -0.0003341
12 2 4 4 -0.0194263
12 2 5 0 0.0000952
12 2 5 1 0.0012458
12 2 5 2 -0.0018663
12 2 5 3 -0.0023448
12 2 5 4 0.0044312
12 2 5 5 0.0104871
12 2 6 0 -0.0005069
12 2 6 1 -0.0027335
12 2 6 2 -0.0025570
12 2 6 3 0.0003521
12 2 6 4 0.0026886
12 2 6 5 0.0000648
12 2 6 6 -0.0153652
12 2 7 0 -0.0000563
12 2 7 1 -0.0000188
12 2 7 2 -0.0007340
12 2 7 3 -0.0059045
12 2 7 4 0.0006189
12 2 7 5 0.0033572
12 2 7 6 0.0003457
12 2 7 7 -0.0181405
12 2 8 0 -0.0013566
12 2 8 1 0.0036926
12 2 8 2 0.0005234
12 2 8 3 -0.0005615
12 2 8 4 0.0022574
12 2 8 5 0.0044925
12 2 8 6 0.0027063
12 2 8 7 0.0007995
12 2 8 8 -0.0259299
12 2 9 0 0.0000102
12 2 9 1 0.0000782
12 2 9 2 0.0004017
12 2 9 3 -0.0026645
12 2 9 4 -0.0018448
12 2 9 5 0.0030268
12 2 9 6 0.0014494
12 2 9 7 -0.0024897
12 2 9 8 0.0006533
12 2 9 9 -0.0082076
12 2 10 0 0.0000184
12 2 10 1 0.0011224
12 2 10 2 -0.0001227
12 2 10 3 0.0025392
12 2 10 4 -0.0044199
12 2 10 5 -0.0068260
12 2 10 6 0.0007441
12 2 10 7 0.0012096
12 2 10 8 0.0016457
12 2 10 9 -0.0004779
12 2 10 10 -0.0077212
12 2 11 0 0.0001180
12 2 11 1 0.0006276
12 2 11 2 -0.0017667
12 2 11 3 0.0000232
12 2 11 4 -0.0004141
12 2 11 5 -0.0000368
12 2 11 6 -0.0008299
12 2 11 7 -0.0000843
12 2 11 8 0.0043378
12 2 11 9 0.0000567
12 2 11 10 -0.0003362
12 2 11 11 0.0129014
12 2 12 0 0.0002984
12 2 12 1 -0.0169172
12 2 12 2 0.0174325
12 2 12 3 0.0007178
12 2 12 4 0.0010044
12 2 12 5 -0.0084983
12 2 12 6 0.0045502
12 2 12 7 -0.0007543
12 2 12 8 -0.0207812
12 2 12 9 0.0023939
12 2 12 10 0.0040764
12 2 12 11 0.0021174
12 2 12 12 0.0365789
12 3 0 0 0.0010362
12 3 1 0 -0.0000191
12 3 1 1 0.0019493
12 3 2 0 0.0000329
12 3 2 1 -0.0013830
12 3 2 2 0.0020742
12 3 3 0 -0.0002677
12 3 3 1 0.0013688
12 3 3 2 0.0010367
12 3 3 3 0.0002299
12 3 4 0 0.0000172
12 3 4 1 0.0001293
12 3 4 2 -0.0000500
12 3 4 3 0.0003283
12 3 4 4 0.0003855
12 3 5 0 -0.0000086
12 3 5 1 0.0020781
12 3 5 2 -0.0015376
12 3 5 3 0.0017315
12 3 5 4 -0.0029540
12 3 5 5 -0.0127662
12 3 6 0 0.0000483
12 3 6 1 -0.0000304
12 3 6 2 0.0004031
12 3 6 3 -0.0001678
12 3 6 4 -0.0004459
12 3 6 5 -0.0011951
12 3 6 6 0.0004036
12 3 7 0 -0.0004679
12 3 7 1 0.0010579
12 3 7 2 -0.0005270
12 3 7 3 0.0005197
12 3 7 4 0.0003261
12 3 7 5 -0.0017771
12 3 7 6 0.0010358
12 3 7 7 0.0006537
12 3 8 0 0.0000696
12 3 8 1 0.0011090
12 3 8 2 -0.0015834
12 3 8 3 -0.0006550
12 3 8 4 -0.0000627
12 3 8 5 0.0018347
12 3 8 6 -0.0004821
12 3 8 7 -0.0005396
12 3 8 8 0.0033999
12 3 9 0 -0.0000917
12 3 9 1 -0.0001775
12 3 9 2 0.0012302
12 3 9 3 -0.0004668
12 3 9 4 -0.0003437
12 3 9 5 -0.0006876
12 3 9 6 0.0006298
12 3 9 7 -0.0003873
12 3 9 8 -0.0026700
12 3 9 9 0.0059403
12 3 10 0 0.0000632
12 3 10 1 -0.0001664
12 3 10 2 -0.0001782
12 3 10 3 -0.0002395
12 3 10 4 0.0000734
12 3 10 5 0.0048045
12 3 10 6 0.0001942
12 3 10 7 0.0007942
12 3 10 8 0.0015575
12 3 10 9 0.0008687
12 3 10 10 0.0050987
12 3 11 0 0.0000132
12 3 11 1 0.0001469
12 3 11 2 -0.0002090
12 3 11 3 0.0001939
12 3 11 4 -0.0003746
12 3 11 5 -0.0017827
12 3 11 6 -0.0001674
12 3 11 7 -0.0002496
12 3 11 8 0.0003652
12 3 11 9 0.0000042
12 3 11 10 0.0003435
12 3 11 11 0.0108437
12 3 12 0 0.0000288
12 3 12 1 -0.0007157
12 3 12 2 0.0007178
12 3 12 3 0.0023203
12 3 12 4 -0.0003723
12 3 12 5 -0.0034818
12 3 12 6 -0.0000678
12 3 12 7 0.0010487
12 3 12 8 -0.0008837
12 3 12 9 -0.0112023
12 3 12 10 0.0079064
12 3 12 11 -0.0011857
12 3 12 12 0.0076166
12 4 0 0 -0.0042336
12 4 1 0 0.0000911
12 4 1 1 -0.0067799
12 4 2 0 -0.0000540
12 4 2 1 0.0032070
12 4 2 2 -0.0063429
12 4 3 0 0.0000022
12 4 3 1 0.0003718
12 4 3 2 0.0000465
12 4 3 3 -0.0028521
12 4 4 0 -0.0006455
12 4 4 1 0.0022148
12 4 4 2 -0.0001653
12 4 4 3 -0.0005632
12 4 4 4 -0.0018658
12 4 5 0 0.0001286
12 4 5 1 -0.0017311
12 4 5 2 0.0012528
12 4 5 3 -0.0023757
12 4 5 4 0.0021749
12 4 5 5 0.0125262
12 4 6 0 0.0002661
12 4 6 1 -0.0008401
12 4 6 2 -0.0008893
12 4 6 3 -0.0003459
12 4 6 4 0.0013896
12 4 6 5 0.0009968
12 4 6 6 -0.0041710
12 4 7 0 0.0000208
12 4 7 1 -0.0003362
12 4 7 2 -0.0000349
12 4 7 3 -0.0007592
12 4 7 4 0.0002951
12 4 7 5 0.0014946
12 4 7 6 0.0002667
12 4 7 7 -0.0028029
12 4 8 0 -0.0002596
12 4 8 1 -0.0016450
12 4 8 2 0.0030691
12 4 8 3 0.0000948
12 4 8 4 -0.0002435
12 4 8 5 -0.0004976
12 4 8 6 0.0018263
12 4 8 7 0.0001489
12 4 8 8 -0.0083510
12 4 9 0 -0.0000767
12 4 9 1 -0.0008925
12 4 9 2 0.0013425
12 4 9 3 -0.0002192
12 4 9 4 0.0017973
12 4 9 5 0.0060586
12 4 9 6 0.0008375
12 4 9 7 0.0009922
12 4 9 8 -0.0028819
12 4 9 9 -0.0107429
12 4 10 0 -0.0001040
12 4 10 1 0.0003183
12 4 10 2 0.0003189
12 4 10 3 0.0002393
12 4 10 4 -0.0000185
12 4 10 5 -0.0042941
12 4 10 6 0.0001038
12 4 10 7 -0.0005115
12 4 10 8 -0.0023217
12 4 10 9 -0.0014079
12 4 10 10 -0.0087440
12 4 11 0 -0.0000039
12 4 11 1 0.0000080
12 4 11 2 -0.0000349
12 4 11 3 -0.0002728
12 4 11 4 0.0001847
12 4 11 5 0.0013975
12 4 11 6 0.0000483
12 4 11 7 0.0000916
12 4 11 8 0.0002204
12 4 11 9 0.0006774
12 4 11 10 -0.0005368
12 4 11 11 -0.0140014
12 4 12 0 0.0000020
12 4 12 1 -0.0019031
12 4 12 2 0.0010044
12 4 12 3 -0.0003723
12 4 12 4 0.0034396
12 4 12 5 0.0038154
12 4 12 6 -0.0002354
12 4 12 7 0.0005843
12 4 12 8 -0.0022648
12 4 12 9 -0.0092643
12 4 12 10 -0.0121141
12 4 12 11 0.0020281
12 4 12 12 -0.0057741
12 5 0 0 -0.0082453
12 5 1 0 0.0000901
12 5 1 1 -0.0158145
12 5 2 0 -0.0002766
12 5 2 1 0.0126317
12 5 2 2 -0.0170249
12 5 3 0 0.0000046
12 5 3 1 0.0019550
12 5 3 2 0.0004673
12 5 3 3 -0.0034464
12 5 4 0 -0.0000391
12 5 4 1 0.0006423
12 5 4 2 -0.0009129
12 5 4 3 -0.0020817
12 5 4 4 -0.0064766
12 5 5 0 0.0002467
12 5 5 1 -0.0071803
12 5 5 2 0.0053057
12 5 5 3 -0.0068035
12 5 5 4 0.0093538
12 5 5 5 0.0369840
12 5 6 0 -0.0001597
12 5 6 1 0.0008811
12 5 6 2 -0.0041572
12 5 6 3 -0.0015818
12 5 6 4 0.0016763
12 5 6 5 0.0026126
12 5 6 6 -0.0051262
12 5 7 0 0.0000627
12 5 7 1 -0.0016918
12 5 7 2 -0.0002749
12 5 7 3 -0.0038160
12 5 7 4 0.0008630
12 5 7 5 0.0031261
12 5 7 6 0.0015472
12 5 7 7 -0.0053793
12 5 8 0 -0.0004414
12 5 8 1 -0.0109912
12 5 8 2 0.0144359
12 5 8 3 0.0007722
12 5 8 4 0.0024827
12 5 8 5 -0.0041220
12 5 8 6 0.0051888
12 5 8 7 0.0005046
12 5 8 8 -0.0291888
12 5 9 0 0.0000201
12 5 9 1 -0.0028427
12 5 9 2 0.0009917
12 5 9 3 0.0033241
12 5 9 4 0.0072433
12 5 9 5 0.0122167
12 5 9 6 -0.0005281
12 5 9 7 0.0048316
12 5 9 8 -0.0027400
12 5 9 9 -0.0549384
12 5 10 0 0.0000303
12 5 10 1 0.0034620
12 5 10 2 -0.0065170
12 5 10 3 0.0003446
12 5 10 4 0.0003055
12 5 10 5 -0.0258333
12 5 10 6 -0.0041437
12 5 10 7 -0.0051754
12 5 10 8 0.0052809
12 5 10 9 -0.0088957
12 5 10 10 -0.0427560
12 5 11 0 -0.0001338
12 5 11 1 -0.0008532
12 5 11 2 0.0017198
12 5 11 3 -0.0012328
12 5 11 4 0.0014940
12 5 11 5 0.0037495
12 5 11 6 0.0007507
12 5 11 7 -0.0000887
12 5 11 8 -0.0038277
12 5 11 9 0.0027401
12 5 11 10 -0.0052743
12 5 11 11 -0.1020760
12 5 12 0 -0.0002934
12 5 12 1 0.0093570
12 5 12 2 -0.0084983
12 5 12 3 -0.0034818
12 5 12 4 0.0038154
12 5 12 5 0.0379227
12 5 12 6 -0.0004828
12 5 12 7 0.0051950
12 5 12 8 0.0113772
12 5 12 9 0.0002631
12 5 12 10 0.0032971
12 5 12 11 0.0108249
12 5 12 12 -0.0750445
12 6 0 0 -0.0023149
12 6 1 0 -0.0000288
12 6 1 1 -0.0042724
12 6 2 0 -0.0001496
12 6 2 1 0.0025713
12 6 2 2 -0.0043730
12 6 3 0 0.0000262
12 6 3 1 -0.0000315
12 6 3 2 0.0001264
12 6 3 3 -0.0022435
12 6 4 0 0.0002613
12 6 4 1 -0.0004803
12 6 4 2 -0.0002890
12 6 4 3 -0.0002165
12 6 4 4 -0.0026252
12 6 5 0 -0.0000195
12 6 5 1 0.0002407
12 6 5 2 -0.0005720
12 6 5 3 -0.0008070
12 6 5 4 0.0012831
12 6 5 5 0.0040616
12 6 6 0 -0.0002784
12 6 6 1 0.0008840
12 6 6 2 -0.0001692
12 6 6 3 -0.0001383
12 6 6 4 -0.0003441
12 6 6 5 0.0000625
12 6 6 6 -0.0015907
12 6 7 0 0.0000244
12 6 7 1 -0.0000640
12 6 7 2 -0.0001417
12 6 7 3 -0.0004280
12 6 7 4 0.0000756
12 6 7 5 0.0008232
12 6 7 6 0.0001318
12 6 7 7 -0.0025611
12 6 8 0 -0.0001913
12 6 8 1 -0.0007458
12 6 8 2 0.0015368
12 6 8 3 -0.0000863
12 6 8 4 0.0011758
12 6 8 5 0.0010951
12 6 8 6 0.0003779
12 6 8 7 0.0003240
12 6 8 8 -0.0050314
12 6 9 0 0.0000353
12 6 9 1 -0.0002279
12 6 9 2 -0.0000311
12 6 9 3 -0.0002304
12 6 9 4 -0.0000896
12 6 9 5 0.0004011
12 6 9 6 0.0000051
12 6 9 7 -0.0002797
12 6 9 8 0.0006448
12 6 9 9 -0.0048093
12 6 10 0 0.0000387
12 6 10 1 0.0003342
12 6 10 2 -0.0005814
12 6 10 3 0.0005912
12 6 10 4 -0.0009304
12 6 10 5 -0.0033562
12 6 10 6 -0.0003288
12 6 10 7 -0.0001905
12 6 10 8 0.0013538
12 6 10 9 -0.0004558
12 6 10 10 -0.0036709
12 6 11 0 0.0000177
12 6 11 1 0.0002359
12 6 11 2 -0.0005104
12 6 11 3 -0.0000399
12 6 11 4 -0.0000682
12 6 11 5 -0.0000312
12 6 11 6 -0.0002108
12 6 11 7 -0.0000676
12 6 11 8 0.0010781
12 6 11 9 0.0001341
12 6 11 10 -0.0004839
12 6 11 11 0.0004307
12 6 12 0 0.0000356
12 6 12 1 -0.0039588
12 6 12 2 0.0045502
12 6 12 3 -0.0000678
12 6 12 4 -0.0002354
12 6 12 5 -0.0004828
12 6 12 6 0.0015848
12 6 12 7 -0.0000312
12 6 12 8 -0.0054333
12 6 12 9 0.0036278
12 6 12 10 0.0041987
12 6 12 11 0.0008148
12 6 12 12 0.0068368
12 7 0 0 -0.0016090
12 7 1 0 0.0000028
12 7 1 1 -0.0027613
12 7 2 0 -0.0000641
12 7 2 1 0.0020905
12 7 2 2 -0.0029223
12 7 3 0 -0.0003699
12 7 3 1 0.0015269
12 7 3 2 0.0003233
12 7 3 3 -0.0009825
12 7 4 0 -0.0000038
12 7 4 1 0.0002594
12 7 4 2 -0.0002497
12 7 4 3 0.0003535
12 7 4 4 -0.0015656
12 7 5 0 0.0000657
12 7 5 1 -0.0002829
12 7 5 2 0.0000694
12 7 5 3 -0.0003123
12 7 5 4 -0.0001401
12 7 5 5 -0.0019360
12 7 6 0 0.0000016
12 7 6 1 0.0000969
12 7 6 2 -0.0006358
12 7 6 3 0.0002465
12 7 6 4 0.0000812
12 7 6 5 -0.0001985
12 7 6 6 -0.0011452
12 7 7 0 -0.0006549
12 7 7 1 0.0015024
12 7 7 2 -0.0003702
12 7 7 3 -0.0005394
12 7 7 4 0.0008407
12 7 7 5 -0.0006308
12 7 7 6 0.0008096
12 7 7 7 -0.0012114
12 7 8 0 -0.0000841
12 7 8 1 -0.0016127
12 7 8 2 0.0021353
12 7 8 3 -0.0006647
12 7 8 4 0.0005670
12 7 8 5 0.0004841
12 7 8 6 0.0009251
12 7 8 7 -0.0010255
12 7 8 8 -0.0046834
12 7 9 0 -0.0000773
12 7 9 1 -0.0002920
12 7 9 2 0.0006715
12 7 9 3 0.0003621
12 7 9 4 0.0012921
12 7 9 5 0.0022440
12 7 9 6 0.0003472
12 7 9 7 0.0007319
12 7 9 8 -0.0023042
12 7 9 9 -0.0076559
12 7 10 0 0.0000634
12 7 10 1 0.0003142
12 7 10 2 -0.0012111
12 7 10 3 -0.0000047
12 7 10 4 0.0000401
12 7 10 5 -0.0023017
12 7 10 6 -0.0007229
12 7 10 7 -0.0004799
12 7 10 8 0.0021243
12 7 10 9 -0.0011576
12 7 10 10 -0.0066122
12 7 11 0 -0.0000166
12 7 11 1 -0.0000461
12 7 11 2 0.0001551
12 7 11 3 -0.0001063
12 7 11 4 0.0000289
12 7 11 5 -0.0005450
12 7 11 6 0.0000070
12 7 11 7 -0.0001862
12 7 11 8 -0.0004180
12 7 11 9 0.0005813
12 7 11 10 -0.0009048
12 7 11 11 -0.0142185
12 7 12 0 -0.0000358
12 7 12 1 0.0009697
12 7 12 2 -0.0007543
12 7 12 3 0.0010487
12 7 12 4 0.0005843
12 7 12 5 0.0051950
12 7 12 6 -0.0000312
12 7 12 7 0.0019670
12 7 12 8 0.0011076
12 7 12 9 -0.0082931
12 7 12 10 0.0065979
12 7 12 11 0.0015991
12 7 12 12 -0.0097942
12 8 0 0 0.0135477
12 8 1 0 -0.0000893
12 8 1 1 0.0202177
12 8 2 0 0.0002404
12 8 2 1 -0.0102304
12 8 2 2 0.0193993
12 8 3 0 -0.0000065
12 8 3 1 0.0002652
12 8 3 2 -0.0004068
12 8 3 3 0.0097007
12 8 4 0 0.0001804
12 8 4 1 -0.0020652
12 8 4 2 0.0016485
12 8 4 3 0.0002979
12 8 4 4 0.0118226
12 8 5 0 -0.0000243
12 8 5 1 -0.0019244
12 8 5 2 0.0026953
12 8 5 3 0.0021502
12 8 5 4 -0.0026037
12 8 5 5 -0.0074171
12 8 6 0 0.0000757
12 8 6 1 0.0003035
12 8 6 2 0.0023668
12 8 6 3 -0.0001774
12 8 6 4 -0.0012714
12 8 6 5 0.0002859
12 8 6 6 0.0103733
12 8 7 0 0.0000181
12 8 7 1 -0.0003219
12 8 7 2 0.0007311
12 8 7 3 0.0029128
12 8 7 4 -0.0003403
12 8 7 5 -0.0021625
12 8 7 6 -0.0000738
12 8 7 7 0.0111921
12 8 8 0 0.0006302
12 8 8 1 0.0023075
12 8 8 2 -0.0059670
12 8 8 3 0.0006915
12 8 8 4 -0.0025857
12 8 8 5 -0.0051063
12 8 8 6 -0.0030687
12 8 8 7 -0.0009489
12 8 8 8 0.0222598
12 8 9 0 0.0000110
12 8 9 1 0.0002301
12 8 9 2 -0.0004692
12 8 9 3 0.0013944
12 8 9 4 0.0002578
12 8 9 5 -0.0046401
12 8 9 6 -0.0011675
12 8 9 7 0.0010100
12 8 9 8 0.0002196
12 8 9 9 0.0176824
12 8 10 0 0.0000144
12 8 10 1 -0.0006736
12 8 10 2 0.0000728
12 8 10 3 -0.0015327
12 8 10 4 0.0027092
12 8 10 5 0.0078079
12 8 10 6 -0.0002989
12 8 10 7 -0.0001528
12 8 10 8 -0.0002462
12 8 10 9 0.0002365
12 8 10 10 0.0173945
12 8 11 0 -0.0001003
12 8 11 1 -0.0015358
12 8 11 2 0.0028322
12 8 11 3 -0.0000299
12 8 11 4 0.0006199
12 8 11 5 -0.0002518
12 8 11 6 0.0011124
12 8 11 7 0.0000533
12 8 11 8 -0.0059665
12 8 11 9 -0.0000838
12 8 11 10 0.0001152
12 8 11 11 -0.0129993
12 8 12 0 -0.0002075
12 8 12 1 0.0197671
12 8 12 2 -0.0207812
12 8 12 3 -0.0008837
12 8 12 4 -0.0022648
12 8 12 5 0.0113772
12 8 12 6 -0.0054333
12 8 12 7 0.0011076
12 8 12 8 0.0272819
12 8 12 9 0.0006236
12 8 12 10 0.0006703
12 8 12 11 -0.0017494
12 8 12 12 -0.0371831
12 9 0 0 -0.0000122
12 9 1 0 0.0001193
12 9 1 1 -0.0012842
12 9 2 0 0.0002373
12 9 2 1 -0.0032087
12 9 2 2 -0.0008109
12 9 3 0 -0.0011689
12 9 3 1 0.0131161
12 9 3 2 0.0051883
12 9 3 3 -0.0041479
12 9 4 0 -0.0012365
12 9 4 1 0.0070857
12 9 4 2 0.0012034
12 9 4 3 -0.0014183
12 9 4 4 0.0062284
12 9 5 0 0.0002542
12 9 5 1 -0.0080762
12 9 5 2 0.0069506
12 9 5 3 -0.0033482
12 9 5 4 0.0104237
12 9 5 5 0.0420237
12 9 6 0 0.0008910
12 9 6 1 -0.0039619
12 9 6 2 0.0026462
12 9 6 3 -0.0050332
12 9 6 4 0.0020936
12 9 6 5 0.0012620
12 9 6 6 -0.0070079
12 9 7 0 -0.0018073
12 9 7 1 0.0057335
12 9 7 2 -0.0050804
12 9 7 3 0.0021443
12 9 7 4 0.0065904
12 9 7 5 0.0060858
12 9 7 6 0.0082624
12 9 7 7 0.0012262
12 9 8 0 0.0000919
12 9 8 1 0.0006026
12 9 8 2 0.0012751
12 9 8 3 -0.0066435
12 9 8 4 -0.0073662
12 9 8 5 -0.0061710
12 9 8 6 0.0018705
12 9 8 7 -0.0070774
12 9 8 8 0.0011656
12 9 9 0 0.0005471
12 9 9 1 0.0220217
12 9 9 2 -0.0259753
12 9 9 3 0.0013236
12 9 9 4 -0.0076415
12 9 9 5 -0.0158590
12 9 9 6 -0.0093068
12 9 9 7 -0.0015583
12 9 9 8 0.0373612
12 9 9 9 0.0000008
12 9 10 0 -0.0000078
12 9 10 1 0.0009124
12 9 10 2 -0.0011655
12 9 10 3 0.0017340
12 9 10 4 -0.0029631
12 9 10 5 -0.0190575
12 9 10 6 -0.0006166
12 9 10 7 -0.0022383
12 9 10 8 0.0005258
12 9 10 9 -0.0000000
12 9 10 10 -0.0000001
12 9 11 0 0.0000018
12 9 11 1 -0.0003990
12 9 11 2 0.0000718
12 9 11 3 0.0002122
12 9 11 4 0.0015660
12 9 11 5 0.0055099
12 9 11 6 0.0001494
12 9 11 7 0.0014323
12 9 11 8 -0.0001858
12 9 11 9 -0.0001295
12 9 11 10 0.0000000
12 9 11 11 -0.0000013
12 9 12 0 -0.0000236
12 9 12 1 0.0010997
12 9 12 2 0.0023939
12 9 12 3 -0.0112023
12 9 12 4 -0.0092643
12 9 12 5 0.0002631
12 9 12 6 0.0036278
12 9 12 7 -0.0082931
12 9 12 8 0.0006236
12 9 12 9 0.1160615
12 9 12 10 0.0000000
12 9 12 11 -0.0000002
12 9 12 12 -0.0000009
12 10 0 0 -0.0000174
12 10 1 0 0.0002366
12 10 1 1 -0.0052497
12 10 2 0 0.0003822
12 10 2 1 -0.0035029
12 10 2 2 -0.0036572
12 10 3 0 0.0008413
12 10 3 1 -0.0103332
12 10 3 2 -0.0025901
12 10 3 3 -0.0054457
12 10 4 0 -0.0017155
12 10 4 1 0.0134510
12 10 4 2 -0.0026132
12 10 4 3 0.0010712
12 10 4 4 0.0032067
12 10 5 0 0.0001495
12 10 5 1 0.0108254
12 10 5 2 -0.0147188
12 10 5 3 0.0087592
12 10 5 4 -0.0135701
12 10 5 5 -0.0814811
12 10 6 0 0.0009871
12 10 6 1 -0.0027188
12 10 6 2 0.0013479
12 10 6 3 0.0038806
12 10 6 4 0.0017657
12 10 6 5 -0.0073355
12 10 6 6 -0.0081838
12 10 7 0 0.0014102
12 10 7 1 -0.0034598
12 10 7 2 0.0028055
12 10 7 3 0.0059863
12 10 7 4 -0.0047793
12 10 7 5 -0.0091033
12 10 7 6 -0.0072677
12 10 7 7 -0.0029152
12 10 8 0 0.0000941
12 10 8 1 -0.0003401
12 10 8 2 0.0034229
12 10 8 3 0.0038359
12 10 8 4 -0.0061696
12 10 8 5 0.0137745
12 10 8 6 0.0037058
12 10 8 7 0.0065138
12 10 8 8 0.0003838
12 10 9 0 -0.0000078
12 10 9 1 0.0009124
12 10 9 2 -0.0011655
12 10 9 3 0.0017340
12 10 9 4 -0.0029631
12 10 9 5 -0.0190575
12 10 9 6 -0.0006166
12 10 9 7 -0.0022383
12 10 9 8 0.0005258
12 10 9 9 -0.0000000
12 10 10 0 0.0005420
12 10 10 1 0.0204309
12 10 10 2 -0.0250061
12 10 10 3 0.0002455
12 10 10 4 -0.0033015
12 10 10 5 0.0103382
12 10 10 6 -0.0065235
12 10 10 7 -0.0005137
12 10 10 8 0.0367739
12 10 10 9 0.0000004
12 10 10 10 -0.0000001
12 10 11 0 0.0000027
12 10 11 1 0.0004660
12 10 11 2 -0.0007498
12 10 11 3 0.0005485
12 10 11 4 -0.0008169
12 10 11 5 -0.0106980
12 10 11 6 -0.0011132
12 10 11 7 -0.0020300
12 10 11 8 0.0002150
12 10 11 9 0.0000000
12 10 11 10 -0.0001295
12 10 11 11 0.0000000
12 10 12 0 -0.0000356
12 10 12 1 0.0019712
12 10 12 2 0.0040764
12 10 12 3 0.0079064
12 10 12 4 -0.0121141
12 10 12 5 0.0032971
12 10 12 6 0.0041987
12 10 12 7 0.0065979
12 10 12 8 0.0006703
12 10 12 9 0.0000000
12 10 12 10 0.1160615
12 10 12 11 0.0000000
12 10 12 12 0.0000000
12 11 0 0 -0.0155508
12 11 1 0 0.0000825
12 11 1 1 -0.0250958
12 11 2 0 -0.0004202
12 11 2 1 0.0175247
12 11 2 2 -0.0271563
12 11 3 0 0.0000045
12 11 3 1 0.0001363
12 11 3 2 -0.0000097
12 11 3 3 -0.0090337
12 11 4 0 -0.0002327
12 11 4 1 0.0026478
12 11 4 2 -0.0024425
12 11 4 3 -0.0003903
12 11 4 4 -0.0125342
12 11 5 0 0.0001592
12 11 5 1 -0.0027852
12 11 5 2 0.0018680
12 11 5 3 -0.0017047
12 11 5 4 0.0016708
12 11 5 5 -0.0112023
12 11 6 0 -0.0002316
12 11 6 1 0.0013079
12 11 6 2 -0.0056084
12 11 6 3 0.0002395
12 11 6 4 0.0014129
12 11 6 5 -0.0002599
12 11 6 6 -0.0104005
12 11 7 0 -0.0000109
12 11 7 1 -0.0001598
12 11 7 2 -0.0004241
12 11 7 3 -0.0041380
12 11 7 4 -0.0000662
12 11 7 5 -0.0019939
12 11 7 6 -0.0000836
12 11 7 7 -0.0118398
12 11 8 0 -0.0009459
12 11 8 1 -0.0134394
12 11 8 2 0.0195322
12 11 8 3 -0.0001364
12 11 8 4 0.0043781
12 11 8 5 -0.0022978
12 11 8 6 0.0075098
12 11 8 7 0.0002798
12 11 8 8 -0.0446131
12 11 9 0 0.0000054
12 11 9 1 -0.0009450
12 11 9 2 -0.0004487
12 11 9 3 0.0029849
12 11 9 4 0.0045683
12 11 9 5 0.0093300
12 11 9 6 -0.0001654
12 11 9 7 0.0035028
12 11 9 8 -0.0004173
12 11 9 9 -0.0498536
12 11 10 0 0.0000083
12 11 10 1 0.0003059
12 11 10 2 -0.0022403
12 11 10 3 -0.0009245
12 11 10 4 0.0011046
12 11 10 5 -0.0188191
12 11 10 6 -0.0023830
12 11 10 7 -0.0043019
12 11 10 8 0.0002464
12 11 10 9 0.0000000
12 11 10 10 -0.0498536
12 11 11 0 -0.0004439
12 11 11 1 -0.0073350
12 11 11 2 0.0115659
12 11 11 3 -0.0014482
12 11 11 4 0.0042587
12 11 11 5 0.0110048
12 11 11 6 0.0043698
12 11 11 7 0.0018735
12 11 11 8 -0.0194285
12 11 11 9 -0.0000010
12 11 11 10 0.0000001
12 11 11 11 -0.3628158
12 11 12 0 -0.0000148
12 11 12 1 -0.0016927
12 11 12 2 0.0021174
12 11 12 3 -0.0011857
12 11 12 4 0.0020281
12 11 12 5 0.0108249
12 11 12 6 0.0008148
12 11 12 7 0.0015991
12 11 12 8 -0.0017494
12 11 12 9 -0.0000002
12 11 12 10 0.0000000
12 11 12 11 0.0525109
12 11 12 12 -0.0397103
12 12 0 0 0.2916788
12 12 1 0 -0.0012964
12 12 1 1 0.3587244
12 12 2 0 0.0038261
12 12 2 1 -0.1172597
12 12 2 2 0.3442702
12 12 3 0 -0.0000729
12 12 3 1 0.0000221
12 12 3 2 0.0005528
12 12 3 3 0.2488939
12 12 4 0 0.0019707
12 12 4 1 -0.0183230
12 12 4 2 0.0085432
12 12 4 3 -0.0031611
12 12 4 4 0.2798178
12 12 5 0 -0.0009540
12 12 5 1 0.0142314
12 12 5 2 -0.0141315
12 12 5 3 -0.0228937
12 12 5 4 0.0265632
12 12 5 5 0.4693614
12 12 6 0 0.0019922
12 12 6 1 -0.0035542
12 12 6 2 0.0363384
12 12 6 3 -0.0040966
12 12 6 4 -0.0151680
12 12 6 5 0.0117184
12 12 6 6 0.2468538
12 12 7 0 0.0001410
12 12 7 1 0.0014948
12 12 7 2 0.0022910
12 12 7 3 0.0353080
12 12 7 4 0.0040071
12 12 7 5 0.0341431
12 12 7 6 0.0005525
12 12 7 7 0.2654965
12 12 8 0 0.0065669
12 12 8 1 0.0672261
12 12 8 2 -0.1071784
12 12 8 3 -0.0003935
12 12 8 4 -0.0255587
12 12 8 5 0.0266457
12 12 8 6 -0.0449133
12 12 8 7 0.0003402
12 12 8 8 0.4405607
12 12 9 0 -0.0000523
12 12 9 1 0.0044142
12 12 9 2 0.0061349
12 12 9 3 -0.0304542
12 12 9 4 -0.0288289
12 12 9 5 -0.0194820
12 12 9 6 0.0067615
12 12 9 7 -0.0224945
12 12 9 8 0.0020892
12 12 9 9 0.6206839
12 12 10 0 -0.0000797
12 12 10 1 0.0036590
12 12 10 2 0.0135865
12 12 10 3 0.0189796
12 12 10 4 -0.0272787
12 12 10 5 0.0469082
12 12 10 6 0.0125316
12 12 10 7 0.0211431
12 12 10 8 0.0007905
12 12 10 9 -0.0000000
12 12 10 10 0.6206839
12 12 11 0 0.0008867
12 12 11 1 -0.0001538
12 12 11 2 -0.0060654
12 12 11 3 0.0016313
12 12 11 4 -0.0038267
12 12 11 5 -0.0130391
12 12 11 6 -0.0031414
12 12 11 7 -0.0020165
12 12 11 8 0.0152741
12 12 11 9 0.0000007
12 12 11 10 -0.0000001
12 12 11 11 0.8534749
12 12 12 0 0.0020440
12 12 12 1 -0.0457512
12 12 12 2 0.0365789
12 12 12 3 0.0076166
12 12 12 4 -0.0057741
12 12 12 5 -0.0750445
12 12 12 6 0.0068368
12 12 12 7 -0.0097942
12 12 12 8 -0.0371831
12 12 12 9 -0.0000009
12 12 12 10 0.0000000
12 12 12 11 -0.0397103
12 12 12 12 0.7224718
