NELEC	10
ENUC	11.406077
NBASIS	13
HF_ENERGY	-41.506724
ENERGIES
-10.721156
-0.801693
-0.393822
-0.390058
-0.308591
0.525527
0.868638
0.886677
1.066896
965064.594093
965066.487108
996490.829649
1073373.529174

OEI
-19.732972	
0.410456	-5.502100	
-0.014451	0.066959	-4.940117	
-0.008491	0.023852	-0.012773	-4.765428	
-0.081250	0.271993	0.089411	-0.015368	-5.356864	
0.033205	-0.064252	-0.103566	-0.052718	0.117010	-2.162505	
0.218619	-0.563207	-0.667518	0.406764	-0.400801	0.011552	-4.421702	
-0.101717	0.272042	0.273930	0.930202	0.176592	0.551406	-0.043699	-4.366742	
0.259413	-0.710673	0.718619	0.009332	-0.370923	-0.012157	0.047563	-0.013713	-4.113812	
0.000102	-0.006673	0.028885	-0.105686	0.093070	-0.153815	0.121811	0.059867	0.015105	965061.161318	
0.000065	0.004352	0.004332	0.099324	0.144294	0.279470	0.027984	-0.060749	-0.000350	0.002606	965063.054114	
-0.007616	-0.022143	0.017721	-0.002159	-0.005955	-0.050951	-0.000512	-0.014710	-0.027945	0.000755	0.001624	996486.973675	
-0.022217	-0.159923	0.213950	0.007870	-0.063767	-0.104121	-0.032094	-0.005029	0.195272	0.004689	0.013416	0.167016	1073370.589189	

OVERLAP
1.000000	
0.248362	1.000000	
0.063747	0.496523	1.000000	
0.063747	0.496523	0.172237	1.000000	
0.006454	0.110326	0.087909	0.026732	1.000000	
0.000001	0.037510	0.007446	0.007446	0.062028	1.000000	
0.037510	0.364644	0.122394	0.122394	0.489773	0.248362	1.000000	
0.000000	0.000000	0.237774	-0.355980	-0.014721	-0.022967	-0.143241	1.000000	
0.000000	0.000000	0.382595	-0.082106	0.079112	0.009690	0.060437	0.000000	1.000000	
0.000000	0.000000	0.136489	0.296785	-0.114555	-0.056979	-0.355373	0.000000	0.000000	1.000000	
0.022967	0.143241	0.080252	-0.022644	0.127231	0.000000	0.000000	0.139258	0.031125	-0.183015	1.000000	
-0.009690	-0.060437	0.049828	-0.030704	0.410720	0.000000	0.000000	0.031125	0.199894	0.077219	0.000000	1.000000	
0.056979	0.355373	0.120526	0.148305	-0.181438	0.000000	0.000000	-0.183015	0.077219	-0.241025	0.000000	0.000000	1.000000	

MOCOEFF
-0.991525	-0.039373	0.007950	0.007949	0.000008	-0.002278	0.013030	0.003169	-0.003657	0.001099	0.000940	-0.000251	0.002775	
0.235278	-0.700633	-0.208487	-0.200617	0.037502	0.023946	-0.005287	-0.056566	0.080703	0.032335	-0.080752	0.013919	-0.193842	
-0.008896	0.036845	-0.233180	-0.305321	-0.056228	-0.068858	0.177668	-0.111953	0.018156	-0.572044	0.135816	-0.017774	0.415806	
-0.005297	0.027725	-0.508908	0.443921	0.093505	0.001323	-0.038497	-0.385133	-0.338394	0.058490	0.126567	0.070338	0.013719	
-0.053249	0.357363	-0.196845	-0.244487	0.081774	0.023853	-0.089105	0.562958	-0.690986	-0.026092	-0.169461	0.136754	-0.042164	
0.019841	-0.132460	0.280359	-0.105978	1.309735	0.075415	-0.631855	-0.155306	-0.106234	-0.032414	-0.133269	-0.543153	0.288949	
0.135750	-0.850741	0.368615	1.161603	0.005450	0.018698	-0.134120	0.533053	-0.063505	-0.828252	-0.130533	0.034076	-0.071540	
-0.063230	0.390825	-1.110313	0.332093	0.347293	0.005243	-0.060703	0.732131	0.812418	0.196252	-0.072250	-0.263381	0.183366	
0.165539	-1.128080	0.240397	0.185670	-0.091424	-0.137173	0.971524	0.385376	-0.294858	0.786194	0.385535	-0.104679	0.928164	
-0.000000	0.000000	-0.000000	-0.000000	0.000000	0.000004	-0.000006	0.000000	0.000000	-0.000000	-0.928719	-0.026504	0.369836	
0.000000	-0.000000	0.000000	0.000000	-0.000000	-0.000000	0.000000	-0.000000	-0.000000	-0.000000	0.033342	0.987432	0.154489	
-0.000000	0.000000	-0.000000	0.000000	0.000000	1.025836	-0.215516	-0.000000	0.000000	-0.000000	0.038788	-0.016364	0.096221	
0.000000	-0.000000	-0.000000	0.000000	0.000000	-0.014391	-0.882584	0.000000	0.000000	-0.000000	0.171046	-0.072167	0.424342	

ERI
0 0 0 0 3.4986003
1 0 0 0 -0.3141495
1 0 1 0 0.0442424
1 0 1 1 -0.0113230
1 1 0 0 0.7411495
1 1 1 0 -0.0113230
1 1 1 1 0.5257402
2 0 0 0 0.0118175
2 0 1 0 -0.0018769
2 0 1 1 -0.0003872
2 0 2 0 0.0097406
2 0 2 1 0.0150829
2 0 2 2 -0.0038134
2 1 0 0 -0.0203258
2 1 1 0 -0.0000400
2 1 1 1 -0.0104107
2 1 2 0 0.0150829
2 1 2 1 0.1154782
2 1 2 2 -0.0497702
2 2 0 0 0.6531394
2 2 1 0 -0.0048887
2 2 1 1 0.5057127
2 2 2 0 -0.0038134
2 2 2 1 -0.0497702
2 2 2 2 0.5422863
3 0 0 0 0.0070314
3 0 1 0 -0.0010572
3 0 1 1 0.0002976
3 0 2 0 0.0004654
3 0 2 1 0.0000690
3 0 2 2 -0.0006119
3 0 3 0 0.0073634
3 0 3 1 0.0128639
3 0 3 2 0.0031801
3 0 3 3 0.0008159
3 1 0 0 -0.0075461
3 1 1 0 0.0002154
3 1 1 1 -0.0012928
3 1 2 0 0.0000593
3 1 2 1 0.0010227
3 1 2 2 -0.0131307
3 1 3 0 0.0128639
3 1 3 1 0.1127844
3 1 3 2 0.0544487
3 1 3 3 0.0147326
3 2 0 0 0.0030991
3 2 1 0 0.0000106
3 2 1 1 0.0021476
3 2 2 0 -0.0010015
3 2 2 1 -0.0116702
3 2 2 2 -0.0006511
3 2 3 0 0.0031801
3 2 3 1 0.0544487
3 2 3 2 0.0480434
3 2 3 3 0.0037392
3 3 0 0 0.6067551
3 3 1 0 -0.0043460
3 3 1 1 0.4879600
3 3 2 0 0.0037376
3 3 2 1 0.0475775
3 3 2 2 0.4500071
3 3 3 0 0.0008159
3 3 3 1 0.0147326
3 3 3 2 0.0037392
3 3 3 3 0.5316324
4 0 0 0 0.0699165
4 0 1 0 -0.0114865
4 0 1 1 0.0011960
4 0 2 0 -0.0009140
4 0 2 1 -0.0015281
4 0 2 2 0.0044565
4 0 3 0 0.0003563
4 0 3 1 0.0002928
4 0 3 2 -0.0001147
4 0 3 3 0.0042400
4 0 4 0 0.0202011
4 0 4 1 0.0217108
4 0 4 2 0.0002565
4 0 4 3 -0.0006778
4 0 4 4 -0.0065056
4 1 0 0 -0.0862644
4 1 1 0 0.0015595
4 1 1 1 -0.0271718
4 1 2 0 -0.0014381
4 1 2 1 0.0008838
4 1 2 2 0.0027491
4 1 3 0 0.0002610
4 1 3 1 0.0002631
4 1 3 2 -0.0031564
4 1 3 3 0.0135829
4 1 4 0 0.0217108
4 1 4 1 0.1062944
4 1 4 2 0.0086220
4 1 4 3 -0.0048205
4 1 4 4 -0.0651808
4 2 0 0 -0.0246318
4 2 1 0 0.0005086
4 2 1 1 -0.0078673
4 2 2 0 0.0000231
4 2 2 1 0.0207983
4 2 2 2 -0.0199232
4 2 3 0 -0.0002024
4 2 3 1 -0.0032364
4 2 3 2 -0.0057848
4 2 3 3 0.0152555
4 2 4 0 0.0002565
4 2 4 1 0.0086220
4 2 4 2 0.0299154
4 2 4 3 -0.0030499
4 2 4 4 -0.0110827
4 3 0 0 0.0053149
4 3 1 0 -0.0001278
4 3 1 1 0.0013789
4 3 2 0 -0.0001610
4 3 2 1 -0.0032910
4 3 2 2 -0.0042532
4 3 3 0 0.0004895
4 3 3 1 0.0304314
4 3 3 2 0.0240314
4 3 3 3 0.0043520
4 3 4 0 -0.0006778
4 3 4 1 -0.0048205
4 3 4 2 -0.0030499
4 3 4 3 0.0351834
4 3 4 4 0.0011958
4 4 0 0 0.7962502
4 4 1 0 -0.0084521
4 4 1 1 0.5418939
4 4 2 0 0.0015730
4 4 2 1 -0.0001129
4 4 2 2 0.4945267
4 4 3 0 -0.0001057
4 4 3 1 -0.0067437
4 4 3 2 -0.0014033
4 4 3 3 0.4789724
4 4 4 0 -0.0065056
4 4 4 1 -0.0651808
4 4 4 2 -0.0110827
4 4 4 3 0.0011958
4 4 4 4 0.6166396
5 0 0 0 -0.0263134
5 0 1 0 0.0037252
5 0 1 1 -0.0009461
5 0 2 0 -0.0002682
5 0 2 1 0.0016388
5 0 2 2 -0.0014835
5 0 3 0 0.0007164
5 0 3 1 0.0034579
5 0 3 2 0.0005618
5 0 3 3 -0.0005418
5 0 4 0 -0.0009290
5 0 4 1 -0.0000873
5 0 4 2 -0.0000724
5 0 4 3 -0.0000512
5 0 4 4 -0.0004090
5 0 5 0 0.0021591
5 0 5 1 -0.0004539
5 0 5 2 0.0003491
5 0 5 3 -0.0000934
5 0 5 4 -0.0006026
5 0 5 5 -0.0021499
5 1 0 0 0.0206065
5 1 1 0 -0.0008375
5 1 1 1 0.0043737
5 1 2 0 0.0011074
5 1 2 1 0.0033382
5 1 2 2 0.0029872
5 1 3 0 0.0019542
5 1 3 1 -0.0001947
5 1 3 2 -0.0070425
5 1 3 3 -0.0010502
5 1 4 0 -0.0003660
5 1 4 1 -0.0045933
5 1 4 2 -0.0016624
5 1 4 3 -0.0051941
5 1 4 4 0.0092461
5 1 5 0 -0.0004539
5 1 5 1 0.0060295
5 1 5 2 -0.0022498
5 1 5 3 0.0034344
5 1 5 4 0.0016824
5 1 5 5 0.0136224
5 2 0 0 0.0208349
5 2 1 0 -0.0001689
5 2 1 1 0.0100744
5 2 2 0 0.0005147
5 2 2 1 0.0011615
5 2 2 2 0.0114184
5 2 3 0 -0.0011032
5 2 3 1 -0.0168856
5 2 3 2 -0.0060113
5 2 3 3 0.0034753
5 2 4 0 -0.0003202
5 2 4 1 -0.0048363
5 2 4 2 -0.0001153
5 2 4 3 -0.0063530
5 2 4 4 0.0117378
5 2 5 0 0.0003491
5 2 5 1 -0.0022498
5 2 5 2 0.0103341
5 2 5 3 0.0001082
5 2 5 4 -0.0020756
5 2 5 5 -0.0236779
5 3 0 0 0.0247755
5 3 1 0 -0.0009582
5 3 1 1 0.0007459
5 3 2 0 -0.0008581
5 3 2 1 -0.0157843
5 3 2 2 0.0028722
5 3 3 0 -0.0002850
5 3 3 1 -0.0090118
5 3 3 2 -0.0042342
5 3 3 3 -0.0176092
5 3 4 0 -0.0006055
5 3 4 1 -0.0090219
5 3 4 2 -0.0065100
5 3 4 3 -0.0040447
5 3 4 4 0.0043886
5 3 5 0 -0.0000934
5 3 5 1 0.0034344
5 3 5 2 0.0001082
5 3 5 3 0.0119339
5 3 5 4 0.0048307
5 3 5 5 0.0403409
5 4 0 0 -0.0212625
5 4 1 0 0.0003778
5 4 1 1 -0.0129853
5 4 2 0 -0.0007308
5 4 2 1 -0.0045487
5 4 2 2 -0.0076197
5 4 3 0 -0.0007429
5 4 3 1 -0.0090697
5 4 3 2 -0.0062450
5 4 3 3 -0.0135858
5 4 4 0 0.0018289
5 4 4 1 0.0077667
5 4 4 2 0.0006902
5 4 4 3 -0.0014087
5 4 4 4 -0.0162326
5 4 5 0 -0.0006026
5 4 5 1 0.0016824
5 4 5 2 -0.0020756
5 4 5 3 0.0048307
5 4 5 4 0.0049761
5 4 5 5 0.0303603
5 5 0 0 0.2757654
5 5 1 0 -0.0003789
5 5 1 1 0.2705943
5 5 2 0 -0.0030262
5 5 2 1 -0.0563935
5 5 2 2 0.3035241
5 5 3 0 0.0014409
5 5 3 1 0.0196209
5 5 3 2 0.0104679
5 5 3 3 0.2510098
5 5 4 0 0.0023804
5 5 4 1 0.0200081
5 5 4 2 -0.0203299
5 5 4 3 0.0105959
5 5 4 4 0.2596381
5 5 5 0 -0.0021499
5 5 5 1 0.0136224
5 5 5 2 -0.0236779
5 5 5 3 0.0403409
5 5 5 4 0.0303603
5 5 5 5 0.7132424
6 0 0 0 -0.1778345
6 0 1 0 0.0241930
6 0 1 1 -0.0075797
6 0 2 0 0.0076607
6 0 2 1 0.0140136
6 0 2 2 -0.0038130
6 0 3 0 -0.0060298
6 0 3 1 -0.0077689
6 0 3 2 -0.0027579
6 0 3 3 0.0021248
6 0 4 0 0.0015574
6 0 4 1 0.0106339
6 0 4 2 0.0000508
6 0 4 3 -0.0006469
6 0 4 4 -0.0068018
6 0 5 0 0.0011217
6 0 5 1 -0.0010823
6 0 5 2 0.0010746
6 0 5 3 -0.0015630
6 0 5 4 0.0009914
6 0 5 5 -0.0029544
6 0 6 0 0.0318257
6 0 6 1 0.0085758
6 0 6 2 0.0008738
6 0 6 3 0.0023695
6 0 6 4 -0.0023490
6 0 6 5 0.0009141
6 0 6 6 0.0105626
6 1 0 0 0.1467970
6 1 1 0 -0.0066730
6 1 1 1 0.0436369
6 1 2 0 0.0072060
6 1 2 1 0.0128892
6 1 2 2 0.0411578
6 1 3 0 -0.0039904
6 1 3 1 -0.0104286
6 1 3 2 0.0075584
6 1 3 3 0.0193070
6 1 4 0 0.0062143
6 1 4 1 0.0004441
6 1 4 2 -0.0159595
6 1 4 3 0.0094945
6 1 4 4 0.0551401
6 1 5 0 -0.0014994
6 1 5 1 0.0004836
6 1 5 2 0.0048372
6 1 5 3 0.0057818
6 1 5 4 -0.0008948
6 1 5 5 0.0072741
6 1 6 0 0.0085758
6 1 6 1 0.0572373
6 1 6 2 0.0393611
6 1 6 3 -0.0270873
6 1 6 4 0.0180169
6 1 6 5 0.0045955
6 1 6 6 0.0427842
6 2 0 0 0.1613428
6 2 1 0 -0.0037414
6 2 1 1 0.0546254
6 2 2 0 0.0051776
6 2 2 1 0.0085605
6 2 2 2 0.0431834
6 2 3 0 0.0015738
6 2 3 1 0.0224302
6 2 3 2 0.0132428
6 2 3 3 0.0212109
6 2 4 0 -0.0021250
6 2 4 1 -0.0336945
6 2 4 2 -0.0076549
6 2 4 3 0.0136814
6 2 4 4 0.0680889
6 2 5 0 0.0011632
6 2 5 1 0.0045110
6 2 5 2 0.0005260
6 2 5 3 0.0060511
6 2 5 4 -0.0050565
6 2 5 5 0.0031419
6 2 6 0 0.0008738
6 2 6 1 0.0393611
6 2 6 2 0.0626682
6 2 6 3 -0.0401222
6 2 6 4 0.0221290
6 2 6 5 0.0065059
6 2 6 6 0.0312109
6 3 0 0 -0.0996935
6 3 1 0 0.0022013
6 3 1 1 -0.0348663
6 3 2 0 0.0010936
6 3 2 1 0.0234526
6 3 2 2 -0.0223761
6 3 3 0 0.0012356
6 3 3 1 -0.0404003
6 3 3 2 -0.0341008
6 3 3 3 -0.0160197
6 3 4 0 0.0008830
6 3 4 1 0.0224056
6 3 4 2 0.0147018
6 3 4 3 -0.0260500
6 3 4 4 -0.0382538
6 3 5 0 0.0003987
6 3 5 1 0.0047761
6 3 5 2 0.0072098
6 3 5 3 -0.0023207
6 3 5 4 0.0068815
6 3 5 5 -0.0225463
6 3 6 0 0.0023695
6 3 6 1 -0.0270873
6 3 6 2 -0.0401222
6 3 6 3 0.0730787
6 3 6 4 -0.0296550
6 3 6 5 -0.0091337
6 3 6 6 0.0333890
6 4 0 0 0.0948467
6 4 1 0 -0.0022481
6 4 1 1 0.0320081
6 4 2 0 -0.0038930
6 4 2 1 -0.0338340
6 4 2 2 0.0327044
6 4 3 0 0.0022410
6 4 3 1 0.0221169
6 4 3 2 0.0168791
6 4 3 3 0.0045226
6 4 4 0 0.0086515
6 4 4 1 0.0127343
6 4 4 2 -0.0006758
6 4 4 3 0.0031031
6 4 4 4 0.0411094
6 4 5 0 -0.0004116
6 4 5 1 0.0006315
6 4 5 2 -0.0026722
6 4 5 3 0.0065798
6 4 5 4 -0.0006280
6 4 5 5 0.0216863
6 4 6 0 -0.0023490
6 4 6 1 0.0180169
6 4 6 2 0.0221290
6 4 6 3 -0.0296550
6 4 6 4 0.0514086
6 4 6 5 0.0023762
6 4 6 6 0.0009456
6 5 0 0 -0.0007740
6 5 1 0 -0.0008226
6 5 1 1 -0.0013650
6 5 2 0 0.0018289
6 5 2 1 0.0040984
6 5 2 2 -0.0022634
6 5 3 0 0.0004842
6 5 3 1 0.0136702
6 5 3 2 0.0092872
6 5 3 3 0.0006531
6 5 4 0 -0.0000526
6 5 4 1 0.0009775
6 5 4 2 -0.0015933
6 5 4 3 0.0071631
6 5 4 4 -0.0016382
6 5 5 0 0.0003273
6 5 5 1 -0.0001019
6 5 5 2 -0.0037929
6 5 5 3 -0.0023787
6 5 5 4 0.0015222
6 5 5 5 0.0040414
6 5 6 0 0.0009141
6 5 6 1 0.0045955
6 5 6 2 0.0065059
6 5 6 3 -0.0091337
6 5 6 4 0.0023762
6 5 6 5 -0.0014497
6 5 6 6 -0.0098016
6 6 0 0 0.7530580
6 6 1 0 -0.0124110
6 6 1 1 0.5070023
6 6 2 0 0.0104862
6 6 2 1 0.0645944
6 6 2 2 0.4865303
6 6 3 0 -0.0048443
6 6 3 1 -0.0631719
6 6 3 2 -0.0512409
6 6 3 3 0.5147725
6 6 4 0 0.0100120
6 6 4 1 0.0153762
6 6 4 2 0.0189131
6 6 4 3 -0.0332279
6 6 4 4 0.5216589
6 6 5 0 -0.0011985
6 6 5 1 0.0103165
6 6 5 2 0.0188081
6 6 5 3 -0.0081693
6 6 5 4 -0.0065454
6 6 5 5 0.2286353
6 6 6 0 0.0105626
6 6 6 1 0.0427842
6 6 6 2 0.0312109
6 6 6 3 0.0333890
6 6 6 4 0.0009456
6 6 6 5 -0.0098016
6 6 6 6 0.6396901
7 0 0 0 0.0829082
7 0 1 0 -0.0112535
7 0 1 1 0.0033789
7 0 2 0 -0.0026939
7 0 2 1 -0.0061177
7 0 2 2 0.0025441
7 0 3 0 -0.0119317
7 0 3 1 -0.0183963
7 0 3 2 -0.0035527
7 0 3 3 -0.0020255
7 0 4 0 -0.0006549
7 0 4 1 -0.0042451
7 0 4 2 0.0003666
7 0 4 3 0.0000423
7 0 4 4 0.0032863
7 0 5 0 -0.0069729
7 0 5 1 -0.0017290
7 0 5 2 0.0022273
7 0 5 3 0.0003329
7 0 5 4 0.0010350
7 0 5 5 -0.0012932
7 0 6 0 -0.0046811
7 0 6 1 0.0041921
7 0 6 2 -0.0030250
7 0 6 3 -0.0033090
7 0 6 4 -0.0030940
7 0 6 5 -0.0025842
7 0 6 6 0.0050395
7 0 7 0 0.0241120
7 0 7 1 0.0151057
7 0 7 2 -0.0022589
7 0 7 3 -0.0034684
7 0 7 4 -0.0064976
7 0 7 5 0.0013690
7 0 7 6 0.0090025
7 0 7 7 -0.0064495
7 1 0 0 -0.0697217
7 1 1 0 0.0031144
7 1 1 1 -0.0214031
7 1 2 0 -0.0031211
7 1 2 1 -0.0041982
7 1 2 2 -0.0236389
7 1 3 0 -0.0094764
7 1 3 1 -0.0211828
7 1 3 2 0.0106281
7 1 3 3 -0.0037698
7 1 4 0 -0.0025605
7 1 4 1 0.0002562
7 1 4 2 0.0063084
7 1 4 3 0.0166974
7 1 4 4 -0.0281851
7 1 5 0 -0.0017835
7 1 5 1 -0.0125485
7 1 5 2 -0.0011671
7 1 5 3 -0.0065051
7 1 5 4 0.0005394
7 1 5 5 -0.0040337
7 1 6 0 0.0043789
7 1 6 1 -0.0009497
7 1 6 2 -0.0163691
7 1 6 3 -0.0137697
7 1 6 4 -0.0122217
7 1 6 5 0.0017459
7 1 6 6 -0.0320413
7 1 7 0 0.0151057
7 1 7 1 0.0533611
7 1 7 2 0.0101603
7 1 7 3 0.0278093
7 1 7 4 -0.0043055
7 1 7 5 -0.0016016
7 1 7 6 0.0016359
7 1 7 7 -0.0054058
7 2 0 0 -0.0672124
7 2 1 0 0.0017062
7 2 1 1 -0.0211946
7 2 2 0 -0.0031404
7 2 2 1 -0.0138993
7 2 2 2 -0.0185679
7 2 3 0 0.0019891
7 2 3 1 0.0324029
7 2 3 2 0.0136132
7 2 3 3 -0.0059327
7 2 4 0 0.0007970
7 2 4 1 0.0116666
7 2 4 2 -0.0016687
7 2 4 3 0.0155043
7 2 4 4 -0.0301843
7 2 5 0 0.0003177
7 2 5 1 -0.0042452
7 2 5 2 -0.0100573
7 2 5 3 -0.0073974
7 2 5 4 -0.0022540
7 2 5 5 0.0101513
7 2 6 0 -0.0032578
7 2 6 1 -0.0156261
7 2 6 2 -0.0083526
7 2 6 3 -0.0200103
7 2 6 4 0.0032453
7 2 6 5 0.0042153
7 2 6 6 -0.0488057
7 2 7 0 -0.0022589
7 2 7 1 0.0101603
7 2 7 2 0.0327253
7 2 7 3 0.0325621
7 2 7 4 0.0134693
7 2 7 5 -0.0010507
7 2 7 6 -0.0095242
7 2 7 7 0.0036365
7 3 0 0 -0.2245194
7 3 1 0 0.0048700
7 3 1 1 -0.0783831
7 3 2 0 0.0016113
7 3 2 1 0.0344362
7 3 2 2 -0.0669579
7 3 3 0 0.0001814
7 3 3 1 0.0345887
7 3 3 2 0.0169676
7 3 3 3 -0.0198245
7 3 4 0 0.0013474
7 3 4 1 0.0413959
7 3 4 2 0.0182511
7 3 4 3 0.0128943
7 3 4 4 -0.0956356
7 3 5 0 -0.0000029
7 3 5 1 -0.0088653
7 3 5 2 -0.0127499
7 3 5 3 -0.0242566
7 3 5 4 -0.0011098
7 3 5 5 -0.0019994
7 3 6 0 0.0052895
7 3 6 1 -0.0317236
7 3 6 2 -0.0351781
7 3 6 3 0.0125478
7 3 6 4 -0.0230021
7 3 6 5 0.0082967
7 3 6 6 -0.0583489
7 3 7 0 -0.0034684
7 3 7 1 0.0278093
7 3 7 2 0.0325621
7 3 7 3 0.1090553
7 3 7 4 0.0266637
7 3 7 5 -0.0015439
7 3 7 6 -0.0330081
7 3 7 7 -0.0331015
7 4 0 0 -0.0399037
7 4 1 0 0.0009180
7 4 1 1 -0.0141627
7 4 2 0 0.0015567
7 4 2 1 0.0115346
7 4 2 2 -0.0200218
7 4 3 0 0.0041949
7 4 3 1 0.0403690
7 4 3 2 0.0202544
7 4 3 3 0.0009577
7 4 4 0 -0.0042768
7 4 4 1 -0.0093440
7 4 4 2 -0.0027830
7 4 4 3 -0.0017027
7 4 4 4 -0.0192365
7 4 5 0 0.0014129
7 4 5 1 -0.0003025
7 4 5 2 -0.0064213
7 4 5 3 -0.0053880
7 4 5 4 -0.0072613
7 4 5 5 0.0058911
7 4 6 0 -0.0031156
7 4 6 1 -0.0117130
7 4 6 2 0.0030747
7 4 6 3 -0.0160409
7 4 6 4 -0.0017329
7 4 6 5 0.0052381
7 4 6 6 -0.0334978
7 4 7 0 -0.0064976
7 4 7 1 -0.0043055
7 4 7 2 0.0134693
7 4 7 3 0.0266637
7 4 7 4 0.0387058
7 4 7 5 -0.0057159
7 4 7 6 -0.0147581
7 4 7 7 0.0137154
7 5 0 0 -0.0968301
7 5 1 0 0.0017803
7 5 1 1 -0.0526728
7 5 2 0 -0.0012094
7 5 2 1 -0.0211930
7 5 2 2 -0.0342300
7 5 3 0 -0.0015441
7 5 3 1 -0.0148393
7 5 3 2 -0.0096359
7 5 3 3 -0.0661092
7 5 4 0 -0.0001573
7 5 4 1 0.0055546
7 5 4 2 -0.0073367
7 5 4 3 -0.0054899
7 5 4 4 -0.0548301
7 5 5 0 0.0001366
7 5 5 1 0.0041125
7 5 5 2 -0.0037684
7 5 5 3 0.0152622
7 5 5 4 0.0130121
7 5 5 5 0.1091755
7 5 6 0 0.0009773
7 5 6 1 -0.0037706
7 5 6 2 -0.0102602
7 5 6 3 0.0096190
7 5 6 4 -0.0007003
7 5 6 5 -0.0031501
7 5 6 6 -0.0563366
7 5 7 0 0.0013690
7 5 7 1 -0.0016016
7 5 7 2 -0.0010507
7 5 7 3 -0.0015439
7 5 7 4 -0.0057159
7 5 7 5 0.0466832
7 5 7 6 0.0085293
7 5 7 7 -0.0716614
7 6 0 0 0.0082999
7 6 1 0 0.0008013
7 6 1 1 0.0055319
7 6 2 0 -0.0047260
7 6 2 1 -0.0184636
7 6 2 2 0.0051514
7 6 3 0 -0.0051241
7 6 3 1 -0.0475506
7 6 3 2 -0.0315684
7 6 3 3 -0.0046888
7 6 4 0 -0.0040869
7 6 4 1 -0.0131333
7 6 4 2 0.0003844
7 6 4 3 -0.0210773
7 6 4 4 0.0067038
7 6 5 0 -0.0017628
7 6 5 1 0.0032769
7 6 5 2 0.0058022
7 6 5 3 0.0084843
7 6 5 4 0.0047736
7 6 5 5 -0.0046258
7 6 6 0 -0.0030110
7 6 6 1 -0.0145560
7 6 6 2 -0.0193026
7 6 6 3 0.0179444
7 6 6 4 -0.0119065
7 6 6 5 -0.0130087
7 6 6 6 0.0235113
7 6 7 0 0.0090025
7 6 7 1 0.0016359
7 6 7 2 -0.0095242
7 6 7 3 -0.0330081
7 6 7 4 -0.0147581
7 6 7 5 0.0085293
7 6 7 6 0.0447627
7 6 7 7 -0.0305632
7 7 0 0 0.7480130
7 7 1 0 -0.0105978
7 7 1 1 0.5074432
7 7 2 0 0.0022612
7 7 2 1 0.0177819
7 7 2 2 0.4674612
7 7 3 0 0.0056438
7 7 3 1 0.0619236
7 7 3 2 0.0417604
7 7 3 3 0.5212039
7 7 4 0 0.0027974
7 7 4 1 -0.0132264
7 7 4 2 0.0025715
7 7 4 3 0.0297510
7 7 4 4 0.5120072
7 7 5 0 -0.0003414
7 7 5 1 -0.0021031
7 7 5 2 -0.0027780
7 7 5 3 -0.0115809
7 7 5 4 -0.0179077
7 7 5 5 0.2886358
7 7 6 0 -0.0070485
7 7 6 1 0.0372674
7 7 6 2 0.0552161
7 7 6 3 -0.0630835
7 7 6 4 0.0312512
7 7 6 5 0.0093432
7 7 6 6 0.4779665
7 7 7 0 -0.0064495
7 7 7 1 -0.0054058
7 7 7 2 0.0036365
7 7 7 3 -0.0331015
7 7 7 4 0.0137154
7 7 7 5 -0.0716614
7 7 7 6 -0.0305632
7 7 7 7 0.5860613
8 0 0 0 -0.2154323
8 0 1 0 0.0315036
8 0 1 1 -0.0072433
8 0 2 0 -0.0106410
8 0 2 1 -0.0145408
8 0 2 2 0.0019482
8 0 3 0 0.0012678
8 0 3 1 -0.0003843
8 0 3 2 0.0007107
8 0 3 3 -0.0036634
8 0 4 0 0.0014575
8 0 4 1 0.0103884
8 0 4 2 0.0008509
8 0 4 3 -0.0000275
8 0 4 4 -0.0085628
8 0 5 0 -0.0005629
8 0 5 1 -0.0015126
8 0 5 2 -0.0017657
8 0 5 3 0.0010486
8 0 5 4 0.0007909
8 0 5 5 0.0030673
8 0 6 0 0.0095940
8 0 6 1 -0.0087104
8 0 6 2 -0.0085832
8 0 6 3 0.0005467
8 0 6 4 0.0060359
8 0 6 5 0.0013270
8 0 6 6 -0.0133398
8 0 7 0 -0.0010365
8 0 7 1 0.0029565
8 0 7 2 0.0042954
8 0 7 3 0.0025128
8 0 7 4 -0.0025717
8 0 7 5 0.0025147
8 0 7 6 0.0039138
8 0 7 7 -0.0060825
8 0 8 0 0.0337103
8 0 8 1 0.0039811
8 0 8 2 0.0019418
8 0 8 3 -0.0000587
8 0 8 4 -0.0000422
8 0 8 5 0.0009357
8 0 8 6 0.0021686
8 0 8 7 -0.0018018
8 0 8 8 0.0091036
8 1 0 0 0.1876043
8 1 1 0 -0.0080328
8 1 1 1 0.0592838
8 1 2 0 -0.0069719
8 1 2 1 -0.0148557
8 1 2 2 0.0322452
8 1 3 0 -0.0003455
8 1 3 1 -0.0003866
8 1 3 2 -0.0009438
8 1 3 3 0.0458998
8 1 4 0 0.0056816
8 1 4 1 -0.0042761
8 1 4 2 0.0073063
8 1 4 3 0.0010158
8 1 4 4 0.0723625
8 1 5 0 -0.0013054
8 1 5 1 0.0019455
8 1 5 2 0.0002463
8 1 5 3 0.0051735
8 1 5 4 -0.0011951
8 1 5 5 -0.0160725
8 1 6 0 -0.0087040
8 1 6 1 0.0070518
8 1 6 2 0.0154333
8 1 6 3 -0.0161137
8 1 6 4 0.0265153
8 1 6 5 -0.0026103
8 1 6 6 0.0508350
8 1 7 0 0.0028318
8 1 7 1 -0.0035605
8 1 7 2 -0.0064408
8 1 7 3 -0.0374860
8 1 7 4 -0.0113849
8 1 7 5 -0.0174873
8 1 7 6 0.0102337
8 1 7 7 0.0596407
8 1 8 0 0.0039811
8 1 8 1 0.0562536
8 1 8 2 -0.0510387
8 1 8 3 -0.0012873
8 1 8 4 0.0198372
8 1 8 5 -0.0000674
8 1 8 6 0.0090648
8 1 8 7 -0.0069906
8 1 8 8 0.0393839
8 2 0 0 -0.1776646
8 2 1 0 0.0045867
8 2 1 1 -0.0572220
8 2 2 0 0.0010477
8 2 2 1 -0.0427658
8 2 2 2 -0.0140434
8 2 3 0 -0.0005006
8 2 3 1 -0.0041175
8 2 3 2 0.0039977
8 2 3 3 -0.0650632
8 2 4 0 0.0002559
8 2 4 1 0.0253286
8 2 4 2 -0.0130599
8 2 4 3 -0.0017922
8 2 4 4 -0.0744684
8 2 5 0 -0.0003146
8 2 5 1 -0.0040466
8 2 5 2 -0.0016513
8 2 5 3 0.0036658
8 2 5 4 0.0057946
8 2 5 5 0.0588503
8 2 6 0 0.0045919
8 2 6 1 -0.0083324
8 2 6 2 -0.0281847
8 2 6 3 0.0060954
8 2 6 4 0.0020119
8 2 6 5 0.0001949
8 2 6 6 -0.0801220
8 2 7 0 -0.0017387
8 2 7 1 0.0039331
8 2 7 2 0.0156167
8 2 7 3 0.0170927
8 2 7 4 -0.0019468
8 2 7 5 0.0340868
8 2 7 6 0.0002283
8 2 7 7 -0.0721122
8 2 8 0 0.0019418
8 2 8 1 -0.0510387
8 2 8 2 0.0981008
8 2 8 3 0.0048799
8 2 8 4 -0.0280462
8 2 8 5 0.0014454
8 2 8 6 -0.0058343
8 2 8 7 0.0099894
8 2 8 8 0.0312329
8 3 0 0 -0.0033445
8 3 1 0 0.0001885
8 3 1 1 -0.0005238
8 3 2 0 -0.0002079
8 3 2 1 -0.0042840
8 3 2 2 0.0034141
8 3 3 0 0.0049581
8 3 3 1 0.0103886
8 3 3 2 -0.0100950
8 3 3 3 -0.0046373
8 3 4 0 0.0001699
8 3 4 1 0.0010028
8 3 4 2 -0.0016391
8 3 4 3 -0.0010899
8 3 4 4 -0.0009251
8 3 5 0 0.0014614
8 3 5 1 0.0050111
8 3 5 2 -0.0021103
8 3 5 3 0.0022569
8 3 5 4 0.0010033
8 3 5 5 0.0053355
8 3 6 0 -0.0032796
8 3 6 1 -0.0095937
8 3 6 2 0.0007399
8 3 6 3 0.0086524
8 3 6 4 0.0000595
8 3 6 5 0.0002046
8 3 6 6 0.0023288
8 3 7 0 -0.0073123
8 3 7 1 -0.0217115
8 3 7 2 0.0033235
8 3 7 3 -0.0058678
8 3 7 4 -0.0023424
8 3 7 5 0.0043582
8 3 7 6 0.0036831
8 3 7 7 -0.0080297
8 3 8 0 -0.0000587
8 3 8 1 -0.0012873
8 3 8 2 0.0048799
8 3 8 3 0.0171336
8 3 8 4 -0.0011558
8 3 8 5 0.0010554
8 3 8 6 -0.0081388
8 3 8 7 -0.0136201
8 3 8 8 0.0081613
8 4 0 0 0.0857580
8 4 1 0 -0.0024726
8 4 1 1 0.0262841
8 4 2 0 0.0029526
8 4 2 1 0.0231274
8 4 2 2 0.0140572
8 4 3 0 0.0003855
8 4 3 1 0.0008836
8 4 3 2 -0.0023471
8 4 3 3 0.0319289
8 4 4 0 0.0110357
8 4 4 1 0.0264244
8 4 4 2 -0.0078023
8 4 4 3 -0.0006333
8 4 4 4 0.0371124
8 4 5 0 -0.0007412
8 4 5 1 0.0026070
8 4 5 2 0.0001429
8 4 5 3 -0.0006404
8 4 5 4 -0.0007353
8 4 5 5 -0.0134330
8 4 6 0 0.0069686
8 4 6 1 0.0265718
8 4 6 2 0.0100572
8 4 6 3 -0.0023933
8 4 6 4 0.0106726
8 4 6 5 0.0027727
8 4 6 6 0.0486029
8 4 7 0 -0.0029500
8 4 7 1 -0.0112711
8 4 7 2 -0.0068359
8 4 7 3 -0.0086314
8 4 7 4 -0.0053661
8 4 7 5 -0.0103965
8 4 7 6 -0.0090887
8 4 7 7 0.0300871
8 4 8 0 -0.0000422
8 4 8 1 0.0198372
8 4 8 2 -0.0280462
8 4 8 3 -0.0011558
8 4 8 4 0.0421843
8 4 8 5 -0.0008628
8 4 8 6 0.0183231
8 4 8 7 -0.0092465
8 4 8 8 0.0118820
8 5 0 0 0.0009563
8 5 1 0 -0.0003026
8 5 1 1 0.0017379
8 5 2 0 -0.0001201
8 5 2 1 -0.0013650
8 5 2 2 0.0011605
8 5 3 0 0.0013440
8 5 3 1 0.0064670
8 5 3 2 0.0030908
8 5 3 3 0.0037562
8 5 4 0 0.0002563
8 5 4 1 0.0004866
8 5 4 2 0.0012951
8 5 4 3 0.0018734
8 5 4 4 0.0004705
8 5 5 0 0.0009593
8 5 5 1 -0.0045751
8 5 5 2 0.0040831
8 5 5 3 -0.0014876
8 5 5 4 -0.0039280
8 5 5 5 -0.0205884
8 5 6 0 -0.0011964
8 5 6 1 -0.0021397
8 5 6 2 -0.0001640
8 5 6 3 -0.0021742
8 5 6 4 0.0021563
8 5 6 5 0.0018486
8 5 6 6 -0.0025304
8 5 7 0 -0.0013122
8 5 7 1 -0.0015165
8 5 7 2 0.0046649
8 5 7 3 0.0032213
8 5 7 4 0.0013712
8 5 7 5 -0.0052359
8 5 7 6 -0.0023261
8 5 7 7 0.0065375
8 5 8 0 0.0009357
8 5 8 1 -0.0000674
8 5 8 2 0.0014454
8 5 8 3 0.0010554
8 5 8 4 -0.0008628
8 5 8 5 0.0105458
8 5 8 6 -0.0019584
8 5 8 7 -0.0016365
8 5 8 8 0.0022351
8 6 0 0 -0.0050071
8 6 1 0 -0.0023278
8 6 1 1 -0.0070559
8 6 2 0 -0.0000210
8 6 2 1 0.0143490
8 6 2 2 -0.0152549
8 6 3 0 -0.0034899
8 6 3 1 -0.0180610
8 6 3 2 -0.0063765
8 6 3 3 0.0139960
8 6 4 0 0.0096475
8 6 4 1 0.0326846
8 6 4 2 0.0082897
8 6 4 3 -0.0054194
8 6 4 4 -0.0059813
8 6 5 0 0.0013881
8 6 5 1 -0.0031439
8 6 5 2 0.0015701
8 6 5 3 -0.0043399
8 6 5 4 0.0027444
8 6 5 5 -0.0140679
8 6 6 0 0.0060814
8 6 6 1 0.0032073
8 6 6 2 -0.0206698
8 6 6 3 0.0137355
8 6 6 4 0.0023797
8 6 6 5 -0.0030101
8 6 6 6 0.0232849
8 6 7 0 0.0044263
8 6 7 1 0.0106888
8 6 7 2 -0.0034215
8 6 7 3 0.0108357
8 6 7 4 -0.0093255
8 6 7 5 -0.0035867
8 6 7 6 0.0028955
8 6 7 7 -0.0033273
8 6 8 0 0.0021686
8 6 8 1 0.0090648
8 6 8 2 -0.0058343
8 6 8 3 -0.0081388
8 6 8 4 0.0183231
8 6 8 5 -0.0019584
8 6 8 6 0.0290438
8 6 8 7 0.0014627
8 6 8 8 -0.0174855
8 7 0 0 0.0003865
8 7 1 0 0.0011418
8 7 1 1 0.0021869
8 7 2 0 0.0001960
8 7 2 1 -0.0080753
8 7 2 2 0.0127169
8 7 3 0 -0.0079242
8 7 3 1 -0.0457426
8 7 3 2 -0.0097531
8 7 3 3 -0.0137558
8 7 4 0 -0.0042221
8 7 4 1 -0.0139524
8 7 4 2 -0.0037984
8 7 4 3 -0.0109217
8 7 4 4 0.0029348
8 7 5 0 -0.0027292
8 7 5 1 -0.0036528
8 7 5 2 0.0099633
8 7 5 3 0.0070586
8 7 5 4 0.0008730
8 7 5 5 -0.0041591
8 7 6 0 0.0042991
8 7 6 1 0.0107639
8 7 6 2 -0.0048654
8 7 6 3 0.0102037
8 7 6 4 -0.0093119
8 7 6 5 -0.0011992
8 7 6 6 0.0122960
8 7 7 0 0.0123897
8 7 7 1 0.0160197
8 7 7 2 -0.0212308
8 7 7 3 -0.0197733
8 7 7 4 -0.0121978
8 7 7 5 0.0090719
8 7 7 6 0.0182377
8 7 7 7 -0.0250560
8 7 8 0 -0.0018018
8 7 8 1 -0.0069906
8 7 8 2 0.0099894
8 7 8 3 -0.0136201
8 7 8 4 -0.0092465
8 7 8 5 -0.0016365
8 7 8 6 0.0014627
8 7 8 7 0.0364576
8 7 8 8 0.0144551
8 8 0 0 0.7378337
8 8 1 0 -0.0123726
8 8 1 1 0.5036008
8 8 2 0 -0.0131219
8 8 2 1 -0.1143894
8 8 2 2 0.5552928
8 8 3 0 -0.0003615
8 8 3 1 -0.0059731
8 8 3 2 0.0111897
8 8 3 3 0.4196045
8 8 4 0 0.0119391
8 8 4 1 0.0142520
8 8 4 2 -0.0393788
8 8 4 3 0.0003474
8 8 4 4 0.4986732
8 8 5 0 -0.0005842
8 8 5 1 0.0008386
8 8 5 2 0.0099927
8 8 5 3 0.0124517
8 8 5 4 -0.0040959
8 8 5 5 0.3646008
8 8 6 0 -0.0130378
8 8 6 1 0.0455113
8 8 6 2 0.0362591
8 8 6 3 -0.0457447
8 8 6 4 0.0639523
8 8 6 5 -0.0064347
8 8 6 6 0.4417605
8 8 7 0 0.0048162
8 8 7 1 -0.0256189
8 8 7 2 -0.0038852
8 8 7 3 -0.0941247
8 8 7 4 -0.0283712
8 8 7 5 -0.0148511
8 8 7 6 0.0110521
8 8 7 7 0.4639707
8 8 8 0 0.0091036
8 8 8 1 0.0393839
8 8 8 2 0.0312329
8 8 8 3 0.0081613
8 8 8 4 0.0118820
8 8 8 5 0.0022351
8 8 8 6 -0.0174855
8 8 8 7 0.0144551
8 8 8 8 0.6578070
9 0 0 0 -0.0000595
9 0 1 0 0.0000313
9 0 1 1 0.0000211
9 0 2 0 -0.0000747
9 0 2 1 -0.0001821
9 0 2 2 -0.0000442
9 0 3 0 0.0002682
9 0 3 1 0.0006103
9 0 3 2 0.0000752
9 0 3 3 -0.0001384
9 0 4 0 -0.0003212
9 0 4 1 -0.0005674
9 0 4 2 0.0000702
9 0 4 3 0.0000761
9 0 4 4 0.0000699
9 0 5 0 0.0000756
9 0 5 1 0.0000689
9 0 5 2 -0.0000557
9 0 5 3 0.0000103
9 0 5 4 -0.0001043
9 0 5 5 -0.0001836
9 0 6 0 -0.0004269
9 0 6 1 -0.0004625
9 0 6 2 0.0001864
9 0 6 3 -0.0000301
9 0 6 4 -0.0000479
9 0 6 5 0.0000051
9 0 6 6 -0.0005093
9 0 7 0 -0.0003338
9 0 7 1 -0.0003811
9 0 7 2 0.0001957
9 0 7 3 -0.0000338
9 0 7 4 0.0002262
9 0 7 5 -0.0000872
9 0 7 6 -0.0000503
9 0 7 7 0.0001324
9 0 8 0 -0.0000345
9 0 8 1 -0.0000120
9 0 8 2 -0.0000653
9 0 8 3 0.0002893
9 0 8 4 -0.0003712
9 0 8 5 0.0001206
9 0 8 6 -0.0004833
9 0 8 7 -0.0003306
9 0 8 8 -0.0001053
9 0 9 0 0.0000251
9 0 9 1 0.0001383
9 0 9 2 -0.0000603
9 0 9 3 -0.0000250
9 0 9 4 0.0000120
9 0 9 5 -0.0000949
9 0 9 6 -0.0000224
9 0 9 7 -0.0000177
9 0 9 8 0.0002204
9 0 9 9 0.0000058
9 1 0 0 0.0019186
9 1 1 0 0.0001216
9 1 1 1 0.0018382
9 1 2 0 -0.0004634
9 1 2 1 -0.0045268
9 1 2 2 0.0011501
9 1 3 0 0.0014769
9 1 3 1 0.0127253
9 1 3 2 0.0023480
9 1 3 3 -0.0020479
9 1 4 0 -0.0016456
9 1 4 1 -0.0097473
9 1 4 2 0.0009849
9 1 4 3 0.0034341
9 1 4 4 0.0015511
9 1 5 0 0.0003328
9 1 5 1 0.0021256
9 1 5 2 -0.0036548
9 1 5 3 -0.0001690
9 1 5 4 -0.0002883
9 1 5 5 0.0030939
9 1 6 0 -0.0021901
9 1 6 1 -0.0057970
9 1 6 2 0.0065489
9 1 6 3 -0.0054267
9 1 6 4 0.0016309
9 1 6 5 0.0011360
9 1 6 6 -0.0080693
9 1 7 0 -0.0016850
9 1 7 1 -0.0048767
9 1 7 2 0.0045379
9 1 7 3 0.0001292
9 1 7 4 0.0038483
9 1 7 5 -0.0006909
9 1 7 6 -0.0017426
9 1 7 7 0.0041824
9 1 8 0 -0.0001075
9 1 8 1 0.0001703
9 1 8 2 -0.0009980
9 1 8 3 0.0045505
9 1 8 4 -0.0061165
9 1 8 5 -0.0011378
9 1 8 6 -0.0070723
9 1 8 7 -0.0058283
9 1 8 8 0.0010150
9 1 9 0 0.0001383
9 1 9 1 0.0105042
9 1 9 2 -0.0147490
9 1 9 3 -0.0013262
9 1 9 4 0.0043803
9 1 9 5 0.0013145
9 1 9 6 0.0011229
9 1 9 7 -0.0018115
9 1 9 8 -0.0152555
9 1 9 9 0.0007571
9 2 0 0 -0.0063700
9 2 1 0 -0.0000727
9 2 1 1 -0.0047743
9 2 2 0 0.0003596
9 2 2 1 0.0023311
9 2 2 2 -0.0029574
9 2 3 0 -0.0011482
9 2 3 1 -0.0089964
9 2 3 2 0.0007941
9 2 3 3 -0.0015749
9 2 4 0 0.0014119
9 2 4 1 0.0090607
9 2 4 2 -0.0030137
9 2 4 3 -0.0020692
9 2 4 4 -0.0043176
9 2 5 0 -0.0003530
9 2 5 1 -0.0032804
9 2 5 2 0.0046794
9 2 5 3 0.0005046
9 2 5 4 -0.0007772
9 2 5 5 -0.0007174
9 2 6 0 0.0018084
9 2 6 1 0.0063175
9 2 6 2 -0.0072750
9 2 6 3 0.0032272
9 2 6 4 -0.0007948
9 2 6 5 -0.0009306
9 2 6 6 0.0004693
9 2 7 0 0.0012706
9 2 7 1 0.0049812
9 2 7 2 -0.0033664
9 2 7 3 0.0006652
9 2 7 4 -0.0022310
9 2 7 5 0.0016652
9 2 7 6 -0.0000032
9 2 7 7 -0.0049749
9 2 8 0 0.0001454
9 2 8 1 -0.0020725
9 2 8 2 0.0044627
9 2 8 3 -0.0050597
9 2 8 4 0.0058073
9 2 8 5 0.0032295
9 2 8 6 0.0060683
9 2 8 7 0.0061932
9 2 8 8 0.0006529
9 2 9 0 -0.0000603
9 2 9 1 -0.0147490
9 2 9 2 0.0234462
9 2 9 3 0.0007769
9 2 9 4 -0.0058240
9 2 9 5 -0.0029516
9 2 9 6 -0.0019690
9 2 9 7 0.0031855
9 2 9 8 0.0272110
9 2 9 9 0.0067929
9 3 0 0 0.0208851
9 3 1 0 -0.0001756
9 3 1 1 0.0128872
9 3 2 0 -0.0000063
9 3 2 1 0.0051338
9 3 2 2 0.0059999
9 3 3 0 -0.0001656
9 3 3 1 -0.0018885
9 3 3 2 -0.0016174
9 3 3 3 0.0158760
9 3 4 0 0.0003320
9 3 4 1 -0.0001559
9 3 4 2 0.0022354
9 3 4 3 -0.0016744
9 3 4 4 0.0133623
9 3 5 0 0.0001405
9 3 5 1 0.0000710
9 3 5 2 0.0007042
9 3 5 3 -0.0013077
9 3 5 4 -0.0013789
9 3 5 5 -0.0177220
9 3 6 0 0.0001347
9 3 6 1 0.0004224
9 3 6 2 0.0012635
9 3 6 3 -0.0000208
9 3 6 4 -0.0001468
9 3 6 5 -0.0006534
9 3 6 6 0.0169009
9 3 7 0 0.0002975
9 3 7 1 0.0002044
9 3 7 2 -0.0021712
9 3 7 3 -0.0032697
9 3 7 4 -0.0001616
9 3 7 5 -0.0081834
9 3 7 6 0.0018251
9 3 7 7 0.0127237
9 3 8 0 0.0000211
9 3 8 1 0.0082087
9 3 8 2 -0.0125497
9 3 8 3 -0.0013124
9 3 8 4 0.0047251
9 3 8 5 0.0000089
9 3 8 6 0.0030489
9 3 8 7 -0.0011456
9 3 8 8 -0.0026408
9 3 9 0 -0.0000250
9 3 9 1 -0.0013262
9 3 9 2 0.0007769
9 3 9 3 0.0043806
9 3 9 4 -0.0037980
9 3 9 5 -0.0006875
9 3 9 6 -0.0025928
9 3 9 7 -0.0023762
9 3 9 8 0.0017644
9 3 9 9 -0.0254778
9 4 0 0 -0.0199627
9 4 1 0 0.0002038
9 4 1 1 -0.0108649
9 4 2 0 0.0000421
9 4 2 1 -0.0044949
9 4 2 2 -0.0045536
9 4 3 0 0.0003317
9 4 3 1 0.0038001
9 4 3 2 0.0016216
9 4 3 3 -0.0111156
9 4 4 0 -0.0004442
9 4 4 1 -0.0001666
9 4 4 2 -0.0019350
9 4 4 3 0.0026928
9 4 4 4 -0.0148220
9 4 5 0 0.0000245
9 4 5 1 -0.0002183
9 4 5 2 -0.0012979
9 4 5 3 0.0001251
9 4 5 4 0.0010344
9 4 5 5 0.0109361
9 4 6 0 -0.0002677
9 4 6 1 -0.0020967
9 4 6 2 -0.0008578
9 4 6 3 -0.0010081
9 4 6 4 -0.0018084
9 4 6 5 0.0008633
9 4 6 6 -0.0155192
9 4 7 0 -0.0004533
9 4 7 1 -0.0000823
9 4 7 2 0.0034907
9 4 7 3 0.0031682
9 4 7 4 0.0007311
9 4 7 5 0.0052568
9 4 7 6 -0.0014173
9 4 7 7 -0.0087520
9 4 8 0 -0.0000926
9 4 8 1 -0.0084431
9 4 8 2 0.0120719
9 4 8 3 0.0022968
9 4 8 4 -0.0060456
9 4 8 5 -0.0004778
9 4 8 6 -0.0040959
9 4 8 7 0.0000254
9 4 8 8 0.0033461
9 4 9 0 0.0000120
9 4 9 1 0.0043803
9 4 9 2 -0.0058240
9 4 9 3 -0.0037980
9 4 9 4 0.0063402
9 4 9 5 0.0026541
9 4 9 6 0.0034166
9 4 9 7 0.0013589
9 4 9 8 -0.0083852
9 4 9 9 0.0254952
9 5 0 0 0.0185055
9 5 1 0 -0.0000323
9 5 1 1 0.0162221
9 5 2 0 -0.0006830
9 5 2 1 -0.0101717
9 5 2 2 0.0226400
9 5 3 0 -0.0001734
9 5 3 1 -0.0031138
9 5 3 2 0.0006285
9 5 3 3 0.0089596
9 5 4 0 -0.0001782
9 5 4 1 -0.0019578
9 5 4 2 -0.0025926
9 5 4 3 -0.0013942
9 5 4 4 0.0138796
9 5 5 0 -0.0002525
9 5 5 1 -0.0021542
9 5 5 2 0.0041809
9 5 5 3 -0.0036327
9 5 5 4 -0.0024422
9 5 5 5 -0.0319490
9 5 6 0 -0.0006599
9 5 6 1 0.0010161
9 5 6 2 0.0008149
9 5 6 3 -0.0016180
9 5 6 4 0.0025498
9 5 6 5 -0.0001962
9 5 6 6 0.0106965
9 5 7 0 0.0004915
9 5 7 1 -0.0011851
9 5 7 2 0.0004095
9 5 7 3 -0.0074519
9 5 7 4 -0.0021853
9 5 7 5 -0.0087064
9 5 7 6 0.0025677
9 5 7 7 0.0090837
9 5 8 0 0.0005952
9 5 8 1 -0.0016940
9 5 8 2 0.0079591
9 5 8 3 0.0009440
9 5 8 4 -0.0039955
9 5 8 5 0.0029257
9 5 8 6 -0.0031178
9 5 8 7 0.0037876
9 5 8 8 0.0307022
9 5 9 0 -0.0000949
9 5 9 1 0.0013145
9 5 9 2 -0.0029516
9 5 9 3 -0.0006875
9 5 9 4 0.0026541
9 5 9 5 0.0190071
9 5 9 6 0.0011472
9 5 9 7 0.0043134
9 5 9 8 -0.0064016
9 5 9 9 0.0337118
9 6 0 0 -0.0227682
9 6 1 0 0.0002475
9 6 1 1 -0.0126149
9 6 2 0 0.0004294
9 6 2 1 0.0015144
9 6 2 2 -0.0094493
9 6 3 0 0.0000223
9 6 3 1 -0.0017405
9 6 3 2 -0.0010154
9 6 3 3 -0.0099957
9 6 4 0 -0.0003782
9 6 4 1 0.0012047
9 6 4 2 -0.0000461
9 6 4 3 -0.0003619
9 6 4 4 -0.0137418
9 6 5 0 0.0003305
9 6 5 1 -0.0001985
9 6 5 2 -0.0001216
9 6 5 3 -0.0001054
9 6 5 4 0.0011929
9 6 5 5 0.0060898
9 6 6 0 0.0003782
9 6 6 1 -0.0022584
9 6 6 2 -0.0037720
9 6 6 3 0.0042969
9 6 6 4 -0.0039644
9 6 6 5 0.0000539
9 6 6 6 -0.0098031
9 6 7 0 -0.0000791
9 6 7 1 0.0005658
9 6 7 2 0.0004986
9 6 7 3 0.0041553
9 6 7 4 -0.0001696
9 6 7 5 0.0047937
9 6 7 6 -0.0000892
9 6 7 7 -0.0121567
9 6 8 0 -0.0004375
9 6 8 1 -0.0071135
9 6 8 2 0.0078765
9 6 8 3 0.0009480
9 6 8 4 -0.0034973
9 6 8 5 -0.0004975
9 6 8 6 -0.0008454
9 6 8 7 0.0013122
9 6 8 8 -0.0061872
9 6 9 0 -0.0000224
9 6 9 1 0.0011229
9 6 9 2 -0.0019690
9 6 9 3 -0.0025928
9 6 9 4 0.0034166
9 6 9 5 0.0011472
9 6 9 6 0.0027755
9 6 9 7 0.0015108
9 6 9 8 -0.0041541
9 6 9 9 0.0119573
9 7 0 0 -0.0140451
9 7 1 0 0.0001541
9 7 1 1 -0.0065313
9 7 2 0 0.0002757
9 7 2 1 -0.0007609
9 7 2 2 -0.0019362
9 7 3 0 -0.0001369
9 7 3 1 -0.0014288
9 7 3 2 0.0002702
9 7 3 3 -0.0061471
9 7 4 0 0.0001652
9 7 4 1 0.0029578
9 7 4 2 -0.0007099
9 7 4 3 -0.0000420
9 7 4 4 -0.0068351
9 7 5 0 0.0002036
9 7 5 1 -0.0013518
9 7 5 2 0.0014413
9 7 5 3 -0.0014300
9 7 5 4 -0.0000450
9 7 5 5 -0.0025130
9 7 6 0 0.0005657
9 7 6 1 0.0001292
9 7 6 2 -0.0029562
9 7 6 3 0.0023654
9 7 6 4 -0.0009568
9 7 6 5 0.0002582
9 7 6 6 -0.0052344
9 7 7 0 0.0000885
9 7 7 1 0.0007089
9 7 7 2 0.0009276
9 7 7 3 0.0036826
9 7 7 4 -0.0008923
9 7 7 5 0.0018427
9 7 7 6 -0.0013879
9 7 7 7 -0.0074236
9 7 8 0 -0.0001293
9 7 8 1 -0.0061644
9 7 8 2 0.0088618
9 7 8 3 0.0000422
9 7 8 4 -0.0018428
9 7 8 5 0.0014945
9 7 8 6 -0.0001552
9 7 8 7 0.0019976
9 7 8 8 0.0032057
9 7 9 0 -0.0000177
9 7 9 1 -0.0018115
9 7 9 2 0.0031855
9 7 9 3 -0.0023762
9 7 9 4 0.0013589
9 7 9 5 0.0043134
9 7 9 6 0.0015108
9 7 9 7 0.0033794
9 7 9 8 0.0029132
9 7 9 9 0.0184713
9 8 0 0 -0.0026466
9 8 1 0 0.0000169
9 8 1 1 -0.0021343
9 8 2 0 0.0001012
9 8 2 1 0.0023558
9 8 2 2 -0.0020880
9 8 3 0 -0.0001309
9 8 3 1 -0.0043217
9 8 3 2 -0.0013277
9 8 3 3 -0.0000850
9 8 4 0 0.0000838
9 8 4 1 0.0027828
9 8 4 2 0.0002704
9 8 4 3 -0.0015513
9 8 4 4 -0.0019762
9 8 5 0 0.0000223
9 8 5 1 -0.0026330
9 8 5 2 0.0048905
9 8 5 3 0.0002936
9 8 5 4 -0.0024190
9 8 5 5 -0.0090345
9 8 6 0 0.0001832
9 8 6 1 0.0012981
9 8 6 2 -0.0035533
9 8 6 3 0.0033958
9 8 6 4 -0.0016853
9 8 6 5 -0.0016668
9 8 6 6 0.0016182
9 8 7 0 0.0000968
9 8 7 1 0.0008869
9 8 7 2 -0.0012154
9 8 7 3 -0.0002280
9 8 7 4 -0.0013215
9 8 7 5 -0.0010661
9 8 7 6 0.0006214
9 8 7 7 -0.0026721
9 8 8 0 -0.0000696
9 8 8 1 0.0000898
9 8 8 2 0.0001117
9 8 8 3 -0.0027130
9 8 8 4 0.0036468
9 8 8 5 0.0059418
9 8 8 6 0.0024159
9 8 8 7 0.0033128
9 8 8 8 -0.0032638
9 8 9 0 0.0002204
9 8 9 1 -0.0152555
9 8 9 2 0.0272110
9 8 9 3 0.0017644
9 8 9 4 -0.0083852
9 8 9 5 -0.0064016
9 8 9 6 -0.0041541
9 8 9 7 0.0029132
9 8 9 8 0.0403140
9 8 9 9 -0.0017569
9 9 0 0 0.3507840
9 9 1 0 -0.0001047
9 9 1 1 0.3490870
9 9 2 0 -0.0065204
9 9 2 1 -0.1136562
9 9 2 2 0.4231070
9 9 3 0 -0.0004511
9 9 3 1 -0.0099706
9 9 3 2 0.0089780
9 9 3 3 0.2880017
9 9 4 0 0.0030398
9 9 4 1 0.0217891
9 9 4 2 -0.0363529
9 9 4 3 -0.0043770
9 9 4 4 0.3277563
9 9 5 0 -0.0009830
9 9 5 1 -0.0041772
9 9 5 2 0.0063859
9 9 5 3 0.0153281
9 9 5 4 0.0042057
9 9 5 5 0.4229652
9 9 6 0 -0.0045165
9 9 6 1 0.0154284
9 9 6 2 -0.0016212
9 9 6 3 -0.0220646
9 9 6 4 0.0357489
9 9 6 5 -0.0025544
9 9 6 6 0.2856278
9 9 7 0 0.0025069
9 9 7 1 -0.0124439
9 9 7 2 0.0112983
9 9 7 3 -0.0423424
9 9 7 4 -0.0147886
9 9 7 5 0.0390444
9 9 7 6 0.0105514
9 9 7 7 0.3090841
9 9 8 0 0.0069768
9 9 8 1 -0.0320464
9 9 8 2 0.1161739
9 9 8 3 0.0096470
9 9 8 4 -0.0296584
9 9 8 5 0.0034785
9 9 8 6 -0.0257880
9 9 8 7 0.0233534
9 9 8 8 0.5355863
9 9 9 0 0.0000058
9 9 9 1 0.0007571
9 9 9 2 0.0067929
9 9 9 3 -0.0254778
9 9 9 4 0.0254952
9 9 9 5 0.0337118
9 9 9 6 0.0119573
9 9 9 7 0.0184713
9 9 9 8 -0.0017569
9 9 9 9 0.6728328
10 0 0 0 -0.0000816
10 0 1 0 0.0000402
10 0 1 1 0.0000138
10 0 2 0 -0.0000516
10 0 2 1 -0.0001392
10 0 2 2 -0.0000426
10 0 3 0 -0.0002309
10 0 3 1 -0.0005160
10 0 3 2 -0.0000300
10 0 3 3 -0.0001950
10 0 4 0 -0.0004152
10 0 4 1 -0.0007183
10 0 4 2 0.0001103
10 0 4 3 -0.0000097
10 0 4 4 0.0001148
10 0 5 0 -0.0000619
10 0 5 1 -0.0000390
10 0 5 2 0.0000247
10 0 5 3 0.0000847
10 0 5 4 0.0000145
10 0 5 5 0.0003670
10 0 6 0 -0.0000934
10 0 6 1 -0.0000866
10 0 6 2 -0.0000018
10 0 6 3 -0.0000645
10 0 6 4 -0.0002650
10 0 6 5 -0.0000420
10 0 6 6 -0.0001720
10 0 7 0 0.0004566
10 0 7 1 0.0005044
10 0 7 2 -0.0002031
10 0 7 3 -0.0001283
10 0 7 4 -0.0000349
10 0 7 5 0.0001523
10 0 7 6 0.0003061
10 0 7 7 -0.0002023
10 0 8 0 -0.0000873
10 0 8 1 -0.0000700
10 0 8 2 -0.0000125
10 0 8 3 -0.0002448
10 0 8 4 -0.0004785
10 0 8 5 -0.0001548
10 0 8 6 -0.0001618
10 0 8 7 0.0004906
10 0 8 8 -0.0002135
10 0 9 0 0.0000002
10 0 9 1 -0.0000004
10 0 9 2 -0.0000024
10 0 9 3 -0.0000131
10 0 9 4 -0.0000003
10 0 9 5 -0.0000796
10 0 9 6 0.0000098
10 0 9 7 -0.0000279
10 0 9 8 0.0000044
10 0 9 9 -0.0000000
10 0 10 0 0.0000252
10 0 10 1 0.0001430
10 0 10 2 -0.0000713
10 0 10 3 0.0000068
10 0 10 4 0.0000209
10 0 10 5 0.0000173
10 0 10 6 -0.0000045
10 0 10 7 0.0000289
10 0 10 8 0.0002108
10 0 10 9 -0.0000003
10 0 10 10 0.0000050
10 1 0 0 0.0010096
10 1 1 0 0.0001539
10 1 1 1 0.0004762
10 1 2 0 -0.0003048
10 1 2 1 -0.0027634
10 1 2 2 -0.0004528
10 1 3 0 -0.0012637
10 1 3 1 -0.0106554
10 1 3 2 -0.0008073
10 1 3 3 -0.0045315
10 1 4 0 -0.0021236
10 1 4 1 -0.0124793
10 1 4 2 0.0028815
10 1 4 3 -0.0016645
10 1 4 4 0.0011907
10 1 5 0 -0.0003685
10 1 5 1 -0.0025949
10 1 5 2 0.0056733
10 1 5 3 0.0018735
10 1 5 4 -0.0007471
10 1 5 5 -0.0059311
10 1 6 0 -0.0004727
10 1 6 1 -0.0008555
10 1 6 2 0.0009065
10 1 6 3 0.0011485
10 1 6 4 -0.0026107
10 1 6 5 -0.0017436
10 1 6 6 -0.0011302
10 1 7 0 0.0022826
10 1 7 1 0.0058885
10 1 7 2 -0.0049768
10 1 7 3 -0.0060020
10 1 7 4 -0.0022877
10 1 7 5 0.0005172
10 1 7 6 0.0045946
10 1 7 7 -0.0044594
10 1 8 0 -0.0004009
10 1 8 1 0.0001794
10 1 8 2 -0.0015198
10 1 8 3 -0.0035345
10 1 8 4 -0.0068148
10 1 8 5 0.0033729
10 1 8 6 -0.0018714
10 1 8 7 0.0085204
10 1 8 8 -0.0036606
10 1 9 0 -0.0000004
10 1 9 1 -0.0000989
10 1 9 2 -0.0002576
10 1 9 3 0.0001165
10 1 9 4 -0.0001792
10 1 9 5 0.0019879
10 1 9 6 0.0001993
10 1 9 7 0.0000042
10 1 9 8 -0.0000964
10 1 9 9 -0.0013707
10 1 10 0 0.0001430
10 1 10 1 0.0102059
10 1 10 2 -0.0145937
10 1 10 3 -0.0007885
10 1 10 4 0.0038591
10 1 10 5 -0.0017512
10 1 10 6 0.0021381
10 1 10 7 -0.0010943
10 1 10 8 -0.0147377
10 1 10 9 -0.0000595
10 1 10 10 -0.0016375
10 2 0 0 -0.0029536
10 2 1 0 -0.0001203
10 2 1 1 -0.0017216
10 2 2 0 0.0001925
10 2 2 1 0.0005408
10 2 2 2 0.0011285
10 2 3 0 0.0009854
10 2 3 1 0.0078027
10 2 3 2 -0.0012307
10 2 3 3 0.0013723
10 2 4 0 0.0018713
10 2 4 1 0.0119366
10 2 4 2 -0.0052593
10 2 4 3 0.0007909
10 2 4 4 -0.0017437
10 2 5 0 0.0001836
10 2 5 1 0.0044152
10 2 5 2 -0.0083222
10 2 5 3 -0.0008899
10 2 5 4 0.0019322
10 2 5 5 0.0129308
10 2 6 0 0.0004323
10 2 6 1 0.0011342
10 2 6 2 -0.0021080
10 2 6 3 -0.0005629
10 2 6 4 0.0017495
10 2 6 5 0.0017575
10 2 6 6 -0.0002331
10 2 7 0 -0.0018677
10 2 7 1 -0.0060503
10 2 7 2 0.0049840
10 2 7 3 0.0043124
10 2 7 4 0.0013887
10 2 7 5 0.0022017
10 2 7 6 -0.0025068
10 2 7 7 0.0006192
10 2 8 0 0.0004379
10 2 8 1 -0.0018184
10 2 8 2 0.0048799
10 2 8 3 0.0042284
10 2 8 4 0.0065357
10 2 8 5 -0.0072910
10 2 8 6 0.0012701
10 2 8 7 -0.0083903
10 2 8 8 0.0074076
10 2 9 0 -0.0000029
10 2 9 1 -0.0002280
10 2 9 2 0.0008636
10 2 9 3 -0.0007209
10 2 9 4 0.0006900
10 2 9 5 -0.0033424
10 2 9 6 0.0001468
10 2 9 7 -0.0000519
10 2 9 8 0.0005398
10 2 9 9 0.0076226
10 2 10 0 -0.0000713
10 2 10 1 -0.0145937
10 2 10 2 0.0233148
10 2 10 3 0.0018639
10 2 10 4 -0.0053323
10 2 10 5 0.0010320
10 2 10 6 -0.0035556
10 2 10 7 0.0016369
10 2 10 8 0.0267667
10 2 10 9 0.0008932
10 2 10 10 0.0089839
10 3 0 0 -0.0189335
10 3 1 0 0.0001318
10 3 1 1 -0.0121126
10 3 2 0 0.0001137
10 3 2 1 -0.0028189
10 3 2 2 -0.0065559
10 3 3 0 -0.0000311
10 3 3 1 -0.0012563
10 3 3 2 -0.0008467
10 3 3 3 -0.0138066
10 3 4 0 -0.0000485
10 3 4 1 0.0016317
10 3 4 2 -0.0017004
10 3 4 3 -0.0019582
10 3 4 4 -0.0122882
10 3 5 0 -0.0001208
10 3 5 1 0.0007140
10 3 5 2 -0.0007221
10 3 5 3 0.0017348
10 3 5 4 0.0016505
10 3 5 5 0.0184503
10 3 6 0 0.0001788
10 3 6 1 -0.0007409
10 3 6 2 -0.0023549
10 3 6 3 0.0018471
10 3 6 4 -0.0001598
10 3 6 5 0.0000009
10 3 6 6 -0.0114774
10 3 7 0 -0.0001361
10 3 7 1 -0.0012013
10 3 7 2 0.0008699
10 3 7 3 0.0025688
10 3 7 4 0.0007631
10 3 7 5 0.0085134
10 3 7 6 0.0002167
10 3 7 7 -0.0136178
10 3 8 0 -0.0000448
10 3 8 1 -0.0066714
10 3 8 2 0.0099474
10 3 8 3 0.0007418
10 3 8 4 -0.0028866
10 3 8 5 -0.0005434
10 3 8 6 -0.0014507
10 3 8 7 0.0013742
10 3 8 8 -0.0001792
10 3 9 0 -0.0000067
10 3 9 1 -0.0000650
10 3 9 2 0.0005139
10 3 9 3 -0.0028581
10 3 9 4 0.0017322
10 3 9 5 -0.0002187
10 3 9 6 0.0016448
10 3 9 7 0.0016517
10 3 9 8 -0.0002585
10 3 9 9 0.0153217
10 3 10 0 0.0000068
10 3 10 1 -0.0007885
10 3 10 2 0.0018639
10 3 10 3 0.0032781
10 3 10 4 0.0029290
10 3 10 5 0.0005002
10 3 10 6 -0.0000902
10 3 10 7 -0.0023633
10 3 10 8 0.0019683
10 3 10 9 -0.0026456
10 3 10 10 0.0190765
10 4 0 0 -0.0285182
10 4 1 0 0.0002625
10 4 1 1 -0.0168629
10 4 2 0 0.0002350
10 4 2 1 -0.0028465
10 4 2 2 -0.0101138
10 4 3 0 -0.0002346
10 4 3 1 -0.0028697
10 4 3 2 -0.0001307
10 4 3 3 -0.0160964
10 4 4 0 -0.0005628
10 4 4 1 -0.0000733
10 4 4 2 -0.0009553
10 4 4 3 -0.0021681
10 4 4 4 -0.0211968
10 4 5 0 -0.0000675
10 4 5 1 -0.0014317
10 4 5 2 0.0020696
10 4 5 3 0.0017182
10 4 5 4 0.0007803
10 4 5 5 0.0156050
10 4 6 0 0.0002190
10 4 6 1 -0.0024107
10 4 6 2 -0.0037590
10 4 6 3 0.0022451
10 4 6 4 -0.0030631
10 4 6 5 -0.0006033
10 4 6 6 -0.0165147
10 4 7 0 0.0002316
10 4 7 1 0.0011374
10 4 7 2 0.0008557
10 4 7 3 0.0029495
10 4 7 4 0.0016775
10 4 7 5 0.0089134
10 4 7 6 0.0011080
10 4 7 7 -0.0168082
10 4 8 0 -0.0002867
10 4 8 1 -0.0100690
10 4 8 2 0.0133799
10 4 8 3 -0.0001904
10 4 8 4 -0.0067406
10 4 8 5 0.0022906
10 4 8 6 -0.0027008
10 4 8 7 0.0044287
10 4 8 8 -0.0029985
10 4 9 0 -0.0000006
10 4 9 1 -0.0001201
10 4 9 2 0.0008776
10 4 9 3 -0.0030711
10 4 9 4 0.0036654
10 4 9 5 0.0007003
10 4 9 6 0.0026353
10 4 9 7 0.0016670
10 4 9 8 -0.0001008
10 4 9 9 0.0204297
10 4 10 0 0.0000209
10 4 10 1 0.0038591
10 4 10 2 -0.0053323
10 4 10 3 0.0029290
10 4 10 4 0.0073479
10 4 10 5 -0.0015876
10 4 10 6 0.0020462
10 4 10 7 -0.0042426
10 4 10 8 -0.0069663
10 4 10 9 0.0021001
10 4 10 10 0.0254992
10 5 0 0 -0.0315966
10 5 1 0 0.0000735
10 5 1 1 -0.0287140
10 5 2 0 0.0011022
10 5 2 1 0.0180618
10 5 2 2 -0.0424925
10 5 3 0 0.0005936
10 5 3 1 0.0085406
10 5 3 2 -0.0007614
10 5 3 3 -0.0160960
10 5 4 0 -0.0003438
10 5 4 1 -0.0012019
10 5 4 2 0.0058036
10 5 4 3 0.0026626
10 5 4 4 -0.0250626
10 5 5 0 0.0005062
10 5 5 1 0.0045520
10 5 5 2 -0.0076236
10 5 5 3 0.0060894
10 5 5 4 0.0074866
10 5 5 5 0.0608873
10 5 6 0 0.0005567
10 5 6 1 -0.0041658
10 5 6 2 0.0014816
10 5 6 3 0.0006825
10 5 6 4 -0.0043127
10 5 6 5 0.0017544
10 5 6 6 -0.0209523
10 5 7 0 -0.0011279
10 5 7 1 0.0012608
10 5 7 2 0.0003082
10 5 7 3 0.0123141
10 5 7 4 0.0070525
10 5 7 5 0.0161178
10 5 7 6 -0.0036083
10 5 7 7 -0.0145567
10 5 8 0 -0.0011838
10 5 8 1 0.0045324
10 5 8 2 -0.0178716
10 5 8 3 -0.0006586
10 5 8 4 0.0043675
10 5 8 5 -0.0053453
10 5 8 6 0.0036149
10 5 8 7 -0.0081116
10 5 8 8 -0.0594546
10 5 9 0 -0.0000793
10 5 9 1 0.0019761
10 5 9 2 -0.0040956
10 5 9 3 0.0009603
10 5 9 4 -0.0016969
10 5 9 5 -0.0149069
10 5 9 6 -0.0001442
10 5 9 7 -0.0046500
10 5 9 8 -0.0055697
10 5 9 9 -0.0539811
10 5 10 0 0.0000173
10 5 10 1 -0.0017512
10 5 10 2 0.0010320
10 5 10 3 0.0005002
10 5 10 4 -0.0015876
10 5 10 5 0.0406736
10 5 10 6 -0.0004121
10 5 10 7 0.0106826
10 5 10 8 0.0015150
10 5 10 9 -0.0022627
10 5 10 10 -0.0599948
10 6 0 0 -0.0050870
10 6 1 0 0.0000901
10 6 1 1 -0.0026507
10 6 2 0 0.0000336
10 6 2 1 -0.0000785
10 6 2 2 -0.0025702
10 6 3 0 -0.0001388
10 6 3 1 -0.0002671
10 6 3 2 0.0003775
10 6 3 3 -0.0017349
10 6 4 0 -0.0005162
10 6 4 1 -0.0018949
10 6 4 2 0.0000100
10 6 4 3 0.0003543
10 6 4 4 -0.0040852
10 6 5 0 0.0000496
10 6 5 1 -0.0010338
10 6 5 2 0.0012660
10 6 5 3 -0.0000058
10 6 5 4 -0.0004250
10 6 5 5 -0.0011316
10 6 6 0 -0.0000966
10 6 6 1 -0.0009315
10 6 6 2 -0.0004130
10 6 6 3 -0.0006546
10 6 6 4 -0.0018233
10 6 6 5 -0.0002465
10 6 6 6 -0.0037765
10 6 7 0 0.0002982
10 6 7 1 0.0013378
10 6 7 2 0.0005165
10 6 7 3 0.0002853
10 6 7 4 0.0006018
10 6 7 5 0.0002463
10 6 7 6 0.0005999
10 6 7 7 -0.0015555
10 6 8 0 -0.0001827
10 6 8 1 -0.0016148
10 6 8 2 0.0013296
10 6 8 3 -0.0004395
10 6 8 4 -0.0021785
10 6 8 5 0.0016445
10 6 8 6 -0.0010027
10 6 8 7 0.0014116
10 6 8 8 -0.0022682
10 6 9 0 0.0000074
10 6 9 1 0.0002757
10 6 9 2 -0.0001810
10 6 9 3 -0.0001710
10 6 9 4 0.0009699
10 6 9 5 0.0007064
10 6 9 6 0.0004630
10 6 9 7 0.0000647
10 6 9 8 -0.0002628
10 6 9 9 0.0017156
10 6 10 0 -0.0000045
10 6 10 1 0.0021381
10 6 10 2 -0.0035556
10 6 10 3 -0.0000902
10 6 10 4 0.0020462
10 6 10 5 -0.0004121
10 6 10 6 0.0011626
10 6 10 7 -0.0008629
10 6 10 8 -0.0049871
10 6 10 9 0.0011613
10 6 10 10 0.0023928
10 7 0 0 0.0169184
10 7 1 0 -0.0002445
10 7 1 1 0.0064721
10 7 2 0 -0.0001953
10 7 2 1 0.0032163
10 7 2 2 -0.0003394
10 7 3 0 -0.0000530
10 7 3 1 -0.0003420
10 7 3 2 -0.0011089
10 7 3 3 0.0067044
10 7 4 0 0.0001898
10 7 4 1 -0.0019971
10 7 4 2 0.0015718
10 7 4 3 0.0011216
10 7 4 4 0.0084149
10 7 5 0 -0.0003290
10 7 5 1 0.0019441
10 7 5 2 -0.0019515
10 7 5 3 0.0021145
10 7 5 4 0.0018209
10 7 5 5 0.0063655
10 7 6 0 -0.0002046
10 7 6 1 0.0013233
10 7 6 2 0.0030212
10 7 6 3 -0.0009300
10 7 6 4 0.0006332
10 7 6 5 0.0000903
10 7 6 6 0.0074336
10 7 7 0 0.0001269
10 7 7 1 0.0002685
10 7 7 2 -0.0027262
10 7 7 3 -0.0041776
10 7 7 4 -0.0014132
10 7 7 5 -0.0011875
10 7 7 6 0.0011035
10 7 7 7 0.0076166
10 7 8 0 0.0001399
10 7 8 1 0.0089202
10 7 8 2 -0.0132943
10 7 8 3 -0.0005573
10 7 8 4 0.0045851
10 7 8 5 -0.0028421
10 7 8 6 0.0022675
10 7 8 7 -0.0024181
10 7 8 8 -0.0087245
10 7 9 0 -0.0000326
10 7 9 1 0.0001291
10 7 9 2 -0.0011772
10 7 9 3 0.0027159
10 7 9 4 -0.0024815
10 7 9 5 -0.0041882
10 7 9 6 -0.0017756
10 7 9 7 -0.0029370
10 7 9 8 -0.0010840
10 7 9 9 -0.0241484
10 7 10 0 0.0000289
10 7 10 1 -0.0010943
10 7 10 2 0.0016369
10 7 10 3 -0.0023633
10 7 10 4 -0.0042426
10 7 10 5 0.0106826
10 7 10 6 -0.0008629
10 7 10 7 0.0060306
10 7 10 8 0.0032386
10 7 10 9 0.0006007
10 7 10 10 -0.0287607
10 8 0 0 -0.0024133
10 8 1 0 0.0000423
10 8 1 1 -0.0003532
10 8 2 0 0.0000289
10 8 2 1 -0.0003169
10 8 2 2 0.0019222
10 8 3 0 0.0000995
10 8 3 1 0.0035751
10 8 3 2 0.0003590
10 8 3 3 0.0012160
10 8 4 0 0.0001062
10 8 4 1 0.0043139
10 8 4 2 -0.0018479
10 8 4 3 0.0007583
10 8 4 4 -0.0007345
10 8 5 0 0.0000494
10 8 5 1 0.0045661
10 8 5 2 -0.0096151
10 8 5 3 -0.0000499
10 8 5 4 0.0025040
10 8 5 5 0.0193250
10 8 6 0 0.0000354
10 8 6 1 0.0001207
10 8 6 2 -0.0012422
10 8 6 3 -0.0011117
10 8 6 4 -0.0000179
10 8 6 5 0.0018567
10 8 6 6 -0.0007783
10 8 7 0 -0.0001212
10 8 7 1 -0.0004956
10 8 7 2 0.0010802
10 8 7 3 0.0033891
10 8 7 4 0.0017928
10 8 7 5 0.0031839
10 8 7 6 -0.0008644
10 8 7 7 0.0014600
10 8 8 0 0.0000158
10 8 8 1 -0.0021018
10 8 8 2 0.0042134
10 8 8 3 0.0017636
10 8 8 4 0.0019816
10 8 8 5 -0.0120666
10 8 8 6 -0.0001247
10 8 8 7 -0.0050522
10 8 8 8 0.0051869
10 8 9 0 0.0000046
10 8 9 1 -0.0001009
10 8 9 2 0.0006692
10 8 9 3 -0.0007642
10 8 9 4 0.0002823
10 8 9 5 -0.0055000
10 8 9 6 0.0000290
10 8 9 7 -0.0007522
10 8 9 8 0.0006184
10 8 9 9 0.0054130
10 8 10 0 0.0002108
10 8 10 1 -0.0147377
10 8 10 2 0.0267667
10 8 10 3 0.0019683
10 8 10 4 -0.0069663
10 8 10 5 0.0015150
10 8 10 6 -0.0049871
10 8 10 7 0.0032386
10 8 10 8 0.0391710
10 8 10 9 0.0001779
10 8 10 10 0.0063800
10 9 0 0 0.0000003
10 9 1 0 0.0000013
10 9 1 1 -0.0003858
10 9 2 0 -0.0000013
10 9 2 1 -0.0002895
10 9 2 2 0.0001901
10 9 3 0 -0.0000078
10 9 3 1 -0.0003800
10 9 3 2 -0.0000549
10 9 3 3 -0.0030337
10 9 4 0 0.0000007
10 9 4 1 -0.0004352
10 9 4 2 0.0006227
10 9 4 3 -0.0008026
10 9 4 4 0.0027124
10 9 5 0 -0.0000538
10 9 5 1 -0.0000253
10 9 5 2 -0.0000102
10 9 5 3 -0.0012273
10 9 5 4 -0.0014101
10 9 5 5 -0.0202639
10 9 6 0 0.0000124
10 9 6 1 0.0004996
10 9 6 2 0.0003888
10 9 6 3 0.0007062
10 9 6 4 0.0017918
10 9 6 5 -0.0000197
10 9 6 6 0.0000438
10 9 7 0 -0.0000292
10 9 7 1 -0.0008749
10 9 7 2 -0.0002362
10 9 7 3 0.0005792
10 9 7 4 -0.0008078
10 9 7 5 -0.0045997
10 9 7 6 -0.0006144
10 9 7 7 -0.0036212
10 9 8 0 0.0000093
10 9 8 1 0.0001588
10 9 8 2 0.0001780
10 9 8 3 -0.0000906
10 9 8 4 0.0003348
10 9 8 5 -0.0008696
10 9 8 6 0.0001269
10 9 8 7 -0.0000753
10 9 8 8 0.0002330
10 9 9 0 0.0000013
10 9 9 1 -0.0001369
10 9 9 2 0.0007701
10 9 9 3 0.0017988
10 9 9 4 0.0024942
10 9 9 5 -0.0041860
10 9 9 6 0.0002219
10 9 9 7 -0.0025586
10 9 9 8 0.0005338
10 9 9 9 -0.0000000
10 9 10 0 -0.0000003
10 9 10 1 -0.0000595
10 9 10 2 0.0008932
10 9 10 3 -0.0026456
10 9 10 4 0.0021001
10 9 10 5 -0.0022627
10 9 10 6 0.0011613
10 9 10 7 0.0006007
10 9 10 8 0.0001779
10 9 10 9 0.0362686
10 9 10 10 -0.0000000
10 10 0 0 0.3507843
10 10 1 0 -0.0001003
10 10 1 1 0.3488679
10 10 2 0 -0.0065282
10 10 2 1 -0.1139731
10 10 2 2 0.4228423
10 10 3 0 -0.0004232
10 10 3 1 -0.0080557
10 10 3 2 0.0110135
10 10 3 3 0.2872222
10 10 4 0 0.0030463
10 10 4 1 0.0214363
10 10 4 2 -0.0365807
10 10 4 3 0.0020728
10 10 4 4 0.3288664
10 10 5 0 -0.0009110
10 10 5 1 -0.0045092
10 10 5 2 0.0059268
10 10 5 3 0.0174362
10 10 5 4 0.0047462
10 10 5 5 0.4520806
10 10 6 0 -0.0044855
10 10 6 1 0.0174046
10 10 6 2 -0.0015581
10 10 6 3 -0.0224181
10 10 6 4 0.0353580
10 10 6 5 -0.0024202
10 10 6 6 0.2817176
10 10 7 0 0.0025603
10 10 7 1 -0.0098299
10 10 7 2 0.0105260
10 10 7 3 -0.0410419
10 10 7 4 -0.0179934
10 10 7 5 0.0458026
10 10 7 6 0.0074214
10 10 7 7 0.3130694
10 10 8 0 0.0069730
10 10 8 1 -0.0319667
10 10 8 2 0.1161593
10 10 8 3 0.0096185
10 10 8 4 -0.0290898
10 10 8 5 0.0047022
10 10 8 6 -0.0258889
10 10 8 7 0.0230012
10 10 8 8 0.5353638
10 10 9 0 -0.0000007
10 10 9 1 0.0006063
10 10 9 2 0.0059224
10 10 9 3 -0.0212832
10 10 9 4 0.0205066
10 10 9 5 0.0223942
10 10 9 6 0.0088897
10 10 9 7 0.0134349
10 10 9 8 -0.0012013
10 10 9 9 0.6002955
10 10 10 0 0.0000050
10 10 10 1 -0.0016375
10 10 10 2 0.0089839
10 10 10 3 0.0190765
10 10 10 4 0.0254992
10 10 10 5 -0.0599948
10 10 10 6 0.0023928
10 10 10 7 -0.0287607
10 10 10 8 0.0063800
10 10 10 9 -0.0000000
10 10 10 10 0.6728328
11 0 0 0 0.0032412
11 0 1 0 -0.0004006
11 0 1 1 0.0007353
11 0 2 0 -0.0002080
11 0 2 1 0.0001589
11 0 2 2 0.0003972
11 0 3 0 -0.0004573
11 0 3 1 0.0001099
11 0 3 2 -0.0000191
11 0 3 3 0.0005626
11 0 4 0 -0.0001035
11 0 4 1 -0.0001198
11 0 4 2 0.0000240
11 0 4 3 -0.0000137
11 0 4 4 0.0007746
11 0 5 0 0.0002591
11 0 5 1 -0.0000214
11 0 5 2 -0.0000002
11 0 5 3 0.0000242
11 0 5 4 -0.0000137
11 0 5 5 -0.0003565
11 0 6 0 0.0001425
11 0 6 1 0.0001130
11 0 6 2 0.0002677
11 0 6 3 -0.0000576
11 0 6 4 0.0001634
11 0 6 5 -0.0000463
11 0 6 6 0.0006893
11 0 7 0 -0.0009121
11 0 7 1 0.0001601
11 0 7 2 -0.0001455
11 0 7 3 -0.0003252
11 0 7 4 -0.0001143
11 0 7 5 -0.0002318
11 0 7 6 0.0001889
11 0 7 7 0.0006271
11 0 8 0 0.0000865
11 0 8 1 0.0004110
11 0 8 2 -0.0005309
11 0 8 3 0.0000495
11 0 8 4 0.0002607
11 0 8 5 -0.0000746
11 0 8 6 -0.0000495
11 0 8 7 0.0001346
11 0 8 8 0.0002016
11 0 9 0 -0.0000002
11 0 9 1 0.0000021
11 0 9 2 -0.0000269
11 0 9 3 0.0000984
11 0 9 4 -0.0000981
11 0 9 5 -0.0000306
11 0 9 6 -0.0000780
11 0 9 7 -0.0000722
11 0 9 8 -0.0000016
11 0 9 9 -0.0006281
11 0 10 0 -0.0000002
11 0 10 1 0.0000060
11 0 10 2 -0.0000248
11 0 10 3 -0.0000796
11 0 10 4 -0.0001159
11 0 10 5 0.0000743
11 0 10 6 -0.0000170
11 0 10 7 0.0001058
11 0 10 8 -0.0000186
11 0 10 9 0.0000005
11 0 10 10 -0.0006278
11 0 11 0 0.0000117
11 0 11 1 -0.0000298
11 0 11 2 0.0001093
11 0 11 3 -0.0000083
11 0 11 4 -0.0000539
11 0 11 5 -0.0001745
11 0 11 6 -0.0000101
11 0 11 7 -0.0000315
11 0 11 8 0.0003243
11 0 11 9 0.0000012
11 0 11 10 0.0000016
11 0 11 11 -0.0045515
11 1 0 0 0.0039815
11 1 1 0 0.0003640
11 1 1 1 0.0024282
11 1 2 0 0.0003424
11 1 2 1 0.0005457
11 1 2 2 0.0008481
11 1 3 0 0.0001408
11 1 3 1 -0.0000451
11 1 3 2 -0.0001101
11 1 3 3 0.0027362
11 1 4 0 0.0003908
11 1 4 1 -0.0004851
11 1 4 2 0.0006770
11 1 4 3 0.0000313
11 1 4 4 0.0030280
11 1 5 0 -0.0003089
11 1 5 1 -0.0001651
11 1 5 2 0.0004125
11 1 5 3 -0.0000825
11 1 5 4 -0.0006203
11 1 5 5 -0.0032455
11 1 6 0 -0.0012558
11 1 6 1 0.0003139
11 1 6 2 0.0005892
11 1 6 3 -0.0003207
11 1 6 4 -0.0000034
11 1 6 5 0.0006692
11 1 6 6 0.0026635
11 1 7 0 0.0008099
11 1 7 1 -0.0001808
11 1 7 2 -0.0003022
11 1 7 3 -0.0008287
11 1 7 4 -0.0000515
11 1 7 5 -0.0012662
11 1 7 6 -0.0001278
11 1 7 7 0.0018995
11 1 8 0 -0.0004123
11 1 8 1 0.0018637
11 1 8 2 -0.0034420
11 1 8 3 -0.0002412
11 1 8 4 0.0007887
11 1 8 5 0.0004486
11 1 8 6 0.0012373
11 1 8 7 -0.0007792
11 1 8 8 -0.0020903
11 1 9 0 0.0000009
11 1 9 1 0.0000211
11 1 9 2 -0.0001843
11 1 9 3 0.0006247
11 1 9 4 -0.0005353
11 1 9 5 0.0001471
11 1 9 6 -0.0003588
11 1 9 7 -0.0002630
11 1 9 8 0.0000140
11 1 9 9 -0.0017467
11 1 10 0 -0.0000018
11 1 10 1 0.0000502
11 1 10 2 -0.0002177
11 1 10 3 -0.0005393
11 1 10 4 -0.0006709
11 1 10 5 -0.0001842
11 1 10 6 -0.0000543
11 1 10 7 0.0003421
11 1 10 8 -0.0002215
11 1 10 9 0.0000401
11 1 10 10 -0.0018292
11 1 11 0 -0.0000298
11 1 11 1 0.0011063
11 1 11 2 -0.0027651
11 1 11 3 -0.0000704
11 1 11 4 0.0006967
11 1 11 5 0.0000891
11 1 11 6 0.0010900
11 1 11 7 -0.0004963
11 1 11 8 -0.0054289
11 1 11 9 0.0000351
11 1 11 10 -0.0001691
11 1 11 11 0.0208812
11 2 0 0 -0.0027723
11 2 1 0 0.0000696
11 2 1 1 -0.0015019
11 2 2 0 0.0000066
11 2 2 1 -0.0006368
11 2 2 2 -0.0000680
11 2 3 0 0.0000208
11 2 3 1 -0.0000371
11 2 3 2 0.0001655
11 2 3 3 -0.0017337
11 2 4 0 0.0000953
11 2 4 1 0.0007111
11 2 4 2 -0.0005581
11 2 4 3 -0.0000427
11 2 4 4 -0.0020509
11 2 5 0 0.0003650
11 2 5 1 0.0001815
11 2 5 2 0.0003924
11 2 5 3 -0.0001933
11 2 5 4 0.0002038
11 2 5 5 -0.0001073
11 2 6 0 0.0000098
11 2 6 1 0.0000862
11 2 6 2 -0.0003025
11 2 6 3 0.0000980
11 2 6 4 -0.0005796
11 2 6 5 -0.0006192
11 2 6 6 -0.0021273
11 2 7 0 0.0000916
11 2 7 1 -0.0000899
11 2 7 2 0.0003294
11 2 7 3 0.0003870
11 2 7 4 0.0002535
11 2 7 5 0.0002517
11 2 7 6 -0.0007099
11 2 7 7 -0.0031854
11 2 8 0 -0.0002660
11 2 8 1 -0.0020196
11 2 8 2 0.0021168
11 2 8 3 0.0001065
11 2 8 4 -0.0008751
11 2 8 5 -0.0004388
11 2 8 6 0.0007323
11 2 8 7 -0.0002475
11 2 8 8 -0.0004502
11 2 9 0 -0.0000028
11 2 9 1 -0.0001186
11 2 9 2 0.0001063
11 2 9 3 0.0001396
11 2 9 4 -0.0002028
11 2 9 5 -0.0005576
11 2 9 6 -0.0000327
11 2 9 7 -0.0001330
11 2 9 8 0.0001847
11 2 9 9 -0.0021757
11 2 10 0 0.0000005
11 2 10 1 -0.0001246
11 2 10 2 0.0001629
11 2 10 3 -0.0000488
11 2 10 4 -0.0001569
11 2 10 5 0.0009492
11 2 10 6 -0.0000502
11 2 10 7 0.0002862
11 2 10 8 0.0002599
11 2 10 9 -0.0000940
11 2 10 10 -0.0020807
11 2 11 0 0.0001093
11 2 11 1 -0.0027651
11 2 11 2 0.0068870
11 2 11 3 0.0001463
11 2 11 4 -0.0017164
11 2 11 5 -0.0014045
11 2 11 6 -0.0022958
11 2 11 7 0.0008719
11 2 11 8 0.0119195
11 2 11 9 0.0004116
11 2 11 10 0.0006067
11 2 11 11 -0.0702012
11 3 0 0 0.0001069
11 3 1 0 0.0000015
11 3 1 1 0.0005023
11 3 2 0 -0.0000508
11 3 2 1 -0.0007688
11 3 2 2 0.0010670
11 3 3 0 0.0001237
11 3 3 1 0.0007383
11 3 3 2 0.0002008
11 3 3 3 -0.0000630
11 3 4 0 0.0000075
11 3 4 1 0.0001782
11 3 4 2 -0.0002195
11 3 4 3 -0.0001189
11 3 4 4 -0.0000185
11 3 5 0 0.0000226
11 3 5 1 -0.0001831
11 3 5 2 0.0005975
11 3 5 3 -0.0004654
11 3 5 4 -0.0002237
11 3 5 5 -0.0037688
11 3 6 0 -0.0000719
11 3 6 1 0.0000527
11 3 6 2 0.0000988
11 3 6 3 -0.0001139
11 3 6 4 0.0000136
11 3 6 5 -0.0005111
11 3 6 6 -0.0013896
11 3 7 0 -0.0002130
11 3 7 1 -0.0003421
11 3 7 2 0.0008073
11 3 7 3 0.0000569
11 3 7 4 0.0000901
11 3 7 5 -0.0013799
11 3 7 6 -0.0012104
11 3 7 7 0.0007471
11 3 8 0 -0.0000338
11 3 8 1 -0.0005037
11 3 8 2 0.0001878
11 3 8 3 0.0005850
11 3 8 4 0.0001108
11 3 8 5 0.0013146
11 3 8 6 -0.0002238
11 3 8 7 -0.0004772
11 3 8 8 -0.0029482
11 3 9 0 0.0000080
11 3 9 1 0.0004376
11 3 9 2 -0.0005946
11 3 9 3 0.0000910
11 3 9 4 0.0000579
11 3 9 5 0.0005611
11 3 9 6 -0.0002464
11 3 9 7 -0.0001770
11 3 9 8 -0.0006638
11 3 9 9 0.0009537
11 3 10 0 -0.0000115
11 3 10 1 -0.0002907
11 3 10 2 0.0004056
11 3 10 3 -0.0001580
11 3 10 4 -0.0003836
11 3 10 5 -0.0008345
11 3 10 6 -0.0001055
11 3 10 7 0.0001381
11 3 10 8 0.0003107
11 3 10 9 0.0001132
11 3 10 10 0.0008642
11 3 11 0 -0.0000083
11 3 11 1 -0.0000704
11 3 11 2 0.0001463
11 3 11 3 0.0001250
11 3 11 4 -0.0001152
11 3 11 5 -0.0019035
11 3 11 6 -0.0004023
11 3 11 7 -0.0006609
11 3 11 8 0.0007792
11 3 11 9 -0.0015713
11 3 11 10 0.0011180
11 3 11 11 0.0133331
11 4 0 0 0.0007065
11 4 1 0 -0.0001273
11 4 1 1 0.0006467
11 4 2 0 -0.0002021
11 4 2 1 0.0002931
11 4 2 2 0.0003084
11 4 3 0 -0.0000533
11 4 3 1 -0.0000427
11 4 3 2 -0.0000331
11 4 3 3 0.0009380
11 4 4 0 0.0001441
11 4 4 1 0.0011205
11 4 4 2 0.0000476
11 4 4 3 -0.0000935
11 4 4 4 0.0004700
11 4 5 0 -0.0000469
11 4 5 1 -0.0002026
11 4 5 2 0.0005518
11 4 5 3 -0.0003438
11 4 5 4 -0.0004054
11 4 5 5 -0.0021523
11 4 6 0 0.0005427
11 4 6 1 0.0001957
11 4 6 2 -0.0000574
11 4 6 3 0.0000524
11 4 6 4 0.0000191
11 4 6 5 0.0001231
11 4 6 6 0.0005209
11 4 7 0 -0.0003340
11 4 7 1 -0.0001089
11 4 7 2 0.0000696
11 4 7 3 -0.0000945
11 4 7 4 -0.0001187
11 4 7 5 -0.0004867
11 4 7 6 -0.0003028
11 4 7 7 -0.0004533
11 4 8 0 0.0000827
11 4 8 1 0.0001260
11 4 8 2 -0.0006483
11 4 8 3 -0.0000477
11 4 8 4 0.0007753
11 4 8 5 0.0002934
11 4 8 6 0.0010956
11 4 8 7 -0.0004266
11 4 8 8 -0.0006766
11 4 9 0 -0.0000053
11 4 9 1 -0.0004298
11 4 9 2 0.0006348
11 4 9 3 0.0001749
11 4 9 4 -0.0002328
11 4 9 5 0.0001710
11 4 9 6 -0.0000874
11 4 9 7 0.0001703
11 4 9 8 0.0008409
11 4 9 9 0.0012481
11 4 10 0 -0.0000125
11 4 10 1 -0.0004781
11 4 10 2 0.0006546
11 4 10 3 -0.0001220
11 4 10 4 -0.0003083
11 4 10 5 -0.0008951
11 4 10 6 -0.0001102
11 4 10 7 -0.0001707
11 4 10 8 0.0006895
11 4 10 9 0.0001022
11 4 10 10 0.0010701
11 4 11 0 -0.0000539
11 4 11 1 0.0006967
11 4 11 2 -0.0017164
11 4 11 3 -0.0001152
11 4 11 4 0.0010440
11 4 11 5 0.0000628
11 4 11 6 0.0006420
11 4 11 7 -0.0003744
11 4 11 8 -0.0043928
11 4 11 9 0.0016977
11 4 11 10 0.0016332
11 4 11 11 0.0309561
11 5 0 0 0.0047810
11 5 1 0 0.0000089
11 5 1 1 0.0048196
11 5 2 0 -0.0000709
11 5 2 1 -0.0039450
11 5 2 2 0.0085808
11 5 3 0 -0.0001105
11 5 3 1 -0.0014200
11 5 3 2 0.0004694
11 5 3 3 0.0021939
11 5 4 0 0.0000196
11 5 4 1 0.0002730
11 5 4 2 -0.0014209
11 5 4 3 -0.0005810
11 5 4 4 0.0041705
11 5 5 0 -0.0007196
11 5 5 1 -0.0012708
11 5 5 2 0.0035798
11 5 5 3 -0.0021092
11 5 5 4 -0.0017230
11 5 5 5 -0.0147121
11 5 6 0 -0.0002749
11 5 6 1 0.0006070
11 5 6 2 -0.0004042
11 5 6 3 -0.0003204
11 5 6 4 0.0009357
11 5 6 5 -0.0022881
11 5 6 6 0.0037853
11 5 7 0 0.0001057
11 5 7 1 -0.0007091
11 5 7 2 0.0009578
11 5 7 3 -0.0022084
11 5 7 4 -0.0012929
11 5 7 5 -0.0038677
11 5 7 6 0.0003905
11 5 7 7 0.0017875
11 5 8 0 0.0002772
11 5 8 1 -0.0023059
11 5 8 2 0.0063522
11 5 8 3 0.0004112
11 5 8 4 -0.0019514
11 5 8 5 0.0039735
11 5 8 6 -0.0012919
11 5 8 7 0.0032844
11 5 8 8 0.0169971
11 5 9 0 0.0000281
11 5 9 1 -0.0004156
11 5 9 2 0.0012604
11 5 9 3 -0.0007698
11 5 9 4 0.0010991
11 5 9 5 0.0036900
11 5 9 6 0.0004902
11 5 9 7 0.0015795
11 5 9 8 0.0018241
11 5 9 9 0.0151468
11 5 10 0 -0.0000499
11 5 10 1 0.0007959
11 5 10 2 -0.0015621
11 5 10 3 0.0001431
11 5 10 4 0.0014328
11 5 10 5 -0.0073187
11 5 10 6 0.0006872
11 5 10 7 -0.0027100
11 5 10 8 -0.0034332
11 5 10 9 0.0018502
11 5 10 10 0.0124763
11 5 11 0 -0.0001745
11 5 11 1 0.0000891
11 5 11 2 -0.0014045
11 5 11 3 -0.0019035
11 5 11 4 0.0000628
11 5 11 5 -0.0021520
11 5 11 6 -0.0003877
11 5 11 7 -0.0015284
11 5 11 8 -0.0043165
11 5 11 9 0.0023861
11 5 11 10 -0.0048568
11 5 11 11 0.1177690
11 6 0 0 0.0000108
11 6 1 0 0.0001763
11 6 1 1 -0.0004534
11 6 2 0 0.0006249
11 6 2 1 0.0003528
11 6 2 2 -0.0000085
11 6 3 0 0.0000409
11 6 3 1 -0.0003661
11 6 3 2 -0.0002125
11 6 3 3 -0.0001781
11 6 4 0 0.0002642
11 6 4 1 0.0000416
11 6 4 2 -0.0001577
11 6 4 3 -0.0002052
11 6 4 4 -0.0001342
11 6 5 0 -0.0003133
11 6 5 1 0.0000936
11 6 5 2 -0.0009482
11 6 5 3 0.0001764
11 6 5 4 0.0007080
11 6 5 5 0.0021513
11 6 6 0 -0.0007053
11 6 6 1 0.0007317
11 6 6 2 -0.0005517
11 6 6 3 0.0003943
11 6 6 4 0.0005999
11 6 6 5 -0.0006991
11 6 6 6 0.0010883
11 6 7 0 0.0005585
11 6 7 1 0.0002374
11 6 7 2 0.0000191
11 6 7 3 0.0005087
11 6 7 4 -0.0003943
11 6 7 5 -0.0001051
11 6 7 6 0.0000774
11 6 7 7 0.0038810
11 6 8 0 0.0001111
11 6 8 1 0.0007326
11 6 8 2 0.0009277
11 6 8 3 0.0000067
11 6 8 4 0.0010280
11 6 8 5 0.0005705
11 6 8 6 -0.0018293
11 6 8 7 0.0011831
11 6 8 8 0.0013141
11 6 9 0 -0.0000086
11 6 9 1 -0.0003189
11 6 9 2 0.0006886
11 6 9 3 -0.0005158
11 6 9 4 0.0002450
11 6 9 5 0.0000091
11 6 9 6 -0.0001173
11 6 9 7 0.0000672
11 6 9 8 0.0005356
11 6 9 9 0.0013874
11 6 10 0 -0.0000026
11 6 10 1 -0.0000290
11 6 10 2 0.0002378
11 6 10 3 0.0004388
11 6 10 4 0.0004185
11 6 10 5 -0.0003601
11 6 10 6 -0.0000353
11 6 10 7 -0.0000346
11 6 10 8 0.0001466
11 6 10 9 0.0000406
11 6 10 10 0.0014894
11 6 11 0 -0.0000101
11 6 11 1 0.0010900
11 6 11 2 -0.0022958
11 6 11 3 -0.0004023
11 6 11 4 0.0006420
11 6 11 5 -0.0003877
11 6 11 6 0.0006008
11 6 11 7 -0.0005661
11 6 11 8 -0.0014085
11 6 11 9 0.0010021
11 6 11 10 0.0001979
11 6 11 11 0.0169881
11 7 0 0 0.0014820
11 7 1 0 -0.0000678
11 7 1 1 0.0021514
11 7 2 0 -0.0003673
11 7 2 1 -0.0019875
11 7 2 2 0.0034642
11 7 3 0 -0.0002139
11 7 3 1 -0.0012314
11 7 3 2 0.0000787
11 7 3 3 0.0005263
11 7 4 0 -0.0000966
11 7 4 1 0.0002519
11 7 4 2 -0.0003762
11 7 4 3 -0.0006498
11 7 4 4 0.0010480
11 7 5 0 -0.0000230
11 7 5 1 -0.0010356
11 7 5 2 0.0028766
11 7 5 3 -0.0006387
11 7 5 4 -0.0008708
11 7 5 5 -0.0085208
11 7 6 0 0.0003852
11 7 6 1 0.0006111
11 7 6 2 -0.0001598
11 7 6 3 0.0000893
11 7 6 4 -0.0004976
11 7 6 5 -0.0011019
11 7 6 6 -0.0013998
11 7 7 0 0.0000006
11 7 7 1 0.0005408
11 7 7 2 0.0007281
11 7 7 3 -0.0009647
11 7 7 4 -0.0005606
11 7 7 5 -0.0025017
11 7 7 6 -0.0015891
11 7 7 7 -0.0002907
11 7 8 0 -0.0000952
11 7 8 1 -0.0013376
11 7 8 2 0.0004623
11 7 8 3 -0.0000662
11 7 8 4 -0.0003298
11 7 8 5 0.0034709
11 7 8 6 0.0010013
11 7 8 7 0.0008357
11 7 8 8 -0.0043316
11 7 9 0 0.0000004
11 7 9 1 -0.0003389
11 7 9 2 0.0005557
11 7 9 3 0.0004782
11 7 9 4 -0.0005240
11 7 9 5 0.0007902
11 7 9 6 -0.0006458
11 7 9 7 -0.0001628
11 7 9 8 0.0009622
11 7 9 9 0.0029342
11 7 10 0 -0.0000091
11 7 10 1 0.0006188
11 7 10 2 -0.0011066
11 7 10 3 -0.0005336
11 7 10 4 -0.0003270
11 7 10 5 -0.0015216
11 7 10 6 0.0001438
11 7 10 7 0.0001319
11 7 10 8 -0.0018023
11 7 10 9 0.0004396
11 7 10 10 0.0023719
11 7 11 0 -0.0000315
11 7 11 1 -0.0004963
11 7 11 2 0.0008719
11 7 11 3 -0.0006609
11 7 11 4 -0.0003744
11 7 11 5 -0.0015284
11 7 11 6 -0.0005661
11 7 11 7 -0.0000148
11 7 11 8 0.0011586
11 7 11 9 0.0014539
11 7 11 10 -0.0023827
11 7 11 11 0.0334282
11 8 0 0 0.0047849
11 8 1 0 0.0004066
11 8 1 1 0.0027220
11 8 2 0 0.0003647
11 8 2 1 -0.0022203
11 8 2 2 0.0049972
11 8 3 0 0.0001874
11 8 3 1 -0.0000414
11 8 3 2 0.0000825
11 8 3 3 0.0016028
11 8 4 0 0.0006381
11 8 4 1 0.0002103
11 8 4 2 -0.0010076
11 8 4 3 0.0000965
11 8 4 4 0.0023979
11 8 5 0 0.0003739
11 8 5 1 0.0001480
11 8 5 2 -0.0017051
11 8 5 3 0.0011434
11 8 5 4 -0.0000977
11 8 5 5 -0.0022788
11 8 6 0 -0.0017480
11 8 6 1 0.0009096
11 8 6 2 -0.0001734
11 8 6 3 -0.0002680
11 8 6 4 0.0009115
11 8 6 5 0.0022598
11 8 6 6 0.0028742
11 8 7 0 0.0011867
11 8 7 1 -0.0004691
11 8 7 2 -0.0003267
11 8 7 3 -0.0004186
11 8 7 4 -0.0002981
11 8 7 5 -0.0008750
11 8 7 6 0.0008260
11 8 7 7 0.0030936
11 8 8 0 -0.0001511
11 8 8 1 0.0006835
11 8 8 2 0.0010149
11 8 8 3 -0.0000597
11 8 8 4 0.0000740
11 8 8 5 -0.0008071
11 8 8 6 -0.0008476
11 8 8 7 0.0000155
11 8 8 8 0.0057397
11 8 9 0 -0.0000044
11 8 9 1 0.0000389
11 8 9 2 -0.0002831
11 8 9 3 0.0008780
11 8 9 4 -0.0009743
11 8 9 5 -0.0007127
11 8 9 6 -0.0008445
11 8 9 7 -0.0008884
11 8 9 8 -0.0001229
11 8 9 9 -0.0078114
11 8 10 0 -0.0000000
11 8 10 1 -0.0000283
11 8 10 2 -0.0000322
11 8 10 3 -0.0006574
11 8 10 4 -0.0011441
11 8 10 5 0.0015093
11 8 10 6 -0.0002407
11 8 10 7 0.0013530
11 8 10 8 0.0001413
11 8 10 9 -0.0001145
11 8 10 10 -0.0076250
11 8 11 0 0.0003243
11 8 11 1 -0.0054289
11 8 11 2 0.0119195
11 8 11 3 0.0007792
11 8 11 4 -0.0043928
11 8 11 5 -0.0043165
11 8 11 6 -0.0014085
11 8 11 7 0.0011586
11 8 11 8 0.0261243
11 8 11 9 -0.0001154
11 8 11 10 0.0005307
11 8 11 11 -0.1703672
11 9 0 0 -0.0000007
11 9 1 0 0.0000104
11 9 1 1 0.0000151
11 9 2 0 -0.0000298
11 9 2 1 -0.0004571
11 9 2 2 0.0000558
11 9 3 0 0.0001048
11 9 3 1 0.0015025
11 9 3 2 0.0000869
11 9 3 3 -0.0003161
11 9 4 0 -0.0001197
11 9 4 1 -0.0011088
11 9 4 2 0.0002514
11 9 4 3 0.0005635
11 9 4 4 -0.0001508
11 9 5 0 0.0000388
11 9 5 1 0.0001406
11 9 5 2 -0.0001434
11 9 5 3 0.0005939
11 9 5 4 0.0001353
11 9 5 5 0.0051426
11 9 6 0 -0.0001477
11 9 6 1 -0.0004438
11 9 6 2 0.0007790
11 9 6 3 -0.0007653
11 9 6 4 0.0001744
11 9 6 5 -0.0000305
11 9 6 6 -0.0011748
11 9 7 0 -0.0001110
11 9 7 1 -0.0003609
11 9 7 2 0.0006208
11 9 7 3 0.0001938
11 9 7 4 0.0004981
11 9 7 5 0.0010622
11 9 7 6 -0.0003247
11 9 7 7 0.0006699
11 9 8 0 -0.0000124
11 9 8 1 0.0000148
11 9 8 2 0.0000269
11 9 8 3 -0.0001508
11 9 8 4 -0.0000302
11 9 8 5 0.0005651
11 9 8 6 -0.0003260
11 9 8 7 -0.0000908
11 9 8 8 -0.0001375
11 9 9 0 0.0000040
11 9 9 1 -0.0004645
11 9 9 2 0.0015822
11 9 9 3 -0.0000968
11 9 9 4 -0.0004960
11 9 9 5 -0.0015158
11 9 9 6 -0.0006202
11 9 9 7 -0.0001207
11 9 9 8 0.0032939
11 9 9 9 0.0000005
11 9 10 0 0.0000008
11 9 10 1 0.0000329
11 9 10 2 -0.0001044
11 9 10 3 0.0001036
11 9 10 4 0.0000959
11 9 10 5 0.0018803
11 9 10 6 0.0000613
11 9 10 7 0.0004155
11 9 10 8 -0.0001074
11 9 10 9 0.0000000
11 9 10 10 0.0000007
11 9 11 0 0.0000012
11 9 11 1 0.0000351
11 9 11 2 0.0004116
11 9 11 3 -0.0015713
11 9 11 4 0.0016977
11 9 11 5 0.0023861
11 9 11 6 0.0010021
11 9 11 7 0.0014539
11 9 11 8 -0.0001154
11 9 11 9 0.0145241
11 9 11 10 -0.0000000
11 9 11 11 0.0000088
11 10 0 0 -0.0000011
11 10 1 0 0.0000118
11 10 1 1 -0.0000240
11 10 2 0 -0.0000194
11 10 2 1 -0.0003724
11 10 2 2 0.0001213
11 10 3 0 -0.0000912
11 10 3 1 -0.0012655
11 10 3 2 0.0000497
11 10 3 3 -0.0006921
11 10 4 0 -0.0001571
11 10 4 1 -0.0013998
11 10 4 2 0.0004267
11 10 4 3 -0.0003651
11 10 4 4 -0.0001739
11 10 5 0 -0.0000482
11 10 5 1 -0.0001459
11 10 5 2 0.0000573
11 10 5 3 -0.0008694
11 10 5 4 -0.0006224
11 10 5 5 -0.0099974
11 10 6 0 -0.0000334
11 10 6 1 -0.0000599
11 10 6 2 0.0000785
11 10 6 3 0.0002083
11 10 6 4 -0.0002711
11 10 6 5 0.0000313
11 10 6 6 -0.0001524
11 10 7 0 0.0001506
11 10 7 1 0.0004520
11 10 7 2 -0.0007420
11 10 7 3 -0.0010483
11 10 7 4 -0.0003704
11 10 7 5 -0.0020815
11 10 7 6 0.0006112
11 10 7 7 -0.0012568
11 10 8 0 -0.0000277
11 10 8 1 -0.0000905
11 10 8 2 0.0002011
11 10 8 3 0.0001161
11 10 8 4 -0.0001350
11 10 8 5 -0.0010744
11 10 8 6 -0.0001612
11 10 8 7 0.0000918
11 10 8 8 0.0000738
11 10 9 0 0.0000008
11 10 9 1 0.0000329
11 10 9 2 -0.0001045
11 10 9 3 0.0001035
11 10 9 4 0.0000958
11 10 9 5 0.0018805
11 10 9 6 0.0000613
11 10 9 7 0.0004156
11 10 9 8 -0.0001074
11 10 9 9 -0.0000001
11 10 10 0 0.0000045
11 10 10 1 -0.0005525
11 10 10 2 0.0016673
11 10 10 3 -0.0001266
11 10 10 4 -0.0006847
11 10 10 5 -0.0042426
11 10 10 6 -0.0004475
11 10 10 7 -0.0006064
11 10 10 8 0.0034842
11 10 10 9 -0.0000001
11 10 10 10 -0.0000001
11 10 11 0 0.0000016
11 10 11 1 -0.0001691
11 10 11 2 0.0006067
11 10 11 3 0.0011180
11 10 11 4 0.0016332
11 10 11 5 -0.0048568
11 10 11 6 0.0001979
11 10 11 7 -0.0023827
11 10 11 8 0.0005307
11 10 11 9 -0.0000000
11 10 11 10 0.0145241
11 10 11 11 -0.0000006
11 11 0 0 0.3754309
11 11 1 0 -0.0002669
11 11 1 1 0.3853392
11 11 2 0 -0.0078764
11 11 2 1 -0.1638690
11 11 2 2 0.5192129
11 11 3 0 -0.0006034
11 11 3 1 -0.0129796
11 11 3 2 0.0159456
11 11 3 3 0.2992832
11 11 4 0 0.0036564
11 11 4 1 0.0339379
11 11 4 2 -0.0603906
11 11 4 3 -0.0032077
11 11 4 4 0.3531384
11 11 5 0 -0.0019077
11 11 5 1 -0.0106696
11 11 5 2 0.0146987
11 11 5 3 0.0135346
11 11 5 4 -0.0000753
11 11 5 5 0.5027535
11 11 6 0 -0.0056569
11 11 6 1 0.0249454
11 11 6 2 -0.0122482
11 11 6 3 -0.0270493
11 11 6 4 0.0455739
11 11 6 5 -0.0028793
11 11 6 6 0.2971727
11 11 7 0 0.0029696
11 11 7 1 -0.0186685
11 11 7 2 0.0222232
11 11 7 3 -0.0503057
11 11 7 4 -0.0227897
11 11 7 5 0.0661658
11 11 7 6 0.0092173
11 11 7 7 0.3352608
11 11 8 0 0.0092609
11 11 8 1 -0.0837224
11 11 8 2 0.2263530
11 11 8 3 0.0170373
11 11 8 4 -0.0614546
11 11 8 5 0.0125518
11 11 8 6 -0.0493109
11 11 8 7 0.0425204
11 11 8 8 0.7518497
11 11 9 0 0.0000172
11 11 9 1 0.0012888
11 11 9 2 0.0110695
11 11 9 3 -0.0419190
11 11 9 4 0.0438508
11 11 9 5 0.0629903
11 11 9 6 0.0224453
11 11 9 7 0.0350472
11 11 9 8 -0.0033002
11 11 9 9 0.8418912
11 11 10 0 0.0000214
11 11 10 1 -0.0038727
11 11 10 2 0.0161428
11 11 10 3 0.0298490
11 11 10 4 0.0419023
11 11 10 5 -0.1275443
11 11 10 6 0.0043726
11 11 10 7 -0.0582692
11 11 10 8 0.0131145
11 11 10 9 -0.0000000
11 11 10 10 0.8418913
11 11 11 0 -0.0045515
11 11 11 1 0.0208812
11 11 11 2 -0.0702012
11 11 11 3 0.0133331
11 11 11 4 0.0309561
11 11 11 5 0.1177690
11 11 11 6 0.0169881
11 11 11 7 0.0334282
11 11 11 8 -0.1703672
11 11 11 9 0.0000088
11 11 11 10 -0.0000006
11 11 11 11 3.5030020
12 0 0 0 0.0091755
12 0 1 0 -0.0014017
12 0 1 1 0.0023878
12 0 2 0 -0.0009243
12 0 2 1 0.0003564
12 0 2 2 0.0014322
12 0 3 0 -0.0018918
12 0 3 1 0.0004372
12 0 3 2 -0.0000369
12 0 3 3 0.0016725
12 0 4 0 -0.0005627
12 0 4 1 -0.0002388
12 0 4 2 -0.0000079
12 0 4 3 -0.0000804
12 0 4 4 0.0022943
12 0 5 0 0.0010558
12 0 5 1 -0.0001386
12 0 5 2 0.0000872
12 0 5 3 0.0000253
12 0 5 4 -0.0000311
12 0 5 5 -0.0009809
12 0 6 0 0.0009824
12 0 6 1 0.0002322
12 0 6 2 0.0007898
12 0 6 3 -0.0001088
12 0 6 4 0.0005409
12 0 6 5 -0.0002650
12 0 6 6 0.0018249
12 0 7 0 -0.0039482
12 0 7 1 0.0007444
12 0 7 2 -0.0003976
12 0 7 3 -0.0010246
12 0 7 4 -0.0004287
12 0 7 5 -0.0006110
12 0 7 6 0.0007151
12 0 7 7 0.0015992
12 0 8 0 0.0005723
12 0 8 1 0.0009904
12 0 8 2 -0.0011954
12 0 8 3 0.0002630
12 0 8 4 0.0006969
12 0 8 5 -0.0002680
12 0 8 6 -0.0002548
12 0 8 7 0.0006420
12 0 8 8 0.0009700
12 0 9 0 -0.0000005
12 0 9 1 0.0000095
12 0 9 2 -0.0000763
12 0 9 3 0.0002621
12 0 9 4 -0.0002488
12 0 9 5 0.0000209
12 0 9 6 -0.0002051
12 0 9 7 -0.0001646
12 0 9 8 -0.0000148
12 0 9 9 -0.0012754
12 0 10 0 -0.0000007
12 0 10 1 0.0000110
12 0 10 2 -0.0000583
12 0 10 3 -0.0002196
12 0 10 4 -0.0003130
12 0 10 5 0.0000091
12 0 10 6 -0.0000447
12 0 10 7 0.0002292
12 0 10 8 -0.0000437
12 0 10 9 0.0000021
12 0 10 10 -0.0012741
12 0 11 0 0.0000150
12 0 11 1 0.0000442
12 0 11 2 -0.0000263
12 0 11 3 -0.0000165
12 0 11 4 0.0000046
12 0 11 5 -0.0000132
12 0 11 6 -0.0000113
12 0 11 7 -0.0000217
12 0 11 8 0.0000514
12 0 11 9 -0.0000002
12 0 11 10 -0.0000002
12 0 11 11 -0.0016608
12 0 12 0 0.0000432
12 0 12 1 0.0003026
12 0 12 2 -0.0003557
12 0 12 3 -0.0000451
12 0 12 4 0.0000948
12 0 12 5 -0.0002821
12 0 12 6 0.0000274
12 0 12 7 -0.0000988
12 0 12 8 -0.0002667
12 0 12 9 0.0000106
12 0 12 10 0.0000143
12 0 12 11 0.0000142
12 0 12 12 -0.0020578
12 1 0 0 0.0248045
12 1 1 0 0.0001284
12 1 1 1 0.0187117
12 1 2 0 -0.0004033
12 1 2 1 -0.0043139
12 1 2 2 0.0186373
12 1 3 0 0.0004143
12 1 3 1 -0.0004936
12 1 3 2 0.0002158
12 1 3 3 0.0151512
12 1 4 0 0.0004157
12 1 4 1 -0.0002866
12 1 4 2 -0.0006436
12 1 4 3 -0.0000013
12 1 4 4 0.0185820
12 1 5 0 -0.0003048
12 1 5 1 0.0009822
12 1 5 2 -0.0009399
12 1 5 3 -0.0014230
12 1 5 4 -0.0008783
12 1 5 5 -0.0130462
12 1 6 0 -0.0007767
12 1 6 1 0.0011689
12 1 6 2 0.0019562
12 1 6 3 -0.0020661
12 1 6 4 0.0025947
12 1 6 5 -0.0004102
12 1 6 6 0.0159063
12 1 7 0 0.0012477
12 1 7 1 -0.0004248
12 1 7 2 -0.0010215
12 1 7 3 -0.0048917
12 1 7 4 -0.0013054
12 1 7 5 -0.0079602
12 1 7 6 0.0008714
12 1 7 7 0.0152779
12 1 8 0 0.0004933
12 1 8 1 0.0060356
12 1 8 2 -0.0050353
12 1 8 3 -0.0003541
12 1 8 4 0.0018070
12 1 8 5 -0.0024299
12 1 8 6 0.0004070
12 1 8 7 -0.0010261
12 1 8 8 0.0153922
12 1 9 0 -0.0000017
12 1 9 1 0.0002404
12 1 9 2 -0.0009867
12 1 9 3 0.0030488
12 1 9 4 -0.0026737
12 1 9 5 0.0020566
12 1 9 6 -0.0024892
12 1 9 7 -0.0015578
12 1 9 8 -0.0002998
12 1 9 9 -0.0046932
12 1 10 0 -0.0000034
12 1 10 1 0.0000523
12 1 10 2 -0.0004245
12 1 10 3 -0.0027476
12 1 10 4 -0.0038235
12 1 10 5 -0.0037033
12 1 10 6 -0.0005755
12 1 10 7 0.0018487
12 1 10 8 -0.0000673
12 1 10 9 0.0001937
12 1 10 10 -0.0050791
12 1 11 0 0.0001121
12 1 11 1 0.0002206
12 1 11 2 0.0003418
12 1 11 3 -0.0003256
12 1 11 4 -0.0002477
12 1 11 5 0.0000276
12 1 11 6 -0.0002342
12 1 11 7 -0.0004860
12 1 11 8 0.0027559
12 1 11 9 -0.0000723
12 1 11 10 0.0001519
12 1 11 11 -0.0200505
12 1 12 0 0.0003026
12 1 12 1 0.0083341
12 1 12 2 -0.0121325
12 1 12 3 -0.0012671
12 1 12 4 0.0032874
12 1 12 5 -0.0063687
12 1 12 6 0.0015115
12 1 12 7 -0.0030479
12 1 12 8 -0.0148966
12 1 12 9 -0.0002847
12 1 12 10 -0.0003241
12 1 12 11 -0.0008751
12 1 12 12 -0.0347506
12 2 0 0 -0.0304963
12 2 1 0 0.0001053
12 2 1 1 -0.0244067
12 2 2 0 0.0010277
12 2 2 1 0.0096499
12 2 2 2 -0.0284636
12 2 3 0 0.0000410
12 2 3 1 0.0006577
12 2 3 2 -0.0006937
12 2 3 3 -0.0174693
12 2 4 0 -0.0003798
12 2 4 1 -0.0004988
12 2 4 2 0.0026132
12 2 4 3 0.0000857
12 2 4 4 -0.0227643
12 2 5 0 0.0002995
12 2 5 1 -0.0012447
12 2 5 2 0.0019573
12 2 5 3 0.0012005
12 2 5 4 0.0011770
12 2 5 5 0.0133967
12 2 6 0 0.0008638
12 2 6 1 -0.0015712
12 2 6 2 -0.0017401
12 2 6 3 0.0026682
12 2 6 4 -0.0039056
12 2 6 5 -0.0004848
12 2 6 6 -0.0183747
12 2 7 0 -0.0004325
12 2 7 1 0.0004594
12 2 7 2 0.0008986
12 2 7 3 0.0063117
12 2 7 4 0.0019978
12 2 7 5 0.0086654
12 2 7 6 -0.0016347
12 2 7 7 -0.0182738
12 2 8 0 -0.0011414
12 2 8 1 -0.0052427
12 2 8 2 0.0013292
12 2 8 3 0.0000723
12 2 8 4 -0.0007836
12 2 8 5 0.0038397
12 2 8 6 0.0008654
12 2 8 7 0.0003971
12 2 8 8 -0.0272257
12 2 9 0 -0.0000185
12 2 9 1 -0.0002898
12 2 9 2 0.0007372
12 2 9 3 -0.0031016
12 2 9 4 0.0027933
12 2 9 5 -0.0030379
12 2 9 6 0.0029914
12 2 9 7 0.0015364
12 2 9 8 -0.0003984
12 2 9 9 -0.0050114
12 2 10 0 -0.0000097
12 2 10 1 0.0000661
12 2 10 2 -0.0000541
12 2 10 3 0.0029992
12 2 10 4 0.0043027
12 2 10 5 0.0075332
12 2 10 6 0.0007847
12 2 10 7 -0.0013739
12 2 10 8 -0.0008191
12 2 10 9 -0.0004367
12 2 10 10 -0.0045574
12 2 11 0 -0.0001399
12 2 11 1 0.0001052
12 2 11 2 -0.0009081
12 2 11 3 0.0003609
12 2 11 4 0.0005450
12 2 11 5 -0.0002763
12 2 11 6 0.0001011
12 2 11 7 0.0005869
12 2 11 8 -0.0047576
12 2 11 9 0.0000302
12 2 11 10 -0.0002889
12 2 11 11 0.0165660
12 2 12 0 -0.0003557
12 2 12 1 -0.0121325
12 2 12 2 0.0185496
12 2 12 3 0.0017042
12 2 12 4 -0.0045299
12 2 12 5 0.0083819
12 2 12 6 -0.0022786
12 2 12 7 0.0044568
12 2 12 8 0.0239491
12 2 12 9 0.0031585
12 2 12 10 0.0024779
12 2 12 11 0.0021029
12 2 12 12 0.0410871
12 3 0 0 -0.0014851
12 3 1 0 0.0000000
12 3 1 1 -0.0009194
12 3 2 0 0.0000247
12 3 2 1 -0.0001126
12 3 2 2 -0.0006892
12 3 3 0 0.0002700
12 3 3 1 0.0016982
12 3 3 2 0.0006387
12 3 3 3 -0.0008448
12 3 4 0 -0.0000125
12 3 4 1 0.0000687
12 3 4 2 -0.0000540
12 3 4 3 0.0003329
12 3 4 4 -0.0010868
12 3 5 0 -0.0000365
12 3 5 1 -0.0008055
12 3 5 2 0.0017631
12 3 5 3 -0.0013871
12 3 5 4 -0.0013123
12 3 5 5 -0.0108665
12 3 6 0 -0.0001608
12 3 6 1 -0.0003924
12 3 6 2 0.0001541
12 3 6 3 -0.0003472
12 3 6 4 0.0001634
12 3 6 5 -0.0012094
12 3 6 6 -0.0016369
12 3 7 0 -0.0004959
12 3 7 1 -0.0010290
12 3 7 2 0.0011616
12 3 7 3 0.0001971
12 3 7 4 0.0002045
12 3 7 5 -0.0026796
12 3 7 6 -0.0009945
12 3 7 7 -0.0009288
12 3 8 0 -0.0000163
12 3 8 1 -0.0007891
12 3 8 2 0.0011056
12 3 8 3 0.0006819
12 3 8 4 -0.0001904
12 3 8 5 0.0025879
12 3 8 6 -0.0005185
12 3 8 7 -0.0000811
12 3 8 8 0.0006600
12 3 9 0 0.0000864
12 3 9 1 0.0000532
12 3 9 2 0.0009943
12 3 9 3 -0.0004807
12 3 9 4 0.0003487
12 3 9 5 0.0000609
12 3 9 6 0.0000558
12 3 9 7 0.0006334
12 3 9 8 0.0028215
12 3 9 9 0.0035853
12 3 10 0 -0.0000712
12 3 10 1 -0.0002476
12 3 10 2 -0.0002764
12 3 10 3 0.0001036
12 3 10 4 0.0005853
12 3 10 5 -0.0032441
12 3 10 6 0.0003821
12 3 10 7 -0.0014393
12 3 10 8 -0.0018465
12 3 10 9 0.0005398
12 3 10 10 0.0031269
12 3 11 0 -0.0000173
12 3 11 1 0.0000039
12 3 11 2 -0.0002544
12 3 11 3 0.0000095
12 3 11 4 0.0001570
12 3 11 5 0.0017708
12 3 11 6 0.0001430
12 3 11 7 0.0002343
12 3 11 8 -0.0006463
12 3 11 9 0.0000940
12 3 11 10 0.0001335
12 3 11 11 0.0084251
12 3 12 0 -0.0000451
12 3 12 1 -0.0012671
12 3 12 2 0.0017042
12 3 12 3 0.0023651
12 3 12 4 -0.0003708
12 3 12 5 0.0030455
12 3 12 6 -0.0008712
12 3 12 7 -0.0003795
12 3 12 8 0.0024400
12 3 12 9 -0.0107227
12 3 12 10 0.0089505
12 3 12 11 -0.0006348
12 3 12 12 0.0081164
12 4 0 0 0.0085678
12 4 1 0 -0.0001286
12 4 1 1 0.0071281
12 4 2 0 -0.0002467
12 4 2 1 -0.0023563
12 4 2 2 0.0087156
12 4 3 0 -0.0001047
12 4 3 1 -0.0002536
12 4 3 2 0.0001916
12 4 3 3 0.0057926
12 4 4 0 0.0006513
12 4 4 1 0.0025091
12 4 4 2 -0.0010375
12 4 4 3 -0.0002622
12 4 4 4 0.0062175
12 4 5 0 -0.0000113
12 4 5 1 -0.0001280
12 4 5 2 0.0005371
12 4 5 3 -0.0016303
12 4 5 4 -0.0002137
12 4 5 5 -0.0110537
12 4 6 0 0.0001841
12 4 6 1 0.0010105
12 4 6 2 0.0000483
12 4 6 3 -0.0003940
12 4 6 4 0.0014804
12 4 6 5 -0.0001941
12 4 6 6 0.0064458
12 4 7 0 -0.0002584
12 4 7 1 -0.0005069
12 4 7 2 0.0001786
12 4 7 3 -0.0015197
12 4 7 4 -0.0008235
12 4 7 5 -0.0042598
12 4 7 6 -0.0000372
12 4 7 7 0.0049728
12 4 8 0 0.0004746
12 4 8 1 0.0011952
12 4 8 2 0.0003247
12 4 8 3 0.0002126
12 4 8 4 0.0011233
12 4 8 5 0.0000087
12 4 8 6 0.0005418
12 4 8 7 -0.0000845
12 4 8 8 0.0091710
12 4 9 0 -0.0000823
12 4 9 1 0.0001475
12 4 9 2 -0.0012313
12 4 9 3 0.0010039
12 4 9 4 -0.0000546
12 4 9 5 0.0052349
12 4 9 6 -0.0003201
12 4 9 7 0.0004389
12 4 9 8 -0.0031465
12 4 9 9 0.0035529
12 4 10 0 -0.0001045
12 4 10 1 -0.0002391
12 4 10 2 -0.0007309
12 4 10 3 -0.0008223
12 4 10 4 -0.0007994
12 4 10 5 -0.0022133
12 4 10 6 0.0002448
12 4 10 7 -0.0000298
12 4 10 8 -0.0029509
12 4 10 9 0.0004860
12 4 10 10 0.0027201
12 4 11 0 0.0000334
12 4 11 1 0.0000536
12 4 11 2 0.0002339
12 4 11 3 0.0000149
12 4 11 4 -0.0001109
12 4 11 5 0.0009580
12 4 11 6 -0.0002514
12 4 11 7 0.0001573
12 4 11 8 0.0011501
12 4 11 9 -0.0004136
12 4 11 10 0.0000163
12 4 11 11 -0.0014262
12 4 12 0 0.0000948
12 4 12 1 0.0032874
12 4 12 2 -0.0045299
12 4 12 3 -0.0003708
12 4 12 4 0.0040833
12 4 12 5 -0.0011037
12 4 12 6 0.0016714
12 4 12 7 -0.0013491
12 4 12 8 -0.0065330
12 4 12 9 0.0097642
12 4 12 10 0.0121803
12 4 12 11 -0.0010237
12 4 12 12 -0.0096587
12 5 0 0 0.0092395
12 5 1 0 -0.0000160
12 5 1 1 0.0105937
12 5 2 0 -0.0002965
12 5 2 1 -0.0094416
12 5 2 2 0.0195642
12 5 3 0 -0.0000480
12 5 3 1 -0.0020224
12 5 3 2 0.0008703
12 5 3 3 0.0044878
12 5 4 0 0.0000863
12 5 4 1 0.0015420
12 5 4 2 -0.0033607
12 5 4 3 -0.0018408
12 5 4 4 0.0088973
12 5 5 0 -0.0018549
12 5 5 1 -0.0036028
12 5 5 2 0.0052342
12 5 5 3 -0.0049677
12 5 5 4 -0.0054776
12 5 5 5 -0.0394239
12 5 6 0 -0.0003234
12 5 6 1 0.0014133
12 5 6 2 -0.0012005
12 5 6 3 -0.0005113
12 5 6 4 0.0025999
12 5 6 5 0.0004434
12 5 6 6 0.0066655
12 5 7 0 -0.0003613
12 5 7 1 -0.0033059
12 5 7 2 0.0028320
12 5 7 3 -0.0044284
12 5 7 4 -0.0029642
12 5 7 5 -0.0085206
12 5 7 6 0.0011346
12 5 7 7 0.0036291
12 5 8 0 0.0004695
12 5 8 1 -0.0067967
12 5 8 2 0.0155525
12 5 8 3 0.0029265
12 5 8 4 -0.0034588
12 5 8 5 0.0057341
12 5 8 6 -0.0035902
12 5 8 7 0.0043375
12 5 8 8 0.0346708
12 5 9 0 0.0000136
12 5 9 1 0.0011475
12 5 9 2 -0.0007254
12 5 9 3 -0.0035156
12 5 9 4 0.0062681
12 5 9 5 0.0125233
12 5 9 6 0.0033081
12 5 9 7 0.0047485
12 5 9 8 -0.0029255
12 5 9 9 0.0552239
12 5 10 0 -0.0000007
12 5 10 1 -0.0025010
12 5 10 2 0.0056383
12 5 10 3 0.0011143
12 5 10 4 0.0023874
12 5 10 5 -0.0253725
12 5 10 6 -0.0000430
12 5 10 7 -0.0079322
12 5 10 8 0.0069852
12 5 10 9 0.0087046
12 5 10 10 0.0426671
12 5 11 0 -0.0001017
12 5 11 1 -0.0006012
12 5 11 2 -0.0021277
12 5 11 3 -0.0005670
12 5 11 4 0.0003943
12 5 11 5 0.0052304
12 5 11 6 0.0016716
12 5 11 7 -0.0034835
12 5 11 8 -0.0030861
12 5 11 9 -0.0026614
12 5 11 10 0.0052122
12 5 11 11 0.1008449
12 5 12 0 -0.0002821
12 5 12 1 -0.0063687
12 5 12 2 0.0083819
12 5 12 3 0.0030455
12 5 12 4 -0.0011037
12 5 12 5 0.0364456
12 5 12 6 -0.0008713
12 5 12 7 0.0104496
12 5 12 8 0.0106015
12 5 12 9 -0.0002579
12 5 12 10 -0.0009525
12 5 12 11 -0.0108433
12 5 12 12 0.0729146
12 6 0 0 0.0037540
12 6 1 0 0.0000883
12 6 1 1 0.0030092
12 6 2 0 0.0001116
12 6 2 1 -0.0015408
12 6 2 2 0.0044307
12 6 3 0 0.0000746
12 6 3 1 -0.0008105
12 6 3 2 0.0002165
12 6 3 3 0.0020281
12 6 4 0 0.0004100
12 6 4 1 0.0011310
12 6 4 2 -0.0009024
12 6 4 3 0.0000840
12 6 4 4 0.0029184
12 6 5 0 -0.0004728
12 6 5 1 0.0001109
12 6 5 2 -0.0004728
12 6 5 3 0.0001747
12 6 5 4 0.0002280
12 6 5 5 0.0012559
12 6 6 0 0.0001038
12 6 6 1 0.0013412
12 6 6 2 -0.0001368
12 6 6 3 -0.0004528
12 6 6 4 0.0009492
12 6 6 5 0.0011001
12 6 6 6 0.0026092
12 6 7 0 0.0006821
12 6 7 1 0.0001250
12 6 7 2 -0.0003137
12 6 7 3 -0.0007914
12 6 7 4 -0.0006134
12 6 7 5 -0.0000255
12 6 7 6 0.0001428
12 6 7 7 0.0023590
12 6 8 0 0.0000475
12 6 8 1 0.0000058
12 6 8 2 0.0013554
12 6 8 3 -0.0002765
12 6 8 4 0.0003600
12 6 8 5 -0.0007211
12 6 8 6 0.0002580
12 6 8 7 0.0003581
12 6 8 8 0.0056343
12 6 9 0 -0.0000669
12 6 9 1 -0.0002135
12 6 9 2 -0.0002564
12 6 9 3 0.0001085
12 6 9 4 0.0001799
12 6 9 5 0.0021739
12 6 9 6 0.0000435
12 6 9 7 0.0002880
12 6 9 8 -0.0017719
12 6 9 9 0.0041988
12 6 10 0 -0.0000154
12 6 10 1 -0.0000623
12 6 10 2 -0.0000008
12 6 10 3 -0.0000360
12 6 10 4 -0.0001007
12 6 10 5 -0.0005572
12 6 10 6 -0.0000053
12 6 10 7 0.0000106
12 6 10 8 -0.0003309
12 6 10 9 0.0001784
12 6 10 10 0.0046357
12 6 11 0 0.0000182
12 6 11 1 -0.0002893
12 6 11 2 0.0000684
12 6 11 3 -0.0001115
12 6 11 4 -0.0003169
12 6 11 5 0.0000493
12 6 11 6 0.0005013
12 6 11 7 -0.0004761
12 6 11 8 0.0009789
12 6 11 9 -0.0001567
12 6 11 10 -0.0000104
12 6 11 11 0.0020355
12 6 12 0 0.0000274
12 6 12 1 0.0015115
12 6 12 2 -0.0022786
12 6 12 3 -0.0008712
12 6 12 4 0.0016714
12 6 12 5 -0.0008713
12 6 12 6 0.0010023
12 6 12 7 -0.0002579
12 6 12 8 -0.0036732
12 6 12 9 0.0069215
12 6 12 10 0.0015131
12 6 12 11 -0.0005567
12 6 12 12 -0.0021765
12 7 0 0 -0.0000830
12 7 1 0 -0.0000511
12 7 1 1 0.0006289
12 7 2 0 -0.0000843
12 7 2 1 -0.0012409
12 7 2 2 0.0019364
12 7 3 0 -0.0004824
12 7 3 1 -0.0017153
12 7 3 2 0.0003411
12 7 3 3 -0.0002630
12 7 4 0 -0.0001802
12 7 4 1 -0.0001205
12 7 4 2 -0.0003622
12 7 4 3 -0.0002351
12 7 4 4 0.0004231
12 7 5 0 -0.0003694
12 7 5 1 -0.0006199
12 7 5 2 0.0017022
12 7 5 3 -0.0015460
12 7 5 4 -0.0001348
12 7 5 5 -0.0019307
12 7 6 0 0.0002142
12 7 6 1 0.0005013
12 7 6 2 -0.0005085
12 7 6 3 -0.0002291
12 7 6 4 -0.0002796
12 7 6 5 -0.0022134
12 7 6 6 0.0001935
12 7 7 0 0.0002006
12 7 7 1 0.0009532
12 7 7 2 0.0002292
12 7 7 3 -0.0007787
12 7 7 4 -0.0006656
12 7 7 5 -0.0004845
12 7 7 6 -0.0000768
12 7 7 7 -0.0006166
12 7 8 0 0.0000490
12 7 8 1 -0.0019427
12 7 8 2 0.0033490
12 7 8 3 0.0000204
12 7 8 4 -0.0011560
12 7 8 5 0.0001599
12 7 8 6 -0.0002528
12 7 8 7 0.0018354
12 7 8 8 0.0054969
12 7 9 0 -0.0000508
12 7 9 1 0.0000240
12 7 9 2 -0.0002756
12 7 9 3 -0.0010431
12 7 9 4 0.0017945
12 7 9 5 0.0025549
12 7 9 6 0.0012065
12 7 9 7 0.0010583
12 7 9 8 -0.0020340
12 7 9 9 0.0114186
12 7 10 0 0.0000739
12 7 10 1 -0.0002898
12 7 10 2 0.0015865
12 7 10 3 0.0004684
12 7 10 4 0.0007931
12 7 10 5 -0.0044307
12 7 10 6 -0.0001671
12 7 10 7 -0.0014766
12 7 10 8 0.0034904
12 7 10 9 0.0020874
12 7 10 10 0.0087198
12 7 11 0 -0.0000407
12 7 11 1 -0.0000282
12 7 11 2 -0.0006561
12 7 11 3 -0.0001474
12 7 11 4 0.0002188
12 7 11 5 0.0002007
12 7 11 6 0.0002222
12 7 11 7 -0.0010621
12 7 11 8 -0.0015253
12 7 11 9 -0.0008261
12 7 11 10 0.0015426
12 7 11 11 0.0262687
12 7 12 0 -0.0000988
12 7 12 1 -0.0030479
12 7 12 2 0.0044568
12 7 12 3 -0.0003795
12 7 12 4 -0.0013491
12 7 12 5 0.0104496
12 7 12 6 -0.0002579
12 7 12 7 0.0043602
12 7 12 8 0.0060093
12 7 12 9 0.0056649
12 7 12 10 -0.0078983
12 7 12 11 -0.0024955
12 7 12 12 0.0222398
12 8 0 0 -0.0181634
12 8 1 0 0.0001395
12 8 1 1 -0.0191768
12 8 2 0 0.0006504
12 8 2 1 0.0102094
12 8 2 2 -0.0267604
12 8 3 0 0.0003759
12 8 3 1 0.0007189
12 8 3 2 -0.0007030
12 8 3 3 -0.0128044
12 8 4 0 -0.0000370
12 8 4 1 -0.0018686
12 8 4 2 0.0036833
12 8 4 3 0.0003065
12 8 4 4 -0.0163419
12 8 5 0 -0.0000248
12 8 5 1 -0.0018834
12 8 5 2 0.0029666
12 8 5 3 0.0020444
12 8 5 4 0.0002775
12 8 5 5 0.0099672
12 8 6 0 0.0001983
12 8 6 1 -0.0009818
12 8 6 2 0.0001650
12 8 6 3 0.0014662
12 8 6 4 -0.0025152
12 8 6 5 0.0000993
12 8 6 6 -0.0132190
12 8 7 0 0.0004441
12 8 7 1 -0.0001484
12 8 7 2 0.0003038
12 8 7 3 0.0039294
12 8 7 4 0.0013801
12 8 7 5 0.0065259
12 8 7 6 -0.0010239
12 8 7 7 -0.0124696
12 8 8 0 -0.0008476
12 8 8 1 0.0006484
12 8 8 2 -0.0069759
12 8 8 3 -0.0001715
12 8 8 4 0.0020598
12 8 8 5 0.0061185
12 8 8 6 0.0018978
12 8 8 7 0.0000957
12 8 8 8 -0.0295478
12 8 9 0 0.0000006
12 8 9 1 -0.0003493
12 8 9 2 0.0006690
12 8 9 3 -0.0016164
12 8 9 4 0.0010364
12 8 9 5 -0.0051159
12 8 9 6 0.0017719
12 8 9 7 0.0002081
12 8 9 8 0.0005384
12 8 9 9 -0.0196626
12 8 10 0 -0.0000058
12 8 10 1 0.0001724
12 8 10 2 -0.0004390
12 8 10 3 0.0018545
12 8 10 4 0.0025553
12 8 10 5 0.0101467
12 8 10 6 0.0005063
12 8 10 7 0.0005130
12 8 10 8 -0.0009718
12 8 10 9 -0.0005443
12 8 10 10 -0.0187862
12 8 11 0 -0.0001060
12 8 11 1 0.0002773
12 8 11 2 -0.0027870
12 8 11 3 -0.0007668
12 8 11 4 0.0004773
12 8 11 5 0.0002420
12 8 11 6 0.0014516
12 8 11 7 -0.0020028
12 8 11 8 -0.0066859
12 8 11 9 0.0001786
12 8 11 10 -0.0003917
12 8 11 11 0.0137000
12 8 12 0 -0.0002667
12 8 12 1 -0.0148966
12 8 12 2 0.0239491
12 8 12 3 0.0024400
12 8 12 4 -0.0065330
12 8 12 5 0.0106015
12 8 12 6 -0.0036732
12 8 12 7 0.0060093
12 8 12 8 0.0342548
12 8 12 9 0.0003911
12 8 12 10 0.0014185
12 8 12 11 0.0023541
12 8 12 12 0.0425279
12 9 0 0 -0.0000086
12 9 1 0 0.0001020
12 9 1 1 0.0005805
12 9 2 0 -0.0003140
12 9 2 1 -0.0042358
12 9 2 2 0.0000667
12 9 3 0 0.0011277
12 9 3 1 0.0127159
12 9 3 2 0.0018718
12 9 3 3 -0.0029856
12 9 4 0 -0.0012914
12 9 4 1 -0.0094146
12 9 4 2 0.0008481
12 9 4 3 0.0042489
12 9 4 4 0.0002237
12 9 5 0 0.0002829
12 9 5 1 0.0044441
12 9 5 2 -0.0072651
12 9 5 3 0.0013192
12 9 5 4 0.0066729
12 9 5 5 0.0417174
12 9 6 0 -0.0015737
12 9 6 1 -0.0051798
12 9 6 2 0.0071439
12 9 6 3 -0.0064315
12 9 6 4 0.0020886
12 9 6 5 0.0036589
12 9 6 6 -0.0087949
12 9 7 0 -0.0012195
12 9 7 1 -0.0034838
12 9 7 2 0.0039212
12 9 7 3 0.0013279
12 9 7 4 0.0050502
12 9 7 5 0.0090208
12 9 7 6 -0.0014152
12 9 7 7 0.0051673
12 9 8 0 -0.0001258
12 9 8 1 -0.0004422
12 9 8 2 -0.0006939
12 9 8 3 0.0046872
12 9 8 4 -0.0072147
12 9 8 5 -0.0076580
12 9 8 6 -0.0066302
12 9 8 7 -0.0070144
12 9 8 8 0.0001984
12 9 9 0 -0.0005341
12 9 9 1 0.0131691
12 9 9 2 -0.0249678
12 9 9 3 -0.0011199
12 9 9 4 0.0085200
12 9 9 5 0.0174938
12 9 9 6 0.0041486
12 9 9 7 -0.0007100
12 9 9 8 -0.0422016
12 9 9 9 0.0000008
12 9 10 0 0.0000079
12 9 10 1 0.0003260
12 9 10 2 -0.0010386
12 9 10 3 0.0010265
12 9 10 4 0.0009503
12 9 10 5 0.0186773
12 9 10 6 0.0006118
12 9 10 7 0.0041234
12 9 10 8 -0.0010658
12 9 10 9 0.0000000
12 9 10 10 -0.0000001
12 9 11 0 -0.0000009
12 9 11 1 -0.0001315
12 9 11 2 0.0000046
12 9 11 3 0.0003850
12 9 11 4 -0.0010410
12 9 11 5 -0.0053466
12 9 11 6 -0.0005387
12 9 11 7 -0.0018455
12 9 11 8 0.0003454
12 9 11 9 -0.0001295
12 9 11 10 0.0000000
12 9 11 11 -0.0000014
12 9 12 0 0.0000106
12 9 12 1 -0.0002847
12 9 12 2 0.0031585
12 9 12 3 -0.0107227
12 9 12 4 0.0097642
12 9 12 5 -0.0002579
12 9 12 6 0.0069215
12 9 12 7 0.0056649
12 9 12 8 0.0003911
12 9 12 9 0.1160615
12 9 12 10 0.0000000
12 9 12 11 -0.0000002
12 9 12 12 -0.0000008
12 10 0 0 -0.0000113
12 10 1 0 0.0001268
12 10 1 1 -0.0001516
12 10 2 0 -0.0002171
12 10 2 1 -0.0026019
12 10 2 2 -0.0009682
12 10 3 0 -0.0009676
12 10 3 1 -0.0110259
12 10 3 2 0.0001212
12 10 3 3 -0.0054002
12 10 4 0 -0.0016666
12 10 4 1 -0.0127535
12 10 4 2 0.0036349
12 10 4 3 -0.0024194
12 10 4 4 -0.0005282
12 10 5 0 -0.0002448
12 10 5 1 -0.0076123
12 10 5 2 0.0151222
12 10 5 3 -0.0042941
12 10 5 4 -0.0055496
12 10 5 5 -0.0820343
12 10 6 0 -0.0003528
12 10 6 1 -0.0009251
12 10 6 2 0.0011408
12 10 6 3 0.0020259
12 10 6 4 -0.0018334
12 10 6 5 -0.0025100
12 10 6 6 -0.0012703
12 10 7 0 0.0016758
12 10 7 1 0.0038796
12 10 7 2 -0.0032196
12 10 7 3 -0.0082958
12 10 7 4 -0.0036414
12 10 7 5 -0.0168175
12 10 7 6 0.0039599
12 10 7 7 -0.0090708
12 10 8 0 -0.0003170
12 10 8 1 0.0001940
12 10 8 2 -0.0017783
12 10 8 3 -0.0029210
12 10 8 4 -0.0067617
12 10 8 5 0.0166623
12 10 8 6 -0.0018057
12 10 8 7 0.0114052
12 10 8 8 -0.0043567
12 10 9 0 0.0000079
12 10 9 1 0.0003260
12 10 9 2 -0.0010386
12 10 9 3 0.0010265
12 10 9 4 0.0009503
12 10 9 5 0.0186772
12 10 9 6 0.0006118
12 10 9 7 0.0041234
12 10 9 8 -0.0010658
12 10 9 9 -0.0000000
12 10 10 0 -0.0005293
12 10 10 1 0.0122947
12 10 10 2 -0.0241244
12 10 10 3 -0.0014081
12 10 10 4 0.0066456
12 10 10 5 -0.0095899
12 10 10 6 0.0058736
12 10 10 7 -0.0055215
12 10 10 8 -0.0403114
12 10 10 9 0.0000004
12 10 10 10 0.0000000
12 10 11 0 -0.0000011
12 10 11 1 0.0003251
12 10 11 2 -0.0006257
12 10 11 3 0.0001042
12 10 11 4 -0.0002287
12 10 11 5 0.0105136
12 10 11 6 -0.0000693
12 10 11 7 0.0033583
12 10 11 8 -0.0008351
12 10 11 9 0.0000000
12 10 11 10 -0.0001295
12 10 11 11 0.0000000
12 10 12 0 0.0000143
12 10 12 1 -0.0003241
12 10 12 2 0.0024779
12 10 12 3 0.0089505
12 10 12 4 0.0121803
12 10 12 5 -0.0009525
12 10 12 6 0.0015131
12 10 12 7 -0.0078983
12 10 12 8 0.0014185
12 10 12 9 0.0000000
12 10 12 10 0.1160615
12 10 12 11 0.0000000
12 10 12 12 -0.0000001
12 11 0 0 -0.0155482
12 11 1 0 0.0000299
12 11 1 1 -0.0163370
12 11 2 0 0.0005878
12 11 2 1 0.0128454
12 11 2 2 -0.0289456
12 11 3 0 -0.0000044
12 11 3 1 0.0010543
12 11 3 2 -0.0013956
12 11 3 3 -0.0094357
12 11 4 0 -0.0003057
12 11 4 1 -0.0027020
12 11 4 2 0.0053375
12 11 4 3 0.0004557
12 11 4 4 -0.0136247
12 11 5 0 -0.0005563
12 11 5 1 0.0013654
12 11 5 2 -0.0016971
12 11 5 3 0.0012206
12 11 5 4 0.0014472
12 11 5 5 -0.0101066
12 11 6 0 0.0004282
12 11 6 1 -0.0021734
12 11 6 2 0.0014645
12 11 6 3 0.0018679
12 11 6 4 -0.0032915
12 11 6 5 0.0002314
12 11 6 6 -0.0099044
12 11 7 0 -0.0004095
12 11 7 1 0.0017082
12 11 7 2 -0.0020286
12 11 7 3 0.0038831
12 11 7 4 0.0019721
12 11 7 5 -0.0022585
12 11 7 6 -0.0005211
12 11 7 7 -0.0121445
12 11 8 0 -0.0007073
12 11 8 1 0.0083081
12 11 8 2 -0.0207901
12 11 8 3 -0.0014594
12 11 8 4 0.0058055
12 11 8 5 -0.0012035
12 11 8 6 0.0046659
12 11 8 7 -0.0037089
12 11 8 8 -0.0514189
12 11 9 0 -0.0000012
12 11 9 1 -0.0002243
12 11 9 2 -0.0007385
12 11 9 3 0.0031513
12 11 9 4 -0.0038136
12 11 9 5 -0.0090895
12 11 9 6 -0.0017845
12 11 9 7 -0.0038542
12 11 9 8 0.0005495
12 11 9 9 -0.0498536
12 11 10 0 -0.0000014
12 11 10 1 0.0005264
12 11 10 2 -0.0016506
12 11 10 3 -0.0018970
12 11 10 4 -0.0029251
12 11 10 5 0.0180836
12 11 10 6 -0.0003113
12 11 10 7 0.0067195
12 11 10 8 -0.0015924
12 11 10 9 0.0000000
12 11 10 10 -0.0498536
12 11 11 0 0.0004626
12 11 11 1 -0.0039768
12 11 11 2 0.0095172
12 11 11 3 -0.0019262
12 11 11 4 -0.0042113
12 11 11 5 -0.0105728
12 11 11 6 -0.0017758
12 11 11 7 -0.0044223
12 11 11 8 0.0221910
12 11 11 9 -0.0000011
12 11 11 10 0.0000001
12 11 11 11 -0.3628165
12 11 12 0 0.0000142
12 11 12 1 -0.0008751
12 11 12 2 0.0021029
12 11 12 3 -0.0006348
12 11 12 4 -0.0010237
12 11 12 5 -0.0108433
12 11 12 6 -0.0005567
12 11 12 7 -0.0024955
12 11 12 8 0.0023541
12 11 12 9 -0.0000002
12 11 12 10 0.0000000
12 11 12 11 0.0525111
12 11 12 12 -0.0397103
12 12 0 0 0.2916585
12 12 1 0 0.0000730
12 12 1 1 0.2988502
12 12 2 0 -0.0049159
12 12 2 1 -0.0957076
12 12 2 2 0.3646029
12 12 3 0 -0.0003383
12 12 3 1 -0.0077315
12 12 3 2 0.0088732
12 12 3 3 0.2500459
12 12 4 0 0.0022666
12 12 4 1 0.0194902
12 12 4 2 -0.0312533
12 12 4 3 -0.0009401
12 12 4 4 0.2815227
12 12 5 0 -0.0008086
12 12 5 1 -0.0078706
12 12 5 2 0.0114671
12 12 5 3 0.0199934
12 12 5 4 0.0059193
12 12 5 5 0.4631982
12 12 6 0 -0.0032752
12 12 6 1 0.0133206
12 12 6 2 -0.0043460
12 12 6 3 -0.0173973
12 12 6 4 0.0282620
12 12 6 5 -0.0029490
12 12 6 6 0.2446384
12 12 7 0 0.0018083
12 12 7 1 -0.0107558
12 12 7 2 0.0128996
12 12 7 3 -0.0299073
12 12 7 4 -0.0127370
12 12 7 5 0.0602203
12 12 7 6 0.0062218
12 12 7 7 0.2731564
12 12 8 0 0.0049718
12 12 8 1 -0.0409738
12 12 8 2 0.1162852
12 12 8 3 0.0100206
12 12 8 4 -0.0302658
12 12 8 5 0.0146165
12 12 8 6 -0.0242873
12 12 8 7 0.0247448
12 12 8 8 0.4779858
12 12 9 0 0.0000162
12 12 9 1 0.0000865
12 12 9 2 0.0083883
12 12 9 3 -0.0297370
12 12 9 4 0.0283558
12 12 9 5 0.0190961
12 12 9 6 0.0162551
12 12 9 7 0.0184465
12 12 9 8 -0.0005104
12 12 9 9 0.6206839
12 12 10 0 0.0000213
12 12 10 1 -0.0014921
12 12 10 2 0.0088783
12 12 10 3 0.0232199
12 12 10 4 0.0314073
12 12 10 5 -0.0407091
12 12 10 6 0.0033966
12 12 10 7 -0.0286342
12 12 10 8 0.0059400
12 12 10 9 -0.0000000
12 12 10 10 0.6206839
12 12 11 0 -0.0008823
12 12 11 1 -0.0024044
12 12 11 2 -0.0038342
12 12 11 3 0.0008381
12 12 11 4 0.0017174
12 12 11 5 0.0132799
12 12 11 6 0.0025332
12 12 11 7 0.0016849
12 12 11 8 -0.0161773
12 12 11 9 0.0000007
12 12 11 10 -0.0000001
12 12 11 11 0.8534751
12 12 12 0 -0.0020578
12 12 12 1 -0.0347506
12 12 12 2 0.0410871
12 12 12 3 0.0081164
12 12 12 4 -0.0096587
12 12 12 5 0.0729146
12 12 12 6 -0.0021765
12 12 12 7 0.0222398
12 12 12 8 0.0425279
12 12 12 9 -0.0000008
12 12 12 10 -0.0000001
12 12 12 11 -0.0397103
12 12 12 12 0.7224719
