-41.378889215588636
-3.697987273535656
13
1111111111000000000000000000000000	0.9881882531627428
1111111100110000000000000000000000	0.004794508883349582
1111110011001100000000000000000000	0.0022733134552045866
1111111001100100000000000000000000	0.0018525130602580825
1111110110011000000000000000000000	0.001851020250141977
1111111100001100000000000000000000	0.0010008569066680022
1111110000111100000000000000000000	2.686363826440753e-05
1111111111111100000000000000000000	4.8309664219122105e-06
1111110000000000000000000000000000	2.2773849480922652e-06
1111111010101000000000000000000000	1.9014399206455694e-06
1111110101010100000000000000000000	1.8999279346194703e-06
1111111010010100000000000000000000	8.823664508071588e-07
1111110101101000000000000000000000	8.78557694383613e-07
0.0	
0.0	0.0	
0.0	0.0	0.0	
0.0	0.0	0.0	0.0	
0.0	0.0	0.0	0.0	0.0	
0.0	0.0	0.0	0.0	0.0	0.0	
0.0	0.0	0.0	0.0	0.0	0.0	0.0	
0.0	0.0	0.0	0.0	0.0	0.0	0.0	0.0	
0.0	0.0	0.0	0.0	0.0	0.0	0.0	0.0	0.0	
0.0	0.0	0.0	0.0	0.0	0.0	0.0	0.0	0.0	0.0	
0.0	0.0	0.0	0.0	0.0	0.0	0.0	0.0	0.0	0.0	0.0	
0.0	0.0	0.0	0.0	0.0	0.0	0.0	0.0	0.0	0.0	0.0	0.0	
0.0	0.0	0.0	0.0	0.0	0.0	0.0	0.0	0.0	0.0	0.0	0.0	0.0	
0.0	0.0	0.0	0.0	0.0	0.0	0.0	0.0	0.0	0.0	0.0	0.0	0.0	0.0	
0.0	0.0	0.0	0.0	0.0	0.0	0.0	0.0	0.0	0.0	0.0	0.0	0.0	0.0	0.0	
0.0	0.0	0.0	0.0	0.0	0.0	0.0	0.0	0.0	0.0	0.0	0.0	0.0	0.0	0.0	0.0	
0.0	0.0	0.0	0.0	0.0	0.0	0.0	0.0	0.0	0.0	0.0	0.0	0.0	0.0	0.0	0.0	0.0	
