-70.88379357226172
-21.364165918722016
16
11111111111111110000000000000000	0.995180288806903
11111111110110110010010000000000	0.0010250102097896813
11111111111001110001100000000000	0.001024879467639492
11111111111100110011000000000000	0.0009462247737842538
11111111110011110011000000000000	0.000921645217427849
11111111001111111100000000000000	0.0008926579899634416
11111111110000110011110000000000	1.0555996033580265e-06
11111111110101110001010000000000	9.745872831219066e-07
11111111111010110010100000000000	9.74462972519217e-07
11111111111010110001010000000000	9.492709695847651e-07
11111111110101110010100000000000	9.491498881296827e-07
11111111000110111110010000000000	9.194148676917764e-07
11111111001001111101100000000000	9.192975944435982e-07
11111111110000110000000000000000	8.763070844335253e-07
11111111001100111111000000000000	8.487458143212435e-07
11111111000011111111000000000000	8.266984148519386e-07
0.0	
0.0	0.0	
0.0	0.0	0.0	
0.0	0.0	0.0	0.0	
0.0	0.0	0.0	0.0	0.0	
0.0	0.0	0.0	0.0	0.0	0.0	
0.0	0.0	0.0	0.0	0.0	0.0	0.0	
0.0	0.0	0.0	0.0	0.0	0.0	0.0	0.0	
0.0	0.0	0.0	0.0	0.0	0.0	0.0	0.0	0.0	
0.0	0.0	0.0	0.0	0.0	0.0	0.0	0.0	0.0	0.0	
0.0	0.0	0.0	0.0	0.0	0.0	0.0	0.0	0.0	0.0	0.0	
0.0	0.0	0.0	0.0	0.0	0.0	0.0	0.0	0.0	0.0	0.0	0.0	
0.0	0.0	0.0	0.0	0.0	0.0	0.0	0.0	0.0	0.0	0.0	0.0	0.0	
0.0	0.0	0.0	0.0	0.0	0.0	0.0	0.0	0.0	0.0	0.0	0.0	0.0	0.0	
0.0	0.0	0.0	0.0	0.0	0.0	0.0	0.0	0.0	0.0	0.0	0.0	0.0	0.0	0.0	
0.0	0.0	0.0	0.0	0.0	0.0	0.0	0.0	0.0	0.0	0.0	0.0	0.0	0.0	0.0	0.0	
