-36.259385776879405
-13.187007647272276
13
111111110000000000000000	0.9893679491107517
111111001100000000000000	0.0044197114964690185
111100111100000000000000	0.00324356849223961
111111000011000000000000	0.0013101146970982839
111111000110000000000000	0.0008155543708607588
111111001001000000000000	0.000814908669669515
111100000000000000000000	1.448969209849682e-05
111100001111000000000000	4.295112608557287e-06
111100001010000000000000	2.673733734158131e-06
111100000101000000000000	2.671616851312656e-06
111111111111000000000000	2.55631386765026e-06
111111111010000000000000	7.543616017487054e-07
111111110101000000000000	7.523321489578248e-07
0.0	
0.0	0.0	
0.0	0.0	0.0	
0.0	0.0	0.0	0.0	
0.0	0.0	0.0	0.0	0.0	
0.0	0.0	0.0	0.0	0.0	0.0	
0.0	0.0	0.0	0.0	0.0	0.0	0.0	
0.0	0.0	0.0	0.0	0.0	0.0	0.0	0.0	
0.0	0.0	0.0	0.0	0.0	0.0	0.0	0.0	0.0	
0.0	0.0	0.0	0.0	0.0	0.0	0.0	0.0	0.0	0.0	
0.0	0.0	0.0	0.0	0.0	0.0	0.0	0.0	0.0	0.0	0.0	
0.0	0.0	0.0	0.0	0.0	0.0	0.0	0.0	0.0	0.0	0.0	0.0	
