-40.840512544916784
-2.045732130149607
10
11111111110000000000000000	0.9968480326010687
11111111000011000000000000	0.0022071514375609875
11111111001100000000000000	0.0004185192729653654
11111100110011000000000000	0.000258882001172679
11111100111100000000000000	0.00014933005572027112
11111110011100000000000000	0.00011464634536691309
11111111111111000000000000	1.3467000395433077e-06
11111100000000000000000000	1.0171560660287598e-06
11111100001111000000000000	8.20588092135053e-07
11111110101111000000000000	2.538419475307924e-07
0.0	
0.0	0.0	
0.0	0.0	0.0	
0.0	0.0	0.0	0.0	
0.0	0.0	0.0	0.0	0.0	
0.0	0.0	0.0	0.0	0.0	0.0	
0.0	0.0	0.0	0.0	0.0	0.0	0.0	
0.0	0.0	0.0	0.0	0.0	0.0	0.0	0.0	
0.0	0.0	0.0	0.0	0.0	0.0	0.0	0.0	0.0	
0.0	0.0	0.0	0.0	0.0	0.0	0.0	0.0	0.0	0.0	
0.0	0.0	0.0	0.0	0.0	0.0	0.0	0.0	0.0	0.0	0.0	
0.0	0.0	0.0	0.0	0.0	0.0	0.0	0.0	0.0	0.0	0.0	0.0	
0.0	0.0	0.0	0.0	0.0	0.0	0.0	0.0	0.0	0.0	0.0	0.0	0.0	
