-40.84106718807846
-2.0463341438099603
10
11111111110000000000000000	0.9968473516946579
11111111000011000000000000	0.002207886596341145
11111111001100000000000000	0.00041845767548089334
11111100110011000000000000	0.00025886287724568257
11111100111100000000000000	0.00014934714999210018
11111110011100000000000000	0.00011465503916883501
11111111111111000000000000	1.3469182683165355e-06
11111100000000000000000000	1.017346787247996e-06
11111100001111000000000000	8.207561316225501e-07
11111110101111000000000000	2.53945926378296e-07
0.0	
0.0	0.0	
0.0	0.0	0.0	
0.0	0.0	0.0	0.0	
0.0	0.0	0.0	0.0	0.0	
0.0	0.0	0.0	0.0	0.0	0.0	
0.0	0.0	0.0	0.0	0.0	0.0	0.0	
0.0	0.0	0.0	0.0	0.0	0.0	0.0	0.0	
0.0	0.0	0.0	0.0	0.0	0.0	0.0	0.0	0.0	
0.0	0.0	0.0	0.0	0.0	0.0	0.0	0.0	0.0	0.0	
0.0	0.0	0.0	0.0	0.0	0.0	0.0	0.0	0.0	0.0	0.0	
0.0	0.0	0.0	0.0	0.0	0.0	0.0	0.0	0.0	0.0	0.0	0.0	
0.0	0.0	0.0	0.0	0.0	0.0	0.0	0.0	0.0	0.0	0.0	0.0	0.0	
