-35.235970468378234
-12.198346647158187
13
111111110000000000000000	0.9794710210259352
111100111100000000000000	0.007976014203456989
111111001100000000000000	0.0034429729115078534
111100110011000000000000	0.003164250203308145
111101100110000000000000	0.002902585632996244
111110011001000000000000	0.0029021571075817246
111100001111000000000000	3.9283972954380016e-05
111100000000000000000000	2.7719050692374093e-05
111111111111000000000000	2.5449269250305194e-05
111110101010000000000000	2.3956075159084098e-05
111101010101000000000000	2.3952585457654274e-05
111110010110000000000000	3.189813465037229e-07
111101101001000000000000	3.18980353418656e-07
0.0	
0.0	0.0	
0.0	0.0	0.0	
0.0	0.0	0.0	0.0	
0.0	0.0	0.0	0.0	0.0	
0.0	0.0	0.0	0.0	0.0	0.0	
0.0	0.0	0.0	0.0	0.0	0.0	0.0	
0.0	0.0	0.0	0.0	0.0	0.0	0.0	0.0	
0.0	0.0	0.0	0.0	0.0	0.0	0.0	0.0	0.0	
0.0	0.0	0.0	0.0	0.0	0.0	0.0	0.0	0.0	0.0	
0.0	0.0	0.0	0.0	0.0	0.0	0.0	0.0	0.0	0.0	0.0	
0.0	0.0	0.0	0.0	0.0	0.0	0.0	0.0	0.0	0.0	0.0	0.0	
