-35.2354107803012
-12.197701275466203
13
111111110000000000000000	0.9794712481541358
111100111100000000000000	0.007976673018430526
111111001100000000000000	0.003442811647389609
111100110011000000000000	0.00316410002066129
111101100110000000000000	0.00290231299922908
111110011001000000000000	0.0029018597289790543
111100001111000000000000	3.9278382956018146e-05
111100000000000000000000	2.7720066651496204e-05
111111111111000000000000	2.5450188515663897e-05
111110101010000000000000	2.3955781512992145e-05
111101010101000000000000	2.39520899977071e-05
111110010110000000000000	3.1896129558937265e-07
111101101001000000000000	3.1896024511495294e-07
0.0	
0.0	0.0	
0.0	0.0	0.0	
0.0	0.0	0.0	0.0	
0.0	0.0	0.0	0.0	0.0	
0.0	0.0	0.0	0.0	0.0	0.0	
0.0	0.0	0.0	0.0	0.0	0.0	0.0	
0.0	0.0	0.0	0.0	0.0	0.0	0.0	0.0	
0.0	0.0	0.0	0.0	0.0	0.0	0.0	0.0	0.0	
0.0	0.0	0.0	0.0	0.0	0.0	0.0	0.0	0.0	0.0	
0.0	0.0	0.0	0.0	0.0	0.0	0.0	0.0	0.0	0.0	0.0	
0.0	0.0	0.0	0.0	0.0	0.0	0.0	0.0	0.0	0.0	0.0	0.0	
