-36.26137215706971
-13.188557365358909
13
111111110000000000000000	0.9893892298965506
111111001100000000000000	0.00440078508060952
111100111100000000000000	0.0032439063397181347
111111000011000000000000	0.001311414745111275
111111000110000000000000	0.0008136069865030678
111111001001000000000000	0.000812958383773959
111100000000000000000000	1.4428835680997836e-05
111100001111000000000000	4.299730052763089e-06
111100001010000000000000	2.667569831776149e-06
111100000101000000000000	2.665443260714575e-06
111111111111000000000000	2.5498073323023967e-06
111111111010000000000000	7.446034218878734e-07
111111110101000000000000	7.425781530307526e-07
0.0	
0.0	0.0	
0.0	0.0	0.0	
0.0	0.0	0.0	0.0	
0.0	0.0	0.0	0.0	0.0	
0.0	0.0	0.0	0.0	0.0	0.0	
0.0	0.0	0.0	0.0	0.0	0.0	0.0	
0.0	0.0	0.0	0.0	0.0	0.0	0.0	0.0	
0.0	0.0	0.0	0.0	0.0	0.0	0.0	0.0	0.0	
0.0	0.0	0.0	0.0	0.0	0.0	0.0	0.0	0.0	0.0	
0.0	0.0	0.0	0.0	0.0	0.0	0.0	0.0	0.0	0.0	0.0	
0.0	0.0	0.0	0.0	0.0	0.0	0.0	0.0	0.0	0.0	0.0	0.0	
