-36.78260281821715
-13.756290152200691
13
111111110000000000000000	0.9893606893579265
111111001100000000000000	0.005914001640081887
111100111100000000000000	0.0026243243493056304
111111000011000000000000	0.0008558282493957752
111111000110000000000000	0.0006094011589916175
111111001001000000000000	0.0006090634856639848
111100000000000000000000	1.5687159064276874e-05
111111111111000000000000	2.7156167943516343e-06
111100001111000000000000	2.2701234624255767e-06
111100001010000000000000	1.616464366574611e-06
111100000101000000000000	1.6155686726731224e-06
111111111010000000000000	1.394276328471258e-06
111111110101000000000000	1.3925499460233478e-06
0.0	
0.0	0.0	
0.0	0.0	0.0	
0.0	0.0	0.0	0.0	
0.0	0.0	0.0	0.0	0.0	
0.0	0.0	0.0	0.0	0.0	0.0	
0.0	0.0	0.0	0.0	0.0	0.0	0.0	
0.0	0.0	0.0	0.0	0.0	0.0	0.0	0.0	
0.0	0.0	0.0	0.0	0.0	0.0	0.0	0.0	0.0	
0.0	0.0	0.0	0.0	0.0	0.0	0.0	0.0	0.0	0.0	
0.0	0.0	0.0	0.0	0.0	0.0	0.0	0.0	0.0	0.0	0.0	
0.0	0.0	0.0	0.0	0.0	0.0	0.0	0.0	0.0	0.0	0.0	0.0	
