-35.23844757256355
-12.201211937232591
13
111111110000000000000000	0.9794685621132712
111100111100000000000000	0.007974007493341217
111111001100000000000000	0.003443846198256033
111100110011000000000000	0.003164924396688365
111101100110000000000000	0.0029040375754471443
111110011001000000000000	0.0029035840458683138
111100001111000000000000	3.93120640245002e-05
111100000000000000000000	2.7719024138939952e-05
111111111111000000000000	2.5448187079728378e-05
111110101010000000000000	2.3962162630520682e-05
111101010101000000000000	2.3958470227240402e-05
111110010110000000000000	3.1913503912600175e-07
111101101001000000000000	3.191339876036217e-07
0.0	
0.0	0.0	
0.0	0.0	0.0	
0.0	0.0	0.0	0.0	
0.0	0.0	0.0	0.0	0.0	
0.0	0.0	0.0	0.0	0.0	0.0	
0.0	0.0	0.0	0.0	0.0	0.0	0.0	
0.0	0.0	0.0	0.0	0.0	0.0	0.0	0.0	
0.0	0.0	0.0	0.0	0.0	0.0	0.0	0.0	0.0	
0.0	0.0	0.0	0.0	0.0	0.0	0.0	0.0	0.0	0.0	
0.0	0.0	0.0	0.0	0.0	0.0	0.0	0.0	0.0	0.0	0.0	
0.0	0.0	0.0	0.0	0.0	0.0	0.0	0.0	0.0	0.0	0.0	0.0	
