-35.249557493336
-12.214261405708614
13
111111110000000000000000	0.9794550383789693
111100111100000000000000	0.007964602213192673
111111001100000000000000	0.0034490980593075474
111100110011000000000000	0.003167381333390802
111101100110000000000000	0.0029115284408776938
111110011001000000000000	0.0029111009616618897
111100001111000000000000	3.945594353887873e-05
111100000000000000000000	2.7728231483932723e-05
111111111111000000000000	2.543731289443254e-05
111110101010000000000000	2.3996341995766473e-05
111101010101000000000000	2.399286573755378e-05
111110010110000000000000	3.1995897472374624e-07
111101101001000000000000	3.1995797482126014e-07
0.0	
0.0	0.0	
0.0	0.0	0.0	
0.0	0.0	0.0	0.0	
0.0	0.0	0.0	0.0	0.0	
0.0	0.0	0.0	0.0	0.0	0.0	
0.0	0.0	0.0	0.0	0.0	0.0	0.0	
0.0	0.0	0.0	0.0	0.0	0.0	0.0	0.0	
0.0	0.0	0.0	0.0	0.0	0.0	0.0	0.0	0.0	
0.0	0.0	0.0	0.0	0.0	0.0	0.0	0.0	0.0	0.0	
0.0	0.0	0.0	0.0	0.0	0.0	0.0	0.0	0.0	0.0	0.0	
0.0	0.0	0.0	0.0	0.0	0.0	0.0	0.0	0.0	0.0	0.0	0.0	
