-40.84051214985693
-2.045732130022742
10
11111111110000000000000000	0.9968480272152166
11111111000011000000000000	0.0022071564387071536
11111111001100000000000000	0.00041851915120964556
11111100110011000000000000	0.0002588825260898258
11111100111100000000000000	0.00014933003475242336
11111110011100000000000000	0.00011464633984978556
11111111111111000000000000	1.3467026897867787e-06
11111100000000000000000000	1.0171592451881318e-06
11111100001111000000000000	8.205897277538395e-07
11111110101111000000000000	2.5384251186266934e-07
0.0	
0.0	0.0	
0.0	0.0	0.0	
0.0	0.0	0.0	0.0	
0.0	0.0	0.0	0.0	0.0	
0.0	0.0	0.0	0.0	0.0	0.0	
0.0	0.0	0.0	0.0	0.0	0.0	0.0	
0.0	0.0	0.0	0.0	0.0	0.0	0.0	0.0	
0.0	0.0	0.0	0.0	0.0	0.0	0.0	0.0	0.0	
0.0	0.0	0.0	0.0	0.0	0.0	0.0	0.0	0.0	0.0	
0.0	0.0	0.0	0.0	0.0	0.0	0.0	0.0	0.0	0.0	0.0	
0.0	0.0	0.0	0.0	0.0	0.0	0.0	0.0	0.0	0.0	0.0	0.0	
0.0	0.0	0.0	0.0	0.0	0.0	0.0	0.0	0.0	0.0	0.0	0.0	0.0	
