-35.47036344465603
-12.398919006917259
13
111111110000000000000000	0.9892074506170445
111100111100000000000000	0.004171921554194977
111111001100000000000000	0.003636935184983888
111111000011000000000000	0.0013243307643520813
111111000110000000000000	0.0008143762387163508
111111001001000000000000	0.0008143290413363028
111100000000000000000000	1.5338550351576755e-05
111100001111000000000000	5.585283508770171e-06
111100001010000000000000	3.4345816758715993e-06
111100000101000000000000	3.434382623825481e-06
111111111111000000000000	1.924707691262313e-06
111111111010000000000000	4.696019302793376e-07
111111110101000000000000	4.694915903480614e-07
0.0	
0.0	0.0	
0.0	0.0	0.0	
0.0	0.0	0.0	0.0	
0.0	0.0	0.0	0.0	0.0	
0.0	0.0	0.0	0.0	0.0	0.0	
0.0	0.0	0.0	0.0	0.0	0.0	0.0	
0.0	0.0	0.0	0.0	0.0	0.0	0.0	0.0	
0.0	0.0	0.0	0.0	0.0	0.0	0.0	0.0	0.0	
0.0	0.0	0.0	0.0	0.0	0.0	0.0	0.0	0.0	0.0	
0.0	0.0	0.0	0.0	0.0	0.0	0.0	0.0	0.0	0.0	0.0	
0.0	0.0	0.0	0.0	0.0	0.0	0.0	0.0	0.0	0.0	0.0	0.0	
