-35.235358402285
-12.197643295456995
13
111111110000000000000000	0.9794715296174269
111100111100000000000000	0.007976548118154363
111111001100000000000000	0.0034427837260515752
111100110011000000000000	0.003164079171561478
111101100110000000000000	0.002902248676856115
111110011001000000000000	0.002901820117352442
111100001111000000000000	3.92774063028099e-05
111100000000000000000000	2.771940534354273e-05
111111111111000000000000	2.5449621001178e-05
111110101010000000000000	2.3954867530343405e-05
111101010101000000000000	2.3951377319525e-05
111110010110000000000000	3.1894804655043863e-07
111101101001000000000000	3.1894705338562e-07
0.0	
0.0	0.0	
0.0	0.0	0.0	
0.0	0.0	0.0	0.0	
0.0	0.0	0.0	0.0	0.0	
0.0	0.0	0.0	0.0	0.0	0.0	
0.0	0.0	0.0	0.0	0.0	0.0	0.0	
0.0	0.0	0.0	0.0	0.0	0.0	0.0	0.0	
0.0	0.0	0.0	0.0	0.0	0.0	0.0	0.0	0.0	
0.0	0.0	0.0	0.0	0.0	0.0	0.0	0.0	0.0	0.0	
0.0	0.0	0.0	0.0	0.0	0.0	0.0	0.0	0.0	0.0	0.0	
0.0	0.0	0.0	0.0	0.0	0.0	0.0	0.0	0.0	0.0	0.0	0.0	
