-35.46860846603113
-12.396213714178693
13
111111110000000000000000	0.9892408498429834
111100111100000000000000	0.004172328671084181
111111001100000000000000	0.003607972869360123
111111000011000000000000	0.0013270964050017696
111111000110000000000000	0.00081065987159349
111111001001000000000000	0.0008106094953508537
111100000000000000000000	1.5217374666356012e-05
111100001111000000000000	5.597304620771081e-06
111100001010000000000000	3.419126318210359e-06
111100000101000000000000	3.4189138459479185e-06
111111111111000000000000	1.916996235564224e-06
111111111010000000000000	4.5662254552107634e-07
111111110101000000000000	4.5650639361644675e-07
0.0	
0.0	0.0	
0.0	0.0	0.0	
0.0	0.0	0.0	0.0	
0.0	0.0	0.0	0.0	0.0	
0.0	0.0	0.0	0.0	0.0	0.0	
0.0	0.0	0.0	0.0	0.0	0.0	0.0	
0.0	0.0	0.0	0.0	0.0	0.0	0.0	0.0	
0.0	0.0	0.0	0.0	0.0	0.0	0.0	0.0	0.0	
0.0	0.0	0.0	0.0	0.0	0.0	0.0	0.0	0.0	0.0	
0.0	0.0	0.0	0.0	0.0	0.0	0.0	0.0	0.0	0.0	0.0	
0.0	0.0	0.0	0.0	0.0	0.0	0.0	0.0	0.0	0.0	0.0	0.0	
