-35.46860846169508
-12.396214218451995
13
111111110000000000000000	0.9892404815190767
111100111100000000000000	0.004172329547882409
111111001100000000000000	0.0036079816869415485
111111000011000000000000	0.0013270979839176222
111111000110000000000000	0.000811031430264906
111111001001000000000000	0.0008105937051587815
111100000000000000000000	1.5217420720114946e-05
111100001111000000000000	5.597314540476502e-06
111100001010000000000000	3.4206954365224847e-06
111100000101000000000000	3.4188492389312215e-06
111111111111000000000000	1.916512591390402e-06
111111111010000000000000	4.5717174590881483e-07
111111110101000000000000	4.5616248474953404e-07
0.0	
0.0	0.0	
0.0	0.0	0.0	
0.0	0.0	0.0	0.0	
0.0	0.0	0.0	0.0	0.0	
0.0	0.0	0.0	0.0	0.0	0.0	
0.0	0.0	0.0	0.0	0.0	0.0	0.0	
0.0	0.0	0.0	0.0	0.0	0.0	0.0	0.0	
0.0	0.0	0.0	0.0	0.0	0.0	0.0	0.0	0.0	
0.0	0.0	0.0	0.0	0.0	0.0	0.0	0.0	0.0	0.0	
0.0	0.0	0.0	0.0	0.0	0.0	0.0	0.0	0.0	0.0	0.0	
0.0	0.0	0.0	0.0	0.0	0.0	0.0	0.0	0.0	0.0	0.0	0.0	
