-35.46867483616543
-12.396315118781972
13
111111110000000000000000	0.9892395928477775
111100111100000000000000	0.004172315249195922
111111001100000000000000	0.0036090635702222896
111111000011000000000000	0.0013269900354810167
111111000110000000000000	0.0008107995861563641
111111001001000000000000	0.0008107493282138542
111100000000000000000000	1.5221945298415798e-05
111100001111000000000000	5.596845092532036e-06
111100001010000000000000	3.4197089378755582e-06
111100000101000000000000	3.4194969649810133e-06
111111111111000000000000	1.917284759590592e-06
111111111010000000000000	4.5710891981690154e-07
111111110101000000000000	4.569929797113201e-07
0.0	
0.0	0.0	
0.0	0.0	0.0	
0.0	0.0	0.0	0.0	
0.0	0.0	0.0	0.0	0.0	
0.0	0.0	0.0	0.0	0.0	0.0	
0.0	0.0	0.0	0.0	0.0	0.0	0.0	
0.0	0.0	0.0	0.0	0.0	0.0	0.0	0.0	
0.0	0.0	0.0	0.0	0.0	0.0	0.0	0.0	0.0	
0.0	0.0	0.0	0.0	0.0	0.0	0.0	0.0	0.0	0.0	
0.0	0.0	0.0	0.0	0.0	0.0	0.0	0.0	0.0	0.0	0.0	
0.0	0.0	0.0	0.0	0.0	0.0	0.0	0.0	0.0	0.0	0.0	0.0	
