-35.46876335476524
-12.396442907954373
13
111111110000000000000000	0.9892380012183245
111100111100000000000000	0.00417228576438962
111111001100000000000000	0.003610461651475545
111111000011000000000000	0.0013268535294528245
111111000110000000000000	0.0008109751397460581
111111001001000000000000	0.0008109250390835501
111100000000000000000000	1.5227758873773291e-05
111100001111000000000000	5.59623880759545e-06
111100001010000000000000	3.420430701882809e-06
111100000101000000000000	3.4202193935013336e-06
111111111111000000000000	1.9176637379298905e-06
111111111010000000000000	4.577308341850407e-07
111111110101000000000000	4.57615179002528e-07
0.0	
0.0	0.0	
0.0	0.0	0.0	
0.0	0.0	0.0	0.0	
0.0	0.0	0.0	0.0	0.0	
0.0	0.0	0.0	0.0	0.0	0.0	
0.0	0.0	0.0	0.0	0.0	0.0	0.0	
0.0	0.0	0.0	0.0	0.0	0.0	0.0	0.0	
0.0	0.0	0.0	0.0	0.0	0.0	0.0	0.0	0.0	
0.0	0.0	0.0	0.0	0.0	0.0	0.0	0.0	0.0	0.0	
0.0	0.0	0.0	0.0	0.0	0.0	0.0	0.0	0.0	0.0	0.0	
0.0	0.0	0.0	0.0	0.0	0.0	0.0	0.0	0.0	0.0	0.0	0.0	
