NMONOMER	1
NELEC	8
ENUC	7.676927
NBASIS	12
HOMO	2
LUMO	2
ENT	5
HF_ENERGY	-36.192026
ENERGIES
-10.877983
-0.850811
-0.467770
-0.253670
0.553052
0.742569
0.785071
849736.503857
965066.367659
996478.137318
1070621.061714
1118093.632085

OEI
-18.483315	
0.216739	-4.536198	
-0.000000	0.000000	-4.146475	
0.188790	-0.116605	-0.000000	-4.252716	
0.149399	-0.277240	-0.000000	-0.405342	-3.065267	
0.239482	-0.899873	-0.000000	0.226012	-0.157997	-3.793074	
-0.000000	0.000000	-0.789520	-0.000000	0.000000	0.000000	-3.470054	
0.115684	0.053531	0.000000	0.035298	-0.003121	-0.015761	-0.000000	849732.926929	
-0.000000	0.000000	-0.132053	-0.000000	0.000000	0.000000	0.024434	-0.000000	965063.527979	
-0.005029	-0.023211	-0.000000	0.002035	0.003339	-0.013330	-0.000000	0.001102	-0.000000	996474.945630	
-0.037999	-0.198117	0.000000	0.066438	-0.121896	0.134773	-0.000000	0.149496	-0.000000	0.133919	1070618.540112	
0.112447	0.078282	0.000000	0.127380	-0.004614	0.002617	-0.000000	-0.846004	-0.000000	0.037714	0.321603	1118089.950741	

ENV_OEI
-5.010266	
0.406118	-0.548812	
0.000000	0.000000	-0.411393	
0.366466	0.077663	-0.000000	-0.585590	
0.299969	-0.298972	-0.000000	0.143635	-0.709911	
0.486484	-0.028863	-0.000000	-0.204848	0.318301	-0.887826	
-0.000000	0.000000	-0.137283	0.000000	-0.000000	0.000000	-0.445401	
0.221668	0.009061	0.000000	0.036668	-0.045681	-0.020286	0.000000	-0.692347	
-0.000000	-0.000000	0.137471	-0.000000	-0.000000	-0.000000	-0.144002	-0.000000	-0.769754	
0.014998	-0.268252	0.000000	0.622912	-1.366656	0.938556	-0.000000	0.126982	0.000000	-18.593102	
-0.055064	0.047436	0.000000	-0.006582	0.042178	-0.073231	0.000000	-0.216707	0.000000	1.671434	-0.830763	
0.210740	-0.006702	-0.000000	-0.038784	0.026553	-0.043394	0.000000	0.056625	0.000000	0.178016	0.119345	-0.525310	

OVERLAP
1.000000	
0.248362	1.000000	
0.061767	0.488736	1.000000	
0.061767	0.488736	0.167856	1.000000	
0.000000	0.027047	0.038545	0.038545	1.000000	
0.027047	0.301519	0.378700	0.378700	0.248362	1.000000	
0.000000	0.000000	-0.155576	-0.155576	-0.015125	-0.113119	1.000000	
0.000000	0.000000	0.380474	-0.380474	0.000000	0.000000	0.000000	1.000000	
0.000000	0.000000	-0.219667	-0.219667	-0.042713	-0.319437	0.000000	0.000000	1.000000	
0.015125	0.113119	0.044121	0.044121	0.000000	0.000000	0.112775	0.000000	-0.151526	1.000000	
0.000000	0.000000	0.268260	-0.268260	0.000000	0.000000	0.000000	0.166433	0.000000	0.000000	1.000000	
0.042713	0.319437	0.279473	0.279473	0.000000	0.000000	-0.151526	0.000000	-0.261465	0.000000	0.000000	1.000000	

MOCOEFF
-0.996648	-0.016384	0.006522	0.006522	-0.001354	0.006665	0.027510	0.000000	0.007888	-0.002262	-0.000000	0.003210	
0.141840	-0.326574	-0.271104	-0.271104	0.028449	0.041326	0.315447	-0.000000	0.224158	-0.171207	-0.000000	-0.288547	
0.000000	-0.000000	-0.442908	0.442908	-0.000000	0.000000	0.000000	-0.612953	-0.000000	-0.000000	0.339644	0.000000	
0.128028	-0.511813	-0.123349	-0.123349	-0.055727	0.228964	0.303108	0.000000	-0.681368	0.027526	-0.000000	0.371801	
0.102942	-0.635608	0.885692	0.885692	0.119151	-0.711481	0.232685	-0.000000	-0.174099	-0.168998	-0.000000	-0.613251	
0.170354	-1.042245	0.434807	0.434807	-0.083700	0.508274	0.375648	-0.000000	0.928810	0.282196	-0.000000	0.684178	
-0.000000	0.000000	0.948561	-0.948561	0.000000	-0.000000	-0.000000	-1.084318	-0.000000	-0.000000	-0.328454	-0.000000	
0.084288	-0.388040	0.000000	0.000000	-0.012325	0.049401	-0.608823	-0.000000	0.000000	0.744813	0.000000	-0.291146	
-0.000000	-0.000000	0.000000	-0.000000	0.000000	0.000000	-0.000000	-0.000000	0.000000	0.000000	-1.000000	-0.000000	
-0.000564	0.002599	0.000000	0.000000	1.025611	-0.216380	0.004077	-0.000000	-0.000000	0.053739	0.000000	0.092871	
-0.018947	0.087226	0.000000	0.000000	-0.019715	-0.850780	0.136854	0.000000	0.000000	0.334096	-0.000000	0.355391	
0.081637	-0.375837	0.000000	0.000000	0.011610	-0.229166	-0.589676	-0.000000	-0.000000	-0.509850	0.000000	0.308002	

ERI
0 0 0 0 3.5235294
1 0 0 0 -0.1890560
1 0 1 0 0.0201104
1 0 1 1 0.0058530
1 1 0 0 0.6422977
1 1 1 0 0.0058530
1 1 1 1 0.5915959
2 0 0 0 0.0000000
2 0 1 0 0.0000000
2 0 1 1 -0.0000000
2 0 2 0 0.0093643
2 0 2 1 0.0109337
2 0 2 2 0.0000000
2 1 0 0 0.0000000
2 1 1 0 -0.0000000
2 1 1 1 -0.0000000
2 1 2 0 0.0109337
2 1 2 1 0.1051208
2 1 2 2 0.0000000
2 2 0 0 0.6505583
2 2 1 0 -0.0007182
2 2 1 1 0.5110049
2 2 2 0 0.0000000
2 2 2 1 0.0000000
2 2 2 2 0.5386523
3 0 0 0 -0.1671224
3 0 1 0 0.0126535
3 0 1 1 -0.0086176
3 0 2 0 0.0000000
3 0 2 1 0.0000000
3 0 2 2 -0.0038568
3 0 3 0 0.0249302
3 0 3 1 0.0080818
3 0 3 2 0.0000000
3 0 3 3 0.0094446
3 1 0 0 0.0539645
3 1 1 0 -0.0010844
3 1 1 1 -0.0193689
3 1 2 0 0.0000000
3 1 2 1 -0.0000000
3 1 2 2 0.0193200
3 1 3 0 0.0080818
3 1 3 1 0.0587813
3 1 3 2 -0.0000000
3 1 3 3 0.0413091
3 2 0 0 0.0000000
3 2 1 0 -0.0000000
3 2 1 1 -0.0000000
3 2 2 0 0.0072481
3 2 2 1 0.0392529
3 2 2 2 0.0000000
3 2 3 0 0.0000000
3 2 3 1 -0.0000000
3 2 3 2 0.0374339
3 2 3 3 0.0000000
3 3 0 0 0.7752429
3 3 1 0 -0.0065418
3 3 1 1 0.4855994
3 3 2 0 0.0000000
3 3 2 1 -0.0000000
3 3 2 2 0.4844220
3 3 3 0 0.0094446
3 3 3 1 0.0413091
3 3 3 2 0.0000000
3 3 3 3 0.6296589
4 0 0 0 -0.1354872
4 0 1 0 0.0122004
4 0 1 1 -0.0018809
4 0 2 0 0.0000000
4 0 2 1 0.0000000
4 0 2 2 -0.0022413
4 0 3 0 0.0143511
4 0 3 1 0.0022144
4 0 3 2 0.0000000
4 0 3 3 0.0012103
4 0 4 0 0.0100788
4 0 4 1 -0.0003328
4 0 4 2 -0.0000000
4 0 4 3 0.0014213
4 0 4 4 -0.0000487
4 1 0 0 0.0800733
4 1 1 0 0.0008303
4 1 1 1 0.0401028
4 1 2 0 0.0000000
4 1 2 1 -0.0000000
4 1 2 2 -0.0163399
4 1 3 0 -0.0010957
4 1 3 1 -0.0208312
4 1 3 2 0.0000000
4 1 3 3 0.0511761
4 1 4 0 -0.0003328
4 1 4 1 0.0704143
4 1 4 2 0.0000000
4 1 4 3 -0.0075839
4 1 4 4 0.0091796
4 2 0 0 0.0000000
4 2 1 0 -0.0000000
4 2 1 1 0.0000000
4 2 2 0 -0.0011441
4 2 2 1 -0.0726972
4 2 2 2 0.0000000
4 2 3 0 0.0000000
4 2 3 1 0.0000000
4 2 3 2 -0.0171136
4 2 3 3 0.0000000
4 2 4 0 -0.0000000
4 2 4 1 0.0000000
4 2 4 2 0.0797203
4 2 4 3 0.0000000
4 2 4 4 -0.0000000
4 3 0 0 0.1467137
4 3 1 0 -0.0050977
4 3 1 1 -0.0223258
4 3 2 0 0.0000000
4 3 2 1 0.0000000
4 3 2 2 0.0196840
4 3 3 0 0.0084016
4 3 3 1 0.0531804
4 3 3 2 0.0000000
4 3 3 3 0.0936072
4 3 4 0 0.0014213
4 3 4 1 -0.0075839
4 3 4 2 0.0000000
4 3 4 3 0.0824104
4 3 4 4 -0.0347678
4 4 0 0 0.5027728
4 4 1 0 0.0017876
4 4 1 1 0.5143056
4 4 2 0 0.0000000
4 4 2 1 0.0000000
4 4 2 2 0.4720066
4 4 3 0 -0.0012590
4 4 3 1 -0.0194861
4 4 3 2 0.0000000
4 4 3 3 0.4413867
4 4 4 0 -0.0000487
4 4 4 1 0.0091796
4 4 4 2 -0.0000000
4 4 4 3 -0.0347678
4 4 4 4 0.5197507
5 0 0 0 -0.2238861
5 0 1 0 0.0264033
5 0 1 1 0.0118076
5 0 2 0 0.0000000
5 0 2 1 0.0000000
5 0 2 2 0.0006949
5 0 3 0 0.0073005
5 0 3 1 -0.0062270
5 0 3 2 0.0000000
5 0 3 3 -0.0156506
5 0 4 0 0.0124295
5 0 4 1 0.0011682
5 0 4 2 -0.0000000
5 0 4 3 -0.0122823
5 0 4 4 0.0027629
5 0 5 0 0.0400235
5 0 5 1 0.0041050
5 0 5 2 -0.0000000
5 0 5 3 0.0039394
5 0 5 4 0.0024017
5 0 5 5 0.0100471
5 1 0 0 0.2663946
5 1 1 0 0.0004343
5 1 1 1 0.0702573
5 1 2 0 0.0000000
5 1 2 1 -0.0000000
5 1 2 2 0.0696155
5 1 3 0 -0.0079758
5 1 3 1 0.0263573
5 1 3 2 0.0000000
5 1 3 3 0.0915220
5 1 4 0 -0.0031948
5 1 4 1 0.0138612
5 1 4 2 0.0000000
5 1 4 3 0.0484615
5 1 4 4 -0.0012166
5 1 5 0 0.0041050
5 1 5 1 0.1054025
5 1 5 2 0.0000000
5 1 5 3 -0.0346742
5 1 5 4 0.0351991
5 1 5 5 0.0875783
5 2 0 0 0.0000000
5 2 1 0 -0.0000000
5 2 1 1 0.0000000
5 2 2 0 0.0059358
5 2 2 1 0.0048454
5 2 2 2 0.0000000
5 2 3 0 -0.0000000
5 2 3 1 0.0000000
5 2 3 2 0.0012685
5 2 3 3 0.0000000
5 2 4 0 -0.0000000
5 2 4 1 0.0000000
5 2 4 2 0.0166553
5 2 4 3 0.0000000
5 2 4 4 -0.0000000
5 2 5 0 -0.0000000
5 2 5 1 0.0000000
5 2 5 2 0.0241208
5 2 5 3 -0.0000000
5 2 5 4 -0.0000000
5 2 5 5 0.0000000
5 3 0 0 -0.0817767
5 3 1 0 0.0040198
5 3 1 1 0.0188172
5 3 2 0 0.0000000
5 3 2 1 0.0000000
5 3 2 2 -0.0160553
5 3 3 0 0.0029284
5 3 3 1 -0.0057990
5 3 3 2 0.0000000
5 3 3 3 -0.0330519
5 3 4 0 0.0018416
5 3 4 1 0.0205120
5 3 4 2 -0.0000000
5 3 4 3 -0.0346755
5 3 4 4 0.0259872
5 3 5 0 0.0039394
5 3 5 1 -0.0346742
5 3 5 2 -0.0000000
5 3 5 3 0.0512492
5 3 5 4 -0.0189995
5 3 5 5 0.0013852
5 4 0 0 0.0482143
5 4 1 0 0.0011441
5 4 1 1 0.0081097
5 4 2 0 0.0000000
5 4 2 1 0.0000000
5 4 2 2 0.0317325
5 4 3 0 -0.0017638
5 4 3 1 0.0329294
5 4 3 2 0.0000000
5 4 3 3 -0.0049237
5 4 4 0 -0.0003790
5 4 4 1 -0.0425152
5 4 4 2 -0.0000000
5 4 4 3 0.0260191
5 4 4 4 -0.0039710
5 4 5 0 0.0024017
5 4 5 1 0.0351991
5 4 5 2 -0.0000000
5 4 5 3 -0.0189995
5 4 5 4 0.0587984
5 4 5 5 -0.0130793
5 5 0 0 0.7912038
5 5 1 0 0.0007565
5 5 1 1 0.5778622
5 5 2 0 0.0000000
5 5 2 1 0.0000000
5 5 2 2 0.5005908
5 5 3 0 -0.0185288
5 5 3 1 -0.0363407
5 5 3 2 0.0000000
5 5 3 3 0.5085629
5 5 4 0 -0.0070648
5 5 4 1 0.0630675
5 5 4 2 -0.0000000
5 5 4 3 -0.0164222
5 5 4 4 0.5005723
5 5 5 0 0.0100471
5 5 5 1 0.0875783
5 5 5 2 0.0000000
5 5 5 3 0.0013852
5 5 5 4 -0.0130793
5 5 5 5 0.6256595
6 0 0 0 0.0000000
6 0 1 0 -0.0000000
6 0 1 1 -0.0000000
6 0 2 0 0.0132880
6 0 2 1 0.0139273
6 0 2 2 0.0000000
6 0 3 0 -0.0000000
6 0 3 1 0.0000000
6 0 3 2 0.0096856
6 0 3 3 0.0000000
6 0 4 0 -0.0000000
6 0 4 1 -0.0000000
6 0 4 2 -0.0014011
6 0 4 3 0.0000000
6 0 4 4 0.0000000
6 0 5 0 -0.0000000
6 0 5 1 0.0000000
6 0 5 2 0.0074144
6 0 5 3 0.0000000
6 0 5 4 0.0000000
6 0 5 5 0.0000000
6 0 6 0 0.0189633
6 0 6 1 0.0047299
6 0 6 2 0.0000000
6 0 6 3 0.0096637
6 0 6 4 0.0097487
6 0 6 5 0.0099252
6 0 6 6 -0.0000000
6 1 0 0 -0.0000000
6 1 1 0 -0.0000000
6 1 1 1 -0.0000000
6 1 2 0 0.0036765
6 1 2 1 -0.0324284
6 1 2 2 -0.0000000
6 1 3 0 0.0000000
6 1 3 1 -0.0000000
6 1 3 2 -0.0024457
6 1 3 3 -0.0000000
6 1 4 0 0.0000000
6 1 4 1 -0.0000000
6 1 4 2 0.0496989
6 1 4 3 -0.0000000
6 1 4 4 -0.0000000
6 1 5 0 0.0000000
6 1 5 1 -0.0000000
6 1 5 2 0.0236180
6 1 5 3 0.0000000
6 1 5 4 -0.0000000
6 1 5 5 -0.0000000
6 1 6 0 0.0047299
6 1 6 1 0.0426376
6 1 6 2 -0.0000000
6 1 6 3 0.0114740
6 1 6 4 -0.0523939
6 1 6 5 -0.0221161
6 1 6 6 0.0000000
6 2 0 0 0.2544467
6 2 1 0 -0.0061163
6 2 1 1 0.0123136
6 2 2 0 -0.0000000
6 2 2 1 0.0000000
6 2 2 2 0.0445202
6 2 3 0 -0.0012040
6 2 3 1 0.0200265
6 2 3 2 0.0000000
6 2 3 3 0.1100427
6 2 4 0 -0.0027869
6 2 4 1 0.0382807
6 2 4 2 0.0000000
6 2 4 3 0.0579609
6 2 4 4 -0.0341316
6 2 5 0 -0.0084441
6 2 5 1 0.0712145
6 2 5 2 0.0000000
6 2 5 3 -0.0314730
6 2 5 4 -0.0106580
6 2 5 5 0.0508972
6 2 6 0 0.0000000
6 2 6 1 -0.0000000
6 2 6 2 0.1208078
6 2 6 3 0.0000000
6 2 6 4 0.0000000
6 2 6 5 -0.0000000
6 2 6 6 0.0436175
6 3 0 0 0.0000000
6 3 1 0 -0.0000000
6 3 1 1 -0.0000000
6 3 2 0 0.0070588
6 3 2 1 0.0149820
6 3 2 2 0.0000000
6 3 3 0 -0.0000000
6 3 3 1 -0.0000000
6 3 3 2 0.0277487
6 3 3 3 0.0000000
6 3 4 0 -0.0000000
6 3 4 1 -0.0000000
6 3 4 2 0.0086053
6 3 4 3 0.0000000
6 3 4 4 -0.0000000
6 3 5 0 0.0000000
6 3 5 1 0.0000000
6 3 5 2 0.0052099
6 3 5 3 -0.0000000
6 3 5 4 0.0000000
6 3 5 5 0.0000000
6 3 6 0 0.0096637
6 3 6 1 0.0114740
6 3 6 2 0.0000000
6 3 6 3 0.0307175
6 3 6 4 0.0102015
6 3 6 5 0.0018607
6 3 6 6 0.0000000
6 4 0 0 -0.0000000
6 4 1 0 -0.0000000
6 4 1 1 -0.0000000
6 4 2 0 0.0072048
6 4 2 1 0.0918036
6 4 2 2 -0.0000000
6 4 3 0 0.0000000
6 4 3 1 -0.0000000
6 4 3 2 0.0368709
6 4 3 3 0.0000000
6 4 4 0 0.0000000
6 4 4 1 0.0000000
6 4 4 2 -0.0850133
6 4 4 3 -0.0000000
6 4 4 4 0.0000000
6 4 5 0 0.0000000
6 4 5 1 -0.0000000
6 4 5 2 -0.0176125
6 4 5 3 0.0000000
6 4 5 4 0.0000000
6 4 5 5 0.0000000
6 4 6 0 0.0097487
6 4 6 1 -0.0523939
6 4 6 2 0.0000000
6 4 6 3 0.0102015
6 4 6 4 0.1110657
6 4 6 5 0.0585673
6 4 6 6 -0.0000000
6 5 0 0 -0.0000000
6 5 1 0 -0.0000000
6 5 1 1 -0.0000000
6 5 2 0 0.0076383
6 5 2 1 0.0605868
6 5 2 2 0.0000000
6 5 3 0 0.0000000
6 5 3 1 0.0000000
6 5 3 2 0.0160734
6 5 3 3 -0.0000000
6 5 4 0 0.0000000
6 5 4 1 -0.0000000
6 5 4 2 -0.0463268
6 5 4 3 0.0000000
6 5 4 4 -0.0000000
6 5 5 0 -0.0000000
6 5 5 1 -0.0000000
6 5 5 2 0.0027786
6 5 5 3 -0.0000000
6 5 5 4 0.0000000
6 5 5 5 -0.0000000
6 5 6 0 0.0099252
6 5 6 1 -0.0221161
6 5 6 2 -0.0000000
6 5 6 3 0.0018607
6 5 6 4 0.0585673
6 5 6 5 0.0447921
6 5 6 6 -0.0000000
6 6 0 0 0.7128898
6 6 1 0 -0.0054881
6 6 1 1 0.4980248
6 6 2 0 -0.0000000
6 6 2 1 -0.0000000
6 6 2 2 0.5303330
6 6 3 0 -0.0041682
6 6 3 1 0.0187903
6 6 3 2 -0.0000000
6 6 3 3 0.4928769
6 6 4 0 -0.0036934
6 6 4 1 -0.0207222
6 6 4 2 0.0000000
6 6 4 3 0.0281032
6 6 4 4 0.4782505
6 6 5 0 -0.0060165
6 6 5 1 0.0601637
6 6 5 2 0.0000000
6 6 5 3 -0.0231127
6 6 5 4 0.0363812
6 6 5 5 0.5016528
6 6 6 0 -0.0000000
6 6 6 1 0.0000000
6 6 6 2 0.0436175
6 6 6 3 0.0000000
6 6 6 4 -0.0000000
6 6 6 5 -0.0000000
6 6 6 6 0.5515759
7 0 0 0 -0.0850710
7 0 1 0 0.0037191
7 0 1 1 -0.0068073
7 0 2 0 -0.0000000
7 0 2 1 -0.0000000
7 0 2 2 -0.0005747
7 0 3 0 0.0033754
7 0 3 1 -0.0049580
7 0 3 2 -0.0000000
7 0 3 3 -0.0044984
7 0 4 0 0.0032105
7 0 4 1 -0.0033966
7 0 4 2 0.0000000
7 0 4 3 -0.0024434
7 0 4 4 -0.0036096
7 0 5 0 0.0054576
7 0 5 1 -0.0043959
7 0 5 2 0.0000000
7 0 5 3 -0.0058266
7 0 5 4 -0.0033333
7 0 5 5 -0.0049720
7 0 6 0 -0.0000000
7 0 6 1 0.0000000
7 0 6 2 0.0017019
7 0 6 3 0.0000000
7 0 6 4 0.0000000
7 0 6 5 0.0000000
7 0 6 6 0.0005814
7 0 7 0 0.0112595
7 0 7 1 0.0014937
7 0 7 2 0.0000000
7 0 7 3 0.0025955
7 0 7 4 0.0014047
7 0 7 5 0.0031982
7 0 7 6 -0.0000000
7 0 7 7 0.0059806
7 1 0 0 -0.0068032
7 1 1 0 -0.0007728
7 1 1 1 0.0000919
7 1 2 0 -0.0000000
7 1 2 1 -0.0000000
7 1 2 2 0.0056242
7 1 3 0 -0.0032288
7 1 3 1 -0.0071065
7 1 3 2 -0.0000000
7 1 3 3 -0.0111520
7 1 4 0 -0.0014515
7 1 4 1 -0.0070739
7 1 4 2 -0.0000000
7 1 4 3 -0.0075698
7 1 4 4 0.0013810
7 1 5 0 0.0005937
7 1 5 1 -0.0026157
7 1 5 2 -0.0000000
7 1 5 3 -0.0050280
7 1 5 4 0.0011557
7 1 5 5 0.0000370
7 1 6 0 -0.0000000
7 1 6 1 0.0000000
7 1 6 2 -0.0028586
7 1 6 3 0.0000000
7 1 6 4 -0.0000000
7 1 6 5 0.0000000
7 1 6 6 0.0047022
7 1 7 0 0.0014937
7 1 7 1 0.0101636
7 1 7 2 -0.0000000
7 1 7 3 -0.0047166
7 1 7 4 0.0069396
7 1 7 5 0.0005409
7 1 7 6 -0.0000000
7 1 7 7 -0.0022758
7 2 0 0 0.0000000
7 2 1 0 -0.0000000
7 2 1 1 -0.0000000
7 2 2 0 0.0049996
7 2 2 1 0.0223134
7 2 2 2 0.0000000
7 2 3 0 0.0000000
7 2 3 1 -0.0000000
7 2 3 2 0.0120377
7 2 3 3 -0.0000000
7 2 4 0 0.0000000
7 2 4 1 -0.0000000
7 2 4 2 -0.0122972
7 2 4 3 0.0000000
7 2 4 4 0.0000000
7 2 5 0 0.0000000
7 2 5 1 -0.0000000
7 2 5 2 0.0044254
7 2 5 3 0.0000000
7 2 5 4 0.0000000
7 2 5 5 0.0000000
7 2 6 0 0.0069472
7 2 6 1 -0.0013436
7 2 6 2 -0.0000000
7 2 6 3 0.0099586
7 2 6 4 0.0180937
7 2 6 5 0.0129816
7 2 6 6 -0.0000000
7 2 7 0 0.0000000
7 2 7 1 -0.0000000
7 2 7 2 0.0183950
7 2 7 3 0.0000000
7 2 7 4 0.0000000
7 2 7 5 0.0000000
7 2 7 6 0.0158544
7 2 7 7 -0.0000000
7 3 0 0 0.0079038
7 3 1 0 -0.0043534
7 3 1 1 -0.0265135
7 3 2 0 0.0000000
7 3 2 1 -0.0000000
7 3 2 2 -0.0007322
7 3 3 0 0.0026246
7 3 3 1 0.0029284
7 3 3 2 0.0000000
7 3 3 3 0.0116915
7 3 4 0 -0.0002969
7 3 4 1 -0.0092505
7 3 4 2 0.0000000
7 3 4 3 0.0163583
7 3 4 4 -0.0154758
7 3 5 0 -0.0080522
7 3 5 1 -0.0023657
7 3 5 2 0.0000000
7 3 5 3 -0.0181521
7 3 5 4 -0.0020709
7 3 5 5 -0.0230982
7 3 6 0 0.0000000
7 3 6 1 0.0000000
7 3 6 2 0.0157783
7 3 6 3 0.0000000
7 3 6 4 0.0000000
7 3 6 5 0.0000000
7 3 6 6 0.0047554
7 3 7 0 0.0025955
7 3 7 1 -0.0047166
7 3 7 2 0.0000000
7 3 7 3 0.0264472
7 3 7 4 -0.0009927
7 3 7 5 -0.0004847
7 3 7 6 -0.0000000
7 3 7 7 -0.0054733
7 4 0 0 0.0070845
7 4 1 0 -0.0020856
7 4 1 1 -0.0072485
7 4 2 0 0.0000000
7 4 2 1 0.0000000
7 4 2 2 -0.0036993
7 4 3 0 0.0000653
7 4 3 1 -0.0009051
7 4 3 2 0.0000000
7 4 3 3 0.0055226
7 4 4 0 -0.0006602
7 4 4 1 0.0007211
7 4 4 2 0.0000000
7 4 4 3 0.0027353
7 4 4 4 -0.0042451
7 4 5 0 -0.0032797
7 4 5 1 -0.0020731
7 4 5 2 0.0000000
7 4 5 3 -0.0044618
7 4 5 4 -0.0051375
7 4 5 5 -0.0040268
7 4 6 0 0.0000000
7 4 6 1 0.0000000
7 4 6 2 0.0058990
7 4 6 3 0.0000000
7 4 6 4 0.0000000
7 4 6 5 0.0000000
7 4 6 6 -0.0000932
7 4 7 0 0.0014047
7 4 7 1 0.0069396
7 4 7 2 0.0000000
7 4 7 3 -0.0009927
7 4 7 4 0.0181159
7 4 7 5 -0.0147727
7 4 7 6 0.0000000
7 4 7 7 0.0055957
7 5 0 0 0.0109496
7 5 1 0 -0.0011433
7 5 1 1 0.0024985
7 5 2 0 0.0000000
7 5 2 1 0.0000000
7 5 2 2 0.0049696
7 5 3 0 -0.0078444
7 5 3 1 -0.0184477
7 5 3 2 0.0000000
7 5 3 3 -0.0159793
7 5 4 0 -0.0032009
7 5 4 1 0.0002915
7 5 4 2 -0.0000000
7 5 4 3 -0.0147091
7 5 4 4 -0.0012511
7 5 5 0 0.0028716
7 5 5 1 0.0008401
7 5 5 2 0.0000000
7 5 5 3 -0.0076624
7 5 5 4 -0.0047565
7 5 5 5 0.0152298
7 5 6 0 0.0000000
7 5 6 1 0.0000000
7 5 6 2 0.0036220
7 5 6 3 0.0000000
7 5 6 4 0.0000000
7 5 6 5 -0.0000000
7 5 6 6 0.0020487
7 5 7 0 0.0031982
7 5 7 1 0.0005409
7 5 7 2 0.0000000
7 5 7 3 -0.0004847
7 5 7 4 -0.0147727
7 5 7 5 0.0324092
7 5 7 6 -0.0000000
7 5 7 7 0.0184223
7 6 0 0 -0.0000000
7 6 1 0 0.0000000
7 6 1 1 -0.0000000
7 6 2 0 0.0055541
7 6 2 1 0.0122942
7 6 2 2 -0.0000000
7 6 3 0 0.0000000
7 6 3 1 0.0000000
7 6 3 2 0.0112993
7 6 3 3 0.0000000
7 6 4 0 0.0000000
7 6 4 1 0.0000000
7 6 4 2 -0.0008815
7 6 4 3 0.0000000
7 6 4 4 0.0000000
7 6 5 0 0.0000000
7 6 5 1 0.0000000
7 6 5 2 0.0064859
7 6 5 3 0.0000000
7 6 5 4 0.0000000
7 6 5 5 -0.0000000
7 6 6 0 0.0077764
7 6 6 1 0.0054507
7 6 6 2 -0.0000000
7 6 6 3 0.0120971
7 6 6 4 0.0071829
7 6 6 5 0.0066577
7 6 6 6 -0.0000000
7 6 7 0 -0.0000000
7 6 7 1 -0.0000000
7 6 7 2 0.0158544
7 6 7 3 -0.0000000
7 6 7 4 0.0000000
7 6 7 5 -0.0000000
7 6 7 6 0.0197117
7 6 7 7 -0.0000000
7 7 0 0 0.5615242
7 7 1 0 -0.0064927
7 7 1 1 0.4327505
7 7 2 0 -0.0000000
7 7 2 1 -0.0000000
7 7 2 2 0.4037697
7 7 3 0 -0.0083711
7 7 3 1 -0.0403209
7 7 3 2 0.0000000
7 7 3 3 0.4235532
7 7 4 0 -0.0051771
7 7 4 1 0.0518120
7 7 4 2 0.0000000
7 7 4 3 -0.0196518
7 7 4 4 0.4133115
7 7 5 0 -0.0049039
7 7 5 1 0.0149927
7 7 5 2 0.0000000
7 7 5 3 0.0060250
7 7 5 4 -0.0497667
7 7 5 5 0.4811579
7 7 6 0 0.0000000
7 7 6 1 -0.0000000
7 7 6 2 0.0464396
7 7 6 3 -0.0000000
7 7 6 4 0.0000000
7 7 6 5 -0.0000000
7 7 6 6 0.4117283
7 7 7 0 0.0059806
7 7 7 1 -0.0022758
7 7 7 2 -0.0000000
7 7 7 3 -0.0054733
7 7 7 4 0.0055957
7 7 7 5 0.0184223
7 7 7 6 -0.0000000
7 7 7 7 0.5146546
8 0 0 0 -0.0000000
8 0 1 0 0.0000000
8 0 1 1 -0.0000000
8 0 2 0 0.0002468
8 0 2 1 0.0003107
8 0 2 2 -0.0000000
8 0 3 0 -0.0000000
8 0 3 1 -0.0000000
8 0 3 2 0.0001751
8 0 3 3 -0.0000000
8 0 4 0 0.0000000
8 0 4 1 0.0000000
8 0 4 2 0.0000962
8 0 4 3 0.0000000
8 0 4 4 0.0000000
8 0 5 0 0.0000000
8 0 5 1 0.0000000
8 0 5 2 0.0002958
8 0 5 3 0.0000000
8 0 5 4 0.0000000
8 0 5 5 0.0000000
8 0 6 0 0.0003404
8 0 6 1 0.0002486
8 0 6 2 -0.0000000
8 0 6 3 0.0001908
8 0 6 4 0.0000409
8 0 6 5 0.0002066
8 0 6 6 -0.0000000
8 0 7 0 -0.0000000
8 0 7 1 0.0000000
8 0 7 2 0.0001298
8 0 7 3 -0.0000000
8 0 7 4 0.0000000
8 0 7 5 0.0000000
8 0 7 6 0.0001566
8 0 7 7 0.0000000
8 0 8 0 0.0000107
8 0 8 1 -0.0000439
8 0 8 2 -0.0000000
8 0 8 3 0.0000836
8 0 8 4 -0.0000891
8 0 8 5 0.0002154
8 0 8 6 -0.0000000
8 0 8 7 -0.0000303
8 0 8 8 0.0000000
8 1 0 0 0.0000000
8 1 1 0 0.0000000
8 1 1 1 -0.0000000
8 1 2 0 0.0021262
8 1 2 1 0.0343172
8 1 2 2 0.0000000
8 1 3 0 -0.0000000
8 1 3 1 -0.0000000
8 1 3 2 0.0082436
8 1 3 3 -0.0000000
8 1 4 0 0.0000000
8 1 4 1 -0.0000000
8 1 4 2 -0.0293745
8 1 4 3 0.0000000
8 1 4 4 0.0000000
8 1 5 0 0.0000000
8 1 5 1 -0.0000000
8 1 5 2 -0.0016828
8 1 5 3 0.0000000
8 1 5 4 0.0000000
8 1 5 5 0.0000000
8 1 6 0 0.0026864
8 1 6 1 -0.0179065
8 1 6 2 0.0000000
8 1 6 3 0.0005898
8 1 6 4 0.0356321
8 1 6 5 0.0206640
8 1 6 6 -0.0000000
8 1 7 0 -0.0000000
8 1 7 1 0.0000000
8 1 7 2 0.0068663
8 1 7 3 -0.0000000
8 1 7 4 0.0000000
8 1 7 5 0.0000000
8 1 7 6 0.0011241
8 1 7 7 0.0000000
8 1 8 0 -0.0000439
8 1 8 1 0.0263572
8 1 8 2 -0.0000000
8 1 8 3 -0.0124649
8 1 8 4 0.0058731
8 1 8 5 -0.0261851
8 1 8 6 0.0000000
8 1 8 7 -0.0003932
8 1 8 8 0.0000000
8 2 0 0 0.0339973
8 2 1 0 0.0001681
8 2 1 1 0.0185873
8 2 2 0 -0.0000000
8 2 2 1 0.0000000
8 2 2 2 0.0294235
8 2 3 0 -0.0003121
8 2 3 1 0.0113155
8 2 3 2 -0.0000000
8 2 3 3 0.0159728
8 2 4 0 -0.0000380
8 2 4 1 -0.0181499
8 2 4 2 0.0000000
8 2 4 3 0.0125587
8 2 4 4 0.0103147
8 2 5 0 0.0003484
8 2 5 1 0.0184864
8 2 5 2 0.0000000
8 2 5 3 -0.0135272
8 2 5 4 0.0236158
8 2 5 5 0.0048941
8 2 6 0 -0.0000000
8 2 6 1 -0.0000000
8 2 6 2 0.0027369
8 2 6 3 0.0000000
8 2 6 4 -0.0000000
8 2 6 5 0.0000000
8 2 6 6 0.0292674
8 2 7 0 -0.0000052
8 2 7 1 0.0026381
8 2 7 2 0.0000000
8 2 7 3 0.0032400
8 2 7 4 -0.0013451
8 2 7 5 -0.0010685
8 2 7 6 0.0000000
8 2 7 7 -0.0202507
8 2 8 0 -0.0000000
8 2 8 1 -0.0000000
8 2 8 2 0.0206205
8 2 8 3 -0.0000000
8 2 8 4 -0.0000000
8 2 8 5 -0.0000000
8 2 8 6 -0.0165663
8 2 8 7 -0.0000000
8 2 8 8 -0.0584957
8 3 0 0 -0.0000000
8 3 1 0 -0.0000000
8 3 1 1 -0.0000000
8 3 2 0 -0.0002756
8 3 2 1 -0.0068018
8 3 2 2 -0.0000000
8 3 3 0 0.0000000
8 3 3 1 -0.0000000
8 3 3 2 -0.0000782
8 3 3 3 -0.0000000
8 3 4 0 -0.0000000
8 3 4 1 0.0000000
8 3 4 2 0.0070620
8 3 4 3 -0.0000000
8 3 4 4 -0.0000000
8 3 5 0 -0.0000000
8 3 5 1 0.0000000
8 3 5 2 -0.0007825
8 3 5 3 0.0000000
8 3 5 4 -0.0000000
8 3 5 5 -0.0000000
8 3 6 0 -0.0003177
8 3 6 1 0.0041782
8 3 6 2 -0.0000000
8 3 6 3 0.0013353
8 3 6 4 -0.0079029
8 3 6 5 -0.0038738
8 3 6 6 0.0000000
8 3 7 0 0.0000000
8 3 7 1 -0.0000000
8 3 7 2 -0.0013450
8 3 7 3 -0.0000000
8 3 7 4 0.0000000
8 3 7 5 0.0000000
8 3 7 6 -0.0000520
8 3 7 7 0.0000000
8 3 8 0 0.0000836
8 3 8 1 -0.0124649
8 3 8 2 -0.0000000
8 3 8 3 0.0087308
8 3 8 4 -0.0089323
8 3 8 5 0.0155230
8 3 8 6 -0.0000000
8 3 8 7 -0.0011214
8 3 8 8 0.0000000
8 4 0 0 0.0000000
8 4 1 0 -0.0000000
8 4 1 1 -0.0000000
8 4 2 0 -0.0003251
8 4 2 1 -0.0118713
8 4 2 2 -0.0000000
8 4 3 0 -0.0000000
8 4 3 1 -0.0000000
8 4 3 2 -0.0030686
8 4 3 3 0.0000000
8 4 4 0 -0.0000000
8 4 4 1 0.0000000
8 4 4 2 0.0112847
8 4 4 3 -0.0000000
8 4 4 4 -0.0000000
8 4 5 0 -0.0000000
8 4 5 1 0.0000000
8 4 5 2 0.0062302
8 4 5 3 0.0000000
8 4 5 4 -0.0000000
8 4 5 5 -0.0000000
8 4 6 0 -0.0005318
8 4 6 1 0.0092654
8 4 6 2 -0.0000000
8 4 6 3 -0.0005223
8 4 6 4 -0.0136684
8 4 6 5 -0.0098845
8 4 6 6 0.0000000
8 4 7 0 0.0000000
8 4 7 1 -0.0000000
8 4 7 2 -0.0016419
8 4 7 3 -0.0000000
8 4 7 4 -0.0000000
8 4 7 5 -0.0000000
8 4 7 6 -0.0009616
8 4 7 7 0.0000000
8 4 8 0 -0.0000891
8 4 8 1 0.0058731
8 4 8 2 -0.0000000
8 4 8 3 -0.0089323
8 4 8 4 0.0172612
8 4 8 5 -0.0124850
8 4 8 6 0.0000000
8 4 8 7 -0.0012313
8 4 8 8 0.0000000
8 5 0 0 0.0000000
8 5 1 0 -0.0000000
8 5 1 1 -0.0000000
8 5 2 0 -0.0004535
8 5 2 1 -0.0207890
8 5 2 2 -0.0000000
8 5 3 0 -0.0000000
8 5 3 1 -0.0000000
8 5 3 2 -0.0054648
8 5 3 3 0.0000000
8 5 4 0 -0.0000000
8 5 4 1 0.0000000
8 5 4 2 0.0246586
8 5 4 3 -0.0000000
8 5 4 4 -0.0000000
8 5 5 0 -0.0000000
8 5 5 1 0.0000000
8 5 5 2 0.0047616
8 5 5 3 0.0000000
8 5 5 4 -0.0000000
8 5 5 5 -0.0000000
8 5 6 0 -0.0006122
8 5 6 1 0.0170498
8 5 6 2 0.0000000
8 5 6 3 0.0014455
8 5 6 4 -0.0296067
8 5 6 5 -0.0136076
8 5 6 6 0.0000000
8 5 7 0 0.0000000
8 5 7 1 -0.0000000
8 5 7 2 -0.0040183
8 5 7 3 -0.0000000
8 5 7 4 0.0000000
8 5 7 5 0.0000000
8 5 7 6 0.0013734
8 5 7 7 0.0000000
8 5 8 0 0.0002154
8 5 8 1 -0.0261851
8 5 8 2 -0.0000000
8 5 8 3 0.0155230
8 5 8 4 -0.0124850
8 5 8 5 0.0334163
8 5 8 6 -0.0000000
8 5 8 7 0.0007494
8 5 8 8 0.0000000
8 6 0 0 -0.0004269
8 6 1 0 -0.0001972
8 6 1 1 -0.0061815
8 6 2 0 0.0000000
8 6 2 1 0.0000000
8 6 2 2 -0.0134058
8 6 3 0 -0.0003141
8 6 3 1 -0.0088090
8 6 3 2 0.0000000
8 6 3 3 0.0010503
8 6 4 0 -0.0002564
8 6 4 1 0.0199766
8 6 4 2 -0.0000000
8 6 4 3 -0.0066231
8 6 4 4 -0.0072053
8 6 5 0 -0.0001170
8 6 5 1 -0.0047296
8 6 5 2 0.0000000
8 6 5 3 0.0079395
8 6 5 4 -0.0213356
8 6 5 5 0.0077373
8 6 6 0 0.0000000
8 6 6 1 -0.0000000
8 6 6 2 0.0103007
8 6 6 3 -0.0000000
8 6 6 4 0.0000000
8 6 6 5 -0.0000000
8 6 6 6 -0.0172458
8 6 7 0 0.0001247
8 6 7 1 -0.0024595
8 6 7 2 0.0000000
8 6 7 3 -0.0018362
8 6 7 4 0.0004980
8 6 7 5 0.0032695
8 6 7 6 -0.0000000
8 6 7 7 0.0252661
8 6 8 0 -0.0000000
8 6 8 1 0.0000000
8 6 8 2 -0.0165663
8 6 8 3 -0.0000000
8 6 8 4 0.0000000
8 6 8 5 -0.0000000
8 6 8 6 0.0158935
8 6 8 7 -0.0000000
8 6 8 8 0.0442684
8 7 0 0 -0.0000000
8 7 1 0 0.0000000
8 7 1 1 -0.0000000
8 7 2 0 0.0002710
8 7 2 1 0.0031383
8 7 2 2 0.0000000
8 7 3 0 -0.0000000
8 7 3 1 -0.0000000
8 7 3 2 0.0014896
8 7 3 3 -0.0000000
8 7 4 0 0.0000000
8 7 4 1 -0.0000000
8 7 4 2 -0.0019472
8 7 4 3 0.0000000
8 7 4 4 0.0000000
8 7 5 0 0.0000000
8 7 5 1 -0.0000000
8 7 5 2 -0.0007829
8 7 5 3 0.0000000
8 7 5 4 0.0000000
8 7 5 5 0.0000000
8 7 6 0 0.0003240
8 7 6 1 -0.0022351
8 7 6 2 0.0000000
8 7 6 3 0.0001430
8 7 6 4 0.0025443
8 7 6 5 0.0026382
8 7 6 6 -0.0000000
8 7 7 0 0.0000000
8 7 7 1 0.0000000
8 7 7 2 -0.0035882
8 7 7 3 0.0000000
8 7 7 4 0.0000000
8 7 7 5 0.0000000
8 7 7 6 0.0040278
8 7 7 7 0.0000000
8 7 8 0 -0.0000303
8 7 8 1 -0.0003932
8 7 8 2 -0.0000000
8 7 8 3 -0.0011214
8 7 8 4 -0.0012313
8 7 8 5 0.0007494
8 7 8 6 -0.0000000
8 7 8 7 0.0210482
8 7 8 8 -0.0000000
8 8 0 0 0.3245188
8 8 1 0 0.0030765
8 8 1 1 0.4395356
8 8 2 0 -0.0000000
8 8 2 1 -0.0000000
8 8 2 2 0.3525170
8 8 3 0 -0.0041229
8 8 3 1 -0.0724208
8 8 3 2 -0.0000000
8 8 3 3 0.3311315
8 8 4 0 -0.0007741
8 8 4 1 0.0603895
8 8 4 2 -0.0000000
8 8 4 3 -0.0885122
8 8 4 4 0.4474556
8 8 5 0 0.0067592
8 8 5 1 -0.0687910
8 8 5 2 -0.0000000
8 8 5 3 0.0719983
8 8 5 4 -0.0767138
8 8 5 5 0.4667689
8 8 6 0 -0.0000000
8 8 6 1 0.0000000
8 8 6 2 -0.0511682
8 8 6 3 -0.0000000
8 8 6 4 0.0000000
8 8 6 5 -0.0000000
8 8 6 6 0.3546068
8 8 7 0 -0.0014036
8 8 7 1 -0.0020590
8 8 7 2 -0.0000000
8 8 7 3 -0.0303287
8 8 7 4 -0.0012136
8 8 7 5 0.0106840
8 8 7 6 -0.0000000
8 8 7 7 0.4670423
8 8 8 0 0.0000000
8 8 8 1 0.0000000
8 8 8 2 -0.0584957
8 8 8 3 0.0000000
8 8 8 4 0.0000000
8 8 8 5 0.0000000
8 8 8 6 0.0442684
8 8 8 7 -0.0000000
8 8 8 8 0.6728328
9 0 0 0 0.0028045
9 0 1 0 -0.0000979
9 0 1 1 0.0003607
9 0 2 0 -0.0000000
9 0 2 1 0.0000000
9 0 2 2 0.0003847
9 0 3 0 -0.0001150
9 0 3 1 0.0001758
9 0 3 2 0.0000000
9 0 3 3 0.0005083
9 0 4 0 -0.0000846
9 0 4 1 0.0000201
9 0 4 2 0.0000000
9 0 4 3 0.0002710
9 0 4 4 0.0000939
9 0 5 0 -0.0001075
9 0 5 1 0.0004554
9 0 5 2 0.0000000
9 0 5 3 -0.0001464
9 0 5 4 0.0002266
9 0 5 5 0.0004093
9 0 6 0 0.0000000
9 0 6 1 -0.0000000
9 0 6 2 0.0003013
9 0 6 3 0.0000000
9 0 6 4 -0.0000000
9 0 6 5 -0.0000000
9 0 6 6 0.0004108
9 0 7 0 -0.0001227
9 0 7 1 -0.0000084
9 0 7 2 0.0000000
9 0 7 3 0.0000032
9 0 7 4 -0.0000094
9 0 7 5 -0.0000346
9 0 7 6 0.0000000
9 0 7 7 -0.0000326
9 0 8 0 -0.0000000
9 0 8 1 -0.0000000
9 0 8 2 0.0001428
9 0 8 3 -0.0000000
9 0 8 4 -0.0000000
9 0 8 5 -0.0000000
9 0 8 6 -0.0000851
9 0 8 7 -0.0000000
9 0 8 8 -0.0004258
9 0 9 0 0.0000059
9 0 9 1 -0.0000149
9 0 9 2 0.0000000
9 0 9 3 0.0000757
9 0 9 4 -0.0001626
9 0 9 5 0.0001117
9 0 9 6 -0.0000000
9 0 9 7 -0.0000184
9 0 9 8 0.0000000
9 0 9 9 -0.0027323
9 1 0 0 0.0047978
9 1 1 0 0.0000902
9 1 1 1 0.0028049
9 1 2 0 -0.0000000
9 1 2 1 0.0000000
9 1 2 2 0.0041060
9 1 3 0 0.0000113
9 1 3 1 0.0021777
9 1 3 2 -0.0000000
9 1 3 3 0.0021659
9 1 4 0 0.0000303
9 1 4 1 -0.0028954
9 1 4 2 0.0000000
9 1 4 3 0.0025337
9 1 4 4 0.0004567
9 1 5 0 0.0001193
9 1 5 1 0.0031760
9 1 5 2 -0.0000000
9 1 5 3 -0.0020493
9 1 5 4 0.0042428
9 1 5 5 0.0006086
9 1 6 0 -0.0000000
9 1 6 1 -0.0000000
9 1 6 2 -0.0000164
9 1 6 3 0.0000000
9 1 6 4 -0.0000000
9 1 6 5 0.0000000
9 1 6 6 0.0041711
9 1 7 0 -0.0000752
9 1 7 1 0.0003698
9 1 7 2 0.0000000
9 1 7 3 -0.0001052
9 1 7 4 0.0001925
9 1 7 5 -0.0006674
9 1 7 6 0.0000000
9 1 7 7 -0.0009926
9 1 8 0 -0.0000000
9 1 8 1 -0.0000000
9 1 8 2 0.0017934
9 1 8 3 -0.0000000
9 1 8 4 -0.0000000
9 1 8 5 -0.0000000
9 1 8 6 -0.0015334
9 1 8 7 -0.0000000
9 1 8 8 -0.0031494
9 1 9 0 -0.0000149
9 1 9 1 0.0028263
9 1 9 2 -0.0000000
9 1 9 3 -0.0028322
9 1 9 4 0.0050340
9 1 9 5 -0.0051550
9 1 9 6 0.0000000
9 1 9 7 -0.0006993
9 1 9 8 0.0000000
9 1 9 9 0.0160922
9 2 0 0 -0.0000000
9 2 1 0 0.0000000
9 2 1 1 -0.0000000
9 2 2 0 0.0001425
9 2 2 1 0.0021044
9 2 2 2 0.0000000
9 2 3 0 -0.0000000
9 2 3 1 -0.0000000
9 2 3 2 0.0007081
9 2 3 3 -0.0000000
9 2 4 0 0.0000000
9 2 4 1 -0.0000000
9 2 4 2 -0.0021041
9 2 4 3 0.0000000
9 2 4 4 0.0000000
9 2 5 0 0.0000000
9 2 5 1 -0.0000000
9 2 5 2 0.0000799
9 2 5 3 -0.0000000
9 2 5 4 0.0000000
9 2 5 5 0.0000000
9 2 6 0 0.0001760
9 2 6 1 -0.0010340
9 2 6 2 0.0000000
9 2 6 3 -0.0000846
9 2 6 4 0.0024738
9 2 6 5 0.0011224
9 2 6 6 -0.0000000
9 2 7 0 -0.0000000
9 2 7 1 0.0000000
9 2 7 2 0.0003548
9 2 7 3 -0.0000000
9 2 7 4 0.0000000
9 2 7 5 -0.0000000
9 2 7 6 0.0000065
9 2 7 7 -0.0000000
9 2 8 0 -0.0000022
9 2 8 1 0.0017742
9 2 8 2 0.0000000
9 2 8 3 -0.0010733
9 2 8 4 0.0011375
9 2 8 5 -0.0020579
9 2 8 6 0.0000000
9 2 8 7 0.0000213
9 2 8 8 -0.0000000
9 2 9 0 0.0000000
9 2 9 1 -0.0000000
9 2 9 2 0.0013346
9 2 9 3 0.0000000
9 2 9 4 -0.0000000
9 2 9 5 -0.0000000
9 2 9 6 -0.0012646
9 2 9 7 -0.0000000
9 2 9 8 -0.0041321
9 2 9 9 -0.0000000
9 3 0 0 -0.0000297
9 3 1 0 0.0000528
9 3 1 1 0.0005196
9 3 2 0 -0.0000000
9 3 2 1 -0.0000000
9 3 2 2 -0.0003629
9 3 3 0 0.0000497
9 3 3 1 -0.0002729
9 3 3 2 -0.0000000
9 3 3 3 0.0004818
9 3 4 0 0.0000386
9 3 4 1 0.0010196
9 3 4 2 0.0000000
9 3 4 3 -0.0005994
9 3 4 4 0.0008610
9 3 5 0 0.0000419
9 3 5 1 -0.0002219
9 3 5 2 0.0000000
9 3 5 3 0.0006803
9 3 5 4 -0.0007324
9 3 5 5 0.0003758
9 3 6 0 -0.0000000
9 3 6 1 0.0000000
9 3 6 2 0.0002879
9 3 6 3 -0.0000000
9 3 6 4 0.0000000
9 3 6 5 -0.0000000
9 3 6 6 -0.0004617
9 3 7 0 -0.0000510
9 3 7 1 0.0000748
9 3 7 2 -0.0000000
9 3 7 3 -0.0000250
9 3 7 4 0.0000487
9 3 7 5 -0.0002741
9 3 7 6 0.0000000
9 3 7 7 -0.0020909
9 3 8 0 -0.0000000
9 3 8 1 -0.0000000
9 3 8 2 0.0006790
9 3 8 3 0.0000000
9 3 8 4 -0.0000000
9 3 8 5 -0.0000000
9 3 8 6 -0.0005490
9 3 8 7 -0.0000000
9 3 8 8 -0.0027521
9 3 9 0 0.0000757
9 3 9 1 -0.0028322
9 3 9 2 0.0000000
9 3 9 3 0.0041582
9 3 9 4 -0.0078516
9 3 9 5 0.0067546
9 3 9 6 -0.0000000
9 3 9 7 -0.0006111
9 3 9 8 0.0000000
9 3 9 9 -0.0645757
9 4 0 0 -0.0011274
9 4 1 0 0.0000113
9 4 1 1 -0.0014841
9 4 2 0 -0.0000000
9 4 2 1 -0.0000000
9 4 2 2 -0.0011132
9 4 3 0 0.0000681
9 4 3 1 0.0002934
9 4 3 2 -0.0000000
9 4 3 3 -0.0007866
9 4 4 0 0.0000055
9 4 4 1 0.0004472
9 4 4 2 0.0000000
9 4 4 3 0.0002978
9 4 4 4 -0.0017831
9 4 5 0 -0.0000075
9 4 5 1 -0.0002957
9 4 5 2 0.0000000
9 4 5 3 0.0005337
9 4 5 4 -0.0009452
9 4 5 5 -0.0001292
9 4 6 0 -0.0000000
9 4 6 1 0.0000000
9 4 6 2 0.0000209
9 4 6 3 -0.0000000
9 4 6 4 0.0000000
9 4 6 5 -0.0000000
9 4 6 6 -0.0013874
9 4 7 0 -0.0000486
9 4 7 1 -0.0003403
9 4 7 2 -0.0000000
9 4 7 3 -0.0008472
9 4 7 4 0.0004094
9 4 7 5 -0.0000622
9 4 7 6 0.0000000
9 4 7 7 0.0056565
9 4 8 0 0.0000000
9 4 8 1 -0.0000000
9 4 8 2 -0.0028452
9 4 8 3 0.0000000
9 4 8 4 0.0000000
9 4 8 5 0.0000000
9 4 8 6 0.0025250
9 4 8 7 -0.0000000
9 4 8 8 0.0082522
9 4 9 0 -0.0001626
9 4 9 1 0.0050340
9 4 9 2 -0.0000000
9 4 9 3 -0.0078516
9 4 9 4 0.0155899
9 4 9 5 -0.0128578
9 4 9 6 0.0000000
9 4 9 7 -0.0004977
9 4 9 8 0.0000000
9 4 9 9 0.1498700
9 5 0 0 0.0030586
9 5 1 0 0.0001004
9 5 1 1 0.0028414
9 5 2 0 -0.0000000
9 5 2 1 -0.0000000
9 5 2 2 0.0001039
9 5 3 0 -0.0001168
9 5 3 1 -0.0017016
9 5 3 2 -0.0000000
9 5 3 3 0.0025755
9 5 4 0 -0.0000040
9 5 4 1 0.0035020
9 5 4 2 0.0000000
9 5 4 3 -0.0015816
9 5 4 4 0.0024666
9 5 5 0 0.0001805
9 5 5 1 0.0003302
9 5 5 2 0.0000000
9 5 5 3 0.0010805
9 5 5 4 -0.0026726
9 5 5 5 0.0035667
9 5 6 0 -0.0000000
9 5 6 1 0.0000000
9 5 6 2 0.0017654
9 5 6 3 -0.0000000
9 5 6 4 -0.0000000
9 5 6 5 -0.0000000
9 5 6 6 -0.0004409
9 5 7 0 -0.0000421
9 5 7 1 -0.0002308
9 5 7 2 -0.0000000
9 5 7 3 0.0003216
9 5 7 4 -0.0004586
9 5 7 5 0.0004740
9 5 7 6 -0.0000000
9 5 7 7 -0.0008688
9 5 8 0 0.0000000
9 5 8 1 -0.0000000
9 5 8 2 0.0007344
9 5 8 3 0.0000000
9 5 8 4 -0.0000000
9 5 8 5 0.0000000
9 5 8 6 -0.0002413
9 5 8 7 -0.0000000
9 5 8 8 -0.0030718
9 5 9 0 0.0001117
9 5 9 1 -0.0051550
9 5 9 2 -0.0000000
9 5 9 3 0.0067546
9 5 9 4 -0.0128578
9 5 9 5 0.0116202
9 5 9 6 -0.0000000
9 5 9 7 0.0008763
9 5 9 8 0.0000000
9 5 9 9 -0.0939208
9 6 0 0 -0.0000000
9 6 1 0 -0.0000000
9 6 1 1 -0.0000000
9 6 2 0 -0.0000725
9 6 2 1 -0.0021145
9 6 2 2 -0.0000000
9 6 3 0 0.0000000
9 6 3 1 0.0000000
9 6 3 2 -0.0006949
9 6 3 3 -0.0000000
9 6 4 0 -0.0000000
9 6 4 1 -0.0000000
9 6 4 2 0.0024965
9 6 4 3 0.0000000
9 6 4 4 -0.0000000
9 6 5 0 -0.0000000
9 6 5 1 0.0000000
9 6 5 2 0.0003608
9 6 5 3 -0.0000000
9 6 5 4 -0.0000000
9 6 5 5 -0.0000000
9 6 6 0 -0.0000946
9 6 6 1 0.0015538
9 6 6 2 -0.0000000
9 6 6 3 0.0001462
9 6 6 4 -0.0029822
9 6 6 5 -0.0012969
9 6 6 6 0.0000000
9 6 7 0 0.0000000
9 6 7 1 0.0000000
9 6 7 2 -0.0004302
9 6 7 3 -0.0000000
9 6 7 4 0.0000000
9 6 7 5 -0.0000000
9 6 7 6 -0.0000290
9 6 7 7 -0.0000000
9 6 8 0 0.0000114
9 6 8 1 -0.0019675
9 6 8 2 -0.0000000
9 6 8 3 0.0011623
9 6 8 4 -0.0010424
9 6 8 5 0.0024597
9 6 8 6 -0.0000000
9 6 8 7 -0.0001150
9 6 8 8 0.0000000
9 6 9 0 -0.0000000
9 6 9 1 0.0000000
9 6 9 2 -0.0012646
9 6 9 3 -0.0000000
9 6 9 4 0.0000000
9 6 9 5 -0.0000000
9 6 9 6 0.0012226
9 6 9 7 -0.0000000
9 6 9 8 0.0037902
9 6 9 9 0.0000000
9 7 0 0 -0.0009786
9 7 1 0 0.0000851
9 7 1 1 0.0008592
9 7 2 0 -0.0000000
9 7 2 1 0.0000000
9 7 2 2 0.0002051
9 7 3 0 0.0000323
9 7 3 1 0.0002810
9 7 3 2 -0.0000000
9 7 3 3 -0.0003484
9 7 4 0 0.0000426
9 7 4 1 -0.0001608
9 7 4 2 -0.0000000
9 7 4 3 0.0000705
9 7 4 4 0.0003702
9 7 5 0 0.0000845
9 7 5 1 -0.0003518
9 7 5 2 -0.0000000
9 7 5 3 0.0001065
9 7 5 4 0.0004303
9 7 5 5 0.0001250
9 7 6 0 -0.0000000
9 7 6 1 0.0000000
9 7 6 2 -0.0007363
9 7 6 3 -0.0000000
9 7 6 4 -0.0000000
9 7 6 5 0.0000000
9 7 6 6 0.0002913
9 7 7 0 -0.0000534
9 7 7 1 -0.0009258
9 7 7 2 0.0000000
9 7 7 3 0.0007801
9 7 7 4 -0.0018843
9 7 7 5 0.0013768
9 7 7 6 -0.0000000
9 7 7 7 -0.0001771
9 7 8 0 -0.0000000
9 7 8 1 -0.0000000
9 7 8 2 0.0002519
9 7 8 3 -0.0000000
9 7 8 4 -0.0000000
9 7 8 5 -0.0000000
9 7 8 6 -0.0003934
9 7 8 7 -0.0000000
9 7 8 8 0.0000619
9 7 9 0 -0.0000184
9 7 9 1 -0.0006993
9 7 9 2 -0.0000000
9 7 9 3 -0.0006111
9 7 9 4 -0.0004977
9 7 9 5 0.0008763
9 7 9 6 -0.0000000
9 7 9 7 0.0091562
9 7 9 8 -0.0000000
9 7 9 9 -0.0149403
9 8 0 0 -0.0000000
9 8 1 0 -0.0000000
9 8 1 1 -0.0000000
9 8 2 0 0.0001090
9 8 2 1 0.0032343
9 8 2 2 0.0000000
9 8 3 0 -0.0000000
9 8 3 1 -0.0000000
9 8 3 2 0.0002067
9 8 3 3 -0.0000000
9 8 4 0 0.0000000
9 8 4 1 -0.0000000
9 8 4 2 -0.0018585
9 8 4 3 0.0000000
9 8 4 4 0.0000000
9 8 5 0 0.0000000
9 8 5 1 -0.0000000
9 8 5 2 -0.0016119
9 8 5 3 0.0000000
9 8 5 4 0.0000000
9 8 5 5 0.0000000
9 8 6 0 0.0001540
9 8 6 1 -0.0025238
9 8 6 2 0.0000000
9 8 6 3 0.0004958
9 8 6 4 0.0026323
9 8 6 5 0.0029379
9 8 6 6 -0.0000000
9 8 7 0 -0.0000000
9 8 7 1 0.0000000
9 8 7 2 0.0004593
9 8 7 3 -0.0000000
9 8 7 4 0.0000000
9 8 7 5 0.0000000
9 8 7 6 0.0000558
9 8 7 7 0.0000000
9 8 8 0 -0.0000160
9 8 8 1 -0.0001548
9 8 8 2 0.0000000
9 8 8 3 0.0014516
9 8 8 4 -0.0042879
9 8 8 5 0.0012451
9 8 8 6 -0.0000000
9 8 8 7 0.0004312
9 8 8 8 0.0000000
9 8 9 0 0.0000000
9 8 9 1 0.0000000
9 8 9 2 -0.0041321
9 8 9 3 0.0000000
9 8 9 4 0.0000000
9 8 9 5 0.0000000
9 8 9 6 0.0037902
9 8 9 7 -0.0000000
9 8 9 8 0.0145315
9 8 9 9 0.0000000
9 9 0 0 0.3431398
9 9 1 0 0.0037568
9 9 1 1 0.5017801
9 9 2 0 -0.0000000
9 9 2 1 -0.0000000
9 9 2 2 0.3699926
9 9 3 0 -0.0048146
9 9 3 1 -0.1178169
9 9 3 2 -0.0000000
9 9 3 3 0.3851000
9 9 4 0 -0.0013166
9 9 4 1 0.1369811
9 9 4 2 -0.0000000
9 9 4 3 -0.1574644
9 9 4 4 0.5628927
9 9 5 0 0.0083112
9 9 5 1 -0.1207004
9 9 5 2 -0.0000000
9 9 5 3 0.1333258
9 9 5 4 -0.1860912
9 9 5 5 0.5875110
9 9 6 0 -0.0000000
9 9 6 1 0.0000000
9 9 6 2 -0.0551076
9 9 6 3 -0.0000000
9 9 6 4 0.0000000
9 9 6 5 -0.0000000
9 9 6 6 0.3655769
9 9 7 0 -0.0020343
9 9 7 1 -0.0095750
9 9 7 2 -0.0000000
9 9 7 3 -0.0469767
9 9 7 4 0.0046766
9 9 7 5 0.0157779
9 9 7 6 -0.0000000
9 9 7 7 0.6182419
9 9 8 0 0.0000000
9 9 8 1 0.0000000
9 9 8 2 -0.1065528
9 9 8 3 0.0000000
9 9 8 4 0.0000000
9 9 8 5 0.0000000
9 9 8 6 0.0924750
9 9 8 7 -0.0000000
9 9 8 8 0.8416888
9 9 9 0 -0.0027323
9 9 9 1 0.0160922
9 9 9 2 -0.0000000
9 9 9 3 -0.0645757
9 9 9 4 0.1498700
9 9 9 5 -0.0939208
9 9 9 6 0.0000000
9 9 9 7 -0.0149403
9 9 9 8 0.0000000
9 9 9 9 3.4993865
10 0 0 0 0.0250956
10 0 1 0 -0.0009833
10 0 1 1 0.0026342
10 0 2 0 0.0000000
10 0 2 1 0.0000000
10 0 2 2 0.0012878
10 0 3 0 -0.0009430
10 0 3 1 0.0015288
10 0 3 2 0.0000000
10 0 3 3 0.0025170
10 0 4 0 -0.0008532
10 0 4 1 0.0008931
10 0 4 2 0.0000000
10 0 4 3 0.0012131
10 0 4 4 0.0012484
10 0 5 0 -0.0013806
10 0 5 1 0.0021589
10 0 5 2 0.0000000
10 0 5 3 0.0009503
10 0 5 4 0.0012135
10 0 5 5 0.0023804
10 0 6 0 0.0000000
10 0 6 1 -0.0000000
10 0 6 2 0.0004561
10 0 6 3 -0.0000000
10 0 6 4 -0.0000000
10 0 6 5 -0.0000000
10 0 6 6 0.0010733
10 0 7 0 -0.0027168
10 0 7 1 -0.0003990
10 0 7 2 -0.0000000
10 0 7 3 -0.0005139
10 0 7 4 -0.0004413
10 0 7 5 -0.0007357
10 0 7 6 0.0000000
10 0 7 7 -0.0012114
10 0 8 0 -0.0000000
10 0 8 1 -0.0000000
10 0 8 2 0.0003469
10 0 8 3 -0.0000000
10 0 8 4 -0.0000000
10 0 8 5 -0.0000000
10 0 8 6 -0.0002009
10 0 8 7 -0.0000000
10 0 8 8 -0.0006589
10 0 9 0 0.0000359
10 0 9 1 0.0000596
10 0 9 2 0.0000000
10 0 9 3 0.0000151
10 0 9 4 -0.0000132
10 0 9 5 0.0000243
10 0 9 6 -0.0000000
10 0 9 7 0.0000114
10 0 9 8 -0.0000000
10 0 9 9 -0.0008071
10 0 10 0 0.0006750
10 0 10 1 0.0005179
10 0 10 2 -0.0000000
10 0 10 3 0.0000989
10 0 10 4 0.0001898
10 0 10 5 0.0000610
10 0 10 6 -0.0000000
10 0 10 7 -0.0000148
10 0 10 8 0.0000000
10 0 10 9 0.0000062
10 0 10 10 -0.0010818
10 1 0 0 0.0330847
10 1 1 0 0.0009595
10 1 1 1 0.0324188
10 1 2 0 -0.0000000
10 1 2 1 -0.0000000
10 1 2 2 0.0250678
10 1 3 0 0.0006476
10 1 3 1 0.0051625
10 1 3 2 -0.0000000
10 1 3 3 0.0257652
10 1 4 0 0.0005136
10 1 4 1 -0.0003595
10 1 4 2 0.0000000
10 1 4 3 0.0034200
10 1 4 4 0.0254920
10 1 5 0 0.0009716
10 1 5 1 0.0114568
10 1 5 2 0.0000000
10 1 5 3 -0.0005405
10 1 5 4 0.0084654
10 1 5 5 0.0221878
10 1 6 0 -0.0000000
10 1 6 1 -0.0000000
10 1 6 2 0.0005286
10 1 6 3 -0.0000000
10 1 6 4 -0.0000000
10 1 6 5 0.0000000
10 1 6 6 0.0252430
10 1 7 0 -0.0009261
10 1 7 1 0.0009130
10 1 7 2 -0.0000000
10 1 7 3 -0.0004039
10 1 7 4 -0.0000440
10 1 7 5 -0.0052254
10 1 7 6 0.0000000
10 1 7 7 -0.0023739
10 1 8 0 -0.0000000
10 1 8 1 -0.0000000
10 1 8 2 0.0112745
10 1 8 3 -0.0000000
10 1 8 4 -0.0000000
10 1 8 5 -0.0000000
10 1 8 6 -0.0095715
10 1 8 7 -0.0000000
10 1 8 8 -0.0117223
10 1 9 0 0.0001149
10 1 9 1 0.0010620
10 1 9 2 0.0000000
10 1 9 3 0.0012845
10 1 9 4 -0.0036305
10 1 9 5 0.0019955
10 1 9 6 -0.0000000
10 1 9 7 0.0003127
10 1 9 8 -0.0000000
10 1 9 9 -0.0406557
10 1 10 0 0.0005179
10 1 10 1 0.0212238
10 1 10 2 -0.0000000
10 1 10 3 -0.0098928
10 1 10 4 0.0114737
10 1 10 5 -0.0200003
10 1 10 6 0.0000000
10 1 10 7 -0.0016769
10 1 10 8 0.0000000
10 1 10 9 0.0001927
10 1 10 10 -0.0532469
10 2 0 0 -0.0000000
10 2 1 0 0.0000000
10 2 1 1 -0.0000000
10 2 2 0 -0.0007144
10 2 2 1 -0.0000524
10 2 2 2 -0.0000000
10 2 3 0 -0.0000000
10 2 3 1 0.0000000
10 2 3 2 -0.0008400
10 2 3 3 -0.0000000
10 2 4 0 -0.0000000
10 2 4 1 -0.0000000
10 2 4 2 -0.0006645
10 2 4 3 -0.0000000
10 2 4 4 -0.0000000
10 2 5 0 -0.0000000
10 2 5 1 -0.0000000
10 2 5 2 -0.0015171
10 2 5 3 -0.0000000
10 2 5 4 0.0000000
10 2 5 5 -0.0000000
10 2 6 0 -0.0010134
10 2 6 1 -0.0016194
10 2 6 2 0.0000000
10 2 6 3 -0.0017697
10 2 6 4 0.0004625
10 2 6 5 0.0001417
10 2 6 6 -0.0000000
10 2 7 0 0.0000000
10 2 7 1 -0.0000000
10 2 7 2 -0.0034772
10 2 7 3 0.0000000
10 2 7 4 -0.0000000
10 2 7 5 -0.0000000
10 2 7 6 -0.0032497
10 2 7 7 -0.0000000
10 2 8 0 0.0000848
10 2 8 1 -0.0002661
10 2 8 2 0.0000000
10 2 8 3 0.0020697
10 2 8 4 -0.0042133
10 2 8 5 0.0037163
10 2 8 6 -0.0000000
10 2 8 7 0.0006476
10 2 8 8 -0.0000000
10 2 9 0 -0.0000000
10 2 9 1 0.0000000
10 2 9 2 -0.0004449
10 2 9 3 -0.0000000
10 2 9 4 0.0000000
10 2 9 5 0.0000000
10 2 9 6 0.0005663
10 2 9 7 0.0000000
10 2 9 8 0.0008868
10 2 9 9 -0.0000000
10 2 10 0 -0.0000000
10 2 10 1 -0.0000000
10 2 10 2 0.0068221
10 2 10 3 -0.0000000
10 2 10 4 -0.0000000
10 2 10 5 -0.0000000
10 2 10 6 -0.0043018
10 2 10 7 -0.0000000
10 2 10 8 -0.0227458
10 2 10 9 0.0000000
10 2 10 10 0.0000000
10 3 0 0 -0.0092148
10 3 1 0 0.0007210
10 3 1 1 -0.0090594
10 3 2 0 -0.0000000
10 3 2 1 0.0000000
10 3 2 2 -0.0078709
10 3 3 0 -0.0002703
10 3 3 1 0.0031735
10 3 3 2 -0.0000000
10 3 3 3 -0.0107682
10 3 4 0 0.0001352
10 3 4 1 -0.0017158
10 3 4 2 -0.0000000
10 3 4 3 0.0020954
10 3 4 4 -0.0123350
10 3 5 0 0.0012714
10 3 5 1 0.0019622
10 3 5 2 -0.0000000
10 3 5 3 0.0007571
10 3 5 4 0.0040120
10 3 5 5 -0.0081515
10 3 6 0 -0.0000000
10 3 6 1 -0.0000000
10 3 6 2 -0.0015340
10 3 6 3 -0.0000000
10 3 6 4 -0.0000000
10 3 6 5 -0.0000000
10 3 6 6 -0.0093362
10 3 7 0 -0.0004647
10 3 7 1 -0.0014266
10 3 7 2 -0.0000000
10 3 7 3 -0.0025700
10 3 7 4 -0.0050636
10 3 7 5 0.0044860
10 3 7 6 -0.0000000
10 3 7 7 -0.0069468
10 3 8 0 -0.0000000
10 3 8 1 0.0000000
10 3 8 2 -0.0023591
10 3 8 3 0.0000000
10 3 8 4 0.0000000
10 3 8 5 0.0000000
10 3 8 6 0.0023609
10 3 8 7 -0.0000000
10 3 8 8 -0.0045322
10 3 9 0 -0.0000266
10 3 9 1 0.0001336
10 3 9 2 -0.0000000
10 3 9 3 -0.0010139
10 3 9 4 0.0023897
10 3 9 5 -0.0016492
10 3 9 6 0.0000000
10 3 9 7 0.0001781
10 3 9 8 -0.0000000
10 3 9 9 0.0066810
10 3 10 0 0.0000989
10 3 10 1 -0.0098928
10 3 10 2 -0.0000000
10 3 10 3 0.0089987
10 3 10 4 -0.0091387
10 3 10 5 0.0125523
10 3 10 6 -0.0000000
10 3 10 7 -0.0095669
10 3 10 8 0.0000000
10 3 10 9 0.0012027
10 3 10 10 0.0150927
10 4 0 0 0.0134952
10 4 1 0 0.0010040
10 4 1 1 0.0231819
10 4 2 0 -0.0000000
10 4 2 1 -0.0000000
10 4 2 2 0.0095239
10 4 3 0 -0.0001343
10 4 3 1 -0.0051437
10 4 3 2 -0.0000000
10 4 3 3 0.0148564
10 4 4 0 0.0001965
10 4 4 1 0.0121858
10 4 4 2 0.0000000
10 4 4 3 -0.0079584
10 4 4 4 0.0206992
10 4 5 0 0.0015299
10 4 5 1 0.0006614
10 4 5 2 0.0000000
10 4 5 3 0.0078931
10 4 5 4 -0.0085973
10 4 5 5 0.0227572
10 4 6 0 -0.0000000
10 4 6 1 -0.0000000
10 4 6 2 0.0010433
10 4 6 3 -0.0000000
10 4 6 4 0.0000000
10 4 6 5 -0.0000000
10 4 6 6 0.0071152
10 4 7 0 -0.0007711
10 4 7 1 0.0009301
10 4 7 2 -0.0000000
10 4 7 3 -0.0057799
10 4 7 4 0.0033937
10 4 7 5 -0.0029497
10 4 7 6 0.0000000
10 4 7 7 0.0176261
10 4 8 0 -0.0000000
10 4 8 1 -0.0000000
10 4 8 2 -0.0010914
10 4 8 3 -0.0000000
10 4 8 4 0.0000000
10 4 8 5 0.0000000
10 4 8 6 0.0013519
10 4 8 7 -0.0000000
10 4 8 8 0.0223802
10 4 9 0 0.0000376
10 4 9 1 -0.0007972
10 4 9 2 0.0000000
10 4 9 3 0.0016563
10 4 9 4 -0.0031171
10 4 9 5 0.0029364
10 4 9 6 -0.0000000
10 4 9 7 -0.0002217
10 4 9 8 -0.0000000
10 4 9 9 0.0155702
10 4 10 0 0.0001898
10 4 10 1 0.0114737
10 4 10 2 -0.0000000
10 4 10 3 -0.0091387
10 4 10 4 0.0140556
10 4 10 5 -0.0150806
10 4 10 6 0.0000000
10 4 10 7 0.0118873
10 4 10 8 0.0000000
10 4 10 9 -0.0030874
10 4 10 10 -0.0008901
10 5 0 0 -0.0147670
10 5 1 0 0.0001257
10 5 1 1 -0.0211817
10 5 2 0 -0.0000000
10 5 2 1 -0.0000000
10 5 2 2 -0.0172324
10 5 3 0 0.0019448
10 5 3 1 0.0061171
10 5 3 2 -0.0000000
10 5 3 3 -0.0095476
10 5 4 0 0.0007579
10 5 4 1 0.0013477
10 5 4 2 0.0000000
10 5 4 3 0.0078622
10 5 4 4 -0.0233047
10 5 5 0 -0.0010077
10 5 5 1 -0.0001627
10 5 5 2 0.0000000
10 5 5 3 0.0008527
10 5 5 4 -0.0006737
10 5 5 5 -0.0184751
10 5 6 0 -0.0000000
10 5 6 1 0.0000000
10 5 6 2 0.0035529
10 5 6 3 -0.0000000
10 5 6 4 -0.0000000
10 5 6 5 -0.0000000
10 5 6 6 -0.0183264
10 5 7 0 -0.0007495
10 5 7 1 -0.0043662
10 5 7 2 -0.0000000
10 5 7 3 0.0025327
10 5 7 4 -0.0009071
10 5 7 5 -0.0024896
10 5 7 6 -0.0000000
10 5 7 7 -0.0062895
10 5 8 0 -0.0000000
10 5 8 1 -0.0000000
10 5 8 2 -0.0070622
10 5 8 3 -0.0000000
10 5 8 4 0.0000000
10 5 8 5 0.0000000
10 5 8 6 0.0067936
10 5 8 7 -0.0000000
10 5 8 8 -0.0062953
10 5 9 0 -0.0000660
10 5 9 1 -0.0000343
10 5 9 2 0.0000000
10 5 9 3 -0.0019174
10 5 9 4 0.0049243
10 5 9 5 -0.0030755
10 5 9 6 0.0000000
10 5 9 7 -0.0001353
10 5 9 8 -0.0000000
10 5 9 9 0.0297261
10 5 10 0 0.0000610
10 5 10 1 -0.0200003
10 5 10 2 -0.0000000
10 5 10 3 0.0125523
10 5 10 4 -0.0150806
10 5 10 5 0.0264464
10 5 10 6 -0.0000000
10 5 10 7 -0.0029409
10 5 10 8 0.0000000
10 5 10 9 0.0001590
10 5 10 10 0.0437427
10 6 0 0 0.0000000
10 6 1 0 -0.0000000
10 6 1 1 0.0000000
10 6 2 0 -0.0013344
10 6 2 1 -0.0084383
10 6 2 2 0.0000000
10 6 3 0 -0.0000000
10 6 3 1 -0.0000000
10 6 3 2 -0.0040205
10 6 3 3 0.0000000
10 6 4 0 -0.0000000
10 6 4 1 -0.0000000
10 6 4 2 0.0060805
10 6 4 3 -0.0000000
10 6 4 4 0.0000000
10 6 5 0 -0.0000000
10 6 5 1 0.0000000
10 6 5 2 0.0007572
10 6 5 3 -0.0000000
10 6 5 4 -0.0000000
10 6 5 5 0.0000000
10 6 6 0 -0.0018989
10 6 6 1 0.0032905
10 6 6 2 -0.0000000
10 6 6 3 -0.0024114
10 6 6 4 -0.0089181
10 6 6 5 -0.0057782
10 6 6 6 0.0000000
10 6 7 0 0.0000000
10 6 7 1 0.0000000
10 6 7 2 -0.0043890
10 6 7 3 -0.0000000
10 6 7 4 -0.0000000
10 6 7 5 -0.0000000
10 6 7 6 -0.0044960
10 6 7 7 0.0000000
10 6 8 0 -0.0000995
10 6 8 1 -0.0031298
10 6 8 2 0.0000000
10 6 8 3 -0.0007247
10 6 8 4 0.0044807
10 6 8 5 -0.0003518
10 6 8 6 -0.0000000
10 6 8 7 -0.0013618
10 6 8 8 0.0000000
10 6 9 0 0.0000000
10 6 9 1 0.0000000
10 6 9 2 0.0002989
10 6 9 3 0.0000000
10 6 9 4 -0.0000000
10 6 9 5 0.0000000
10 6 9 6 -0.0002909
10 6 9 7 0.0000000
10 6 9 8 -0.0014427
10 6 9 9 -0.0000000
10 6 10 0 -0.0000000
10 6 10 1 0.0000000
10 6 10 2 -0.0043018
10 6 10 3 -0.0000000
10 6 10 4 0.0000000
10 6 10 5 -0.0000000
10 6 10 6 0.0058505
10 6 10 7 0.0000000
10 6 10 8 0.0159171
10 6 10 9 0.0000000
10 6 10 10 -0.0000000
10 7 0 0 -0.0551886
10 7 1 0 0.0026248
10 7 1 1 0.0069952
10 7 2 0 -0.0000000
10 7 2 1 -0.0000000
10 7 2 2 -0.0127863
10 7 3 0 0.0015585
10 7 3 1 -0.0035056
10 7 3 2 -0.0000000
10 7 3 3 -0.0176931
10 7 4 0 0.0012291
10 7 4 1 0.0045210
10 7 4 2 -0.0000000
10 7 4 3 -0.0179755
10 7 4 4 0.0134418
10 7 5 0 0.0028166
10 7 5 1 -0.0190928
10 7 5 2 -0.0000000
10 7 5 3 0.0192554
10 7 5 4 -0.0075818
10 7 5 5 -0.0024642
10 7 6 0 -0.0000000
10 7 6 1 0.0000000
10 7 6 2 -0.0229879
10 7 6 3 -0.0000000
10 7 6 4 0.0000000
10 7 6 5 -0.0000000
10 7 6 6 -0.0139144
10 7 7 0 -0.0023868
10 7 7 1 0.0028833
10 7 7 2 -0.0000000
10 7 7 3 -0.0158996
10 7 7 4 0.0181372
10 7 7 5 -0.0177163
10 7 7 6 0.0000000
10 7 7 7 -0.0054842
10 7 8 0 0.0000000
10 7 8 1 -0.0000000
10 7 8 2 -0.0057034
10 7 8 3 0.0000000
10 7 8 4 0.0000000
10 7 8 5 0.0000000
10 7 8 6 0.0007489
10 7 8 7 -0.0000000
10 7 8 8 0.0340599
10 7 9 0 -0.0000873
10 7 9 1 -0.0000857
10 7 9 2 0.0000000
10 7 9 3 -0.0001131
10 7 9 4 0.0012062
10 7 9 5 -0.0009437
10 7 9 6 0.0000000
10 7 9 7 -0.0002962
10 7 9 8 0.0000000
10 7 9 9 0.0632170
10 7 10 0 -0.0000148
10 7 10 1 -0.0016769
10 7 10 2 -0.0000000
10 7 10 3 -0.0095669
10 7 10 4 0.0118873
10 7 10 5 -0.0029409
10 7 10 6 0.0000000
10 7 10 7 0.0750982
10 7 10 8 -0.0000000
10 7 10 9 -0.0038249
10 7 10 10 0.0676330
10 8 0 0 -0.0000000
10 8 1 0 0.0000000
10 8 1 1 -0.0000000
10 8 2 0 0.0010800
10 8 2 1 0.0256853
10 8 2 2 0.0000000
10 8 3 0 -0.0000000
10 8 3 1 -0.0000000
10 8 3 2 0.0059173
10 8 3 3 -0.0000000
10 8 4 0 0.0000000
10 8 4 1 -0.0000000
10 8 4 2 -0.0255294
10 8 4 3 0.0000000
10 8 4 4 0.0000000
10 8 5 0 0.0000000
10 8 5 1 -0.0000000
10 8 5 2 -0.0040973
10 8 5 3 0.0000000
10 8 5 4 0.0000000
10 8 5 5 0.0000000
10 8 6 0 0.0012546
10 8 6 1 -0.0188283
10 8 6 2 0.0000000
10 8 6 3 -0.0001914
10 8 6 4 0.0309915
10 8 6 5 0.0168571
10 8 6 6 -0.0000000
10 8 7 0 -0.0000000
10 8 7 1 -0.0000000
10 8 7 2 0.0048792
10 8 7 3 -0.0000000
10 8 7 4 -0.0000000
10 8 7 5 -0.0000000
10 8 7 6 -0.0014168
10 8 7 7 -0.0000000
10 8 8 0 -0.0004840
10 8 8 1 0.0209510
10 8 8 2 -0.0000000
10 8 8 3 -0.0156318
10 8 8 4 0.0154771
10 8 8 5 -0.0353249
10 8 8 6 0.0000000
10 8 8 7 0.0012063
10 8 8 8 -0.0000000
10 8 9 0 -0.0000000
10 8 9 1 -0.0000000
10 8 9 2 0.0024912
10 8 9 3 -0.0000000
10 8 9 4 -0.0000000
10 8 9 5 -0.0000000
10 8 9 6 -0.0033277
10 8 9 7 0.0000000
10 8 9 8 0.0000316
10 8 9 9 -0.0000000
10 8 10 0 0.0000000
10 8 10 1 0.0000000
10 8 10 2 -0.0227458
10 8 10 3 0.0000000
10 8 10 4 0.0000000
10 8 10 5 0.0000000
10 8 10 6 0.0159171
10 8 10 7 -0.0000000
10 8 10 8 0.1090359
10 8 10 9 -0.0000000
10 8 10 10 0.0000000
10 9 0 0 -0.0125062
10 9 1 0 -0.0002297
10 9 1 1 -0.0235405
10 9 2 0 0.0000000
10 9 2 1 0.0000000
10 9 2 2 -0.0135251
10 9 3 0 0.0003758
10 9 3 1 0.0104714
10 9 3 2 -0.0000000
10 9 3 3 -0.0175687
10 9 4 0 0.0001480
10 9 4 1 -0.0139709
10 9 4 2 0.0000000
10 9 4 3 0.0144774
10 9 4 4 -0.0323126
10 9 5 0 -0.0006075
10 9 5 1 0.0098741
10 9 5 2 0.0000000
10 9 5 3 -0.0118022
10 9 5 4 0.0196619
10 9 5 5 -0.0334242
10 9 6 0 0.0000000
10 9 6 1 -0.0000000
10 9 6 2 0.0028005
10 9 6 3 0.0000000
10 9 6 4 -0.0000000
10 9 6 5 0.0000000
10 9 6 6 -0.0125417
10 9 7 0 0.0001048
10 9 7 1 0.0009960
10 9 7 2 0.0000000
10 9 7 3 0.0031545
10 9 7 4 -0.0004440
10 9 7 5 -0.0016571
10 9 7 6 0.0000000
10 9 7 7 -0.0335518
10 9 8 0 -0.0000000
10 9 8 1 -0.0000000
10 9 8 2 0.0093918
10 9 8 3 -0.0000000
10 9 8 4 -0.0000000
10 9 8 5 -0.0000000
10 9 8 6 -0.0091142
10 9 8 7 0.0000000
10 9 8 8 -0.0496115
10 9 9 0 0.0002714
10 9 9 1 -0.0041106
10 9 9 2 0.0000000
10 9 9 3 0.0083082
10 9 9 4 -0.0181399
10 9 9 5 0.0132505
10 9 9 6 -0.0000000
10 9 9 7 0.0036630
10 9 9 8 -0.0000000
10 9 9 9 -0.3648281
10 9 10 0 0.0000062
10 9 10 1 0.0001927
10 9 10 2 0.0000000
10 9 10 3 0.0012027
10 9 10 4 -0.0030874
10 9 10 5 0.0001590
10 9 10 6 0.0000000
10 9 10 7 -0.0038249
10 9 10 8 -0.0000000
10 9 10 9 0.0530068
10 9 10 10 -0.0389062
10 10 0 0 0.2902854
10 10 1 0 0.0022544
10 10 1 1 0.3832133
10 10 2 0 -0.0000000
10 10 2 1 -0.0000000
10 10 2 2 0.3073134
10 10 3 0 -0.0028770
10 10 3 1 -0.0596044
10 10 3 2 -0.0000000
10 10 3 3 0.2988512
10 10 4 0 -0.0006345
10 10 4 1 0.0601225
10 10 4 2 -0.0000000
10 10 4 3 -0.0756087
10 10 4 4 0.3889460
10 10 5 0 0.0045900
10 10 5 1 -0.0667416
10 10 5 2 -0.0000000
10 10 5 3 0.0687370
10 10 5 4 -0.0767602
10 10 5 5 0.4156864
10 10 6 0 -0.0000000
10 10 6 1 0.0000000
10 10 6 2 -0.0398811
10 10 6 3 -0.0000000
10 10 6 4 0.0000000
10 10 6 5 -0.0000000
10 10 6 6 0.3083080
10 10 7 0 -0.0014329
10 10 7 1 -0.0022250
10 10 7 2 -0.0000000
10 10 7 3 -0.0369531
10 10 7 4 0.0140697
10 10 7 5 -0.0009705
10 10 7 6 -0.0000000
10 10 7 7 0.4644439
10 10 8 0 0.0000000
10 10 8 1 0.0000000
10 10 8 2 -0.0647071
10 10 8 3 0.0000000
10 10 8 4 0.0000000
10 10 8 5 0.0000000
10 10 8 6 0.0511522
10 10 8 7 -0.0000000
10 10 8 8 0.6110813
10 10 9 0 -0.0005262
10 10 9 1 -0.0038940
10 10 9 2 -0.0000000
10 10 9 3 -0.0052230
10 10 9 4 0.0159863
10 10 9 5 -0.0072734
10 10 9 6 0.0000000
10 10 9 7 -0.0004448
10 10 9 8 0.0000000
10 10 9 9 0.8412170
10 10 10 0 -0.0010818
10 10 10 1 -0.0532469
10 10 10 2 0.0000000
10 10 10 3 0.0150927
10 10 10 4 -0.0008901
10 10 10 5 0.0437427
10 10 10 6 -0.0000000
10 10 10 7 0.0676330
10 10 10 8 0.0000000
10 10 10 9 -0.0389062
10 10 10 10 0.7072844
11 0 0 0 -0.0814058
11 0 1 0 0.0034064
11 0 1 1 -0.0069453
11 0 2 0 -0.0000000
11 0 2 1 -0.0000000
11 0 2 2 -0.0006815
11 0 3 0 0.0029228
11 0 3 1 -0.0052719
11 0 3 2 -0.0000000
11 0 3 3 -0.0047195
11 0 4 0 0.0029199
11 0 4 1 -0.0033502
11 0 4 2 0.0000000
11 0 4 3 -0.0027114
11 0 4 4 -0.0035799
11 0 5 0 0.0051914
11 0 5 1 -0.0045457
11 0 5 2 0.0000000
11 0 5 3 -0.0058878
11 0 5 4 -0.0035520
11 0 5 5 -0.0046744
11 0 6 0 -0.0000000
11 0 6 1 0.0000000
11 0 6 2 0.0017018
11 0 6 3 0.0000000
11 0 6 4 0.0000000
11 0 6 5 0.0000000
11 0 6 6 0.0005676
11 0 7 0 0.0111457
11 0 7 1 0.0016197
11 0 7 2 0.0000000
11 0 7 3 0.0024852
11 0 7 4 0.0015522
11 0 7 5 0.0033598
11 0 7 6 -0.0000000
11 0 7 7 0.0064512
11 0 8 0 -0.0000000
11 0 8 1 -0.0000000
11 0 8 2 -0.0001473
11 0 8 3 0.0000000
11 0 8 4 0.0000000
11 0 8 5 0.0000000
11 0 8 6 0.0002333
11 0 8 7 -0.0000000
11 0 8 8 -0.0008643
11 0 9 0 -0.0001215
11 0 9 1 -0.0000935
11 0 9 2 -0.0000000
11 0 9 3 -0.0000631
11 0 9 4 -0.0000193
11 0 9 5 -0.0000572
11 0 9 6 0.0000000
11 0 9 7 -0.0000475
11 0 9 8 -0.0000000
11 0 9 9 -0.0008100
11 0 10 0 -0.0026931
11 0 10 1 -0.0010954
11 0 10 2 -0.0000000
11 0 10 3 -0.0004994
11 0 10 4 -0.0007300
11 0 10 5 -0.0007758
11 0 10 6 0.0000000
11 0 10 7 -0.0020177
11 0 10 8 0.0000000
11 0 10 9 -0.0000018
11 0 10 10 -0.0005744
11 0 11 0 0.0110486
11 0 11 1 0.0033301
11 0 11 2 -0.0000000
11 0 11 3 0.0019948
11 0 11 4 0.0024354
11 0 11 5 0.0035579
11 0 11 6 -0.0000000
11 0 11 7 0.0071458
11 0 11 8 0.0000000
11 0 11 9 0.0000720
11 0 11 10 -0.0010752
11 0 11 11 0.0067905
11 1 0 0 -0.0090945
11 1 1 0 -0.0018536
11 1 1 1 -0.0080594
11 1 2 0 -0.0000000
11 1 2 1 -0.0000000
11 1 2 2 0.0016882
11 1 3 0 -0.0050583
11 1 3 1 -0.0218683
11 1 3 2 -0.0000000
11 1 3 3 -0.0153954
11 1 4 0 -0.0023278
11 1 4 1 -0.0040348
11 1 4 2 -0.0000000
11 1 4 3 -0.0145615
11 1 4 4 -0.0006473
11 1 5 0 0.0003187
11 1 5 1 -0.0080264
11 1 5 2 0.0000000
11 1 5 3 -0.0104170
11 1 5 4 -0.0081869
11 1 5 5 0.0038297
11 1 6 0 0.0000000
11 1 6 1 0.0000000
11 1 6 2 0.0013323
11 1 6 3 0.0000000
11 1 6 4 0.0000000
11 1 6 5 -0.0000000
11 1 6 6 0.0000633
11 1 7 0 0.0031275
11 1 7 1 0.0018311
11 1 7 2 0.0000000
11 1 7 3 0.0060322
11 1 7 4 -0.0094612
11 1 7 5 0.0250369
11 1 7 6 -0.0000000
11 1 7 7 0.0120008
11 1 8 0 0.0000000
11 1 8 1 0.0000000
11 1 8 2 -0.0000977
11 1 8 3 -0.0000000
11 1 8 4 0.0000000
11 1 8 5 0.0000000
11 1 8 6 0.0016926
11 1 8 7 -0.0000000
11 1 8 8 0.0082154
11 1 9 0 -0.0000526
11 1 9 1 -0.0007267
11 1 9 2 -0.0000000
11 1 9 3 -0.0000443
11 1 9 4 -0.0007975
11 1 9 5 0.0006332
11 1 9 6 -0.0000000
11 1 9 7 0.0003706
11 1 9 8 0.0000000
11 1 9 9 0.0086309
11 1 10 0 -0.0008217
11 1 10 1 -0.0036784
11 1 10 2 0.0000000
11 1 10 3 -0.0001797
11 1 10 4 -0.0008908
11 1 10 5 -0.0061020
11 1 10 6 0.0000000
11 1 10 7 -0.0119829
11 1 10 8 0.0000000
11 1 10 9 -0.0020055
11 1 10 10 -0.0090967
11 1 11 0 0.0033301
11 1 11 1 0.0281547
11 1 11 2 -0.0000000
11 1 11 3 -0.0100709
11 1 11 4 0.0145030
11 1 11 5 0.0071183
11 1 11 6 -0.0000000
11 1 11 7 0.0005156
11 1 11 8 0.0000000
11 1 11 9 0.0000195
11 1 11 10 0.0066840
11 1 11 11 0.0196791
11 2 0 0 -0.0000000
11 2 1 0 -0.0000000
11 2 1 1 -0.0000000
11 2 2 0 0.0047117
11 2 2 1 0.0176458
11 2 2 2 -0.0000000
11 2 3 0 0.0000000
11 2 3 1 -0.0000000
11 2 3 2 0.0094681
11 2 3 3 -0.0000000
11 2 4 0 0.0000000
11 2 4 1 0.0000000
11 2 4 2 -0.0085903
11 2 4 3 0.0000000
11 2 4 4 0.0000000
11 2 5 0 0.0000000
11 2 5 1 0.0000000
11 2 5 2 0.0052224
11 2 5 3 0.0000000
11 2 5 4 0.0000000
11 2 5 5 0.0000000
11 2 6 0 0.0066301
11 2 6 1 0.0016205
11 2 6 2 -0.0000000
11 2 6 3 0.0091506
11 2 6 4 0.0126195
11 2 6 5 0.0106754
11 2 6 6 -0.0000000
11 2 7 0 0.0000000
11 2 7 1 0.0000000
11 2 7 2 0.0166765
11 2 7 3 0.0000000
11 2 7 4 0.0000000
11 2 7 5 0.0000000
11 2 7 6 0.0182160
11 2 7 7 -0.0000000
11 2 8 0 0.0001356
11 2 8 1 0.0041089
11 2 8 2 -0.0000000
11 2 8 3 -0.0009301
11 2 8 4 -0.0026072
11 2 8 5 -0.0004017
11 2 8 6 0.0000000
11 2 8 7 0.0036343
11 2 8 8 -0.0000000
11 2 9 0 -0.0000000
11 2 9 1 -0.0000000
11 2 9 2 0.0000568
11 2 9 3 -0.0000000
11 2 9 4 0.0000000
11 2 9 5 -0.0000000
11 2 9 6 -0.0000789
11 2 9 7 -0.0000000
11 2 9 8 0.0005482
11 2 9 9 -0.0000000
11 2 10 0 -0.0000000
11 2 10 1 -0.0000000
11 2 10 2 -0.0022715
11 2 10 3 -0.0000000
11 2 10 4 -0.0000000
11 2 10 5 -0.0000000
11 2 10 6 -0.0054772
11 2 10 7 0.0000000
11 2 10 8 -0.0035551
11 2 10 9 0.0000000
11 2 10 10 0.0000000
11 2 11 0 -0.0000000
11 2 11 1 -0.0000000
11 2 11 2 0.0199948
11 2 11 3 0.0000000
11 2 11 4 0.0000000
11 2 11 5 0.0000000
11 2 11 6 0.0166810
11 2 11 7 0.0000000
11 2 11 8 -0.0007946
11 2 11 9 0.0000000
11 2 11 10 -0.0000000
11 2 11 11 -0.0000000
11 3 0 0 -0.0188497
11 3 1 0 -0.0039598
11 3 1 1 -0.0348020
11 3 2 0 0.0000000
11 3 2 1 -0.0000000
11 3 2 2 -0.0131671
11 3 3 0 0.0034902
11 3 3 1 0.0035661
11 3 3 2 0.0000000
11 3 3 3 -0.0032200
11 3 4 0 0.0000584
11 3 4 1 -0.0079348
11 3 4 2 0.0000000
11 3 4 3 0.0097510
11 3 4 4 -0.0171027
11 3 5 0 -0.0080200
11 3 5 1 -0.0143686
11 3 5 2 0.0000000
11 3 5 3 -0.0076488
11 3 5 4 -0.0078152
11 3 5 5 -0.0322327
11 3 6 0 0.0000000
11 3 6 1 0.0000000
11 3 6 2 0.0062495
11 3 6 3 0.0000000
11 3 6 4 0.0000000
11 3 6 5 0.0000000
11 3 6 6 -0.0062782
11 3 7 0 0.0019553
11 3 7 1 0.0026121
11 3 7 2 0.0000000
11 3 7 3 0.0155436
11 3 7 4 0.0153907
11 3 7 5 -0.0183189
11 3 7 6 0.0000000
11 3 7 7 -0.0017140
11 3 8 0 -0.0000000
11 3 8 1 -0.0000000
11 3 8 2 -0.0036760
11 3 8 3 0.0000000
11 3 8 4 0.0000000
11 3 8 5 0.0000000
11 3 8 6 0.0015687
11 3 8 7 -0.0000000
11 3 8 8 -0.0099038
11 3 9 0 -0.0000630
11 3 9 1 -0.0002413
11 3 9 2 -0.0000000
11 3 9 3 -0.0004058
11 3 9 4 0.0011093
11 3 9 5 -0.0010679
11 3 9 6 0.0000000
11 3 9 7 -0.0008452
11 3 9 8 -0.0000000
11 3 9 9 -0.0000710
11 3 10 0 -0.0006279
11 3 10 1 -0.0046266
11 3 10 2 -0.0000000
11 3 10 3 -0.0038157
11 3 10 4 -0.0030650
11 3 10 5 0.0064079
11 3 10 6 -0.0000000
11 3 10 7 0.0059248
11 3 10 8 0.0000000
11 3 10 9 0.0001777
11 3 10 10 0.0085884
11 3 11 0 0.0019948
11 3 11 1 -0.0100709
11 3 11 2 0.0000000
11 3 11 3 0.0296792
11 3 11 4 -0.0014864
11 3 11 5 -0.0044691
11 3 11 6 0.0000000
11 3 11 7 0.0061898
11 3 11 8 0.0000000
11 3 11 9 0.0004384
11 3 11 10 -0.0028098
11 3 11 11 -0.0123009
11 4 0 0 0.0080216
11 4 1 0 -0.0026155
11 4 1 1 -0.0083074
11 4 2 0 0.0000000
11 4 2 1 0.0000000
11 4 2 2 -0.0018336
11 4 3 0 -0.0011022
11 4 3 1 -0.0092271
11 4 3 2 0.0000000
11 4 3 3 0.0044492
11 4 4 0 -0.0011377
11 4 4 1 0.0007901
11 4 4 2 0.0000000
11 4 4 3 -0.0003625
11 4 4 4 -0.0030969
11 4 5 0 -0.0032566
11 4 5 1 -0.0042537
11 4 5 2 0.0000000
11 4 5 3 -0.0096140
11 4 5 4 -0.0078391
11 4 5 5 -0.0000137
11 4 6 0 0.0000000
11 4 6 1 0.0000000
11 4 6 2 0.0068651
11 4 6 3 0.0000000
11 4 6 4 0.0000000
11 4 6 5 0.0000000
11 4 6 6 0.0016134
11 4 7 0 0.0024459
11 4 7 1 -0.0050706
11 4 7 2 0.0000000
11 4 7 3 0.0146414
11 4 7 4 -0.0092527
11 4 7 5 0.0137406
11 4 7 6 -0.0000000
11 4 7 7 0.0120560
11 4 8 0 0.0000000
11 4 8 1 0.0000000
11 4 8 2 -0.0009789
11 4 8 3 -0.0000000
11 4 8 4 0.0000000
11 4 8 5 0.0000000
11 4 8 6 0.0018110
11 4 8 7 -0.0000000
11 4 8 8 0.0005281
11 4 9 0 -0.0000220
11 4 9 1 -0.0007613
11 4 9 2 0.0000000
11 4 9 3 0.0001605
11 4 9 4 -0.0010183
11 4 9 5 0.0010573
11 4 9 6 -0.0000000
11 4 9 7 0.0013306
11 4 9 8 0.0000000
11 4 9 9 -0.0032007
11 4 10 0 -0.0005227
11 4 10 1 -0.0003656
11 4 10 2 -0.0000000
11 4 10 3 -0.0003785
11 4 10 4 -0.0023998
11 4 10 5 -0.0021066
11 4 10 6 0.0000000
11 4 10 7 -0.0191797
11 4 10 8 0.0000000
11 4 10 9 -0.0006049
11 4 10 10 -0.0166633
11 4 11 0 0.0024354
11 4 11 1 0.0145030
11 4 11 2 0.0000000
11 4 11 3 -0.0014864
11 4 11 4 0.0178634
11 4 11 5 -0.0075401
11 4 11 6 0.0000000
11 4 11 7 0.0045314
11 4 11 8 0.0000000
11 4 11 9 -0.0009295
11 4 11 10 0.0088353
11 4 11 11 0.0192254
11 5 0 0 0.0090813
11 5 1 0 -0.0011672
11 5 1 1 0.0001016
11 5 2 0 0.0000000
11 5 2 1 0.0000000
11 5 2 2 0.0044629
11 5 3 0 -0.0077387
11 5 3 1 -0.0137215
11 5 3 2 0.0000000
11 5 3 3 -0.0175849
11 5 4 0 -0.0032206
11 5 4 1 -0.0048073
11 5 4 2 -0.0000000
11 5 4 3 -0.0128755
11 5 4 4 -0.0040480
11 5 5 0 0.0027330
11 5 5 1 0.0021316
11 5 5 2 0.0000000
11 5 5 3 -0.0085245
11 5 5 4 0.0000588
11 5 5 5 0.0097913
11 5 6 0 0.0000000
11 5 6 1 0.0000000
11 5 6 2 0.0014426
11 5 6 3 0.0000000
11 5 6 4 0.0000000
11 5 6 5 0.0000000
11 5 6 6 0.0033265
11 5 7 0 0.0032264
11 5 7 1 0.0141932
11 5 7 2 0.0000000
11 5 7 3 -0.0136627
11 5 7 4 0.0086930
11 5 7 5 0.0097324
11 5 7 6 0.0000000
11 5 7 7 0.0099005
11 5 8 0 0.0000000
11 5 8 1 0.0000000
11 5 8 2 0.0005095
11 5 8 3 -0.0000000
11 5 8 4 0.0000000
11 5 8 5 -0.0000000
11 5 8 6 0.0003109
11 5 8 7 -0.0000000
11 5 8 8 0.0024763
11 5 9 0 -0.0000229
11 5 9 1 0.0003096
11 5 9 2 0.0000000
11 5 9 3 -0.0004080
11 5 9 4 0.0009403
11 5 9 5 -0.0009843
11 5 9 6 0.0000000
11 5 9 7 -0.0013658
11 5 9 8 0.0000000
11 5 9 9 0.0066432
11 5 10 0 -0.0008615
11 5 10 1 -0.0058777
11 5 10 2 -0.0000000
11 5 10 3 0.0021816
11 5 10 4 -0.0010782
11 5 10 5 -0.0014331
11 5 10 6 -0.0000000
11 5 10 7 0.0074814
11 5 10 8 0.0000000
11 5 10 9 0.0004307
11 5 10 10 0.0185162
11 5 11 0 0.0035579
11 5 11 1 0.0071183
11 5 11 2 0.0000000
11 5 11 3 -0.0044691
11 5 11 4 -0.0075401
11 5 11 5 0.0294479
11 5 11 6 -0.0000000
11 5 11 7 0.0122719
11 5 11 8 0.0000000
11 5 11 9 0.0013267
11 5 11 10 -0.0063892
11 5 11 11 0.0098478
11 6 0 0 -0.0000000
11 6 1 0 0.0000000
11 6 1 1 0.0000000
11 6 2 0 0.0057639
11 6 2 1 0.0184399
11 6 2 2 -0.0000000
11 6 3 0 0.0000000
11 6 3 1 0.0000000
11 6 3 2 0.0123876
11 6 3 3 0.0000000
11 6 4 0 0.0000000
11 6 4 1 0.0000000
11 6 4 2 -0.0068294
11 6 4 3 0.0000000
11 6 4 4 0.0000000
11 6 5 0 0.0000000
11 6 5 1 0.0000000
11 6 5 2 0.0056502
11 6 5 3 0.0000000
11 6 5 4 0.0000000
11 6 5 5 0.0000000
11 6 6 0 0.0080196
11 6 6 1 0.0012057
11 6 6 2 -0.0000000
11 6 6 3 0.0114832
11 6 6 4 0.0142244
11 6 6 5 0.0106542
11 6 6 6 -0.0000000
11 6 7 0 -0.0000000
11 6 7 1 -0.0000000
11 6 7 2 0.0186368
11 6 7 3 0.0000000
11 6 7 4 -0.0000000
11 6 7 5 0.0000000
11 6 7 6 0.0181442
11 6 7 7 -0.0000000
11 6 8 0 0.0001352
11 6 8 1 0.0054793
11 6 8 2 -0.0000000
11 6 8 3 -0.0015221
11 6 8 4 0.0002073
11 6 8 5 -0.0036759
11 6 8 6 0.0000000
11 6 8 7 -0.0021103
11 6 8 8 -0.0000000
11 6 9 0 0.0000000
11 6 9 1 -0.0000000
11 6 9 2 0.0003756
11 6 9 3 0.0000000
11 6 9 4 -0.0000000
11 6 9 5 0.0000000
11 6 9 6 -0.0004802
11 6 9 7 0.0000000
11 6 9 8 0.0001202
11 6 9 9 -0.0000000
11 6 10 0 0.0000000
11 6 10 1 0.0000000
11 6 10 2 -0.0048156
11 6 10 3 -0.0000000
11 6 10 4 0.0000000
11 6 10 5 -0.0000000
11 6 10 6 -0.0037500
11 6 10 7 -0.0000000
11 6 10 8 0.0085982
11 6 10 9 -0.0000000
11 6 10 10 -0.0000000
11 6 11 0 -0.0000000
11 6 11 1 -0.0000000
11 6 11 2 0.0166810
11 6 11 3 0.0000000
11 6 11 4 0.0000000
11 6 11 5 -0.0000000
11 6 11 6 0.0209955
11 6 11 7 -0.0000000
11 6 11 8 0.0058447
11 6 11 9 -0.0000000
11 6 11 10 0.0000000
11 6 11 11 -0.0000000
11 7 0 0 0.2545669
11 7 1 0 -0.0093341
11 7 1 1 0.0124664
11 7 2 0 0.0000000
11 7 2 1 0.0000000
11 7 2 2 0.0782819
11 7 3 0 -0.0045904
11 7 3 1 0.0367098
11 7 3 2 0.0000000
11 7 3 3 0.1002829
11 7 4 0 -0.0043897
11 7 4 1 -0.0262532
11 7 4 2 0.0000000
11 7 4 3 0.0748603
11 7 4 4 -0.0201522
11 7 5 0 -0.0109737
11 7 5 1 0.0853681
11 7 5 2 0.0000000
11 7 5 3 -0.0704005
11 7 5 4 0.0454012
11 7 5 5 0.0286968
11 7 6 0 0.0000000
11 7 6 1 -0.0000000
11 7 6 2 0.0863573
11 7 6 3 0.0000000
11 7 6 4 -0.0000000
11 7 6 5 0.0000000
11 7 6 6 0.0878130
11 7 7 0 0.0073442
11 7 7 1 0.0050605
11 7 7 2 0.0000000
11 7 7 3 0.0264367
11 7 7 4 0.0109002
11 7 7 5 0.0011877
11 7 7 6 -0.0000000
11 7 7 7 -0.0050324
11 7 8 0 -0.0000000
11 7 8 1 -0.0000000
11 7 8 2 0.0366881
11 7 8 3 -0.0000000
11 7 8 4 -0.0000000
11 7 8 5 -0.0000000
11 7 8 6 -0.0217202
11 7 8 7 0.0000000
11 7 8 8 -0.1510897
11 7 9 0 0.0004469
11 7 9 1 0.0035140
11 7 9 2 0.0000000
11 7 9 3 0.0012245
11 7 9 4 -0.0051379
11 7 9 5 0.0016803
11 7 9 6 -0.0000000
11 7 9 7 -0.0011144
11 7 9 8 -0.0000000
11 7 9 9 -0.2608285
11 7 10 0 -0.0005056
11 7 10 1 0.0164283
11 7 10 2 -0.0000000
11 7 10 3 -0.0054110
11 7 10 4 -0.0084591
11 7 10 5 -0.0078997
11 7 10 6 0.0000000
11 7 10 7 -0.0287847
11 7 10 8 -0.0000000
11 7 10 9 0.0193252
11 7 10 10 -0.1626473
11 7 11 0 0.0071458
11 7 11 1 0.0005156
11 7 11 2 0.0000000
11 7 11 3 0.0061898
11 7 11 4 0.0045314
11 7 11 5 0.0122719
11 7 11 6 -0.0000000
11 7 11 7 0.2035810
11 7 11 8 0.0000000
11 7 11 9 0.0030652
11 7 11 10 -0.0593324
11 7 11 11 0.0251514
11 8 0 0 -0.0000000
11 8 1 0 0.0000000
11 8 1 1 -0.0000000
11 8 2 0 0.0005423
11 8 2 1 0.0074519
11 8 2 2 0.0000000
11 8 3 0 -0.0000000
11 8 3 1 -0.0000000
11 8 3 2 0.0007253
11 8 3 3 -0.0000000
11 8 4 0 0.0000000
11 8 4 1 -0.0000000
11 8 4 2 -0.0073647
11 8 4 3 0.0000000
11 8 4 4 0.0000000
11 8 5 0 0.0000000
11 8 5 1 -0.0000000
11 8 5 2 0.0005216
11 8 5 3 0.0000000
11 8 5 4 0.0000000
11 8 5 5 0.0000000
11 8 6 0 0.0007466
11 8 6 1 -0.0031025
11 8 6 2 0.0000000
11 8 6 3 0.0002817
11 8 6 4 0.0083146
11 8 6 5 0.0043129
11 8 6 6 -0.0000000
11 8 7 0 -0.0000000
11 8 7 1 0.0000000
11 8 7 2 0.0067165
11 8 7 3 -0.0000000
11 8 7 4 -0.0000000
11 8 7 5 -0.0000000
11 8 7 6 -0.0017232
11 8 7 7 -0.0000000
11 8 8 0 -0.0000803
11 8 8 1 0.0074342
11 8 8 2 -0.0000000
11 8 8 3 -0.0037338
11 8 8 4 0.0046864
11 8 8 5 -0.0104491
11 8 8 6 0.0000000
11 8 8 7 -0.0181299
11 8 8 8 -0.0000000
11 8 9 0 -0.0000000
11 8 9 1 -0.0000000
11 8 9 2 0.0006360
11 8 9 3 -0.0000000
11 8 9 4 -0.0000000
11 8 9 5 -0.0000000
11 8 9 6 -0.0007495
11 8 9 7 0.0000000
11 8 9 8 -0.0001755
11 8 9 9 -0.0000000
11 8 10 0 0.0000000
11 8 10 1 0.0000000
11 8 10 2 -0.0063584
11 8 10 3 0.0000000
11 8 10 4 0.0000000
11 8 10 5 0.0000000
11 8 10 6 0.0042657
11 8 10 7 -0.0000000
11 8 10 8 0.0253045
11 8 10 9 0.0000000
11 8 10 10 -0.0000000
11 8 11 0 0.0000000
11 8 11 1 0.0000000
11 8 11 2 -0.0007946
11 8 11 3 0.0000000
11 8 11 4 0.0000000
11 8 11 5 0.0000000
11 8 11 6 0.0058447
11 8 11 7 0.0000000
11 8 11 8 0.0229396
11 8 11 9 -0.0000000
11 8 11 10 -0.0000000
11 8 11 11 -0.0000000
11 9 0 0 -0.0046724
11 9 1 0 -0.0000710
11 9 1 1 -0.0061735
11 9 2 0 0.0000000
11 9 2 1 0.0000000
11 9 2 2 -0.0038158
11 9 3 0 -0.0000030
11 9 3 1 0.0010438
11 9 3 2 -0.0000000
11 9 3 3 -0.0047941
11 9 4 0 -0.0000066
11 9 4 1 -0.0026588
11 9 4 2 0.0000000
11 9 4 3 0.0019155
11 9 4 4 -0.0069835
11 9 5 0 -0.0000841
11 9 5 1 0.0012658
11 9 5 2 0.0000000
11 9 5 3 -0.0021272
11 9 5 4 0.0030502
11 9 5 5 -0.0073179
11 9 6 0 0.0000000
11 9 6 1 -0.0000000
11 9 6 2 0.0003874
11 9 6 3 0.0000000
11 9 6 4 -0.0000000
11 9 6 5 0.0000000
11 9 6 6 -0.0038005
11 9 7 0 0.0000921
11 9 7 1 0.0009418
11 9 7 2 0.0000000
11 9 7 3 -0.0000824
11 9 7 4 0.0011025
11 9 7 5 -0.0008416
11 9 7 6 0.0000000
11 9 7 7 -0.0065729
11 9 8 0 -0.0000000
11 9 8 1 -0.0000000
11 9 8 2 0.0012846
11 9 8 3 -0.0000000
11 9 8 4 -0.0000000
11 9 8 5 -0.0000000
11 9 8 6 -0.0012258
11 9 8 7 0.0000000
11 9 8 8 -0.0085153
11 9 9 0 0.0000581
11 9 9 1 -0.0002620
11 9 9 2 0.0000000
11 9 9 3 0.0019795
11 9 9 4 -0.0028324
11 9 9 5 0.0017032
11 9 9 6 -0.0000000
11 9 9 7 -0.0066747
11 9 9 8 -0.0000000
11 9 9 9 -0.0538242
11 9 10 0 -0.0000286
11 9 10 1 -0.0006916
11 9 10 2 0.0000000
11 9 10 3 0.0003142
11 9 10 4 -0.0006293
11 9 10 5 0.0003385
11 9 10 6 -0.0000000
11 9 10 7 -0.0007309
11 9 10 8 -0.0000000
11 9 10 9 0.0071200
11 9 10 10 -0.0059737
11 9 11 0 0.0000720
11 9 11 1 0.0000195
11 9 11 2 0.0000000
11 9 11 3 0.0004384
11 9 11 4 -0.0009295
11 9 11 5 0.0013267
11 9 11 6 -0.0000000
11 9 11 7 0.0030652
11 9 11 8 -0.0000000
11 9 11 9 0.0067783
11 9 11 10 0.0001083
11 9 11 11 -0.0052262
11 10 0 0 -0.0747349
11 10 1 0 0.0014995
11 10 1 1 -0.0235062
11 10 2 0 -0.0000000
11 10 2 1 -0.0000000
11 10 2 2 -0.0305387
11 10 3 0 0.0007880
11 10 3 1 -0.0114622
11 10 3 2 -0.0000000
11 10 3 3 -0.0382506
11 10 4 0 0.0008064
11 10 4 1 0.0037870
11 10 4 2 -0.0000000
11 10 4 3 -0.0159094
11 10 4 4 -0.0128368
11 10 5 0 0.0018511
11 10 5 1 -0.0247876
11 10 5 2 -0.0000000
11 10 5 3 0.0140192
11 10 5 4 -0.0123330
11 10 5 5 -0.0204691
11 10 6 0 -0.0000000
11 10 6 1 0.0000000
11 10 6 2 -0.0199284
11 10 6 3 -0.0000000
11 10 6 4 0.0000000
11 10 6 5 -0.0000000
11 10 6 6 -0.0327130
11 10 7 0 -0.0009568
11 10 7 1 -0.0036058
11 10 7 2 -0.0000000
11 10 7 3 0.0006138
11 10 7 4 -0.0148349
11 10 7 5 0.0107994
11 10 7 6 -0.0000000
11 10 7 7 -0.0022261
11 10 8 0 0.0000000
11 10 8 1 0.0000000
11 10 8 2 -0.0150389
11 10 8 3 0.0000000
11 10 8 4 0.0000000
11 10 8 5 0.0000000
11 10 8 6 0.0112147
11 10 8 7 -0.0000000
11 10 8 8 0.0426908
11 10 9 0 -0.0001561
11 10 9 1 -0.0015973
11 10 9 2 -0.0000000
11 10 9 3 -0.0009190
11 10 9 4 0.0026381
11 10 9 5 -0.0011050
11 10 9 6 0.0000000
11 10 9 7 0.0002473
11 10 9 8 0.0000000
11 10 9 9 0.0655088
11 10 10 0 0.0000062
11 10 10 1 -0.0154778
11 10 10 2 0.0000000
11 10 10 3 0.0137393
11 10 10 4 -0.0119845
11 10 10 5 0.0158497
11 10 10 6 -0.0000000
11 10 10 7 -0.0364451
11 10 10 8 -0.0000000
11 10 10 9 -0.0031837
11 10 10 10 0.0421696
11 10 11 0 -0.0010752
11 10 11 1 0.0066840
11 10 11 2 -0.0000000
11 10 11 3 -0.0028098
11 10 11 4 0.0088353
11 10 11 5 -0.0063892
11 10 11 6 0.0000000
11 10 11 7 -0.0593324
11 10 11 8 -0.0000000
11 10 11 9 0.0001083
11 10 11 10 0.0530158
11 10 11 11 0.0051728
11 11 0 0 0.5901259
11 11 1 0 -0.0064140
11 11 1 1 0.4419722
11 11 2 0 -0.0000000
11 11 2 1 -0.0000000
11 11 2 2 0.4176917
11 11 3 0 -0.0096473
11 11 3 1 -0.0379063
11 11 3 2 0.0000000
11 11 3 3 0.4353214
11 11 4 0 -0.0055230
11 11 4 1 0.0473108
11 11 4 2 0.0000000
11 11 4 3 -0.0099106
11 11 4 4 0.4092014
11 11 5 0 -0.0040590
11 11 5 1 0.0341205
11 11 5 2 0.0000000
11 11 5 3 -0.0070255
11 11 5 4 -0.0371108
11 11 5 5 0.4878967
11 11 6 0 0.0000000
11 11 6 1 -0.0000000
11 11 6 2 0.0570164
11 11 6 3 0.0000000
11 11 6 4 0.0000000
11 11 6 5 -0.0000000
11 11 6 6 0.4232260
11 11 7 0 0.0065622
11 11 7 1 -0.0020971
11 11 7 2 -0.0000000
11 11 7 3 -0.0004862
11 11 7 4 -0.0039974
11 11 7 5 0.0287196
11 11 7 6 -0.0000000
11 11 7 7 0.5013993
11 11 8 0 0.0000000
11 11 8 1 0.0000000
11 11 8 2 -0.0105256
11 11 8 3 0.0000000
11 11 8 4 0.0000000
11 11 8 5 0.0000000
11 11 8 6 0.0196551
11 11 8 7 0.0000000
11 11 8 8 0.4338917
11 11 9 0 0.0000682
11 11 9 1 -0.0000824
11 11 9 2 -0.0000000
11 11 9 3 -0.0017276
11 11 9 4 0.0039244
11 11 9 5 -0.0000471
11 11 9 6 -0.0000000
11 11 9 7 -0.0002550
11 11 9 8 0.0000000
11 11 9 9 0.5430553
11 11 10 0 -0.0009730
11 11 10 1 0.0025458
11 11 10 2 -0.0000000
11 11 10 3 -0.0029508
11 11 10 4 0.0123102
11 11 10 5 -0.0079589
11 11 10 6 0.0000000
11 11 10 7 -0.0364333
11 11 10 8 -0.0000000
11 11 10 9 -0.0272587
11 11 10 10 0.4103340
11 11 11 0 0.0067905
11 11 11 1 0.0196791
11 11 11 2 -0.0000000
11 11 11 3 -0.0123009
11 11 11 4 0.0192254
11 11 11 5 0.0098478
11 11 11 6 -0.0000000
11 11 11 7 0.0251514
11 11 11 8 -0.0000000
11 11 11 9 -0.0052262
11 11 11 10 0.0051728
11 11 11 11 0.5093196
