NMONOMER	1
NELEC	8
ENUC	7.676927
NBASIS	12
HOMO	2
LUMO	2
ENT	5
HF_ENERGY	-35.799673
ENERGIES
-10.837311
-0.800243
-0.416105
-0.199161
0.605917
0.794595
0.835766
849736.636796
965066.423519
996478.202231
1070620.625158
1118094.118909

OEI
-18.443647	
0.217693	-4.489376	
-0.000000	0.000000	-4.089613	
-0.187472	0.115507	-0.000000	-4.201145	
-0.157752	0.312113	-0.000000	-0.393597	-3.023859	
-0.233907	0.889506	0.000000	0.244507	-0.194724	-3.721075	
-0.000000	0.000000	-0.789523	0.000000	-0.000000	-0.000000	-3.426248	
-0.115687	-0.053635	0.000000	0.034836	-0.003620	-0.015548	0.000000	849733.061335	
-0.000000	-0.000000	-0.132744	-0.000000	0.000000	0.000000	0.024388	-0.000000	965063.586518	
0.005034	0.023334	0.000000	0.002195	0.002800	-0.013276	0.000000	0.001092	-0.000000	996475.016550	
-0.038011	-0.197244	-0.000000	-0.066661	0.117910	-0.139794	-0.000000	-0.149839	0.000000	-0.133359	1070618.106066	
0.112450	0.079036	-0.000000	-0.126967	0.004664	-0.002915	-0.000000	0.847619	0.000000	-0.037637	0.322007	1118090.438638	

ENV_OEI
-4.970653	
0.408417	-0.494901	
-0.000000	-0.000000	-0.359420	
-0.364835	-0.071809	-0.000000	-0.529899	
-0.317318	0.293890	0.000000	0.134853	-0.638003	
-0.475441	0.025251	-0.000000	-0.206399	0.305754	-0.857481	
-0.000000	-0.000000	-0.134647	-0.000000	0.000000	-0.000000	-0.396707	
-0.221320	-0.008328	0.000000	0.041337	-0.045623	-0.020716	-0.000000	-0.630100	
-0.000000	0.000000	0.135495	-0.000000	-0.000000	0.000000	-0.140695	0.000000	-0.711215	
-0.014973	0.257365	0.000000	0.616773	-1.335264	0.988039	0.000000	0.126797	-0.000000	-18.512150	
-0.055020	0.047494	-0.000000	0.008563	-0.041732	0.075149	0.000000	0.218627	0.000000	-1.666100	-0.775078	
0.210399	-0.006963	0.000000	0.033242	-0.027378	0.048283	0.000000	-0.054521	0.000000	-0.177035	0.120209	-0.465017	

OVERLAP
1.000000	
0.248362	1.000000	
0.061767	0.488736	1.000000	
0.061767	0.488736	0.167856	1.000000	
0.000000	0.027047	0.038545	0.038545	1.000000	
0.027047	0.301519	0.378700	0.378700	0.248362	1.000000	
0.000000	0.000000	-0.259000	-0.259000	-0.045312	-0.338874	1.000000	
0.000000	0.000000	-0.380474	0.380474	0.000000	0.000000	0.000000	1.000000	
0.000000	0.000000	-0.073326	-0.073326	0.000000	0.000000	0.000000	0.000000	1.000000	
0.045312	0.338874	0.278171	0.278171	0.000000	0.000000	-0.315123	0.000000	0.000000	1.000000	
0.000000	0.000000	-0.268260	0.268260	0.000000	0.000000	0.000000	0.166433	0.000000	0.000000	1.000000	
0.000000	0.000000	-0.051700	-0.051700	0.000000	0.000000	0.000000	0.000000	0.166433	0.000000	0.000000	1.000000	

MOCOEFF
0.996668	0.016301	-0.006504	-0.006504	0.001355	-0.006665	-0.016630	0.000000	-0.023246	-0.002270	-0.000000	0.003196	
-0.142526	0.329685	0.273772	0.273772	-0.027482	-0.046621	-0.317258	-0.000000	-0.224071	0.322827	0.000000	0.065601	
0.000000	-0.000000	0.446453	-0.446453	-0.000000	0.000000	-0.000000	-0.608893	0.000000	0.000000	0.340870	-0.000000	
0.127253	-0.510098	-0.119871	-0.119871	-0.055238	0.225015	-0.545255	0.000000	0.512988	0.357227	-0.000000	-0.097773	
0.108905	-0.671242	0.899837	0.899837	0.116436	-0.693825	-0.048157	-0.000000	0.277856	-0.610600	-0.000000	0.046799	
0.166495	-1.019520	0.403974	0.403974	-0.088055	0.533369	1.001042	0.000000	0.034855	0.762842	0.000000	0.035970	
0.000000	-0.000000	-0.946897	0.946897	-0.000000	0.000000	0.000000	-1.086603	0.000000	0.000000	-0.327182	0.000000	
0.084288	-0.388040	0.000000	0.000000	-0.012324	0.049398	-0.203229	0.000000	-0.573902	-0.025821	-0.000000	0.799278	
-0.000000	-0.000000	-0.000000	0.000000	-0.000000	0.000000	-0.000000	-0.000000	-0.000000	-0.000000	-1.000000	-0.000000	
-0.000565	0.002600	0.000000	0.000000	1.025611	-0.216380	0.001362	-0.000000	0.003845	0.105483	-0.000000	0.019655	
0.018948	-0.087232	-0.000000	-0.000000	0.019716	0.850777	-0.045686	-0.000000	-0.129015	-0.446528	0.000000	-0.196307	
-0.081636	0.375835	-0.000000	-0.000000	-0.011611	0.229178	0.196837	-0.000000	0.555850	-0.120151	-0.000000	0.583417	

ERI
0 0 0 0 3.5236340
1 0 0 0 -0.1899051
1 0 1 0 0.0202796
1 0 1 1 0.0058414
1 1 0 0 0.6437561
1 1 1 0 0.0058414
1 1 1 1 0.5914547
2 0 0 0 0.0000000
2 0 1 0 -0.0000000
2 0 1 1 0.0000000
2 0 2 0 0.0092632
2 0 2 1 0.0109200
2 0 2 2 -0.0000000
2 1 0 0 -0.0000000
2 1 1 0 0.0000000
2 1 1 1 0.0000000
2 1 2 0 0.0109200
2 1 2 1 0.1063206
2 1 2 2 -0.0000000
2 2 0 0 0.6486566
2 2 1 0 -0.0006768
2 2 1 1 0.5116264
2 2 2 0 -0.0000000
2 2 2 1 -0.0000000
2 2 2 2 0.5379928
3 0 0 0 0.1660074
3 0 1 0 -0.0126071
3 0 1 1 0.0086275
3 0 2 0 0.0000000
3 0 2 1 -0.0000000
3 0 2 2 0.0038444
3 0 3 0 0.0248534
3 0 3 1 0.0081863
3 0 3 2 -0.0000000
3 0 3 3 -0.0094942
3 1 0 0 -0.0534544
3 1 1 0 0.0010976
3 1 1 1 0.0188850
3 1 2 0 -0.0000000
3 1 2 1 -0.0000000
3 1 2 2 -0.0186974
3 1 3 0 0.0081863
3 1 3 1 0.0586553
3 1 3 2 0.0000000
3 1 3 3 -0.0413659
3 2 0 0 0.0000000
3 2 1 0 -0.0000000
3 2 1 1 -0.0000000
3 2 2 0 -0.0071126
3 2 2 1 -0.0386704
3 2 2 2 0.0000000
3 2 3 0 -0.0000000
3 2 3 1 0.0000000
3 2 3 2 0.0367257
3 2 3 3 0.0000000
3 3 0 0 0.7761365
3 3 1 0 -0.0065847
3 3 1 1 0.4860844
3 3 2 0 0.0000000
3 3 2 1 0.0000000
3 3 2 2 0.4836292
3 3 3 0 -0.0094942
3 3 3 1 -0.0413659
3 3 3 2 0.0000000
3 3 3 3 0.6305186
4 0 0 0 0.1432981
4 0 1 0 -0.0132096
4 0 1 1 0.0014047
4 0 2 0 0.0000000
4 0 2 1 0.0000000
4 0 2 2 0.0021767
4 0 3 0 0.0144845
4 0 3 1 0.0019805
4 0 3 2 -0.0000000
4 0 3 3 -0.0005861
4 0 4 0 0.0109738
4 0 4 1 -0.0003976
4 0 4 2 -0.0000000
4 0 4 3 -0.0010200
4 0 4 4 -0.0000234
4 1 0 0 -0.0905535
4 1 1 0 -0.0008437
4 1 1 1 -0.0422039
4 1 2 0 -0.0000000
4 1 2 1 0.0000000
4 1 2 2 0.0139289
4 1 3 0 -0.0014013
4 1 3 1 -0.0194004
4 1 3 2 -0.0000000
4 1 3 3 -0.0548723
4 1 4 0 -0.0003976
4 1 4 1 0.0715415
4 1 4 2 -0.0000000
4 1 4 3 0.0053675
4 1 4 4 -0.0067579
4 2 0 0 0.0000000
4 2 1 0 -0.0000000
4 2 1 1 0.0000000
4 2 2 0 0.0009419
4 2 2 1 0.0731025
4 2 2 2 -0.0000000
4 2 3 0 -0.0000000
4 2 3 1 -0.0000000
4 2 3 2 -0.0166171
4 2 3 3 0.0000000
4 2 4 0 -0.0000000
4 2 4 1 -0.0000000
4 2 4 2 0.0810519
4 2 4 3 0.0000000
4 2 4 4 -0.0000000
4 3 0 0 0.1424129
4 3 1 0 -0.0049312
4 3 1 1 -0.0210116
4 3 2 0 -0.0000000
4 3 2 1 -0.0000000
4 3 2 2 0.0187074
4 3 3 0 -0.0085616
4 3 3 1 -0.0529774
4 3 3 2 0.0000000
4 3 3 3 0.0918470
4 3 4 0 -0.0010200
4 3 4 1 0.0053675
4 3 4 2 0.0000000
4 3 4 3 0.0793799
4 3 4 4 -0.0324490
4 4 0 0 0.5061647
4 4 1 0 0.0019112
4 4 1 1 0.5152061
4 4 2 0 -0.0000000
4 4 2 1 -0.0000000
4 4 2 2 0.4742944
4 4 3 0 0.0014838
4 4 3 1 0.0178489
4 4 3 2 -0.0000000
4 4 3 3 0.4406966
4 4 4 0 -0.0000234
4 4 4 1 -0.0067579
4 4 4 2 -0.0000000
4 4 4 3 -0.0324490
4 4 4 4 0.5199831
5 0 0 0 0.2187882
5 0 1 0 -0.0260185
5 0 1 1 -0.0117808
5 0 2 0 0.0000000
5 0 2 1 -0.0000000
5 0 2 2 -0.0008275
5 0 3 0 0.0066261
5 0 3 1 -0.0063557
5 0 3 2 0.0000000
5 0 3 3 0.0156818
5 0 4 0 0.0135088
5 0 4 1 0.0013263
5 0 4 2 0.0000000
5 0 4 3 0.0121127
5 0 4 4 -0.0030266
5 0 5 0 0.0389796
5 0 5 1 0.0041413
5 0 5 2 -0.0000000
5 0 5 3 -0.0042420
5 0 5 4 -0.0026295
5 0 5 5 -0.0100589
5 1 0 0 -0.2633430
5 1 1 0 -0.0003932
5 1 1 1 -0.0695514
5 1 2 0 -0.0000000
5 1 2 1 0.0000000
5 1 2 2 -0.0694269
5 1 3 0 -0.0079338
5 1 3 1 0.0266094
5 1 3 2 -0.0000000
5 1 3 3 -0.0899248
5 1 4 0 -0.0030016
5 1 4 1 0.0158331
5 1 4 2 -0.0000000
5 1 4 3 -0.0469108
5 1 4 4 -0.0009653
5 1 5 0 0.0041413
5 1 5 1 0.1039479
5 1 5 2 0.0000000
5 1 5 3 0.0372178
5 1 5 4 -0.0399009
5 1 5 5 -0.0819282
5 2 0 0 -0.0000000
5 2 1 0 0.0000000
5 2 1 1 0.0000000
5 2 2 0 -0.0058998
5 2 2 1 -0.0068928
5 2 2 2 -0.0000000
5 2 3 0 0.0000000
5 2 3 1 0.0000000
5 2 3 2 0.0017291
5 2 3 3 -0.0000000
5 2 4 0 -0.0000000
5 2 4 1 0.0000000
5 2 4 2 0.0150821
5 2 4 3 -0.0000000
5 2 4 4 0.0000000
5 2 5 0 -0.0000000
5 2 5 1 0.0000000
5 2 5 2 0.0229494
5 2 5 3 0.0000000
5 2 5 4 0.0000000
5 2 5 5 -0.0000000
5 3 0 0 -0.0881471
5 3 1 0 0.0042007
5 3 1 1 0.0186883
5 3 2 0 0.0000000
5 3 2 1 0.0000000
5 3 2 2 -0.0167976
5 3 3 0 -0.0026788
5 3 3 1 0.0074762
5 3 3 2 -0.0000000
5 3 3 3 -0.0370292
5 3 4 0 -0.0019725
5 3 4 1 -0.0190557
5 3 4 2 -0.0000000
5 3 4 3 -0.0355602
5 3 4 4 0.0260573
5 3 5 0 -0.0042420
5 3 5 1 0.0372178
5 3 5 2 0.0000000
5 3 5 3 0.0537827
5 3 5 4 -0.0212692
5 3 5 5 0.0032708
5 4 0 0 0.0595637
5 4 1 0 0.0010774
5 4 1 1 0.0111704
5 4 2 0 0.0000000
5 4 2 1 0.0000000
5 4 2 2 0.0331192
5 4 3 0 0.0023900
5 4 3 1 -0.0321133
5 4 3 2 -0.0000000
5 4 3 3 -0.0020591
5 4 4 0 0.0005311
5 4 4 1 0.0391587
5 4 4 2 0.0000000
5 4 4 3 0.0265655
5 4 4 4 -0.0012038
5 4 5 0 -0.0026295
5 4 5 1 -0.0399009
5 4 5 2 0.0000000
5 4 5 3 -0.0212692
5 4 5 4 0.0588595
5 4 5 5 -0.0130596
5 5 0 0 0.7854102
5 5 1 0 0.0006707
5 5 1 1 0.5765055
5 5 2 0 0.0000000
5 5 2 1 0.0000000
5 5 2 2 0.4974330
5 5 3 0 0.0183523
5 5 3 1 0.0390427
5 5 3 2 -0.0000000
5 5 3 3 0.5083166
5 5 4 0 0.0065746
5 5 4 1 -0.0692195
5 5 4 2 0.0000000
5 5 4 3 -0.0191028
5 5 4 4 0.5005838
5 5 5 0 -0.0100589
5 5 5 1 -0.0819282
5 5 5 2 -0.0000000
5 5 5 3 0.0032708
5 5 5 4 -0.0130596
5 5 5 5 0.6264957
6 0 0 0 0.0000000
6 0 1 0 -0.0000000
6 0 1 1 -0.0000000
6 0 2 0 0.0132496
6 0 2 1 0.0140205
6 0 2 2 -0.0000000
6 0 3 0 -0.0000000
6 0 3 1 -0.0000000
6 0 3 2 -0.0095845
6 0 3 3 0.0000000
6 0 4 0 0.0000000
6 0 4 1 0.0000000
6 0 4 2 0.0011618
6 0 4 3 0.0000000
6 0 4 4 -0.0000000
6 0 5 0 0.0000000
6 0 5 1 -0.0000000
6 0 5 2 -0.0074253
6 0 5 3 0.0000000
6 0 5 4 0.0000000
6 0 5 5 0.0000000
6 0 6 0 0.0190600
6 0 6 1 0.0048352
6 0 6 2 -0.0000000
6 0 6 3 -0.0097134
6 0 6 4 -0.0100959
6 0 6 5 -0.0096396
6 0 6 6 -0.0000000
6 1 0 0 -0.0000000
6 1 1 0 -0.0000000
6 1 1 1 -0.0000000
6 1 2 0 0.0037284
6 1 2 1 -0.0324186
6 1 2 2 -0.0000000
6 1 3 0 -0.0000000
6 1 3 1 0.0000000
6 1 3 2 0.0020210
6 1 3 3 -0.0000000
6 1 4 0 -0.0000000
6 1 4 1 -0.0000000
6 1 4 2 -0.0505408
6 1 4 3 -0.0000000
6 1 4 4 0.0000000
6 1 5 0 0.0000000
6 1 5 1 0.0000000
6 1 5 2 -0.0221468
6 1 5 3 0.0000000
6 1 5 4 -0.0000000
6 1 5 5 -0.0000000
6 1 6 0 0.0048352
6 1 6 1 0.0427715
6 1 6 2 -0.0000000
6 1 6 3 -0.0112961
6 1 6 4 0.0526794
6 1 6 5 0.0201414
6 1 6 6 -0.0000000
6 2 0 0 0.2542076
6 2 1 0 -0.0061126
6 2 1 1 0.0126819
6 2 2 0 -0.0000000
6 2 2 1 -0.0000000
6 2 2 2 0.0436464
6 2 3 0 0.0011566
6 2 3 1 -0.0201570
6 2 3 2 0.0000000
6 2 3 3 0.1103755
6 2 4 0 0.0030892
6 2 4 1 -0.0411273
6 2 4 2 0.0000000
6 2 4 3 0.0561745
6 2 4 4 -0.0348922
6 2 5 0 0.0082974
6 2 5 1 -0.0698931
6 2 5 2 -0.0000000
6 2 5 3 -0.0337407
6 2 5 4 -0.0072757
6 2 5 5 0.0509414
6 2 6 0 -0.0000000
6 2 6 1 -0.0000000
6 2 6 2 0.1208082
6 2 6 3 -0.0000000
6 2 6 4 0.0000000
6 2 6 5 0.0000000
6 2 6 6 0.0444405
6 3 0 0 -0.0000000
6 3 1 0 0.0000000
6 3 1 1 0.0000000
6 3 2 0 -0.0070377
6 3 2 1 -0.0155477
6 3 2 2 -0.0000000
6 3 3 0 0.0000000
6 3 3 1 0.0000000
6 3 3 2 0.0278225
6 3 3 3 -0.0000000
6 3 4 0 -0.0000000
6 3 4 1 0.0000000
6 3 4 2 0.0081974
6 3 4 3 -0.0000000
6 3 4 4 0.0000000
6 3 5 0 -0.0000000
6 3 5 1 0.0000000
6 3 5 2 0.0047580
6 3 5 3 0.0000000
6 3 5 4 -0.0000000
6 3 5 5 -0.0000000
6 3 6 0 -0.0097134
6 3 6 1 -0.0112961
6 3 6 2 -0.0000000
6 3 6 3 0.0308833
6 3 6 4 0.0108842
6 3 6 5 0.0018086
6 3 6 6 -0.0000000
6 4 0 0 0.0000000
6 4 1 0 -0.0000000
6 4 1 1 -0.0000000
6 4 2 0 -0.0074139
6 4 2 1 -0.0940821
6 4 2 2 0.0000000
6 4 3 0 0.0000000
6 4 3 1 0.0000000
6 4 3 2 0.0364842
6 4 3 3 -0.0000000
6 4 4 0 -0.0000000
6 4 4 1 0.0000000
6 4 4 2 -0.0869000
6 4 4 3 0.0000000
6 4 4 4 0.0000000
6 4 5 0 0.0000000
6 4 5 1 -0.0000000
6 4 5 2 -0.0147403
6 4 5 3 -0.0000000
6 4 5 4 -0.0000000
6 4 5 5 -0.0000000
6 4 6 0 -0.0100959
6 4 6 1 0.0526794
6 4 6 2 0.0000000
6 4 6 3 0.0108842
6 4 6 4 0.1139797
6 4 6 5 0.0559891
6 4 6 6 0.0000000
6 5 0 0 0.0000000
6 5 1 0 0.0000000
6 5 1 1 0.0000000
6 5 2 0 -0.0073711
6 5 2 1 -0.0578097
6 5 2 2 0.0000000
6 5 3 0 0.0000000
6 5 3 1 0.0000000
6 5 3 2 0.0144047
6 5 3 3 -0.0000000
6 5 4 0 0.0000000
6 5 4 1 -0.0000000
6 5 4 2 -0.0432934
6 5 4 3 -0.0000000
6 5 4 4 0.0000000
6 5 5 0 -0.0000000
6 5 5 1 -0.0000000
6 5 5 2 0.0046505
6 5 5 3 0.0000000
6 5 5 4 -0.0000000
6 5 5 5 0.0000000
6 5 6 0 -0.0096396
6 5 6 1 0.0201414
6 5 6 2 0.0000000
6 5 6 3 0.0018086
6 5 6 4 0.0559891
6 5 6 5 0.0409310
6 5 6 6 0.0000000
6 6 0 0 0.7147936
6 6 1 0 -0.0055507
6 6 1 1 0.4988081
6 6 2 0 -0.0000000
6 6 2 1 -0.0000000
6 6 2 2 0.5303334
6 6 3 0 0.0041364
6 6 3 1 -0.0185256
6 6 3 2 -0.0000000
6 6 3 3 0.4938334
6 6 4 0 0.0039251
6 6 4 1 0.0180430
6 6 4 2 -0.0000000
6 6 4 3 0.0277171
6 6 4 4 0.4802442
6 6 5 0 0.0059376
6 6 5 1 -0.0611694
6 6 5 2 -0.0000000
6 6 5 3 -0.0245709
6 6 5 4 0.0374913
6 6 5 5 0.4989584
6 6 6 0 -0.0000000
6 6 6 1 -0.0000000
6 6 6 2 0.0444405
6 6 6 3 -0.0000000
6 6 6 4 0.0000000
6 6 6 5 0.0000000
6 6 6 6 0.5522346
7 0 0 0 0.0850728
7 0 1 0 -0.0037370
7 0 1 1 0.0068528
7 0 2 0 0.0000000
7 0 2 1 -0.0000000
7 0 2 2 0.0005875
7 0 3 0 0.0033514
7 0 3 1 -0.0049558
7 0 3 2 0.0000000
7 0 3 3 0.0044412
7 0 4 0 0.0033999
7 0 4 1 -0.0035644
7 0 4 2 0.0000000
7 0 4 3 0.0026376
7 0 4 4 0.0038516
7 0 5 0 0.0053384
7 0 5 1 -0.0042941
7 0 5 2 0.0000000
7 0 5 3 0.0057104
7 0 5 4 0.0033636
7 0 5 5 0.0047364
7 0 6 0 0.0000000
7 0 6 1 -0.0000000
7 0 6 2 -0.0016963
7 0 6 3 0.0000000
7 0 6 4 0.0000000
7 0 6 5 0.0000000
7 0 6 6 -0.0005936
7 0 7 0 0.0112588
7 0 7 1 0.0015104
7 0 7 2 -0.0000000
7 0 7 3 -0.0025851
7 0 7 4 -0.0015124
7 0 7 5 -0.0031489
7 0 7 6 -0.0000000
7 0 7 7 -0.0059805
7 1 0 0 0.0067623
7 1 1 0 0.0007968
7 1 1 1 0.0000314
7 1 2 0 -0.0000000
7 1 2 1 -0.0000000
7 1 2 2 -0.0056702
7 1 3 0 -0.0032411
7 1 3 1 -0.0072028
7 1 3 2 0.0000000
7 1 3 3 0.0111253
7 1 4 0 -0.0014296
7 1 4 1 -0.0072215
7 1 4 2 0.0000000
7 1 4 3 0.0076706
7 1 4 4 -0.0013986
7 1 5 0 0.0006217
7 1 5 1 -0.0024103
7 1 5 2 0.0000000
7 1 5 3 0.0048426
7 1 5 4 -0.0011130
7 1 5 5 0.0001024
7 1 6 0 -0.0000000
7 1 6 1 -0.0000000
7 1 6 2 0.0027907
7 1 6 3 0.0000000
7 1 6 4 0.0000000
7 1 6 5 0.0000000
7 1 6 6 -0.0047106
7 1 7 0 0.0015104
7 1 7 1 0.0100699
7 1 7 2 0.0000000
7 1 7 3 0.0046121
7 1 7 4 -0.0068961
7 1 7 5 -0.0004077
7 1 7 6 0.0000000
7 1 7 7 0.0022689
7 2 0 0 0.0000000
7 2 1 0 -0.0000000
7 2 1 1 -0.0000000
7 2 2 0 -0.0049516
7 2 2 1 -0.0223892
7 2 2 2 0.0000000
7 2 3 0 0.0000000
7 2 3 1 0.0000000
7 2 3 2 0.0117969
7 2 3 3 -0.0000000
7 2 4 0 0.0000000
7 2 4 1 0.0000000
7 2 4 2 -0.0121597
7 2 4 3 0.0000000
7 2 4 4 -0.0000000
7 2 5 0 0.0000000
7 2 5 1 0.0000000
7 2 5 2 0.0047445
7 2 5 3 -0.0000000
7 2 5 4 -0.0000000
7 2 5 5 -0.0000000
7 2 6 0 -0.0069353
7 2 6 1 0.0012627
7 2 6 2 0.0000000
7 2 6 3 0.0099991
7 2 6 4 0.0184257
7 2 6 5 0.0123605
7 2 6 6 0.0000000
7 2 7 0 -0.0000000
7 2 7 1 0.0000000
7 2 7 2 0.0182764
7 2 7 3 0.0000000
7 2 7 4 0.0000000
7 2 7 5 -0.0000000
7 2 7 6 0.0158490
7 2 7 7 -0.0000000
7 3 0 0 0.0079308
7 3 1 0 -0.0043625
7 3 1 1 -0.0264612
7 3 2 0 0.0000000
7 3 2 1 0.0000000
7 3 2 2 -0.0009023
7 3 3 0 -0.0026967
7 3 3 1 -0.0030429
7 3 3 2 -0.0000000
7 3 3 3 0.0119748
7 3 4 0 0.0005934
7 3 4 1 0.0092738
7 3 4 2 0.0000000
7 3 4 3 0.0157560
7 3 4 4 -0.0158298
7 3 5 0 0.0080362
7 3 5 1 0.0021012
7 3 5 2 -0.0000000
7 3 5 3 -0.0186148
7 3 5 4 -0.0022228
7 3 5 5 -0.0230713
7 3 6 0 0.0000000
7 3 6 1 0.0000000
7 3 6 2 0.0157836
7 3 6 3 -0.0000000
7 3 6 4 -0.0000000
7 3 6 5 -0.0000000
7 3 6 6 0.0048458
7 3 7 0 -0.0025851
7 3 7 1 0.0046121
7 3 7 2 0.0000000
7 3 7 3 0.0264874
7 3 7 4 -0.0010574
7 3 7 5 -0.0005036
7 3 7 6 -0.0000000
7 3 7 7 -0.0054848
7 4 0 0 0.0074093
7 4 1 0 -0.0021187
7 4 1 1 -0.0070960
7 4 2 0 0.0000000
7 4 2 1 0.0000000
7 4 2 2 -0.0035434
7 4 3 0 0.0002164
7 4 3 1 0.0015465
7 4 3 2 0.0000000
7 4 3 3 0.0049274
7 4 4 0 0.0008932
7 4 4 1 -0.0006542
7 4 4 2 0.0000000
7 4 4 3 0.0019362
7 4 4 4 -0.0046064
7 4 5 0 0.0031103
7 4 5 1 0.0020635
7 4 5 2 -0.0000000
7 4 5 3 -0.0047398
7 4 5 4 -0.0052366
7 4 5 5 -0.0030486
7 4 6 0 0.0000000
7 4 6 1 0.0000000
7 4 6 2 0.0059436
7 4 6 3 -0.0000000
7 4 6 4 -0.0000000
7 4 6 5 -0.0000000
7 4 6 6 0.0000242
7 4 7 0 -0.0015124
7 4 7 1 -0.0068961
7 4 7 2 0.0000000
7 4 7 3 -0.0010574
7 4 7 4 0.0171551
7 4 7 5 -0.0142553
7 4 7 6 -0.0000000
7 4 7 7 0.0062505
7 5 0 0 0.0107343
7 5 1 0 -0.0010929
7 5 1 1 0.0025127
7 5 2 0 0.0000000
7 5 2 1 0.0000000
7 5 2 2 0.0050513
7 5 3 0 0.0078353
7 5 3 1 0.0184327
7 5 3 2 -0.0000000
7 5 3 3 -0.0159954
7 5 4 0 0.0030410
7 5 4 1 -0.0002920
7 5 4 2 -0.0000000
7 5 4 3 -0.0149968
7 5 4 4 -0.0013376
7 5 5 0 -0.0030578
7 5 5 1 -0.0008807
7 5 5 2 -0.0000000
7 5 5 3 -0.0070468
7 5 5 4 -0.0040027
7 5 5 5 0.0155666
7 5 6 0 0.0000000
7 5 6 1 0.0000000
7 5 6 2 0.0034712
7 5 6 3 -0.0000000
7 5 6 4 -0.0000000
7 5 6 5 0.0000000
7 5 6 6 0.0020737
7 5 7 0 -0.0031489
7 5 7 1 -0.0004077
7 5 7 2 -0.0000000
7 5 7 3 -0.0005036
7 5 7 4 -0.0142553
7 5 7 5 0.0334242
7 5 7 6 0.0000000
7 5 7 7 0.0182079
7 6 0 0 0.0000000
7 6 1 0 -0.0000000
7 6 1 1 -0.0000000
7 6 2 0 -0.0055423
7 6 2 1 -0.0124341
7 6 2 2 0.0000000
7 6 3 0 0.0000000
7 6 3 1 0.0000000
7 6 3 2 0.0112212
7 6 3 3 -0.0000000
7 6 4 0 0.0000000
7 6 4 1 -0.0000000
7 6 4 2 -0.0007200
7 6 4 3 -0.0000000
7 6 4 4 -0.0000000
7 6 5 0 0.0000000
7 6 5 1 0.0000000
7 6 5 2 0.0064963
7 6 5 3 -0.0000000
7 6 5 4 -0.0000000
7 6 5 5 0.0000000
7 6 6 0 -0.0078217
7 6 6 1 -0.0055430
7 6 6 2 0.0000000
7 6 6 3 0.0121609
7 6 6 4 0.0074569
7 6 6 5 0.0064847
7 6 6 6 0.0000000
7 6 7 0 -0.0000000
7 6 7 1 0.0000000
7 6 7 2 0.0158490
7 6 7 3 -0.0000000
7 6 7 4 -0.0000000
7 6 7 5 0.0000000
7 6 7 6 0.0198302
7 6 7 7 0.0000000
7 7 0 0 0.5615264
7 7 1 0 -0.0065220
7 7 1 1 0.4320589
7 7 2 0 0.0000000
7 7 2 1 0.0000000
7 7 2 2 0.4034225
7 7 3 0 0.0083357
7 7 3 1 0.0401201
7 7 3 2 0.0000000
7 7 3 3 0.4237689
7 7 4 0 0.0053358
7 7 4 1 -0.0522896
7 7 4 2 0.0000000
7 7 4 3 -0.0197600
7 7 4 4 0.4104254
7 7 5 0 0.0047178
7 7 5 1 -0.0134322
7 7 5 2 -0.0000000
7 7 5 3 0.0064558
7 7 5 4 -0.0474456
7 7 5 5 0.4845181
7 7 6 0 0.0000000
7 7 6 1 0.0000000
7 7 6 2 0.0464085
7 7 6 3 -0.0000000
7 7 6 4 -0.0000000
7 7 6 5 0.0000000
7 7 6 6 0.4120756
7 7 7 0 -0.0059805
7 7 7 1 0.0022689
7 7 7 2 -0.0000000
7 7 7 3 -0.0054848
7 7 7 4 0.0062505
7 7 7 5 0.0182079
7 7 7 6 0.0000000
7 7 7 7 0.5146545
8 0 0 0 -0.0000000
8 0 1 0 0.0000000
8 0 1 1 0.0000000
8 0 2 0 0.0002454
8 0 2 1 0.0003110
8 0 2 2 -0.0000000
8 0 3 0 -0.0000000
8 0 3 1 -0.0000000
8 0 3 2 -0.0001724
8 0 3 3 0.0000000
8 0 4 0 0.0000000
8 0 4 1 -0.0000000
8 0 4 2 -0.0001068
8 0 4 3 0.0000000
8 0 4 4 -0.0000000
8 0 5 0 -0.0000000
8 0 5 1 -0.0000000
8 0 5 2 -0.0002908
8 0 5 3 0.0000000
8 0 5 4 -0.0000000
8 0 5 5 0.0000000
8 0 6 0 0.0003413
8 0 6 1 0.0002510
8 0 6 2 -0.0000000
8 0 6 3 -0.0001898
8 0 6 4 -0.0000489
8 0 6 5 -0.0002059
8 0 6 6 -0.0000000
8 0 7 0 0.0000000
8 0 7 1 -0.0000000
8 0 7 2 -0.0001291
8 0 7 3 0.0000000
8 0 7 4 -0.0000000
8 0 7 5 0.0000000
8 0 7 6 -0.0001570
8 0 7 7 0.0000000
8 0 8 0 0.0000107
8 0 8 1 -0.0000425
8 0 8 2 -0.0000000
8 0 8 3 -0.0000829
8 0 8 4 0.0000819
8 0 8 5 -0.0002186
8 0 8 6 -0.0000000
8 0 8 7 0.0000302
8 0 8 8 0.0000000
8 1 0 0 0.0000000
8 1 1 0 0.0000000
8 1 1 1 0.0000000
8 1 2 0 0.0021138
8 1 2 1 0.0344796
8 1 2 2 -0.0000000
8 1 3 0 -0.0000000
8 1 3 1 -0.0000000
8 1 3 2 -0.0079698
8 1 3 3 0.0000000
8 1 4 0 0.0000000
8 1 4 1 0.0000000
8 1 4 2 0.0293882
8 1 4 3 -0.0000000
8 1 4 4 -0.0000000
8 1 5 0 -0.0000000
8 1 5 1 0.0000000
8 1 5 2 0.0008242
8 1 5 3 -0.0000000
8 1 5 4 0.0000000
8 1 5 5 0.0000000
8 1 6 0 0.0026921
8 1 6 1 -0.0178129
8 1 6 2 -0.0000000
8 1 6 3 -0.0007980
8 1 6 4 -0.0360829
8 1 6 5 -0.0194347
8 1 6 6 -0.0000000
8 1 7 0 0.0000000
8 1 7 1 -0.0000000
8 1 7 2 -0.0068498
8 1 7 3 0.0000000
8 1 7 4 -0.0000000
8 1 7 5 0.0000000
8 1 7 6 -0.0011572
8 1 7 7 -0.0000000
8 1 8 0 -0.0000425
8 1 8 1 0.0260392
8 1 8 2 0.0000000
8 1 8 3 0.0123872
8 1 8 4 -0.0049522
8 1 8 5 0.0262600
8 1 8 6 0.0000000
8 1 8 7 0.0003916
8 1 8 8 -0.0000000
8 2 0 0 0.0339987
8 2 1 0 0.0001686
8 2 1 1 0.0189650
8 2 2 0 -0.0000000
8 2 2 1 -0.0000000
8 2 2 2 0.0294532
8 2 3 0 0.0003122
8 2 3 1 -0.0111390
8 2 3 2 -0.0000000
8 2 3 3 0.0160143
8 2 4 0 0.0000228
8 2 4 1 0.0174466
8 2 4 2 0.0000000
8 2 4 3 0.0121531
8 2 4 4 0.0117838
8 2 5 0 -0.0003485
8 2 5 1 -0.0189576
8 2 5 2 -0.0000000
8 2 5 3 -0.0140023
8 2 5 4 0.0236478
8 2 5 5 0.0030227
8 2 6 0 -0.0000000
8 2 6 1 -0.0000000
8 2 6 2 0.0026988
8 2 6 3 -0.0000000
8 2 6 4 0.0000000
8 2 6 5 -0.0000000
8 2 6 6 0.0293519
8 2 7 0 0.0000059
8 2 7 1 -0.0026649
8 2 7 2 0.0000000
8 2 7 3 0.0032318
8 2 7 4 -0.0013856
8 2 7 5 -0.0010331
8 2 7 6 -0.0000000
8 2 7 7 -0.0203450
8 2 8 0 -0.0000000
8 2 8 1 0.0000000
8 2 8 2 0.0207444
8 2 8 3 -0.0000000
8 2 8 4 -0.0000000
8 2 8 5 0.0000000
8 2 8 6 -0.0165481
8 2 8 7 -0.0000000
8 2 8 8 -0.0586608
8 3 0 0 -0.0000000
8 3 1 0 -0.0000000
8 3 1 1 -0.0000000
8 3 2 0 0.0002846
8 3 2 1 0.0070063
8 3 2 2 -0.0000000
8 3 3 0 -0.0000000
8 3 3 1 0.0000000
8 3 3 2 -0.0000598
8 3 3 3 -0.0000000
8 3 4 0 -0.0000000
8 3 4 1 -0.0000000
8 3 4 2 0.0071596
8 3 4 3 -0.0000000
8 3 4 4 -0.0000000
8 3 5 0 -0.0000000
8 3 5 1 0.0000000
8 3 5 2 -0.0009798
8 3 5 3 0.0000000
8 3 5 4 -0.0000000
8 3 5 5 0.0000000
8 3 6 0 0.0003321
8 3 6 1 -0.0042566
8 3 6 2 -0.0000000
8 3 6 3 0.0012868
8 3 6 4 -0.0081505
8 3 6 5 -0.0037050
8 3 6 6 -0.0000000
8 3 7 0 0.0000000
8 3 7 1 0.0000000
8 3 7 2 -0.0013741
8 3 7 3 -0.0000000
8 3 7 4 0.0000000
8 3 7 5 0.0000000
8 3 7 6 -0.0000692
8 3 7 7 0.0000000
8 3 8 0 -0.0000829
8 3 8 1 0.0123872
8 3 8 2 -0.0000000
8 3 8 3 0.0087137
8 3 8 4 -0.0083949
8 3 8 5 0.0158869
8 3 8 6 0.0000000
8 3 8 7 -0.0011257
8 3 8 8 0.0000000
8 4 0 0 -0.0000000
8 4 1 0 0.0000000
8 4 1 1 0.0000000
8 4 2 0 0.0003298
8 4 2 1 0.0125219
8 4 2 2 -0.0000000
8 4 3 0 -0.0000000
8 4 3 1 -0.0000000
8 4 3 2 -0.0031377
8 4 3 3 0.0000000
8 4 4 0 0.0000000
8 4 4 1 -0.0000000
8 4 4 2 0.0122479
8 4 4 3 -0.0000000
8 4 4 4 -0.0000000
8 4 5 0 -0.0000000
8 4 5 1 0.0000000
8 4 5 2 0.0060314
8 4 5 3 -0.0000000
8 4 5 4 0.0000000
8 4 5 5 0.0000000
8 4 6 0 0.0005428
8 4 6 1 -0.0097533
8 4 6 2 0.0000000
8 4 6 3 -0.0005608
8 4 6 4 -0.0148081
8 4 6 5 -0.0097581
8 4 6 6 -0.0000000
8 4 7 0 -0.0000000
8 4 7 1 -0.0000000
8 4 7 2 -0.0017484
8 4 7 3 0.0000000
8 4 7 4 -0.0000000
8 4 7 5 0.0000000
8 4 7 6 -0.0009149
8 4 7 7 0.0000000
8 4 8 0 0.0000819
8 4 8 1 -0.0049522
8 4 8 2 -0.0000000
8 4 8 3 -0.0083949
8 4 8 4 0.0165001
8 4 8 5 -0.0120758
8 4 8 6 -0.0000000
8 4 8 7 -0.0012017
8 4 8 8 0.0000000
8 5 0 0 -0.0000000
8 5 1 0 0.0000000
8 5 1 1 0.0000000
8 5 2 0 0.0004465
8 5 2 1 0.0206490
8 5 2 2 -0.0000000
8 5 3 0 -0.0000000
8 5 3 1 -0.0000000
8 5 3 2 -0.0052088
8 5 3 3 0.0000000
8 5 4 0 -0.0000000
8 5 4 1 0.0000000
8 5 4 2 0.0245527
8 5 4 3 -0.0000000
8 5 4 4 -0.0000000
8 5 5 0 -0.0000000
8 5 5 1 0.0000000
8 5 5 2 0.0037814
8 5 5 3 -0.0000000
8 5 5 4 0.0000000
8 5 5 5 0.0000000
8 5 6 0 0.0006035
8 5 6 1 -0.0167805
8 5 6 2 -0.0000000
8 5 6 3 0.0012902
8 5 6 4 -0.0295385
8 5 6 5 -0.0123245
8 5 6 6 -0.0000000
8 5 7 0 0.0000000
8 5 7 1 -0.0000000
8 5 7 2 -0.0039878
8 5 7 3 0.0000000
8 5 7 4 -0.0000000
8 5 7 5 -0.0000000
8 5 7 6 0.0013878
8 5 7 7 -0.0000000
8 5 8 0 -0.0002186
8 5 8 1 0.0262600
8 5 8 2 0.0000000
8 5 8 3 0.0158869
8 5 8 4 -0.0120758
8 5 8 5 0.0345124
8 5 8 6 0.0000000
8 5 8 7 0.0007905
8 5 8 8 -0.0000000
8 6 0 0 -0.0002997
8 6 1 0 -0.0001972
8 6 1 1 -0.0063736
8 6 2 0 0.0000000
8 6 2 1 0.0000000
8 6 2 2 -0.0133729
8 6 3 0 0.0003146
8 6 3 1 0.0086009
8 6 3 2 0.0000000
8 6 3 3 0.0011093
8 6 4 0 0.0002599
8 6 4 1 -0.0196773
8 6 4 2 0.0000000
8 6 4 3 -0.0064049
8 6 4 4 -0.0084496
8 6 5 0 0.0001065
8 6 5 1 0.0052147
8 6 5 2 -0.0000000
8 6 5 3 0.0080743
8 6 5 4 -0.0207951
8 6 5 5 0.0093009
8 6 6 0 0.0000000
8 6 6 1 -0.0000000
8 6 6 2 0.0103250
8 6 6 3 0.0000000
8 6 6 4 -0.0000000
8 6 6 5 0.0000000
8 6 6 6 -0.0170590
8 6 7 0 -0.0001249
8 6 7 1 0.0024507
8 6 7 2 -0.0000000
8 6 7 3 -0.0018181
8 6 7 4 0.0006047
8 6 7 5 0.0032492
8 6 7 6 0.0000000
8 6 7 7 0.0251902
8 6 8 0 -0.0000000
8 6 8 1 0.0000000
8 6 8 2 -0.0165481
8 6 8 3 0.0000000
8 6 8 4 -0.0000000
8 6 8 5 0.0000000
8 6 8 6 0.0157696
8 6 8 7 0.0000000
8 6 8 8 0.0440493
8 7 0 0 0.0000000
8 7 1 0 -0.0000000
8 7 1 1 -0.0000000
8 7 2 0 -0.0002697
8 7 2 1 -0.0031590
8 7 2 2 0.0000000
8 7 3 0 0.0000000
8 7 3 1 0.0000000
8 7 3 2 0.0014688
8 7 3 3 -0.0000000
8 7 4 0 -0.0000000
8 7 4 1 -0.0000000
8 7 4 2 -0.0019770
8 7 4 3 0.0000000
8 7 4 4 0.0000000
8 7 5 0 0.0000000
8 7 5 1 -0.0000000
8 7 5 2 -0.0007296
8 7 5 3 0.0000000
8 7 5 4 -0.0000000
8 7 5 5 -0.0000000
8 7 6 0 -0.0003250
8 7 6 1 0.0022245
8 7 6 2 -0.0000000
8 7 6 3 0.0001622
8 7 6 4 0.0026193
8 7 6 5 0.0025518
8 7 6 6 0.0000000
8 7 7 0 0.0000000
8 7 7 1 -0.0000000
8 7 7 2 -0.0036032
8 7 7 3 0.0000000
8 7 7 4 0.0000000
8 7 7 5 -0.0000000
8 7 7 6 0.0040144
8 7 7 7 -0.0000000
8 7 8 0 0.0000302
8 7 8 1 0.0003916
8 7 8 2 -0.0000000
8 7 8 3 -0.0011257
8 7 8 4 -0.0012017
8 7 8 5 0.0007905
8 7 8 6 0.0000000
8 7 8 7 0.0210482
8 7 8 8 -0.0000000
8 8 0 0 0.3245190
8 8 1 0 0.0030789
8 8 1 1 0.4379807
8 8 2 0 0.0000000
8 8 2 1 0.0000000
8 8 2 2 0.3528998
8 8 3 0 0.0041519
8 8 3 1 0.0720147
8 8 3 2 -0.0000000
8 8 3 3 0.3308548
8 8 4 0 0.0005099
8 8 4 1 -0.0575278
8 8 4 2 -0.0000000
8 8 4 3 -0.0858951
8 8 4 4 0.4431236
8 8 5 0 -0.0067609
8 8 5 1 0.0702995
8 8 5 2 0.0000000
8 8 5 3 0.0750102
8 8 5 4 -0.0767586
8 8 5 5 0.4729323
8 8 6 0 -0.0000000
8 8 6 1 0.0000000
8 8 6 2 -0.0511746
8 8 6 3 0.0000000
8 8 6 4 -0.0000000
8 8 6 5 0.0000000
8 8 6 6 0.3542241
8 8 7 0 0.0014016
8 8 7 1 0.0021690
8 8 7 2 -0.0000000
8 8 7 3 -0.0303476
8 8 7 4 -0.0007390
8 8 7 5 0.0106522
8 8 7 6 0.0000000
8 8 7 7 0.4670422
8 8 8 0 0.0000000
8 8 8 1 -0.0000000
8 8 8 2 -0.0586608
8 8 8 3 0.0000000
8 8 8 4 0.0000000
8 8 8 5 -0.0000000
8 8 8 6 0.0440493
8 8 8 7 -0.0000000
8 8 8 8 0.6728328
9 0 0 0 -0.0028046
9 0 1 0 0.0000984
9 0 1 1 -0.0003648
9 0 2 0 -0.0000000
9 0 2 1 0.0000000
9 0 2 2 -0.0003823
9 0 3 0 -0.0001144
9 0 3 1 0.0001740
9 0 3 2 -0.0000000
9 0 3 3 -0.0005092
9 0 4 0 -0.0000882
9 0 4 1 0.0000384
9 0 4 2 -0.0000000
9 0 4 3 -0.0002642
9 0 4 4 -0.0001086
9 0 5 0 -0.0001045
9 0 5 1 0.0004532
9 0 5 2 0.0000000
9 0 5 3 0.0001575
9 0 5 4 -0.0002398
9 0 5 5 -0.0003893
9 0 6 0 -0.0000000
9 0 6 1 0.0000000
9 0 6 2 -0.0003012
9 0 6 3 0.0000000
9 0 6 4 -0.0000000
9 0 6 5 0.0000000
9 0 6 6 -0.0004130
9 0 7 0 -0.0001227
9 0 7 1 -0.0000085
9 0 7 2 0.0000000
9 0 7 3 -0.0000033
9 0 7 4 0.0000106
9 0 7 5 0.0000342
9 0 7 6 0.0000000
9 0 7 7 0.0000326
9 0 8 0 0.0000000
9 0 8 1 -0.0000000
9 0 8 2 -0.0001430
9 0 8 3 0.0000000
9 0 8 4 0.0000000
9 0 8 5 -0.0000000
9 0 8 6 0.0000846
9 0 8 7 -0.0000000
9 0 8 8 0.0004258
9 0 9 0 0.0000059
9 0 9 1 -0.0000136
9 0 9 2 -0.0000000
9 0 9 3 -0.0000749
9 0 9 4 0.0001588
9 0 9 5 -0.0001176
9 0 9 6 -0.0000000
9 0 9 7 0.0000184
9 0 9 8 0.0000000
9 0 9 9 0.0027323
9 1 0 0 -0.0048110
9 1 1 0 -0.0000910
9 1 1 1 -0.0028825
9 1 2 0 0.0000000
9 1 2 1 0.0000000
9 1 2 2 -0.0041088
9 1 3 0 0.0000104
9 1 3 1 0.0021338
9 1 3 2 0.0000000
9 1 3 3 -0.0021858
9 1 4 0 0.0000350
9 1 4 1 -0.0027433
9 1 4 2 -0.0000000
9 1 4 3 -0.0024575
9 1 4 4 -0.0007348
9 1 5 0 0.0001186
9 1 5 1 0.0032478
9 1 5 2 0.0000000
9 1 5 3 0.0021350
9 1 5 4 -0.0042636
9 1 5 5 -0.0002934
9 1 6 0 0.0000000
9 1 6 1 0.0000000
9 1 6 2 0.0000101
9 1 6 3 0.0000000
9 1 6 4 -0.0000000
9 1 6 5 0.0000000
9 1 6 6 -0.0041727
9 1 7 0 -0.0000754
9 1 7 1 0.0003676
9 1 7 2 0.0000000
9 1 7 3 0.0001007
9 1 7 4 -0.0001680
9 1 7 5 0.0006747
9 1 7 6 0.0000000
9 1 7 7 0.0010266
9 1 8 0 0.0000000
9 1 8 1 -0.0000000
9 1 8 2 -0.0018154
9 1 8 3 0.0000000
9 1 8 4 0.0000000
9 1 8 5 -0.0000000
9 1 8 6 0.0015396
9 1 8 7 0.0000000
9 1 8 8 0.0032029
9 1 9 0 -0.0000136
9 1 9 1 0.0027316
9 1 9 2 0.0000000
9 1 9 3 0.0027463
9 1 9 4 -0.0047390
9 1 9 5 0.0052236
9 1 9 6 0.0000000
9 1 9 7 0.0006978
9 1 9 8 -0.0000000
9 1 9 9 -0.0149361
9 2 0 0 0.0000000
9 2 1 0 0.0000000
9 2 1 1 0.0000000
9 2 2 0 -0.0001420
9 2 2 1 -0.0021277
9 2 2 2 0.0000000
9 2 3 0 0.0000000
9 2 3 1 0.0000000
9 2 3 2 0.0006930
9 2 3 3 0.0000000
9 2 4 0 -0.0000000
9 2 4 1 -0.0000000
9 2 4 2 -0.0021133
9 2 4 3 0.0000000
9 2 4 4 0.0000000
9 2 5 0 0.0000000
9 2 5 1 -0.0000000
9 2 5 2 0.0001440
9 2 5 3 -0.0000000
9 2 5 4 -0.0000000
9 2 5 5 -0.0000000
9 2 6 0 -0.0001768
9 2 6 1 0.0010383
9 2 6 2 0.0000000
9 2 6 3 -0.0000713
9 2 6 4 0.0025115
9 2 6 5 0.0010429
9 2 6 6 0.0000000
9 2 7 0 0.0000000
9 2 7 1 -0.0000000
9 2 7 2 0.0003563
9 2 7 3 -0.0000000
9 2 7 4 0.0000000
9 2 7 5 -0.0000000
9 2 7 6 0.0000079
9 2 7 7 -0.0000000
9 2 8 0 0.0000022
9 2 8 1 -0.0017659
9 2 8 2 0.0000000
9 2 8 3 -0.0010773
9 2 8 4 0.0010784
9 2 8 5 -0.0021140
9 2 8 6 -0.0000000
9 2 8 7 0.0000218
9 2 8 8 -0.0000000
9 2 9 0 -0.0000000
9 2 9 1 0.0000000
9 2 9 2 0.0013441
9 2 9 3 0.0000000
9 2 9 4 -0.0000000
9 2 9 5 0.0000000
9 2 9 6 -0.0012641
9 2 9 7 -0.0000000
9 2 9 8 -0.0041463
9 2 9 9 -0.0000000
9 3 0 0 -0.0000637
9 3 1 0 0.0000523
9 3 1 1 0.0004825
9 3 2 0 0.0000000
9 3 2 1 0.0000000
9 3 2 2 -0.0003889
9 3 3 0 -0.0000499
9 3 3 1 0.0002699
9 3 3 2 0.0000000
9 3 3 3 0.0004576
9 3 4 0 -0.0000399
9 3 4 1 -0.0010126
9 3 4 2 0.0000000
9 3 4 3 -0.0005850
9 3 4 4 0.0008050
9 3 5 0 -0.0000395
9 3 5 1 0.0002695
9 3 5 2 0.0000000
9 3 5 3 0.0007100
9 3 5 4 -0.0007730
9 3 5 5 0.0004225
9 3 6 0 0.0000000
9 3 6 1 -0.0000000
9 3 6 2 0.0002843
9 3 6 3 0.0000000
9 3 6 4 -0.0000000
9 3 6 5 0.0000000
9 3 6 6 -0.0004835
9 3 7 0 0.0000507
9 3 7 1 -0.0000712
9 3 7 2 -0.0000000
9 3 7 3 -0.0000279
9 3 7 4 0.0000410
9 3 7 5 -0.0002741
9 3 7 6 -0.0000000
9 3 7 7 -0.0020637
9 3 8 0 -0.0000000
9 3 8 1 0.0000000
9 3 8 2 0.0006604
9 3 8 3 0.0000000
9 3 8 4 -0.0000000
9 3 8 5 0.0000000
9 3 8 6 -0.0005295
9 3 8 7 -0.0000000
9 3 8 8 -0.0027001
9 3 9 0 -0.0000749
9 3 9 1 0.0027463
9 3 9 2 0.0000000
9 3 9 3 0.0040974
9 3 9 4 -0.0075739
9 3 9 5 0.0069939
9 3 9 6 0.0000000
9 3 9 7 -0.0006116
9 3 9 8 0.0000000
9 3 9 9 -0.0638932
9 4 0 0 -0.0010013
9 4 1 0 0.0000153
9 4 1 1 -0.0013782
9 4 2 0 -0.0000000
9 4 2 1 0.0000000
9 4 2 2 -0.0010929
9 4 3 0 -0.0000637
9 4 3 1 -0.0002490
9 4 3 2 0.0000000
9 4 3 3 -0.0006924
9 4 4 0 -0.0000051
9 4 4 1 -0.0005447
9 4 4 2 0.0000000
9 4 4 3 0.0002700
9 4 4 4 -0.0017640
9 4 5 0 0.0000009
9 4 5 1 0.0002794
9 4 5 2 0.0000000
9 4 5 3 0.0005475
9 4 5 4 -0.0009622
9 4 5 5 0.0000711
9 4 6 0 0.0000000
9 4 6 1 0.0000000
9 4 6 2 0.0000829
9 4 6 3 0.0000000
9 4 6 4 -0.0000000
9 4 6 5 0.0000000
9 4 6 6 -0.0013843
9 4 7 0 0.0000501
9 4 7 1 0.0003528
9 4 7 2 -0.0000000
9 4 7 3 -0.0008325
9 4 7 4 0.0003933
9 4 7 5 -0.0000618
9 4 7 6 -0.0000000
9 4 7 7 0.0056260
9 4 8 0 0.0000000
9 4 8 1 -0.0000000
9 4 8 2 -0.0028227
9 4 8 3 0.0000000
9 4 8 4 0.0000000
9 4 8 5 -0.0000000
9 4 8 6 0.0025006
9 4 8 7 -0.0000000
9 4 8 8 0.0081371
9 4 9 0 0.0001588
9 4 9 1 -0.0047390
9 4 9 2 -0.0000000
9 4 9 3 -0.0075739
9 4 9 4 0.0147711
9 4 9 5 -0.0130428
9 4 9 6 -0.0000000
9 4 9 7 -0.0004670
9 4 9 8 0.0000000
9 4 9 9 0.1467615
9 5 0 0 0.0030814
9 5 1 0 0.0000997
9 5 1 1 0.0028434
9 5 2 0 -0.0000000
9 5 2 1 -0.0000000
9 5 2 2 0.0001161
9 5 3 0 0.0001198
9 5 3 1 0.0016985
9 5 3 2 0.0000000
9 5 3 3 0.0025959
9 5 4 0 -0.0000029
9 5 4 1 -0.0034972
9 5 4 2 -0.0000000
9 5 4 3 -0.0015793
9 5 4 4 0.0023803
9 5 5 0 -0.0001798
9 5 5 1 -0.0002207
9 5 5 2 -0.0000000
9 5 5 3 0.0011168
9 5 5 4 -0.0026273
9 5 5 5 0.0037571
9 5 6 0 -0.0000000
9 5 6 1 0.0000000
9 5 6 2 0.0017663
9 5 6 3 0.0000000
9 5 6 4 -0.0000000
9 5 6 5 0.0000000
9 5 6 6 -0.0003928
9 5 7 0 0.0000403
9 5 7 1 0.0002148
9 5 7 2 0.0000000
9 5 7 3 0.0003496
9 5 7 4 -0.0004581
9 5 7 5 0.0004951
9 5 7 6 0.0000000
9 5 7 7 -0.0010689
9 5 8 0 0.0000000
9 5 8 1 -0.0000000
9 5 8 2 0.0008312
9 5 8 3 -0.0000000
9 5 8 4 0.0000000
9 5 8 5 -0.0000000
9 5 8 6 -0.0003233
9 5 8 7 0.0000000
9 5 8 8 -0.0033566
9 5 9 0 -0.0001176
9 5 9 1 0.0052236
9 5 9 2 0.0000000
9 5 9 3 0.0069939
9 5 9 4 -0.0130428
9 5 9 5 0.0125945
9 5 9 6 0.0000000
9 5 9 7 0.0008938
9 5 9 8 -0.0000000
9 5 9 9 -0.0993314
9 6 0 0 0.0000000
9 6 1 0 0.0000000
9 6 1 1 0.0000000
9 6 2 0 0.0000716
9 6 2 1 0.0021242
9 6 2 2 -0.0000000
9 6 3 0 0.0000000
9 6 3 1 0.0000000
9 6 3 2 -0.0006746
9 6 3 3 0.0000000
9 6 4 0 -0.0000000
9 6 4 1 -0.0000000
9 6 4 2 0.0025056
9 6 4 3 -0.0000000
9 6 4 4 0.0000000
9 6 5 0 -0.0000000
9 6 5 1 0.0000000
9 6 5 2 0.0002827
9 6 5 3 0.0000000
9 6 5 4 0.0000000
9 6 5 5 0.0000000
9 6 6 0 0.0000942
9 6 6 1 -0.0015501
9 6 6 2 0.0000000
9 6 6 3 0.0001282
9 6 6 4 -0.0030019
9 6 6 5 -0.0011909
9 6 6 6 -0.0000000
9 6 7 0 0.0000000
9 6 7 1 0.0000000
9 6 7 2 -0.0004288
9 6 7 3 0.0000000
9 6 7 4 -0.0000000
9 6 7 5 0.0000000
9 6 7 6 -0.0000307
9 6 7 7 -0.0000000
9 6 8 0 -0.0000114
9 6 8 1 0.0019441
9 6 8 2 0.0000000
9 6 8 3 0.0011582
9 6 8 4 -0.0009627
9 6 8 5 0.0024957
9 6 8 6 0.0000000
9 6 8 7 -0.0001149
9 6 8 8 -0.0000000
9 6 9 0 -0.0000000
9 6 9 1 0.0000000
9 6 9 2 -0.0012641
9 6 9 3 0.0000000
9 6 9 4 -0.0000000
9 6 9 5 0.0000000
9 6 9 6 0.0012131
9 6 9 7 0.0000000
9 6 9 8 0.0037747
9 6 9 9 -0.0000000
9 7 0 0 -0.0009793
9 7 1 0 0.0000853
9 7 1 1 0.0008610
9 7 2 0 -0.0000000
9 7 2 1 -0.0000000
9 7 2 2 0.0002104
9 7 3 0 -0.0000318
9 7 3 1 -0.0002754
9 7 3 2 -0.0000000
9 7 3 3 -0.0003513
9 7 4 0 -0.0000457
9 7 4 1 0.0001706
9 7 4 2 -0.0000000
9 7 4 3 0.0000774
9 7 4 4 0.0003984
9 7 5 0 -0.0000828
9 7 5 1 0.0003489
9 7 5 2 0.0000000
9 7 5 3 0.0001054
9 7 5 4 0.0004196
9 7 5 5 0.0000978
9 7 6 0 -0.0000000
9 7 6 1 0.0000000
9 7 6 2 -0.0007368
9 7 6 3 0.0000000
9 7 6 4 0.0000000
9 7 6 5 -0.0000000
9 7 6 6 0.0002856
9 7 7 0 0.0000534
9 7 7 1 0.0009108
9 7 7 2 0.0000000
9 7 7 3 0.0007744
9 7 7 4 -0.0018409
9 7 7 5 0.0014468
9 7 7 6 0.0000000
9 7 7 7 -0.0001770
9 7 8 0 -0.0000000
9 7 8 1 0.0000000
9 7 8 2 0.0002532
9 7 8 3 -0.0000000
9 7 8 4 -0.0000000
9 7 8 5 0.0000000
9 7 8 6 -0.0003924
9 7 8 7 0.0000000
9 7 8 8 0.0000624
9 7 9 0 0.0000184
9 7 9 1 0.0006978
9 7 9 2 -0.0000000
9 7 9 3 -0.0006116
9 7 9 4 -0.0004670
9 7 9 5 0.0008938
9 7 9 6 0.0000000
9 7 9 7 0.0091562
9 7 9 8 -0.0000000
9 7 9 9 -0.0149379
9 8 0 0 0.0000000
9 8 1 0 -0.0000000
9 8 1 1 -0.0000000
9 8 2 0 -0.0001084
9 8 2 1 -0.0032469
9 8 2 2 0.0000000
9 8 3 0 0.0000000
9 8 3 1 0.0000000
9 8 3 2 0.0001864
9 8 3 3 -0.0000000
9 8 4 0 -0.0000000
9 8 4 1 -0.0000000
9 8 4 2 -0.0019129
9 8 4 3 0.0000000
9 8 4 4 0.0000000
9 8 5 0 0.0000000
9 8 5 1 -0.0000000
9 8 5 2 -0.0015658
9 8 5 3 0.0000000
9 8 5 4 -0.0000000
9 8 5 5 -0.0000000
9 8 6 0 -0.0001544
9 8 6 1 0.0025106
9 8 6 2 -0.0000000
9 8 6 3 0.0005113
9 8 6 4 0.0027157
9 8 6 5 0.0028468
9 8 6 6 0.0000000
9 8 7 0 -0.0000000
9 8 7 1 0.0000000
9 8 7 2 0.0004591
9 8 7 3 -0.0000000
9 8 7 4 0.0000000
9 8 7 5 -0.0000000
9 8 7 6 0.0000576
9 8 7 7 0.0000000
9 8 8 0 0.0000159
9 8 8 1 0.0001279
9 8 8 2 0.0000000
9 8 8 3 0.0014340
9 8 8 4 -0.0042471
9 8 8 5 0.0013988
9 8 8 6 0.0000000
9 8 8 7 0.0004312
9 8 8 8 0.0000000
9 8 9 0 0.0000000
9 8 9 1 -0.0000000
9 8 9 2 -0.0041463
9 8 9 3 0.0000000
9 8 9 4 0.0000000
9 8 9 5 -0.0000000
9 8 9 6 0.0037747
9 8 9 7 -0.0000000
9 8 9 8 0.0145315
9 8 9 9 -0.0000000
9 9 0 0 0.3431400
9 9 1 0 0.0037619
9 9 1 1 0.4989095
9 9 2 0 0.0000000
9 9 2 1 0.0000000
9 9 2 2 0.3704048
9 9 3 0 0.0048515
9 9 3 1 0.1166119
9 9 3 2 -0.0000000
9 9 3 3 0.3844754
9 9 4 0 0.0009925
9 9 4 1 -0.1315769
9 9 4 2 -0.0000000
9 9 4 3 -0.1527158
9 9 4 4 0.5519074
9 9 5 0 -0.0083273
9 9 5 1 0.1240605
9 9 5 2 0.0000000
9 9 5 3 0.1385534
9 9 5 4 -0.1864956
9 9 5 5 0.6019910
9 9 6 0 -0.0000000
9 9 6 1 0.0000000
9 9 6 2 -0.0550895
9 9 6 3 0.0000000
9 9 6 4 -0.0000000
9 9 6 5 0.0000000
9 9 6 6 0.3651648
9 9 7 0 0.0020312
9 9 7 1 0.0097724
9 9 7 2 -0.0000000
9 9 7 3 -0.0469500
9 9 7 4 0.0053570
9 9 7 5 0.0155187
9 9 7 6 0.0000000
9 9 7 7 0.6182418
9 9 8 0 0.0000000
9 9 8 1 -0.0000000
9 9 8 2 -0.1068979
9 9 8 3 0.0000000
9 9 8 4 0.0000000
9 9 8 5 -0.0000000
9 9 8 6 0.0920758
9 9 8 7 -0.0000000
9 9 8 8 0.8416887
9 9 9 0 0.0027323
9 9 9 1 -0.0149361
9 9 9 2 -0.0000000
9 9 9 3 -0.0638932
9 9 9 4 0.1467615
9 9 9 5 -0.0993314
9 9 9 6 -0.0000000
9 9 9 7 -0.0149379
9 9 9 8 -0.0000000
9 9 9 9 3.4993853
10 0 0 0 0.0250965
10 0 1 0 -0.0009881
10 0 1 1 0.0026538
10 0 2 0 0.0000000
10 0 2 1 -0.0000000
10 0 2 2 0.0012839
10 0 3 0 0.0009368
10 0 3 1 -0.0015242
10 0 3 2 0.0000000
10 0 3 3 0.0025060
10 0 4 0 0.0009009
10 0 4 1 -0.0009773
10 0 4 2 0.0000000
10 0 4 3 0.0012393
10 0 4 4 0.0013329
10 0 5 0 0.0013491
10 0 5 1 -0.0021280
10 0 5 2 0.0000000
10 0 5 3 0.0008968
10 0 5 4 0.0012547
10 0 5 5 0.0022844
10 0 6 0 0.0000000
10 0 6 1 -0.0000000
10 0 6 2 0.0004569
10 0 6 3 0.0000000
10 0 6 4 0.0000000
10 0 6 5 0.0000000
10 0 6 6 0.0010764
10 0 7 0 0.0027169
10 0 7 1 0.0004020
10 0 7 2 -0.0000000
10 0 7 3 -0.0005117
10 0 7 4 -0.0004664
10 0 7 5 -0.0007198
10 0 7 6 -0.0000000
10 0 7 7 -0.0012115
10 0 8 0 -0.0000000
10 0 8 1 0.0000000
10 0 8 2 0.0003475
10 0 8 3 -0.0000000
10 0 8 4 -0.0000000
10 0 8 5 0.0000000
10 0 8 6 -0.0001995
10 0 8 7 0.0000000
10 0 8 8 -0.0006588
10 0 9 0 -0.0000359
10 0 9 1 -0.0000598
10 0 9 2 0.0000000
10 0 9 3 0.0000148
10 0 9 4 -0.0000121
10 0 9 5 0.0000246
10 0 9 6 0.0000000
10 0 9 7 0.0000114
10 0 9 8 0.0000000
10 0 9 9 -0.0008069
10 0 10 0 0.0006750
10 0 10 1 0.0005176
10 0 10 2 -0.0000000
10 0 10 3 -0.0000970
10 0 10 4 -0.0001934
10 0 10 5 -0.0000530
10 0 10 6 -0.0000000
10 0 10 7 0.0000144
10 0 10 8 0.0000000
10 0 10 9 -0.0000062
10 0 10 10 -0.0010814
10 1 0 0 0.0329459
10 1 1 0 0.0009631
10 1 1 1 0.0323445
10 1 2 0 -0.0000000
10 1 2 1 -0.0000000
10 1 2 2 0.0249386
10 1 3 0 -0.0006477
10 1 3 1 -0.0051407
10 1 3 2 0.0000000
10 1 3 3 0.0256068
10 1 4 0 -0.0005506
10 1 4 1 -0.0000411
10 1 4 2 0.0000000
10 1 4 3 0.0034610
10 1 4 4 0.0258546
10 1 5 0 -0.0009483
10 1 5 1 -0.0114152
10 1 5 2 0.0000000
10 1 5 3 -0.0007171
10 1 5 4 0.0084325
10 1 5 5 0.0213398
10 1 6 0 -0.0000000
10 1 6 1 -0.0000000
10 1 6 2 0.0005270
10 1 6 3 -0.0000000
10 1 6 4 0.0000000
10 1 6 5 -0.0000000
10 1 6 6 0.0251206
10 1 7 0 0.0009276
10 1 7 1 -0.0008728
10 1 7 2 0.0000000
10 1 7 3 -0.0003795
10 1 7 4 -0.0002618
10 1 7 5 -0.0051978
10 1 7 6 -0.0000000
10 1 7 7 -0.0024928
10 1 8 0 -0.0000000
10 1 8 1 0.0000000
10 1 8 2 0.0112819
10 1 8 3 -0.0000000
10 1 8 4 -0.0000000
10 1 8 5 0.0000000
10 1 8 6 -0.0095030
10 1 8 7 -0.0000000
10 1 8 8 -0.0118474
10 1 9 0 -0.0001145
10 1 9 1 -0.0010911
10 1 9 2 0.0000000
10 1 9 3 0.0012450
10 1 9 4 -0.0035217
10 1 9 5 0.0020920
10 1 9 6 0.0000000
10 1 9 7 0.0003139
10 1 9 8 -0.0000000
10 1 9 9 -0.0405944
10 1 10 0 0.0005176
10 1 10 1 0.0209247
10 1 10 2 0.0000000
10 1 10 3 0.0097915
10 1 10 4 -0.0107413
10 1 10 5 0.0202785
10 1 10 6 0.0000000
10 1 10 7 0.0017769
10 1 10 8 -0.0000000
10 1 10 9 -0.0002107
10 1 10 10 -0.0530404
10 2 0 0 -0.0000000
10 2 1 0 -0.0000000
10 2 1 1 -0.0000000
10 2 2 0 -0.0007057
10 2 2 1 -0.0000209
10 2 2 2 0.0000000
10 2 3 0 0.0000000
10 2 3 1 0.0000000
10 2 3 2 0.0008174
10 2 3 3 0.0000000
10 2 4 0 0.0000000
10 2 4 1 -0.0000000
10 2 4 2 0.0007391
10 2 4 3 -0.0000000
10 2 4 4 0.0000000
10 2 5 0 0.0000000
10 2 5 1 0.0000000
10 2 5 2 0.0014974
10 2 5 3 -0.0000000
10 2 5 4 -0.0000000
10 2 5 5 0.0000000
10 2 6 0 -0.0010089
10 2 6 1 -0.0016416
10 2 6 2 0.0000000
10 2 6 3 0.0017547
10 2 6 4 -0.0004983
10 2 6 5 -0.0001408
10 2 6 6 0.0000000
10 2 7 0 -0.0000000
10 2 7 1 -0.0000000
10 2 7 2 0.0034489
10 2 7 3 -0.0000000
10 2 7 4 0.0000000
10 2 7 5 -0.0000000
10 2 7 6 0.0032461
10 2 7 7 0.0000000
10 2 8 0 0.0000851
10 2 8 1 -0.0002175
10 2 8 2 -0.0000000
10 2 8 3 -0.0020497
10 2 8 4 0.0041049
10 2 8 5 -0.0038696
10 2 8 6 -0.0000000
10 2 8 7 -0.0006525
10 2 8 8 0.0000000
10 2 9 0 0.0000000
10 2 9 1 0.0000000
10 2 9 2 0.0004481
10 2 9 3 0.0000000
10 2 9 4 -0.0000000
10 2 9 5 0.0000000
10 2 9 6 -0.0005658
10 2 9 7 -0.0000000
10 2 9 8 -0.0008921
10 2 9 9 0.0000000
10 2 10 0 -0.0000000
10 2 10 1 0.0000000
10 2 10 2 0.0068544
10 2 10 3 0.0000000
10 2 10 4 -0.0000000
10 2 10 5 0.0000000
10 2 10 6 -0.0042979
10 2 10 7 -0.0000000
10 2 10 8 -0.0228051
10 2 10 9 0.0000000
10 2 10 10 -0.0000000
10 3 0 0 0.0092883
10 3 1 0 -0.0007215
10 3 1 1 0.0090273
10 3 2 0 0.0000000
10 3 2 1 0.0000000
10 3 2 2 0.0079047
10 3 3 0 -0.0002846
10 3 3 1 0.0030916
10 3 3 2 0.0000000
10 3 3 3 0.0108345
10 3 4 0 0.0001799
10 3 4 1 -0.0015823
10 3 4 2 -0.0000000
10 3 4 3 -0.0020630
10 3 4 4 0.0120720
10 3 5 0 0.0012660
10 3 5 1 0.0019658
10 3 5 2 -0.0000000
10 3 5 3 -0.0007040
10 3 5 4 -0.0040945
10 3 5 5 0.0084225
10 3 6 0 0.0000000
10 3 6 1 0.0000000
10 3 6 2 0.0015356
10 3 6 3 -0.0000000
10 3 6 4 -0.0000000
10 3 6 5 -0.0000000
10 3 6 6 0.0094000
10 3 7 0 -0.0004612
10 3 7 1 -0.0013975
10 3 7 2 -0.0000000
10 3 7 3 0.0026169
10 3 7 4 0.0048840
10 3 7 5 -0.0046789
10 3 7 6 -0.0000000
10 3 7 7 0.0068573
10 3 8 0 -0.0000000
10 3 8 1 0.0000000
10 3 8 2 0.0024095
10 3 8 3 -0.0000000
10 3 8 4 -0.0000000
10 3 8 5 0.0000000
10 3 8 6 -0.0023868
10 3 8 7 0.0000000
10 3 8 8 0.0043805
10 3 9 0 -0.0000269
10 3 9 1 0.0001070
10 3 9 2 0.0000000
10 3 9 3 0.0009977
10 3 9 4 -0.0023292
10 3 9 5 0.0017265
10 3 9 6 0.0000000
10 3 9 7 -0.0001761
10 3 9 8 0.0000000
10 3 9 9 -0.0068627
10 3 10 0 -0.0000970
10 3 10 1 0.0097915
10 3 10 2 0.0000000
10 3 10 3 0.0089692
10 3 10 4 -0.0087298
10 3 10 5 0.0128963
10 3 10 6 0.0000000
10 3 10 7 -0.0095089
10 3 10 8 0.0000000
10 3 10 9 0.0011903
10 3 10 10 -0.0152421
10 4 0 0 -0.0131232
10 4 1 0 -0.0010115
10 4 1 1 -0.0224397
10 4 2 0 0.0000000
10 4 2 1 -0.0000000
10 4 2 2 -0.0090242
10 4 3 0 -0.0000698
10 4 3 1 -0.0048605
10 4 3 2 -0.0000000
10 4 3 3 -0.0145997
10 4 4 0 0.0002806
10 4 4 1 0.0122134
10 4 4 2 0.0000000
10 4 4 3 0.0074280
10 4 4 4 -0.0195467
10 4 5 0 0.0014802
10 4 5 1 0.0003209
10 4 5 2 -0.0000000
10 4 5 3 -0.0081419
10 4 5 4 0.0085829
10 4 5 5 -0.0228437
10 4 6 0 0.0000000
10 4 6 1 -0.0000000
10 4 6 2 -0.0011837
10 4 6 3 -0.0000000
10 4 6 4 0.0000000
10 4 6 5 -0.0000000
10 4 6 6 -0.0066019
10 4 7 0 -0.0007986
10 4 7 1 0.0007353
10 4 7 2 0.0000000
10 4 7 3 0.0056644
10 4 7 4 -0.0032901
10 4 7 5 0.0032036
10 4 7 6 0.0000000
10 4 7 7 -0.0174094
10 4 8 0 -0.0000000
10 4 8 1 -0.0000000
10 4 8 2 0.0012945
10 4 8 3 -0.0000000
10 4 8 4 -0.0000000
10 4 8 5 0.0000000
10 4 8 6 -0.0015411
10 4 8 7 0.0000000
10 4 8 8 -0.0221173
10 4 9 0 0.0000358
10 4 9 1 -0.0007671
10 4 9 2 -0.0000000
10 4 9 3 -0.0015827
10 4 9 4 0.0028708
10 4 9 5 -0.0029483
10 4 9 6 -0.0000000
10 4 9 7 0.0002257
10 4 9 8 0.0000000
10 4 9 9 -0.0164306
10 4 10 0 -0.0001934
10 4 10 1 -0.0107413
10 4 10 2 -0.0000000
10 4 10 3 -0.0087298
10 4 10 4 0.0131529
10 4 10 5 -0.0147832
10 4 10 6 -0.0000000
10 4 10 7 0.0118041
10 4 10 8 0.0000000
10 4 10 9 -0.0030834
10 4 10 10 -0.0003975
10 5 0 0 0.0153563
10 5 1 0 -0.0000924
10 5 1 1 0.0220522
10 5 2 0 0.0000000
10 5 2 1 0.0000000
10 5 2 2 0.0176788
10 5 3 0 0.0019496
10 5 3 1 0.0063179
10 5 3 2 -0.0000000
10 5 3 3 0.0101733
10 5 4 0 0.0007048
10 5 4 1 0.0009319
10 5 4 2 -0.0000000
10 5 4 3 -0.0081173
10 5 4 4 0.0241971
10 5 5 0 -0.0010818
10 5 5 1 -0.0002223
10 5 5 2 0.0000000
10 5 5 3 -0.0002962
10 5 5 4 0.0002040
10 5 5 5 0.0193269
10 5 6 0 0.0000000
10 5 6 1 -0.0000000
10 5 6 2 -0.0035124
10 5 6 3 0.0000000
10 5 6 4 -0.0000000
10 5 6 5 -0.0000000
10 5 6 6 0.0186392
10 5 7 0 -0.0007203
10 5 7 1 -0.0043925
10 5 7 2 -0.0000000
10 5 7 3 -0.0027520
10 5 7 4 0.0011461
10 5 7 5 0.0022994
10 5 7 6 -0.0000000
10 5 7 7 0.0069144
10 5 8 0 0.0000000
10 5 8 1 0.0000000
10 5 8 2 0.0070853
10 5 8 3 -0.0000000
10 5 8 4 0.0000000
10 5 8 5 0.0000000
10 5 8 6 -0.0067507
10 5 8 7 -0.0000000
10 5 8 8 0.0070521
10 5 9 0 -0.0000677
10 5 9 1 -0.0000473
10 5 9 2 0.0000000
10 5 9 3 0.0019551
10 5 9 4 -0.0049394
10 5 9 5 0.0033669
10 5 9 6 0.0000000
10 5 9 7 0.0001279
10 5 9 8 -0.0000000
10 5 9 9 -0.0293025
10 5 10 0 -0.0000530
10 5 10 1 0.0202785
10 5 10 2 0.0000000
10 5 10 3 0.0128963
10 5 10 4 -0.0147832
10 5 10 5 0.0276781
10 5 10 6 0.0000000
10 5 10 7 -0.0033744
10 5 10 8 -0.0000000
10 5 10 9 0.0002696
10 5 10 10 -0.0439469
10 6 0 0 0.0000000
10 6 1 0 -0.0000000
10 6 1 1 0.0000000
10 6 2 0 -0.0013297
10 6 2 1 -0.0084910
10 6 2 2 0.0000000
10 6 3 0 0.0000000
10 6 3 1 0.0000000
10 6 3 2 0.0039540
10 6 3 3 0.0000000
10 6 4 0 0.0000000
10 6 4 1 -0.0000000
10 6 4 2 -0.0061174
10 6 4 3 -0.0000000
10 6 4 4 0.0000000
10 6 5 0 0.0000000
10 6 5 1 -0.0000000
10 6 5 2 -0.0005742
10 6 5 3 -0.0000000
10 6 5 4 -0.0000000
10 6 5 5 0.0000000
10 6 6 0 -0.0019074
10 6 6 1 0.0032577
10 6 6 2 -0.0000000
10 6 6 3 0.0024675
10 6 6 4 0.0090705
10 6 6 5 0.0054751
10 6 6 6 0.0000000
10 6 7 0 -0.0000000
10 6 7 1 -0.0000000
10 6 7 2 0.0043854
10 6 7 3 -0.0000000
10 6 7 4 0.0000000
10 6 7 5 -0.0000000
10 6 7 6 0.0045249
10 6 7 7 0.0000000
10 6 8 0 -0.0000992
10 6 8 1 -0.0031522
10 6 8 2 0.0000000
10 6 8 3 0.0006851
10 6 8 4 -0.0044411
10 6 8 5 0.0004865
10 6 8 6 -0.0000000
10 6 8 7 0.0013593
10 6 8 8 0.0000000
10 6 9 0 -0.0000000
10 6 9 1 -0.0000000
10 6 9 2 -0.0002983
10 6 9 3 0.0000000
10 6 9 4 -0.0000000
10 6 9 5 0.0000000
10 6 9 6 0.0002876
10 6 9 7 0.0000000
10 6 9 8 0.0014394
10 6 9 9 -0.0000000
10 6 10 0 -0.0000000
10 6 10 1 0.0000000
10 6 10 2 -0.0042979
10 6 10 3 0.0000000
10 6 10 4 -0.0000000
10 6 10 5 0.0000000
10 6 10 6 0.0058185
10 6 10 7 -0.0000000
10 6 10 8 0.0158318
10 6 10 9 0.0000000
10 6 10 10 -0.0000000
10 7 0 0 0.0551939
10 7 1 0 -0.0026340
10 7 1 1 -0.0068154
10 7 2 0 0.0000000
10 7 2 1 0.0000000
10 7 2 2 0.0126159
10 7 3 0 0.0015418
10 7 3 1 -0.0034394
10 7 3 2 0.0000000
10 7 3 3 0.0178799
10 7 4 0 0.0013305
10 7 4 1 0.0037298
10 7 4 2 0.0000000
10 7 4 3 0.0171923
10 7 4 4 -0.0130391
10 7 5 0 0.0027665
10 7 5 1 -0.0191506
10 7 5 2 -0.0000000
10 7 5 3 -0.0199113
10 7 5 4 0.0083166
10 7 5 5 0.0016974
10 7 6 0 0.0000000
10 7 6 1 -0.0000000
10 7 6 2 0.0229846
10 7 6 3 -0.0000000
10 7 6 4 0.0000000
10 7 6 5 -0.0000000
10 7 6 6 0.0140881
10 7 7 0 -0.0023863
10 7 7 1 0.0026856
10 7 7 2 0.0000000
10 7 7 3 0.0158072
10 7 7 4 -0.0175695
10 7 7 5 0.0183898
10 7 7 6 0.0000000
10 7 7 7 0.0054839
10 7 8 0 -0.0000000
10 7 8 1 0.0000000
10 7 8 2 0.0057069
10 7 8 3 -0.0000000
10 7 8 4 -0.0000000
10 7 8 5 0.0000000
10 7 8 6 -0.0007279
10 7 8 7 0.0000000
10 7 8 8 -0.0340626
10 7 9 0 -0.0000873
10 7 9 1 -0.0000936
10 7 9 2 0.0000000
10 7 9 3 0.0001061
10 7 9 4 -0.0011725
10 7 9 5 0.0009855
10 7 9 6 0.0000000
10 7 9 7 0.0002960
10 7 9 8 0.0000000
10 7 9 9 -0.0632212
10 7 10 0 0.0000144
10 7 10 1 0.0017769
10 7 10 2 -0.0000000
10 7 10 3 -0.0095089
10 7 10 4 0.0118041
10 7 10 5 -0.0033744
10 7 10 6 -0.0000000
10 7 10 7 0.0750995
10 7 10 8 -0.0000000
10 7 10 9 -0.0038252
10 7 10 10 -0.0676368
10 8 0 0 -0.0000000
10 8 1 0 0.0000000
10 8 1 1 0.0000000
10 8 2 0 0.0010749
10 8 2 1 0.0258684
10 8 2 2 -0.0000000
10 8 3 0 -0.0000000
10 8 3 1 -0.0000000
10 8 3 2 -0.0057118
10 8 3 3 0.0000000
10 8 4 0 0.0000000
10 8 4 1 0.0000000
10 8 4 2 0.0257003
10 8 4 3 -0.0000000
10 8 4 4 -0.0000000
10 8 5 0 -0.0000000
10 8 5 1 0.0000000
10 8 5 2 0.0033223
10 8 5 3 -0.0000000
10 8 5 4 0.0000000
10 8 5 5 0.0000000
10 8 6 0 0.0012580
10 8 6 1 -0.0188000
10 8 6 2 0.0000000
10 8 6 3 0.0000074
10 8 6 4 -0.0313991
10 8 6 5 -0.0158036
10 8 6 6 -0.0000000
10 8 7 0 0.0000000
10 8 7 1 -0.0000000
10 8 7 2 -0.0048843
10 8 7 3 0.0000000
10 8 7 4 0.0000000
10 8 7 5 -0.0000000
10 8 7 6 0.0013985
10 8 7 7 -0.0000000
10 8 8 0 -0.0004837
10 8 8 1 0.0207126
10 8 8 2 0.0000000
10 8 8 3 0.0155939
10 8 8 4 -0.0143586
10 8 8 5 0.0359489
10 8 8 6 0.0000000
10 8 8 7 -0.0012069
10 8 8 8 0.0000000
10 8 9 0 0.0000000
10 8 9 1 -0.0000000
10 8 9 2 -0.0025036
10 8 9 3 0.0000000
10 8 9 4 0.0000000
10 8 9 5 -0.0000000
10 8 9 6 0.0033184
10 8 9 7 -0.0000000
10 8 9 8 -0.0000316
10 8 9 9 -0.0000000
10 8 10 0 0.0000000
10 8 10 1 -0.0000000
10 8 10 2 -0.0228051
10 8 10 3 0.0000000
10 8 10 4 0.0000000
10 8 10 5 -0.0000000
10 8 10 6 0.0158318
10 8 10 7 -0.0000000
10 8 10 8 0.1090352
10 8 10 9 -0.0000000
10 8 10 10 -0.0000000
10 9 0 0 0.0125060
10 9 1 0 0.0002302
10 9 1 1 0.0232770
10 9 2 0 0.0000000
10 9 2 1 0.0000000
10 9 2 2 0.0135460
10 9 3 0 0.0003785
10 9 3 1 0.0103371
10 9 3 2 0.0000000
10 9 3 3 0.0175098
10 9 4 0 0.0001243
10 9 4 1 -0.0134959
10 9 4 2 -0.0000000
10 9 4 3 -0.0140622
10 9 4 4 0.0311327
10 9 5 0 -0.0006106
10 9 5 1 0.0102173
10 9 5 2 0.0000000
10 9 5 3 0.0122736
10 9 5 4 -0.0197317
10 9 5 5 0.0349266
10 9 6 0 -0.0000000
10 9 6 1 0.0000000
10 9 6 2 -0.0027968
10 9 6 3 0.0000000
10 9 6 4 -0.0000000
10 9 6 5 0.0000000
10 9 6 6 0.0125207
10 9 7 0 0.0001046
10 9 7 1 0.0010080
10 9 7 2 -0.0000000
10 9 7 3 -0.0031520
10 9 7 4 0.0005093
10 9 7 5 0.0016359
10 9 7 6 0.0000000
10 9 7 7 0.0335518
10 9 8 0 0.0000000
10 9 8 1 -0.0000000
10 9 8 2 -0.0094259
10 9 8 3 0.0000000
10 9 8 4 0.0000000
10 9 8 5 -0.0000000
10 9 8 6 0.0090791
10 9 8 7 -0.0000000
10 9 8 8 0.0496117
10 9 9 0 0.0002714
10 9 9 1 -0.0039628
10 9 9 2 -0.0000000
10 9 9 3 -0.0082316
10 9 9 4 0.0177074
10 9 9 5 -0.0139122
10 9 9 6 -0.0000000
10 9 9 7 -0.0036628
10 9 9 8 -0.0000000
10 9 9 9 0.3648303
10 9 10 0 -0.0000062
10 9 10 1 -0.0002107
10 9 10 2 0.0000000
10 9 10 3 0.0011903
10 9 10 4 -0.0030834
10 9 10 5 0.0002696
10 9 10 6 0.0000000
10 9 10 7 -0.0038252
10 9 10 8 -0.0000000
10 9 10 9 0.0530073
10 9 10 10 0.0389064
10 10 0 0 0.2902881
10 10 1 0 0.0022557
10 10 1 1 0.3817965
10 10 2 0 0.0000000
10 10 2 1 0.0000000
10 10 2 2 0.3076127
10 10 3 0 0.0028976
10 10 3 1 0.0591471
10 10 3 2 -0.0000000
10 10 3 3 0.2985602
10 10 4 0 0.0004540
10 10 4 1 -0.0573583
10 10 4 2 -0.0000000
10 10 4 3 -0.0731579
10 10 4 4 0.3845295
10 10 5 0 -0.0045941
10 10 5 1 0.0682127
10 10 5 2 0.0000000
10 10 5 3 0.0712945
10 10 5 4 -0.0764913
10 10 5 5 0.4218136
10 10 6 0 -0.0000000
10 10 6 1 0.0000000
10 10 6 2 -0.0398830
10 10 6 3 0.0000000
10 10 6 4 -0.0000000
10 10 6 5 0.0000000
10 10 6 6 0.3080108
10 10 7 0 0.0014308
10 10 7 1 0.0024592
10 10 7 2 -0.0000000
10 10 7 3 -0.0368887
10 10 7 4 0.0141481
10 10 7 5 -0.0015472
10 10 7 6 -0.0000000
10 10 7 7 0.4644443
10 10 8 0 0.0000000
10 10 8 1 -0.0000000
10 10 8 2 -0.0648975
10 10 8 3 0.0000000
10 10 8 4 0.0000000
10 10 8 5 -0.0000000
10 10 8 6 0.0509095
10 10 8 7 -0.0000000
10 10 8 8 0.6110799
10 10 9 0 0.0005261
10 10 9 1 0.0040011
10 10 9 2 -0.0000000
10 10 9 3 -0.0051297
10 10 9 4 0.0157245
10 10 9 5 -0.0078309
10 10 9 6 -0.0000000
10 10 9 7 -0.0004442
10 10 9 8 -0.0000000
10 10 9 9 0.8412153
10 10 10 0 -0.0010814
10 10 10 1 -0.0530404
10 10 10 2 -0.0000000
10 10 10 3 -0.0152421
10 10 10 4 -0.0003975
10 10 10 5 -0.0439469
10 10 10 6 -0.0000000
10 10 10 7 -0.0676368
10 10 10 8 -0.0000000
10 10 10 9 0.0389064
10 10 10 10 0.7072812
11 0 0 0 -0.0814051
11 0 1 0 0.0034227
11 0 1 1 -0.0069940
11 0 2 0 -0.0000000
11 0 2 1 0.0000000
11 0 2 2 -0.0006934
11 0 3 0 -0.0029002
11 0 3 1 0.0052680
11 0 3 2 -0.0000000
11 0 3 3 -0.0046596
11 0 4 0 -0.0031008
11 0 4 1 0.0035249
11 0 4 2 -0.0000000
11 0 4 3 -0.0029068
11 0 4 4 -0.0038345
11 0 5 0 -0.0050825
11 0 5 1 0.0044431
11 0 5 2 -0.0000000
11 0 5 3 -0.0057629
11 0 5 4 -0.0035727
11 0 5 5 -0.0044228
11 0 6 0 -0.0000000
11 0 6 1 0.0000000
11 0 6 2 0.0016963
11 0 6 3 -0.0000000
11 0 6 4 -0.0000000
11 0 6 5 -0.0000000
11 0 6 6 0.0005806
11 0 7 0 -0.0111449
11 0 7 1 -0.0016358
11 0 7 2 0.0000000
11 0 7 3 0.0024743
11 0 7 4 0.0016664
11 0 7 5 0.0033041
11 0 7 6 0.0000000
11 0 7 7 0.0064503
11 0 8 0 0.0000000
11 0 8 1 -0.0000000
11 0 8 2 -0.0001479
11 0 8 3 0.0000000
11 0 8 4 0.0000000
11 0 8 5 -0.0000000
11 0 8 6 0.0002325
11 0 8 7 0.0000000
11 0 8 8 -0.0008640
11 0 9 0 0.0001215
11 0 9 1 0.0000939
11 0 9 2 -0.0000000
11 0 9 3 -0.0000626
11 0 9 4 -0.0000215
11 0 9 5 -0.0000564
11 0 9 6 -0.0000000
11 0 9 7 -0.0000475
11 0 9 8 0.0000000
11 0 9 9 -0.0008104
11 0 10 0 -0.0026931
11 0 10 1 -0.0010969
11 0 10 2 0.0000000
11 0 10 3 0.0004949
11 0 10 4 0.0007589
11 0 10 5 0.0007477
11 0 10 6 0.0000000
11 0 10 7 0.0020173
11 0 10 8 0.0000000
11 0 10 9 0.0000017
11 0 10 10 -0.0005743
11 0 11 0 0.0110477
11 0 11 1 0.0033402
11 0 11 2 -0.0000000
11 0 11 3 -0.0019785
11 0 11 4 -0.0025636
11 0 11 5 -0.0034647
11 0 11 6 -0.0000000
11 0 11 7 -0.0071450
11 0 11 8 0.0000000
11 0 11 9 -0.0000719
11 0 11 10 -0.0010756
11 0 11 11 0.0067897
11 1 0 0 -0.0091904
11 1 1 0 -0.0018789
11 1 1 1 -0.0084213
11 1 2 0 0.0000000
11 1 2 1 0.0000000
11 1 2 2 0.0016351
11 1 3 0 0.0050580
11 1 3 1 0.0218619
11 1 3 2 -0.0000000
11 1 3 3 -0.0153256
11 1 4 0 0.0023087
11 1 4 1 0.0044170
11 1 4 2 -0.0000000
11 1 4 3 -0.0148993
11 1 4 4 -0.0012274
11 1 5 0 -0.0003768
11 1 5 1 0.0079571
11 1 5 2 -0.0000000
11 1 5 3 -0.0098959
11 1 5 4 -0.0080362
11 1 5 5 0.0042736
11 1 6 0 0.0000000
11 1 6 1 0.0000000
11 1 6 2 0.0013466
11 1 6 3 -0.0000000
11 1 6 4 -0.0000000
11 1 6 5 0.0000000
11 1 6 6 0.0000471
11 1 7 0 -0.0031370
11 1 7 1 -0.0020424
11 1 7 2 0.0000000
11 1 7 3 0.0059105
11 1 7 4 -0.0084585
11 1 7 5 0.0252454
11 1 7 6 0.0000000
11 1 7 7 0.0119758
11 1 8 0 0.0000000
11 1 8 1 0.0000000
11 1 8 2 -0.0001163
11 1 8 3 0.0000000
11 1 8 4 0.0000000
11 1 8 5 -0.0000000
11 1 8 6 0.0016936
11 1 8 7 -0.0000000
11 1 8 8 0.0081726
11 1 9 0 0.0000528
11 1 9 1 0.0007195
11 1 9 2 -0.0000000
11 1 9 3 -0.0000489
11 1 9 4 -0.0007657
11 1 9 5 0.0006504
11 1 9 6 0.0000000
11 1 9 7 0.0003574
11 1 9 8 -0.0000000
11 1 9 9 0.0086614
11 1 10 0 -0.0008251
11 1 10 1 -0.0037319
11 1 10 2 0.0000000
11 1 10 3 0.0001616
11 1 10 4 0.0011254
11 1 10 5 0.0060214
11 1 10 6 0.0000000
11 1 10 7 0.0118596
11 1 10 8 -0.0000000
11 1 10 9 0.0020011
11 1 10 10 -0.0089384
11 1 11 0 0.0033402
11 1 11 1 0.0279897
11 1 11 2 0.0000000
11 1 11 3 0.0100344
11 1 11 4 -0.0147888
11 1 11 5 -0.0065907
11 1 11 6 0.0000000
11 1 11 7 -0.0005646
11 1 11 8 -0.0000000
11 1 11 9 -0.0000290
11 1 11 10 0.0066174
11 1 11 11 0.0195759
11 2 0 0 0.0000000
11 2 1 0 0.0000000
11 2 1 1 0.0000000
11 2 2 0 0.0046643
11 2 2 1 0.0176633
11 2 2 2 -0.0000000
11 2 3 0 -0.0000000
11 2 3 1 -0.0000000
11 2 3 2 -0.0092604
11 2 3 3 0.0000000
11 2 4 0 -0.0000000
11 2 4 1 -0.0000000
11 2 4 2 0.0083925
11 2 4 3 -0.0000000
11 2 4 4 0.0000000
11 2 5 0 -0.0000000
11 2 5 1 -0.0000000
11 2 5 2 -0.0054293
11 2 5 3 0.0000000
11 2 5 4 0.0000000
11 2 5 5 0.0000000
11 2 6 0 0.0066163
11 2 6 1 0.0017097
11 2 6 2 -0.0000000
11 2 6 3 -0.0091552
11 2 6 4 -0.0128750
11 2 6 5 -0.0102253
11 2 6 6 -0.0000000
11 2 7 0 0.0000000
11 2 7 1 -0.0000000
11 2 7 2 -0.0165386
11 2 7 3 0.0000000
11 2 7 4 -0.0000000
11 2 7 5 0.0000000
11 2 7 6 -0.0182099
11 2 7 7 -0.0000000
11 2 8 0 0.0001351
11 2 8 1 0.0040926
11 2 8 2 0.0000000
11 2 8 3 0.0009524
11 2 8 4 0.0026016
11 2 8 5 0.0003109
11 2 8 6 -0.0000000
11 2 8 7 -0.0036421
11 2 8 8 0.0000000
11 2 9 0 -0.0000000
11 2 9 1 -0.0000000
11 2 9 2 -0.0000556
11 2 9 3 0.0000000
11 2 9 4 -0.0000000
11 2 9 5 0.0000000
11 2 9 6 0.0000770
11 2 9 7 0.0000000
11 2 9 8 -0.0005478
11 2 9 9 -0.0000000
11 2 10 0 0.0000000
11 2 10 1 0.0000000
11 2 10 2 -0.0022332
11 2 10 3 -0.0000000
11 2 10 4 -0.0000000
11 2 10 5 0.0000000
11 2 10 6 -0.0054719
11 2 10 7 0.0000000
11 2 10 8 -0.0035876
11 2 10 9 -0.0000000
11 2 10 10 -0.0000000
11 2 11 0 -0.0000000
11 2 11 1 0.0000000
11 2 11 2 0.0198699
11 2 11 3 0.0000000
11 2 11 4 0.0000000
11 2 11 5 -0.0000000
11 2 11 6 0.0166766
11 2 11 7 0.0000000
11 2 11 8 -0.0008166
11 2 11 9 0.0000000
11 2 11 10 0.0000000
11 2 11 11 0.0000000
11 3 0 0 0.0188035
11 3 1 0 0.0039633
11 3 1 1 0.0347822
11 3 2 0 -0.0000000
11 3 2 1 -0.0000000
11 3 2 2 0.0132389
11 3 3 0 0.0035651
11 3 3 1 0.0037667
11 3 3 2 0.0000000
11 3 3 3 0.0030189
11 3 4 0 -0.0002366
11 3 4 1 -0.0084564
11 3 4 2 -0.0000000
11 3 4 3 -0.0095988
11 3 4 4 0.0177975
11 3 5 0 -0.0080143
11 3 5 1 -0.0140530
11 3 5 2 0.0000000
11 3 5 3 0.0078585
11 3 5 4 0.0082927
11 3 5 5 0.0316595
11 3 6 0 -0.0000000
11 3 6 1 -0.0000000
11 3 6 2 -0.0062384
11 3 6 3 0.0000000
11 3 6 4 0.0000000
11 3 6 5 0.0000000
11 3 6 6 0.0062336
11 3 7 0 0.0019409
11 3 7 1 0.0025146
11 3 7 2 0.0000000
11 3 7 3 -0.0156849
11 3 7 4 -0.0146807
11 3 7 5 0.0189098
11 3 7 6 0.0000000
11 3 7 7 0.0017508
11 3 8 0 -0.0000000
11 3 8 1 -0.0000000
11 3 8 2 0.0036861
11 3 8 3 -0.0000000
11 3 8 4 -0.0000000
11 3 8 5 0.0000000
11 3 8 6 -0.0015526
11 3 8 7 0.0000000
11 3 8 8 0.0099469
11 3 9 0 -0.0000628
11 3 9 1 -0.0002506
11 3 9 2 0.0000000
11 3 9 3 0.0003965
11 3 9 4 -0.0010697
11 3 9 5 0.0011032
11 3 9 6 0.0000000
11 3 9 7 0.0008390
11 3 9 8 0.0000000
11 3 9 9 0.0001393
11 3 10 0 0.0006236
11 3 10 1 0.0045843
11 3 10 2 -0.0000000
11 3 10 3 -0.0038255
11 3 10 4 -0.0028427
11 3 10 5 0.0065416
11 3 10 6 0.0000000
11 3 10 7 0.0058953
11 3 10 8 0.0000000
11 3 10 9 0.0001841
11 3 10 10 -0.0085289
11 3 11 0 -0.0019785
11 3 11 1 0.0100344
11 3 11 2 0.0000000
11 3 11 3 0.0297856
11 3 11 4 -0.0017761
11 3 11 5 -0.0044400
11 3 11 6 -0.0000000
11 3 11 7 0.0061753
11 3 11 8 0.0000000
11 3 11 9 0.0004318
11 3 11 10 0.0027947
11 3 11 11 0.0123484
11 4 0 0 -0.0083658
11 4 1 0 0.0026575
11 4 1 1 0.0083300
11 4 2 0 -0.0000000
11 4 2 1 -0.0000000
11 4 2 2 0.0016747
11 4 3 0 -0.0013879
11 4 3 1 -0.0097528
11 4 3 2 -0.0000000
11 4 3 3 -0.0039161
11 4 4 0 -0.0013723
11 4 4 1 0.0004748
11 4 4 2 0.0000000
11 4 4 3 0.0012970
11 4 4 4 0.0037127
11 4 5 0 -0.0030771
11 4 5 1 -0.0041901
11 4 5 2 0.0000000
11 4 5 3 0.0098515
11 4 5 4 0.0076739
11 4 5 5 -0.0009803
11 4 6 0 -0.0000000
11 4 6 1 -0.0000000
11 4 6 2 -0.0068818
11 4 6 3 0.0000000
11 4 6 4 0.0000000
11 4 6 5 -0.0000000
11 4 6 6 -0.0018031
11 4 7 0 0.0025622
11 4 7 1 -0.0044268
11 4 7 2 -0.0000000
11 4 7 3 -0.0140763
11 4 7 4 0.0085909
11 4 7 5 -0.0145875
11 4 7 6 -0.0000000
11 4 7 7 -0.0124470
11 4 8 0 0.0000000
11 4 8 1 0.0000000
11 4 8 2 0.0009547
11 4 8 3 -0.0000000
11 4 8 4 -0.0000000
11 4 8 5 0.0000000
11 4 8 6 -0.0018180
11 4 8 7 0.0000000
11 4 8 8 -0.0006801
11 4 9 0 -0.0000228
11 4 9 1 -0.0007443
11 4 9 2 -0.0000000
11 4 9 3 -0.0001450
11 4 9 4 0.0009581
11 4 9 5 -0.0010650
11 4 9 6 -0.0000000
11 4 9 7 -0.0012861
11 4 9 8 -0.0000000
11 4 9 9 0.0029327
11 4 10 0 0.0005535
11 4 10 1 0.0005681
11 4 10 2 -0.0000000
11 4 10 3 -0.0002900
11 4 10 4 -0.0025057
11 4 10 5 -0.0021132
11 4 10 6 -0.0000000
11 4 10 7 -0.0189700
11 4 10 8 0.0000000
11 4 10 9 -0.0005975
11 4 10 10 0.0160662
11 4 11 0 -0.0025636
11 4 11 1 -0.0147888
11 4 11 2 0.0000000
11 4 11 3 -0.0017761
11 4 11 4 0.0174696
11 4 11 5 -0.0071245
11 4 11 6 -0.0000000
11 4 11 7 0.0049397
11 4 11 8 0.0000000
11 4 11 9 -0.0008838
11 4 11 10 -0.0086392
11 4 11 11 -0.0196758
11 5 0 0 -0.0087759
11 5 1 0 0.0010937
11 5 1 1 -0.0002543
11 5 2 0 -0.0000000
11 5 2 1 -0.0000000
11 5 2 2 -0.0044778
11 5 3 0 -0.0076808
11 5 3 1 -0.0133975
11 5 3 2 0.0000000
11 5 3 3 0.0176172
11 5 4 0 -0.0030458
11 5 4 1 -0.0047542
11 5 4 2 0.0000000
11 5 4 3 0.0130457
11 5 4 4 0.0038799
11 5 5 0 0.0029197
11 5 5 1 0.0023937
11 5 5 2 0.0000000
11 5 5 3 0.0077485
11 5 5 4 -0.0008380
11 5 5 5 -0.0096015
11 5 6 0 -0.0000000
11 5 6 1 0.0000000
11 5 6 2 -0.0012164
11 5 6 3 0.0000000
11 5 6 4 0.0000000
11 5 6 5 0.0000000
11 5 6 6 -0.0032611
11 5 7 0 0.0031338
11 5 7 1 0.0142871
11 5 7 2 0.0000000
11 5 7 3 0.0142057
11 5 7 4 -0.0094968
11 5 7 5 -0.0087187
11 5 7 6 0.0000000
11 5 7 7 -0.0094298
11 5 8 0 -0.0000000
11 5 8 1 -0.0000000
11 5 8 2 -0.0005339
11 5 8 3 -0.0000000
11 5 8 4 -0.0000000
11 5 8 5 -0.0000000
11 5 8 6 -0.0002479
11 5 8 7 -0.0000000
11 5 8 8 -0.0024065
11 5 9 0 -0.0000221
11 5 9 1 0.0003290
11 5 9 2 0.0000000
11 5 9 3 0.0004099
11 5 9 4 -0.0009468
11 5 9 5 0.0010613
11 5 9 6 0.0000000
11 5 9 7 0.0014148
11 5 9 8 0.0000000
11 5 9 9 -0.0067249
11 5 10 0 0.0008416
11 5 10 1 0.0058510
11 5 10 2 0.0000000
11 5 10 3 0.0022126
11 5 10 4 -0.0010734
11 5 10 5 -0.0012646
11 5 10 6 0.0000000
11 5 10 7 0.0082014
11 5 10 8 -0.0000000
11 5 10 9 0.0004583
11 5 10 10 -0.0191395
11 5 11 0 -0.0034647
11 5 11 1 -0.0065907
11 5 11 2 -0.0000000
11 5 11 3 -0.0044400
11 5 11 4 -0.0071245
11 5 11 5 0.0299007
11 5 11 6 0.0000000
11 5 11 7 0.0121187
11 5 11 8 -0.0000000
11 5 11 9 0.0013595
11 5 11 10 0.0067226
11 5 11 11 -0.0090757
11 6 0 0 -0.0000000
11 6 1 0 0.0000000
11 6 1 1 0.0000000
11 6 2 0 0.0057499
11 6 2 1 0.0186031
11 6 2 2 -0.0000000
11 6 3 0 -0.0000000
11 6 3 1 -0.0000000
11 6 3 2 -0.0122531
11 6 3 3 0.0000000
11 6 4 0 -0.0000000
11 6 4 1 -0.0000000
11 6 4 2 0.0066872
11 6 4 3 0.0000000
11 6 4 4 0.0000000
11 6 5 0 -0.0000000
11 6 5 1 -0.0000000
11 6 5 2 -0.0058422
11 6 5 3 0.0000000
11 6 5 4 0.0000000
11 6 5 5 0.0000000
11 6 6 0 0.0080644
11 6 6 1 0.0013145
11 6 6 2 -0.0000000
11 6 6 3 -0.0115842
11 6 6 4 -0.0145776
11 6 6 5 -0.0102326
11 6 6 6 -0.0000000
11 6 7 0 0.0000000
11 6 7 1 0.0000000
11 6 7 2 -0.0186307
11 6 7 3 0.0000000
11 6 7 4 -0.0000000
11 6 7 5 0.0000000
11 6 7 6 -0.0182820
11 6 7 7 -0.0000000
11 6 8 0 0.0001356
11 6 8 1 0.0054755
11 6 8 2 -0.0000000
11 6 8 3 0.0015426
11 6 8 4 -0.0000940
11 6 8 5 0.0037027
11 6 8 6 0.0000000
11 6 8 7 0.0020967
11 6 8 8 -0.0000000
11 6 9 0 -0.0000000
11 6 9 1 0.0000000
11 6 9 2 -0.0003775
11 6 9 3 0.0000000
11 6 9 4 -0.0000000
11 6 9 5 0.0000000
11 6 9 6 0.0004791
11 6 9 7 0.0000000
11 6 9 8 -0.0001223
11 6 9 9 -0.0000000
11 6 10 0 0.0000000
11 6 10 1 0.0000000
11 6 10 2 -0.0048103
11 6 10 3 0.0000000
11 6 10 4 -0.0000000
11 6 10 5 0.0000000
11 6 10 6 -0.0037888
11 6 10 7 0.0000000
11 6 10 8 0.0085850
11 6 10 9 0.0000000
11 6 10 10 -0.0000000
11 6 11 0 -0.0000000
11 6 11 1 0.0000000
11 6 11 2 0.0166766
11 6 11 3 -0.0000000
11 6 11 4 -0.0000000
11 6 11 5 0.0000000
11 6 11 6 0.0211201
11 6 11 7 0.0000000
11 6 11 8 0.0058419
11 6 11 9 0.0000000
11 6 11 10 0.0000000
11 6 11 11 -0.0000000
11 7 0 0 -0.2545678
11 7 1 0 0.0093651
11 7 1 1 -0.0135163
11 7 2 0 -0.0000000
11 7 2 1 0.0000000
11 7 2 2 -0.0776358
11 7 3 0 -0.0045284
11 7 3 1 0.0363464
11 7 3 2 -0.0000000
11 7 3 3 -0.1007952
11 7 4 0 -0.0047862
11 7 4 1 -0.0227628
11 7 4 2 -0.0000000
11 7 4 3 -0.0720571
11 7 4 4 0.0175816
11 7 5 0 -0.0107921
11 7 5 1 0.0858367
11 7 5 2 0.0000000
11 7 5 3 0.0731612
11 7 5 4 -0.0478250
11 7 5 5 -0.0245616
11 7 6 0 -0.0000000
11 7 6 1 0.0000000
11 7 6 2 -0.0863188
11 7 6 3 0.0000000
11 7 6 4 -0.0000000
11 7 6 5 0.0000000
11 7 6 6 -0.0884585
11 7 7 0 0.0073418
11 7 7 1 0.0051502
11 7 7 2 -0.0000000
11 7 7 3 -0.0264486
11 7 7 4 -0.0108617
11 7 7 5 -0.0008530
11 7 7 6 -0.0000000
11 7 7 7 0.0050324
11 7 8 0 0.0000000
11 7 8 1 -0.0000000
11 7 8 2 -0.0367690
11 7 8 3 0.0000000
11 7 8 4 0.0000000
11 7 8 5 -0.0000000
11 7 8 6 0.0215828
11 7 8 7 -0.0000000
11 7 8 8 0.1510891
11 7 9 0 0.0004468
11 7 9 1 0.0035443
11 7 9 2 -0.0000000
11 7 9 3 -0.0011852
11 7 9 4 0.0050669
11 7 9 5 -0.0018518
11 7 9 6 -0.0000000
11 7 9 7 0.0011149
11 7 9 8 -0.0000000
11 7 9 9 0.2608275
11 7 10 0 0.0005056
11 7 10 1 -0.0164106
11 7 10 2 -0.0000000
11 7 10 3 -0.0055020
11 7 10 4 -0.0086515
11 7 10 5 -0.0076618
11 7 10 6 -0.0000000
11 7 10 7 -0.0287873
11 7 10 8 0.0000000
11 7 10 9 0.0193253
11 7 10 10 0.1626444
11 7 11 0 -0.0071450
11 7 11 1 -0.0005646
11 7 11 2 0.0000000
11 7 11 3 0.0061753
11 7 11 4 0.0049397
11 7 11 5 0.0121187
11 7 11 6 0.0000000
11 7 11 7 0.2035798
11 7 11 8 0.0000000
11 7 11 9 0.0030648
11 7 11 10 0.0593362
11 7 11 11 -0.0251488
11 8 0 0 -0.0000000
11 8 1 0 0.0000000
11 8 1 1 0.0000000
11 8 2 0 0.0005394
11 8 2 1 0.0074967
11 8 2 2 -0.0000000
11 8 3 0 -0.0000000
11 8 3 1 -0.0000000
11 8 3 2 -0.0006608
11 8 3 3 0.0000000
11 8 4 0 0.0000000
11 8 4 1 0.0000000
11 8 4 2 0.0073486
11 8 4 3 -0.0000000
11 8 4 4 -0.0000000
11 8 5 0 -0.0000000
11 8 5 1 0.0000000
11 8 5 2 -0.0007435
11 8 5 3 0.0000000
11 8 5 4 0.0000000
11 8 5 5 0.0000000
11 8 6 0 0.0007484
11 8 6 1 -0.0030922
11 8 6 2 -0.0000000
11 8 6 3 -0.0003190
11 8 6 4 -0.0084214
11 8 6 5 -0.0040316
11 8 6 6 -0.0000000
11 8 7 0 0.0000000
11 8 7 1 -0.0000000
11 8 7 2 -0.0067229
11 8 7 3 0.0000000
11 8 7 4 0.0000000
11 8 7 5 -0.0000000
11 8 7 6 0.0016981
11 8 7 7 0.0000000
11 8 8 0 -0.0000804
11 8 8 1 0.0073678
11 8 8 2 0.0000000
11 8 8 3 0.0037283
11 8 8 4 -0.0043572
11 8 8 5 0.0106397
11 8 8 6 0.0000000
11 8 8 7 0.0181298
11 8 8 8 0.0000000
11 8 9 0 0.0000000
11 8 9 1 -0.0000000
11 8 9 2 -0.0006388
11 8 9 3 0.0000000
11 8 9 4 0.0000000
11 8 9 5 -0.0000000
11 8 9 6 0.0007471
11 8 9 7 0.0000000
11 8 9 8 0.0001755
11 8 9 9 0.0000000
11 8 10 0 0.0000000
11 8 10 1 -0.0000000
11 8 10 2 -0.0063747
11 8 10 3 0.0000000
11 8 10 4 0.0000000
11 8 10 5 -0.0000000
11 8 10 6 0.0042420
11 8 10 7 0.0000000
11 8 10 8 0.0253059
11 8 10 9 0.0000000
11 8 10 10 0.0000000
11 8 11 0 0.0000000
11 8 11 1 -0.0000000
11 8 11 2 -0.0008166
11 8 11 3 0.0000000
11 8 11 4 0.0000000
11 8 11 5 -0.0000000
11 8 11 6 0.0058419
11 8 11 7 0.0000000
11 8 11 8 0.0229403
11 8 11 9 0.0000000
11 8 11 10 0.0000000
11 8 11 11 0.0000000
11 9 0 0 0.0046733
11 9 1 0 0.0000712
11 9 1 1 0.0061364
11 9 2 0 -0.0000000
11 9 2 1 0.0000000
11 9 2 2 0.0038191
11 9 3 0 -0.0000025
11 9 3 1 0.0010244
11 9 3 2 0.0000000
11 9 3 3 0.0047809
11 9 4 0 -0.0000097
11 9 4 1 -0.0025959
11 9 4 2 -0.0000000
11 9 4 3 -0.0018414
11 9 4 4 0.0068022
11 9 5 0 -0.0000836
11 9 5 1 0.0013347
11 9 5 2 0.0000000
11 9 5 3 0.0021852
11 9 5 4 -0.0030562
11 9 5 5 0.0075510
11 9 6 0 -0.0000000
11 9 6 1 0.0000000
11 9 6 2 -0.0003871
11 9 6 3 0.0000000
11 9 6 4 -0.0000000
11 9 6 5 0.0000000
11 9 6 6 0.0037980
11 9 7 0 0.0000920
11 9 7 1 0.0009347
11 9 7 2 -0.0000000
11 9 7 3 0.0000811
11 9 7 4 -0.0010760
11 9 7 5 0.0008829
11 9 7 6 0.0000000
11 9 7 7 0.0065732
11 9 8 0 0.0000000
11 9 8 1 -0.0000000
11 9 8 2 -0.0012892
11 9 8 3 0.0000000
11 9 8 4 0.0000000
11 9 8 5 -0.0000000
11 9 8 6 0.0012210
11 9 8 7 0.0000000
11 9 8 8 0.0085152
11 9 9 0 0.0000580
11 9 9 1 -0.0002368
11 9 9 2 -0.0000000
11 9 9 3 -0.0019666
11 9 9 4 0.0027788
11 9 9 5 -0.0018073
11 9 9 6 -0.0000000
11 9 9 7 0.0066747
11 9 9 8 -0.0000000
11 9 9 9 0.0538252
11 9 10 0 0.0000286
11 9 10 1 0.0006868
11 9 10 2 0.0000000
11 9 10 3 0.0003145
11 9 10 4 -0.0006207
11 9 10 5 0.0003633
11 9 10 6 0.0000000
11 9 10 7 -0.0007309
11 9 10 8 0.0000000
11 9 10 9 0.0071203
11 9 10 10 0.0059734
11 9 11 0 -0.0000719
11 9 11 1 -0.0000290
11 9 11 2 0.0000000
11 9 11 3 0.0004318
11 9 11 4 -0.0008838
11 9 11 5 0.0013595
11 9 11 6 0.0000000
11 9 11 7 0.0030648
11 9 11 8 0.0000000
11 9 11 9 0.0067784
11 9 11 10 -0.0001085
11 9 11 11 0.0052265
11 10 0 0 -0.0747405
11 10 1 0 0.0015049
11 10 1 1 -0.0237908
11 10 2 0 -0.0000000
11 10 2 1 0.0000000
11 10 2 2 -0.0303916
11 10 3 0 -0.0007778
11 10 3 1 0.0113601
11 10 3 2 -0.0000000
11 10 3 3 -0.0383226
11 10 4 0 -0.0008728
11 10 4 1 -0.0028046
11 10 4 2 -0.0000000
11 10 4 3 -0.0153468
11 10 4 4 -0.0135832
11 10 5 0 -0.0018187
11 10 5 1 0.0248052
11 10 5 2 0.0000000
11 10 5 3 0.0146348
11 10 5 4 -0.0127607
11 10 5 5 -0.0193705
11 10 6 0 -0.0000000
11 10 6 1 0.0000000
11 10 6 2 -0.0199214
11 10 6 3 0.0000000
11 10 6 4 -0.0000000
11 10 6 5 0.0000000
11 10 6 6 -0.0328641
11 10 7 0 0.0009565
11 10 7 1 0.0035148
11 10 7 2 0.0000000
11 10 7 3 0.0005518
11 10 7 4 -0.0144616
11 10 7 5 0.0113257
11 10 7 6 0.0000000
11 10 7 7 -0.0022270
11 10 8 0 0.0000000
11 10 8 1 -0.0000000
11 10 8 2 -0.0150817
11 10 8 3 0.0000000
11 10 8 4 0.0000000
11 10 8 5 -0.0000000
11 10 8 6 0.0111589
11 10 8 7 0.0000000
11 10 8 8 0.0426938
11 10 9 0 0.0001561
11 10 9 1 0.0016150
11 10 9 2 -0.0000000
11 10 9 3 -0.0008993
11 10 9 4 0.0025951
11 10 9 5 -0.0011943
11 10 9 6 -0.0000000
11 10 9 7 0.0002474
11 10 9 8 -0.0000000
11 10 9 9 0.0655136
11 10 10 0 0.0000061
11 10 10 1 -0.0153202
11 10 10 2 -0.0000000
11 10 10 3 -0.0137335
11 10 10 4 0.0115258
11 10 10 5 -0.0163427
11 10 10 6 -0.0000000
11 10 10 7 0.0364425
11 10 10 8 -0.0000000
11 10 10 9 0.0031839
11 10 10 10 0.0421731
11 10 11 0 -0.0010756
11 10 11 1 0.0066174
11 10 11 2 0.0000000
11 10 11 3 0.0027947
11 10 11 4 -0.0086392
11 10 11 5 0.0067226
11 10 11 6 0.0000000
11 10 11 7 0.0593362
11 10 11 8 0.0000000
11 10 11 9 -0.0001085
11 10 11 10 0.0530173
11 10 11 11 0.0051729
11 11 0 0 0.5901255
11 11 1 0 -0.0064451
11 11 1 1 0.4414485
11 11 2 0 0.0000000
11 11 2 1 0.0000000
11 11 2 2 0.4172642
11 11 3 0 0.0096146
11 11 3 1 0.0378295
11 11 3 2 -0.0000000
11 11 3 3 0.4356434
11 11 4 0 0.0056465
11 11 4 1 -0.0485859
11 11 4 2 0.0000000
11 11 4 3 -0.0105420
11 11 4 4 0.4071239
11 11 5 0 0.0038645
11 11 5 1 -0.0325875
11 11 5 2 -0.0000000
11 11 5 3 -0.0069669
11 11 5 4 -0.0342884
11 11 5 5 0.4901705
11 11 6 0 0.0000000
11 11 6 1 -0.0000000
11 11 6 2 0.0569934
11 11 6 3 -0.0000000
11 11 6 4 -0.0000000
11 11 6 5 0.0000000
11 11 6 6 0.4236513
11 11 7 0 -0.0065620
11 11 7 1 0.0019996
11 11 7 2 0.0000000
11 11 7 3 -0.0005571
11 11 7 4 -0.0029921
11 11 7 5 0.0288477
11 11 7 6 0.0000000
11 11 7 7 0.5013990
11 11 8 0 0.0000000
11 11 8 1 -0.0000000
11 11 8 2 -0.0105995
11 11 8 3 0.0000000
11 11 8 4 0.0000000
11 11 8 5 -0.0000000
11 11 8 6 0.0196160
11 11 8 7 -0.0000000
11 11 8 8 0.4338932
11 11 9 0 -0.0000682
11 11 9 1 0.0001058
11 11 9 2 -0.0000000
11 11 9 3 -0.0017130
11 11 9 4 0.0039261
11 11 9 5 -0.0001890
11 11 9 6 -0.0000000
11 11 9 7 -0.0002551
11 11 9 8 0.0000000
11 11 9 9 0.5430575
11 11 10 0 -0.0009733
11 11 10 1 0.0024606
11 11 10 2 0.0000000
11 11 10 3 0.0028996
11 11 10 4 -0.0120419
11 11 10 5 0.0084010
11 11 10 6 0.0000000
11 11 10 7 0.0364350
11 11 10 8 -0.0000000
11 11 10 9 0.0272588
11 11 10 10 0.4103357
11 11 11 0 0.0067897
11 11 11 1 0.0195759
11 11 11 2 0.0000000
11 11 11 3 0.0123484
11 11 11 4 -0.0196758
11 11 11 5 -0.0090757
11 11 11 6 -0.0000000
11 11 11 7 -0.0251488
11 11 11 8 0.0000000
11 11 11 9 0.0052265
11 11 11 10 0.0051729
11 11 11 11 0.5093197
