NMONOMER	1
NELEC	8
ENUC	7.676927
NBASIS	12
HOMO	2
LUMO	2
ENT	5
HF_ENERGY	-35.172538
ENERGIES
-10.777586
-0.734947
-0.315557
-0.151948
0.668297
0.868389
0.926456
849736.674167
965066.478623
996478.263253
1070621.165939
1118093.815934

OEI
-18.358185	
0.221716	-4.422005	
-0.000000	0.000000	-3.944986	
-0.188410	0.151261	-0.000000	-4.144251	
0.150436	-0.313363	0.000000	0.366914	-2.936760	
0.230793	-0.874713	-0.000000	-0.257605	-0.183853	-3.663927	
0.000000	-0.000000	0.776851	-0.000000	-0.000000	-0.000000	-3.373249	
0.115886	0.054508	-0.000000	-0.034271	-0.005256	-0.014895	-0.000000	849733.102596	
0.000000	-0.000000	-0.131850	0.000000	-0.000000	0.000000	-0.019899	0.000000	965063.635307	
-0.005006	-0.023021	-0.000000	-0.002721	0.002690	-0.013332	-0.000000	0.000990	-0.000000	996475.066202	
-0.037996	-0.196661	-0.000000	-0.072238	-0.118080	0.136653	0.000000	0.146816	-0.000000	0.134088	1070618.640248	
0.112669	0.083040	0.000000	-0.124149	-0.007645	0.001308	0.000000	-0.837127	-0.000000	0.037783	0.319705	1118090.141408	

ENV_OEI
-4.885067	
0.416397	-0.427846	
-0.000000	-0.000000	-0.250365	
-0.366651	-0.052371	-0.000000	-0.479363	
0.303385	-0.304445	-0.000000	-0.140727	-0.574976	
0.470420	-0.015165	0.000000	0.220214	0.308165	-0.769710	
0.000000	0.000000	0.104154	0.000000	0.000000	-0.000000	-0.308135	
0.226005	0.021336	-0.000000	-0.040480	-0.049228	0.004104	0.000000	-0.515522	
-0.000000	0.000000	0.147314	-0.000000	0.000000	-0.000000	0.137464	-0.000000	-0.662426	
0.014980	-0.259064	-0.000000	-0.613418	-1.347807	0.973250	0.000000	0.126669	0.000000	-18.472531	
-0.055997	0.046469	0.000000	0.011038	0.041514	-0.082122	-0.000000	-0.235832	0.000000	1.666720	-0.730401	
0.215113	0.015760	0.000000	0.041082	0.030241	-0.022496	-0.000000	0.127175	0.000000	0.177168	0.103028	-0.336026	

OVERLAP
1.000000	
0.248362	1.000000	
0.061767	0.488736	1.000000	
0.061767	0.488736	0.167856	1.000000	
0.000000	0.027047	0.038545	0.038545	1.000000	
0.027047	0.301519	0.378700	0.378700	0.248362	1.000000	
0.000000	0.000000	-0.155576	-0.155576	-0.015125	-0.113119	1.000000	
0.000000	0.000000	0.380474	-0.380474	0.000000	0.000000	0.000000	1.000000	
0.000000	0.000000	-0.219667	-0.219667	-0.042713	-0.319437	0.000000	0.000000	1.000000	
0.015125	0.113119	0.044121	0.044121	0.000000	0.000000	0.112775	0.000000	-0.151526	1.000000	
0.000000	0.000000	0.268260	-0.268260	0.000000	0.000000	0.000000	0.166433	0.000000	0.000000	1.000000	
0.042713	0.319437	0.279473	0.279473	0.000000	0.000000	-0.151526	0.000000	-0.261465	0.000000	0.000000	1.000000	

MOCOEFF
-0.996623	-0.016469	0.006510	0.006510	-0.001354	0.006658	0.027568	-0.000000	0.007762	-0.002282	-0.000000	0.003205	
0.146090	-0.343757	-0.270728	-0.270728	0.027637	0.042670	0.325400	-0.000000	0.197959	-0.172160	0.000000	-0.282316	
-0.000000	0.000000	-0.471656	0.471656	0.000000	-0.000000	-0.000000	-0.579570	0.000000	-0.000000	0.349512	-0.000000	
-0.129133	0.535692	0.084243	0.084243	0.055141	-0.218854	-0.305252	0.000000	0.675330	-0.033995	-0.000000	-0.377956	
0.104629	-0.655643	0.904366	0.904366	0.117469	-0.699593	0.235774	0.000000	-0.125763	-0.158993	0.000000	-0.597374	
0.164962	-1.011865	0.404910	0.404910	-0.086685	0.528708	0.363288	-0.000000	0.946803	0.286690	-0.000000	0.697325	
0.000000	-0.000000	-0.934599	0.934599	-0.000000	0.000000	0.000000	1.102523	0.000000	0.000000	0.317934	0.000000	
0.084288	-0.388040	0.000000	0.000000	-0.012325	0.049401	-0.608823	-0.000000	0.000000	0.744813	-0.000000	-0.291146	
-0.000000	0.000000	0.000000	-0.000000	-0.000000	0.000000	0.000000	-0.000000	0.000000	-0.000000	-1.000000	-0.000000	
-0.000564	0.002599	0.000000	0.000000	1.025611	-0.216380	0.004077	-0.000000	-0.000000	0.053739	-0.000000	0.092871	
-0.018947	0.087225	0.000000	0.000000	-0.019715	-0.850780	0.136854	0.000000	0.000000	0.334096	-0.000000	0.355391	
0.081637	-0.375837	0.000000	0.000000	0.011610	-0.229165	-0.589676	-0.000000	-0.000000	-0.509850	-0.000000	0.308002	

ERI
0 0 0 0 3.5233984
1 0 0 0 -0.1946836
1 0 1 0 0.0209515
1 0 1 1 0.0054552
1 1 0 0 0.6453804
1 1 1 0 0.0054552
1 1 1 1 0.5891815
2 0 0 0 0.0000000
2 0 1 0 -0.0000000
2 0 1 1 0.0000000
2 0 2 0 0.0085651
2 0 2 1 0.0105864
2 0 2 2 -0.0000000
2 1 0 0 -0.0000000
2 1 1 0 0.0000000
2 1 1 1 0.0000000
2 1 2 0 0.0105864
2 1 2 1 0.1084899
2 1 2 2 -0.0000000
2 2 0 0 0.6350887
2 2 1 0 -0.0004960
2 2 1 1 0.5107470
2 2 2 0 -0.0000000
2 2 2 1 -0.0000000
2 2 2 2 0.5336535
3 0 0 0 0.1686845
3 0 1 0 -0.0136848
3 0 1 1 0.0080774
3 0 2 0 0.0000000
3 0 2 1 -0.0000000
3 0 2 2 0.0038195
3 0 3 0 0.0250984
3 0 3 1 0.0084923
3 0 3 2 -0.0000000
3 0 3 3 -0.0093473
3 1 0 0 -0.0662810
3 1 1 0 0.0011885
3 1 1 1 0.0170482
3 1 2 0 -0.0000000
3 1 2 1 -0.0000000
3 1 2 2 -0.0178796
3 1 3 0 0.0084923
3 1 3 1 0.0635911
3 1 3 2 0.0000000
3 1 3 3 -0.0481006
3 2 0 0 0.0000000
3 2 1 0 -0.0000000
3 2 1 1 -0.0000000
3 2 2 0 -0.0064673
3 2 2 1 -0.0344279
3 2 2 2 0.0000000
3 2 3 0 -0.0000000
3 2 3 1 0.0000000
3 2 3 2 0.0325485
3 2 3 3 0.0000000
3 3 0 0 0.7754384
3 3 1 0 -0.0062087
3 3 1 1 0.4893271
3 3 2 0 0.0000000
3 3 2 1 0.0000000
3 3 2 2 0.4768538
3 3 3 0 -0.0093473
3 3 3 1 -0.0481006
3 3 3 2 0.0000000
3 3 3 3 0.6303032
4 0 0 0 -0.1377486
4 0 1 0 0.0131349
4 0 1 1 -0.0011581
4 0 2 0 -0.0000000
4 0 2 1 -0.0000000
4 0 2 2 -0.0019347
4 0 3 0 -0.0139745
4 0 3 1 -0.0017913
4 0 3 2 0.0000000
4 0 3 3 0.0004572
4 0 4 0 0.0100907
4 0 4 1 -0.0003753
4 0 4 2 0.0000000
4 0 4 3 -0.0008580
4 0 4 4 -0.0000012
4 1 0 0 0.0911519
4 1 1 0 0.0006422
4 1 1 1 0.0413360
4 1 2 0 -0.0000000
4 1 2 1 0.0000000
4 1 2 2 -0.0166807
4 1 3 0 0.0012869
4 1 3 1 0.0173630
4 1 3 2 0.0000000
4 1 3 3 0.0572473
4 1 4 0 -0.0003753
4 1 4 1 0.0717940
4 1 4 2 -0.0000000
4 1 4 3 0.0085190
4 1 4 4 0.0053655
4 2 0 0 -0.0000000
4 2 1 0 0.0000000
4 2 1 1 -0.0000000
4 2 2 0 -0.0013570
4 2 2 1 -0.0785324
4 2 2 2 0.0000000
4 2 3 0 0.0000000
4 2 3 1 0.0000000
4 2 3 2 0.0144785
4 2 3 3 -0.0000000
4 2 4 0 0.0000000
4 2 4 1 -0.0000000
4 2 4 2 0.0878937
4 2 4 3 0.0000000
4 2 4 4 0.0000000
4 3 0 0 -0.1345168
4 3 1 0 0.0044267
4 3 1 1 0.0188661
4 3 2 0 0.0000000
4 3 2 1 0.0000000
4 3 2 2 -0.0166339
4 3 3 0 0.0081309
4 3 3 1 0.0568076
4 3 3 2 -0.0000000
4 3 3 3 -0.0844775
4 3 4 0 -0.0008580
4 3 4 1 0.0085190
4 3 4 2 0.0000000
4 3 4 3 0.0744522
4 3 4 4 0.0339627
4 4 0 0 0.4982180
4 4 1 0 0.0020311
4 4 1 1 0.5142780
4 4 2 0 -0.0000000
4 4 2 1 -0.0000000
4 4 2 2 0.4757081
4 4 3 0 0.0018345
4 4 3 1 0.0224580
4 4 3 2 -0.0000000
4 4 3 3 0.4364398
4 4 4 0 -0.0000012
4 4 4 1 0.0053655
4 4 4 2 0.0000000
4 4 4 3 0.0339627
4 4 4 4 0.5227130
5 0 0 0 -0.2167667
5 0 1 0 0.0259716
5 0 1 1 0.0115771
5 0 2 0 0.0000000
5 0 2 1 0.0000000
5 0 2 2 0.0013462
5 0 3 0 -0.0066142
5 0 3 1 0.0073196
5 0 3 2 -0.0000000
5 0 3 3 -0.0158850
5 0 4 0 0.0129072
5 0 4 1 0.0010774
5 0 4 2 0.0000000
5 0 4 3 0.0118045
5 0 4 4 0.0035812
5 0 5 0 0.0390738
5 0 5 1 0.0045997
5 0 5 2 -0.0000000
5 0 5 3 -0.0046196
5 0 5 4 0.0027875
5 0 5 5 0.0103207
5 1 0 0 0.2593186
5 1 1 0 0.0002890
5 1 1 1 0.0711573
5 1 2 0 0.0000000
5 1 2 1 -0.0000000
5 1 2 2 0.0653038
5 1 3 0 0.0080052
5 1 3 1 -0.0291187
5 1 3 2 0.0000000
5 1 3 3 0.0867966
5 1 4 0 -0.0027959
5 1 4 1 0.0158357
5 1 4 2 -0.0000000
5 1 4 3 -0.0432010
5 1 4 4 -0.0001543
5 1 5 0 0.0045997
5 1 5 1 0.1013583
5 1 5 2 0.0000000
5 1 5 3 0.0374317
5 1 5 4 0.0383665
5 1 5 5 0.0852258
5 2 0 0 0.0000000
5 2 1 0 -0.0000000
5 2 1 1 -0.0000000
5 2 2 0 0.0054457
5 2 2 1 0.0047070
5 2 2 2 0.0000000
5 2 3 0 -0.0000000
5 2 3 1 -0.0000000
5 2 3 2 -0.0014585
5 2 3 3 0.0000000
5 2 4 0 -0.0000000
5 2 4 1 0.0000000
5 2 4 2 0.0164487
5 2 4 3 -0.0000000
5 2 4 4 -0.0000000
5 2 5 0 -0.0000000
5 2 5 1 0.0000000
5 2 5 2 0.0227484
5 2 5 3 0.0000000
5 2 5 4 -0.0000000
5 2 5 5 0.0000000
5 3 0 0 0.0932914
5 3 1 0 -0.0043989
5 3 1 1 -0.0189140
5 3 2 0 -0.0000000
5 3 2 1 -0.0000000
5 3 2 2 0.0155843
5 3 3 0 0.0023688
5 3 3 1 -0.0113958
5 3 3 2 0.0000000
5 3 3 3 0.0404900
5 3 4 0 -0.0018155
5 3 4 1 -0.0173099
5 3 4 2 -0.0000000
5 3 4 3 -0.0373301
5 3 4 4 -0.0283841
5 3 5 0 -0.0046196
5 3 5 1 0.0374317
5 3 5 2 0.0000000
5 3 5 3 0.0563389
5 3 5 4 0.0210147
5 3 5 5 -0.0000238
5 4 0 0 0.0567386
5 4 1 0 0.0009841
5 4 1 1 0.0111895
5 4 2 0 0.0000000
5 4 2 1 0.0000000
5 4 2 2 0.0327865
5 4 3 0 0.0025269
5 4 3 1 -0.0307490
5 4 3 2 -0.0000000
5 4 3 3 -0.0048575
5 4 4 0 -0.0005230
5 4 4 1 -0.0396366
5 4 4 2 -0.0000000
5 4 4 3 -0.0273789
5 4 4 4 -0.0016365
5 4 5 0 0.0027875
5 4 5 1 0.0383665
5 4 5 2 -0.0000000
5 4 5 3 0.0210147
5 4 5 4 0.0574832
5 4 5 5 -0.0117082
5 5 0 0 0.7925393
5 5 1 0 -0.0001584
5 5 1 1 0.5747906
5 5 2 0 0.0000000
5 5 2 1 0.0000000
5 5 2 2 0.4962302
5 5 3 0 0.0185736
5 5 3 1 0.0370627
5 5 3 2 -0.0000000
5 5 3 3 0.5123573
5 5 4 0 -0.0063056
5 5 4 1 0.0682613
5 5 4 2 -0.0000000
5 5 4 3 0.0190388
5 5 4 4 0.4990706
5 5 5 0 0.0103207
5 5 5 1 0.0852258
5 5 5 2 0.0000000
5 5 5 3 -0.0000238
5 5 5 4 -0.0117082
5 5 5 5 0.6285319
6 0 0 0 -0.0000000
6 0 1 0 0.0000000
6 0 1 1 0.0000000
6 0 2 0 -0.0129735
6 0 2 1 -0.0143719
6 0 2 2 0.0000000
6 0 3 0 0.0000000
6 0 3 1 0.0000000
6 0 3 2 0.0092208
6 0 3 3 -0.0000000
6 0 4 0 0.0000000
6 0 4 1 0.0000000
6 0 4 2 0.0018109
6 0 4 3 0.0000000
6 0 4 4 0.0000000
6 0 5 0 0.0000000
6 0 5 1 0.0000000
6 0 5 2 -0.0072235
6 0 5 3 0.0000000
6 0 5 4 -0.0000000
6 0 5 5 -0.0000000
6 0 6 0 0.0197689
6 0 6 1 0.0056316
6 0 6 2 -0.0000000
6 0 6 3 -0.0104321
6 0 6 4 0.0099705
6 0 6 5 0.0098748
6 0 6 6 0.0000000
6 1 0 0 0.0000000
6 1 1 0 0.0000000
6 1 1 1 0.0000000
6 1 2 0 -0.0040920
6 1 2 1 0.0293194
6 1 2 2 0.0000000
6 1 3 0 0.0000000
6 1 3 1 -0.0000000
6 1 3 2 0.0021025
6 1 3 3 0.0000000
6 1 4 0 0.0000000
6 1 4 1 -0.0000000
6 1 4 2 -0.0497383
6 1 4 3 -0.0000000
6 1 4 4 -0.0000000
6 1 5 0 -0.0000000
6 1 5 1 0.0000000
6 1 5 2 -0.0225787
6 1 5 3 0.0000000
6 1 5 4 0.0000000
6 1 5 5 0.0000000
6 1 6 0 0.0056316
6 1 6 1 0.0409983
6 1 6 2 -0.0000000
6 1 6 3 -0.0101145
6 1 6 4 -0.0483711
6 1 6 5 -0.0176316
6 1 6 6 0.0000000
6 2 0 0 -0.2520702
6 2 1 0 0.0059972
6 2 1 1 -0.0141546
6 2 2 0 0.0000000
6 2 2 1 0.0000000
6 2 2 2 -0.0373298
6 2 3 0 -0.0012330
6 2 3 1 0.0258363
6 2 3 2 -0.0000000
6 2 3 3 -0.1096546
6 2 4 0 0.0029527
6 2 4 1 -0.0416733
6 2 4 2 0.0000000
6 2 4 3 0.0511067
6 2 4 4 0.0381505
6 2 5 0 0.0081200
6 2 5 1 -0.0682925
6 2 5 2 -0.0000000
6 2 5 3 -0.0365291
6 2 5 4 0.0081177
6 2 5 5 -0.0531198
6 2 6 0 -0.0000000
6 2 6 1 -0.0000000
6 2 6 2 0.1204405
6 2 6 3 -0.0000000
6 2 6 4 -0.0000000
6 2 6 5 -0.0000000
6 2 6 6 -0.0502494
6 3 0 0 0.0000000
6 3 1 0 -0.0000000
6 3 1 1 -0.0000000
6 3 2 0 0.0071502
6 3 2 1 0.0211361
6 3 2 2 0.0000000
6 3 3 0 -0.0000000
6 3 3 1 -0.0000000
6 3 3 2 -0.0285836
6 3 3 3 0.0000000
6 3 4 0 -0.0000000
6 3 4 1 0.0000000
6 3 4 2 0.0023785
6 3 4 3 -0.0000000
6 3 4 4 -0.0000000
6 3 5 0 -0.0000000
6 3 5 1 0.0000000
6 3 5 2 0.0034045
6 3 5 3 0.0000000
6 3 5 4 0.0000000
6 3 5 5 0.0000000
6 3 6 0 -0.0104321
6 3 6 1 -0.0101145
6 3 6 2 -0.0000000
6 3 6 3 0.0325258
6 3 6 4 -0.0160871
6 3 6 5 -0.0042712
6 3 6 6 0.0000000
6 4 0 0 0.0000000
6 4 1 0 -0.0000000
6 4 1 1 -0.0000000
6 4 2 0 -0.0069230
6 4 2 1 -0.0934318
6 4 2 2 0.0000000
6 4 3 0 0.0000000
6 4 3 1 0.0000000
6 4 3 2 0.0301910
6 4 3 3 -0.0000000
6 4 4 0 0.0000000
6 4 4 1 -0.0000000
6 4 4 2 0.0898081
6 4 4 3 -0.0000000
6 4 4 4 0.0000000
6 4 5 0 -0.0000000
6 4 5 1 0.0000000
6 4 5 2 0.0162109
6 4 5 3 0.0000000
6 4 5 4 -0.0000000
6 4 5 5 -0.0000000
6 4 6 0 0.0099705
6 4 6 1 -0.0483711
6 4 6 2 -0.0000000
6 4 6 3 -0.0160871
6 4 6 4 0.1095117
6 4 6 5 0.0539537
6 4 6 6 0.0000000
6 5 0 0 0.0000000
6 5 1 0 0.0000000
6 5 1 1 0.0000000
6 5 2 0 -0.0071573
6 5 2 1 -0.0578841
6 5 2 2 -0.0000000
6 5 3 0 0.0000000
6 5 3 1 0.0000000
6 5 3 2 0.0113315
6 5 3 3 -0.0000000
6 5 4 0 0.0000000
6 5 4 1 0.0000000
6 5 4 2 0.0450257
6 5 4 3 0.0000000
6 5 4 4 0.0000000
6 5 5 0 0.0000000
6 5 5 1 0.0000000
6 5 5 2 -0.0043126
6 5 5 3 -0.0000000
6 5 5 4 -0.0000000
6 5 5 5 0.0000000
6 5 6 0 0.0098748
6 5 6 1 -0.0176316
6 5 6 2 -0.0000000
6 5 6 3 -0.0042712
6 5 6 4 0.0539537
6 5 6 5 0.0408859
6 5 6 6 -0.0000000
6 6 0 0 0.7283563
6 6 1 0 -0.0060079
6 6 1 1 0.4994710
6 6 2 0 -0.0000000
6 6 2 1 -0.0000000
6 6 2 2 0.5299657
6 6 3 0 0.0042934
6 6 3 1 -0.0210023
6 6 3 2 -0.0000000
6 6 3 3 0.4989263
6 6 4 0 -0.0039464
6 6 4 1 -0.0159271
6 6 4 2 -0.0000000
6 6 4 3 -0.0312403
6 6 4 4 0.4772388
6 6 5 0 -0.0063275
6 6 5 1 0.0640880
6 6 5 2 0.0000000
6 6 5 3 0.0271187
6 6 5 4 0.0363423
6 6 5 5 0.5036571
6 6 6 0 0.0000000
6 6 6 1 0.0000000
6 6 6 2 -0.0502494
6 6 6 3 0.0000000
6 6 6 4 0.0000000
6 6 6 5 -0.0000000
6 6 6 6 0.5573094
7 0 0 0 -0.0850690
7 0 1 0 0.0038328
7 0 1 1 -0.0071460
7 0 2 0 -0.0000000
7 0 2 1 0.0000000
7 0 2 2 -0.0006777
7 0 3 0 -0.0034436
7 0 3 1 0.0050380
7 0 3 2 -0.0000000
7 0 3 3 -0.0045054
7 0 4 0 0.0032889
7 0 4 1 -0.0034726
7 0 4 2 0.0000000
7 0 4 3 0.0025352
7 0 4 4 -0.0036690
7 0 5 0 0.0052930
7 0 5 1 -0.0044035
7 0 5 2 0.0000000
7 0 5 3 0.0057068
7 0 5 4 -0.0031676
7 0 5 5 -0.0045771
7 0 6 0 0.0000000
7 0 6 1 -0.0000000
7 0 6 2 -0.0016657
7 0 6 3 0.0000000
7 0 6 4 -0.0000000
7 0 6 5 -0.0000000
7 0 6 6 0.0006852
7 0 7 0 0.0112603
7 0 7 1 0.0015756
7 0 7 2 -0.0000000
7 0 7 3 -0.0026401
7 0 7 4 0.0014383
7 0 7 5 0.0031067
7 0 7 6 0.0000000
7 0 7 7 0.0059793
7 1 0 0 -0.0065288
7 1 1 0 -0.0010349
7 1 1 1 -0.0013597
7 1 2 0 0.0000000
7 1 2 1 0.0000000
7 1 2 2 0.0056996
7 1 3 0 0.0031162
7 1 3 1 0.0075247
7 1 3 2 -0.0000000
7 1 3 3 -0.0107469
7 1 4 0 -0.0013586
7 1 4 1 -0.0074820
7 1 4 2 0.0000000
7 1 4 3 0.0065506
7 1 4 4 0.0013675
7 1 5 0 0.0004018
7 1 5 1 -0.0024906
7 1 5 2 0.0000000
7 1 5 3 0.0051184
7 1 5 4 0.0012534
7 1 5 5 -0.0006914
7 1 6 0 0.0000000
7 1 6 1 0.0000000
7 1 6 2 0.0022935
7 1 6 3 -0.0000000
7 1 6 4 0.0000000
7 1 6 5 -0.0000000
7 1 6 6 0.0047060
7 1 7 0 0.0015756
7 1 7 1 0.0099596
7 1 7 2 0.0000000
7 1 7 3 0.0040011
7 1 7 4 0.0071143
7 1 7 5 0.0001923
7 1 7 6 -0.0000000
7 1 7 7 -0.0024744
7 2 0 0 -0.0000000
7 2 1 0 0.0000000
7 2 1 1 0.0000000
7 2 2 0 0.0046230
7 2 2 1 0.0222281
7 2 2 2 -0.0000000
7 2 3 0 -0.0000000
7 2 3 1 -0.0000000
7 2 3 2 -0.0104120
7 2 3 3 0.0000000
7 2 4 0 -0.0000000
7 2 4 1 0.0000000
7 2 4 2 -0.0130735
7 2 4 3 0.0000000
7 2 4 4 -0.0000000
7 2 5 0 0.0000000
7 2 5 1 0.0000000
7 2 5 2 0.0041620
7 2 5 3 -0.0000000
7 2 5 4 0.0000000
7 2 5 5 0.0000000
7 2 6 0 -0.0068526
7 2 6 1 0.0004469
7 2 6 2 0.0000000
7 2 6 3 0.0106276
7 2 6 4 -0.0176549
7 2 6 5 -0.0121054
7 2 6 6 -0.0000000
7 2 7 0 -0.0000000
7 2 7 1 0.0000000
7 2 7 2 0.0174288
7 2 7 3 0.0000000
7 2 7 4 -0.0000000
7 2 7 5 0.0000000
7 2 7 6 -0.0157847
7 2 7 7 0.0000000
7 3 0 0 -0.0085084
7 3 1 0 0.0042900
7 3 1 1 0.0264902
7 3 2 0 -0.0000000
7 3 2 1 -0.0000000
7 3 2 2 0.0018914
7 3 3 0 0.0025704
7 3 3 1 0.0039353
7 3 3 2 -0.0000000
7 3 3 3 -0.0118065
7 3 4 0 0.0006437
7 3 4 1 0.0085755
7 3 4 2 0.0000000
7 3 4 3 0.0152527
7 3 4 4 0.0165001
7 3 5 0 0.0081403
7 3 5 1 0.0027103
7 3 5 2 -0.0000000
7 3 5 3 -0.0193438
7 3 5 4 0.0023617
7 3 5 5 0.0220840
7 3 6 0 0.0000000
7 3 6 1 -0.0000000
7 3 6 2 0.0158701
7 3 6 3 -0.0000000
7 3 6 4 0.0000000
7 3 6 5 0.0000000
7 3 6 6 -0.0056081
7 3 7 0 -0.0026401
7 3 7 1 0.0040011
7 3 7 2 0.0000000
7 3 7 3 0.0266393
7 3 7 4 0.0017032
7 3 7 5 0.0007217
7 3 7 6 0.0000000
7 3 7 7 0.0049171
7 4 0 0 0.0072866
7 4 1 0 -0.0020096
7 4 1 1 -0.0065337
7 4 2 0 -0.0000000
7 4 2 1 -0.0000000
7 4 2 2 -0.0038771
7 4 3 0 0.0002617
7 4 3 1 0.0011925
7 4 3 2 0.0000000
7 4 3 3 0.0047451
7 4 4 0 -0.0008372
7 4 4 1 0.0010561
7 4 4 2 -0.0000000
7 4 4 3 -0.0013541
7 4 4 4 -0.0043407
7 4 5 0 -0.0029492
7 4 5 1 -0.0021631
7 4 5 2 0.0000000
7 4 5 3 0.0044790
7 4 5 4 -0.0050993
7 4 5 5 -0.0024081
7 4 6 0 0.0000000
7 4 6 1 0.0000000
7 4 6 2 -0.0055110
7 4 6 3 0.0000000
7 4 6 4 0.0000000
7 4 6 5 0.0000000
7 4 6 6 0.0001687
7 4 7 0 0.0014383
7 4 7 1 0.0071143
7 4 7 2 -0.0000000
7 4 7 3 0.0017032
7 4 7 4 0.0171056
7 4 7 5 -0.0141838
7 4 7 6 -0.0000000
7 4 7 7 0.0063736
7 5 0 0 0.0105270
7 5 1 0 -0.0012864
7 5 1 1 0.0019829
7 5 2 0 0.0000000
7 5 2 1 0.0000000
7 5 2 2 0.0049344
7 5 3 0 0.0078859
7 5 3 1 0.0191307
7 5 3 2 -0.0000000
7 5 3 3 -0.0161863
7 5 4 0 -0.0028590
7 5 4 1 0.0004192
7 5 4 2 0.0000000
7 5 4 3 0.0149123
7 5 4 4 -0.0003464
7 5 5 0 0.0033642
7 5 5 1 0.0009727
7 5 5 2 0.0000000
7 5 5 3 0.0063151
7 5 5 4 -0.0035274
7 5 5 5 0.0162828
7 5 6 0 -0.0000000
7 5 6 1 -0.0000000
7 5 6 2 -0.0032209
7 5 6 3 0.0000000
7 5 6 4 -0.0000000
7 5 6 5 0.0000000
7 5 6 6 0.0021803
7 5 7 0 0.0031067
7 5 7 1 0.0001923
7 5 7 2 0.0000000
7 5 7 3 0.0007217
7 5 7 4 -0.0141838
7 5 7 5 0.0334305
7 5 7 6 0.0000000
7 5 7 7 0.0183008
7 6 0 0 0.0000000
7 6 1 0 -0.0000000
7 6 1 1 0.0000000
7 6 2 0 -0.0054599
7 6 2 1 -0.0131276
7 6 2 2 0.0000000
7 6 3 0 0.0000000
7 6 3 1 0.0000000
7 6 3 2 0.0109291
7 6 3 3 -0.0000000
7 6 4 0 0.0000000
7 6 4 1 0.0000000
7 6 4 2 0.0016322
7 6 4 3 0.0000000
7 6 4 4 0.0000000
7 6 5 0 -0.0000000
7 6 5 1 -0.0000000
7 6 5 2 -0.0063010
7 6 5 3 0.0000000
7 6 5 4 -0.0000000
7 6 5 5 0.0000000
7 6 6 0 0.0081575
7 6 6 1 0.0062361
7 6 6 2 -0.0000000
7 6 6 3 -0.0128684
7 6 6 4 0.0075694
7 6 6 5 0.0067800
7 6 6 6 0.0000000
7 6 7 0 0.0000000
7 6 7 1 -0.0000000
7 6 7 2 -0.0157847
7 6 7 3 0.0000000
7 6 7 4 -0.0000000
7 6 7 5 0.0000000
7 6 7 6 0.0206779
7 6 7 7 0.0000000
7 7 0 0 0.5615208
7 7 1 0 -0.0067899
7 7 1 1 0.4306795
7 7 2 0 0.0000000
7 7 2 1 0.0000000
7 7 2 2 0.4009433
7 7 3 0 0.0083942
7 7 3 1 0.0391108
7 7 3 2 0.0000000
7 7 3 3 0.4252855
7 7 4 0 -0.0050921
7 7 4 1 0.0526936
7 7 4 2 -0.0000000
7 7 4 3 0.0220954
7 7 4 4 0.4104352
7 7 5 0 -0.0045985
7 7 5 1 0.0136354
7 7 5 2 0.0000000
7 7 5 3 -0.0059451
7 7 5 4 -0.0470069
7 7 5 5 0.4843762
7 7 6 0 -0.0000000
7 7 6 1 -0.0000000
7 7 6 2 -0.0461102
7 7 6 3 0.0000000
7 7 6 4 -0.0000000
7 7 6 5 0.0000000
7 7 6 6 0.4145546
7 7 7 0 0.0059793
7 7 7 1 -0.0024744
7 7 7 2 0.0000000
7 7 7 3 0.0049171
7 7 7 4 0.0063736
7 7 7 5 0.0183008
7 7 7 6 0.0000000
7 7 7 7 0.5146546
8 0 0 0 -0.0000000
8 0 1 0 0.0000000
8 0 1 1 -0.0000000
8 0 2 0 0.0002364
8 0 2 1 0.0003090
8 0 2 2 -0.0000000
8 0 3 0 -0.0000000
8 0 3 1 -0.0000000
8 0 3 2 -0.0001672
8 0 3 3 0.0000000
8 0 4 0 -0.0000000
8 0 4 1 -0.0000000
8 0 4 2 0.0000978
8 0 4 3 0.0000000
8 0 4 4 -0.0000000
8 0 5 0 0.0000000
8 0 5 1 0.0000000
8 0 5 2 0.0002840
8 0 5 3 -0.0000000
8 0 5 4 -0.0000000
8 0 5 5 0.0000000
8 0 6 0 -0.0003479
8 0 6 1 -0.0002633
8 0 6 2 0.0000000
8 0 6 3 0.0001927
8 0 6 4 -0.0000457
8 0 6 5 -0.0002120
8 0 6 6 -0.0000000
8 0 7 0 0.0000000
8 0 7 1 -0.0000000
8 0 7 2 0.0001252
8 0 7 3 -0.0000000
8 0 7 4 -0.0000000
8 0 7 5 0.0000000
8 0 7 6 -0.0001604
8 0 7 7 0.0000000
8 0 8 0 0.0000107
8 0 8 1 -0.0000418
8 0 8 2 -0.0000000
8 0 8 3 -0.0000864
8 0 8 4 -0.0000835
8 0 8 5 0.0002162
8 0 8 6 0.0000000
8 0 8 7 -0.0000305
8 0 8 8 0.0000000
8 1 0 0 0.0000000
8 1 1 0 -0.0000000
8 1 1 1 0.0000000
8 1 2 0 0.0020348
8 1 2 1 0.0346578
8 1 2 2 -0.0000000
8 1 3 0 -0.0000000
8 1 3 1 -0.0000000
8 1 3 2 -0.0062784
8 1 3 3 0.0000000
8 1 4 0 -0.0000000
8 1 4 1 0.0000000
8 1 4 2 -0.0306489
8 1 4 3 0.0000000
8 1 4 4 -0.0000000
8 1 5 0 0.0000000
8 1 5 1 -0.0000000
8 1 5 2 -0.0012688
8 1 5 3 0.0000000
8 1 5 4 0.0000000
8 1 5 5 0.0000000
8 1 6 0 -0.0027364
8 1 6 1 0.0165167
8 1 6 2 0.0000000
8 1 6 3 0.0026562
8 1 6 4 -0.0351894
8 1 6 5 -0.0191582
8 1 6 6 -0.0000000
8 1 7 0 -0.0000000
8 1 7 1 0.0000000
8 1 7 2 0.0067839
8 1 7 3 -0.0000000
8 1 7 4 -0.0000000
8 1 7 5 0.0000000
8 1 7 6 -0.0013192
8 1 7 7 -0.0000000
8 1 8 0 -0.0000418
8 1 8 1 0.0257605
8 1 8 2 0.0000000
8 1 8 3 0.0134437
8 1 8 4 0.0050172
8 1 8 5 -0.0257145
8 1 8 6 -0.0000000
8 1 8 7 -0.0004394
8 1 8 8 -0.0000000
8 2 0 0 0.0339944
8 2 1 0 0.0001624
8 2 1 1 0.0191699
8 2 2 0 0.0000000
8 2 2 1 -0.0000000
8 2 2 2 0.0296712
8 2 3 0 0.0003032
8 2 3 1 -0.0114591
8 2 3 2 -0.0000000
8 2 3 3 0.0153432
8 2 4 0 -0.0000119
8 2 4 1 -0.0181110
8 2 4 2 -0.0000000
8 2 4 3 -0.0131181
8 2 4 4 0.0117448
8 2 5 0 0.0003593
8 2 5 1 0.0187867
8 2 5 2 0.0000000
8 2 5 3 0.0143659
8 2 5 4 0.0239694
8 2 5 5 0.0036283
8 2 6 0 0.0000000
8 2 6 1 0.0000000
8 2 6 2 -0.0024178
8 2 6 3 0.0000000
8 2 6 4 0.0000000
8 2 6 5 -0.0000000
8 2 6 6 0.0299279
8 2 7 0 -0.0000083
8 2 7 1 0.0028124
8 2 7 2 -0.0000000
8 2 7 3 -0.0031476
8 2 7 4 -0.0014980
8 2 7 5 -0.0011664
8 2 7 6 -0.0000000
8 2 7 7 -0.0210125
8 2 8 0 -0.0000000
8 2 8 1 0.0000000
8 2 8 2 0.0216270
8 2 8 3 -0.0000000
8 2 8 4 0.0000000
8 2 8 5 -0.0000000
8 2 8 6 0.0163912
8 2 8 7 0.0000000
8 2 8 8 -0.0598197
8 3 0 0 -0.0000000
8 3 1 0 -0.0000000
8 3 1 1 -0.0000000
8 3 2 0 0.0003479
8 3 2 1 0.0087023
8 3 2 2 -0.0000000
8 3 3 0 -0.0000000
8 3 3 1 0.0000000
8 3 3 2 -0.0000577
8 3 3 3 -0.0000000
8 3 4 0 -0.0000000
8 3 4 1 0.0000000
8 3 4 2 -0.0090852
8 3 4 3 0.0000000
8 3 4 4 -0.0000000
8 3 5 0 0.0000000
8 3 5 1 -0.0000000
8 3 5 2 0.0006666
8 3 5 3 -0.0000000
8 3 5 4 -0.0000000
8 3 5 5 0.0000000
8 3 6 0 -0.0004399
8 3 6 1 0.0050306
8 3 6 2 0.0000000
8 3 6 3 -0.0008117
8 3 6 4 -0.0098911
8 3 6 5 -0.0047159
8 3 6 6 -0.0000000
8 3 7 0 0.0000000
8 3 7 1 -0.0000000
8 3 7 2 0.0016781
8 3 7 3 0.0000000
8 3 7 4 0.0000000
8 3 7 5 0.0000000
8 3 7 6 -0.0001387
8 3 7 7 0.0000000
8 3 8 0 -0.0000864
8 3 8 1 0.0134437
8 3 8 2 -0.0000000
8 3 8 3 0.0097033
8 3 8 4 0.0084972
8 3 8 5 -0.0167411
8 3 8 6 -0.0000000
8 3 8 7 0.0011246
8 3 8 8 0.0000000
8 4 0 0 -0.0000000
8 4 1 0 0.0000000
8 4 1 1 0.0000000
8 4 2 0 -0.0003282
8 4 2 1 -0.0129135
8 4 2 2 0.0000000
8 4 3 0 0.0000000
8 4 3 1 0.0000000
8 4 3 2 0.0024182
8 4 3 3 -0.0000000
8 4 4 0 0.0000000
8 4 4 1 -0.0000000
8 4 4 2 0.0129049
8 4 4 3 -0.0000000
8 4 4 4 0.0000000
8 4 5 0 -0.0000000
8 4 5 1 0.0000000
8 4 5 2 0.0062972
8 4 5 3 -0.0000000
8 4 5 4 -0.0000000
8 4 5 5 -0.0000000
8 4 6 0 0.0005684
8 4 6 1 -0.0093552
8 4 6 2 0.0000000
8 4 6 3 -0.0014605
8 4 6 4 0.0146458
8 4 6 5 0.0096010
8 4 6 6 0.0000000
8 4 7 0 -0.0000000
8 4 7 1 0.0000000
8 4 7 2 -0.0017507
8 4 7 3 0.0000000
8 4 7 4 0.0000000
8 4 7 5 -0.0000000
8 4 7 6 0.0009723
8 4 7 7 -0.0000000
8 4 8 0 -0.0000835
8 4 8 1 0.0050172
8 4 8 2 0.0000000
8 4 8 3 0.0084972
8 4 8 4 0.0167998
8 4 8 5 -0.0120050
8 4 8 6 -0.0000000
8 4 8 7 -0.0011734
8 4 8 8 -0.0000000
8 5 0 0 0.0000000
8 5 1 0 -0.0000000
8 5 1 1 -0.0000000
8 5 2 0 -0.0004121
8 5 2 1 -0.0206292
8 5 2 2 -0.0000000
8 5 3 0 0.0000000
8 5 3 1 0.0000000
8 5 3 2 0.0039726
8 5 3 3 -0.0000000
8 5 4 0 -0.0000000
8 5 4 1 0.0000000
8 5 4 2 0.0252769
8 5 4 3 -0.0000000
8 5 4 4 0.0000000
8 5 5 0 -0.0000000
8 5 5 1 0.0000000
8 5 5 2 0.0040954
8 5 5 3 -0.0000000
8 5 5 4 -0.0000000
8 5 5 5 -0.0000000
8 5 6 0 0.0005899
8 5 6 1 -0.0158488
8 5 6 2 -0.0000000
8 5 6 3 -0.0001829
8 5 6 4 0.0286248
8 5 6 5 0.0119412
8 5 6 6 -0.0000000
8 5 7 0 0.0000000
8 5 7 1 -0.0000000
8 5 7 2 -0.0039497
8 5 7 3 0.0000000
8 5 7 4 0.0000000
8 5 7 5 0.0000000
8 5 7 6 -0.0012909
8 5 7 7 0.0000000
8 5 8 0 0.0002162
8 5 8 1 -0.0257145
8 5 8 2 -0.0000000
8 5 8 3 -0.0167411
8 5 8 4 -0.0120050
8 5 8 5 0.0335019
8 5 8 6 0.0000000
8 5 8 7 0.0008093
8 5 8 8 0.0000000
8 6 0 0 -0.0006109
8 6 1 0 0.0002043
8 6 1 1 0.0058851
8 6 2 0 -0.0000000
8 6 2 1 -0.0000000
8 6 2 2 0.0131384
8 6 3 0 -0.0003261
8 6 3 1 -0.0078647
8 6 3 2 -0.0000000
8 6 3 3 -0.0019934
8 6 4 0 0.0002510
8 6 4 1 -0.0193138
8 6 4 2 0.0000000
8 6 4 3 -0.0071601
8 6 4 4 0.0081703
8 6 5 0 0.0000926
8 6 5 1 0.0046089
8 6 5 2 -0.0000000
8 6 5 3 0.0074678
8 6 5 4 0.0200335
8 6 5 5 -0.0089842
8 6 6 0 0.0000000
8 6 6 1 0.0000000
8 6 6 2 0.0104774
8 6 6 3 0.0000000
8 6 6 4 0.0000000
8 6 6 5 -0.0000000
8 6 6 6 0.0157074
8 6 7 0 -0.0001241
8 6 7 1 0.0024400
8 6 7 2 -0.0000000
8 6 7 3 -0.0015867
8 6 7 4 -0.0006245
8 6 7 5 -0.0032379
8 6 7 6 -0.0000000
8 6 7 7 -0.0246362
8 6 8 0 0.0000000
8 6 8 1 -0.0000000
8 6 8 2 0.0163912
8 6 8 3 -0.0000000
8 6 8 4 -0.0000000
8 6 8 5 0.0000000
8 6 8 6 0.0148870
8 6 8 7 0.0000000
8 6 8 8 -0.0424622
8 7 0 0 0.0000000
8 7 1 0 -0.0000000
8 7 1 1 0.0000000
8 7 2 0 0.0002614
8 7 2 1 0.0032414
8 7 2 2 -0.0000000
8 7 3 0 -0.0000000
8 7 3 1 -0.0000000
8 7 3 2 -0.0013122
8 7 3 3 0.0000000
8 7 4 0 -0.0000000
8 7 4 1 0.0000000
8 7 4 2 -0.0021071
8 7 4 3 0.0000000
8 7 4 4 -0.0000000
8 7 5 0 0.0000000
8 7 5 1 -0.0000000
8 7 5 2 -0.0008056
8 7 5 3 0.0000000
8 7 5 4 0.0000000
8 7 5 5 0.0000000
8 7 6 0 -0.0003321
8 7 6 1 0.0021235
8 7 6 2 0.0000000
8 7 6 3 0.0003678
8 7 6 4 -0.0025772
8 7 6 5 -0.0025136
8 7 6 6 -0.0000000
8 7 7 0 0.0000000
8 7 7 1 -0.0000000
8 7 7 2 -0.0037095
8 7 7 3 0.0000000
8 7 7 4 -0.0000000
8 7 7 5 0.0000000
8 7 7 6 -0.0039164
8 7 7 7 0.0000000
8 7 8 0 -0.0000305
8 7 8 1 -0.0004394
8 7 8 2 0.0000000
8 7 8 3 0.0011246
8 7 8 4 -0.0011734
8 7 8 5 0.0008093
8 7 8 6 0.0000000
8 7 8 7 0.0210483
8 7 8 8 0.0000000
8 8 0 0 0.3245174
8 8 1 0 0.0029147
8 8 1 1 0.4358668
8 8 2 0 0.0000000
8 8 2 1 0.0000000
8 8 2 2 0.3556413
8 8 3 0 0.0041229
8 8 3 1 0.0763205
8 8 3 2 -0.0000000
8 8 3 3 0.3341831
8 8 4 0 -0.0004549
8 8 4 1 0.0574242
8 8 4 2 0.0000000
8 8 4 3 0.0858705
8 8 4 4 0.4459702
8 8 5 0 0.0068642
8 8 5 1 -0.0676140
8 8 5 2 -0.0000000
8 8 5 3 -0.0774212
8 8 5 4 -0.0757337
8 8 5 5 0.4688729
8 8 6 0 0.0000000
8 8 6 1 -0.0000000
8 8 6 2 0.0511366
8 8 6 3 -0.0000000
8 8 6 4 -0.0000000
8 8 6 5 0.0000000
8 8 6 6 0.3514826
8 8 7 0 -0.0014086
8 8 7 1 -0.0030821
8 8 7 2 0.0000000
8 8 7 3 0.0300657
8 8 7 4 -0.0000515
8 8 7 5 0.0112351
8 8 7 6 0.0000000
8 8 7 7 0.4670424
8 8 8 0 0.0000000
8 8 8 1 -0.0000000
8 8 8 2 -0.0598197
8 8 8 3 0.0000000
8 8 8 4 -0.0000000
8 8 8 5 0.0000000
8 8 8 6 -0.0424622
8 8 8 7 0.0000000
8 8 8 8 0.6728328
9 0 0 0 0.0028046
9 0 1 0 -0.0001019
9 0 1 1 0.0003699
9 0 2 0 0.0000000
9 0 2 1 -0.0000000
9 0 2 2 0.0003664
9 0 3 0 0.0001161
9 0 3 1 -0.0001914
9 0 3 2 0.0000000
9 0 3 3 0.0005044
9 0 4 0 -0.0000847
9 0 4 1 0.0000371
9 0 4 2 -0.0000000
9 0 4 3 -0.0002574
9 0 4 4 0.0000960
9 0 5 0 -0.0001028
9 0 5 1 0.0004474
9 0 5 2 0.0000000
9 0 5 3 0.0001655
9 0 5 4 0.0002342
9 0 5 5 0.0004021
9 0 6 0 -0.0000000
9 0 6 1 0.0000000
9 0 6 2 -0.0003000
9 0 6 3 0.0000000
9 0 6 4 0.0000000
9 0 6 5 -0.0000000
9 0 6 6 0.0004293
9 0 7 0 -0.0001227
9 0 7 1 -0.0000082
9 0 7 2 -0.0000000
9 0 7 3 -0.0000026
9 0 7 4 -0.0000105
9 0 7 5 -0.0000344
9 0 7 6 -0.0000000
9 0 7 7 -0.0000327
9 0 8 0 -0.0000000
9 0 8 1 -0.0000000
9 0 8 2 0.0001453
9 0 8 3 -0.0000000
9 0 8 4 0.0000000
9 0 8 5 -0.0000000
9 0 8 6 0.0000808
9 0 8 7 -0.0000000
9 0 8 8 -0.0004260
9 0 9 0 0.0000059
9 0 9 1 -0.0000137
9 0 9 2 -0.0000000
9 0 9 3 -0.0000740
9 0 9 4 -0.0001604
9 0 9 5 0.0001158
9 0 9 6 0.0000000
9 0 9 7 -0.0000186
9 0 9 8 0.0000000
9 0 9 9 -0.0027324
9 1 0 0 0.0047774
9 1 1 0 0.0000919
9 1 1 1 0.0028877
9 1 2 0 -0.0000000
9 1 2 1 -0.0000000
9 1 2 2 0.0040855
9 1 3 0 -0.0000136
9 1 3 1 -0.0021583
9 1 3 2 -0.0000000
9 1 3 3 0.0020820
9 1 4 0 0.0000347
9 1 4 1 -0.0027602
9 1 4 2 -0.0000000
9 1 4 3 -0.0025622
9 1 4 4 0.0006584
9 1 5 0 0.0001191
9 1 5 1 0.0031876
9 1 5 2 0.0000000
9 1 5 3 0.0021306
9 1 5 4 0.0041966
9 1 5 5 0.0004152
9 1 6 0 0.0000000
9 1 6 1 0.0000000
9 1 6 2 0.0000143
9 1 6 3 0.0000000
9 1 6 4 0.0000000
9 1 6 5 -0.0000000
9 1 6 6 0.0041456
9 1 7 0 -0.0000770
9 1 7 1 0.0003701
9 1 7 2 0.0000000
9 1 7 3 0.0001317
9 1 7 4 0.0001756
9 1 7 5 -0.0006807
9 1 7 6 -0.0000000
9 1 7 7 -0.0010215
9 1 8 0 -0.0000000
9 1 8 1 0.0000000
9 1 8 2 0.0018402
9 1 8 3 -0.0000000
9 1 8 4 0.0000000
9 1 8 5 -0.0000000
9 1 8 6 0.0014783
9 1 8 7 0.0000000
9 1 8 8 -0.0031753
9 1 9 0 -0.0000137
9 1 9 1 0.0027360
9 1 9 2 0.0000000
9 1 9 3 0.0028230
9 1 9 4 0.0047943
9 1 9 5 -0.0051577
9 1 9 6 -0.0000000
9 1 9 7 -0.0007246
9 1 9 8 -0.0000000
9 1 9 9 0.0152246
9 2 0 0 -0.0000000
9 2 1 0 -0.0000000
9 2 1 1 -0.0000000
9 2 2 0 0.0001392
9 2 2 1 0.0022081
9 2 2 2 -0.0000000
9 2 3 0 -0.0000000
9 2 3 1 -0.0000000
9 2 3 2 -0.0006031
9 2 3 3 0.0000000
9 2 4 0 -0.0000000
9 2 4 1 -0.0000000
9 2 4 2 -0.0022840
9 2 4 3 0.0000000
9 2 4 4 -0.0000000
9 2 5 0 0.0000000
9 2 5 1 -0.0000000
9 2 5 2 0.0001073
9 2 5 3 0.0000000
9 2 5 4 0.0000000
9 2 5 5 0.0000000
9 2 6 0 -0.0001831
9 2 6 1 0.0010038
9 2 6 2 0.0000000
9 2 6 3 0.0000501
9 2 6 4 -0.0025406
9 2 6 5 -0.0010730
9 2 6 6 0.0000000
9 2 7 0 0.0000000
9 2 7 1 -0.0000000
9 2 7 2 0.0003674
9 2 7 3 -0.0000000
9 2 7 4 -0.0000000
9 2 7 5 0.0000000
9 2 7 6 -0.0000187
9 2 7 7 0.0000000
9 2 8 0 -0.0000025
9 2 8 1 0.0018104
9 2 8 2 0.0000000
9 2 8 3 0.0011765
9 2 8 4 0.0011137
9 2 8 5 -0.0021446
9 2 8 6 -0.0000000
9 2 8 7 0.0000248
9 2 8 8 0.0000000
9 2 9 0 -0.0000000
9 2 9 1 0.0000000
9 2 9 2 0.0014117
9 2 9 3 0.0000000
9 2 9 4 0.0000000
9 2 9 5 -0.0000000
9 2 9 6 0.0012588
9 2 9 7 0.0000000
9 2 9 8 -0.0042459
9 2 9 9 0.0000000
9 3 0 0 0.0001583
9 3 1 0 -0.0000536
9 3 1 1 -0.0004354
9 3 2 0 -0.0000000
9 3 2 1 -0.0000000
9 3 2 2 0.0005418
9 3 3 0 0.0000488
9 3 3 1 -0.0003499
9 3 3 2 -0.0000000
9 3 3 3 -0.0004532
9 3 4 0 -0.0000375
9 3 4 1 -0.0011682
9 3 4 2 0.0000000
9 3 4 3 -0.0007192
9 3 4 4 -0.0008029
9 3 5 0 -0.0000392
9 3 5 1 0.0003406
9 3 5 2 0.0000000
9 3 5 3 0.0007890
9 3 5 4 0.0009570
9 3 5 5 -0.0004527
9 3 6 0 0.0000000
9 3 6 1 -0.0000000
9 3 6 2 0.0003239
9 3 6 3 0.0000000
9 3 6 4 0.0000000
9 3 6 5 -0.0000000
9 3 6 6 0.0006200
9 3 7 0 0.0000504
9 3 7 1 -0.0000498
9 3 7 2 -0.0000000
9 3 7 3 -0.0000418
9 3 7 4 -0.0000365
9 3 7 5 0.0002455
9 3 7 6 0.0000000
9 3 7 7 0.0019306
9 3 8 0 0.0000000
9 3 8 1 -0.0000000
9 3 8 2 -0.0005752
9 3 8 3 -0.0000000
9 3 8 4 -0.0000000
9 3 8 5 0.0000000
9 3 8 6 -0.0004223
9 3 8 7 -0.0000000
9 3 8 8 0.0024962
9 3 9 0 -0.0000740
9 3 9 1 0.0028230
9 3 9 2 0.0000000
9 3 9 3 0.0041903
9 3 9 4 0.0077045
9 3 9 5 -0.0069888
9 3 9 6 -0.0000000
9 3 9 7 0.0005841
9 3 9 8 0.0000000
9 3 9 9 0.0629950
9 4 0 0 -0.0010468
9 4 1 0 0.0000150
9 4 1 1 -0.0013896
9 4 2 0 -0.0000000
9 4 2 1 0.0000000
9 4 2 2 -0.0011259
9 4 3 0 -0.0000623
9 4 3 1 -0.0002607
9 4 3 2 0.0000000
9 4 3 3 -0.0007067
9 4 4 0 0.0000025
9 4 4 1 0.0005476
9 4 4 2 -0.0000000
9 4 4 3 -0.0002003
9 4 4 4 -0.0018096
9 4 5 0 -0.0000042
9 4 5 1 -0.0003115
9 4 5 2 -0.0000000
9 4 5 3 -0.0005534
9 4 5 4 -0.0009930
9 4 5 5 0.0000278
9 4 6 0 -0.0000000
9 4 6 1 0.0000000
9 4 6 2 -0.0000825
9 4 6 3 -0.0000000
9 4 6 4 -0.0000000
9 4 6 5 0.0000000
9 4 6 6 -0.0014068
9 4 7 0 -0.0000484
9 4 7 1 -0.0003761
9 4 7 2 0.0000000
9 4 7 3 0.0008128
9 4 7 4 0.0004129
9 4 7 5 -0.0000357
9 4 7 6 -0.0000000
9 4 7 7 0.0056809
9 4 8 0 0.0000000
9 4 8 1 0.0000000
9 4 8 2 -0.0029207
9 4 8 3 0.0000000
9 4 8 4 -0.0000000
9 4 8 5 0.0000000
9 4 8 6 -0.0024488
9 4 8 7 0.0000000
9 4 8 8 0.0082276
9 4 9 0 -0.0001604
9 4 9 1 0.0047943
9 4 9 2 0.0000000
9 4 9 3 0.0077045
9 4 9 4 0.0150406
9 4 9 5 -0.0129638
9 4 9 6 -0.0000000
9 4 9 7 -0.0004477
9 4 9 8 -0.0000000
9 4 9 9 0.1481053
9 5 0 0 0.0031145
9 5 1 0 0.0000947
9 5 1 1 0.0028227
9 5 2 0 0.0000000
9 5 2 1 -0.0000000
9 5 2 2 0.0000568
9 5 3 0 0.0001201
9 5 3 1 0.0016239
9 5 3 2 0.0000000
9 5 3 3 0.0026627
9 5 4 0 0.0000040
9 5 4 1 0.0034620
9 5 4 2 0.0000000
9 5 4 3 0.0016883
9 5 4 4 0.0023783
9 5 5 0 0.0001829
9 5 5 1 0.0002828
9 5 5 2 0.0000000
9 5 5 3 -0.0010333
9 5 5 4 -0.0025549
9 5 5 5 0.0037073
9 5 6 0 0.0000000
9 5 6 1 -0.0000000
9 5 6 2 -0.0017713
9 5 6 3 -0.0000000
9 5 6 4 -0.0000000
9 5 6 5 0.0000000
9 5 6 6 -0.0002606
9 5 7 0 -0.0000398
9 5 7 1 -0.0002117
9 5 7 2 -0.0000000
9 5 7 3 -0.0003543
9 5 7 4 -0.0004636
9 5 7 5 0.0004870
9 5 7 6 0.0000000
9 5 7 7 -0.0010315
9 5 8 0 0.0000000
9 5 8 1 -0.0000000
9 5 8 2 0.0008371
9 5 8 3 -0.0000000
9 5 8 4 -0.0000000
9 5 8 5 0.0000000
9 5 8 6 0.0002995
9 5 8 7 -0.0000000
9 5 8 8 -0.0033196
9 5 9 0 0.0001158
9 5 9 1 -0.0051577
9 5 9 2 -0.0000000
9 5 9 3 -0.0069888
9 5 9 4 -0.0129638
9 5 9 5 0.0122277
9 5 9 6 0.0000000
9 5 9 7 0.0009007
9 5 9 8 0.0000000
9 5 9 9 -0.0978558
9 6 0 0 0.0000000
9 6 1 0 0.0000000
9 6 1 1 0.0000000
9 6 2 0 0.0000655
9 6 2 1 0.0021010
9 6 2 2 -0.0000000
9 6 3 0 0.0000000
9 6 3 1 -0.0000000
9 6 3 2 -0.0005377
9 6 3 3 0.0000000
9 6 4 0 -0.0000000
9 6 4 1 0.0000000
9 6 4 2 -0.0025587
9 6 4 3 0.0000000
9 6 4 4 0.0000000
9 6 5 0 0.0000000
9 6 5 1 -0.0000000
9 6 5 2 -0.0003175
9 6 5 3 -0.0000000
9 6 5 4 0.0000000
9 6 5 5 0.0000000
9 6 6 0 -0.0000912
9 6 6 1 0.0014475
9 6 6 2 -0.0000000
9 6 6 3 0.0000185
9 6 6 4 -0.0028808
9 6 6 5 -0.0011479
9 6 6 6 0.0000000
9 6 7 0 -0.0000000
9 6 7 1 -0.0000000
9 6 7 2 0.0004181
9 6 7 3 -0.0000000
9 6 7 4 -0.0000000
9 6 7 5 0.0000000
9 6 7 6 -0.0000416
9 6 7 7 -0.0000000
9 6 8 0 -0.0000113
9 6 8 1 0.0018886
9 6 8 2 0.0000000
9 6 8 3 0.0012087
9 6 8 4 0.0009434
9 6 8 5 -0.0024018
9 6 8 6 -0.0000000
9 6 8 7 0.0001143
9 6 8 8 -0.0000000
9 6 9 0 0.0000000
9 6 9 1 -0.0000000
9 6 9 2 0.0012588
9 6 9 3 -0.0000000
9 6 9 4 -0.0000000
9 6 9 5 0.0000000
9 6 9 6 0.0011455
9 6 9 7 0.0000000
9 6 9 8 -0.0036623
9 6 9 9 -0.0000000
9 7 0 0 -0.0009786
9 7 1 0 0.0000863
9 7 1 1 0.0008763
9 7 2 0 -0.0000000
9 7 2 1 -0.0000000
9 7 2 2 0.0002501
9 7 3 0 -0.0000322
9 7 3 1 -0.0002309
9 7 3 2 -0.0000000
9 7 3 3 -0.0003563
9 7 4 0 0.0000442
9 7 4 1 -0.0001807
9 7 4 2 0.0000000
9 7 4 3 -0.0001050
9 7 4 4 0.0003969
9 7 5 0 0.0000827
9 7 5 1 -0.0003415
9 7 5 2 -0.0000000
9 7 5 3 -0.0001346
9 7 5 4 0.0004176
9 7 5 5 0.0000891
9 7 6 0 0.0000000
9 7 6 1 -0.0000000
9 7 6 2 0.0007375
9 7 6 3 -0.0000000
9 7 6 4 0.0000000
9 7 6 5 -0.0000000
9 7 6 6 0.0002463
9 7 7 0 -0.0000535
9 7 7 1 -0.0009161
9 7 7 2 -0.0000000
9 7 7 3 -0.0007873
9 7 7 4 -0.0018507
9 7 7 5 0.0014238
9 7 7 6 0.0000000
9 7 7 7 -0.0001771
9 7 8 0 -0.0000000
9 7 8 1 0.0000000
9 7 8 2 0.0002637
9 7 8 3 -0.0000000
9 7 8 4 0.0000000
9 7 8 5 -0.0000000
9 7 8 6 0.0003856
9 7 8 7 0.0000000
9 7 8 8 0.0000619
9 7 9 0 -0.0000186
9 7 9 1 -0.0007246
9 7 9 2 0.0000000
9 7 9 3 0.0005841
9 7 9 4 -0.0004477
9 7 9 5 0.0009007
9 7 9 6 0.0000000
9 7 9 7 0.0091562
9 7 9 8 0.0000000
9 7 9 9 -0.0149403
9 8 0 0 0.0000000
9 8 1 0 -0.0000000
9 8 1 1 0.0000000
9 8 2 0 0.0001044
9 8 2 1 0.0033072
9 8 2 2 -0.0000000
9 8 3 0 -0.0000000
9 8 3 1 -0.0000000
9 8 3 2 -0.0000039
9 8 3 3 -0.0000000
9 8 4 0 -0.0000000
9 8 4 1 0.0000000
9 8 4 2 -0.0020170
9 8 4 3 0.0000000
9 8 4 4 -0.0000000
9 8 5 0 0.0000000
9 8 5 1 -0.0000000
9 8 5 2 -0.0016230
9 8 5 3 0.0000000
9 8 5 4 0.0000000
9 8 5 5 0.0000000
9 8 6 0 -0.0001573
9 8 6 1 0.0023990
9 8 6 2 -0.0000000
9 8 6 3 0.0006976
9 8 6 4 -0.0026706
9 8 6 5 -0.0027779
9 8 6 6 -0.0000000
9 8 7 0 -0.0000000
9 8 7 1 0.0000000
9 8 7 2 0.0004574
9 8 7 3 -0.0000000
9 8 7 4 -0.0000000
9 8 7 5 0.0000000
9 8 7 6 -0.0000698
9 8 7 7 -0.0000000
9 8 8 0 -0.0000160
9 8 8 1 -0.0001385
9 8 8 2 -0.0000000
9 8 8 3 -0.0013705
9 8 8 4 -0.0042781
9 8 8 5 0.0013668
9 8 8 6 0.0000000
9 8 8 7 0.0004312
9 8 8 8 -0.0000000
9 8 9 0 0.0000000
9 8 9 1 -0.0000000
9 8 9 2 -0.0042459
9 8 9 3 0.0000000
9 8 9 4 -0.0000000
9 8 9 5 0.0000000
9 8 9 6 -0.0036623
9 8 9 7 0.0000000
9 8 9 8 0.0145315
9 8 9 9 -0.0000000
9 9 0 0 0.3431382
9 9 1 0 0.0035639
9 9 1 1 0.4964124
9 9 2 0 0.0000000
9 9 2 1 0.0000000
9 9 2 2 0.3733512
9 9 3 0 0.0048228
9 9 3 1 0.1215600
9 9 3 2 0.0000000
9 9 3 3 0.3897961
9 9 4 0 -0.0009286
9 9 4 1 0.1318087
9 9 4 2 0.0000000
9 9 4 3 0.1553215
9 9 4 4 0.5565464
9 9 5 0 0.0084474
9 9 5 1 -0.1201354
9 9 5 2 -0.0000000
9 9 5 3 -0.1411053
9 9 5 4 -0.1845509
9 9 5 5 0.5945305
9 9 6 0 0.0000000
9 9 6 1 -0.0000000
9 9 6 2 0.0548702
9 9 6 3 -0.0000000
9 9 6 4 -0.0000000
9 9 6 5 0.0000000
9 9 6 6 0.3622184
9 9 7 0 -0.0020421
9 9 7 1 -0.0111125
9 9 7 2 0.0000000
9 9 7 3 0.0462115
9 9 7 4 0.0064782
9 9 7 5 0.0163803
9 9 7 6 0.0000000
9 9 7 7 0.6182421
9 9 8 0 0.0000000
9 9 8 1 -0.0000000
9 9 8 2 -0.1093259
9 9 8 3 0.0000000
9 9 8 4 -0.0000000
9 9 8 5 0.0000000
9 9 8 6 -0.0891795
9 9 8 7 0.0000000
9 9 8 8 0.8416888
9 9 9 0 -0.0027324
9 9 9 1 0.0152246
9 9 9 2 0.0000000
9 9 9 3 0.0629950
9 9 9 4 0.1481053
9 9 9 5 -0.0978558
9 9 9 6 -0.0000000
9 9 9 7 -0.0149403
9 9 9 8 -0.0000000
9 9 9 9 3.4993864
10 0 0 0 0.0250965
10 0 1 0 -0.0010153
10 0 1 1 0.0027333
10 0 2 0 0.0000000
10 0 2 1 -0.0000000
10 0 2 2 0.0012608
10 0 3 0 0.0009600
10 0 3 1 -0.0015895
10 0 3 2 0.0000000
10 0 3 3 0.0025105
10 0 4 0 -0.0008705
10 0 4 1 0.0009541
10 0 4 2 -0.0000000
10 0 4 3 -0.0011948
10 0 4 4 0.0012603
10 0 5 0 -0.0013361
10 0 5 1 0.0021382
10 0 5 2 -0.0000000
10 0 5 3 -0.0008725
10 0 5 4 0.0011973
10 0 5 5 0.0022813
10 0 6 0 -0.0000000
10 0 6 1 0.0000000
10 0 6 2 -0.0004615
10 0 6 3 0.0000000
10 0 6 4 0.0000000
10 0 6 5 0.0000000
10 0 6 6 0.0011020
10 0 7 0 -0.0027170
10 0 7 1 -0.0004158
10 0 7 2 0.0000000
10 0 7 3 0.0005252
10 0 7 4 -0.0004511
10 0 7 5 -0.0007122
10 0 7 6 -0.0000000
10 0 7 7 -0.0012117
10 0 8 0 -0.0000000
10 0 8 1 0.0000000
10 0 8 2 0.0003533
10 0 8 3 -0.0000000
10 0 8 4 0.0000000
10 0 8 5 -0.0000000
10 0 8 6 0.0001905
10 0 8 7 -0.0000000
10 0 8 8 -0.0006591
10 0 9 0 0.0000359
10 0 9 1 0.0000600
10 0 9 2 -0.0000000
10 0 9 3 -0.0000133
10 0 9 4 -0.0000131
10 0 9 5 0.0000247
10 0 9 6 0.0000000
10 0 9 7 0.0000115
10 0 9 8 -0.0000000
10 0 9 9 -0.0008085
10 0 10 0 0.0006751
10 0 10 1 0.0005225
10 0 10 2 -0.0000000
10 0 10 3 -0.0000878
10 0 10 4 0.0001866
10 0 10 5 0.0000541
10 0 10 6 -0.0000000
10 0 10 7 -0.0000158
10 0 10 8 0.0000000
10 0 10 9 0.0000063
10 0 10 10 -0.0010837
10 1 0 0 0.0328973
10 1 1 0 0.0010087
10 1 1 1 0.0325742
10 1 2 0 -0.0000000
10 1 2 1 -0.0000000
10 1 2 2 0.0248833
10 1 3 0 -0.0006299
10 1 3 1 -0.0052058
10 1 3 2 0.0000000
10 1 3 3 0.0253405
10 1 4 0 0.0005296
10 1 4 1 -0.0000367
10 1 4 2 -0.0000000
10 1 4 3 -0.0035169
10 1 4 4 0.0256856
10 1 5 0 0.0010006
10 1 5 1 0.0114980
10 1 5 2 0.0000000
10 1 5 3 0.0007925
10 1 5 4 0.0083009
10 1 5 5 0.0216353
10 1 6 0 0.0000000
10 1 6 1 0.0000000
10 1 6 2 -0.0004697
10 1 6 3 0.0000000
10 1 6 4 0.0000000
10 1 6 5 -0.0000000
10 1 6 6 0.0250568
10 1 7 0 -0.0009429
10 1 7 1 0.0008826
10 1 7 2 0.0000000
10 1 7 3 0.0006571
10 1 7 4 -0.0003486
10 1 7 5 -0.0050650
10 1 7 6 -0.0000000
10 1 7 7 -0.0024673
10 1 8 0 -0.0000000
10 1 8 1 0.0000000
10 1 8 2 0.0114917
10 1 8 3 -0.0000000
10 1 8 4 0.0000000
10 1 8 5 -0.0000000
10 1 8 6 0.0091557
10 1 8 7 0.0000000
10 1 8 8 -0.0117024
10 1 9 0 0.0001145
10 1 9 1 0.0010727
10 1 9 2 -0.0000000
10 1 9 3 -0.0011776
10 1 9 4 -0.0035537
10 1 9 5 0.0020737
10 1 9 6 0.0000000
10 1 9 7 0.0003173
10 1 9 8 0.0000000
10 1 9 9 -0.0404109
10 1 10 0 0.0005225
10 1 10 1 0.0208322
10 1 10 2 0.0000000
10 1 10 3 0.0104443
10 1 10 4 0.0107589
10 1 10 5 -0.0198861
10 1 10 6 -0.0000000
10 1 10 7 -0.0019022
10 1 10 8 -0.0000000
10 1 10 9 0.0002116
10 1 10 10 -0.0528695
10 2 0 0 0.0000000
10 2 1 0 -0.0000000
10 2 1 1 0.0000000
10 2 2 0 -0.0006440
10 2 2 1 0.0002353
10 2 2 2 0.0000000
10 2 3 0 0.0000000
10 2 3 1 0.0000000
10 2 3 2 0.0007226
10 2 3 3 0.0000000
10 2 4 0 0.0000000
10 2 4 1 0.0000000
10 2 4 2 -0.0009081
10 2 4 3 0.0000000
10 2 4 4 0.0000000
10 2 5 0 -0.0000000
10 2 5 1 -0.0000000
10 2 5 2 -0.0015046
10 2 5 3 0.0000000
10 2 5 4 -0.0000000
10 2 5 5 0.0000000
10 2 6 0 0.0009754
10 2 6 1 0.0017630
10 2 6 2 -0.0000000
10 2 6 3 -0.0016361
10 2 6 4 -0.0007704
10 2 6 5 -0.0002692
10 2 6 6 0.0000000
10 2 7 0 0.0000000
10 2 7 1 0.0000000
10 2 7 2 -0.0032451
10 2 7 3 0.0000000
10 2 7 4 0.0000000
10 2 7 5 -0.0000000
10 2 7 6 0.0032115
10 2 7 7 0.0000000
10 2 8 0 0.0000878
10 2 8 1 -0.0001415
10 2 8 2 0.0000000
10 2 8 3 -0.0020535
10 2 8 4 -0.0042700
10 2 8 5 0.0038361
10 2 8 6 0.0000000
10 2 8 7 0.0006888
10 2 8 8 0.0000000
10 2 9 0 0.0000000
10 2 9 1 -0.0000000
10 2 9 2 -0.0004711
10 2 9 3 -0.0000000
10 2 9 4 -0.0000000
10 2 9 5 0.0000000
10 2 9 6 -0.0005608
10 2 9 7 -0.0000000
10 2 9 8 0.0009304
10 2 9 9 -0.0000000
10 2 10 0 -0.0000000
10 2 10 1 0.0000000
10 2 10 2 0.0070837
10 2 10 3 0.0000000
10 2 10 4 0.0000000
10 2 10 5 -0.0000000
10 2 10 6 0.0042641
10 2 10 7 0.0000000
10 2 10 8 -0.0232211
10 2 10 9 -0.0000000
10 2 10 10 -0.0000000
10 3 0 0 0.0102169
10 3 1 0 -0.0007052
10 3 1 1 0.0097463
10 3 2 0 0.0000000
10 3 2 1 0.0000000
10 3 2 2 0.0086673
10 3 3 0 -0.0002552
10 3 3 1 0.0029353
10 3 3 2 0.0000000
10 3 3 3 0.0114540
10 3 4 0 -0.0001830
10 3 4 1 0.0013588
10 3 4 2 0.0000000
10 3 4 3 0.0020114
10 3 4 4 0.0129000
10 3 5 0 -0.0012605
10 3 5 1 -0.0016446
10 3 5 2 0.0000000
10 3 5 3 0.0010147
10 3 5 4 -0.0035747
10 3 5 5 0.0089006
10 3 6 0 -0.0000000
10 3 6 1 -0.0000000
10 3 6 2 -0.0014085
10 3 6 3 0.0000000
10 3 6 4 -0.0000000
10 3 6 5 0.0000000
10 3 6 6 0.0103923
10 3 7 0 0.0004676
10 3 7 1 0.0016420
10 3 7 2 0.0000000
10 3 7 3 -0.0026430
10 3 7 4 0.0047523
10 3 7 5 -0.0047412
10 3 7 6 -0.0000000
10 3 7 7 0.0065356
10 3 8 0 -0.0000000
10 3 8 1 -0.0000000
10 3 8 2 0.0029650
10 3 8 3 -0.0000000
10 3 8 4 0.0000000
10 3 8 5 -0.0000000
10 3 8 6 0.0027388
10 3 8 7 -0.0000000
10 3 8 8 0.0037005
10 3 9 0 0.0000306
10 3 9 1 -0.0000654
10 3 9 2 -0.0000000
10 3 9 3 -0.0010176
10 3 9 4 -0.0024837
10 3 9 5 0.0017624
10 3 9 6 0.0000000
10 3 9 7 -0.0001597
10 3 9 8 -0.0000000
10 3 9 9 -0.0089309
10 3 10 0 -0.0000878
10 3 10 1 0.0104443
10 3 10 2 0.0000000
10 3 10 3 0.0096559
10 3 10 4 0.0091471
10 3 10 5 -0.0134095
10 3 10 6 -0.0000000
10 3 10 7 0.0092585
10 3 10 8 0.0000000
10 3 10 9 -0.0011208
10 3 10 10 -0.0175873
10 4 0 0 0.0130385
10 4 1 0 0.0009780
10 4 1 1 0.0223088
10 4 2 0 0.0000000
10 4 2 1 0.0000000
10 4 2 2 0.0089202
10 4 3 0 0.0000645
10 4 3 1 0.0050413
10 4 3 2 0.0000000
10 4 3 3 0.0148703
10 4 4 0 0.0002620
10 4 4 1 0.0121739
10 4 4 2 0.0000000
10 4 4 3 0.0078732
10 4 4 4 0.0197212
10 4 5 0 0.0014529
10 4 5 1 0.0004206
10 4 5 2 -0.0000000
10 4 5 3 -0.0080462
10 4 5 4 -0.0087006
10 4 5 5 0.0225170
10 4 6 0 0.0000000
10 4 6 1 -0.0000000
10 4 6 2 -0.0012718
10 4 6 3 -0.0000000
10 4 6 4 -0.0000000
10 4 6 5 0.0000000
10 4 6 6 0.0066643
10 4 7 0 -0.0007795
10 4 7 1 0.0006611
10 4 7 2 0.0000000
10 4 7 3 0.0056094
10 4 7 4 0.0035220
10 4 7 5 -0.0031382
10 4 7 6 -0.0000000
10 4 7 7 0.0175872
10 4 8 0 0.0000000
10 4 8 1 0.0000000
10 4 8 2 -0.0013783
10 4 8 3 0.0000000
10 4 8 4 -0.0000000
10 4 8 5 0.0000000
10 4 8 6 -0.0015316
10 4 8 7 0.0000000
10 4 8 8 0.0223242
10 4 9 0 0.0000354
10 4 9 1 -0.0007818
10 4 9 2 -0.0000000
10 4 9 3 -0.0016106
10 4 9 4 -0.0029251
10 4 9 5 0.0029309
10 4 9 6 0.0000000
10 4 9 7 -0.0002324
10 4 9 8 0.0000000
10 4 9 9 0.0166162
10 4 10 0 0.0001866
10 4 10 1 0.0107589
10 4 10 2 0.0000000
10 4 10 3 0.0091471
10 4 10 4 0.0133693
10 4 10 5 -0.0146476
10 4 10 6 -0.0000000
10 4 10 7 0.0120323
10 4 10 8 -0.0000000
10 4 10 9 -0.0031113
10 4 10 10 0.0004999
10 5 0 0 -0.0149333
10 5 1 0 0.0001541
10 5 1 1 -0.0212509
10 5 2 0 -0.0000000
10 5 2 1 -0.0000000
10 5 2 2 -0.0175323
10 5 3 0 -0.0019509
10 5 3 1 -0.0067013
10 5 3 2 0.0000000
10 5 3 3 -0.0097742
10 5 4 0 0.0006624
10 5 4 1 0.0010233
10 5 4 2 -0.0000000
10 5 4 3 -0.0076830
10 5 4 4 -0.0241328
10 5 5 0 -0.0011367
10 5 5 1 -0.0003238
10 5 5 2 0.0000000
10 5 5 3 -0.0001478
10 5 5 4 -0.0003885
10 5 5 5 -0.0190080
10 5 6 0 0.0000000
10 5 6 1 -0.0000000
10 5 6 2 -0.0035662
10 5 6 3 0.0000000
10 5 6 4 0.0000000
10 5 6 5 0.0000000
10 5 6 6 -0.0180820
10 5 7 0 -0.0007177
10 5 7 1 -0.0042726
10 5 7 2 -0.0000000
10 5 7 3 -0.0028440
10 5 7 4 -0.0010687
10 5 7 5 -0.0025143
10 5 7 6 0.0000000
10 5 7 7 -0.0067838
10 5 8 0 -0.0000000
10 5 8 1 -0.0000000
10 5 8 2 -0.0071346
10 5 8 3 0.0000000
10 5 8 4 0.0000000
10 5 8 5 0.0000000
10 5 8 6 -0.0064488
10 5 8 7 -0.0000000
10 5 8 8 -0.0070321
10 5 9 0 -0.0000663
10 5 9 1 -0.0000270
10 5 9 2 0.0000000
10 5 9 3 0.0018814
10 5 9 4 0.0049115
10 5 9 5 -0.0032745
10 5 9 6 -0.0000000
10 5 9 7 -0.0001294
10 5 9 8 -0.0000000
10 5 9 9 0.0288911
10 5 10 0 0.0000541
10 5 10 1 -0.0198861
10 5 10 2 -0.0000000
10 5 10 3 -0.0134095
10 5 10 4 -0.0146476
10 5 10 5 0.0268670
10 5 10 6 0.0000000
10 5 10 7 -0.0031909
10 5 10 8 0.0000000
10 5 10 9 0.0002456
10 5 10 10 0.0432722
10 6 0 0 -0.0000000
10 6 1 0 -0.0000000
10 6 1 1 -0.0000000
10 6 2 0 0.0012969
10 6 2 1 0.0086177
10 6 2 2 -0.0000000
10 6 3 0 -0.0000000
10 6 3 1 -0.0000000
10 6 3 2 -0.0035107
10 6 3 3 -0.0000000
10 6 4 0 -0.0000000
10 6 4 1 -0.0000000
10 6 4 2 -0.0064990
10 6 4 3 -0.0000000
10 6 4 4 -0.0000000
10 6 5 0 0.0000000
10 6 5 1 -0.0000000
10 6 5 2 -0.0007023
10 6 5 3 0.0000000
10 6 5 4 0.0000000
10 6 5 5 -0.0000000
10 6 6 0 -0.0019698
10 6 6 1 0.0028581
10 6 6 2 0.0000000
10 6 6 3 0.0030042
10 6 6 4 -0.0088480
10 6 6 5 -0.0053847
10 6 6 6 -0.0000000
10 6 7 0 -0.0000000
10 6 7 1 -0.0000000
10 6 7 2 0.0043508
10 6 7 3 -0.0000000
10 6 7 4 -0.0000000
10 6 7 5 0.0000000
10 6 7 6 -0.0047281
10 6 7 7 -0.0000000
10 6 8 0 0.0000970
10 6 8 1 0.0031281
10 6 8 2 -0.0000000
10 6 8 3 -0.0004539
10 6 8 4 -0.0043716
10 6 8 5 0.0003893
10 6 8 6 -0.0000000
10 6 8 7 0.0013414
10 6 8 8 -0.0000000
10 6 9 0 -0.0000000
10 6 9 1 0.0000000
10 6 9 2 -0.0002934
10 6 9 3 0.0000000
10 6 9 4 0.0000000
10 6 9 5 -0.0000000
10 6 9 6 -0.0002646
10 6 9 7 -0.0000000
10 6 9 8 0.0014150
10 6 9 9 0.0000000
10 6 10 0 -0.0000000
10 6 10 1 -0.0000000
10 6 10 2 0.0042641
10 6 10 3 -0.0000000
10 6 10 4 -0.0000000
10 6 10 5 0.0000000
10 6 10 6 0.0055889
10 6 10 7 -0.0000000
10 6 10 8 -0.0152154
10 6 10 9 0.0000000
10 6 10 10 0.0000000
10 7 0 0 -0.0551879
10 7 1 0 0.0026765
10 7 1 1 0.0069063
10 7 2 0 -0.0000000
10 7 2 1 0.0000000
10 7 2 2 -0.0113847
10 7 3 0 -0.0015579
10 7 3 1 0.0047103
10 7 3 2 -0.0000000
10 7 3 3 -0.0176028
10 7 4 0 0.0012702
10 7 4 1 0.0034804
10 7 4 2 0.0000000
10 7 4 3 0.0167409
10 7 4 4 0.0137374
10 7 5 0 0.0027550
10 7 5 1 -0.0185233
10 7 5 2 -0.0000000
10 7 5 3 -0.0205164
10 7 5 4 -0.0082135
10 7 5 5 -0.0027618
10 7 6 0 0.0000000
10 7 6 1 -0.0000000
10 7 6 2 0.0229106
10 7 6 3 -0.0000000
10 7 6 4 -0.0000000
10 7 6 5 0.0000000
10 7 6 6 -0.0153161
10 7 7 0 -0.0023878
10 7 7 1 0.0025355
10 7 7 2 0.0000000
10 7 7 3 0.0158465
10 7 7 4 0.0179109
10 7 7 5 -0.0180441
10 7 7 6 -0.0000000
10 7 7 7 -0.0054842
10 7 8 0 0.0000000
10 7 8 1 -0.0000000
10 7 8 2 -0.0057236
10 7 8 3 0.0000000
10 7 8 4 -0.0000000
10 7 8 5 0.0000000
10 7 8 6 -0.0005744
10 7 8 7 -0.0000000
10 7 8 8 0.0340599
10 7 9 0 -0.0000872
10 7 9 1 -0.0000788
10 7 9 2 0.0000000
10 7 9 3 0.0000972
10 7 9 4 0.0011762
10 7 9 5 -0.0009831
10 7 9 6 -0.0000000
10 7 9 7 -0.0002962
10 7 9 8 -0.0000000
10 7 9 9 0.0632169
10 7 10 0 -0.0000158
10 7 10 1 -0.0019022
10 7 10 2 0.0000000
10 7 10 3 0.0092585
10 7 10 4 0.0120323
10 7 10 5 -0.0031909
10 7 10 6 -0.0000000
10 7 10 7 0.0750982
10 7 10 8 0.0000000
10 7 10 9 -0.0038249
10 7 10 10 0.0676330
10 8 0 0 0.0000000
10 8 1 0 -0.0000000
10 8 1 1 0.0000000
10 8 2 0 0.0010426
10 8 2 1 0.0262732
10 8 2 2 -0.0000000
10 8 3 0 -0.0000000
10 8 3 1 -0.0000000
10 8 3 2 -0.0043128
10 8 3 3 0.0000000
10 8 4 0 -0.0000000
10 8 4 1 0.0000000
10 8 4 2 -0.0268900
10 8 4 3 0.0000000
10 8 4 4 -0.0000000
10 8 5 0 0.0000000
10 8 5 1 -0.0000000
10 8 5 2 -0.0036912
10 8 5 3 0.0000000
10 8 5 4 0.0000000
10 8 5 5 0.0000000
10 8 6 0 -0.0012867
10 8 6 1 0.0178877
10 8 6 2 0.0000000
10 8 6 3 0.0016389
10 8 6 4 -0.0308379
10 8 6 5 -0.0155966
10 8 6 6 -0.0000000
10 8 7 0 -0.0000000
10 8 7 1 0.0000000
10 8 7 2 0.0049202
10 8 7 3 -0.0000000
10 8 7 4 0.0000000
10 8 7 5 -0.0000000
10 8 7 6 0.0012672
10 8 7 7 -0.0000000
10 8 8 0 -0.0004835
10 8 8 1 0.0206397
10 8 8 2 0.0000000
10 8 8 3 0.0165558
10 8 8 4 0.0145479
10 8 8 5 -0.0354818
10 8 8 6 -0.0000000
10 8 8 7 0.0012063
10 8 8 8 -0.0000000
10 8 9 0 -0.0000000
10 8 9 1 0.0000000
10 8 9 2 0.0025916
10 8 9 3 -0.0000000
10 8 9 4 0.0000000
10 8 9 5 -0.0000000
10 8 9 6 0.0032501
10 8 9 7 -0.0000000
10 8 9 8 0.0000316
10 8 9 9 0.0000000
10 8 10 0 0.0000000
10 8 10 1 -0.0000000
10 8 10 2 -0.0232211
10 8 10 3 0.0000000
10 8 10 4 -0.0000000
10 8 10 5 0.0000000
10 8 10 6 -0.0152154
10 8 10 7 0.0000000
10 8 10 8 0.1090359
10 8 10 9 0.0000000
10 8 10 10 -0.0000000
10 9 0 0 -0.0125060
10 9 1 0 -0.0002144
10 9 1 1 -0.0230854
10 9 2 0 -0.0000000
10 9 2 1 -0.0000000
10 9 2 2 -0.0136951
10 9 3 0 -0.0003762
10 9 3 1 -0.0106042
10 9 3 2 -0.0000000
10 9 3 3 -0.0179474
10 9 4 0 0.0001186
10 9 4 1 -0.0135482
10 9 4 2 -0.0000000
10 9 4 3 -0.0144353
10 9 4 4 -0.0315403
10 9 5 0 -0.0006194
10 9 5 1 0.0099182
10 9 5 2 0.0000000
10 9 5 3 0.0123714
10 9 5 4 0.0195402
10 9 5 5 -0.0342731
10 9 6 0 -0.0000000
10 9 6 1 0.0000000
10 9 6 2 -0.0027653
10 9 6 3 0.0000000
10 9 6 4 0.0000000
10 9 6 5 -0.0000000
10 9 6 6 -0.0123717
10 9 7 0 0.0001054
10 9 7 1 0.0011001
10 9 7 2 -0.0000000
10 9 7 3 -0.0030775
10 9 7 4 -0.0005872
10 9 7 5 -0.0016913
10 9 7 6 -0.0000000
10 9 7 7 -0.0335518
10 9 8 0 -0.0000000
10 9 8 1 0.0000000
10 9 8 2 0.0096657
10 9 8 3 -0.0000000
10 9 8 4 0.0000000
10 9 8 5 -0.0000000
10 9 8 6 0.0088233
10 9 8 7 -0.0000000
10 9 8 8 -0.0496115
10 9 9 0 0.0002713
10 9 9 1 -0.0039943
10 9 9 2 -0.0000000
10 9 9 3 -0.0082212
10 9 9 4 -0.0178632
10 9 9 5 0.0137084
10 9 9 6 0.0000000
10 9 9 7 0.0036630
10 9 9 8 0.0000000
10 9 9 9 -0.3648283
10 9 10 0 0.0000063
10 9 10 1 0.0002116
10 9 10 2 -0.0000000
10 9 10 3 -0.0011208
10 9 10 4 -0.0031113
10 9 10 5 0.0002456
10 9 10 6 0.0000000
10 9 10 7 -0.0038249
10 9 10 8 0.0000000
10 9 10 9 0.0530068
10 9 10 10 -0.0389063
10 10 0 0 0.2902844
10 10 1 0 0.0021417
10 10 1 1 0.3803904
10 10 2 0 0.0000000
10 10 2 1 0.0000000
10 10 2 2 0.3097478
10 10 3 0 0.0028862
10 10 3 1 0.0626284
10 10 3 2 -0.0000000
10 10 3 3 0.3015466
10 10 4 0 -0.0004164
10 10 4 1 0.0572716
10 10 4 2 0.0000000
10 10 4 3 0.0738356
10 10 4 4 0.3868281
10 10 5 0 0.0046672
10 10 5 1 -0.0659295
10 10 5 2 -0.0000000
10 10 5 3 -0.0733862
10 10 5 4 -0.0756518
10 10 5 5 0.4179327
10 10 6 0 0.0000000
10 10 6 1 -0.0000000
10 10 6 2 0.0398372
10 10 6 3 -0.0000000
10 10 6 4 -0.0000000
10 10 6 5 0.0000000
10 10 6 6 0.3058735
10 10 7 0 -0.0014380
10 10 7 1 -0.0033304
10 10 7 2 0.0000000
10 10 7 3 0.0365082
10 10 7 4 0.0149915
10 10 7 5 -0.0008254
10 10 7 6 -0.0000000
10 10 7 7 0.4644440
10 10 8 0 0.0000000
10 10 8 1 -0.0000000
10 10 8 2 -0.0662384
10 10 8 3 0.0000000
10 10 8 4 -0.0000000
10 10 8 5 0.0000000
10 10 8 6 -0.0491532
10 10 8 7 0.0000000
10 10 8 8 0.6110813
10 10 9 0 -0.0005264
10 10 9 1 -0.0039380
10 10 9 2 0.0000000
10 10 9 3 0.0048233
10 10 9 4 0.0158788
10 10 9 5 -0.0077459
10 10 9 6 -0.0000000
10 10 9 7 -0.0004448
10 10 9 8 -0.0000000
10 10 9 9 0.8412170
10 10 10 0 -0.0010837
10 10 10 1 -0.0528695
10 10 10 2 -0.0000000
10 10 10 3 -0.0175873
10 10 10 4 0.0004999
10 10 10 5 0.0432722
10 10 10 6 0.0000000
10 10 10 7 0.0676330
10 10 10 8 -0.0000000
10 10 10 9 -0.0389063
10 10 10 10 0.7072844
11 0 0 0 -0.0814079
11 0 1 0 0.0035043
11 0 1 1 -0.0073046
11 0 2 0 -0.0000000
11 0 2 1 0.0000000
11 0 2 2 -0.0007863
11 0 3 0 -0.0029889
11 0 3 1 0.0053582
11 0 3 2 -0.0000000
11 0 3 3 -0.0047236
11 0 4 0 0.0030027
11 0 4 1 -0.0034299
11 0 4 2 0.0000000
11 0 4 3 0.0028034
11 0 4 4 -0.0036409
11 0 5 0 0.0050438
11 0 5 1 -0.0045558
11 0 5 2 0.0000000
11 0 5 3 0.0057498
11 0 5 4 -0.0033712
11 0 5 5 -0.0042650
11 0 6 0 0.0000000
11 0 6 1 -0.0000000
11 0 6 2 -0.0016617
11 0 6 3 0.0000000
11 0 6 4 -0.0000000
11 0 6 5 -0.0000000
11 0 6 6 0.0006694
11 0 7 0 0.0111465
11 0 7 1 0.0016981
11 0 7 2 -0.0000000
11 0 7 3 -0.0025324
11 0 7 4 0.0015933
11 0 7 5 0.0032659
11 0 7 6 0.0000000
11 0 7 7 0.0064517
11 0 8 0 0.0000000
11 0 8 1 -0.0000000
11 0 8 2 -0.0001550
11 0 8 3 0.0000000
11 0 8 4 -0.0000000
11 0 8 5 0.0000000
11 0 8 6 -0.0002291
11 0 8 7 -0.0000000
11 0 8 8 -0.0008654
11 0 9 0 -0.0001215
11 0 9 1 -0.0000956
11 0 9 2 0.0000000
11 0 9 3 0.0000616
11 0 9 4 -0.0000191
11 0 9 5 -0.0000558
11 0 9 6 -0.0000000
11 0 9 7 -0.0000475
11 0 9 8 -0.0000000
11 0 9 9 -0.0008099
11 0 10 0 -0.0026934
11 0 10 1 -0.0011138
11 0 10 2 0.0000000
11 0 10 3 0.0004960
11 0 10 4 -0.0007375
11 0 10 5 -0.0007450
11 0 10 6 -0.0000000
11 0 10 7 -0.0020184
11 0 10 8 0.0000000
11 0 10 9 -0.0000019
11 0 10 10 -0.0005748
11 0 11 0 0.0110495
11 0 11 1 0.0033970
11 0 11 2 -0.0000000
11 0 11 3 -0.0020130
11 0 11 4 0.0024862
11 0 11 5 0.0034481
11 0 11 6 0.0000000
11 0 11 7 0.0071466
11 0 11 8 0.0000000
11 0 11 9 0.0000719
11 0 11 10 -0.0010747
11 0 11 11 0.0067901
11 1 0 0 -0.0096757
11 1 1 0 -0.0021705
11 1 1 1 -0.0106560
11 1 2 0 0.0000000
11 1 2 1 0.0000000
11 1 2 2 0.0011376
11 1 3 0 0.0049155
11 1 3 1 0.0222350
11 1 3 2 -0.0000000
11 1 3 3 -0.0150653
11 1 4 0 -0.0021824
11 1 4 1 -0.0043795
11 1 4 2 0.0000000
11 1 4 3 0.0140689
11 1 4 4 -0.0009969
11 1 5 0 0.0001844
11 1 5 1 -0.0084079
11 1 5 2 0.0000000
11 1 5 3 0.0098876
11 1 5 4 -0.0077889
11 1 5 5 0.0036196
11 1 6 0 0.0000000
11 1 6 1 -0.0000000
11 1 6 2 -0.0016119
11 1 6 3 0.0000000
11 1 6 4 -0.0000000
11 1 6 5 0.0000000
11 1 6 6 -0.0000433
11 1 7 0 0.0031939
11 1 7 1 0.0019208
11 1 7 2 -0.0000000
11 1 7 3 -0.0068219
11 1 7 4 -0.0083795
11 1 7 5 0.0246714
11 1 7 6 0.0000000
11 1 7 7 0.0119834
11 1 8 0 0.0000000
11 1 8 1 0.0000000
11 1 8 2 -0.0002780
11 1 8 3 0.0000000
11 1 8 4 -0.0000000
11 1 8 5 0.0000000
11 1 8 6 -0.0017453
11 1 8 7 0.0000000
11 1 8 8 0.0078854
11 1 9 0 -0.0000548
11 1 9 1 -0.0007480
11 1 9 2 0.0000000
11 1 9 3 0.0000393
11 1 9 4 -0.0007435
11 1 9 5 0.0006322
11 1 9 6 0.0000000
11 1 9 7 0.0003556
11 1 9 8 0.0000000
11 1 9 9 0.0085831
11 1 10 0 -0.0008421
11 1 10 1 -0.0038064
11 1 10 2 0.0000000
11 1 10 3 0.0003212
11 1 10 4 -0.0011737
11 1 10 5 -0.0058699
11 1 10 6 -0.0000000
11 1 10 7 -0.0119281
11 1 10 8 -0.0000000
11 1 10 9 -0.0020038
11 1 10 10 -0.0089755
11 1 11 0 0.0033970
11 1 11 1 0.0276417
11 1 11 2 0.0000000
11 1 11 3 0.0095057
11 1 11 4 0.0148886
11 1 11 5 0.0065865
11 1 11 6 0.0000000
11 1 11 7 0.0007061
11 1 11 8 -0.0000000
11 1 11 9 0.0000237
11 1 11 10 0.0066648
11 1 11 11 0.0193594
11 2 0 0 0.0000000
11 2 1 0 0.0000000
11 2 1 1 0.0000000
11 2 2 0 0.0043383
11 2 2 1 0.0172248
11 2 2 2 -0.0000000
11 2 3 0 -0.0000000
11 2 3 1 -0.0000000
11 2 3 2 -0.0081172
11 2 3 3 0.0000000
11 2 4 0 -0.0000000
11 2 4 1 0.0000000
11 2 4 2 -0.0088952
11 2 4 3 0.0000000
11 2 4 4 0.0000000
11 2 5 0 0.0000000
11 2 5 1 0.0000000
11 2 5 2 0.0049421
11 2 5 3 -0.0000000
11 2 5 4 0.0000000
11 2 5 5 0.0000000
11 2 6 0 -0.0065192
11 2 6 1 -0.0024385
11 2 6 2 0.0000000
11 2 6 3 0.0094815
11 2 6 4 -0.0120194
11 2 6 5 -0.0099254
11 2 6 6 -0.0000000
11 2 7 0 -0.0000000
11 2 7 1 -0.0000000
11 2 7 2 0.0155535
11 2 7 3 0.0000000
11 2 7 4 -0.0000000
11 2 7 5 0.0000000
11 2 7 6 -0.0181369
11 2 7 7 0.0000000
11 2 8 0 0.0001314
11 2 8 1 0.0038934
11 2 8 2 0.0000000
11 2 8 3 0.0010812
11 2 8 4 -0.0026180
11 2 8 5 -0.0001681
11 2 8 6 0.0000000
11 2 8 7 0.0036970
11 2 8 8 0.0000000
11 2 9 0 0.0000000
11 2 9 1 0.0000000
11 2 9 2 0.0000472
11 2 9 3 -0.0000000
11 2 9 4 -0.0000000
11 2 9 5 0.0000000
11 2 9 6 0.0000628
11 2 9 7 0.0000000
11 2 9 8 0.0005443
11 2 9 9 -0.0000000
11 2 10 0 0.0000000
11 2 10 1 0.0000000
11 2 10 2 -0.0019588
11 2 10 3 -0.0000000
11 2 10 4 0.0000000
11 2 10 5 -0.0000000
11 2 10 6 0.0054225
11 2 10 7 -0.0000000
11 2 10 8 -0.0038159
11 2 10 9 -0.0000000
11 2 10 10 -0.0000000
11 2 11 0 -0.0000000
11 2 11 1 0.0000000
11 2 11 2 0.0189779
11 2 11 3 0.0000000
11 2 11 4 -0.0000000
11 2 11 5 0.0000000
11 2 11 6 -0.0166194
11 2 11 7 -0.0000000
11 2 11 8 -0.0009726
11 2 11 9 -0.0000000
11 2 11 10 0.0000000
11 2 11 11 0.0000000
11 3 0 0 0.0181545
11 3 1 0 0.0038426
11 3 1 1 0.0344350
11 3 2 0 -0.0000000
11 3 2 1 -0.0000000
11 3 2 2 0.0135568
11 3 3 0 0.0034642
11 3 3 1 0.0044484
11 3 3 2 -0.0000000
11 3 3 3 0.0029851
11 3 4 0 0.0002968
11 3 4 1 0.0080162
11 3 4 2 0.0000000
11 3 4 3 0.0094118
11 3 4 4 0.0181638
11 3 5 0 0.0081277
11 3 5 1 0.0142757
11 3 5 2 -0.0000000
11 3 5 3 -0.0082710
11 3 5 4 0.0081347
11 3 5 5 0.0314138
11 3 6 0 0.0000000
11 3 6 1 0.0000000
11 3 6 2 0.0061727
11 3 6 3 -0.0000000
11 3 6 4 0.0000000
11 3 6 5 0.0000000
11 3 6 6 0.0057887
11 3 7 0 -0.0019739
11 3 7 1 -0.0033378
11 3 7 2 0.0000000
11 3 7 3 0.0153962
11 3 7 4 -0.0145456
11 3 7 5 0.0193754
11 3 7 6 0.0000000
11 3 7 7 0.0016199
11 3 8 0 -0.0000000
11 3 8 1 -0.0000000
11 3 8 2 0.0037303
11 3 8 3 -0.0000000
11 3 8 4 0.0000000
11 3 8 5 -0.0000000
11 3 8 6 0.0014499
11 3 8 7 -0.0000000
11 3 8 8 0.0101022
11 3 9 0 0.0000622
11 3 9 1 0.0002335
11 3 9 2 -0.0000000
11 3 9 3 -0.0003910
11 3 9 4 -0.0010997
11 3 9 5 0.0011109
11 3 9 6 0.0000000
11 3 9 7 0.0008481
11 3 9 8 -0.0000000
11 3 9 9 0.0003101
11 3 10 0 0.0006301
11 3 10 1 0.0047786
11 3 10 2 -0.0000000
11 3 10 3 -0.0035800
11 3 10 4 0.0027646
11 3 10 5 -0.0066711
11 3 10 6 -0.0000000
11 3 10 7 -0.0059648
11 3 10 8 0.0000000
11 3 10 9 -0.0002354
11 3 10 10 -0.0087967
11 3 11 0 -0.0020130
11 3 11 1 0.0095057
11 3 11 2 0.0000000
11 3 11 3 0.0300468
11 3 11 4 0.0025105
11 3 11 5 0.0048439
11 3 11 6 0.0000000
11 3 11 7 -0.0065040
11 3 11 8 0.0000000
11 3 11 9 -0.0004383
11 3 11 10 0.0029196
11 3 11 11 0.0122670
11 4 0 0 0.0088629
11 4 1 0 -0.0025864
11 4 1 1 -0.0079303
11 4 2 0 -0.0000000
11 4 2 1 -0.0000000
11 4 2 2 -0.0017559
11 4 3 0 0.0014310
11 4 3 1 0.0092996
11 4 3 2 0.0000000
11 4 3 3 0.0042154
11 4 4 0 -0.0012854
11 4 4 1 0.0009712
11 4 4 2 0.0000000
11 4 4 3 0.0015974
11 4 4 4 -0.0032379
11 4 5 0 -0.0028963
11 4 5 1 -0.0040145
11 4 5 2 0.0000000
11 4 5 3 0.0097383
11 4 5 4 -0.0071306
11 4 5 5 0.0019594
11 4 6 0 0.0000000
11 4 6 1 -0.0000000
11 4 6 2 -0.0066278
11 4 6 3 0.0000000
11 4 6 4 0.0000000
11 4 6 5 0.0000000
11 4 6 6 0.0022958
11 4 7 0 0.0024872
11 4 7 1 -0.0043140
11 4 7 2 -0.0000000
11 4 7 3 -0.0138941
11 4 7 4 -0.0091242
11 4 7 5 0.0144554
11 4 7 6 0.0000000
11 4 7 7 0.0123630
11 4 8 0 -0.0000000
11 4 8 1 -0.0000000
11 4 8 2 -0.0009186
11 4 8 3 0.0000000
11 4 8 4 -0.0000000
11 4 8 5 0.0000000
11 4 8 6 -0.0017431
11 4 8 7 0.0000000
11 4 8 8 0.0008245
11 4 9 0 -0.0000210
11 4 9 1 -0.0007439
11 4 9 2 -0.0000000
11 4 9 3 -0.0001749
11 4 9 4 -0.0009731
11 4 9 5 0.0010755
11 4 9 6 0.0000000
11 4 9 7 0.0013026
11 4 9 8 -0.0000000
11 4 9 9 -0.0030150
11 4 10 0 -0.0005310
11 4 10 1 -0.0004408
11 4 10 2 0.0000000
11 4 10 3 0.0002905
11 4 10 4 -0.0024187
11 4 10 5 -0.0022019
11 4 10 6 -0.0000000
11 4 10 7 -0.0189953
11 4 10 8 -0.0000000
11 4 10 9 -0.0005835
11 4 10 10 -0.0161885
11 4 11 0 0.0024862
11 4 11 1 0.0148886
11 4 11 2 -0.0000000
11 4 11 3 0.0025105
11 4 11 4 0.0172944
11 4 11 5 -0.0069533
11 4 11 6 -0.0000000
11 4 11 7 0.0047834
11 4 11 8 -0.0000000
11 4 11 9 -0.0008947
11 4 11 10 0.0086457
11 4 11 11 0.0197568
11 5 0 0 0.0090822
11 5 1 0 -0.0012980
11 5 1 1 -0.0000155
11 5 2 0 0.0000000
11 5 2 1 0.0000000
11 5 2 2 0.0046890
11 5 3 0 0.0077641
11 5 3 1 0.0142531
11 5 3 2 -0.0000000
11 5 3 3 -0.0177561
11 5 4 0 -0.0028798
11 5 4 1 -0.0047111
11 5 4 2 0.0000000
11 5 4 3 0.0127231
11 5 4 4 -0.0028712
11 5 5 0 0.0032218
11 5 5 1 0.0026251
11 5 5 2 0.0000000
11 5 5 3 0.0072566
11 5 5 4 0.0013003
11 5 5 5 0.0105890
11 5 6 0 -0.0000000
11 5 6 1 0.0000000
11 5 6 2 -0.0011410
11 5 6 3 0.0000000
11 5 6 4 -0.0000000
11 5 6 5 -0.0000000
11 5 6 6 0.0034456
11 5 7 0 0.0031167
11 5 7 1 0.0138695
11 5 7 2 0.0000000
11 5 7 3 0.0144610
11 5 7 4 0.0093216
11 5 7 5 0.0096607
11 5 7 6 -0.0000000
11 5 7 7 0.0095522
11 5 8 0 0.0000000
11 5 8 1 0.0000000
11 5 8 2 0.0005991
11 5 8 3 0.0000000
11 5 8 4 -0.0000000
11 5 8 5 -0.0000000
11 5 8 6 -0.0002459
11 5 8 7 -0.0000000
11 5 8 8 0.0026595
11 5 9 0 -0.0000212
11 5 9 1 0.0003328
11 5 9 2 0.0000000
11 5 9 3 0.0004114
11 5 9 4 0.0009262
11 5 9 5 -0.0010231
11 5 9 6 -0.0000000
11 5 9 7 -0.0013947
11 5 9 8 0.0000000
11 5 9 9 0.0067837
11 5 10 0 -0.0008352
11 5 10 1 -0.0057196
11 5 10 2 -0.0000000
11 5 10 3 -0.0023937
11 5 10 4 -0.0010223
11 5 10 5 -0.0015216
11 5 10 6 0.0000000
11 5 10 7 0.0079903
11 5 10 8 0.0000000
11 5 10 9 0.0004404
11 5 10 10 0.0188948
11 5 11 0 0.0034481
11 5 11 1 0.0065865
11 5 11 2 0.0000000
11 5 11 3 0.0048439
11 5 11 4 -0.0069533
11 5 11 5 0.0301614
11 5 11 6 0.0000000
11 5 11 7 0.0120008
11 5 11 8 0.0000000
11 5 11 9 0.0013504
11 5 11 10 -0.0066156
11 5 11 11 0.0094647
11 6 0 0 0.0000000
11 6 1 0 0.0000000
11 6 1 1 0.0000000
11 6 2 0 -0.0056537
11 6 2 1 -0.0192467
11 6 2 2 0.0000000
11 6 3 0 0.0000000
11 6 3 1 0.0000000
11 6 3 2 0.0115888
11 6 3 3 -0.0000000
11 6 4 0 0.0000000
11 6 4 1 -0.0000000
11 6 4 2 0.0077568
11 6 4 3 -0.0000000
11 6 4 4 0.0000000
11 6 5 0 -0.0000000
11 6 5 1 0.0000000
11 6 5 2 -0.0055863
11 6 5 3 0.0000000
11 6 5 4 -0.0000000
11 6 5 5 -0.0000000
11 6 6 0 0.0083967
11 6 6 1 0.0022812
11 6 6 2 -0.0000000
11 6 6 3 -0.0126300
11 6 6 4 0.0144232
11 6 6 5 0.0104384
11 6 6 6 0.0000000
11 6 7 0 0.0000000
11 6 7 1 0.0000000
11 6 7 2 -0.0185577
11 6 7 3 0.0000000
11 6 7 4 0.0000000
11 6 7 5 -0.0000000
11 6 7 6 0.0192672
11 6 7 7 0.0000000
11 6 8 0 -0.0001394
11 6 8 1 -0.0055610
11 6 8 2 0.0000000
11 6 8 3 -0.0017947
11 6 8 4 -0.0000117
11 6 8 5 0.0036394
11 6 8 6 0.0000000
11 6 8 7 0.0019984
11 6 8 8 0.0000000
11 6 9 0 -0.0000000
11 6 9 1 0.0000000
11 6 9 2 -0.0003917
11 6 9 3 0.0000000
11 6 9 4 0.0000000
11 6 9 5 -0.0000000
11 6 9 6 -0.0004706
11 6 9 7 -0.0000000
11 6 9 8 -0.0001369
11 6 9 9 0.0000000
11 6 10 0 -0.0000000
11 6 10 1 -0.0000000
11 6 10 2 0.0047609
11 6 10 3 -0.0000000
11 6 10 4 -0.0000000
11 6 10 5 0.0000000
11 6 10 6 -0.0040627
11 6 10 7 0.0000000
11 6 10 8 -0.0084857
11 6 10 9 0.0000000
11 6 10 10 0.0000000
11 6 11 0 0.0000000
11 6 11 1 0.0000000
11 6 11 2 -0.0166194
11 6 11 3 0.0000000
11 6 11 4 -0.0000000
11 6 11 5 0.0000000
11 6 11 6 0.0220125
11 6 11 7 0.0000000
11 6 11 8 -0.0058177
11 6 11 9 0.0000000
11 6 11 10 -0.0000000
11 6 11 11 0.0000000
11 7 0 0 0.2545649
11 7 1 0 -0.0094827
11 7 1 1 0.0141211
11 7 2 0 0.0000000
11 7 2 1 -0.0000000
11 7 2 2 0.0730213
11 7 3 0 0.0046087
11 7 3 1 -0.0410822
11 7 3 2 0.0000000
11 7 3 3 0.0988649
11 7 4 0 -0.0045935
11 7 4 1 -0.0223334
11 7 4 2 -0.0000000
11 7 4 3 -0.0706772
11 7 4 4 -0.0203995
11 7 5 0 -0.0107672
11 7 5 1 0.0833534
11 7 5 2 0.0000000
11 7 5 3 0.0755948
11 7 5 4 0.0470743
11 7 5 5 0.0287093
11 7 6 0 -0.0000000
11 7 6 1 0.0000000
11 7 6 2 -0.0859056
11 7 6 3 0.0000000
11 7 6 4 0.0000000
11 7 6 5 -0.0000000
11 7 6 6 0.0930736
11 7 7 0 0.0073488
11 7 7 1 0.0059795
11 7 7 2 -0.0000000
11 7 7 3 -0.0265394
11 7 7 4 0.0102192
11 7 7 5 0.0003717
11 7 7 6 -0.0000000
11 7 7 7 -0.0050325
11 7 8 0 -0.0000000
11 7 8 1 0.0000000
11 7 8 2 0.0373340
11 7 8 3 -0.0000000
11 7 8 4 0.0000000
11 7 8 5 -0.0000000
11 7 8 6 0.0205902
11 7 8 7 -0.0000000
11 7 8 8 -0.1510897
11 7 9 0 0.0004470
11 7 9 1 0.0035142
11 7 9 2 -0.0000000
11 7 9 3 -0.0010108
11 7 9 4 -0.0051262
11 7 9 5 0.0018493
11 7 9 6 0.0000000
11 7 9 7 -0.0011144
11 7 9 8 0.0000000
11 7 9 9 -0.2608285
11 7 10 0 -0.0005056
11 7 10 1 0.0162150
11 7 10 2 0.0000000
11 7 10 3 0.0062964
11 7 10 4 -0.0086690
11 7 10 5 -0.0074435
11 7 10 6 -0.0000000
11 7 10 7 -0.0287846
11 7 10 8 0.0000000
11 7 10 9 0.0193252
11 7 10 10 -0.1626474
11 7 11 0 0.0071466
11 7 11 1 0.0007061
11 7 11 2 -0.0000000
11 7 11 3 -0.0065040
11 7 11 4 0.0047834
11 7 11 5 0.0120008
11 7 11 6 0.0000000
11 7 11 7 0.2035810
11 7 11 8 -0.0000000
11 7 11 9 0.0030652
11 7 11 10 -0.0593324
11 7 11 11 0.0251515
11 8 0 0 0.0000000
11 8 1 0 -0.0000000
11 8 1 1 0.0000000
11 8 2 0 0.0005195
11 8 2 1 0.0075130
11 8 2 2 -0.0000000
11 8 3 0 -0.0000000
11 8 3 1 -0.0000000
11 8 3 2 -0.0002865
11 8 3 3 0.0000000
11 8 4 0 -0.0000000
11 8 4 1 0.0000000
11 8 4 2 -0.0076535
11 8 4 3 0.0000000
11 8 4 4 -0.0000000
11 8 5 0 0.0000000
11 8 5 1 -0.0000000
11 8 5 2 0.0006699
11 8 5 3 -0.0000000
11 8 5 4 0.0000000
11 8 5 5 0.0000000
11 8 6 0 -0.0007629
11 8 6 1 0.0028247
11 8 6 2 0.0000000
11 8 6 3 0.0006787
11 8 6 4 -0.0082337
11 8 6 5 -0.0040273
11 8 6 6 -0.0000000
11 8 7 0 -0.0000000
11 8 7 1 0.0000000
11 8 7 2 0.0067659
11 8 7 3 -0.0000000
11 8 7 4 0.0000000
11 8 7 5 -0.0000000
11 8 7 6 0.0015174
11 8 7 7 -0.0000000
11 8 8 0 -0.0000800
11 8 8 1 0.0073709
11 8 8 2 0.0000000
11 8 8 3 0.0040455
11 8 8 4 0.0043818
11 8 8 5 -0.0105099
11 8 8 6 -0.0000000
11 8 8 7 -0.0181299
11 8 8 8 0.0000000
11 8 9 0 -0.0000000
11 8 9 1 0.0000000
11 8 9 2 0.0006585
11 8 9 3 -0.0000000
11 8 9 4 0.0000000
11 8 9 5 -0.0000000
11 8 9 6 0.0007297
11 8 9 7 -0.0000000
11 8 9 8 -0.0001755
11 8 9 9 0.0000000
11 8 10 0 0.0000000
11 8 10 1 -0.0000000
11 8 10 2 -0.0064856
11 8 10 3 0.0000000
11 8 10 4 -0.0000000
11 8 10 5 0.0000000
11 8 10 6 -0.0040696
11 8 10 7 0.0000000
11 8 10 8 0.0253045
11 8 10 9 0.0000000
11 8 10 10 0.0000000
11 8 11 0 0.0000000
11 8 11 1 -0.0000000
11 8 11 2 -0.0009726
11 8 11 3 0.0000000
11 8 11 4 -0.0000000
11 8 11 5 0.0000000
11 8 11 6 -0.0058177
11 8 11 7 -0.0000000
11 8 11 8 0.0229395
11 8 11 9 0.0000000
11 8 11 10 0.0000000
11 8 11 11 -0.0000000
11 9 0 0 -0.0046724
11 9 1 0 -0.0000709
11 9 1 1 -0.0061447
11 9 2 0 0.0000000
11 9 2 1 -0.0000000
11 9 2 2 -0.0038394
11 9 3 0 0.0000022
11 9 3 1 -0.0010620
11 9 3 2 -0.0000000
11 9 3 3 -0.0048418
11 9 4 0 -0.0000090
11 9 4 1 -0.0025944
11 9 4 2 -0.0000000
11 9 4 3 -0.0019211
11 9 4 4 -0.0068411
11 9 5 0 -0.0000841
11 9 5 1 0.0012891
11 9 5 2 0.0000000
11 9 5 3 0.0021990
11 9 5 4 0.0030384
11 9 5 5 -0.0074413
11 9 6 0 -0.0000000
11 9 6 1 0.0000000
11 9 6 2 -0.0003862
11 9 6 3 0.0000000
11 9 6 4 0.0000000
11 9 6 5 -0.0000000
11 9 6 6 -0.0037769
11 9 7 0 0.0000922
11 9 7 1 0.0009481
11 9 7 2 0.0000000
11 9 7 3 0.0001008
11 9 7 4 0.0010698
11 9 7 5 -0.0008740
11 9 7 6 -0.0000000
11 9 7 7 -0.0065729
11 9 8 0 -0.0000000
11 9 8 1 0.0000000
11 9 8 2 0.0013214
11 9 8 3 -0.0000000
11 9 8 4 0.0000000
11 9 8 5 -0.0000000
11 9 8 6 0.0011860
11 9 8 7 -0.0000000
11 9 8 8 -0.0085153
11 9 9 0 0.0000582
11 9 9 1 -0.0002208
11 9 9 2 -0.0000000
11 9 9 3 -0.0019462
11 9 9 4 -0.0028214
11 9 9 5 0.0017646
11 9 9 6 0.0000000
11 9 9 7 -0.0066747
11 9 9 8 0.0000000
11 9 9 9 -0.0538241
11 9 10 0 -0.0000287
11 9 10 1 -0.0006861
11 9 10 2 -0.0000000
11 9 10 3 -0.0003268
11 9 10 4 -0.0006216
11 9 10 5 0.0003519
11 9 10 6 0.0000000
11 9 10 7 -0.0007309
11 9 10 8 0.0000000
11 9 10 9 0.0071200
11 9 10 10 -0.0059736
11 9 11 0 0.0000719
11 9 11 1 0.0000237
11 9 11 2 -0.0000000
11 9 11 3 -0.0004383
11 9 11 4 -0.0008947
11 9 11 5 0.0013504
11 9 11 6 0.0000000
11 9 11 7 0.0030652
11 9 11 8 0.0000000
11 9 11 9 0.0067783
11 9 11 10 0.0001083
11 9 11 11 -0.0052262
11 10 0 0 -0.0747345
11 10 1 0 0.0015256
11 10 1 1 -0.0240718
11 10 2 0 -0.0000000
11 10 2 1 0.0000000
11 10 2 2 -0.0293247
11 10 3 0 -0.0007963
11 10 3 1 0.0124191
11 10 3 2 -0.0000000
11 10 3 3 -0.0377409
11 10 4 0 0.0008409
11 10 4 1 0.0028511
11 10 4 2 0.0000000
11 10 4 3 0.0150241
11 10 4 4 -0.0129421
11 10 5 0 0.0018125
11 10 5 1 -0.0242967
11 10 5 2 -0.0000000
11 10 5 3 -0.0153041
11 10 5 4 -0.0125345
11 10 5 5 -0.0203083
11 10 6 0 0.0000000
11 10 6 1 -0.0000000
11 10 6 2 0.0198249
11 10 6 3 -0.0000000
11 10 6 4 -0.0000000
11 10 6 5 0.0000000
11 10 6 6 -0.0339270
11 10 7 0 -0.0009578
11 10 7 1 -0.0037108
11 10 7 2 -0.0000000
11 10 7 3 -0.0005563
11 10 7 4 -0.0144486
11 10 7 5 0.0112799
11 10 7 6 0.0000000
11 10 7 7 -0.0022261
11 10 8 0 0.0000000
11 10 8 1 -0.0000000
11 10 8 2 -0.0153742
11 10 8 3 0.0000000
11 10 8 4 -0.0000000
11 10 8 5 0.0000000
11 10 8 6 -0.0107504
11 10 8 7 0.0000000
11 10 8 8 0.0426908
11 10 9 0 -0.0001562
11 10 9 1 -0.0016061
11 10 9 2 0.0000000
11 10 9 3 0.0008202
11 10 9 4 0.0026302
11 10 9 5 -0.0011857
11 10 9 6 -0.0000000
11 10 9 7 0.0002473
11 10 9 8 -0.0000000
11 10 9 9 0.0655088
11 10 10 0 0.0000065
11 10 10 1 -0.0151484
11 10 10 2 -0.0000000
11 10 10 3 -0.0142183
11 10 10 4 -0.0117044
11 10 10 5 0.0159545
11 10 10 6 0.0000000
11 10 10 7 -0.0364451
11 10 10 8 0.0000000
11 10 10 9 -0.0031837
11 10 10 10 0.0421696
11 10 11 0 -0.0010747
11 10 11 1 0.0066648
11 10 11 2 0.0000000
11 10 11 3 0.0029196
11 10 11 4 0.0086457
11 10 11 5 -0.0066156
11 10 11 6 -0.0000000
11 10 11 7 -0.0593324
11 10 11 8 0.0000000
11 10 11 9 0.0001083
11 10 11 10 0.0530158
11 10 11 11 0.0051727
11 11 0 0 0.5901224
11 11 1 0 -0.0067589
11 11 1 1 0.4398906
11 11 2 0 0.0000000
11 11 2 1 0.0000000
11 11 2 2 0.4142178
11 11 3 0 0.0096665
11 11 3 1 0.0362794
11 11 3 2 0.0000000
11 11 3 3 0.4368897
11 11 4 0 -0.0053766
11 11 4 1 0.0489662
11 11 4 2 -0.0000000
11 11 4 3 0.0128649
11 11 4 4 0.4067742
11 11 5 0 -0.0037196
11 11 5 1 0.0325067
11 11 5 2 0.0000000
11 11 5 3 0.0078031
11 11 5 4 -0.0339428
11 11 5 5 0.4908409
11 11 6 0 0.0000000
11 11 6 1 0.0000000
11 11 6 2 -0.0567414
11 11 6 3 0.0000000
11 11 6 4 -0.0000000
11 11 6 5 0.0000000
11 11 6 6 0.4267000
11 11 7 0 0.0065610
11 11 7 1 -0.0022264
11 11 7 2 -0.0000000
11 11 7 3 -0.0000071
11 11 7 4 -0.0029886
11 11 7 5 0.0288367
11 11 7 6 0.0000000
11 11 7 7 0.5013993
11 11 8 0 0.0000000
11 11 8 1 -0.0000000
11 11 8 2 -0.0111206
11 11 8 3 0.0000000
11 11 8 4 -0.0000000
11 11 8 5 0.0000000
11 11 8 6 -0.0193246
11 11 8 7 -0.0000000
11 11 8 8 0.4338916
11 11 9 0 0.0000681
11 11 9 1 -0.0001135
11 11 9 2 0.0000000
11 11 9 3 0.0016257
11 11 9 4 0.0039643
11 11 9 5 -0.0001533
11 11 9 6 -0.0000000
11 11 9 7 -0.0002550
11 11 9 8 -0.0000000
11 11 9 9 0.5430551
11 11 10 0 -0.0009726
11 11 10 1 0.0025510
11 11 10 2 0.0000000
11 11 10 3 0.0028676
11 11 10 4 0.0120895
11 11 10 5 -0.0083180
11 11 10 6 -0.0000000
11 11 10 7 -0.0364332
11 11 10 8 0.0000000
11 11 10 9 -0.0272587
11 11 10 10 0.4103339
11 11 11 0 0.0067901
11 11 11 1 0.0193594
11 11 11 2 0.0000000
11 11 11 3 0.0122670
11 11 11 4 0.0197568
11 11 11 5 0.0094647
11 11 11 6 0.0000000
11 11 11 7 0.0251515
11 11 11 8 -0.0000000
11 11 11 9 -0.0052262
11 11 11 10 0.0051727
11 11 11 11 0.5093196
