NMONOMER	1
NELEC	8
ENUC	7.351144
NBASIS	12
HOMO	2
LUMO	2
ENT	5
HF_ENERGY	-35.004132
ENERGIES
-10.814364
-0.467398
-0.414155
-0.218799
0.598467
0.816684
0.938064
849736.677147
965066.613569
996478.319386
1070620.736517
1118094.157654

OEI
-18.375753	
0.273338	-4.275890	
0.000000	-0.000000	-3.731960	
-0.100731	0.143594	-0.000000	-4.056957	
0.268596	-0.193034	-0.000000	0.481679	-3.039463	
-0.000000	-0.000000	0.850400	-0.000000	0.000000	-3.631509	
0.197695	-0.797133	-0.000000	-0.430990	0.097091	-0.000000	-3.133032	
-0.104896	-0.068120	0.000000	0.108967	0.459346	-0.000000	0.064982	849733.134980	
-0.000000	0.000000	0.073830	-0.000000	-0.000000	-0.118151	-0.000000	0.000000	965063.947162	
0.005119	0.021203	0.000000	0.004851	-0.002476	-0.000000	0.016914	0.002816	-0.000000	996475.330285	
-0.035742	-0.190553	0.000000	-0.043603	0.105510	-0.000000	0.173574	-0.194101	0.000000	-0.124347	1070618.367619	
0.101366	0.081147	-0.000000	-0.214687	-0.459780	0.000000	-0.024656	0.962622	0.000000	-0.034453	0.333603	1118090.497500	

ENV_OEI
-4.903962	
0.511858	-0.584857	
0.000000	-0.000000	-0.114068	
-0.200685	-0.089534	-0.000000	-0.388976	
0.473800	-0.097599	-0.000000	0.121119	-0.165419	
-0.000000	-0.000000	0.194890	-0.000000	-0.000000	-0.326784	
0.387903	0.138910	0.000000	0.216128	-0.005838	0.000000	-1.044367	
-0.224986	-0.015567	-0.000000	0.064618	0.070112	0.000000	-0.010059	-0.543512	
0.000000	0.000000	-0.061853	-0.000000	0.000000	0.034396	0.000000	-0.000000	-0.699065	
-0.018168	0.468206	0.000000	0.451339	0.056195	0.000000	-1.472897	0.127346	0.000000	-18.521497	
-0.055591	0.044852	0.000000	0.011484	0.021482	0.000000	-0.082828	0.235660	-0.000000	-1.671572	-0.755558	
0.213705	0.014858	0.000000	0.000616	-0.082000	0.000000	-0.048688	-0.138321	-0.000000	-0.177209	0.101012	-0.368744	

OVERLAP
1.000000	
0.248362	1.000000	
0.061767	0.488736	1.000000	
0.061767	0.488736	0.167856	1.000000	
0.000000	0.027047	0.005362	0.005362	1.000000	
0.027047	0.301519	0.096511	0.096511	0.248362	1.000000	
0.000000	0.000000	0.155576	0.155576	-0.045312	-0.338874	1.000000	
0.000000	0.000000	0.380474	-0.380474	0.000000	0.000000	0.000000	1.000000	
0.000000	0.000000	0.219667	0.219667	0.000000	0.000000	0.000000	0.000000	1.000000	
0.045312	0.338874	0.109532	0.109532	0.000000	0.000000	-0.315123	0.000000	0.000000	1.000000	
0.000000	0.000000	0.051506	-0.051506	0.000000	0.000000	0.000000	0.166433	0.000000	0.000000	1.000000	
0.000000	0.000000	0.029737	0.029737	0.000000	0.000000	0.000000	0.000000	0.166433	0.000000	0.000000	1.000000	

MOCOEFF
0.996523	0.018360	-0.008897	-0.008897	0.001624	-0.008220	-0.008918	-0.000000	-0.018615	-0.002725	-0.000000	0.003627	
-0.180237	0.561120	0.057669	0.057669	-0.045376	0.079201	-0.336637	0.000000	-0.362584	0.380600	-0.000000	0.056916	
-0.000000	0.000000	-0.526669	0.526669	-0.000000	0.000000	-0.000000	-0.445070	-0.000000	0.000000	0.128328	0.000000	
0.071992	-0.205178	-0.261822	-0.261822	-0.041342	0.115625	-0.519466	-0.000000	0.599023	0.285727	0.000000	-0.084125	
-0.157726	1.043353	-0.922245	-0.922245	-0.004739	0.038475	0.512126	0.000000	0.247769	0.009489	-0.000000	0.013613	
0.000000	-0.000000	-0.802844	0.802844	-0.000000	0.000000	-0.000000	1.170442	0.000000	0.000000	-0.112097	-0.000000	
-0.137713	0.825133	-0.090174	-0.090174	0.130141	-0.779883	-0.855477	0.000000	0.054807	-0.961575	-0.000000	-0.003759	
0.084288	-0.388041	0.000000	0.000000	-0.012324	0.049398	-0.203229	-0.000000	-0.573902	-0.025821	0.000000	0.799278	
0.000000	0.000000	-0.000000	0.000000	-0.000000	-0.000000	-0.000000	-0.000000	0.000000	0.000000	1.000000	-0.000000	
-0.000565	0.002600	0.000000	0.000000	1.025611	-0.216380	0.001361	0.000000	0.003845	0.105483	0.000000	0.019655	
0.018948	-0.087232	0.000000	0.000000	0.019716	0.850777	-0.045686	0.000000	-0.129015	-0.446528	0.000000	-0.196307	
-0.081636	0.375835	-0.000000	-0.000000	-0.011611	0.229179	0.196837	-0.000000	0.555850	-0.120151	0.000000	0.583417	

ERI
0 0 0 0 3.5227389
1 0 0 0 -0.2375086
1 0 1 0 0.0312481
1 0 1 1 0.0059692
1 1 0 0 0.7306718
1 1 1 0 0.0059692
1 1 1 1 0.6496177
2 0 0 0 -0.0000000
2 0 1 0 0.0000000
2 0 1 1 -0.0000000
2 0 2 0 0.0054707
2 0 2 1 0.0055930
2 0 2 2 0.0000000
2 1 0 0 0.0000000
2 1 1 0 0.0000000
2 1 1 1 0.0000000
2 1 2 0 0.0055930
2 1 2 1 0.0328270
2 1 2 2 -0.0000000
2 2 0 0 0.5761973
2 2 1 0 -0.0062684
2 2 1 1 0.4075887
2 2 2 0 0.0000000
2 2 2 1 -0.0000000
2 2 2 2 0.5277585
3 0 0 0 0.0919653
3 0 1 0 -0.0103659
3 0 1 1 0.0046267
3 0 2 0 -0.0000000
3 0 2 1 0.0000000
3 0 2 2 0.0021484
3 0 3 0 0.0175188
3 0 3 1 0.0133245
3 0 3 2 0.0000000
3 0 3 3 -0.0070417
3 1 0 0 -0.0595452
3 1 1 0 0.0011693
3 1 1 1 0.0274619
3 1 2 0 0.0000000
3 1 2 1 0.0000000
3 1 2 2 -0.0247510
3 1 3 0 0.0133245
3 1 3 1 0.0865808
3 1 3 2 0.0000000
3 1 3 3 -0.0400241
3 2 0 0 -0.0000000
3 2 1 0 0.0000000
3 2 1 1 0.0000000
3 2 2 0 -0.0034260
3 2 2 1 -0.0271943
3 2 2 2 -0.0000000
3 2 3 0 0.0000000
3 2 3 1 0.0000000
3 2 3 2 0.0501013
3 2 3 3 -0.0000000
3 3 0 0 0.7395749
3 3 1 0 -0.0051722
3 3 1 1 0.5165046
3 3 2 0 -0.0000000
3 3 2 1 0.0000000
3 3 2 2 0.4554370
3 3 3 0 -0.0070417
3 3 3 1 -0.0400241
3 3 3 2 -0.0000000
3 3 3 3 0.5693259
4 0 0 0 -0.2147437
4 0 1 0 0.0178789
4 0 1 1 -0.0176960
4 0 2 0 0.0000000
4 0 2 1 -0.0000000
4 0 2 2 0.0000702
4 0 3 0 -0.0121421
4 0 3 1 -0.0016719
4 0 3 2 -0.0000000
4 0 3 3 -0.0041593
4 0 4 0 0.0250336
4 0 4 1 -0.0026262
4 0 4 2 -0.0000000
4 0 4 3 0.0002263
4 0 4 4 0.0019318
4 1 0 0 0.0647722
4 1 1 0 -0.0016274
4 1 1 1 0.0253413
4 1 2 0 -0.0000000
4 1 2 1 0.0000000
4 1 2 2 -0.0026908
4 1 3 0 -0.0023016
4 1 3 1 -0.0141976
4 1 3 2 -0.0000000
4 1 3 3 0.0328408
4 1 4 0 -0.0026262
4 1 4 1 0.0101578
4 1 4 2 -0.0000000
4 1 4 3 -0.0219568
4 1 4 4 -0.0028353
4 2 0 0 0.0000000
4 2 1 0 -0.0000000
4 2 1 1 0.0000000
4 2 2 0 0.0015030
4 2 2 1 -0.0299062
4 2 2 2 -0.0000000
4 2 3 0 -0.0000000
4 2 3 1 -0.0000000
4 2 3 2 0.0550220
4 2 3 3 0.0000000
4 2 4 0 -0.0000000
4 2 4 1 -0.0000000
4 2 4 2 0.1250356
4 2 4 3 -0.0000000
4 2 4 4 -0.0000000
4 3 0 0 -0.1392927
4 3 1 0 0.0028032
4 3 1 1 -0.0527821
4 3 2 0 0.0000000
4 3 2 1 -0.0000000
4 3 2 2 0.0077456
4 3 3 0 0.0104070
4 3 3 1 0.0341796
4 3 3 2 0.0000000
4 3 3 3 -0.0843382
4 3 4 0 0.0002263
4 3 4 1 -0.0219568
4 3 4 2 -0.0000000
4 3 4 3 0.0684226
4 3 4 4 -0.0011017
4 4 0 0 0.5963477
4 4 1 0 -0.0132980
4 4 1 1 0.3677145
4 4 2 0 -0.0000000
4 4 2 1 -0.0000000
4 4 2 2 0.5118952
4 4 3 0 -0.0015021
4 4 3 1 -0.0373843
4 4 3 2 -0.0000000
4 4 3 3 0.4573325
4 4 4 0 0.0019318
4 4 4 1 -0.0028353
4 4 4 2 -0.0000000
4 4 4 3 -0.0011017
4 4 4 4 0.5405032
5 0 0 0 0.0000000
5 0 1 0 0.0000000
5 0 1 1 0.0000000
5 0 2 0 -0.0112809
5 0 2 1 -0.0123660
5 0 2 2 -0.0000000
5 0 3 0 -0.0000000
5 0 3 1 -0.0000000
5 0 3 2 0.0090338
5 0 3 3 0.0000000
5 0 4 0 -0.0000000
5 0 4 1 -0.0000000
5 0 4 2 0.0018279
5 0 4 3 -0.0000000
5 0 4 4 0.0000000
5 0 5 0 0.0235317
5 0 5 1 0.0173790
5 0 5 2 0.0000000
5 0 5 3 -0.0054795
5 0 5 4 0.0152615
5 0 5 5 -0.0000000
5 1 0 0 0.0000000
5 1 1 0 0.0000000
5 1 1 1 0.0000000
5 1 2 0 -0.0085629
5 1 2 1 -0.0355303
5 1 2 2 -0.0000000
5 1 3 0 -0.0000000
5 1 3 1 -0.0000000
5 1 3 2 0.0173545
5 1 3 3 0.0000000
5 1 4 0 -0.0000000
5 1 4 1 0.0000000
5 1 4 2 0.0002507
5 1 4 3 -0.0000000
5 1 4 4 -0.0000000
5 1 5 0 0.0173790
5 1 5 1 0.0527257
5 1 5 2 -0.0000000
5 1 5 3 -0.0153364
5 1 5 4 0.0203133
5 1 5 5 0.0000000
5 2 0 0 -0.2347158
5 2 1 0 0.0012712
5 2 1 1 -0.1217994
5 2 2 0 -0.0000000
5 2 2 1 -0.0000000
5 2 2 2 -0.0077714
5 2 3 0 0.0002245
5 2 3 1 0.0082991
5 2 3 2 0.0000000
5 2 3 3 -0.0899688
5 2 4 0 0.0066067
5 2 4 1 -0.0231653
5 2 4 2 -0.0000000
5 2 4 3 0.0582516
5 2 4 4 0.0246225
5 2 5 0 0.0000000
5 2 5 1 -0.0000000
5 2 5 2 0.1107241
5 2 5 3 -0.0000000
5 2 5 4 0.0000000
5 2 5 5 -0.0769333
5 3 0 0 -0.0000000
5 3 1 0 -0.0000000
5 3 1 1 0.0000000
5 3 2 0 0.0033949
5 3 2 1 0.0031873
5 3 2 2 -0.0000000
5 3 3 0 -0.0000000
5 3 3 1 0.0000000
5 3 3 2 -0.0035285
5 3 3 3 -0.0000000
5 3 4 0 0.0000000
5 3 4 1 -0.0000000
5 3 4 2 0.0373913
5 3 4 3 -0.0000000
5 3 4 4 -0.0000000
5 3 5 0 -0.0054795
5 3 5 1 -0.0153364
5 3 5 2 -0.0000000
5 3 5 3 0.0326658
5 3 5 4 0.0166331
5 3 5 5 -0.0000000
5 4 0 0 0.0000000
5 4 1 0 0.0000000
5 4 1 1 0.0000000
5 4 2 0 -0.0056500
5 4 2 1 -0.0397936
5 4 2 2 -0.0000000
5 4 3 0 -0.0000000
5 4 3 1 -0.0000000
5 4 3 2 0.0657249
5 4 3 3 -0.0000000
5 4 4 0 0.0000000
5 4 4 1 -0.0000000
5 4 4 2 0.1044495
5 4 4 3 -0.0000000
5 4 4 4 -0.0000000
5 4 5 0 0.0152615
5 4 5 1 0.0203133
5 4 5 2 0.0000000
5 4 5 3 0.0166331
5 4 5 4 0.1152712
5 4 5 5 -0.0000000
5 5 0 0 0.7931464
5 5 1 0 -0.0068544
5 5 1 1 0.5047092
5 5 2 0 -0.0000000
5 5 2 1 0.0000000
5 5 2 2 0.5202531
5 5 3 0 0.0022675
5 5 3 1 -0.0331278
5 5 3 2 -0.0000000
5 5 3 3 0.5158116
5 5 4 0 -0.0086771
5 5 4 1 0.0155532
5 5 4 2 0.0000000
5 5 4 3 -0.0298512
5 5 4 4 0.5006302
5 5 5 0 -0.0000000
5 5 5 1 0.0000000
5 5 5 2 -0.0769333
5 5 5 3 -0.0000000
5 5 5 4 -0.0000000
5 5 5 5 0.5880879
6 0 0 0 -0.1798134
6 0 1 0 0.0251018
6 0 1 1 0.0084995
6 0 2 0 0.0000000
6 0 2 1 0.0000000
6 0 2 2 -0.0043495
6 0 3 0 0.0016722
6 0 3 1 0.0099250
6 0 3 2 0.0000000
6 0 3 3 -0.0096430
6 0 4 0 0.0101112
6 0 4 1 -0.0031776
6 0 4 2 -0.0000000
6 0 4 3 0.0098831
6 0 4 4 -0.0140348
6 0 5 0 0.0000000
6 0 5 1 0.0000000
6 0 5 2 0.0010917
6 0 5 3 -0.0000000
6 0 5 4 0.0000000
6 0 5 5 -0.0046669
6 0 6 0 0.0273331
6 0 6 1 0.0031111
6 0 6 2 0.0000000
6 0 6 3 -0.0030571
6 0 6 4 0.0031540
6 0 6 5 -0.0000000
6 0 6 6 0.0083769
6 1 0 0 0.2356989
6 1 1 0 -0.0000861
6 1 1 1 0.0704900
6 1 2 0 -0.0000000
6 1 2 1 0.0000000
6 1 2 2 0.0666307
6 1 3 0 0.0050912
6 1 3 1 -0.0397186
6 1 3 2 -0.0000000
6 1 3 3 0.0689609
6 1 4 0 -0.0102600
6 1 4 1 0.0090292
6 1 4 2 0.0000000
6 1 4 3 -0.0160723
6 1 4 4 0.0567238
6 1 5 0 0.0000000
6 1 5 1 0.0000000
6 1 5 2 -0.0412588
6 1 5 3 -0.0000000
6 1 5 4 0.0000000
6 1 5 5 0.1054357
6 1 6 0 0.0031111
6 1 6 1 0.1130988
6 1 6 2 0.0000000
6 1 6 3 0.0580821
6 1 6 4 0.0001590
6 1 6 5 0.0000000
6 1 6 6 -0.0041864
6 2 0 0 0.0000000
6 2 1 0 -0.0000000
6 2 1 1 0.0000000
6 2 2 0 0.0034232
6 2 2 1 0.0133718
6 2 2 2 0.0000000
6 2 3 0 0.0000000
6 2 3 1 -0.0000000
6 2 3 2 0.0009640
6 2 3 3 0.0000000
6 2 4 0 -0.0000000
6 2 4 1 0.0000000
6 2 4 2 0.0015118
6 2 4 3 -0.0000000
6 2 4 4 0.0000000
6 2 5 0 -0.0067887
6 2 5 1 -0.0199777
6 2 5 2 -0.0000000
6 2 5 3 0.0010367
6 2 5 4 -0.0023869
6 2 5 5 0.0000000
6 2 6 0 0.0000000
6 2 6 1 0.0000000
6 2 6 2 0.0120156
6 2 6 3 0.0000000
6 2 6 4 -0.0000000
6 2 6 5 -0.0161433
6 2 6 6 0.0000000
6 3 0 0 0.1285393
6 3 1 0 -0.0055439
6 3 1 1 -0.0117607
6 3 2 0 -0.0000000
6 3 2 1 -0.0000000
6 3 2 2 0.0540366
6 3 3 0 0.0035588
6 3 3 1 -0.0225355
6 3 3 2 -0.0000000
6 3 3 3 0.0522773
6 3 4 0 0.0003463
6 3 4 1 0.0030640
6 3 4 2 -0.0000000
6 3 4 3 -0.0130519
6 3 4 4 0.0653088
6 3 5 0 -0.0000000
6 3 5 1 -0.0000000
6 3 5 2 -0.0069856
6 3 5 3 -0.0000000
6 3 5 4 -0.0000000
6 3 5 5 0.0565754
6 3 6 0 -0.0030571
6 3 6 1 0.0580821
6 3 6 2 0.0000000
6 3 6 3 0.0648635
6 3 6 4 -0.0053775
6 3 6 5 0.0000000
6 3 6 6 -0.0328108
6 4 0 0 -0.0187799
6 4 1 0 0.0001054
6 4 1 1 -0.0046428
6 4 2 0 -0.0000000
6 4 2 1 -0.0000000
6 4 2 2 -0.0011713
6 4 3 0 0.0044570
6 4 3 1 0.0076101
6 4 3 2 0.0000000
6 4 3 3 -0.0201515
6 4 4 0 -0.0026216
6 4 4 1 -0.0030610
6 4 4 2 -0.0000000
6 4 4 3 0.0186750
6 4 4 4 -0.0081825
6 4 5 0 0.0000000
6 4 5 1 -0.0000000
6 4 5 2 0.0087620
6 4 5 3 -0.0000000
6 4 5 4 0.0000000
6 4 5 5 -0.0041922
6 4 6 0 0.0031540
6 4 6 1 0.0001590
6 4 6 2 -0.0000000
6 4 6 3 -0.0053775
6 4 6 4 0.0083572
6 4 6 5 0.0000000
6 4 6 6 -0.0041549
6 5 0 0 0.0000000
6 5 1 0 0.0000000
6 5 1 1 0.0000000
6 5 2 0 -0.0060791
6 5 2 1 -0.0257915
6 5 2 2 -0.0000000
6 5 3 0 -0.0000000
6 5 3 1 -0.0000000
6 5 3 2 0.0122012
6 5 3 3 0.0000000
6 5 4 0 0.0000000
6 5 4 1 -0.0000000
6 5 4 2 0.0161956
6 5 4 3 -0.0000000
6 5 4 4 0.0000000
6 5 5 0 0.0129403
6 5 5 1 0.0335803
6 5 5 2 0.0000000
6 5 5 3 0.0021694
6 5 5 4 0.0239849
6 5 5 5 0.0000000
6 5 6 0 -0.0000000
6 5 6 1 0.0000000
6 5 6 2 -0.0161433
6 5 6 3 0.0000000
6 5 6 4 0.0000000
6 5 6 5 0.0289725
6 5 6 6 -0.0000000
6 6 0 0 0.6854495
6 6 1 0 -0.0003910
6 6 1 1 0.5956214
6 6 2 0 -0.0000000
6 6 2 1 0.0000000
6 6 2 2 0.3833789
6 6 3 0 0.0126926
6 6 3 1 0.0803660
6 6 3 2 0.0000000
6 6 3 3 0.4797538
6 6 4 0 -0.0155305
6 6 4 1 0.0152732
6 6 4 2 0.0000000
6 6 4 3 -0.0331734
6 6 4 4 0.3504510
6 6 5 0 0.0000000
6 6 5 1 0.0000000
6 6 5 2 -0.0995371
6 6 5 3 0.0000000
6 6 5 4 0.0000000
6 6 5 5 0.4568423
6 6 6 0 0.0083769
6 6 6 1 -0.0041864
6 6 6 2 0.0000000
6 6 6 3 -0.0328108
6 6 6 4 -0.0041549
6 6 6 5 -0.0000000
6 6 6 6 0.6524224
7 0 0 0 0.0837400
7 0 1 0 -0.0043138
7 0 1 1 0.0098010
7 0 2 0 -0.0000000
7 0 2 1 0.0000000
7 0 2 2 -0.0038845
7 0 3 0 -0.0004214
7 0 3 1 -0.0047800
7 0 3 2 -0.0000000
7 0 3 3 0.0017028
7 0 4 0 -0.0127217
7 0 4 1 0.0024378
7 0 4 2 0.0000000
7 0 4 3 -0.0026755
7 0 4 4 -0.0046098
7 0 5 0 0.0000000
7 0 5 1 0.0000000
7 0 5 2 -0.0013303
7 0 5 3 0.0000000
7 0 5 4 0.0000000
7 0 5 5 0.0004861
7 0 6 0 -0.0049842
7 0 6 1 0.0042691
7 0 6 2 0.0000000
7 0 6 3 -0.0045620
7 0 6 4 0.0005774
7 0 6 5 -0.0000000
7 0 6 6 0.0028805
7 0 7 0 0.0112925
7 0 7 1 0.0020741
7 0 7 2 0.0000000
7 0 7 3 -0.0013230
7 0 7 4 0.0041622
7 0 7 5 -0.0000000
7 0 7 6 0.0029433
7 0 7 7 -0.0062530
7 1 0 0 0.0111105
7 1 1 0 0.0022250
7 1 1 1 0.0124534
7 1 2 0 0.0000000
7 1 2 1 0.0000000
7 1 2 2 -0.0094657
7 1 3 0 -0.0033622
7 1 3 1 -0.0101824
7 1 3 2 -0.0000000
7 1 3 3 0.0070765
7 1 4 0 -0.0001759
7 1 4 1 0.0036799
7 1 4 2 -0.0000000
7 1 4 3 -0.0086862
7 1 4 4 -0.0056997
7 1 5 0 -0.0000000
7 1 5 1 -0.0000000
7 1 5 2 -0.0049045
7 1 5 3 -0.0000000
7 1 5 4 -0.0000000
7 1 5 5 -0.0012945
7 1 6 0 -0.0000413
7 1 6 1 0.0028856
7 1 6 2 0.0000000
7 1 6 3 -0.0061227
7 1 6 4 -0.0021714
7 1 6 5 -0.0000000
7 1 6 6 0.0041918
7 1 7 0 0.0020741
7 1 7 1 0.0129701
7 1 7 2 -0.0000000
7 1 7 3 0.0024457
7 1 7 4 -0.0004491
7 1 7 5 0.0000000
7 1 7 6 -0.0047811
7 1 7 7 0.0021012
7 2 0 0 -0.0000000
7 2 1 0 0.0000000
7 2 1 1 0.0000000
7 2 2 0 -0.0038593
7 2 2 1 -0.0221434
7 2 2 2 -0.0000000
7 2 3 0 -0.0000000
7 2 3 1 -0.0000000
7 2 3 2 0.0297756
7 2 3 3 0.0000000
7 2 4 0 0.0000000
7 2 4 1 -0.0000000
7 2 4 2 0.0425390
7 2 4 3 -0.0000000
7 2 4 4 -0.0000000
7 2 5 0 0.0092260
7 2 5 1 0.0131800
7 2 5 2 0.0000000
7 2 5 3 0.0081006
7 2 5 4 0.0497069
7 2 5 5 -0.0000000
7 2 6 0 0.0000000
7 2 6 1 0.0000000
7 2 6 2 -0.0052073
7 2 6 3 -0.0000000
7 2 6 4 -0.0000000
7 2 6 5 0.0148695
7 2 6 6 0.0000000
7 2 7 0 0.0000000
7 2 7 1 -0.0000000
7 2 7 2 0.0331954
7 2 7 3 0.0000000
7 2 7 4 -0.0000000
7 2 7 5 -0.0047174
7 2 7 6 -0.0000000
7 2 7 7 -0.0000000
7 3 0 0 -0.0277879
7 3 1 0 -0.0026880
7 3 1 1 -0.0376123
7 3 2 0 -0.0000000
7 3 2 1 -0.0000000
7 3 2 2 0.0203902
7 3 3 0 -0.0042832
7 3 3 1 -0.0117669
7 3 3 2 -0.0000000
7 3 3 3 0.0002252
7 3 4 0 0.0040460
7 3 4 1 -0.0038341
7 3 4 2 -0.0000000
7 3 4 3 -0.0029677
7 3 4 4 0.0306327
7 3 5 0 0.0000000
7 3 5 1 -0.0000000
7 3 5 2 0.0179765
7 3 5 3 -0.0000000
7 3 5 4 -0.0000000
7 3 5 5 0.0020836
7 3 6 0 -0.0057327
7 3 6 1 -0.0052264
7 3 6 2 -0.0000000
7 3 6 3 0.0115739
7 3 6 4 -0.0072487
7 3 6 5 0.0000000
7 3 6 6 -0.0366201
7 3 7 0 -0.0013230
7 3 7 1 0.0024457
7 3 7 2 0.0000000
7 3 7 3 0.0263671
7 3 7 4 -0.0010709
7 3 7 5 0.0000000
7 3 7 6 0.0017480
7 3 7 7 -0.0164705
7 4 0 0 -0.1312603
7 4 1 0 0.0076698
7 4 1 1 -0.0275551
7 4 2 0 0.0000000
7 4 2 1 -0.0000000
7 4 2 2 -0.0122862
7 4 3 0 -0.0017661
7 4 3 1 0.0016143
7 4 3 2 -0.0000000
7 4 3 3 -0.0433068
7 4 4 0 0.0004383
7 4 4 1 -0.0061980
7 4 4 2 -0.0000000
7 4 4 3 0.0249311
7 4 4 4 -0.0179784
7 4 5 0 -0.0000000
7 4 5 1 -0.0000000
7 4 5 2 0.0326865
7 4 5 3 -0.0000000
7 4 5 4 -0.0000000
7 4 5 5 -0.0304305
7 4 6 0 0.0062791
7 4 6 1 -0.0143090
7 4 6 2 -0.0000000
7 4 6 3 -0.0185027
7 4 6 4 0.0076141
7 4 6 5 -0.0000000
7 4 6 6 -0.0318850
7 4 7 0 0.0041622
7 4 7 1 -0.0004491
7 4 7 2 -0.0000000
7 4 7 3 -0.0010709
7 4 7 4 0.0279141
7 4 7 5 -0.0000000
7 4 7 6 0.0007664
7 4 7 7 -0.0380833
7 5 0 0 0.0000000
7 5 1 0 -0.0000000
7 5 1 1 -0.0000000
7 5 2 0 0.0033696
7 5 2 1 0.0033769
7 5 2 2 0.0000000
7 5 3 0 0.0000000
7 5 3 1 -0.0000000
7 5 3 2 0.0035255
7 5 3 3 0.0000000
7 5 4 0 -0.0000000
7 5 4 1 -0.0000000
7 5 4 2 0.0159354
7 5 4 3 -0.0000000
7 5 4 4 0.0000000
7 5 5 0 -0.0058037
7 5 5 1 -0.0071549
7 5 5 2 -0.0000000
7 5 5 3 0.0045205
7 5 5 4 0.0050654
7 5 5 5 0.0000000
7 5 6 0 -0.0000000
7 5 6 1 -0.0000000
7 5 6 2 0.0050982
7 5 6 3 0.0000000
7 5 6 4 -0.0000000
7 5 6 5 -0.0046215
7 5 6 6 -0.0000000
7 5 7 0 -0.0000000
7 5 7 1 0.0000000
7 5 7 2 -0.0047174
7 5 7 3 0.0000000
7 5 7 4 -0.0000000
7 5 7 5 0.0108055
7 5 7 6 -0.0000000
7 5 7 7 0.0000000
7 6 0 0 -0.0200546
7 6 1 0 0.0023147
7 6 1 1 -0.0010032
7 6 2 0 0.0000000
7 6 2 1 0.0000000
7 6 2 2 -0.0104231
7 6 3 0 -0.0073290
7 6 3 1 -0.0205191
7 6 3 2 -0.0000000
7 6 3 3 0.0011238
7 6 4 0 0.0018099
7 6 4 1 0.0018888
7 6 4 2 0.0000000
7 6 4 3 -0.0145579
7 6 4 4 -0.0016636
7 6 5 0 -0.0000000
7 6 5 1 -0.0000000
7 6 5 2 0.0021115
7 6 5 3 0.0000000
7 6 5 4 -0.0000000
7 6 5 5 -0.0081864
7 6 6 0 -0.0028480
7 6 6 1 -0.0011535
7 6 6 2 -0.0000000
7 6 6 3 -0.0088030
7 6 6 4 -0.0062639
7 6 6 5 -0.0000000
7 6 6 6 -0.0171324
7 6 7 0 0.0029433
7 6 7 1 -0.0047811
7 6 7 2 -0.0000000
7 6 7 3 0.0017480
7 6 7 4 0.0007664
7 6 7 5 -0.0000000
7 6 7 6 0.0412385
7 6 7 7 -0.0175302
7 7 0 0 0.5615978
7 7 1 0 -0.0087406
7 7 1 1 0.4480019
7 7 2 0 -0.0000000
7 7 2 1 0.0000000
7 7 2 2 0.3829520
7 7 3 0 0.0072881
7 7 3 1 0.0439978
7 7 3 2 0.0000000
7 7 3 3 0.4204446
7 7 4 0 -0.0026313
7 7 4 1 0.0065842
7 7 4 2 0.0000000
7 7 4 3 -0.0205634
7 7 4 4 0.3694457
7 7 5 0 0.0000000
7 7 5 1 0.0000000
7 7 5 2 -0.0549901
7 7 5 3 0.0000000
7 7 5 4 0.0000000
7 7 5 5 0.4075702
7 7 6 0 -0.0031163
7 7 6 1 -0.0137595
7 7 6 2 -0.0000000
7 7 6 3 -0.0069389
7 7 6 4 -0.0054242
7 7 6 5 -0.0000000
7 7 6 6 0.5086025
7 7 7 0 -0.0062530
7 7 7 1 0.0021012
7 7 7 2 -0.0000000
7 7 7 3 -0.0164705
7 7 7 4 -0.0380833
7 7 7 5 0.0000000
7 7 7 6 -0.0175302
7 7 7 7 0.5146545
8 0 0 0 -0.0000000
8 0 1 0 0.0000000
8 0 1 1 0.0000000
8 0 2 0 -0.0001887
8 0 2 1 -0.0002940
8 0 2 2 -0.0000000
8 0 3 0 -0.0000000
8 0 3 1 -0.0000000
8 0 3 2 0.0001261
8 0 3 3 0.0000000
8 0 4 0 0.0000000
8 0 4 1 0.0000000
8 0 4 2 -0.0000235
8 0 4 3 -0.0000000
8 0 4 4 0.0000000
8 0 5 0 0.0003902
8 0 5 1 0.0004606
8 0 5 2 0.0000000
8 0 5 3 -0.0000910
8 0 5 4 0.0002270
8 0 5 5 -0.0000000
8 0 6 0 0.0000000
8 0 6 1 0.0000000
8 0 6 2 -0.0001826
8 0 6 3 -0.0000000
8 0 6 4 0.0000000
8 0 6 5 0.0003486
8 0 6 6 0.0000000
8 0 7 0 -0.0000000
8 0 7 1 -0.0000000
8 0 7 2 0.0001582
8 0 7 3 0.0000000
8 0 7 4 -0.0000000
8 0 7 5 -0.0001184
8 0 7 6 -0.0000000
8 0 7 7 -0.0000000
8 0 8 0 0.0000104
8 0 8 1 0.0000064
8 0 8 2 0.0000000
8 0 8 3 -0.0000447
8 0 8 4 -0.0000016
8 0 8 5 -0.0000000
8 0 8 6 0.0002014
8 0 8 7 0.0000281
8 0 8 8 -0.0000000
8 1 0 0 0.0000000
8 1 1 0 0.0000000
8 1 1 1 0.0000000
8 1 2 0 -0.0013193
8 1 2 1 -0.0113654
8 1 2 2 -0.0000000
8 1 3 0 -0.0000000
8 1 3 1 -0.0000000
8 1 3 2 0.0046005
8 1 3 3 0.0000000
8 1 4 0 0.0000000
8 1 4 1 -0.0000000
8 1 4 2 0.0077574
8 1 4 3 -0.0000000
8 1 4 4 0.0000000
8 1 5 0 0.0028986
8 1 5 1 0.0145953
8 1 5 2 0.0000000
8 1 5 3 0.0018062
8 1 5 4 0.0085899
8 1 5 5 0.0000000
8 1 6 0 0.0000000
8 1 6 1 0.0000000
8 1 6 2 -0.0067330
8 1 6 3 0.0000000
8 1 6 4 0.0000000
8 1 6 5 0.0093978
8 1 6 6 -0.0000000
8 1 7 0 -0.0000000
8 1 7 1 -0.0000000
8 1 7 2 0.0056242
8 1 7 3 0.0000000
8 1 7 4 -0.0000000
8 1 7 5 -0.0015623
8 1 7 6 -0.0000000
8 1 7 7 -0.0000000
8 1 8 0 0.0000064
8 1 8 1 0.0210523
8 1 8 2 0.0000000
8 1 8 3 0.0126313
8 1 8 4 -0.0007011
8 1 8 5 0.0000000
8 1 8 6 -0.0256089
8 1 8 7 0.0007435
8 1 8 8 -0.0000000
8 2 0 0 -0.0193376
8 2 1 0 0.0001206
8 2 1 1 -0.0059462
8 2 2 0 -0.0000000
8 2 2 1 -0.0000000
8 2 2 2 -0.0151548
8 2 3 0 -0.0002098
8 2 3 1 0.0051944
8 2 3 2 0.0000000
8 2 3 3 -0.0097455
8 2 4 0 0.0001487
8 2 4 1 -0.0000741
8 2 4 2 0.0000000
8 2 4 3 0.0001997
8 2 4 4 -0.0135824
8 2 5 0 0.0000000
8 2 5 1 0.0000000
8 2 5 2 0.0022384
8 2 5 3 0.0000000
8 2 5 4 0.0000000
8 2 5 5 -0.0160852
8 2 6 0 0.0000130
8 2 6 1 -0.0137830
8 2 6 2 -0.0000000
8 2 6 3 -0.0092454
8 2 6 4 -0.0000541
8 2 6 5 0.0000000
8 2 6 6 0.0068695
8 2 7 0 0.0001637
8 2 7 1 0.0010052
8 2 7 2 0.0000000
8 2 7 3 -0.0017599
8 2 7 4 0.0010064
8 2 7 5 -0.0000000
8 2 7 6 0.0012444
8 2 7 7 0.0077083
8 2 8 0 0.0000000
8 2 8 1 0.0000000
8 2 8 2 0.0041965
8 2 8 3 0.0000000
8 2 8 4 -0.0000000
8 2 8 5 -0.0033889
8 2 8 6 -0.0000000
8 2 8 7 0.0000000
8 2 8 8 0.0294396
8 3 0 0 -0.0000000
8 3 1 0 0.0000000
8 3 1 1 0.0000000
8 3 2 0 -0.0003976
8 3 2 1 -0.0038731
8 3 2 2 -0.0000000
8 3 3 0 -0.0000000
8 3 3 1 -0.0000000
8 3 3 2 0.0001707
8 3 3 3 -0.0000000
8 3 4 0 0.0000000
8 3 4 1 -0.0000000
8 3 4 2 0.0023935
8 3 4 3 0.0000000
8 3 4 4 -0.0000000
8 3 5 0 0.0008618
8 3 5 1 0.0053745
8 3 5 2 0.0000000
8 3 5 3 0.0020789
8 3 5 4 0.0020980
8 3 5 5 -0.0000000
8 3 6 0 -0.0000000
8 3 6 1 0.0000000
8 3 6 2 -0.0032034
8 3 6 3 -0.0000000
8 3 6 4 0.0000000
8 3 6 5 0.0036653
8 3 6 6 0.0000000
8 3 7 0 -0.0000000
8 3 7 1 -0.0000000
8 3 7 2 0.0017783
8 3 7 3 0.0000000
8 3 7 4 0.0000000
8 3 7 5 -0.0008285
8 3 7 6 -0.0000000
8 3 7 7 0.0000000
8 3 8 0 -0.0000447
8 3 8 1 0.0126313
8 3 8 2 0.0000000
8 3 8 3 0.0084256
8 3 8 4 -0.0002862
8 3 8 5 0.0000000
8 3 8 6 -0.0174519
8 3 8 7 -0.0012060
8 3 8 8 0.0000000
8 4 0 0 0.0000000
8 4 1 0 0.0000000
8 4 1 1 -0.0000000
8 4 2 0 -0.0000041
8 4 2 1 0.0014121
8 4 2 2 0.0000000
8 4 3 0 0.0000000
8 4 3 1 0.0000000
8 4 3 2 -0.0014735
8 4 3 3 0.0000000
8 4 4 0 -0.0000000
8 4 4 1 0.0000000
8 4 4 2 -0.0035916
8 4 4 3 0.0000000
8 4 4 4 0.0000000
8 4 5 0 -0.0001208
8 4 5 1 -0.0005503
8 4 5 2 -0.0000000
8 4 5 3 -0.0009400
8 4 5 4 -0.0028221
8 4 5 5 0.0000000
8 4 6 0 0.0000000
8 4 6 1 0.0000000
8 4 6 2 0.0002668
8 4 6 3 0.0000000
8 4 6 4 0.0000000
8 4 6 5 -0.0006594
8 4 6 6 -0.0000000
8 4 7 0 -0.0000000
8 4 7 1 0.0000000
8 4 7 2 -0.0013311
8 4 7 3 0.0000000
8 4 7 4 -0.0000000
8 4 7 5 -0.0003015
8 4 7 6 -0.0000000
8 4 7 7 -0.0000000
8 4 8 0 -0.0000016
8 4 8 1 -0.0007011
8 4 8 2 -0.0000000
8 4 8 3 -0.0002862
8 4 8 4 0.0002244
8 4 8 5 0.0000000
8 4 8 6 0.0002934
8 4 8 7 0.0003307
8 4 8 8 -0.0000000
8 5 0 0 0.0263390
8 5 1 0 0.0002637
8 5 1 1 0.0166727
8 5 2 0 0.0000000
8 5 2 1 0.0000000
8 5 2 2 0.0120667
8 5 3 0 0.0003140
8 5 3 1 -0.0024938
8 5 3 2 -0.0000000
8 5 3 3 0.0136484
8 5 4 0 -0.0006272
8 5 4 1 0.0012790
8 5 4 2 0.0000000
8 5 4 3 -0.0026724
8 5 4 4 0.0091757
8 5 5 0 0.0000000
8 5 5 1 0.0000000
8 5 5 2 -0.0074548
8 5 5 3 -0.0000000
8 5 5 4 0.0000000
8 5 5 5 0.0176611
8 5 6 0 0.0004201
8 5 6 1 0.0125482
8 5 6 2 0.0000000
8 5 6 3 0.0061829
8 5 6 4 -0.0001106
8 5 6 5 0.0000000
8 5 6 6 0.0044432
8 5 7 0 0.0001240
8 5 7 1 -0.0006065
8 5 7 2 0.0000000
8 5 7 3 -0.0002855
8 5 7 4 -0.0020349
8 5 7 5 -0.0000000
8 5 7 6 -0.0003039
8 5 7 7 -0.0022137
8 5 8 0 -0.0000000
8 5 8 1 0.0000000
8 5 8 2 -0.0033889
8 5 8 3 0.0000000
8 5 8 4 0.0000000
8 5 8 5 0.0034256
8 5 8 6 -0.0000000
8 5 8 7 -0.0000000
8 5 8 8 -0.0176072
8 6 0 0 0.0000000
8 6 1 0 -0.0000000
8 6 1 1 -0.0000000
8 6 2 0 0.0001571
8 6 2 1 0.0038145
8 6 2 2 0.0000000
8 6 3 0 0.0000000
8 6 3 1 0.0000000
8 6 3 2 -0.0022610
8 6 3 3 0.0000000
8 6 4 0 -0.0000000
8 6 4 1 0.0000000
8 6 4 2 -0.0045711
8 6 4 3 0.0000000
8 6 4 4 0.0000000
8 6 5 0 -0.0004293
8 6 5 1 -0.0050257
8 6 5 2 -0.0000000
8 6 5 3 -0.0015788
8 6 5 4 -0.0036452
8 6 5 5 0.0000000
8 6 6 0 -0.0000000
8 6 6 1 -0.0000000
8 6 6 2 0.0038654
8 6 6 3 0.0000000
8 6 6 4 -0.0000000
8 6 6 5 -0.0032655
8 6 6 6 -0.0000000
8 6 7 0 -0.0000000
8 6 7 1 0.0000000
8 6 7 2 -0.0021150
8 6 7 3 -0.0000000
8 6 7 4 0.0000000
8 6 7 5 0.0004394
8 6 7 6 0.0000000
8 6 7 7 -0.0000000
8 6 8 0 0.0002014
8 6 8 1 -0.0256089
8 6 8 2 -0.0000000
8 6 8 3 -0.0174519
8 6 8 4 0.0002934
8 6 8 5 -0.0000000
8 6 8 6 0.0420750
8 6 8 7 -0.0010688
8 6 8 8 -0.0000000
8 7 0 0 0.0000000
8 7 1 0 -0.0000000
8 7 1 1 -0.0000000
8 7 2 0 0.0001984
8 7 2 1 0.0011072
8 7 2 2 0.0000000
8 7 3 0 0.0000000
8 7 3 1 0.0000000
8 7 3 2 -0.0010624
8 7 3 3 -0.0000000
8 7 4 0 -0.0000000
8 7 4 1 0.0000000
8 7 4 2 -0.0004732
8 7 4 3 0.0000000
8 7 4 4 -0.0000000
8 7 5 0 -0.0003988
8 7 5 1 -0.0016189
8 7 5 2 -0.0000000
8 7 5 3 0.0002761
8 7 5 4 -0.0009576
8 7 5 5 0.0000000
8 7 6 0 -0.0000000
8 7 6 1 -0.0000000
8 7 6 2 0.0005172
8 7 6 3 0.0000000
8 7 6 4 -0.0000000
8 7 6 5 -0.0007341
8 7 6 6 -0.0000000
8 7 7 0 0.0000000
8 7 7 1 -0.0000000
8 7 7 2 0.0010873
8 7 7 3 0.0000000
8 7 7 4 -0.0000000
8 7 7 5 -0.0011631
8 7 7 6 -0.0000000
8 7 7 7 -0.0000000
8 7 8 0 0.0000281
8 7 8 1 0.0007435
8 7 8 2 0.0000000
8 7 8 3 -0.0012060
8 7 8 4 0.0003307
8 7 8 5 -0.0000000
8 7 8 6 -0.0010688
8 7 8 7 0.0210482
8 7 8 8 -0.0000000
8 8 0 0 0.3244147
8 8 1 0 0.0029768
8 8 1 1 0.4364133
8 8 2 0 0.0000000
8 8 2 1 0.0000000
8 8 2 2 0.2652683
8 8 3 0 0.0038951
8 8 3 1 0.0884267
8 8 3 2 0.0000000
8 8 3 3 0.3239493
8 8 4 0 -0.0041435
8 8 4 1 0.0025891
8 8 4 2 -0.0000000
8 8 4 3 -0.0069719
8 8 4 4 0.2380428
8 8 5 0 0.0000000
8 8 5 1 0.0000000
8 8 5 2 -0.0446141
8 8 5 3 0.0000000
8 8 5 4 0.0000000
8 8 5 5 0.2900937
8 8 6 0 0.0058732
8 8 6 1 -0.0964409
8 8 6 2 -0.0000000
8 8 6 3 -0.0876445
8 8 6 4 -0.0002113
8 8 6 5 -0.0000000
8 8 6 6 0.5366318
8 8 7 0 0.0013691
8 8 7 1 0.0049806
8 8 7 2 0.0000000
8 8 7 3 -0.0325816
8 8 7 4 -0.0038355
8 8 7 5 -0.0000000
8 8 7 6 -0.0079952
8 8 7 7 0.4670421
8 8 8 0 -0.0000000
8 8 8 1 -0.0000000
8 8 8 2 0.0294396
8 8 8 3 0.0000000
8 8 8 4 -0.0000000
8 8 8 5 -0.0176072
8 8 8 6 -0.0000000
8 8 8 7 -0.0000000
8 8 8 8 0.6728327
9 0 0 0 -0.0027895
9 0 1 0 0.0001227
9 0 1 1 -0.0004694
9 0 2 0 0.0000000
9 0 2 1 -0.0000000
9 0 2 2 -0.0003360
9 0 3 0 -0.0000527
9 0 3 1 0.0001861
9 0 3 2 0.0000000
9 0 3 3 -0.0004717
9 0 4 0 0.0002068
9 0 4 1 -0.0000710
9 0 4 2 -0.0000000
9 0 4 3 0.0001404
9 0 4 4 -0.0003357
9 0 5 0 -0.0000000
9 0 5 1 -0.0000000
9 0 5 2 0.0002269
9 0 5 3 0.0000000
9 0 5 4 -0.0000000
9 0 5 5 -0.0005830
9 0 6 0 0.0000904
9 0 6 1 -0.0004736
9 0 6 2 -0.0000000
9 0 6 3 -0.0002315
9 0 6 4 0.0000120
9 0 6 5 -0.0000000
9 0 6 6 -0.0001313
9 0 7 0 -0.0001214
9 0 7 1 -0.0000160
9 0 7 2 -0.0000000
9 0 7 3 0.0000168
9 0 7 4 0.0000852
9 0 7 5 -0.0000000
9 0 7 6 -0.0000201
9 0 7 7 0.0000576
9 0 8 0 0.0000000
9 0 8 1 -0.0000000
9 0 8 2 0.0000718
9 0 8 3 0.0000000
9 0 8 4 -0.0000000
9 0 8 5 -0.0000696
9 0 8 6 -0.0000000
9 0 8 7 -0.0000000
9 0 8 8 0.0004523
9 0 9 0 0.0000067
9 0 9 1 -0.0000494
9 0 9 2 -0.0000000
9 0 9 3 -0.0000633
9 0 9 4 -0.0000079
9 0 9 5 -0.0000000
9 0 9 6 0.0002076
9 0 9 7 0.0000201
9 0 9 8 -0.0000000
9 0 9 9 0.0031078
9 1 0 0 -0.0045928
9 1 1 0 -0.0001270
9 1 1 1 -0.0024048
9 1 2 0 -0.0000000
9 1 2 1 -0.0000000
9 1 2 2 -0.0025111
9 1 3 0 0.0000308
9 1 3 1 0.0018151
9 1 3 2 0.0000000
9 1 3 3 -0.0021768
9 1 4 0 0.0001033
9 1 4 1 -0.0001990
9 1 4 2 -0.0000000
9 1 4 3 0.0005211
9 1 4 4 -0.0021588
9 1 5 0 -0.0000000
9 1 5 1 -0.0000000
9 1 5 2 0.0010477
9 1 5 3 0.0000000
9 1 5 4 -0.0000000
9 1 5 5 -0.0033883
9 1 6 0 -0.0000900
9 1 6 1 -0.0042770
9 1 6 2 -0.0000000
9 1 6 3 -0.0022518
9 1 6 4 -0.0000098
9 1 6 5 -0.0000000
9 1 6 6 0.0021768
9 1 7 0 -0.0000896
9 1 7 1 0.0002075
9 1 7 2 0.0000000
9 1 7 3 0.0003257
9 1 7 4 0.0002323
9 1 7 5 0.0000000
9 1 7 6 -0.0006877
9 1 7 7 -0.0002409
9 1 8 0 -0.0000000
9 1 8 1 -0.0000000
9 1 8 2 0.0004580
9 1 8 3 -0.0000000
9 1 8 4 -0.0000000
9 1 8 5 -0.0004481
9 1 8 6 0.0000000
9 1 8 7 -0.0000000
9 1 8 8 0.0014163
9 1 9 0 -0.0000494
9 1 9 1 0.0040131
9 1 9 2 0.0000000
9 1 9 3 0.0030040
9 1 9 4 0.0001774
9 1 9 5 0.0000000
9 1 9 6 -0.0091707
9 1 9 7 0.0007817
9 1 9 8 -0.0000000
9 1 9 9 -0.0397641
9 2 0 0 -0.0000000
9 2 1 0 -0.0000000
9 2 1 1 -0.0000000
9 2 2 0 -0.0000366
9 2 2 1 -0.0002378
9 2 2 2 -0.0000000
9 2 3 0 0.0000000
9 2 3 1 0.0000000
9 2 3 2 0.0000167
9 2 3 3 -0.0000000
9 2 4 0 0.0000000
9 2 4 1 -0.0000000
9 2 4 2 0.0000078
9 2 4 3 0.0000000
9 2 4 4 -0.0000000
9 2 5 0 0.0000734
9 2 5 1 0.0003761
9 2 5 2 0.0000000
9 2 5 3 -0.0000425
9 2 5 4 0.0000214
9 2 5 5 -0.0000000
9 2 6 0 -0.0000000
9 2 6 1 -0.0000000
9 2 6 2 -0.0002345
9 2 6 3 -0.0000000
9 2 6 4 0.0000000
9 2 6 5 0.0002738
9 2 6 6 0.0000000
9 2 7 0 -0.0000000
9 2 7 1 0.0000000
9 2 7 2 0.0000248
9 2 7 3 0.0000000
9 2 7 4 0.0000000
9 2 7 5 -0.0000378
9 2 7 6 -0.0000000
9 2 7 7 0.0000000
9 2 8 0 0.0000011
9 2 8 1 0.0005360
9 2 8 2 0.0000000
9 2 8 3 0.0003320
9 2 8 4 0.0000014
9 2 8 5 -0.0000000
9 2 8 6 -0.0007536
9 2 8 7 0.0000537
9 2 8 8 0.0000000
9 2 9 0 -0.0000000
9 2 9 1 0.0000000
9 2 9 2 0.0002027
9 2 9 3 0.0000000
9 2 9 4 0.0000000
9 2 9 5 -0.0001722
9 2 9 6 -0.0000000
9 2 9 7 0.0000000
9 2 9 8 0.0016560
9 2 9 9 -0.0000000
9 3 0 0 -0.0007630
9 3 1 0 0.0000356
9 3 1 1 0.0002141
9 3 2 0 0.0000000
9 3 2 1 0.0000000
9 3 2 2 -0.0008796
9 3 3 0 -0.0000604
9 3 3 1 0.0003516
9 3 3 2 0.0000000
9 3 3 3 -0.0002146
9 3 4 0 -0.0000034
9 3 4 1 0.0000761
9 3 4 2 0.0000000
9 3 4 3 -0.0000811
9 3 4 4 -0.0008110
9 3 5 0 0.0000000
9 3 5 1 0.0000000
9 3 5 2 0.0000009
9 3 5 3 0.0000000
9 3 5 4 0.0000000
9 3 5 5 -0.0007647
9 3 6 0 -0.0000030
9 3 6 1 -0.0012562
9 3 6 2 -0.0000000
9 3 6 3 -0.0010760
9 3 6 4 -0.0000004
9 3 6 5 -0.0000000
9 3 6 6 0.0012173
9 3 7 0 0.0000407
9 3 7 1 0.0000034
9 3 7 2 0.0000000
9 3 7 3 -0.0000607
9 3 7 4 0.0000598
9 3 7 5 -0.0000000
9 3 7 6 0.0002526
9 3 7 7 -0.0012657
9 3 8 0 0.0000000
9 3 8 1 0.0000000
9 3 8 2 -0.0000445
9 3 8 3 0.0000000
9 3 8 4 0.0000000
9 3 8 5 0.0000517
9 3 8 6 -0.0000000
9 3 8 7 -0.0000000
9 3 8 8 -0.0013077
9 3 9 0 -0.0000633
9 3 9 1 0.0030040
9 3 9 2 0.0000000
9 3 9 3 0.0025539
9 3 9 4 0.0001479
9 3 9 5 0.0000000
9 3 9 6 -0.0075572
9 3 9 7 -0.0005926
9 3 9 8 0.0000000
9 3 9 9 -0.0447335
9 4 0 0 0.0008072
9 4 1 0 -0.0000522
9 4 1 1 0.0000552
9 4 2 0 -0.0000000
9 4 2 1 -0.0000000
9 4 2 2 0.0001737
9 4 3 0 0.0000212
9 4 3 1 -0.0000604
9 4 3 2 -0.0000000
9 4 3 3 0.0001693
9 4 4 0 -0.0000137
9 4 4 1 -0.0000008
9 4 4 2 -0.0000000
9 4 4 3 -0.0001017
9 4 4 4 0.0002032
9 4 5 0 -0.0000000
9 4 5 1 0.0000000
9 4 5 2 -0.0001314
9 4 5 3 -0.0000000
9 4 5 4 -0.0000000
9 4 5 5 0.0002118
9 4 6 0 -0.0000393
9 4 6 1 0.0002838
9 4 6 2 0.0000000
9 4 6 3 0.0002647
9 4 6 4 -0.0000475
9 4 6 5 0.0000000
9 4 6 6 -0.0002213
9 4 7 0 -0.0000204
9 4 7 1 -0.0000004
9 4 7 2 -0.0000000
9 4 7 3 0.0000971
9 4 7 4 -0.0001497
9 4 7 5 0.0000000
9 4 7 6 -0.0000764
9 4 7 7 -0.0001946
9 4 8 0 -0.0000000
9 4 8 1 -0.0000000
9 4 8 2 -0.0000937
9 4 8 3 -0.0000000
9 4 8 4 0.0000000
9 4 8 5 0.0000768
9 4 8 6 0.0000000
9 4 8 7 -0.0000000
9 4 8 8 -0.0006226
9 4 9 0 -0.0000079
9 4 9 1 0.0001774
9 4 9 2 0.0000000
9 4 9 3 0.0001479
9 4 9 4 0.0000242
9 4 9 5 0.0000000
9 4 9 6 -0.0005474
9 4 9 7 0.0002018
9 4 9 8 -0.0000000
9 4 9 9 -0.0069133
9 5 0 0 -0.0000000
9 5 1 0 -0.0000000
9 5 1 1 -0.0000000
9 5 2 0 0.0000720
9 5 2 1 0.0004523
9 5 2 2 0.0000000
9 5 3 0 0.0000000
9 5 3 1 0.0000000
9 5 3 2 -0.0002327
9 5 3 3 -0.0000000
9 5 4 0 -0.0000000
9 5 4 1 0.0000000
9 5 4 2 -0.0002648
9 5 4 3 0.0000000
9 5 4 4 -0.0000000
9 5 5 0 -0.0001576
9 5 5 1 -0.0006373
9 5 5 2 -0.0000000
9 5 5 3 0.0000185
9 5 5 4 -0.0003453
9 5 5 5 -0.0000000
9 5 6 0 -0.0000000
9 5 6 1 -0.0000000
9 5 6 2 0.0002896
9 5 6 3 -0.0000000
9 5 6 4 -0.0000000
9 5 6 5 -0.0004524
9 5 6 6 0.0000000
9 5 7 0 0.0000000
9 5 7 1 0.0000000
9 5 7 2 -0.0001831
9 5 7 3 0.0000000
9 5 7 4 0.0000000
9 5 7 5 0.0000165
9 5 7 6 -0.0000000
9 5 7 7 -0.0000000
9 5 8 0 -0.0000037
9 5 8 1 -0.0005959
9 5 8 2 -0.0000000
9 5 8 3 -0.0003426
9 5 8 4 0.0000047
9 5 8 5 -0.0000000
9 5 8 6 0.0007116
9 5 8 7 0.0000284
9 5 8 8 -0.0000000
9 5 9 0 -0.0000000
9 5 9 1 0.0000000
9 5 9 2 -0.0001722
9 5 9 3 0.0000000
9 5 9 4 0.0000000
9 5 9 5 0.0001507
9 5 9 6 -0.0000000
9 5 9 7 -0.0000000
9 5 9 8 -0.0013780
9 5 9 9 -0.0000000
9 6 0 0 -0.0032793
9 6 1 0 -0.0000889
9 6 1 1 -0.0043657
9 6 2 0 -0.0000000
9 6 2 1 -0.0000000
9 6 2 2 -0.0009162
9 6 3 0 -0.0001123
9 6 3 1 -0.0018076
9 6 3 2 -0.0000000
9 6 3 3 -0.0026444
9 6 4 0 0.0001268
9 6 4 1 -0.0001696
9 6 4 2 -0.0000000
9 6 4 3 0.0002267
9 6 4 4 -0.0008102
9 6 5 0 -0.0000000
9 6 5 1 -0.0000000
9 6 5 2 0.0006839
9 6 5 3 -0.0000000
9 6 5 4 -0.0000000
9 6 5 5 -0.0016705
9 6 6 0 -0.0001469
9 6 6 1 0.0012087
9 6 6 2 0.0000000
9 6 6 3 0.0011376
9 6 6 4 0.0000688
9 6 6 5 0.0000000
9 6 6 6 -0.0050252
9 6 7 0 -0.0000214
9 6 7 1 -0.0001157
9 6 7 2 -0.0000000
9 6 7 3 -0.0004644
9 6 7 4 0.0003131
9 6 7 5 -0.0000000
9 6 7 6 0.0007038
9 6 7 7 0.0033753
9 6 8 0 -0.0000000
9 6 8 1 -0.0000000
9 6 8 2 0.0008630
9 6 8 3 0.0000000
9 6 8 4 -0.0000000
9 6 8 5 -0.0008648
9 6 8 6 -0.0000000
9 6 8 7 -0.0000000
9 6 8 8 0.0065395
9 6 9 0 0.0002076
9 6 9 1 -0.0091707
9 6 9 2 -0.0000000
9 6 9 3 -0.0075572
9 6 9 4 -0.0005474
9 6 9 5 -0.0000000
9 6 9 6 0.0234775
9 6 9 7 -0.0009194
9 6 9 8 -0.0000000
9 6 9 9 0.1532961
9 7 0 0 -0.0009808
9 7 1 0 0.0001043
9 7 1 1 0.0007411
9 7 2 0 0.0000000
9 7 2 1 0.0000000
9 7 2 2 -0.0007276
9 7 3 0 -0.0000262
9 7 3 1 -0.0001420
9 7 3 2 -0.0000000
9 7 3 3 -0.0004154
9 7 4 0 -0.0000178
9 7 4 1 0.0001337
9 7 4 2 0.0000000
9 7 4 3 -0.0001263
9 7 4 4 -0.0009205
9 7 5 0 0.0000000
9 7 5 1 0.0000000
9 7 5 2 -0.0003210
9 7 5 3 -0.0000000
9 7 5 4 0.0000000
9 7 5 5 -0.0004324
9 7 6 0 0.0000587
9 7 6 1 -0.0001269
9 7 6 2 -0.0000000
9 7 6 3 -0.0001053
9 7 6 4 -0.0000408
9 7 6 5 -0.0000000
9 7 6 6 -0.0001623
9 7 7 0 0.0000504
9 7 7 1 0.0011714
9 7 7 2 0.0000000
9 7 7 3 0.0006449
9 7 7 4 0.0001995
9 7 7 5 0.0000000
9 7 7 6 -0.0020747
9 7 7 7 -0.0001770
9 7 8 0 -0.0000000
9 7 8 1 -0.0000000
9 7 8 2 0.0000017
9 7 8 3 -0.0000000
9 7 8 4 0.0000000
9 7 8 5 0.0001150
9 7 8 6 0.0000000
9 7 8 7 0.0000000
9 7 8 8 0.0000624
9 7 9 0 0.0000201
9 7 9 1 0.0007817
9 7 9 2 0.0000000
9 7 9 3 -0.0005926
9 7 9 4 0.0002018
9 7 9 5 -0.0000000
9 7 9 6 -0.0009194
9 7 9 7 0.0091562
9 7 9 8 0.0000000
9 7 9 9 -0.0149379
9 8 0 0 0.0000000
9 8 1 0 -0.0000000
9 8 1 1 -0.0000000
9 8 2 0 0.0000746
9 8 2 1 0.0012517
9 8 2 2 0.0000000
9 8 3 0 0.0000000
9 8 3 1 0.0000000
9 8 3 2 -0.0004159
9 8 3 3 0.0000000
9 8 4 0 -0.0000000
9 8 4 1 0.0000000
9 8 4 2 -0.0010939
9 8 4 3 0.0000000
9 8 4 4 0.0000000
9 8 5 0 -0.0001853
9 8 5 1 -0.0011476
9 8 5 2 -0.0000000
9 8 5 3 -0.0002720
9 8 5 4 -0.0010314
9 8 5 5 -0.0000000
9 8 6 0 -0.0000000
9 8 6 1 -0.0000000
9 8 6 2 -0.0000854
9 8 6 3 0.0000000
9 8 6 4 0.0000000
9 8 6 5 -0.0002889
9 8 6 6 -0.0000000
9 8 7 0 0.0000000
9 8 7 1 0.0000000
9 8 7 2 -0.0005028
9 8 7 3 -0.0000000
9 8 7 4 0.0000000
9 8 7 5 0.0000354
9 8 7 6 0.0000000
9 8 7 7 -0.0000000
9 8 8 0 0.0000001
9 8 8 1 0.0010077
9 8 8 2 0.0000000
9 8 8 3 0.0009397
9 8 8 4 0.0002622
9 8 8 5 0.0000000
9 8 8 6 -0.0030471
9 8 8 7 0.0004312
9 8 8 8 -0.0000000
9 8 9 0 -0.0000000
9 8 9 1 -0.0000000
9 8 9 2 0.0016560
9 8 9 3 0.0000000
9 8 9 4 -0.0000000
9 8 9 5 -0.0013780
9 8 9 6 -0.0000000
9 8 9 7 0.0000000
9 8 9 8 0.0145315
9 8 9 9 -0.0000000
9 9 0 0 0.3430169
9 9 1 0 0.0034125
9 9 1 1 0.5158651
9 9 2 0 0.0000000
9 9 2 1 0.0000000
9 9 2 2 0.2716350
9 9 3 0 0.0045138
9 9 3 1 0.1349108
9 9 3 2 0.0000000
9 9 3 3 0.3674215
9 9 4 0 -0.0049575
9 9 4 1 0.0046801
9 9 4 2 -0.0000000
9 9 4 3 -0.0077814
9 9 4 4 0.2415434
9 9 5 0 0.0000000
9 9 5 1 0.0000000
9 9 5 2 -0.0508016
9 9 5 3 0.0000000
9 9 5 4 0.0000000
9 9 5 5 0.3006103
9 9 6 0 0.0075951
9 9 6 1 -0.1917299
9 9 6 2 -0.0000000
9 9 6 3 -0.1599589
9 9 6 4 -0.0024617
9 9 6 5 -0.0000000
9 9 6 6 0.7514606
9 9 7 0 0.0020472
9 9 7 1 0.0119253
9 9 7 2 0.0000000
9 9 7 3 -0.0477635
9 9 7 4 -0.0025581
9 9 7 5 -0.0000000
9 9 7 6 -0.0084176
9 9 7 7 0.6182416
9 9 8 0 -0.0000000
9 9 8 1 -0.0000000
9 9 8 2 0.0480145
9 9 8 3 0.0000000
9 9 8 4 -0.0000000
9 9 8 5 -0.0314953
9 9 8 6 -0.0000000
9 9 8 7 -0.0000000
9 9 8 8 0.8416886
9 9 9 0 0.0031078
9 9 9 1 -0.0397641
9 9 9 2 -0.0000000
9 9 9 3 -0.0447335
9 9 9 4 -0.0069133
9 9 9 5 -0.0000000
9 9 9 6 0.1532961
9 9 9 7 -0.0149379
9 9 9 8 -0.0000000
9 9 9 9 3.4993852
10 0 0 0 0.0247537
10 0 1 0 -0.0011568
10 0 1 1 0.0035726
10 0 2 0 -0.0000000
10 0 2 1 0.0000000
10 0 2 2 0.0001672
10 0 3 0 -0.0000101
10 0 3 1 -0.0015329
10 0 3 2 -0.0000000
10 0 3 3 0.0017727
10 0 4 0 -0.0031969
10 0 4 1 0.0007188
10 0 4 2 0.0000000
10 0 4 3 -0.0009756
10 0 4 4 -0.0000059
10 0 5 0 0.0000000
10 0 5 1 0.0000000
10 0 5 2 -0.0009206
10 0 5 3 -0.0000000
10 0 5 4 0.0000000
10 0 5 5 0.0017861
10 0 6 0 -0.0012527
10 0 6 1 0.0021369
10 0 6 2 0.0000000
10 0 6 3 -0.0004346
10 0 6 4 0.0000716
10 0 6 5 0.0000000
10 0 6 6 0.0012385
10 0 7 0 0.0027186
10 0 7 1 0.0005703
10 0 7 2 0.0000000
10 0 7 3 -0.0002878
10 0 7 4 0.0006781
10 0 7 5 -0.0000000
10 0 7 6 0.0005688
10 0 7 7 -0.0013607
10 0 8 0 -0.0000000
10 0 8 1 0.0000000
10 0 8 2 -0.0001498
10 0 8 3 -0.0000000
10 0 8 4 0.0000000
10 0 8 5 0.0002076
10 0 8 6 0.0000000
10 0 8 7 0.0000000
10 0 8 8 -0.0007601
10 0 9 0 -0.0000357
10 0 9 1 -0.0000593
10 0 9 2 -0.0000000
10 0 9 3 0.0000027
10 0 9 4 -0.0000000
10 0 9 5 -0.0000000
10 0 9 6 -0.0000274
10 0 9 7 0.0000134
10 0 9 8 0.0000000
10 0 9 9 -0.0010079
10 0 10 0 0.0006751
10 0 10 1 0.0005558
10 0 10 2 0.0000000
10 0 10 3 -0.0000138
10 0 10 4 0.0001509
10 0 10 5 0.0000000
10 0 10 6 0.0000030
10 0 10 7 0.0000523
10 0 10 8 -0.0000000
10 0 10 9 -0.0000224
10 0 10 10 -0.0012465
10 1 0 0 0.0348194
10 1 1 0 0.0014778
10 1 1 1 0.0385133
10 1 2 0 0.0000000
10 1 2 1 0.0000000
10 1 2 2 0.0144053
10 1 3 0 -0.0007834
10 1 3 1 -0.0027615
10 1 3 2 -0.0000000
10 1 3 3 0.0246167
10 1 4 0 -0.0009172
10 1 4 1 0.0023646
10 1 4 2 -0.0000000
10 1 4 3 -0.0055954
10 1 4 4 0.0125959
10 1 5 0 -0.0000000
10 1 5 1 0.0000000
10 1 5 2 -0.0090691
10 1 5 3 -0.0000000
10 1 5 4 -0.0000000
10 1 5 5 0.0233531
10 1 6 0 0.0009054
10 1 6 1 0.0109021
10 1 6 2 0.0000000
10 1 6 3 -0.0006188
10 1 6 4 -0.0008195
10 1 6 5 -0.0000000
10 1 6 6 0.0213375
10 1 7 0 0.0011174
10 1 7 1 0.0001394
10 1 7 2 -0.0000000
10 1 7 3 -0.0021081
10 1 7 4 -0.0016709
10 1 7 5 0.0000000
10 1 7 6 0.0051023
10 1 7 7 0.0016371
10 1 8 0 0.0000000
10 1 8 1 0.0000000
10 1 8 2 -0.0035712
10 1 8 3 -0.0000000
10 1 8 4 0.0000000
10 1 8 5 0.0043961
10 1 8 6 0.0000000
10 1 8 7 0.0000000
10 1 8 8 -0.0062577
10 1 9 0 -0.0001216
10 1 9 1 -0.0001781
10 1 9 2 -0.0000000
10 1 9 3 0.0007595
10 1 9 4 0.0001916
10 1 9 5 0.0000000
10 1 9 6 -0.0036957
10 1 9 7 0.0002452
10 1 9 8 -0.0000000
10 1 9 9 -0.0314560
10 1 10 0 0.0005558
10 1 10 1 0.0203044
10 1 10 2 0.0000000
10 1 10 3 0.0097758
10 1 10 4 -0.0007556
10 1 10 5 0.0000000
10 1 10 6 -0.0234299
10 1 10 7 -0.0001947
10 1 10 8 -0.0000000
10 1 10 9 0.0004939
10 1 10 10 -0.0457647
10 2 0 0 0.0000000
10 2 1 0 0.0000000
10 2 1 1 0.0000000
10 2 2 0 -0.0007494
10 2 2 1 -0.0044834
10 2 2 2 0.0000000
10 2 3 0 -0.0000000
10 2 3 1 -0.0000000
10 2 3 2 0.0065185
10 2 3 3 0.0000000
10 2 4 0 -0.0000000
10 2 4 1 -0.0000000
10 2 4 2 0.0098518
10 2 4 3 -0.0000000
10 2 4 4 0.0000000
10 2 5 0 0.0018400
10 2 5 1 0.0021308
10 2 5 2 -0.0000000
10 2 5 3 0.0022414
10 2 5 4 0.0111600
10 2 5 5 0.0000000
10 2 6 0 0.0000000
10 2 6 1 0.0000000
10 2 6 2 -0.0010176
10 2 6 3 -0.0000000
10 2 6 4 -0.0000000
10 2 6 5 0.0028933
10 2 6 6 0.0000000
10 2 7 0 0.0000000
10 2 7 1 -0.0000000
10 2 7 2 0.0074132
10 2 7 3 -0.0000000
10 2 7 4 -0.0000000
10 2 7 5 -0.0009768
10 2 7 6 0.0000000
10 2 7 7 -0.0000000
10 2 8 0 -0.0000208
10 2 8 1 0.0018792
10 2 8 2 -0.0000000
10 2 8 3 0.0012712
10 2 8 4 -0.0002448
10 2 8 5 0.0000000
10 2 8 6 -0.0034025
10 2 8 7 -0.0001679
10 2 8 8 -0.0000000
10 2 9 0 -0.0000000
10 2 9 1 -0.0000000
10 2 9 2 0.0000526
10 2 9 3 0.0000000
10 2 9 4 0.0000000
10 2 9 5 -0.0000753
10 2 9 6 -0.0000000
10 2 9 7 0.0000000
10 2 9 8 0.0000963
10 2 9 9 -0.0000000
10 2 10 0 0.0000000
10 2 10 1 0.0000000
10 2 10 2 0.0028027
10 2 10 3 0.0000000
10 2 10 4 -0.0000000
10 2 10 5 -0.0010594
10 2 10 6 -0.0000000
10 2 10 7 0.0000000
10 2 10 8 0.0113064
10 2 10 9 0.0000000
10 2 10 10 -0.0000000
10 3 0 0 0.0026494
10 3 1 0 -0.0003235
10 3 1 1 0.0071139
10 3 2 0 -0.0000000
10 3 2 1 -0.0000000
10 3 2 2 0.0098565
10 3 3 0 -0.0006912
10 3 3 1 0.0012829
10 3 3 2 0.0000000
10 3 3 3 0.0081100
10 3 4 0 0.0006001
10 3 4 1 -0.0008564
10 3 4 2 -0.0000000
10 3 4 3 -0.0011066
10 3 4 4 0.0109690
10 3 5 0 0.0000000
10 3 5 1 -0.0000000
10 3 5 2 0.0017488
10 3 5 3 0.0000000
10 3 5 4 -0.0000000
10 3 5 5 0.0076820
10 3 6 0 -0.0008054
10 3 6 1 -0.0026000
10 3 6 2 -0.0000000
10 3 6 3 -0.0005397
10 3 6 4 -0.0016857
10 3 6 5 -0.0000000
10 3 6 6 0.0066562
10 3 7 0 -0.0001527
10 3 7 1 -0.0021769
10 3 7 2 -0.0000000
10 3 7 3 0.0035601
10 3 7 4 -0.0006564
10 3 7 5 -0.0000000
10 3 7 6 0.0059972
10 3 7 7 0.0017566
10 3 8 0 -0.0000000
10 3 8 1 0.0000000
10 3 8 2 -0.0011075
10 3 8 3 -0.0000000
10 3 8 4 0.0000000
10 3 8 5 0.0012986
10 3 8 6 -0.0000000
10 3 8 7 0.0000000
10 3 8 8 -0.0003176
10 3 9 0 -0.0000331
10 3 9 1 0.0002991
10 3 9 2 0.0000000
10 3 9 3 0.0005452
10 3 9 4 0.0000992
10 3 9 5 0.0000000
10 3 9 6 -0.0022438
10 3 9 7 -0.0001074
10 3 9 8 0.0000000
10 3 9 9 -0.0124187
10 3 10 0 -0.0000138
10 3 10 1 0.0097758
10 3 10 2 0.0000000
10 3 10 3 0.0079200
10 3 10 4 -0.0004229
10 3 10 5 0.0000000
10 3 10 6 -0.0145593
10 3 10 7 -0.0080930
10 3 10 8 0.0000000
10 3 10 9 0.0007779
10 3 10 10 -0.0196245
10 4 0 0 -0.0299048
10 4 1 0 0.0017376
10 4 1 1 -0.0065995
10 4 2 0 0.0000000
10 4 2 1 -0.0000000
10 4 2 2 -0.0026683
10 4 3 0 -0.0004815
10 4 3 1 0.0000347
10 4 3 2 -0.0000000
10 4 3 3 -0.0096261
10 4 4 0 0.0001551
10 4 4 1 -0.0013248
10 4 4 2 -0.0000000
10 4 4 3 0.0055545
10 4 4 4 -0.0038117
10 4 5 0 -0.0000000
10 4 5 1 -0.0000000
10 4 5 2 0.0075425
10 4 5 3 -0.0000000
10 4 5 4 -0.0000000
10 4 5 5 -0.0067849
10 4 6 0 0.0013719
10 4 6 1 -0.0034195
10 4 6 2 -0.0000000
10 4 6 3 -0.0042513
10 4 6 4 0.0017069
10 4 6 5 -0.0000000
10 4 6 6 -0.0072669
10 4 7 0 0.0009385
10 4 7 1 0.0000412
10 4 7 2 -0.0000000
10 4 7 3 -0.0001688
10 4 7 4 0.0063897
10 4 7 5 -0.0000000
10 4 7 6 0.0000534
10 4 7 7 -0.0082267
10 4 8 0 0.0000000
10 4 8 1 -0.0000000
10 4 8 2 0.0003557
10 4 8 3 -0.0000000
10 4 8 4 -0.0000000
10 4 8 5 -0.0005930
10 4 8 6 0.0000000
10 4 8 7 -0.0000000
10 4 8 8 -0.0003395
10 4 9 0 0.0000206
10 4 9 1 0.0001064
10 4 9 2 0.0000000
10 4 9 3 0.0000359
10 4 9 4 -0.0000376
10 4 9 5 0.0000000
10 4 9 6 0.0000371
10 4 9 7 0.0000438
10 4 9 8 -0.0000000
10 4 9 9 0.0000084
10 4 10 0 0.0001509
10 4 10 1 -0.0007556
10 4 10 2 -0.0000000
10 4 10 3 -0.0004229
10 4 10 4 0.0014885
10 4 10 5 -0.0000000
10 4 10 6 0.0007597
10 4 10 7 -0.0009864
10 4 10 8 -0.0000000
10 4 10 9 -0.0000350
10 4 10 10 0.0001327
10 5 0 0 0.0000000
10 5 1 0 -0.0000000
10 5 1 1 0.0000000
10 5 2 0 0.0004882
10 5 2 1 -0.0006970
10 5 2 2 0.0000000
10 5 3 0 0.0000000
10 5 3 1 -0.0000000
10 5 3 2 0.0015972
10 5 3 3 0.0000000
10 5 4 0 -0.0000000
10 5 4 1 -0.0000000
10 5 4 2 0.0040514
10 5 4 3 -0.0000000
10 5 4 4 0.0000000
10 5 5 0 -0.0007332
10 5 5 1 0.0005149
10 5 5 2 -0.0000000
10 5 5 3 0.0005820
10 5 5 4 0.0021524
10 5 5 5 0.0000000
10 5 6 0 -0.0000000
10 5 6 1 0.0000000
10 5 6 2 0.0005299
10 5 6 3 -0.0000000
10 5 6 4 -0.0000000
10 5 6 5 0.0002351
10 5 6 6 0.0000000
10 5 7 0 -0.0000000
10 5 7 1 -0.0000000
10 5 7 2 -0.0005396
10 5 7 3 -0.0000000
10 5 7 4 -0.0000000
10 5 7 5 0.0023604
10 5 7 6 0.0000000
10 5 7 7 0.0000000
10 5 8 0 0.0000294
10 5 8 1 0.0000032
10 5 8 2 -0.0000000
10 5 8 3 -0.0004836
10 5 8 4 -0.0001504
10 5 8 5 0.0000000
10 5 8 6 0.0018176
10 5 8 7 -0.0002751
10 5 8 8 0.0000000
10 5 9 0 -0.0000000
10 5 9 1 0.0000000
10 5 9 2 -0.0000305
10 5 9 3 0.0000000
10 5 9 4 0.0000000
10 5 9 5 0.0000011
10 5 9 6 -0.0000000
10 5 9 7 -0.0000000
10 5 9 8 -0.0002052
10 5 9 9 -0.0000000
10 5 10 0 0.0000000
10 5 10 1 0.0000000
10 5 10 2 -0.0010594
10 5 10 3 0.0000000
10 5 10 4 -0.0000000
10 5 10 5 0.0013929
10 5 10 6 -0.0000000
10 5 10 7 -0.0000000
10 5 10 8 -0.0080615
10 5 10 9 0.0000000
10 5 10 10 -0.0000000
10 6 0 0 -0.0220135
10 6 1 0 0.0001714
10 6 1 1 -0.0293687
10 6 2 0 0.0000000
10 6 2 1 -0.0000000
10 6 2 2 -0.0137347
10 6 3 0 -0.0018746
10 6 3 1 -0.0112451
10 6 3 2 -0.0000000
10 6 3 3 -0.0176242
10 6 4 0 0.0007695
10 6 4 1 0.0000000
10 6 4 2 0.0000000
10 6 4 3 -0.0020827
10 6 4 4 -0.0098310
10 6 5 0 -0.0000000
10 6 5 1 -0.0000000
10 6 5 2 0.0046346
10 6 5 3 -0.0000000
10 6 5 4 -0.0000000
10 6 5 5 -0.0164200
10 6 6 0 -0.0012527
10 6 6 1 0.0028630
10 6 6 2 0.0000000
10 6 6 3 0.0037796
10 6 6 4 -0.0013010
10 6 6 5 0.0000000
10 6 6 6 -0.0321892
10 6 7 0 0.0004965
10 6 7 1 0.0045120
10 6 7 2 0.0000000
10 6 7 3 0.0050013
10 6 7 4 0.0010290
10 6 7 5 0.0000000
10 6 7 6 -0.0007065
10 6 7 7 -0.0146483
10 6 8 0 0.0000000
10 6 8 1 -0.0000000
10 6 8 2 0.0018233
10 6 8 3 0.0000000
10 6 8 4 -0.0000000
10 6 8 5 -0.0027481
10 6 8 6 0.0000000
10 6 8 7 -0.0000000
10 6 8 8 -0.0159161
10 6 9 0 0.0000909
10 6 9 1 -0.0012503
10 6 9 2 -0.0000000
10 6 9 3 -0.0016384
10 6 9 4 -0.0002408
10 6 9 5 -0.0000000
10 6 9 6 0.0064391
10 6 9 7 -0.0000019
10 6 9 8 -0.0000000
10 6 9 9 0.0199327
10 6 10 0 0.0000030
10 6 10 1 -0.0234299
10 6 10 2 -0.0000000
10 6 10 3 -0.0145593
10 6 10 4 0.0007597
10 6 10 5 -0.0000000
10 6 10 6 0.0375762
10 6 10 7 0.0084682
10 6 10 8 -0.0000000
10 6 10 9 -0.0015678
10 6 10 10 0.0400733
10 7 0 0 0.0552408
10 7 1 0 -0.0032209
10 7 1 1 -0.0046757
10 7 2 0 -0.0000000
10 7 2 1 -0.0000000
10 7 2 2 0.0317154
10 7 3 0 0.0013827
10 7 3 1 -0.0070102
10 7 3 2 -0.0000000
10 7 3 3 0.0216858
10 7 4 0 0.0004760
10 7 4 1 -0.0000631
10 7 4 2 0.0000000
10 7 4 3 -0.0002971
10 7 4 4 0.0349147
10 7 5 0 0.0000000
10 7 5 1 -0.0000000
10 7 5 2 0.0002077
10 7 5 3 -0.0000000
10 7 5 4 -0.0000000
10 7 5 5 0.0286939
10 7 6 0 -0.0021544
10 7 6 1 0.0197061
10 7 6 2 0.0000000
10 7 6 3 0.0233119
10 7 6 4 -0.0010757
10 7 6 5 0.0000000
10 7 6 6 -0.0100133
10 7 7 0 -0.0024792
10 7 7 1 0.0047802
10 7 7 2 0.0000000
10 7 7 3 0.0111026
10 7 7 4 -0.0072976
10 7 7 5 0.0000000
10 7 7 6 -0.0257553
10 7 7 7 0.0054839
10 7 8 0 0.0000000
10 7 8 1 0.0000000
10 7 8 2 -0.0044492
10 7 8 3 -0.0000000
10 7 8 4 0.0000000
10 7 8 5 0.0020626
10 7 8 6 0.0000000
10 7 8 7 -0.0000000
10 7 8 8 -0.0340626
10 7 9 0 -0.0000887
10 7 9 1 0.0001350
10 7 9 2 0.0000000
10 7 9 3 -0.0000570
10 7 9 4 0.0001880
10 7 9 5 0.0000000
10 7 9 6 -0.0013621
10 7 9 7 0.0002960
10 7 9 8 0.0000000
10 7 9 9 -0.0632212
10 7 10 0 0.0000523
10 7 10 1 -0.0001947
10 7 10 2 0.0000000
10 7 10 3 -0.0080930
10 7 10 4 -0.0009864
10 7 10 5 -0.0000000
10 7 10 6 0.0084682
10 7 10 7 0.0750994
10 7 10 8 0.0000000
10 7 10 9 -0.0038252
10 7 10 10 -0.0676368
10 8 0 0 -0.0000000
10 8 1 0 0.0000000
10 8 1 1 0.0000000
10 8 2 0 -0.0007299
10 8 2 1 -0.0088205
10 8 2 2 -0.0000000
10 8 3 0 -0.0000000
10 8 3 1 -0.0000000
10 8 3 2 0.0042710
10 8 3 3 -0.0000000
10 8 4 0 0.0000000
10 8 4 1 -0.0000000
10 8 4 2 0.0079677
10 8 4 3 -0.0000000
10 8 4 4 -0.0000000
10 8 5 0 0.0016602
10 8 5 1 0.0102582
10 8 5 2 0.0000000
10 8 5 3 0.0017471
10 8 5 4 0.0073604
10 8 5 5 0.0000000
10 8 6 0 0.0000000
10 8 6 1 0.0000000
10 8 6 2 -0.0052974
10 8 6 3 -0.0000000
10 8 6 4 0.0000000
10 8 6 5 0.0063226
10 8 6 6 0.0000000
10 8 7 0 -0.0000000
10 8 7 1 -0.0000000
10 8 7 2 0.0040172
10 8 7 3 0.0000000
10 8 7 4 -0.0000000
10 8 7 5 -0.0008433
10 8 7 6 -0.0000000
10 8 7 7 0.0000000
10 8 8 0 -0.0004305
10 8 8 1 0.0194438
10 8 8 2 0.0000000
10 8 8 3 0.0144837
10 8 8 4 -0.0003019
10 8 8 5 0.0000000
10 8 8 6 -0.0394556
10 8 8 7 -0.0012069
10 8 8 8 -0.0000000
10 8 9 0 0.0000000
10 8 9 1 -0.0000000
10 8 9 2 0.0006145
10 8 9 3 0.0000000
10 8 9 4 -0.0000000
10 8 9 5 -0.0006117
10 8 9 6 -0.0000000
10 8 9 7 0.0000000
10 8 9 8 -0.0000316
10 8 9 9 -0.0000000
10 8 10 0 -0.0000000
10 8 10 1 -0.0000000
10 8 10 2 0.0113064
10 8 10 3 0.0000000
10 8 10 4 -0.0000000
10 8 10 5 -0.0080615
10 8 10 6 -0.0000000
10 8 10 7 0.0000000
10 8 10 8 0.1090352
10 8 10 9 0.0000000
10 8 10 10 0.0000000
10 9 0 0 0.0124981
10 9 1 0 0.0001767
10 9 1 1 0.0259626
10 9 2 0 0.0000000
10 9 2 1 0.0000000
10 9 2 2 0.0079640
10 9 3 0 0.0003561
10 9 3 1 0.0114746
10 9 3 2 0.0000000
10 9 3 3 0.0159410
10 9 4 0 -0.0003291
10 9 4 1 0.0003871
10 9 4 2 -0.0000000
10 9 4 3 -0.0001969
10 9 4 4 0.0062082
10 9 5 0 0.0000000
10 9 5 1 0.0000000
10 9 5 2 -0.0029523
10 9 5 3 0.0000000
10 9 5 4 0.0000000
10 9 5 5 0.0097247
10 9 6 0 0.0005924
10 9 6 1 -0.0177776
10 9 6 2 -0.0000000
10 9 6 3 -0.0141532
10 9 6 4 -0.0003774
10 9 6 5 -0.0000000
10 9 6 6 0.0505782
10 9 7 0 0.0001096
10 9 7 1 0.0010469
10 9 7 2 0.0000000
10 9 7 3 -0.0031525
10 9 7 4 -0.0000761
10 9 7 5 -0.0000000
10 9 7 6 -0.0010340
10 9 7 7 0.0335518
10 9 8 0 -0.0000000
10 9 8 1 -0.0000000
10 9 8 2 0.0038823
10 9 8 3 0.0000000
10 9 8 4 -0.0000000
10 9 8 5 -0.0025664
10 9 8 6 -0.0000000
10 9 8 7 -0.0000000
10 9 8 8 0.0496117
10 9 9 0 0.0003105
10 9 9 1 -0.0066720
10 9 9 2 -0.0000000
10 9 9 3 -0.0060630
10 9 9 4 -0.0007480
10 9 9 5 -0.0000000
10 9 9 6 0.0202609
10 9 9 7 -0.0036628
10 9 9 8 -0.0000000
10 9 9 9 0.3648303
10 9 10 0 -0.0000224
10 9 10 1 0.0004939
10 9 10 2 0.0000000
10 9 10 3 0.0007779
10 9 10 4 -0.0000350
10 9 10 5 0.0000000
10 9 10 6 -0.0015678
10 9 10 7 -0.0038252
10 9 10 8 0.0000000
10 9 10 9 0.0530073
10 9 10 10 0.0389064
10 10 0 0 0.2902125
10 10 1 0 0.0021489
10 10 1 1 0.3837113
10 10 2 0 0.0000000
10 10 2 1 0.0000000
10 10 2 2 0.2367207
10 10 3 0 0.0026423
10 10 3 1 0.0709538
10 10 3 2 0.0000000
10 10 3 3 0.2896552
10 10 4 0 -0.0032011
10 10 4 1 0.0027717
10 10 4 2 -0.0000000
10 10 4 3 -0.0083037
10 10 4 4 0.2156742
10 10 5 0 0.0000000
10 10 5 1 0.0000000
10 10 5 2 -0.0371318
10 10 5 3 0.0000000
10 10 5 4 0.0000000
10 10 5 5 0.2571141
10 10 6 0 0.0040159
10 10 6 1 -0.0930919
10 10 6 2 -0.0000000
10 10 6 3 -0.0820129
10 10 6 4 -0.0001962
10 10 6 5 -0.0000000
10 10 6 6 0.4828131
10 10 7 0 0.0014363
10 10 7 1 0.0027826
10 10 7 2 0.0000000
10 10 7 3 -0.0365968
10 10 7 4 -0.0037415
10 10 7 5 -0.0000000
10 10 7 6 0.0096400
10 10 7 7 0.4644442
10 10 8 0 -0.0000000
10 10 8 1 -0.0000000
10 10 8 2 0.0307916
10 10 8 3 0.0000000
10 10 8 4 -0.0000000
10 10 8 5 -0.0204970
10 10 8 6 -0.0000000
10 10 8 7 0.0000000
10 10 8 8 0.6110798
10 10 9 0 0.0005744
10 10 9 1 0.0007237
10 10 9 2 0.0000000
10 10 9 3 -0.0025863
10 10 9 4 -0.0010415
10 10 9 5 -0.0000000
10 10 9 6 0.0138233
10 10 9 7 -0.0004442
10 10 9 8 -0.0000000
10 10 9 9 0.8412153
10 10 10 0 -0.0012465
10 10 10 1 -0.0457647
10 10 10 2 -0.0000000
10 10 10 3 -0.0196245
10 10 10 4 0.0001327
10 10 10 5 -0.0000000
10 10 10 6 0.0400733
10 10 10 7 -0.0676368
10 10 10 8 0.0000000
10 10 10 9 0.0389064
10 10 10 10 0.7072812
11 0 0 0 -0.0800666
11 0 1 0 0.0039030
11 0 1 1 -0.0099468
11 0 2 0 0.0000000
11 0 2 1 -0.0000000
11 0 2 2 0.0037738
11 0 3 0 0.0007499
11 0 3 1 0.0051389
11 0 3 2 0.0000000
11 0 3 3 -0.0018154
11 0 4 0 0.0123099
11 0 4 1 -0.0024409
11 0 4 2 -0.0000000
11 0 4 3 0.0028101
11 0 4 4 0.0044925
11 0 5 0 -0.0000000
11 0 5 1 -0.0000000
11 0 5 2 0.0013153
11 0 5 3 -0.0000000
11 0 5 4 -0.0000000
11 0 5 5 -0.0005812
11 0 6 0 0.0047941
11 0 6 1 -0.0044909
11 0 6 2 -0.0000000
11 0 6 3 0.0045565
11 0 6 4 -0.0004955
11 0 6 5 0.0000000
11 0 6 6 -0.0023831
11 0 7 0 -0.0111723
11 0 7 1 -0.0022448
11 0 7 2 -0.0000000
11 0 7 3 0.0011532
11 0 7 4 -0.0042279
11 0 7 5 0.0000000
11 0 7 6 -0.0029544
11 0 7 7 0.0067591
11 0 8 0 0.0000000
11 0 8 1 0.0000000
11 0 8 2 -0.0000912
11 0 8 3 0.0000000
11 0 8 4 -0.0000000
11 0 8 5 -0.0001807
11 0 8 6 -0.0000000
11 0 8 7 -0.0000000
11 0 8 8 -0.0007561
11 0 9 0 0.0001203
11 0 9 1 0.0001006
11 0 9 2 0.0000000
11 0 9 3 -0.0000463
11 0 9 4 0.0000183
11 0 9 5 -0.0000000
11 0 9 6 0.0000521
11 0 9 7 -0.0000496
11 0 9 8 -0.0000000
11 0 9 9 -0.0006611
11 0 10 0 -0.0026944
11 0 10 1 -0.0012638
11 0 10 2 -0.0000000
11 0 10 3 0.0001661
11 0 10 4 -0.0009559
11 0 10 5 0.0000000
11 0 10 6 -0.0005586
11 0 10 7 0.0020126
11 0 10 8 0.0000000
11 0 10 9 0.0000113
11 0 10 10 -0.0004451
11 0 11 0 0.0110695
11 0 11 1 0.0039988
11 0 11 2 0.0000000
11 0 11 3 -0.0005520
11 0 11 4 0.0042444
11 0 11 5 -0.0000000
11 0 11 6 0.0028223
11 0 11 7 -0.0073612
11 0 11 8 0.0000000
11 0 11 9 -0.0000669
11 0 11 10 -0.0011711
11 0 11 11 0.0070803
11 1 0 0 -0.0160077
11 1 1 0 -0.0038105
11 1 1 1 -0.0251645
11 1 2 0 -0.0000000
11 1 2 1 -0.0000000
11 1 2 2 0.0151528
11 1 3 0 0.0054237
11 1 3 1 0.0258782
11 1 3 2 0.0000000
11 1 3 3 -0.0070551
11 1 4 0 0.0007184
11 1 4 1 -0.0057731
11 1 4 2 0.0000000
11 1 4 3 0.0162450
11 1 4 4 0.0113485
11 1 5 0 0.0000000
11 1 5 1 0.0000000
11 1 5 2 0.0110917
11 1 5 3 0.0000000
11 1 5 4 0.0000000
11 1 5 5 -0.0008592
11 1 6 0 0.0000541
11 1 6 1 -0.0135142
11 1 6 2 -0.0000000
11 1 6 3 0.0098127
11 1 6 4 0.0028565
11 1 6 5 0.0000000
11 1 6 6 0.0047318
11 1 7 0 -0.0038423
11 1 7 1 -0.0027292
11 1 7 2 0.0000000
11 1 7 3 0.0070399
11 1 7 4 0.0003689
11 1 7 5 -0.0000000
11 1 7 6 -0.0286905
11 1 7 7 0.0126590
11 1 8 0 0.0000000
11 1 8 1 0.0000000
11 1 8 2 -0.0008437
11 1 8 3 0.0000000
11 1 8 4 -0.0000000
11 1 8 5 -0.0008245
11 1 8 6 -0.0000000
11 1 8 7 -0.0000000
11 1 8 8 0.0063818
11 1 9 0 0.0000680
11 1 9 1 0.0010334
11 1 9 2 0.0000000
11 1 9 3 -0.0000878
11 1 9 4 0.0000653
11 1 9 5 -0.0000000
11 1 9 6 -0.0009255
11 1 9 7 0.0005015
11 1 9 8 -0.0000000
11 1 9 9 0.0069347
11 1 10 0 -0.0009961
11 1 10 1 -0.0055435
11 1 10 2 0.0000000
11 1 10 3 -0.0002860
11 1 10 4 0.0000843
11 1 10 5 -0.0000000
11 1 10 6 -0.0045535
11 1 10 7 0.0148091
11 1 10 8 0.0000000
11 1 10 9 0.0019473
11 1 10 10 -0.0113337
11 1 11 0 0.0039988
11 1 11 1 0.0333403
11 1 11 2 -0.0000000
11 1 11 3 0.0097129
11 1 11 4 0.0001806
11 1 11 5 0.0000000
11 1 11 6 -0.0012471
11 1 11 7 -0.0015329
11 1 11 8 0.0000000
11 1 11 9 0.0000361
11 1 11 10 0.0083485
11 1 11 11 0.0206475
11 2 0 0 -0.0000000
11 2 1 0 -0.0000000
11 2 1 1 -0.0000000
11 2 2 0 0.0038338
11 2 2 1 0.0226009
11 2 2 2 0.0000000
11 2 3 0 0.0000000
11 2 3 1 0.0000000
11 2 3 2 -0.0296095
11 2 3 3 -0.0000000
11 2 4 0 -0.0000000
11 2 4 1 0.0000000
11 2 4 2 -0.0444787
11 2 4 3 0.0000000
11 2 4 4 0.0000000
11 2 5 0 -0.0092432
11 2 5 1 -0.0127937
11 2 5 2 -0.0000000
11 2 5 3 -0.0094486
11 2 5 4 -0.0509980
11 2 5 5 0.0000000
11 2 6 0 -0.0000000
11 2 6 1 -0.0000000
11 2 6 2 0.0055794
11 2 6 3 0.0000000
11 2 6 4 0.0000000
11 2 6 5 -0.0151675
11 2 6 6 0.0000000
11 2 7 0 -0.0000000
11 2 7 1 0.0000000
11 2 7 2 -0.0339905
11 2 7 3 0.0000000
11 2 7 4 0.0000000
11 2 7 5 0.0046462
11 2 7 6 -0.0000000
11 2 7 7 0.0000000
11 2 8 0 -0.0001552
11 2 8 1 -0.0056731
11 2 8 2 -0.0000000
11 2 8 3 -0.0022024
11 2 8 4 0.0015253
11 2 8 5 -0.0000000
11 2 8 6 0.0016969
11 2 8 7 0.0020482
11 2 8 8 0.0000000
11 2 9 0 0.0000000
11 2 9 1 0.0000000
11 2 9 2 -0.0000082
11 2 9 3 -0.0000000
11 2 9 4 0.0000000
11 2 9 5 0.0001658
11 2 9 6 -0.0000000
11 2 9 7 0.0000000
11 2 9 8 0.0006803
11 2 9 9 0.0000000
11 2 10 0 -0.0000000
11 2 10 1 0.0000000
11 2 10 2 -0.0074930
11 2 10 3 -0.0000000
11 2 10 4 0.0000000
11 2 10 5 0.0004456
11 2 10 6 -0.0000000
11 2 10 7 0.0000000
11 2 10 8 -0.0022214
11 2 10 9 0.0000000
11 2 10 10 -0.0000000
11 2 11 0 0.0000000
11 2 11 1 -0.0000000
11 2 11 2 0.0357403
11 2 11 3 0.0000000
11 2 11 4 -0.0000000
11 2 11 5 -0.0047749
11 2 11 6 -0.0000000
11 2 11 7 -0.0000000
11 2 11 8 -0.0024468
11 2 11 9 -0.0000000
11 2 11 10 0.0000000
11 2 11 11 0.0000000
11 3 0 0 0.0540031
11 3 1 0 0.0020884
11 3 1 1 0.0468105
11 3 2 0 0.0000000
11 3 2 1 0.0000000
11 3 2 2 -0.0036658
11 3 3 0 0.0052993
11 3 3 1 0.0136583
11 3 3 2 0.0000000
11 3 3 3 0.0174104
11 3 4 0 -0.0042302
11 3 4 1 0.0047947
11 3 4 2 0.0000000
11 3 4 3 0.0033439
11 3 4 4 -0.0146245
11 3 5 0 0.0000000
11 3 5 1 0.0000000
11 3 5 2 -0.0202538
11 3 5 3 0.0000000
11 3 5 4 0.0000000
11 3 5 5 0.0150486
11 3 6 0 0.0058530
11 3 6 1 0.0159862
11 3 6 2 0.0000000
11 3 6 3 0.0000142
11 3 6 4 0.0073234
11 3 6 5 -0.0000000
11 3 6 6 0.0401640
11 3 7 0 0.0005571
11 3 7 1 0.0049411
11 3 7 2 0.0000000
11 3 7 3 -0.0194293
11 3 7 4 -0.0013471
11 3 7 5 0.0000000
11 3 7 6 -0.0236817
11 3 7 7 0.0145078
11 3 8 0 -0.0000000
11 3 8 1 0.0000000
11 3 8 2 -0.0018914
11 3 8 3 -0.0000000
11 3 8 4 0.0000000
11 3 8 5 0.0029040
11 3 8 6 0.0000000
11 3 8 7 0.0000000
11 3 8 8 0.0145557
11 3 9 0 -0.0000808
11 3 9 1 -0.0001368
11 3 9 2 -0.0000000
11 3 9 3 0.0001236
11 3 9 4 0.0000516
11 3 9 5 0.0000000
11 3 9 6 -0.0014355
11 3 9 7 0.0006454
11 3 9 8 0.0000000
11 3 9 9 0.0066280
11 3 10 0 0.0003644
11 3 10 1 0.0047577
11 3 10 2 0.0000000
11 3 10 3 -0.0039943
11 3 10 4 -0.0004113
11 3 10 5 0.0000000
11 3 10 6 -0.0076111
11 3 10 7 0.0067757
11 3 10 8 0.0000000
11 3 10 9 0.0006775
11 3 10 10 -0.0034128
11 3 11 0 -0.0005520
11 3 11 1 0.0097129
11 3 11 2 0.0000000
11 3 11 3 0.0333568
11 3 11 4 0.0021551
11 3 11 5 0.0000000
11 3 11 6 0.0047090
11 3 11 7 -0.0025238
11 3 11 8 0.0000000
11 3 11 9 0.0003887
11 3 11 10 0.0001088
11 3 11 11 0.0257695
11 4 0 0 0.1292225
11 4 1 0 -0.0074546
11 4 1 1 0.0306088
11 4 2 0 -0.0000000
11 4 2 1 0.0000000
11 4 2 2 0.0099255
11 4 3 0 0.0020820
11 4 3 1 0.0015787
11 4 3 2 0.0000000
11 4 3 3 0.0428341
11 4 4 0 -0.0005817
11 4 4 1 0.0062212
11 4 4 2 0.0000000
11 4 4 3 -0.0243729
11 4 4 4 0.0148469
11 4 5 0 0.0000000
11 4 5 1 0.0000000
11 4 5 2 -0.0334934
11 4 5 3 0.0000000
11 4 5 4 0.0000000
11 4 5 5 0.0287114
11 4 6 0 -0.0058525
11 4 6 1 0.0114736
11 4 6 2 0.0000000
11 4 6 3 0.0161687
11 4 6 4 -0.0072947
11 4 6 5 0.0000000
11 4 6 6 0.0378768
11 4 7 0 -0.0041644
11 4 7 1 0.0007380
11 4 7 2 0.0000000
11 4 7 3 0.0000445
11 4 7 4 -0.0278355
11 4 7 5 0.0000000
11 4 7 6 -0.0018988
11 4 7 7 0.0428831
11 4 8 0 0.0000000
11 4 8 1 0.0000000
11 4 8 2 -0.0002659
11 4 8 3 -0.0000000
11 4 8 4 0.0000000
11 4 8 5 0.0016343
11 4 8 6 0.0000000
11 4 8 7 -0.0000000
11 4 8 8 0.0115919
11 4 9 0 -0.0000710
11 4 9 1 -0.0001208
11 4 9 2 -0.0000000
11 4 9 3 -0.0000718
11 4 9 4 0.0001314
11 4 9 5 -0.0000000
11 4 9 6 -0.0002472
11 4 9 7 -0.0000357
11 4 9 8 -0.0000000
11 4 9 9 0.0162445
11 4 10 0 -0.0007057
11 4 10 1 0.0012921
11 4 10 2 0.0000000
11 4 10 3 0.0003025
11 4 10 4 -0.0063508
11 4 10 5 0.0000000
11 4 10 6 -0.0010752
11 4 10 7 0.0074666
11 4 10 8 -0.0000000
11 4 10 9 0.0011929
11 4 10 10 0.0114781
11 4 11 0 0.0042444
11 4 11 1 0.0001806
11 4 11 2 -0.0000000
11 4 11 3 0.0021551
11 4 11 4 0.0281446
11 4 11 5 -0.0000000
11 4 11 6 0.0015613
11 4 11 7 -0.0304111
11 4 11 8 0.0000000
11 4 11 9 0.0005095
11 4 11 10 -0.0073715
11 4 11 11 0.0442595
11 5 0 0 -0.0000000
11 5 1 0 0.0000000
11 5 1 1 0.0000000
11 5 2 0 -0.0031665
11 5 2 1 -0.0018027
11 5 2 2 -0.0000000
11 5 3 0 -0.0000000
11 5 3 1 0.0000000
11 5 3 2 -0.0051578
11 5 3 3 0.0000000
11 5 4 0 0.0000000
11 5 4 1 0.0000000
11 5 4 2 -0.0169540
11 5 4 3 0.0000000
11 5 4 4 -0.0000000
11 5 5 0 0.0053504
11 5 5 1 0.0049500
11 5 5 2 0.0000000
11 5 5 3 -0.0034246
11 5 5 4 -0.0066496
11 5 5 5 0.0000000
11 5 6 0 0.0000000
11 5 6 1 0.0000000
11 5 6 2 -0.0046741
11 5 6 3 -0.0000000
11 5 6 4 0.0000000
11 5 6 5 0.0036332
11 5 6 6 0.0000000
11 5 7 0 0.0000000
11 5 7 1 -0.0000000
11 5 7 2 0.0041112
11 5 7 3 -0.0000000
11 5 7 4 0.0000000
11 5 7 5 -0.0109225
11 5 7 6 -0.0000000
11 5 7 7 0.0000000
11 5 8 0 0.0001103
11 5 8 1 0.0003038
11 5 8 2 -0.0000000
11 5 8 3 0.0006214
11 5 8 4 0.0003274
11 5 8 5 0.0000000
11 5 8 6 0.0010119
11 5 8 7 -0.0012536
11 5 8 8 0.0000000
11 5 9 0 -0.0000000
11 5 9 1 0.0000000
11 5 9 2 0.0000037
11 5 9 3 0.0000000
11 5 9 4 0.0000000
11 5 9 5 0.0000306
11 5 9 6 -0.0000000
11 5 9 7 0.0000000
11 5 9 8 0.0000387
11 5 9 9 0.0000000
11 5 10 0 0.0000000
11 5 10 1 0.0000000
11 5 10 2 0.0007017
11 5 10 3 -0.0000000
11 5 10 4 0.0000000
11 5 10 5 -0.0023851
11 5 10 6 -0.0000000
11 5 10 7 0.0000000
11 5 10 8 -0.0026274
11 5 10 9 0.0000000
11 5 10 10 -0.0000000
11 5 11 0 -0.0000000
11 5 11 1 0.0000000
11 5 11 2 -0.0047749
11 5 11 3 0.0000000
11 5 11 4 -0.0000000
11 5 11 5 0.0119513
11 5 11 6 0.0000000
11 5 11 7 0.0000000
11 5 11 8 -0.0005344
11 5 11 9 0.0000000
11 5 11 10 0.0000000
11 5 11 11 0.0000000
11 6 0 0 0.0154906
11 6 1 0 -0.0019827
11 6 1 1 -0.0015000
11 6 2 0 -0.0000000
11 6 2 1 -0.0000000
11 6 2 2 0.0033740
11 6 3 0 0.0067363
11 6 3 1 0.0133875
11 6 3 2 0.0000000
11 6 3 3 -0.0066000
11 6 4 0 -0.0017691
11 6 4 1 -0.0017233
11 6 4 2 0.0000000
11 6 4 3 0.0114275
11 6 4 4 -0.0050550
11 6 5 0 0.0000000
11 6 5 1 0.0000000
11 6 5 2 -0.0040631
11 6 5 3 -0.0000000
11 6 5 4 0.0000000
11 6 5 5 0.0034474
11 6 6 0 0.0027417
11 6 6 1 0.0049743
11 6 6 2 0.0000000
11 6 6 3 0.0067675
11 6 6 4 0.0068151
11 6 6 5 0.0000000
11 6 6 6 0.0078758
11 6 7 0 -0.0024661
11 6 7 1 -0.0163032
11 6 7 2 -0.0000000
11 6 7 3 -0.0176729
11 6 7 4 -0.0016832
11 6 7 5 -0.0000000
11 6 7 6 0.0046805
11 6 7 7 0.0081613
11 6 8 0 0.0000000
11 6 8 1 0.0000000
11 6 8 2 -0.0002807
11 6 8 3 0.0000000
11 6 8 4 -0.0000000
11 6 8 5 0.0004656
11 6 8 6 -0.0000000
11 6 8 7 -0.0000000
11 6 8 8 0.0025090
11 6 9 0 0.0000121
11 6 9 1 -0.0007378
11 6 9 2 -0.0000000
11 6 9 3 -0.0003334
11 6 9 4 -0.0001001
11 6 9 5 -0.0000000
11 6 9 6 0.0018549
11 6 9 7 -0.0018699
11 6 9 8 -0.0000000
11 6 9 9 0.0091561
11 6 10 0 -0.0007013
11 6 10 1 -0.0051317
11 6 10 2 -0.0000000
11 6 10 3 -0.0025018
11 6 10 4 -0.0005134
11 6 10 5 -0.0000000
11 6 10 6 0.0000225
11 6 10 7 -0.0144417
11 6 10 8 0.0000000
11 6 10 9 -0.0005011
11 6 10 10 0.0255071
11 6 11 0 0.0028223
11 6 11 1 -0.0012471
11 6 11 2 -0.0000000
11 6 11 3 0.0047090
11 6 11 4 0.0015613
11 6 11 5 0.0000000
11 6 11 6 0.0328994
11 6 11 7 -0.0126991
11 6 11 8 0.0000000
11 6 11 9 -0.0015852
11 6 11 10 -0.0103595
11 6 11 11 0.0044833
11 7 0 0 -0.2547322
11 7 1 0 0.0113869
11 7 1 1 -0.0236962
11 7 2 0 0.0000000
11 7 2 1 0.0000000
11 7 2 2 -0.1311334
11 7 3 0 -0.0037365
11 7 3 1 0.0471811
11 7 3 2 0.0000000
11 7 3 3 -0.1054098
11 7 4 0 -0.0011131
11 7 4 1 -0.0037473
11 7 4 2 -0.0000000
11 7 4 3 0.0142712
11 7 4 4 -0.1410501
11 7 5 0 -0.0000000
11 7 5 1 0.0000000
11 7 5 2 0.0156424
11 7 5 3 0.0000000
11 7 5 4 0.0000000
11 7 5 5 -0.1335119
11 7 6 0 0.0084772
11 7 6 1 -0.0946867
11 7 6 2 -0.0000000
11 7 6 3 -0.0866022
11 7 6 4 0.0046489
11 7 6 5 -0.0000000
11 7 6 6 0.0285871
11 7 7 0 0.0075991
11 7 7 1 0.0085149
11 7 7 2 0.0000000
11 7 7 3 -0.0174270
11 7 7 4 0.0361324
11 7 7 5 -0.0000000
11 7 7 6 0.0022920
11 7 7 7 0.0050322
11 7 8 0 -0.0000000
11 7 8 1 -0.0000000
11 7 8 2 0.0192873
11 7 8 3 0.0000000
11 7 8 4 -0.0000000
11 7 8 5 -0.0144509
11 7 8 6 -0.0000000
11 7 8 7 -0.0000000
11 7 8 8 0.1510890
11 7 9 0 0.0004629
11 7 9 1 0.0023028
11 7 9 2 0.0000000
11 7 9 3 -0.0001698
11 7 9 4 -0.0005451
11 7 9 5 0.0000000
11 7 9 6 0.0038403
11 7 9 7 0.0011149
11 7 9 8 -0.0000000
11 7 9 9 0.2608275
11 7 10 0 0.0005080
11 7 10 1 -0.0127193
11 7 10 2 -0.0000000
11 7 10 3 -0.0058705
11 7 10 4 0.0086146
11 7 10 5 -0.0000000
11 7 10 6 0.0044756
11 7 10 7 -0.0287873
11 7 10 8 -0.0000000
11 7 10 9 0.0193253
11 7 10 10 0.1626444
11 7 11 0 -0.0073612
11 7 11 1 -0.0015329
11 7 11 2 -0.0000000
11 7 11 3 -0.0025238
11 7 11 4 -0.0304111
11 7 11 5 0.0000000
11 7 11 6 -0.0126991
11 7 11 7 0.2035798
11 7 11 8 -0.0000000
11 7 11 9 0.0030648
11 7 11 10 0.0593362
11 7 11 11 -0.0251487
11 8 0 0 -0.0000000
11 8 1 0 0.0000000
11 8 1 1 0.0000000
11 8 2 0 -0.0003638
11 8 2 1 -0.0038405
11 8 2 2 -0.0000000
11 8 3 0 -0.0000000
11 8 3 1 -0.0000000
11 8 3 2 0.0015529
11 8 3 3 -0.0000000
11 8 4 0 0.0000000
11 8 4 1 -0.0000000
11 8 4 2 0.0054161
11 8 4 3 -0.0000000
11 8 4 4 -0.0000000
11 8 5 0 0.0008994
11 8 5 1 0.0028139
11 8 5 2 0.0000000
11 8 5 3 0.0022819
11 8 5 4 0.0049306
11 8 5 5 0.0000000
11 8 6 0 0.0000000
11 8 6 1 0.0000000
11 8 6 2 -0.0022018
11 8 6 3 -0.0000000
11 8 6 4 0.0000000
11 8 6 5 0.0029076
11 8 6 6 0.0000000
11 8 7 0 -0.0000000
11 8 7 1 -0.0000000
11 8 7 2 0.0050493
11 8 7 3 0.0000000
11 8 7 4 -0.0000000
11 8 7 5 -0.0020689
11 8 7 6 -0.0000000
11 8 7 7 0.0000000
11 8 8 0 -0.0000657
11 8 8 1 0.0070578
11 8 8 2 0.0000000
11 8 8 3 0.0035392
11 8 8 4 -0.0000334
11 8 8 5 0.0000000
11 8 8 6 -0.0116103
11 8 8 7 0.0181298
11 8 8 8 0.0000000
11 8 9 0 -0.0000000
11 8 9 1 -0.0000000
11 8 9 2 0.0002157
11 8 9 3 0.0000000
11 8 9 4 -0.0000000
11 8 9 5 -0.0001436
11 8 9 6 -0.0000000
11 8 9 7 0.0000000
11 8 9 8 0.0001755
11 8 9 9 0.0000000
11 8 10 0 -0.0000000
11 8 10 1 -0.0000000
11 8 10 2 0.0032182
11 8 10 3 0.0000000
11 8 10 4 -0.0000000
11 8 10 5 -0.0023080
11 8 10 6 -0.0000000
11 8 10 7 -0.0000000
11 8 10 8 0.0253059
11 8 10 9 0.0000000
11 8 10 10 0.0000000
11 8 11 0 0.0000000
11 8 11 1 0.0000000
11 8 11 2 -0.0024468
11 8 11 3 0.0000000
11 8 11 4 0.0000000
11 8 11 5 -0.0005344
11 8 11 6 0.0000000
11 8 11 7 -0.0000000
11 8 11 8 0.0229403
11 8 11 9 0.0000000
11 8 11 10 -0.0000000
11 8 11 11 0.0000000
11 9 0 0 0.0046707
11 9 1 0 0.0000769
11 9 1 1 0.0069141
11 9 2 0 0.0000000
11 9 2 1 0.0000000
11 9 2 2 0.0020851
11 9 3 0 -0.0000221
11 9 3 1 0.0012345
11 9 3 2 0.0000000
11 9 3 3 0.0041911
11 9 4 0 -0.0001070
11 9 4 1 0.0003493
11 9 4 2 0.0000000
11 9 4 3 -0.0006402
11 9 4 4 0.0017386
11 9 5 0 0.0000000
11 9 5 1 0.0000000
11 9 5 2 -0.0012453
11 9 5 3 0.0000000
11 9 5 4 0.0000000
11 9 5 5 0.0030466
11 9 6 0 0.0000705
11 9 6 1 -0.0025961
11 9 6 2 -0.0000000
11 9 6 3 -0.0024052
11 9 6 4 -0.0002308
11 9 6 5 -0.0000000
11 9 6 6 0.0099538
11 9 7 0 0.0000869
11 9 7 1 0.0011260
11 9 7 2 0.0000000
11 9 7 3 -0.0000442
11 9 7 4 -0.0002006
11 9 7 5 0.0000000
11 9 7 6 -0.0012374
11 9 7 7 0.0065732
11 9 8 0 -0.0000000
11 9 8 1 -0.0000000
11 9 8 2 0.0006128
11 9 8 3 0.0000000
11 9 8 4 -0.0000000
11 9 8 5 -0.0002424
11 9 8 6 -0.0000000
11 9 8 7 0.0000000
11 9 8 8 0.0085153
11 9 9 0 0.0000662
11 9 9 1 -0.0006437
11 9 9 2 -0.0000000
11 9 9 3 -0.0015729
11 9 9 4 0.0000326
11 9 9 5 -0.0000000
11 9 9 6 0.0029123
11 9 9 7 0.0066747
11 9 9 8 -0.0000000
11 9 9 9 0.0538253
11 9 10 0 0.0000260
11 9 10 1 0.0007690
11 9 10 2 0.0000000
11 9 10 3 0.0002924
11 9 10 4 -0.0000572
11 9 10 5 0.0000000
11 9 10 6 -0.0005911
11 9 10 7 -0.0007309
11 9 10 8 0.0000000
11 9 10 9 0.0071203
11 9 10 10 0.0059734
11 9 11 0 -0.0000669
11 9 11 1 0.0000361
11 9 11 2 -0.0000000
11 9 11 3 0.0003887
11 9 11 4 0.0005095
11 9 11 5 0.0000000
11 9 11 6 -0.0015852
11 9 11 7 0.0030648
11 9 11 8 0.0000000
11 9 11 9 0.0067784
11 9 11 10 -0.0001085
11 9 11 11 0.0052265
11 10 0 0 -0.0747615
11 10 1 0 0.0018592
11 10 1 1 -0.0283086
11 10 2 0 0.0000000
11 10 2 1 0.0000000
11 10 2 2 -0.0364766
11 10 3 0 -0.0005347
11 10 3 1 0.0123909
11 10 3 2 0.0000000
11 10 3 3 -0.0371176
11 10 4 0 0.0002584
11 10 4 1 -0.0022464
11 10 4 2 -0.0000000
11 10 4 3 0.0064800
11 10 4 4 -0.0374395
11 10 5 0 -0.0000000
11 10 5 1 -0.0000000
11 10 5 2 0.0088087
11 10 5 3 0.0000000
11 10 5 4 -0.0000000
11 10 5 5 -0.0419727
11 10 6 0 0.0014313
11 10 6 1 -0.0260913
11 10 6 2 -0.0000000
11 10 6 3 -0.0175348
11 10 6 4 0.0012497
11 10 6 5 -0.0000000
11 10 6 6 -0.0071513
11 10 7 0 0.0010044
11 10 7 1 0.0058220
11 10 7 2 0.0000000
11 10 7 3 0.0012058
11 10 7 4 0.0095012
11 10 7 5 0.0000000
11 10 7 6 -0.0151438
11 10 7 7 -0.0022271
11 10 8 0 0.0000000
11 10 8 1 -0.0000000
11 10 8 2 0.0064709
11 10 8 3 0.0000000
11 10 8 4 -0.0000000
11 10 8 5 -0.0063298
11 10 8 6 -0.0000000
11 10 8 7 -0.0000000
11 10 8 8 0.0426938
11 10 9 0 0.0001642
11 10 9 1 0.0010304
11 10 9 2 0.0000000
11 10 9 3 -0.0003663
11 10 9 4 -0.0001738
11 10 9 5 -0.0000000
11 10 9 6 0.0022211
11 10 9 7 0.0002474
11 10 9 8 -0.0000000
11 10 9 9 0.0655136
11 10 10 0 0.0000322
11 10 10 1 -0.0153080
11 10 10 2 -0.0000000
11 10 10 3 -0.0127057
11 10 10 4 0.0029334
11 10 10 5 -0.0000000
11 10 10 6 0.0205492
11 10 10 7 0.0364425
11 10 10 8 0.0000000
11 10 10 9 0.0031839
11 10 10 10 0.0421731
11 10 11 0 -0.0011711
11 10 11 1 0.0083485
11 10 11 2 0.0000000
11 10 11 3 0.0001088
11 10 11 4 -0.0073715
11 10 11 5 0.0000000
11 10 11 6 -0.0103595
11 10 11 7 0.0593362
11 10 11 8 -0.0000000
11 10 11 9 -0.0001085
11 10 11 10 0.0530174
11 10 11 11 0.0051730
11 11 0 0 0.5901879
11 11 1 0 -0.0088068
11 11 1 1 0.4584224
11 11 2 0 -0.0000000
11 11 2 1 0.0000000
11 11 2 2 0.4021482
11 11 3 0 0.0085799
11 11 3 1 0.0420383
11 11 3 2 0.0000000
11 11 3 3 0.4360721
11 11 4 0 -0.0030901
11 11 4 1 0.0070022
11 11 4 2 0.0000000
11 11 4 3 -0.0190530
11 11 4 4 0.3870679
11 11 5 0 0.0000000
11 11 5 1 0.0000000
11 11 5 2 -0.0572552
11 11 5 3 0.0000000
11 11 5 4 0.0000000
11 11 5 5 0.4278353
11 11 6 0 -0.0023691
11 11 6 1 0.0071621
11 11 6 2 0.0000000
11 11 6 3 0.0090527
11 11 6 4 -0.0042608
11 11 6 5 0.0000000
11 11 6 6 0.5019733
11 11 7 0 -0.0068655
11 11 7 1 0.0031886
11 11 7 2 -0.0000000
11 11 7 3 -0.0138549
11 11 7 4 -0.0401271
11 11 7 5 0.0000000
11 11 7 6 -0.0315671
11 11 7 7 0.5013991
11 11 8 0 -0.0000000
11 11 8 1 -0.0000000
11 11 8 2 0.0025198
11 11 8 3 -0.0000000
11 11 8 4 -0.0000000
11 11 8 5 0.0016136
11 11 8 6 -0.0000000
11 11 8 7 -0.0000000
11 11 8 8 0.4338933
11 11 9 0 -0.0000481
11 11 9 1 -0.0007691
11 11 9 2 -0.0000000
11 11 9 3 -0.0012460
11 11 9 4 -0.0000384
11 11 9 5 -0.0000000
11 11 9 6 0.0018573
11 11 9 7 -0.0002551
11 11 9 8 -0.0000000
11 11 9 9 0.5430577
11 11 10 0 -0.0010941
11 11 10 1 0.0052472
11 11 10 2 0.0000000
11 11 10 3 -0.0011886
11 11 10 4 -0.0086047
11 11 10 5 0.0000000
11 11 10 6 -0.0134874
11 11 10 7 0.0364350
11 11 10 8 0.0000000
11 11 10 9 0.0272588
11 11 10 10 0.4103358
11 11 11 0 0.0070803
11 11 11 1 0.0206475
11 11 11 2 0.0000000
11 11 11 3 0.0257695
11 11 11 4 0.0442595
11 11 11 5 0.0000000
11 11 11 6 0.0044833
11 11 11 7 -0.0251487
11 11 11 8 0.0000000
11 11 11 9 0.0052265
11 11 11 10 0.0051730
11 11 11 11 0.5093198
