NMONOMER	1
NELEC	8
ENUC	8.148059
NBASIS	8
HOMO	2
LUMO	2
ENT	5
HF_ENERGY	-37.063848
ENERGIES
-11.179295
-0.899505
-0.692426
-0.651295
0.540777
0.570619
0.625054
1000000.359885

OEI
-18.632536	
0.261217	-4.605501	
-0.000000	-0.000000	-4.307334	
0.007096	-0.017306	-0.000000	-4.244015	
-0.000000	0.000000	0.815275	-0.000000	-3.623011	
0.034387	-0.108817	0.000000	0.805474	0.000000	-3.623278	
0.307656	-0.929442	0.000000	-0.101204	-0.000000	-0.013017	-3.537258	
0.160492	0.150402	-0.000000	0.002161	0.000000	0.001994	0.000495	999995.896256	

ENV_OEI
-5.020400	
0.504542	-0.421245	
-0.000000	-0.000000	-0.385283	
0.014551	-0.000598	-0.000000	-0.341068	
-0.000000	0.000000	0.191615	-0.000000	-0.425342	
0.070582	-0.019693	0.000000	0.174968	0.000000	-0.405226	
0.642360	-0.248976	0.000000	-0.032174	0.000000	-0.017017	-0.472487	
0.304579	-0.022048	-0.000000	-0.000301	0.000000	0.004650	-0.047277	-0.583214	

OVERLAP
1.000000	
0.248362	1.000000	
0.061767	0.488736	1.000000	
0.061767	0.488736	0.167856	1.000000	
0.061767	0.488736	0.167856	0.167856	1.000000	
0.000000	0.000000	-0.155576	-0.155576	-0.155576	1.000000	
0.000000	0.000000	0.380474	0.000000	-0.380474	0.000000	1.000000	
0.000000	0.000000	-0.219667	0.439334	-0.219667	0.000000	0.000000	1.000000	

MOCOEFF
-0.996698	-0.016751	0.006493	0.006479	0.006493	0.027019	0.000000	0.000006	
0.175554	-0.464356	-0.253196	-0.228129	-0.253196	0.384760	0.000000	0.001734	
-0.000000	0.000000	0.391022	0.000000	-0.391022	-0.000000	0.615726	0.000000	
0.005238	-0.021440	0.236071	-0.464327	0.236071	0.011672	0.000000	-0.599008	
-0.000000	0.000000	0.876672	0.000000	-0.876672	-0.000000	-1.074449	-0.000000	
0.024274	-0.147154	0.574081	-0.925112	0.574081	0.055377	-0.000000	1.078781	
0.222830	-1.400211	0.693240	0.853208	0.693240	0.509800	-0.000000	-0.104776	
0.117784	-0.542251	0.000000	-0.000000	0.000000	-0.850774	-0.000000	0.000000	

ERI
0 0 0 0 3.5239073
1 0 0 0 -0.2321055
1 0 1 0 0.0280542
1 0 1 1 0.0030285
1 1 0 0 0.6876360
1 1 1 0 0.0030285
1 1 1 1 0.5645946
2 0 0 0 0.0000000
2 0 1 0 -0.0000000
2 0 1 1 0.0000000
2 0 2 0 0.0093911
2 0 2 1 0.0124176
2 0 2 2 -0.0000000
2 1 0 0 0.0000000
2 1 1 0 0.0000000
2 1 1 1 0.0000000
2 1 2 0 0.0124176
2 1 2 1 0.1146607
2 1 2 2 0.0000000
2 2 0 0 0.6539692
2 2 1 0 -0.0020187
2 2 1 1 0.5076596
2 2 2 0 -0.0000000
2 2 2 1 0.0000000
2 2 2 2 0.5432488
3 0 0 0 -0.0068956
3 0 1 0 0.0007789
3 0 1 1 -0.0002529
3 0 2 0 0.0000000
3 0 2 1 0.0000000
3 0 2 2 -0.0027582
3 0 3 0 0.0090072
3 0 3 1 0.0119239
3 0 3 2 -0.0000000
3 0 3 3 0.0032589
3 1 0 0 0.0054386
3 1 1 0 -0.0000504
3 1 1 1 -0.0016030
3 1 2 0 0.0000000
3 1 2 1 -0.0000000
3 1 2 2 -0.0450420
3 1 3 0 0.0119239
3 1 3 1 0.1099690
3 1 3 2 -0.0000000
3 1 3 3 0.0523720
3 2 0 0 0.0000000
3 2 1 0 -0.0000000
3 2 1 1 -0.0000000
3 2 2 0 -0.0025128
3 2 2 1 -0.0465227
3 2 2 2 0.0000000
3 2 3 0 -0.0000000
3 2 3 1 -0.0000000
3 2 3 2 0.0408861
3 2 3 3 -0.0000000
3 3 0 0 0.6462879
3 3 1 0 -0.0018808
3 3 1 1 0.5017471
3 3 2 0 -0.0000000
3 3 2 1 -0.0000000
3 3 2 2 0.4566696
3 3 3 0 0.0032589
3 3 3 1 0.0523720
3 3 3 2 -0.0000000
3 3 3 3 0.5431729
4 0 0 0 0.0000000
4 0 1 0 -0.0000000
4 0 1 1 -0.0000000
4 0 2 0 -0.0132428
4 0 2 1 -0.0159773
4 0 2 2 0.0000000
4 0 3 0 0.0000000
4 0 3 1 0.0000000
4 0 3 2 0.0029494
4 0 3 3 0.0000000
4 0 4 0 0.0187738
4 0 4 1 0.0081817
4 0 4 2 -0.0000000
4 0 4 3 0.0043874
4 0 4 4 -0.0000000
4 1 0 0 -0.0000000
4 1 1 0 0.0000000
4 1 1 1 -0.0000000
4 1 2 0 -0.0062034
4 1 2 1 0.0135500
4 1 2 2 -0.0000000
4 1 3 0 0.0000000
4 1 3 1 -0.0000000
4 1 3 2 -0.0271819
4 1 3 3 -0.0000000
4 1 4 0 0.0081817
4 1 4 1 0.0445513
4 1 4 2 0.0000000
4 1 4 3 -0.0160567
4 1 4 4 0.0000000
4 2 0 0 -0.2538335
4 2 1 0 0.0059658
4 2 1 1 -0.0502982
4 2 2 0 -0.0000000
4 2 2 1 0.0000000
4 2 2 2 -0.0442090
4 2 3 0 -0.0026374
4 2 3 1 -0.0482225
4 2 3 2 -0.0000000
4 2 3 3 -0.0736216
4 2 4 0 -0.0000000
4 2 4 1 0.0000000
4 2 4 2 0.1216478
4 2 4 3 -0.0000000
4 2 4 4 -0.0437009
4 3 0 0 0.0000000
4 3 1 0 -0.0000000
4 3 1 1 -0.0000000
4 3 2 0 -0.0030916
4 3 2 1 -0.0490686
4 3 2 2 0.0000000
4 3 3 0 -0.0000000
4 3 3 1 -0.0000000
4 3 3 2 0.0152525
4 3 3 3 0.0000000
4 3 4 0 0.0043874
4 3 4 1 -0.0160567
4 3 4 2 -0.0000000
4 3 4 3 0.0366099
4 3 4 4 -0.0000000
4 4 0 0 0.7099766
4 4 1 0 -0.0062915
4 4 1 1 0.4946756
4 4 2 0 0.0000000
4 4 2 1 0.0000000
4 4 2 2 0.5305389
4 4 3 0 -0.0000093
4 4 3 1 -0.0342182
4 4 3 2 -0.0000000
4 4 3 3 0.4574946
4 4 4 0 -0.0000000
4 4 4 1 0.0000000
4 4 4 2 -0.0437009
4 4 4 3 -0.0000000
4 4 4 4 0.5467933
5 0 0 0 -0.0316948
5 0 1 0 0.0038868
5 0 1 1 0.0006384
5 0 2 0 -0.0000000
5 0 2 1 -0.0000000
5 0 2 2 0.0029835
5 0 3 0 -0.0129180
5 0 3 1 -0.0157689
5 0 3 2 0.0000000
5 0 3 3 -0.0043691
5 0 4 0 -0.0000000
5 0 4 1 0.0000000
5 0 4 2 0.0048564
5 0 4 3 0.0000000
5 0 4 4 -0.0013341
5 0 5 0 0.0195270
5 0 5 1 0.0085692
5 0 5 2 0.0000000
5 0 5 3 -0.0039101
5 0 5 4 -0.0000000
5 0 5 5 0.0033164
5 1 0 0 0.0326037
5 1 1 0 -0.0000640
5 1 1 1 0.0113919
5 1 2 0 -0.0000000
5 1 2 1 -0.0000000
5 1 2 2 -0.0169843
5 1 3 0 -0.0063420
5 1 3 1 0.0092397
5 1 3 2 -0.0000000
5 1 3 3 0.0323208
5 1 4 0 0.0000000
5 1 4 1 -0.0000000
5 1 4 2 -0.0226305
5 1 4 3 0.0000000
5 1 4 4 -0.0246435
5 1 5 0 0.0085692
5 1 5 1 0.0432055
5 1 5 2 -0.0000000
5 1 5 3 0.0012691
5 1 5 4 -0.0000000
5 1 5 5 0.0348946
5 2 0 0 -0.0000000
5 2 1 0 0.0000000
5 2 1 1 -0.0000000
5 2 2 0 -0.0021020
5 2 2 1 -0.0482377
5 2 2 2 0.0000000
5 2 3 0 -0.0000000
5 2 3 1 -0.0000000
5 2 3 2 0.0165461
5 2 3 3 -0.0000000
5 2 4 0 0.0031075
5 2 4 1 -0.0200282
5 2 4 2 0.0000000
5 2 4 3 0.0345403
5 2 4 4 -0.0000000
5 2 5 0 0.0000000
5 2 5 1 -0.0000000
5 2 5 2 0.0393152
5 2 5 3 0.0000000
5 2 5 4 0.0231520
5 2 5 5 0.0000000
5 3 0 0 -0.2508875
5 3 1 0 0.0058318
5 3 1 1 -0.0536368
5 3 2 0 -0.0000000
5 3 2 1 -0.0000000
5 3 2 2 -0.0709278
5 3 3 0 0.0033639
5 3 3 1 0.0428058
5 3 3 2 -0.0000000
5 3 3 3 -0.0417023
5 3 4 0 0.0000000
5 3 4 1 0.0000000
5 3 4 2 0.0553054
5 3 4 3 0.0000000
5 3 4 4 -0.0712551
5 3 5 0 -0.0039101
5 3 5 1 0.0012691
5 3 5 2 0.0000000
5 3 5 3 0.1157600
5 3 5 4 0.0000000
5 3 5 5 -0.0597065
5 4 0 0 -0.0000000
5 4 1 0 -0.0000000
5 4 1 1 -0.0000000
5 4 2 0 -0.0010499
5 4 2 1 -0.0455597
5 4 2 2 -0.0000000
5 4 3 0 0.0000000
5 4 3 1 0.0000000
5 4 3 2 0.0390472
5 4 3 3 0.0000000
5 4 4 0 0.0010973
5 4 4 1 -0.0353737
5 4 4 2 -0.0000000
5 4 4 3 0.0207648
5 4 4 4 -0.0000000
5 4 5 0 -0.0000000
5 4 5 1 -0.0000000
5 4 5 2 0.0231520
5 4 5 3 0.0000000
5 4 5 4 0.0489742
5 4 5 5 0.0000000
5 5 0 0 0.7186559
5 5 1 0 -0.0064143
5 5 1 1 0.4941850
5 5 2 0 0.0000000
5 5 2 1 -0.0000000
5 5 2 2 0.4721081
5 5 3 0 -0.0029562
5 5 3 1 0.0145786
5 5 3 2 0.0000000
5 5 3 3 0.5209036
5 5 4 0 0.0000000
5 5 4 1 -0.0000000
5 5 4 2 -0.0666016
5 5 4 3 0.0000000
5 5 4 4 0.4760950
5 5 5 0 0.0033164
5 5 5 1 0.0348946
5 5 5 2 0.0000000
5 5 5 3 -0.0597065
5 5 5 4 0.0000000
5 5 5 5 0.5377746
6 0 0 0 -0.2905887
6 0 1 0 0.0349386
6 0 1 1 0.0018223
6 0 2 0 -0.0000000
6 0 2 1 -0.0000000
6 0 2 2 -0.0029373
6 0 3 0 0.0022861
6 0 3 1 0.0015048
6 0 3 2 0.0000000
6 0 3 3 -0.0020356
6 0 4 0 -0.0000000
6 0 4 1 0.0000000
6 0 4 2 0.0062585
6 0 4 3 0.0000000
6 0 4 4 -0.0071162
6 0 5 0 0.0029428
6 0 5 1 -0.0010614
6 0 5 2 0.0000000
6 0 5 3 0.0069854
6 0 5 4 0.0000000
6 0 5 5 -0.0077336
6 0 6 0 0.0438754
6 0 6 1 -0.0018776
6 0 6 2 -0.0000000
6 0 6 3 -0.0000300
6 0 6 4 0.0000000
6 0 6 5 -0.0010700
6 0 6 6 -0.0018839
6 1 0 0 0.2765691
6 1 1 0 -0.0007798
6 1 1 1 0.1065650
6 1 2 0 -0.0000000
6 1 2 1 0.0000000
6 1 2 2 0.0675002
6 1 3 0 0.0005005
6 1 3 1 0.0016448
6 1 3 2 -0.0000000
6 1 3 3 0.0612074
6 1 4 0 0.0000000
6 1 4 1 -0.0000000
6 1 4 2 -0.0705151
6 1 4 3 0.0000000
6 1 4 4 0.0623418
6 1 5 0 -0.0009402
6 1 5 1 0.0087356
6 1 5 2 -0.0000000
6 1 5 3 -0.0716300
6 1 5 4 -0.0000000
6 1 5 5 0.0603037
6 1 6 0 -0.0018776
6 1 6 1 0.1026540
6 1 6 2 -0.0000000
6 1 6 3 0.0128694
6 1 6 4 -0.0000000
6 1 6 5 0.0053982
6 1 6 6 0.0829672
6 2 0 0 -0.0000000
6 2 1 0 0.0000000
6 2 1 1 -0.0000000
6 2 2 0 0.0062331
6 2 2 1 -0.0181407
6 2 2 2 -0.0000000
6 2 3 0 -0.0000000
6 2 3 1 -0.0000000
6 2 3 2 0.0261758
6 2 3 3 -0.0000000
6 2 4 0 -0.0081065
6 2 4 1 -0.0433100
6 2 4 2 0.0000000
6 2 4 3 0.0202674
6 2 4 4 -0.0000000
6 2 5 0 0.0000000
6 2 5 1 -0.0000000
6 2 5 2 0.0241691
6 2 5 3 0.0000000
6 2 5 4 0.0368016
6 2 5 5 0.0000000
6 2 6 0 -0.0000000
6 2 6 1 -0.0000000
6 2 6 2 0.0460886
6 2 6 3 0.0000000
6 2 6 4 0.0260533
6 2 6 5 0.0000000
6 2 6 6 -0.0000000
6 3 0 0 0.0312405
6 3 1 0 -0.0006406
6 3 1 1 0.0093041
6 3 2 0 -0.0000000
6 3 2 1 -0.0000000
6 3 2 2 0.0372663
6 3 3 0 0.0053128
6 3 3 1 -0.0291220
6 3 3 2 0.0000000
6 3 3 3 -0.0243107
6 3 4 0 0.0000000
6 3 4 1 -0.0000000
6 3 4 2 0.0180291
6 3 4 3 0.0000000
6 3 4 4 0.0462070
6 3 5 0 -0.0071301
6 3 5 1 -0.0440866
6 3 5 2 0.0000000
6 3 5 3 -0.0329836
6 3 5 4 0.0000000
6 3 5 5 -0.0226672
6 3 6 0 -0.0000300
6 3 6 1 0.0128694
6 3 6 2 0.0000000
6 3 6 3 0.0592030
6 3 6 4 0.0000000
6 3 6 5 0.0451206
6 3 6 6 -0.0043302
6 4 0 0 0.0000000
6 4 1 0 -0.0000000
6 4 1 1 -0.0000000
6 4 2 0 -0.0119657
6 4 2 1 -0.0970270
6 4 2 2 0.0000000
6 4 3 0 0.0000000
6 4 3 1 0.0000000
6 4 3 2 0.0420336
6 4 3 3 0.0000000
6 4 4 0 0.0160332
6 4 4 1 -0.0215870
6 4 4 2 -0.0000000
6 4 4 3 0.0505293
6 4 4 4 -0.0000000
6 4 5 0 0.0000000
6 4 5 1 -0.0000000
6 4 5 2 0.0508274
6 4 5 3 0.0000000
6 4 5 4 0.0479883
6 4 5 5 0.0000000
6 4 6 0 0.0000000
6 4 6 1 -0.0000000
6 4 6 2 0.0260533
6 4 6 3 0.0000000
6 4 6 4 0.0985091
6 4 6 5 0.0000000
6 4 6 6 0.0000000
6 5 0 0 0.0032792
6 5 1 0 0.0005844
6 5 1 1 0.0089459
6 5 2 0 -0.0000000
6 5 2 1 -0.0000000
6 5 2 2 0.0489475
6 5 3 0 -0.0116163
6 5 3 1 -0.1006634
6 5 3 2 0.0000000
6 5 3 3 -0.0532323
6 5 4 0 0.0000000
6 5 4 1 -0.0000000
6 5 4 2 0.0529818
6 5 4 3 0.0000000
6 5 4 4 0.0452591
6 5 5 0 0.0160101
6 5 5 1 -0.0228346
6 5 5 2 0.0000000
6 5 5 3 -0.0465241
6 5 5 4 0.0000000
6 5 5 5 -0.0224681
6 5 6 0 -0.0010700
6 5 6 1 0.0053982
6 5 6 2 0.0000000
6 5 6 3 0.0451206
6 5 6 4 0.0000000
6 5 6 5 0.1130997
6 5 6 6 -0.0192346
6 6 0 0 0.7042494
6 6 1 0 -0.0009074
6 6 1 1 0.5281870
6 6 2 0 -0.0000000
6 6 2 1 -0.0000000
6 6 2 2 0.4771249
6 6 3 0 0.0022652
6 6 3 1 0.0227990
6 6 3 2 0.0000000
6 6 3 3 0.4975053
6 6 4 0 0.0000000
6 6 4 1 -0.0000000
6 6 4 2 -0.0482081
6 6 4 3 0.0000000
6 6 4 4 0.4816804
6 6 5 0 -0.0034009
6 6 5 1 0.0147957
6 6 5 2 0.0000000
6 6 5 3 -0.0265892
6 6 5 4 0.0000000
6 6 5 5 0.4978891
6 6 6 0 -0.0018839
6 6 6 1 0.0829672
6 6 6 2 -0.0000000
6 6 6 3 -0.0043302
6 6 6 4 0.0000000
6 6 6 5 -0.0192346
6 6 6 6 0.5296060
7 0 0 0 -0.1189997
7 0 1 0 0.0063571
7 0 1 1 -0.0143098
7 0 2 0 -0.0000000
7 0 2 1 0.0000000
7 0 2 2 -0.0011228
7 0 3 0 0.0002027
7 0 3 1 -0.0003283
7 0 3 2 0.0000000
7 0 3 3 -0.0012054
7 0 4 0 -0.0000000
7 0 4 1 0.0000000
7 0 4 2 -0.0023909
7 0 4 3 0.0000000
7 0 4 4 0.0005935
7 0 5 0 0.0010193
7 0 5 1 -0.0013142
7 0 5 2 -0.0000000
7 0 5 3 -0.0023891
7 0 5 4 0.0000000
7 0 5 5 0.0004842
7 0 6 0 0.0094329
7 0 6 1 -0.0120376
7 0 6 2 0.0000000
7 0 6 3 -0.0001066
7 0 6 4 0.0000000
7 0 6 5 -0.0017020
7 0 6 6 -0.0151996
7 0 7 0 0.0226219
7 0 7 1 0.0065279
7 0 7 2 -0.0000000
7 0 7 3 0.0001994
7 0 7 4 -0.0000000
7 0 7 5 0.0009574
7 0 7 6 0.0088240
7 0 7 7 0.0195249
7 1 0 0 -0.0158243
7 1 1 0 -0.0051831
7 1 1 1 -0.0388798
7 1 2 0 0.0000000
7 1 2 1 0.0000000
7 1 2 2 -0.0033475
7 1 3 0 -0.0001964
7 1 3 1 -0.0011078
7 1 3 2 -0.0000000
7 1 3 3 -0.0038888
7 1 4 0 0.0000000
7 1 4 1 0.0000000
7 1 4 2 -0.0063391
7 1 4 3 -0.0000000
7 1 4 4 -0.0014640
7 1 5 0 -0.0005376
7 1 5 1 -0.0027312
7 1 5 2 -0.0000000
7 1 5 3 -0.0065510
7 1 5 4 0.0000000
7 1 5 5 -0.0016698
7 1 6 0 -0.0055665
7 1 6 1 -0.0251128
7 1 6 2 0.0000000
7 1 6 3 0.0000094
7 1 6 4 0.0000000
7 1 6 5 -0.0028547
7 1 6 6 -0.0306244
7 1 7 0 0.0065279
7 1 7 1 0.0242811
7 1 7 2 0.0000000
7 1 7 3 0.0002789
7 1 7 4 -0.0000000
7 1 7 5 0.0025548
7 1 7 6 0.0200565
7 1 7 7 0.0186871
7 2 0 0 0.0000000
7 2 1 0 0.0000000
7 2 1 1 0.0000000
7 2 2 0 0.0068380
7 2 2 1 0.0300933
7 2 2 2 0.0000000
7 2 3 0 0.0000000
7 2 3 1 -0.0000000
7 2 3 2 -0.0107773
7 2 3 3 -0.0000000
7 2 4 0 -0.0095578
7 2 4 1 -0.0065306
7 2 4 2 0.0000000
7 2 4 3 -0.0112301
7 2 4 4 0.0000000
7 2 5 0 -0.0000000
7 2 5 1 -0.0000000
7 2 5 2 -0.0101965
7 2 5 3 -0.0000000
7 2 5 4 -0.0051600
7 2 5 5 -0.0000000
7 2 6 0 -0.0000000
7 2 6 1 0.0000000
7 2 6 2 0.0024269
7 2 6 3 -0.0000000
7 2 6 4 -0.0276972
7 2 6 5 -0.0000000
7 2 6 6 -0.0000000
7 2 7 0 -0.0000000
7 2 7 1 0.0000000
7 2 7 2 0.0366062
7 2 7 3 0.0000000
7 2 7 4 -0.0352034
7 2 7 5 -0.0000000
7 2 7 6 -0.0000000
7 2 7 7 -0.0000000
7 3 0 0 -0.0001112
7 3 1 0 -0.0001987
7 3 1 1 -0.0018887
7 3 2 0 0.0000000
7 3 2 1 -0.0000000
7 3 2 2 -0.0111246
7 3 3 0 0.0065614
7 3 3 1 0.0289509
7 3 3 2 -0.0000000
7 3 3 3 0.0124058
7 3 4 0 0.0000000
7 3 4 1 0.0000000
7 3 4 2 -0.0108966
7 3 4 3 -0.0000000
7 3 4 4 -0.0024233
7 3 5 0 -0.0094613
7 3 5 1 -0.0072781
7 3 5 2 -0.0000000
7 3 5 3 0.0101329
7 3 5 4 0.0000000
7 3 5 5 -0.0036156
7 3 6 0 0.0007313
7 3 6 1 0.0000762
7 3 6 2 -0.0000000
7 3 6 3 -0.0004369
7 3 6 4 0.0000000
7 3 6 5 -0.0276136
7 3 6 6 0.0048833
7 3 7 0 0.0001994
7 3 7 1 0.0002789
7 3 7 2 0.0000000
7 3 7 3 0.0355262
7 3 7 4 0.0000000
7 3 7 5 -0.0349363
7 3 7 6 0.0038254
7 3 7 7 0.0007641
7 4 0 0 -0.0000000
7 4 1 0 0.0000000
7 4 1 1 0.0000000
7 4 2 0 -0.0080512
7 4 2 1 -0.0270567
7 4 2 2 0.0000000
7 4 3 0 0.0000000
7 4 3 1 0.0000000
7 4 3 2 0.0047517
7 4 3 3 0.0000000
7 4 4 0 0.0111924
7 4 4 1 0.0104142
7 4 4 2 -0.0000000
7 4 4 3 0.0106250
7 4 4 4 -0.0000000
7 4 5 0 0.0000000
7 4 5 1 0.0000000
7 4 5 2 0.0091069
7 4 5 3 0.0000000
7 4 5 4 0.0000255
7 4 5 5 -0.0000000
7 4 6 0 0.0000000
7 4 6 1 0.0000000
7 4 6 2 -0.0086337
7 4 6 3 0.0000000
7 4 6 4 0.0250903
7 4 6 5 0.0000000
7 4 6 6 0.0000000
7 4 7 0 -0.0000000
7 4 7 1 -0.0000000
7 4 7 2 -0.0352034
7 4 7 3 0.0000000
7 4 7 4 0.0388282
7 4 7 5 -0.0000000
7 4 7 6 0.0000000
7 4 7 7 -0.0000000
7 5 0 0 0.0017489
7 5 1 0 -0.0007264
7 5 1 1 -0.0024553
7 5 2 0 -0.0000000
7 5 2 1 -0.0000000
7 5 2 2 0.0054471
7 5 3 0 -0.0079660
7 5 3 1 -0.0269235
7 5 3 2 0.0000000
7 5 3 3 -0.0066253
7 5 4 0 0.0000000
7 5 4 1 0.0000000
7 5 4 2 0.0089000
7 5 4 3 0.0000000
7 5 4 4 -0.0016825
7 5 5 0 0.0112683
7 5 5 1 0.0109665
7 5 5 2 0.0000000
7 5 5 3 -0.0121575
7 5 5 4 -0.0000000
7 5 5 5 0.0087933
7 5 6 0 -0.0019367
7 5 6 1 -0.0029230
7 5 6 2 0.0000000
7 5 6 3 -0.0059976
7 5 6 4 0.0000000
7 5 6 5 0.0244233
7 5 6 6 -0.0077660
7 5 7 0 0.0009574
7 5 7 1 0.0025548
7 5 7 2 -0.0000000
7 5 7 3 -0.0349363
7 5 7 4 -0.0000000
7 5 7 5 0.0398488
7 5 7 6 -0.0011873
7 5 7 7 0.0048446
7 6 0 0 0.0183715
7 6 1 0 -0.0071453
7 6 1 1 -0.0285296
7 6 2 0 -0.0000000
7 6 2 1 -0.0000000
7 6 2 2 0.0012480
7 6 3 0 0.0005498
7 6 3 1 0.0018989
7 6 3 2 0.0000000
7 6 3 3 0.0018176
7 6 4 0 0.0000000
7 6 4 1 0.0000000
7 6 4 2 -0.0147569
7 6 4 3 0.0000000
7 6 4 4 0.0074523
7 6 5 0 -0.0019361
7 6 5 1 -0.0028686
7 6 5 2 0.0000000
7 6 5 3 -0.0126941
7 6 5 4 0.0000000
7 6 5 5 0.0064795
7 6 6 0 -0.0077372
7 6 6 1 -0.0168990
7 6 6 2 -0.0000000
7 6 6 3 0.0014772
7 6 6 4 0.0000000
7 6 6 5 -0.0055602
7 6 6 6 -0.0238662
7 6 7 0 0.0088240
7 6 7 1 0.0200565
7 6 7 2 -0.0000000
7 6 7 3 0.0038254
7 6 7 4 0.0000000
7 6 7 5 -0.0011873
7 6 7 6 0.0234761
7 6 7 7 0.0458222
7 7 0 0 0.8421405
7 7 1 0 -0.0192532
7 7 1 1 0.4601415
7 7 2 0 0.0000000
7 7 2 1 0.0000000
7 7 2 2 0.4966864
7 7 3 0 -0.0005402
7 7 3 1 0.0015195
7 7 3 2 0.0000000
7 7 3 3 0.4923634
7 7 4 0 0.0000000
7 7 4 1 -0.0000000
7 7 4 2 -0.1412857
7 7 4 3 0.0000000
7 7 4 4 0.5083633
7 7 5 0 -0.0022684
7 7 5 1 0.0121827
7 7 5 2 -0.0000000
7 7 5 3 -0.1401305
7 7 5 4 -0.0000000
7 7 5 5 0.5125163
7 7 6 0 -0.0205672
7 7 6 1 0.0985241
7 7 6 2 -0.0000000
7 7 6 3 0.0157209
7 7 6 4 0.0000000
7 7 6 5 -0.0043612
7 7 6 6 0.4492265
7 7 7 0 0.0195249
7 7 7 1 0.0186871
7 7 7 2 -0.0000000
7 7 7 3 0.0007641
7 7 7 4 -0.0000000
7 7 7 5 0.0048446
7 7 7 6 0.0458222
7 7 7 7 0.7504107
