NMONOMER	1
NELEC	8
ENUC	7.676927
NBASIS	12
HOMO	2
LUMO	2
ENT	5
HF_ENERGY	-36.240307
ENERGIES
-10.884308
-0.849599
-0.469133
-0.254664
0.556174
0.743441
0.783051
849736.506731
965066.374880
996478.151367
1070621.068214
1118093.634328

OEI
-18.500469	
0.218047	-4.540470	
-0.000000	-0.000000	-4.154041	
0.187985	-0.114312	0.000000	-4.264552	
-0.152702	0.293727	0.000000	0.397911	-3.063303	
0.237851	-0.898559	-0.000000	0.236261	0.178728	-3.778547	
0.000000	-0.000000	0.793231	0.000000	0.000000	-0.000000	-3.470168	
-0.115753	-0.053767	0.000000	-0.034526	-0.003622	0.015341	0.000000	849732.930260	
-0.000000	0.000000	0.132994	0.000000	0.000000	-0.000000	0.025348	0.000000	965063.540468	
-0.005046	-0.023395	0.000000	0.002177	-0.003125	-0.013232	-0.000000	-0.001105	0.000000	996474.969804	
0.038056	0.197700	-0.000000	-0.065474	-0.120279	-0.137752	-0.000000	0.150753	-0.000000	-0.133068	1070618.551439	
0.112517	0.078908	-0.000000	0.127040	0.005450	0.003406	0.000000	0.851121	0.000000	0.037598	-0.322759	1118089.952550	

ENV_OEI
-5.027449	
0.408528	-0.546307	
0.000000	-0.000000	-0.415547	
0.365035	0.071686	0.000000	-0.586537	
-0.306728	0.295943	0.000000	-0.133225	-0.699055	
0.482877	-0.032051	-0.000000	-0.198704	-0.314052	-0.899828	
0.000000	-0.000000	0.142864	-0.000000	-0.000000	-0.000000	-0.448928	
-0.221213	-0.008873	-0.000000	-0.035084	-0.047014	0.019047	0.000000	-0.689016	
0.000000	0.000000	-0.134443	-0.000000	-0.000000	0.000000	-0.142545	0.000000	-0.757265	
0.014961	-0.260822	-0.000000	0.609350	1.355140	0.965051	0.000000	-0.126776	-0.000000	-18.568928	
0.055034	-0.046344	-0.000000	0.005902	0.042047	0.074021	0.000000	-0.215993	0.000000	-1.668829	-0.819436	
0.210291	-0.006545	0.000000	-0.038736	-0.026238	-0.044953	-0.000000	-0.043694	0.000000	0.177776	-0.123573	-0.523500	

OVERLAP
1.000000	
0.248362	1.000000	
0.061767	0.488736	1.000000	
0.061767	0.488736	0.167856	1.000000	
0.000000	0.027047	0.038545	0.038545	1.000000	
0.027047	0.301519	0.378700	0.378700	0.248362	1.000000	
0.000000	0.000000	-0.155576	-0.155576	-0.015125	-0.113119	1.000000	
0.000000	0.000000	0.380474	-0.380474	0.000000	0.000000	0.000000	1.000000	
0.000000	0.000000	-0.219667	-0.219667	-0.042713	-0.319437	0.000000	0.000000	1.000000	
0.015125	0.113119	0.044121	0.044121	0.000000	0.000000	0.112775	0.000000	-0.151526	1.000000	
0.000000	0.000000	0.268260	-0.268260	0.000000	0.000000	0.000000	0.166433	0.000000	0.000000	1.000000	
0.042713	0.319437	0.279473	0.279473	0.000000	0.000000	-0.151526	0.000000	-0.261465	0.000000	0.000000	1.000000	

MOCOEFF
-0.996659	-0.016337	0.006509	0.006509	-0.001354	0.006661	0.027486	-0.000000	0.007882	-0.002261	-0.000000	0.003204	
0.142462	-0.329856	-0.271903	-0.271903	0.027775	0.045128	0.316904	0.000000	0.225993	-0.169830	-0.000000	-0.284031	
0.000000	-0.000000	-0.440422	0.440422	0.000000	-0.000000	0.000000	-0.615791	0.000000	-0.000000	0.338783	-0.000000	
0.127402	-0.509438	-0.119323	-0.119323	-0.054556	0.221430	0.301805	-0.000000	-0.688107	0.025278	0.000000	0.364714	
-0.105198	0.650076	-0.892911	-0.892911	-0.118174	0.704387	-0.237565	0.000000	0.153933	0.164876	0.000000	0.604909	
0.168858	-1.033415	0.420431	0.420431	-0.086050	0.521010	0.372404	-0.000000	0.926957	0.285656	-0.000000	0.697185	
0.000000	-0.000000	-0.949717	0.949717	-0.000000	0.000000	0.000000	1.082709	0.000000	0.000000	0.329343	0.000000	
-0.084288	0.388040	-0.000000	-0.000000	0.012325	-0.049401	0.608823	-0.000000	-0.000000	-0.744813	0.000000	0.291146	
-0.000000	-0.000000	-0.000000	0.000000	0.000000	-0.000000	0.000000	0.000000	0.000000	0.000000	1.000000	0.000000	
-0.000564	0.002599	0.000000	0.000000	1.025611	-0.216380	0.004077	0.000000	-0.000000	0.053739	-0.000000	0.092871	
0.018947	-0.087226	-0.000000	-0.000000	0.019715	0.850780	-0.136854	0.000000	-0.000000	-0.334096	0.000000	-0.355391	
0.081637	-0.375837	0.000000	0.000000	0.011610	-0.229166	-0.589676	0.000000	-0.000000	-0.509850	0.000000	0.308002	

ERI
0 0 0 0 3.5235851
1 0 0 0 -0.1898450
1 0 1 0 0.0202839
1 0 1 1 0.0058701
1 1 0 0 0.6439620
1 1 1 0 0.0058701
1 1 1 1 0.5919988
2 0 0 0 -0.0000000
2 0 1 0 0.0000000
2 0 1 1 0.0000000
2 0 2 0 0.0094330
2 0 2 1 0.0110175
2 0 2 2 0.0000000
2 1 0 0 0.0000000
2 1 1 0 -0.0000000
2 1 1 1 -0.0000000
2 1 2 0 0.0110175
2 1 2 1 0.1054897
2 1 2 2 0.0000000
2 2 0 0 0.6518919
2 2 1 0 -0.0007507
2 2 1 1 0.5116968
2 2 2 0 0.0000000
2 2 2 1 0.0000000
2 2 2 2 0.5391219
3 0 0 0 -0.1662681
3 0 1 0 0.0125842
3 0 1 1 -0.0087133
3 0 2 0 -0.0000000
3 0 2 1 -0.0000000
3 0 2 2 -0.0038763
3 0 3 0 0.0249683
3 0 3 1 0.0082030
3 0 3 2 0.0000000
3 0 3 3 0.0095948
3 1 0 0 0.0527377
3 1 1 0 -0.0010917
3 1 1 1 -0.0190946
3 1 2 0 -0.0000000
3 1 2 1 -0.0000000
3 1 2 2 0.0187756
3 1 3 0 0.0082030
3 1 3 1 0.0582450
3 1 3 2 0.0000000
3 1 3 3 0.0416330
3 2 0 0 -0.0000000
3 2 1 0 0.0000000
3 2 1 1 -0.0000000
3 2 2 0 0.0072244
3 2 2 1 0.0386671
3 2 2 2 0.0000000
3 2 3 0 0.0000000
3 2 3 1 0.0000000
3 2 3 2 0.0371611
3 2 3 3 -0.0000000
3 3 0 0 0.7777807
3 3 1 0 -0.0066755
3 3 1 1 0.4857858
3 3 2 0 0.0000000
3 3 2 1 0.0000000
3 3 2 2 0.4853454
3 3 3 0 0.0095948
3 3 3 1 0.0416330
3 3 3 2 -0.0000000
3 3 3 3 0.6324367
4 0 0 0 0.1384476
4 0 1 0 -0.0126444
4 0 1 1 0.0016257
4 0 2 0 -0.0000000
4 0 2 1 -0.0000000
4 0 2 2 0.0022196
4 0 3 0 -0.0142950
4 0 3 1 -0.0020824
4 0 3 2 -0.0000000
4 0 3 3 -0.0008646
4 0 4 0 0.0103608
4 0 4 1 -0.0003697
4 0 4 2 -0.0000000
4 0 4 3 0.0011883
4 0 4 4 0.0000200
4 1 0 0 -0.0849149
4 1 1 0 -0.0008474
4 1 1 1 -0.0412174
4 1 2 0 -0.0000000
4 1 2 1 -0.0000000
4 1 2 2 0.0148712
4 1 3 0 0.0012914
4 1 3 1 0.0200556
4 1 3 2 0.0000000
4 1 3 3 -0.0525033
4 1 4 0 -0.0003697
4 1 4 1 0.0709739
4 1 4 2 0.0000000
4 1 4 3 -0.0067593
4 1 4 4 -0.0082057
4 2 0 0 -0.0000000
4 2 1 0 -0.0000000
4 2 1 1 -0.0000000
4 2 2 0 0.0010527
4 2 2 1 0.0724159
4 2 2 2 0.0000000
4 2 3 0 0.0000000
4 2 3 1 0.0000000
4 2 3 2 0.0165297
4 2 3 3 -0.0000000
4 2 4 0 -0.0000000
4 2 4 1 0.0000000
4 2 4 2 0.0797054
4 2 4 3 0.0000000
4 2 4 4 0.0000000
4 3 0 0 -0.1432063
4 3 1 0 0.0050083
4 3 1 1 0.0214191
4 3 2 0 0.0000000
4 3 2 1 0.0000000
4 3 2 2 -0.0195340
4 3 3 0 -0.0084983
4 3 3 1 -0.0523565
4 3 3 2 0.0000000
4 3 3 3 -0.0929815
4 3 4 0 0.0011883
4 3 4 1 -0.0067593
4 3 4 2 0.0000000
4 3 4 3 0.0795987
4 3 4 4 0.0340810
4 4 0 0 0.5029426
4 4 1 0 0.0018999
4 4 1 1 0.5149189
4 4 2 0 0.0000000
4 4 2 1 0.0000000
4 4 2 2 0.4725600
4 4 3 0 -0.0014545
4 4 3 1 -0.0191349
4 4 3 2 0.0000000
4 4 3 3 0.4396391
4 4 4 0 0.0000200
4 4 4 1 -0.0082057
4 4 4 2 0.0000000
4 4 4 3 0.0340810
4 4 4 4 0.5204794
5 0 0 0 -0.2218835
5 0 1 0 0.0263150
5 0 1 1 0.0117613
5 0 2 0 0.0000000
5 0 2 1 0.0000000
5 0 2 2 0.0006696
5 0 3 0 0.0069535
5 0 3 1 -0.0062523
5 0 3 2 0.0000000
5 0 3 3 -0.0157607
5 0 4 0 -0.0129587
5 0 4 1 -0.0012714
5 0 4 2 -0.0000000
5 0 4 3 0.0120818
5 0 4 4 0.0029919
5 0 5 0 0.0394999
5 0 5 1 0.0040570
5 0 5 2 -0.0000000
5 0 5 3 0.0039948
5 0 5 4 -0.0024240
5 0 5 5 0.0099954
5 1 0 0 0.2655048
5 1 1 0 0.0004087
5 1 1 1 0.0702270
5 1 2 0 0.0000000
5 1 2 1 -0.0000000
5 1 2 2 0.0702019
5 1 3 0 -0.0079733
5 1 3 1 0.0262100
5 1 3 2 -0.0000000
5 1 3 3 0.0917871
5 1 4 0 0.0030669
5 1 4 1 -0.0147564
5 1 4 2 -0.0000000
5 1 4 3 -0.0473895
5 1 4 4 -0.0007985
5 1 5 0 0.0040570
5 1 5 1 0.1050016
5 1 5 2 0.0000000
5 1 5 3 -0.0357836
5 1 5 4 -0.0379230
5 1 5 5 0.0842074
5 2 0 0 0.0000000
5 2 1 0 -0.0000000
5 2 1 1 0.0000000
5 2 2 0 0.0059960
5 2 2 1 0.0061675
5 2 2 2 0.0000000
5 2 3 0 -0.0000000
5 2 3 1 0.0000000
5 2 3 2 0.0016353
5 2 3 3 0.0000000
5 2 4 0 0.0000000
5 2 4 1 -0.0000000
5 2 4 2 -0.0157260
5 2 4 3 -0.0000000
5 2 4 4 -0.0000000
5 2 5 0 -0.0000000
5 2 5 1 0.0000000
5 2 5 2 0.0235852
5 2 5 3 -0.0000000
5 2 5 4 0.0000000
5 2 5 5 0.0000000
5 3 0 0 -0.0847144
5 3 1 0 0.0040869
5 3 1 1 0.0182704
5 3 2 0 0.0000000
5 3 2 1 0.0000000
5 3 2 2 -0.0166500
5 3 3 0 0.0029041
5 3 3 1 -0.0058294
5 3 3 2 0.0000000
5 3 3 3 -0.0352746
5 3 4 0 -0.0019165
5 3 4 1 -0.0196166
5 3 4 2 -0.0000000
5 3 4 3 0.0342277
5 3 4 4 0.0261505
5 3 5 0 0.0039948
5 3 5 1 -0.0357836
5 3 5 2 -0.0000000
5 3 5 3 0.0519351
5 3 5 4 0.0202600
5 3 5 5 0.0023052
5 4 0 0 -0.0545572
5 4 1 0 -0.0010755
5 4 1 1 -0.0095049
5 4 2 0 -0.0000000
5 4 2 1 -0.0000000
5 4 2 2 -0.0325545
5 4 3 0 0.0020489
5 4 3 1 -0.0324662
5 4 3 2 -0.0000000
5 4 3 3 0.0026457
5 4 4 0 -0.0004474
5 4 4 1 -0.0412929
5 4 4 2 -0.0000000
5 4 4 3 0.0266226
5 4 4 4 0.0032592
5 4 5 0 -0.0024240
5 4 5 1 -0.0379230
5 4 5 2 0.0000000
5 4 5 3 0.0202600
5 4 5 4 0.0594656
5 4 5 5 0.0135721
5 5 0 0 0.7868046
5 5 1 0 0.0007706
5 5 1 1 0.5774250
5 5 2 0 0.0000000
5 5 2 1 0.0000000
5 5 2 2 0.4991507
5 5 3 0 -0.0184751
5 5 3 1 -0.0378355
5 5 3 2 0.0000000
5 5 3 3 0.5076261
5 5 4 0 0.0067195
5 5 4 1 -0.0663050
5 5 4 2 0.0000000
5 5 4 3 0.0181689
5 5 4 4 0.5010554
5 5 5 0 0.0099954
5 5 5 1 0.0842074
5 5 5 2 0.0000000
5 5 5 3 0.0023052
5 5 5 4 0.0135721
5 5 5 5 0.6254266
6 0 0 0 -0.0000000
6 0 1 0 0.0000000
6 0 1 1 0.0000000
6 0 2 0 -0.0133119
6 0 2 1 -0.0139599
6 0 2 2 -0.0000000
6 0 3 0 0.0000000
6 0 3 1 -0.0000000
6 0 3 2 -0.0096078
6 0 3 3 -0.0000000
6 0 4 0 -0.0000000
6 0 4 1 0.0000000
6 0 4 2 -0.0012814
6 0 4 3 0.0000000
6 0 4 4 -0.0000000
6 0 5 0 0.0000000
6 0 5 1 0.0000000
6 0 5 2 -0.0074532
6 0 5 3 -0.0000000
6 0 5 4 0.0000000
6 0 5 5 -0.0000000
6 0 6 0 0.0188924
6 0 6 1 0.0047186
6 0 6 2 -0.0000000
6 0 6 3 0.0096168
6 0 6 4 -0.0098414
6 0 6 5 0.0097617
6 0 6 6 0.0000000
6 1 0 0 0.0000000
6 1 1 0 0.0000000
6 1 1 1 0.0000000
6 1 2 0 -0.0036864
6 1 2 1 0.0325934
6 1 2 2 0.0000000
6 1 3 0 -0.0000000
6 1 3 1 0.0000000
6 1 3 2 0.0022081
6 1 3 3 0.0000000
6 1 4 0 0.0000000
6 1 4 1 -0.0000000
6 1 4 2 0.0501309
6 1 4 3 -0.0000000
6 1 4 4 0.0000000
6 1 5 0 -0.0000000
6 1 5 1 0.0000000
6 1 5 2 -0.0228822
6 1 5 3 -0.0000000
6 1 5 4 -0.0000000
6 1 5 5 0.0000000
6 1 6 0 0.0047186
6 1 6 1 0.0429462
6 1 6 2 -0.0000000
6 1 6 3 0.0111755
6 1 6 4 0.0531300
6 1 6 5 -0.0215228
6 1 6 6 -0.0000000
6 2 0 0 -0.2546072
6 2 1 0 0.0061504
6 2 1 1 -0.0126791
6 2 2 0 0.0000000
6 2 2 1 -0.0000000
6 2 2 2 -0.0451306
6 2 3 0 0.0011596
6 2 3 1 -0.0198840
6 2 3 2 0.0000000
6 2 3 3 -0.1110632
6 2 4 0 -0.0029325
6 2 4 1 0.0395119
6 2 4 2 0.0000000
6 2 4 3 0.0565234
6 2 4 4 0.0350034
6 2 5 0 0.0083975
6 2 5 1 -0.0707330
6 2 5 2 -0.0000000
6 2 5 3 0.0323978
6 2 5 4 -0.0086969
6 2 5 5 -0.0503877
6 2 6 0 -0.0000000
6 2 6 1 -0.0000000
6 2 6 2 0.1207999
6 2 6 3 0.0000000
6 2 6 4 -0.0000000
6 2 6 5 -0.0000000
6 2 6 6 -0.0430397
6 3 0 0 -0.0000000
6 3 1 0 0.0000000
6 3 1 1 0.0000000
6 3 2 0 -0.0070603
6 3 2 1 -0.0153169
6 3 2 2 -0.0000000
6 3 3 0 0.0000000
6 3 3 1 0.0000000
6 3 3 2 -0.0278774
6 3 3 3 -0.0000000
6 3 4 0 -0.0000000
6 3 4 1 -0.0000000
6 3 4 2 0.0081948
6 3 4 3 0.0000000
6 3 4 4 0.0000000
6 3 5 0 -0.0000000
6 3 5 1 -0.0000000
6 3 5 2 -0.0049945
6 3 5 3 0.0000000
6 3 5 4 0.0000000
6 3 5 5 -0.0000000
6 3 6 0 0.0096168
6 3 6 1 0.0111755
6 3 6 2 0.0000000
6 3 6 3 0.0306309
6 3 6 4 -0.0104692
6 3 6 5 0.0019538
6 3 6 6 -0.0000000
6 4 0 0 0.0000000
6 4 1 0 -0.0000000
6 4 1 1 -0.0000000
6 4 2 0 0.0073195
6 4 2 1 0.0928893
6 4 2 2 0.0000000
6 4 3 0 0.0000000
6 4 3 1 0.0000000
6 4 3 2 0.0363354
6 4 3 3 0.0000000
6 4 4 0 -0.0000000
6 4 4 1 -0.0000000
6 4 4 2 0.0859354
6 4 4 3 0.0000000
6 4 4 4 0.0000000
6 4 5 0 0.0000000
6 4 5 1 -0.0000000
6 4 5 2 -0.0161329
6 4 5 3 0.0000000
6 4 5 4 -0.0000000
6 4 5 5 0.0000000
6 4 6 0 -0.0098414
6 4 6 1 0.0531300
6 4 6 2 -0.0000000
6 4 6 3 -0.0104692
6 4 6 4 0.1130617
6 4 6 5 -0.0577852
6 4 6 6 -0.0000000
6 5 0 0 0.0000000
6 5 1 0 0.0000000
6 5 1 1 0.0000000
6 5 2 0 -0.0075552
6 5 2 1 -0.0593385
6 5 2 2 -0.0000000
6 5 3 0 -0.0000000
6 5 3 1 -0.0000000
6 5 3 2 -0.0151802
6 5 3 3 0.0000000
6 5 4 0 0.0000000
6 5 4 1 -0.0000000
6 5 4 2 -0.0448496
6 5 4 3 0.0000000
6 5 4 4 -0.0000000
6 5 5 0 0.0000000
6 5 5 1 0.0000000
6 5 5 2 -0.0036942
6 5 5 3 0.0000000
6 5 5 4 0.0000000
6 5 5 5 0.0000000
6 5 6 0 0.0097617
6 5 6 1 -0.0215228
6 5 6 2 -0.0000000
6 5 6 3 0.0019538
6 5 6 4 -0.0577852
6 5 6 5 0.0430307
6 5 6 6 0.0000000
6 6 0 0 0.7115572
6 6 1 0 -0.0054741
6 6 1 1 0.4985375
6 6 2 0 -0.0000000
6 6 2 1 -0.0000000
6 6 2 2 0.5303252
6 6 3 0 -0.0041357
6 6 3 1 0.0180700
6 6 3 2 -0.0000000
6 6 3 3 0.4928256
6 6 4 0 0.0037589
6 6 4 1 0.0198256
6 6 4 2 -0.0000000
6 6 4 3 -0.0272137
6 6 4 4 0.4791961
6 6 5 0 -0.0059133
6 6 5 1 0.0600990
6 6 5 2 0.0000000
6 6 5 3 -0.0234092
6 6 5 4 -0.0372939
6 6 5 5 0.4995162
6 6 6 0 0.0000000
6 6 6 1 -0.0000000
6 6 6 2 -0.0430397
6 6 6 3 -0.0000000
6 6 6 4 -0.0000000
6 6 6 5 0.0000000
6 6 6 6 0.5511220
7 0 0 0 0.0850720
7 0 1 0 -0.0037368
7 0 1 1 0.0068445
7 0 2 0 0.0000000
7 0 2 1 0.0000000
7 0 2 2 0.0005659
7 0 3 0 -0.0033561
7 0 3 1 0.0049637
7 0 3 2 0.0000000
7 0 3 3 0.0044423
7 0 4 0 0.0032852
7 0 4 1 -0.0034600
7 0 4 2 0.0000000
7 0 4 3 -0.0025175
7 0 4 4 0.0037015
7 0 5 0 -0.0054094
7 0 5 1 0.0043670
7 0 5 2 -0.0000000
7 0 5 3 0.0057769
7 0 5 4 -0.0033283
7 0 5 5 0.0048971
7 0 6 0 -0.0000000
7 0 6 1 0.0000000
7 0 6 2 0.0017045
7 0 6 3 0.0000000
7 0 6 4 -0.0000000
7 0 6 5 0.0000000
7 0 6 6 -0.0005723
7 0 7 0 0.0112591
7 0 7 1 0.0015075
7 0 7 2 -0.0000000
7 0 7 3 0.0025832
7 0 7 4 -0.0014437
7 0 7 5 0.0031840
7 0 7 6 0.0000000
7 0 7 7 -0.0059803
7 1 0 0 0.0067652
7 1 1 0 0.0007847
7 1 1 1 -0.0000321
7 1 2 0 0.0000000
7 1 2 1 0.0000000
7 1 2 2 -0.0056323
7 1 3 0 0.0032589
7 1 3 1 0.0072175
7 1 3 2 -0.0000000
7 1 3 3 0.0111975
7 1 4 0 -0.0014320
7 1 4 1 -0.0071098
7 1 4 2 0.0000000
7 1 4 3 -0.0075920
7 1 4 4 -0.0014536
7 1 5 0 -0.0005997
7 1 5 1 0.0025518
7 1 5 2 0.0000000
7 1 5 3 0.0049870
7 1 5 4 0.0011318
7 1 5 5 0.0000349
7 1 6 0 -0.0000000
7 1 6 1 0.0000000
7 1 6 2 -0.0028241
7 1 6 3 0.0000000
7 1 6 4 0.0000000
7 1 6 5 0.0000000
7 1 6 6 -0.0047354
7 1 7 0 0.0015075
7 1 7 1 0.0101147
7 1 7 2 0.0000000
7 1 7 3 -0.0046355
7 1 7 4 -0.0069102
7 1 7 5 0.0005074
7 1 7 6 0.0000000
7 1 7 7 0.0022399
7 2 0 0 0.0000000
7 2 1 0 -0.0000000
7 2 1 1 0.0000000
7 2 2 0 -0.0050318
7 2 2 1 -0.0224126
7 2 2 2 -0.0000000
7 2 3 0 0.0000000
7 2 3 1 -0.0000000
7 2 3 2 -0.0119359
7 2 3 3 0.0000000
7 2 4 0 0.0000000
7 2 4 1 0.0000000
7 2 4 2 -0.0122056
7 2 4 3 -0.0000000
7 2 4 4 -0.0000000
7 2 5 0 -0.0000000
7 2 5 1 0.0000000
7 2 5 2 -0.0046692
7 2 5 3 -0.0000000
7 2 5 4 0.0000000
7 2 5 5 -0.0000000
7 2 6 0 0.0069537
7 2 6 1 -0.0013607
7 2 6 2 -0.0000000
7 2 6 3 0.0100085
7 2 6 4 -0.0182886
7 2 6 5 0.0127481
7 2 6 6 0.0000000
7 2 7 0 -0.0000000
7 2 7 1 0.0000000
7 2 7 2 0.0184781
7 2 7 3 -0.0000000
7 2 7 4 -0.0000000
7 2 7 5 0.0000000
7 2 7 6 -0.0158576
7 2 7 7 -0.0000000
7 3 0 0 -0.0079042
7 3 1 0 0.0043776
7 3 1 1 0.0265347
7 3 2 0 0.0000000
7 3 2 1 0.0000000
7 3 2 2 0.0007141
7 3 3 0 -0.0027284
7 3 3 1 -0.0029888
7 3 3 2 0.0000000
7 3 3 3 -0.0122385
7 3 4 0 -0.0004395
7 3 4 1 -0.0092798
7 3 4 2 -0.0000000
7 3 4 3 0.0160363
7 3 4 4 0.0158166
7 3 5 0 0.0080537
7 3 5 1 0.0022369
7 3 5 2 -0.0000000
7 3 5 3 0.0182158
7 3 5 4 -0.0019725
7 3 5 5 0.0233271
7 3 6 0 0.0000000
7 3 6 1 0.0000000
7 3 6 2 0.0158173
7 3 6 3 0.0000000
7 3 6 4 -0.0000000
7 3 6 5 0.0000000
7 3 6 6 -0.0046494
7 3 7 0 0.0025832
7 3 7 1 -0.0046355
7 3 7 2 -0.0000000
7 3 7 3 0.0264625
7 3 7 4 0.0010022
7 3 7 5 -0.0005830
7 3 7 6 -0.0000000
7 3 7 7 0.0055324
7 4 0 0 0.0071970
7 4 1 0 -0.0020866
7 4 1 1 -0.0070589
7 4 2 0 0.0000000
7 4 2 1 0.0000000
7 4 2 2 -0.0035694
7 4 3 0 -0.0000697
7 4 3 1 -0.0012175
7 4 3 2 0.0000000
7 4 3 3 0.0052452
7 4 4 0 0.0007698
7 4 4 1 -0.0007261
7 4 4 2 -0.0000000
7 4 4 3 -0.0022608
7 4 4 4 -0.0043596
7 4 5 0 -0.0031597
7 4 5 1 -0.0020565
7 4 5 2 0.0000000
7 4 5 3 -0.0044956
7 4 5 4 0.0051529
7 4 5 5 -0.0034934
7 4 6 0 -0.0000000
7 4 6 1 -0.0000000
7 4 6 2 -0.0058593
7 4 6 3 -0.0000000
7 4 6 4 0.0000000
7 4 6 5 -0.0000000
7 4 6 6 -0.0001105
7 4 7 0 -0.0014437
7 4 7 1 -0.0069102
7 4 7 2 -0.0000000
7 4 7 3 0.0010022
7 4 7 4 0.0176772
7 4 7 5 0.0145543
7 4 7 6 0.0000000
7 4 7 7 0.0059281
7 5 0 0 -0.0108976
7 5 1 0 0.0011321
7 5 1 1 -0.0023851
7 5 2 0 -0.0000000
7 5 2 1 -0.0000000
7 5 2 2 -0.0050254
7 5 3 0 0.0078509
7 5 3 1 0.0184299
7 5 3 2 -0.0000000
7 5 3 3 0.0159824
7 5 4 0 -0.0030901
7 5 4 1 0.0003423
7 5 4 2 0.0000000
7 5 4 3 -0.0146806
7 5 4 4 0.0012318
7 5 5 0 -0.0028901
7 5 5 1 -0.0007972
7 5 5 2 -0.0000000
7 5 5 3 0.0075746
7 5 5 4 -0.0044479
7 5 5 5 -0.0152242
7 5 6 0 0.0000000
7 5 6 1 0.0000000
7 5 6 2 0.0036148
7 5 6 3 0.0000000
7 5 6 4 -0.0000000
7 5 6 5 -0.0000000
7 5 6 6 -0.0020417
7 5 7 0 0.0031840
7 5 7 1 0.0005074
7 5 7 2 0.0000000
7 5 7 3 -0.0005830
7 5 7 4 0.0145543
7 5 7 5 0.0328818
7 5 7 6 0.0000000
7 5 7 7 -0.0183048
7 6 0 0 -0.0000000
7 6 1 0 0.0000000
7 6 1 1 -0.0000000
7 6 2 0 0.0055607
7 6 2 1 0.0123004
7 6 2 2 -0.0000000
7 6 3 0 0.0000000
7 6 3 1 0.0000000
7 6 3 2 0.0112290
7 6 3 3 0.0000000
7 6 4 0 -0.0000000
7 6 4 1 -0.0000000
7 6 4 2 0.0007696
7 6 4 3 -0.0000000
7 6 4 4 0.0000000
7 6 5 0 0.0000000
7 6 5 1 0.0000000
7 6 5 2 0.0065262
7 6 5 3 0.0000000
7 6 5 4 -0.0000000
7 6 5 5 -0.0000000
7 6 6 0 -0.0077430
7 6 6 1 -0.0054572
7 6 6 2 0.0000000
7 6 6 3 -0.0120385
7 6 6 4 0.0071798
7 6 6 5 -0.0065377
7 6 6 6 -0.0000000
7 6 7 0 0.0000000
7 6 7 1 0.0000000
7 6 7 2 -0.0158576
7 6 7 3 -0.0000000
7 6 7 4 0.0000000
7 6 7 5 0.0000000
7 6 7 6 0.0196286
7 6 7 7 -0.0000000
7 7 0 0 0.5615252
7 7 1 0 -0.0065149
7 7 1 1 0.4324301
7 7 2 0 0.0000000
7 7 2 1 0.0000000
7 7 2 2 0.4040130
7 7 3 0 -0.0083582
7 7 3 1 -0.0400251
7 7 3 2 -0.0000000
7 7 3 3 0.4234246
7 7 4 0 0.0052148
7 7 4 1 -0.0521431
7 7 4 2 -0.0000000
7 7 4 3 0.0195620
7 7 4 4 0.4121702
7 7 5 0 -0.0048414
7 7 5 1 0.0142027
7 7 5 2 0.0000000
7 7 5 3 0.0058033
7 7 5 4 0.0489186
7 7 5 5 0.4827472
7 7 6 0 -0.0000000
7 7 6 1 0.0000000
7 7 6 2 -0.0464598
7 7 6 3 -0.0000000
7 7 6 4 0.0000000
7 7 6 5 0.0000000
7 7 6 6 0.4114850
7 7 7 0 -0.0059803
7 7 7 1 0.0022399
7 7 7 2 -0.0000000
7 7 7 3 0.0055324
7 7 7 4 0.0059281
7 7 7 5 -0.0183048
7 7 7 6 -0.0000000
7 7 7 7 0.5146546
8 0 0 0 0.0000000
8 0 1 0 0.0000000
8 0 1 1 0.0000000
8 0 2 0 -0.0002476
8 0 2 1 -0.0003125
8 0 2 2 0.0000000
8 0 3 0 -0.0000000
8 0 3 1 0.0000000
8 0 3 2 -0.0001738
8 0 3 3 -0.0000000
8 0 4 0 0.0000000
8 0 4 1 0.0000000
8 0 4 2 0.0001006
8 0 4 3 0.0000000
8 0 4 4 0.0000000
8 0 5 0 -0.0000000
8 0 5 1 -0.0000000
8 0 5 2 -0.0002945
8 0 5 3 -0.0000000
8 0 5 4 -0.0000000
8 0 5 5 -0.0000000
8 0 6 0 0.0003397
8 0 6 1 0.0002487
8 0 6 2 -0.0000000
8 0 6 3 0.0001888
8 0 6 4 -0.0000435
8 0 6 5 0.0002054
8 0 6 6 0.0000000
8 0 7 0 0.0000000
8 0 7 1 -0.0000000
8 0 7 2 0.0001302
8 0 7 3 0.0000000
8 0 7 4 -0.0000000
8 0 7 5 0.0000000
8 0 7 6 -0.0001562
8 0 7 7 -0.0000000
8 0 8 0 0.0000107
8 0 8 1 -0.0000427
8 0 8 2 -0.0000000
8 0 8 3 0.0000819
8 0 8 4 0.0000861
8 0 8 5 0.0002173
8 0 8 6 0.0000000
8 0 8 7 0.0000302
8 0 8 8 -0.0000000
8 1 0 0 0.0000000
8 1 1 0 0.0000000
8 1 1 1 0.0000000
8 1 2 0 -0.0021313
8 1 2 1 -0.0342891
8 1 2 2 -0.0000000
8 1 3 0 -0.0000000
8 1 3 1 -0.0000000
8 1 3 2 -0.0079712
8 1 3 3 -0.0000000
8 1 4 0 0.0000000
8 1 4 1 0.0000000
8 1 4 2 -0.0292080
8 1 4 3 -0.0000000
8 1 4 4 -0.0000000
8 1 5 0 -0.0000000
8 1 5 1 0.0000000
8 1 5 2 0.0012182
8 1 5 3 -0.0000000
8 1 5 4 0.0000000
8 1 5 5 -0.0000000
8 1 6 0 0.0026787
8 1 6 1 -0.0179581
8 1 6 2 0.0000000
8 1 6 3 0.0007384
8 1 6 4 -0.0359125
8 1 6 5 0.0201115
8 1 6 6 0.0000000
8 1 7 0 -0.0000000
8 1 7 1 -0.0000000
8 1 7 2 0.0068562
8 1 7 3 0.0000000
8 1 7 4 -0.0000000
8 1 7 5 0.0000000
8 1 7 6 -0.0011127
8 1 7 7 -0.0000000
8 1 8 0 -0.0000427
8 1 8 1 0.0260982
8 1 8 2 0.0000000
8 1 8 3 -0.0122535
8 1 8 4 -0.0054795
8 1 8 5 -0.0262575
8 1 8 6 -0.0000000
8 1 8 7 0.0003906
8 1 8 8 -0.0000000
8 2 0 0 -0.0339960
8 2 1 0 -0.0001681
8 2 1 1 -0.0188266
8 2 2 0 -0.0000000
8 2 2 1 -0.0000000
8 2 2 2 -0.0294027
8 2 3 0 0.0003153
8 2 3 1 -0.0109950
8 2 3 2 -0.0000000
8 2 3 3 -0.0162327
8 2 4 0 -0.0000306
8 2 4 1 -0.0177379
8 2 4 2 -0.0000000
8 2 4 3 0.0122189
8 2 4 4 -0.0108343
8 2 5 0 -0.0003464
8 2 5 1 -0.0186985
8 2 5 2 -0.0000000
8 2 5 3 0.0135734
8 2 5 4 0.0237151
8 2 5 5 -0.0038630
8 2 6 0 0.0000000
8 2 6 1 -0.0000000
8 2 6 2 0.0027634
8 2 6 3 0.0000000
8 2 6 4 0.0000000
8 2 6 5 0.0000000
8 2 6 6 -0.0292076
8 2 7 0 -0.0000049
8 2 7 1 0.0026388
8 2 7 2 0.0000000
8 2 7 3 0.0032259
8 2 7 4 0.0013760
8 2 7 5 -0.0010285
8 2 7 6 -0.0000000
8 2 7 7 0.0201845
8 2 8 0 -0.0000000
8 2 8 1 0.0000000
8 2 8 2 0.0205337
8 2 8 3 0.0000000
8 2 8 4 0.0000000
8 2 8 5 -0.0000000
8 2 8 6 0.0165784
8 2 8 7 -0.0000000
8 2 8 8 0.0583795
8 3 0 0 -0.0000000
8 3 1 0 -0.0000000
8 3 1 1 -0.0000000
8 3 2 0 0.0002810
8 3 2 1 0.0068528
8 3 2 2 -0.0000000
8 3 3 0 0.0000000
8 3 3 1 -0.0000000
8 3 3 2 0.0000178
8 3 3 3 -0.0000000
8 3 4 0 -0.0000000
8 3 4 1 -0.0000000
8 3 4 2 0.0070202
8 3 4 3 0.0000000
8 3 4 4 0.0000000
8 3 5 0 0.0000000
8 3 5 1 -0.0000000
8 3 5 2 0.0008673
8 3 5 3 0.0000000
8 3 5 4 -0.0000000
8 3 5 5 0.0000000
8 3 6 0 -0.0003234
8 3 6 1 0.0042125
8 3 6 2 0.0000000
8 3 6 3 0.0012826
8 3 6 4 0.0079940
8 3 6 5 -0.0037860
8 3 6 6 -0.0000000
8 3 7 0 0.0000000
8 3 7 1 0.0000000
8 3 7 2 -0.0013499
8 3 7 3 0.0000000
8 3 7 4 0.0000000
8 3 7 5 -0.0000000
8 3 7 6 0.0000649
8 3 7 7 0.0000000
8 3 8 0 0.0000819
8 3 8 1 -0.0122535
8 3 8 2 0.0000000
8 3 8 3 0.0085040
8 3 8 4 0.0085934
8 3 8 5 0.0155505
8 3 8 6 0.0000000
8 3 8 7 0.0011325
8 3 8 8 0.0000000
8 4 0 0 -0.0000000
8 4 1 0 0.0000000
8 4 1 1 0.0000000
8 4 2 0 -0.0003275
8 4 2 1 -0.0120807
8 4 2 2 -0.0000000
8 4 3 0 -0.0000000
8 4 3 1 -0.0000000
8 4 3 2 -0.0030718
8 4 3 3 -0.0000000
8 4 4 0 0.0000000
8 4 4 1 -0.0000000
8 4 4 2 -0.0116386
8 4 4 3 -0.0000000
8 4 4 4 -0.0000000
8 4 5 0 -0.0000000
8 4 5 1 0.0000000
8 4 5 2 0.0061153
8 4 5 3 0.0000000
8 4 5 4 0.0000000
8 4 5 5 -0.0000000
8 4 6 0 0.0005328
8 4 6 1 -0.0095068
8 4 6 2 0.0000000
8 4 6 3 0.0005563
8 4 6 4 -0.0141952
8 4 6 5 0.0098564
8 4 6 6 0.0000000
8 4 7 0 -0.0000000
8 4 7 1 0.0000000
8 4 7 2 0.0016867
8 4 7 3 0.0000000
8 4 7 4 -0.0000000
8 4 7 5 -0.0000000
8 4 7 6 -0.0009316
8 4 7 7 0.0000000
8 4 8 0 0.0000861
8 4 8 1 -0.0054795
8 4 8 2 0.0000000
8 4 8 3 0.0085934
8 4 8 4 0.0169898
8 4 8 5 0.0124364
8 4 8 6 0.0000000
8 4 8 7 -0.0012124
8 4 8 8 0.0000000
8 5 0 0 0.0000000
8 5 1 0 -0.0000000
8 5 1 1 -0.0000000
8 5 2 0 0.0004582
8 5 2 1 0.0207516
8 5 2 2 0.0000000
8 5 3 0 0.0000000
8 5 3 1 0.0000000
8 5 3 2 0.0052545
8 5 3 3 0.0000000
8 5 4 0 -0.0000000
8 5 4 1 0.0000000
8 5 4 2 0.0245930
8 5 4 3 0.0000000
8 5 4 4 0.0000000
8 5 5 0 0.0000000
8 5 5 1 -0.0000000
8 5 5 2 -0.0042606
8 5 5 3 -0.0000000
8 5 5 4 -0.0000000
8 5 5 5 0.0000000
8 5 6 0 -0.0006127
8 5 6 1 0.0170566
8 5 6 2 0.0000000
8 5 6 3 0.0013149
8 5 6 4 0.0297972
8 5 6 5 -0.0131081
8 5 6 6 -0.0000000
8 5 7 0 0.0000000
8 5 7 1 -0.0000000
8 5 7 2 -0.0040177
8 5 7 3 -0.0000000
8 5 7 4 -0.0000000
8 5 7 5 0.0000000
8 5 7 6 -0.0013954
8 5 7 7 -0.0000000
8 5 8 0 0.0002173
8 5 8 1 -0.0262575
8 5 8 2 -0.0000000
8 5 8 3 0.0155505
8 5 8 4 0.0124364
8 5 8 5 0.0341735
8 5 8 6 0.0000000
8 5 8 7 -0.0007645
8 5 8 8 -0.0000000
8 6 0 0 -0.0005159
8 6 1 0 -0.0001981
8 6 1 1 -0.0063917
8 6 2 0 0.0000000
8 6 2 1 0.0000000
8 6 2 2 -0.0134289
8 6 3 0 -0.0003137
8 6 3 1 -0.0086240
8 6 3 2 -0.0000000
8 6 3 3 0.0008765
8 6 4 0 0.0002564
8 6 4 1 -0.0199154
8 6 4 2 0.0000000
8 6 4 3 0.0065279
8 6 4 4 -0.0077616
8 6 5 0 -0.0001147
8 6 5 1 -0.0050406
8 6 5 2 0.0000000
8 6 5 3 0.0079461
8 6 5 4 0.0213061
8 6 5 5 0.0085473
8 6 6 0 -0.0000000
8 6 6 1 0.0000000
8 6 6 2 -0.0102833
8 6 6 3 0.0000000
8 6 6 4 0.0000000
8 6 6 5 0.0000000
8 6 6 6 -0.0173763
8 6 7 0 -0.0001248
8 6 7 1 0.0024611
8 6 7 2 -0.0000000
8 6 7 3 0.0018535
8 6 7 4 0.0005618
8 6 7 5 -0.0032615
8 6 7 6 -0.0000000
8 6 7 7 0.0253191
8 6 8 0 0.0000000
8 6 8 1 -0.0000000
8 6 8 2 0.0165784
8 6 8 3 0.0000000
8 6 8 4 0.0000000
8 6 8 5 0.0000000
8 6 8 6 0.0159803
8 6 8 7 -0.0000000
8 6 8 8 0.0444214
8 7 0 0 -0.0000000
8 7 1 0 -0.0000000
8 7 1 1 -0.0000000
8 7 2 0 0.0002718
8 7 2 1 0.0031377
8 7 2 2 0.0000000
8 7 3 0 0.0000000
8 7 3 1 0.0000000
8 7 3 2 0.0014741
8 7 3 3 0.0000000
8 7 4 0 -0.0000000
8 7 4 1 0.0000000
8 7 4 2 0.0019558
8 7 4 3 0.0000000
8 7 4 4 0.0000000
8 7 5 0 0.0000000
8 7 5 1 -0.0000000
8 7 5 2 -0.0007462
8 7 5 3 -0.0000000
8 7 5 4 -0.0000000
8 7 5 5 0.0000000
8 7 6 0 -0.0003233
8 7 6 1 0.0022398
8 7 6 2 -0.0000000
8 7 6 3 -0.0001465
8 7 6 4 0.0025867
8 7 6 5 -0.0026063
8 7 6 6 -0.0000000
8 7 7 0 -0.0000000
8 7 7 1 -0.0000000
8 7 7 2 0.0035776
8 7 7 3 0.0000000
8 7 7 4 0.0000000
8 7 7 5 -0.0000000
8 7 7 6 0.0040372
8 7 7 7 -0.0000000
8 7 8 0 0.0000302
8 7 8 1 0.0003906
8 7 8 2 -0.0000000
8 7 8 3 0.0011325
8 7 8 4 -0.0012124
8 7 8 5 -0.0007645
8 7 8 6 -0.0000000
8 7 8 7 0.0210482
8 7 8 8 -0.0000000
8 8 0 0 0.3245186
8 8 1 0 0.0030902
8 8 1 1 0.4384693
8 8 2 0 0.0000000
8 8 2 1 0.0000000
8 8 2 2 0.3522490
8 8 3 0 -0.0041708
8 8 3 1 -0.0714755
8 8 3 2 -0.0000000
8 8 3 3 0.3295403
8 8 4 0 0.0006296
8 8 4 1 -0.0592334
8 8 4 2 -0.0000000
8 8 4 3 0.0864420
8 8 4 4 0.4463113
8 8 5 0 0.0067359
8 8 5 1 -0.0697329
8 8 5 2 -0.0000000
8 8 5 3 0.0725750
8 8 5 4 0.0776596
8 8 5 5 0.4705708
8 8 6 0 0.0000000
8 8 6 1 -0.0000000
8 8 6 2 0.0511620
8 8 6 3 0.0000000
8 8 6 4 0.0000000
8 8 6 5 0.0000000
8 8 6 6 0.3548749
8 8 7 0 0.0014031
8 8 7 1 0.0020934
8 8 7 2 -0.0000000
8 8 7 3 0.0303893
8 8 7 4 -0.0008474
8 8 7 5 -0.0105396
8 8 7 6 -0.0000000
8 8 7 7 0.4670423
8 8 8 0 -0.0000000
8 8 8 1 -0.0000000
8 8 8 2 0.0583795
8 8 8 3 0.0000000
8 8 8 4 0.0000000
8 8 8 5 -0.0000000
8 8 8 6 0.0444214
8 8 8 7 -0.0000000
8 8 8 8 0.6728328
9 0 0 0 0.0028044
9 0 1 0 -0.0000983
9 0 1 1 0.0003644
9 0 2 0 0.0000000
9 0 2 1 -0.0000000
9 0 2 2 0.0003862
9 0 3 0 -0.0001146
9 0 3 1 0.0001727
9 0 3 2 -0.0000000
9 0 3 3 0.0005125
9 0 4 0 0.0000858
9 0 4 1 -0.0000284
9 0 4 2 -0.0000000
9 0 4 3 -0.0002649
9 0 4 4 0.0000981
9 0 5 0 -0.0001064
9 0 5 1 0.0004552
9 0 5 2 0.0000000
9 0 5 3 -0.0001504
9 0 5 4 -0.0002350
9 0 5 5 0.0003969
9 0 6 0 -0.0000000
9 0 6 1 0.0000000
9 0 6 2 -0.0003014
9 0 6 3 -0.0000000
9 0 6 4 -0.0000000
9 0 6 5 0.0000000
9 0 6 6 0.0004092
9 0 7 0 0.0001227
9 0 7 1 0.0000085
9 0 7 2 0.0000000
9 0 7 3 -0.0000034
9 0 7 4 -0.0000100
9 0 7 5 0.0000344
9 0 7 6 0.0000000
9 0 7 7 -0.0000326
9 0 8 0 0.0000000
9 0 8 1 0.0000000
9 0 8 2 -0.0001425
9 0 8 3 -0.0000000
9 0 8 4 -0.0000000
9 0 8 5 0.0000000
9 0 8 6 -0.0000855
9 0 8 7 -0.0000000
9 0 8 8 -0.0004258
9 0 9 0 0.0000059
9 0 9 1 -0.0000140
9 0 9 2 -0.0000000
9 0 9 3 0.0000740
9 0 9 4 0.0001611
9 0 9 5 0.0001148
9 0 9 6 0.0000000
9 0 9 7 0.0000184
9 0 9 8 -0.0000000
9 0 9 9 -0.0027318
9 1 0 0 0.0048104
9 1 1 0 0.0000910
9 1 1 1 0.0028628
9 1 2 0 -0.0000000
9 1 2 1 -0.0000000
9 1 2 2 0.0041079
9 1 3 0 0.0000102
9 1 3 1 0.0021208
9 1 3 2 0.0000000
9 1 3 3 0.0022222
9 1 4 0 -0.0000325
9 1 4 1 0.0028184
9 1 4 2 0.0000000
9 1 4 3 -0.0024696
9 1 4 4 0.0005660
9 1 5 0 0.0001192
9 1 5 1 0.0032140
9 1 5 2 0.0000000
9 1 5 3 -0.0020642
9 1 5 4 -0.0042780
9 1 5 5 0.0004376
9 1 6 0 0.0000000
9 1 6 1 0.0000000
9 1 6 2 0.0000097
9 1 6 3 -0.0000000
9 1 6 4 -0.0000000
9 1 6 5 -0.0000000
9 1 6 6 0.0041716
9 1 7 0 0.0000754
9 1 7 1 -0.0003671
9 1 7 2 0.0000000
9 1 7 3 0.0000983
9 1 7 4 0.0001807
9 1 7 5 0.0006711
9 1 7 6 0.0000000
9 1 7 7 -0.0010129
9 1 8 0 0.0000000
9 1 8 1 0.0000000
9 1 8 2 -0.0017997
9 1 8 3 -0.0000000
9 1 8 4 -0.0000000
9 1 8 5 0.0000000
9 1 8 6 -0.0015458
9 1 8 7 -0.0000000
9 1 8 8 -0.0031843
9 1 9 0 -0.0000140
9 1 9 1 0.0027569
9 1 9 2 0.0000000
9 1 9 3 -0.0027289
9 1 9 4 -0.0048778
9 1 9 5 -0.0051771
9 1 9 6 -0.0000000
9 1 9 7 0.0006968
9 1 9 8 -0.0000000
9 1 9 9 0.0152955
9 2 0 0 0.0000000
9 2 1 0 -0.0000000
9 2 1 1 -0.0000000
9 2 2 0 0.0001427
9 2 2 1 0.0021027
9 2 2 2 0.0000000
9 2 3 0 0.0000000
9 2 3 1 0.0000000
9 2 3 2 0.0006870
9 2 3 3 0.0000000
9 2 4 0 -0.0000000
9 2 4 1 0.0000000
9 2 4 2 0.0020894
9 2 4 3 -0.0000000
9 2 4 4 0.0000000
9 2 5 0 0.0000000
9 2 5 1 -0.0000000
9 2 5 2 0.0001150
9 2 5 3 -0.0000000
9 2 5 4 -0.0000000
9 2 5 5 0.0000000
9 2 6 0 -0.0001753
9 2 6 1 0.0010373
9 2 6 2 -0.0000000
9 2 6 3 0.0000737
9 2 6 4 0.0024878
9 2 6 5 -0.0010811
9 2 6 6 -0.0000000
9 2 7 0 0.0000000
9 2 7 1 0.0000000
9 2 7 2 -0.0003537
9 2 7 3 -0.0000000
9 2 7 4 0.0000000
9 2 7 5 0.0000000
9 2 7 6 0.0000055
9 2 7 7 0.0000000
9 2 8 0 0.0000021
9 2 8 1 -0.0017571
9 2 8 2 -0.0000000
9 2 8 3 0.0010558
9 2 8 4 0.0011115
9 2 8 5 0.0020817
9 2 8 6 0.0000000
9 2 8 7 0.0000210
9 2 8 8 -0.0000000
9 2 9 0 -0.0000000
9 2 9 1 0.0000000
9 2 9 2 0.0013280
9 2 9 3 -0.0000000
9 2 9 4 -0.0000000
9 2 9 5 -0.0000000
9 2 9 6 0.0012648
9 2 9 7 -0.0000000
9 2 9 8 0.0041222
9 2 9 9 0.0000000
9 3 0 0 -0.0000651
9 3 1 0 0.0000522
9 3 1 1 0.0004805
9 3 2 0 0.0000000
9 3 2 1 0.0000000
9 3 2 2 -0.0003789
9 3 3 0 0.0000506
9 3 3 1 -0.0002555
9 3 3 2 -0.0000000
9 3 3 3 0.0004434
9 3 4 0 -0.0000390
9 3 4 1 -0.0010032
9 3 4 2 0.0000000
9 3 4 3 0.0005798
9 3 4 4 0.0008223
9 3 5 0 0.0000400
9 3 5 1 -0.0002483
9 3 5 2 0.0000000
9 3 5 3 0.0006894
9 3 5 4 0.0007530
9 3 5 5 0.0003875
9 3 6 0 0.0000000
9 3 6 1 0.0000000
9 3 6 2 -0.0002781
9 3 6 3 0.0000000
9 3 6 4 0.0000000
9 3 6 5 0.0000000
9 3 6 6 -0.0004795
9 3 7 0 0.0000509
9 3 7 1 -0.0000719
9 3 7 2 -0.0000000
9 3 7 3 0.0000303
9 3 7 4 0.0000492
9 3 7 5 0.0002768
9 3 7 6 0.0000000
9 3 7 7 -0.0020469
9 3 8 0 0.0000000
9 3 8 1 -0.0000000
9 3 8 2 -0.0006508
9 3 8 3 0.0000000
9 3 8 4 0.0000000
9 3 8 5 0.0000000
9 3 8 6 -0.0005293
9 3 8 7 0.0000000
9 3 8 8 -0.0026740
9 3 9 0 0.0000740
9 3 9 1 -0.0027289
9 3 9 2 -0.0000000
9 3 9 3 0.0039963
9 3 9 4 0.0076131
9 3 9 5 0.0067762
9 3 9 6 0.0000000
9 3 9 7 0.0006174
9 3 9 8 0.0000000
9 3 9 9 -0.0631189
9 4 0 0 0.0010663
9 4 1 0 -0.0000130
9 4 1 1 0.0014371
9 4 2 0 0.0000000
9 4 2 1 0.0000000
9 4 2 2 0.0010998
9 4 3 0 -0.0000658
9 4 3 1 -0.0002793
9 4 3 2 0.0000000
9 4 3 3 0.0007461
9 4 4 0 0.0000048
9 4 4 1 0.0004837
9 4 4 2 0.0000000
9 4 4 3 0.0002881
9 4 4 4 0.0017800
9 4 5 0 0.0000043
9 4 5 1 0.0002804
9 4 5 2 0.0000000
9 4 5 3 -0.0005276
9 4 5 4 -0.0009511
9 4 5 5 0.0000321
9 4 6 0 -0.0000000
9 4 6 1 0.0000000
9 4 6 2 0.0000473
9 4 6 3 -0.0000000
9 4 6 4 -0.0000000
9 4 6 5 -0.0000000
9 4 6 6 0.0013827
9 4 7 0 -0.0000491
9 4 7 1 -0.0003468
9 4 7 2 0.0000000
9 4 7 3 -0.0008381
9 4 7 4 -0.0004056
9 4 7 5 -0.0000642
9 4 7 6 0.0000000
9 4 7 7 -0.0056526
9 4 8 0 0.0000000
9 4 8 1 0.0000000
9 4 8 2 -0.0028265
9 4 8 3 -0.0000000
9 4 8 4 -0.0000000
9 4 8 5 0.0000000
9 4 8 6 -0.0025282
9 4 8 7 0.0000000
9 4 8 8 -0.0082113
9 4 9 0 0.0001611
9 4 9 1 -0.0048778
9 4 9 2 -0.0000000
9 4 9 3 0.0076131
9 4 9 4 0.0152862
9 4 9 5 0.0130306
9 4 9 6 0.0000000
9 4 9 7 -0.0004808
9 4 9 8 0.0000000
9 4 9 9 -0.1487504
9 5 0 0 0.0030603
9 5 1 0 0.0001005
9 5 1 1 0.0028374
9 5 2 0 0.0000000
9 5 2 1 -0.0000000
9 5 2 2 0.0001155
9 5 3 0 -0.0001189
9 5 3 1 -0.0016875
9 5 3 2 -0.0000000
9 5 3 3 0.0025589
9 5 4 0 0.0000001
9 5 4 1 -0.0035135
9 5 4 2 -0.0000000
9 5 4 3 0.0015781
9 5 4 4 0.0024466
9 5 5 0 0.0001794
9 5 5 1 0.0002669
9 5 5 2 0.0000000
9 5 5 3 0.0010902
9 5 5 4 0.0026832
9 5 5 5 0.0036664
9 5 6 0 0.0000000
9 5 6 1 0.0000000
9 5 6 2 -0.0017650
9 5 6 3 -0.0000000
9 5 6 4 -0.0000000
9 5 6 5 0.0000000
9 5 6 6 -0.0004440
9 5 7 0 0.0000414
9 5 7 1 0.0002226
9 5 7 2 0.0000000
9 5 7 3 -0.0003305
9 5 7 4 -0.0004604
9 5 7 5 -0.0004859
9 5 7 6 -0.0000000
9 5 7 7 -0.0009698
9 5 8 0 -0.0000000
9 5 8 1 0.0000000
9 5 8 2 -0.0007780
9 5 8 3 -0.0000000
9 5 8 4 -0.0000000
9 5 8 5 -0.0000000
9 5 8 6 -0.0002826
9 5 8 7 -0.0000000
9 5 8 8 -0.0032115
9 5 9 0 0.0001148
9 5 9 1 -0.0051771
9 5 9 2 -0.0000000
9 5 9 3 0.0067762
9 5 9 4 0.0130306
9 5 9 5 0.0121552
9 5 9 6 0.0000000
9 5 9 7 -0.0008833
9 5 9 8 -0.0000000
9 5 9 9 -0.0967806
9 6 0 0 0.0000000
9 6 1 0 0.0000000
9 6 1 1 0.0000000
9 6 2 0 0.0000731
9 6 2 1 0.0021219
9 6 2 2 0.0000000
9 6 3 0 -0.0000000
9 6 3 1 -0.0000000
9 6 3 2 0.0006771
9 6 3 3 0.0000000
9 6 4 0 -0.0000000
9 6 4 1 -0.0000000
9 6 4 2 0.0024995
9 6 4 3 0.0000000
9 6 4 4 0.0000000
9 6 5 0 0.0000000
9 6 5 1 -0.0000000
9 6 5 2 -0.0003194
9 6 5 3 0.0000000
9 6 5 4 -0.0000000
9 6 5 5 0.0000000
9 6 6 0 -0.0000948
9 6 6 1 0.0015646
9 6 6 2 -0.0000000
9 6 6 3 0.0001322
9 6 6 4 0.0030137
9 6 6 5 -0.0012559
9 6 6 6 -0.0000000
9 6 7 0 0.0000000
9 6 7 1 0.0000000
9 6 7 2 -0.0004312
9 6 7 3 -0.0000000
9 6 7 4 -0.0000000
9 6 7 5 -0.0000000
9 6 7 6 0.0000279
9 6 7 7 0.0000000
9 6 8 0 0.0000114
9 6 8 1 -0.0019589
9 6 8 2 -0.0000000
9 6 8 3 0.0011494
9 6 8 4 0.0010164
9 6 8 5 0.0024950
9 6 8 6 0.0000000
9 6 8 7 0.0001150
9 6 8 8 -0.0000000
9 6 9 0 0.0000000
9 6 9 1 -0.0000000
9 6 9 2 0.0012648
9 6 9 3 0.0000000
9 6 9 4 0.0000000
9 6 9 5 0.0000000
9 6 9 6 0.0012292
9 6 9 7 -0.0000000
9 6 9 8 0.0038010
9 6 9 9 -0.0000000
9 7 0 0 0.0009786
9 7 1 0 -0.0000853
9 7 1 1 -0.0008589
9 7 2 0 -0.0000000
9 7 2 1 -0.0000000
9 7 2 2 -0.0002012
9 7 3 0 -0.0000318
9 7 3 1 -0.0002792
9 7 3 2 -0.0000000
9 7 3 3 0.0003500
9 7 4 0 0.0000439
9 7 4 1 -0.0001657
9 7 4 2 -0.0000000
9 7 4 3 0.0000756
9 7 4 4 -0.0003826
9 7 5 0 -0.0000837
9 7 5 1 0.0003508
9 7 5 2 0.0000000
9 7 5 3 -0.0001054
9 7 5 4 0.0004256
9 7 5 5 -0.0001145
9 7 6 0 -0.0000000
9 7 6 1 0.0000000
9 7 6 2 -0.0007360
9 7 6 3 -0.0000000
9 7 6 4 0.0000000
9 7 6 5 0.0000000
9 7 6 6 -0.0002952
9 7 7 0 -0.0000534
9 7 7 1 -0.0009152
9 7 7 2 -0.0000000
9 7 7 3 0.0007624
9 7 7 4 0.0018683
9 7 7 5 0.0014150
9 7 7 6 0.0000000
9 7 7 7 0.0001771
9 7 8 0 -0.0000000
9 7 8 1 -0.0000000
9 7 8 2 0.0002508
9 7 8 3 0.0000000
9 7 8 4 0.0000000
9 7 8 5 -0.0000000
9 7 8 6 0.0003941
9 7 8 7 -0.0000000
9 7 8 8 -0.0000619
9 7 9 0 0.0000184
9 7 9 1 0.0006968
9 7 9 2 -0.0000000
9 7 9 3 0.0006174
9 7 9 4 -0.0004808
9 7 9 5 -0.0008833
9 7 9 6 -0.0000000
9 7 9 7 0.0091562
9 7 9 8 0.0000000
9 7 9 9 0.0149403
9 8 0 0 0.0000000
9 8 1 0 0.0000000
9 8 1 1 0.0000000
9 8 2 0 -0.0001094
9 8 2 1 -0.0032269
9 8 2 2 -0.0000000
9 8 3 0 -0.0000000
9 8 3 1 -0.0000000
9 8 3 2 -0.0001971
9 8 3 3 -0.0000000
9 8 4 0 0.0000000
9 8 4 1 -0.0000000
9 8 4 2 -0.0018721
9 8 4 3 -0.0000000
9 8 4 4 -0.0000000
9 8 5 0 -0.0000000
9 8 5 1 0.0000000
9 8 5 2 0.0015833
9 8 5 3 -0.0000000
9 8 5 4 0.0000000
9 8 5 5 -0.0000000
9 8 6 0 0.0001537
9 8 6 1 -0.0025271
9 8 6 2 0.0000000
9 8 6 3 0.0005023
9 8 6 4 -0.0026765
9 8 6 5 0.0029097
9 8 6 6 0.0000000
9 8 7 0 -0.0000000
9 8 7 1 -0.0000000
9 8 7 2 0.0004594
9 8 7 3 0.0000000
9 8 7 4 -0.0000000
9 8 7 5 0.0000000
9 8 7 6 -0.0000546
9 8 7 7 0.0000000
9 8 8 0 -0.0000159
9 8 8 1 -0.0001378
9 8 8 2 -0.0000000
9 8 8 3 0.0014172
9 8 8 4 0.0042764
9 8 8 5 0.0013239
9 8 8 6 -0.0000000
9 8 8 7 -0.0004312
9 8 8 8 0.0000000
9 8 9 0 -0.0000000
9 8 9 1 -0.0000000
9 8 9 2 0.0041222
9 8 9 3 0.0000000
9 8 9 4 0.0000000
9 8 9 5 -0.0000000
9 8 9 6 0.0038010
9 8 9 7 0.0000000
9 8 9 8 0.0145315
9 8 9 9 0.0000000
9 9 0 0 0.3431396
9 9 1 0 0.0037749
9 9 1 1 0.4998186
9 9 2 0 0.0000000
9 9 2 1 0.0000000
9 9 2 2 0.3697039
9 9 3 0 -0.0048759
9 9 3 1 -0.1157558
9 9 3 2 -0.0000000
9 9 3 3 0.3821596
9 9 4 0 0.0011402
9 9 4 1 -0.1346106
9 9 4 2 -0.0000000
9 9 4 3 0.1536590
9 9 4 4 0.5593497
9 9 5 0 0.0082899
9 9 5 1 -0.1225485
9 9 5 2 -0.0000000
9 9 5 3 0.1341982
9 9 5 4 0.1880356
9 9 5 5 0.5959560
9 9 6 0 0.0000000
9 9 6 1 -0.0000000
9 9 6 2 0.0551184
9 9 6 3 0.0000000
9 9 6 4 0.0000000
9 9 6 5 0.0000000
9 9 6 6 0.3658657
9 9 7 0 0.0020335
9 9 7 1 0.0096452
9 9 7 2 -0.0000000
9 9 7 3 0.0470086
9 9 7 4 0.0052162
9 9 7 5 -0.0154682
9 9 7 6 -0.0000000
9 9 7 7 0.6182419
9 9 8 0 -0.0000000
9 9 8 1 -0.0000000
9 9 8 2 0.1063102
9 9 8 3 0.0000000
9 9 8 4 0.0000000
9 9 8 5 -0.0000000
9 9 8 6 0.0927538
9 9 8 7 0.0000000
9 9 8 8 0.8416888
9 9 9 0 -0.0027318
9 9 9 1 0.0152955
9 9 9 2 0.0000000
9 9 9 3 -0.0631189
9 9 9 4 -0.1487504
9 9 9 5 -0.0967806
9 9 9 6 -0.0000000
9 9 9 7 0.0149403
9 9 9 8 0.0000000
9 9 9 9 3.4993865
10 0 0 0 -0.0250953
10 0 1 0 0.0009879
10 0 1 1 -0.0026514
10 0 2 0 -0.0000000
10 0 2 1 -0.0000000
10 0 2 2 -0.0012900
10 0 3 0 0.0009382
10 0 3 1 -0.0015227
10 0 3 2 -0.0000000
10 0 3 3 -0.0025146
10 0 4 0 -0.0008716
10 0 4 1 0.0009284
10 0 4 2 0.0000000
10 0 4 3 0.0012146
10 0 4 4 -0.0012767
10 0 5 0 0.0013680
10 0 5 1 -0.0021507
10 0 5 2 -0.0000000
10 0 5 3 -0.0009287
10 0 5 4 0.0012337
10 0 5 5 -0.0023358
10 0 6 0 0.0000000
10 0 6 1 -0.0000000
10 0 6 2 0.0004555
10 0 6 3 -0.0000000
10 0 6 4 0.0000000
10 0 6 5 -0.0000000
10 0 6 6 -0.0010707
10 0 7 0 -0.0027167
10 0 7 1 -0.0004017
10 0 7 2 -0.0000000
10 0 7 3 -0.0005117
10 0 7 4 0.0004509
10 0 7 5 -0.0007298
10 0 7 6 -0.0000000
10 0 7 7 0.0012114
10 0 8 0 -0.0000000
10 0 8 1 -0.0000000
10 0 8 2 0.0003463
10 0 8 3 0.0000000
10 0 8 4 0.0000000
10 0 8 5 -0.0000000
10 0 8 6 0.0002017
10 0 8 7 0.0000000
10 0 8 8 0.0006587
10 0 9 0 -0.0000359
10 0 9 1 -0.0000598
10 0 9 2 -0.0000000
10 0 9 3 -0.0000148
10 0 9 4 -0.0000127
10 0 9 5 -0.0000244
10 0 9 6 -0.0000000
10 0 9 7 0.0000114
10 0 9 8 -0.0000000
10 0 9 9 0.0008071
10 0 10 0 0.0006749
10 0 10 1 0.0005179
10 0 10 2 0.0000000
10 0 10 3 0.0000986
10 0 10 4 -0.0001913
10 0 10 5 0.0000566
10 0 10 6 0.0000000
10 0 10 7 0.0000147
10 0 10 8 -0.0000000
10 0 10 9 0.0000062
10 0 10 10 0.0010818
10 1 0 0 -0.0329840
10 1 1 0 -0.0009628
10 1 1 1 -0.0323778
10 1 2 0 -0.0000000
10 1 2 1 -0.0000000
10 1 2 2 -0.0249733
10 1 3 0 -0.0006494
10 1 3 1 -0.0051112
10 1 3 2 -0.0000000
10 1 3 3 -0.0257012
10 1 4 0 0.0005296
10 1 4 1 -0.0001795
10 1 4 2 0.0000000
10 1 4 3 0.0034227
10 1 4 4 -0.0255724
10 1 5 0 -0.0009596
10 1 5 1 -0.0114379
10 1 5 2 -0.0000000
10 1 5 3 0.0005783
10 1 5 4 0.0084815
10 1 5 5 -0.0216949
10 1 6 0 -0.0000000
10 1 6 1 -0.0000000
10 1 6 2 0.0005349
10 1 6 3 -0.0000000
10 1 6 4 0.0000000
10 1 6 5 -0.0000000
10 1 6 6 -0.0251411
10 1 7 0 -0.0009279
10 1 7 1 0.0008749
10 1 7 2 0.0000000
10 1 7 3 -0.0003628
10 1 7 4 0.0001480
10 1 7 5 -0.0052197
10 1 7 6 -0.0000000
10 1 7 7 0.0024502
10 1 8 0 -0.0000000
10 1 8 1 -0.0000000
10 1 8 2 0.0112227
10 1 8 3 0.0000000
10 1 8 4 0.0000000
10 1 8 5 -0.0000000
10 1 8 6 0.0095756
10 1 8 7 0.0000000
10 1 8 8 0.0118033
10 1 9 0 -0.0001145
10 1 9 1 -0.0010815
10 1 9 2 -0.0000000
10 1 9 3 -0.0012351
10 1 9 4 -0.0035743
10 1 9 5 -0.0020372
10 1 9 6 -0.0000000
10 1 9 7 0.0003131
10 1 9 8 -0.0000000
10 1 9 9 0.0405749
10 1 10 0 0.0005179
10 1 10 1 0.0209936
10 1 10 2 0.0000000
10 1 10 3 -0.0096757
10 1 10 4 -0.0111510
10 1 10 5 -0.0201584
10 1 10 6 -0.0000000
10 1 10 7 0.0017357
10 1 10 8 -0.0000000
10 1 10 9 0.0002029
10 1 10 10 0.0530630
10 2 0 0 -0.0000000
10 2 1 0 -0.0000000
10 2 1 1 -0.0000000
10 2 2 0 0.0007205
10 2 2 1 0.0000844
10 2 2 2 -0.0000000
10 2 3 0 -0.0000000
10 2 3 1 -0.0000000
10 2 3 2 0.0008509
10 2 3 3 -0.0000000
10 2 4 0 -0.0000000
10 2 4 1 0.0000000
10 2 4 2 -0.0006669
10 2 4 3 -0.0000000
10 2 4 4 -0.0000000
10 2 5 0 0.0000000
10 2 5 1 -0.0000000
10 2 5 2 0.0015084
10 2 5 3 0.0000000
10 2 5 4 0.0000000
10 2 5 5 -0.0000000
10 2 6 0 -0.0010165
10 2 6 1 -0.0016153
10 2 6 2 0.0000000
10 2 6 3 -0.0017678
10 2 6 4 -0.0004508
10 2 6 5 0.0001188
10 2 6 6 -0.0000000
10 2 7 0 -0.0000000
10 2 7 1 0.0000000
10 2 7 2 -0.0034972
10 2 7 3 -0.0000000
10 2 7 4 -0.0000000
10 2 7 5 -0.0000000
10 2 7 6 0.0032523
10 2 7 7 -0.0000000
10 2 8 0 0.0000845
10 2 8 1 -0.0002477
10 2 8 2 0.0000000
10 2 8 3 0.0020206
10 2 8 4 0.0041536
10 2 8 5 0.0037962
10 2 8 6 0.0000000
10 2 8 7 -0.0006440
10 2 8 8 0.0000000
10 2 9 0 -0.0000000
10 2 9 1 -0.0000000
10 2 9 2 0.0004426
10 2 9 3 -0.0000000
10 2 9 4 -0.0000000
10 2 9 5 -0.0000000
10 2 9 6 0.0005667
10 2 9 7 0.0000000
10 2 9 8 0.0008830
10 2 9 9 0.0000000
10 2 10 0 0.0000000
10 2 10 1 0.0000000
10 2 10 2 0.0067996
10 2 10 3 -0.0000000
10 2 10 4 -0.0000000
10 2 10 5 -0.0000000
10 2 10 6 0.0043043
10 2 10 7 -0.0000000
10 2 10 8 0.0227041
10 2 10 9 -0.0000000
10 2 10 10 0.0000000
10 3 0 0 0.0091230
10 3 1 0 -0.0007278
10 3 1 1 0.0088333
10 3 2 0 -0.0000000
10 3 2 1 0.0000000
10 3 2 2 0.0077811
10 3 3 0 0.0002914
10 3 3 1 -0.0030667
10 3 3 2 -0.0000000
10 3 3 3 0.0106770
10 3 4 0 0.0001555
10 3 4 1 -0.0016055
10 3 4 2 -0.0000000
10 3 4 3 0.0019846
10 3 4 4 0.0120337
10 3 5 0 -0.0012780
10 3 5 1 -0.0019801
10 3 5 2 0.0000000
10 3 5 3 -0.0007685
10 3 5 4 0.0040220
10 3 5 5 0.0080889
10 3 6 0 -0.0000000
10 3 6 1 -0.0000000
10 3 6 2 -0.0015517
10 3 6 3 -0.0000000
10 3 6 4 0.0000000
10 3 6 5 -0.0000000
10 3 6 6 0.0092402
10 3 7 0 -0.0004634
10 3 7 1 -0.0013789
10 3 7 2 -0.0000000
10 3 7 3 -0.0026746
10 3 7 4 0.0049478
10 3 7 5 0.0045646
10 3 7 6 0.0000000
10 3 7 7 0.0067916
10 3 8 0 0.0000000
10 3 8 1 0.0000000
10 3 8 2 -0.0023478
10 3 8 3 -0.0000000
10 3 8 4 0.0000000
10 3 8 5 0.0000000
10 3 8 6 -0.0023610
10 3 8 7 -0.0000000
10 3 8 8 0.0043240
10 3 9 0 0.0000263
10 3 9 1 -0.0001132
10 3 9 2 -0.0000000
10 3 9 3 0.0009716
10 3 9 4 0.0023305
10 3 9 5 0.0016621
10 3 9 6 0.0000000
10 3 9 7 0.0001766
10 3 9 8 0.0000000
10 3 9 9 -0.0067148
10 3 10 0 0.0000986
10 3 10 1 -0.0096757
10 3 10 2 -0.0000000
10 3 10 3 0.0087894
10 3 10 4 0.0088645
10 3 10 5 0.0125837
10 3 10 6 0.0000000
10 3 10 7 0.0094690
10 3 10 8 0.0000000
10 3 10 9 0.0011812
10 3 10 10 -0.0149716
10 4 0 0 0.0133810
10 4 1 0 0.0010073
10 4 1 1 0.0228849
10 4 2 0 -0.0000000
10 4 2 1 0.0000000
10 4 2 2 0.0093495
10 4 3 0 -0.0001084
10 4 3 1 -0.0049517
10 4 3 2 -0.0000000
10 4 3 3 0.0146575
10 4 4 0 -0.0002367
10 4 4 1 -0.0122162
10 4 4 2 -0.0000000
10 4 4 3 0.0076591
10 4 4 4 0.0203157
10 4 5 0 0.0014991
10 4 5 1 0.0004795
10 4 5 2 -0.0000000
10 4 5 3 0.0079422
10 4 5 4 0.0087096
10 4 5 5 0.0229187
10 4 6 0 0.0000000
10 4 6 1 0.0000000
10 4 6 2 -0.0011062
10 4 6 3 0.0000000
10 4 6 4 0.0000000
10 4 6 5 0.0000000
10 4 6 6 0.0069213
10 4 7 0 0.0007823
10 4 7 1 -0.0008379
10 4 7 2 -0.0000000
10 4 7 3 0.0056847
10 4 7 4 0.0033988
10 4 7 5 0.0031207
10 4 7 6 0.0000000
10 4 7 7 0.0175593
10 4 8 0 0.0000000
10 4 8 1 0.0000000
10 4 8 2 0.0011641
10 4 8 3 0.0000000
10 4 8 4 0.0000000
10 4 8 5 -0.0000000
10 4 8 6 0.0014307
10 4 8 7 -0.0000000
10 4 8 8 0.0222768
10 4 9 0 0.0000369
10 4 9 1 -0.0007759
10 4 9 2 -0.0000000
10 4 9 3 0.0015997
10 4 9 4 0.0030228
10 4 9 5 0.0029618
10 4 9 6 0.0000000
10 4 9 7 0.0002243
10 4 9 8 0.0000000
10 4 9 9 0.0159260
10 4 10 0 -0.0001913
10 4 10 1 -0.0111510
10 4 10 2 -0.0000000
10 4 10 3 0.0088645
10 4 10 4 0.0137257
10 4 10 5 0.0150808
10 4 10 6 0.0000000
10 4 10 7 0.0118949
10 4 10 8 0.0000000
10 4 10 9 0.0030916
10 4 10 10 -0.0003824
10 5 0 0 0.0151488
10 5 1 0 -0.0001095
10 5 1 1 0.0216953
10 5 2 0 0.0000000
10 5 2 1 0.0000000
10 5 2 2 0.0174960
10 5 3 0 -0.0019528
10 5 3 1 -0.0062222
10 5 3 2 0.0000000
10 5 3 3 0.0098709
10 5 4 0 0.0007242
10 5 4 1 0.0011179
10 5 4 2 0.0000000
10 5 4 3 0.0079263
10 5 4 4 0.0239094
10 5 5 0 0.0010304
10 5 5 1 0.0001734
10 5 5 2 -0.0000000
10 5 5 3 -0.0006251
10 5 5 4 -0.0004225
10 5 5 5 0.0189414
10 5 6 0 -0.0000000
10 5 6 1 0.0000000
10 5 6 2 0.0035221
10 5 6 3 -0.0000000
10 5 6 4 0.0000000
10 5 6 5 -0.0000000
10 5 6 6 0.0185960
10 5 7 0 -0.0007362
10 5 7 1 -0.0043913
10 5 7 2 -0.0000000
10 5 7 3 0.0026311
10 5 7 4 0.0010564
10 5 7 5 -0.0023520
10 5 7 6 0.0000000
10 5 7 7 0.0066087
10 5 8 0 -0.0000000
10 5 8 1 -0.0000000
10 5 8 2 -0.0070765
10 5 8 3 -0.0000000
10 5 8 4 -0.0000000
10 5 8 5 0.0000000
10 5 8 6 -0.0068344
10 5 8 7 0.0000000
10 5 8 8 0.0066474
10 5 9 0 0.0000671
10 5 9 1 0.0000501
10 5 9 2 -0.0000000
10 5 9 3 0.0019044
10 5 9 4 0.0049603
10 5 9 5 0.0032316
10 5 9 6 0.0000000
10 5 9 7 -0.0001317
10 5 9 8 -0.0000000
10 5 9 9 -0.0296403
10 5 10 0 0.0000566
10 5 10 1 -0.0201584
10 5 10 2 -0.0000000
10 5 10 3 0.0125837
10 5 10 4 0.0150808
10 5 10 5 0.0272157
10 5 10 6 0.0000000
10 5 10 7 0.0031833
10 5 10 8 -0.0000000
10 5 10 9 0.0002157
10 5 10 10 -0.0440143
10 6 0 0 0.0000000
10 6 1 0 -0.0000000
10 6 1 1 0.0000000
10 6 2 0 -0.0013374
10 6 2 1 -0.0084499
10 6 2 2 0.0000000
10 6 3 0 -0.0000000
10 6 3 1 -0.0000000
10 6 3 2 -0.0039692
10 6 3 3 0.0000000
10 6 4 0 0.0000000
10 6 4 1 0.0000000
10 6 4 2 -0.0060778
10 6 4 3 0.0000000
10 6 4 4 0.0000000
10 6 5 0 -0.0000000
10 6 5 1 0.0000000
10 6 5 2 0.0006524
10 6 5 3 -0.0000000
10 6 5 4 0.0000000
10 6 5 5 -0.0000000
10 6 6 0 0.0018925
10 6 6 1 -0.0033115
10 6 6 2 0.0000000
10 6 6 3 0.0024305
10 6 6 4 -0.0090063
10 6 6 5 0.0056576
10 6 6 6 0.0000000
10 6 7 0 -0.0000000
10 6 7 1 -0.0000000
10 6 7 2 0.0043916
10 6 7 3 0.0000000
10 6 7 4 -0.0000000
10 6 7 5 0.0000000
10 6 7 6 -0.0044760
10 6 7 7 0.0000000
10 6 8 0 0.0000997
10 6 8 1 0.0031419
10 6 8 2 -0.0000000
10 6 8 3 0.0006915
10 6 8 4 0.0044829
10 6 8 5 0.0004287
10 6 8 6 -0.0000000
10 6 8 7 -0.0013635
10 6 8 8 0.0000000
10 6 9 0 0.0000000
10 6 9 1 0.0000000
10 6 9 2 0.0002993
10 6 9 3 0.0000000
10 6 9 4 0.0000000
10 6 9 5 0.0000000
10 6 9 6 0.0002931
10 6 9 7 -0.0000000
10 6 9 8 0.0014450
10 6 9 9 -0.0000000
10 6 10 0 0.0000000
10 6 10 1 -0.0000000
10 6 10 2 0.0043043
10 6 10 3 0.0000000
10 6 10 4 0.0000000
10 6 10 5 0.0000000
10 6 10 6 0.0058731
10 6 10 7 -0.0000000
10 6 10 8 0.0159767
10 6 10 9 -0.0000000
10 6 10 10 -0.0000000
10 7 0 0 -0.0551889
10 7 1 0 0.0026341
10 7 1 1 0.0068322
10 7 2 0 0.0000000
10 7 2 1 0.0000000
10 7 2 2 -0.0129068
10 7 3 0 0.0015440
10 7 3 1 -0.0033271
10 7 3 2 0.0000000
10 7 3 3 -0.0181205
10 7 4 0 -0.0012703
10 7 4 1 -0.0041464
10 7 4 2 0.0000000
10 7 4 3 0.0174288
10 7 4 4 0.0134317
10 7 5 0 0.0027950
10 7 5 1 -0.0191501
10 7 5 2 -0.0000000
10 7 5 3 0.0194652
10 7 5 4 0.0081177
10 7 5 5 -0.0018635
10 7 6 0 0.0000000
10 7 6 1 -0.0000000
10 7 6 2 0.0229905
10 7 6 3 0.0000000
10 7 6 4 -0.0000000
10 7 6 5 0.0000000
10 7 6 6 -0.0137940
10 7 7 0 0.0023865
10 7 7 1 -0.0027464
10 7 7 2 -0.0000000
10 7 7 3 0.0156903
10 7 7 4 0.0179511
10 7 7 5 0.0181098
10 7 7 6 0.0000000
10 7 7 7 -0.0054842
10 7 8 0 -0.0000000
10 7 8 1 -0.0000000
10 7 8 2 0.0057015
10 7 8 3 0.0000000
10 7 8 4 0.0000000
10 7 8 5 -0.0000000
10 7 8 6 0.0007638
10 7 8 7 -0.0000000
10 7 8 8 0.0340599
10 7 9 0 -0.0000872
10 7 9 1 -0.0000917
10 7 9 2 -0.0000000
10 7 9 3 -0.0000998
10 7 9 4 -0.0011911
10 7 9 5 -0.0009637
10 7 9 6 -0.0000000
10 7 9 7 0.0002962
10 7 9 8 0.0000000
10 7 9 9 0.0632170
10 7 10 0 0.0000147
10 7 10 1 0.0017357
10 7 10 2 -0.0000000
10 7 10 3 0.0094690
10 7 10 4 0.0118949
10 7 10 5 0.0031833
10 7 10 6 -0.0000000
10 7 10 7 0.0750982
10 7 10 8 -0.0000000
10 7 10 9 0.0038249
10 7 10 10 0.0676331
10 8 0 0 -0.0000000
10 8 1 0 -0.0000000
10 8 1 1 -0.0000000
10 8 2 0 0.0010831
10 8 2 1 0.0256924
10 8 2 2 0.0000000
10 8 3 0 0.0000000
10 8 3 1 0.0000000
10 8 3 2 0.0057125
10 8 3 3 0.0000000
10 8 4 0 -0.0000000
10 8 4 1 -0.0000000
10 8 4 2 0.0254934
10 8 4 3 0.0000000
10 8 4 4 0.0000000
10 8 5 0 0.0000000
10 8 5 1 -0.0000000
10 8 5 2 -0.0036883
10 8 5 3 -0.0000000
10 8 5 4 -0.0000000
10 8 5 5 0.0000000
10 8 6 0 -0.0012514
10 8 6 1 0.0189081
10 8 6 2 -0.0000000
10 8 6 3 0.0000526
10 8 6 4 0.0312913
10 8 6 5 -0.0164180
10 8 6 6 -0.0000000
10 8 7 0 0.0000000
10 8 7 1 0.0000000
10 8 7 2 -0.0048755
10 8 7 3 -0.0000000
10 8 7 4 -0.0000000
10 8 7 5 0.0000000
10 8 7 6 -0.0014296
10 8 7 7 0.0000000
10 8 8 0 0.0004837
10 8 8 1 -0.0207620
10 8 8 2 -0.0000000
10 8 8 3 0.0153858
10 8 8 4 0.0150392
10 8 8 5 0.0357314
10 8 8 6 0.0000000
10 8 8 7 0.0012063
10 8 8 8 0.0000000
10 8 9 0 -0.0000000
10 8 9 1 -0.0000000
10 8 9 2 0.0024824
10 8 9 3 0.0000000
10 8 9 4 0.0000000
10 8 9 5 -0.0000000
10 8 9 6 0.0033342
10 8 9 7 0.0000000
10 8 9 8 -0.0000316
10 8 9 9 0.0000000
10 8 10 0 -0.0000000
10 8 10 1 -0.0000000
10 8 10 2 0.0227041
10 8 10 3 0.0000000
10 8 10 4 0.0000000
10 8 10 5 -0.0000000
10 8 10 6 0.0159767
10 8 10 7 -0.0000000
10 8 10 8 0.1090359
10 8 10 9 -0.0000000
10 8 10 10 0.0000000
10 9 0 0 0.0125062
10 9 1 0 0.0002311
10 9 1 1 0.0233640
10 9 2 0 0.0000000
10 9 2 1 0.0000000
10 9 2 2 0.0135104
10 9 3 0 -0.0003805
10 9 3 1 -0.0102699
10 9 3 2 -0.0000000
10 9 3 3 0.0173017
10 9 4 0 0.0001350
10 9 4 1 -0.0137553
10 9 4 2 -0.0000000
10 9 4 3 0.0141340
10 9 4 4 0.0319088
10 9 5 0 0.0006068
10 9 5 1 -0.0100533
10 9 5 2 -0.0000000
10 9 5 3 0.0118769
10 9 5 4 0.0198573
10 9 5 5 0.0342715
10 9 6 0 0.0000000
10 9 6 1 -0.0000000
10 9 6 2 0.0028031
10 9 6 3 0.0000000
10 9 6 4 0.0000000
10 9 6 5 0.0000000
10 9 6 6 0.0125563
10 9 7 0 0.0001048
10 9 7 1 0.0009990
10 9 7 2 -0.0000000
10 9 7 3 0.0031583
10 9 7 4 0.0004893
10 9 7 5 -0.0016353
10 9 7 6 -0.0000000
10 9 7 7 0.0335518
10 9 8 0 -0.0000000
10 9 8 1 -0.0000000
10 9 8 2 0.0093679
10 9 8 3 0.0000000
10 9 8 4 0.0000000
10 9 8 5 -0.0000000
10 9 8 6 0.0091388
10 9 8 7 0.0000000
10 9 8 8 0.0496115
10 9 9 0 -0.0002713
10 9 9 1 0.0040068
10 9 9 2 0.0000000
10 9 9 3 -0.0081267
10 9 9 4 -0.0179813
10 9 9 5 -0.0136064
10 9 9 6 -0.0000000
10 9 9 7 0.0036630
10 9 9 8 0.0000000
10 9 9 9 0.3648282
10 9 10 0 0.0000062
10 9 10 1 0.0002029
10 9 10 2 -0.0000000
10 9 10 3 0.0011812
10 9 10 4 0.0030916
10 9 10 5 0.0002157
10 9 10 6 -0.0000000
10 9 10 7 0.0038249
10 9 10 8 -0.0000000
10 9 10 9 0.0530068
10 9 10 10 0.0389062
10 10 0 0 0.2902853
10 10 1 0 0.0022637
10 10 1 1 0.3822231
10 10 2 0 0.0000000
10 10 2 1 0.0000000
10 10 2 2 0.3071045
10 10 3 0 -0.0029106
10 10 3 1 -0.0586543
10 10 3 2 -0.0000000
10 10 3 3 0.2974018
10 10 4 0 0.0005354
10 10 4 1 -0.0589535
10 10 4 2 -0.0000000
10 10 4 3 0.0737356
10 10 4 4 0.3876371
10 10 5 0 0.0045749
10 10 5 1 -0.0675988
10 10 5 2 -0.0000000
10 10 5 3 0.0691606
10 10 5 4 0.0774850
10 10 5 5 0.4194351
10 10 6 0 0.0000000
10 10 6 1 -0.0000000
10 10 6 2 0.0398780
10 10 6 3 0.0000000
10 10 6 4 0.0000000
10 10 6 5 0.0000000
10 10 6 6 0.3085169
10 10 7 0 0.0014323
10 10 7 1 0.0023476
10 10 7 2 -0.0000000
10 10 7 3 0.0368495
10 10 7 4 0.0142839
10 10 7 5 0.0014003
10 10 7 6 -0.0000000
10 10 7 7 0.4644439
10 10 8 0 -0.0000000
10 10 8 1 -0.0000000
10 10 8 2 0.0645729
10 10 8 3 0.0000000
10 10 8 4 0.0000000
10 10 8 5 -0.0000000
10 10 8 6 0.0513215
10 10 8 7 -0.0000000
10 10 8 8 0.6110813
10 10 9 0 -0.0005261
10 10 9 1 -0.0039659
10 10 9 2 0.0000000
10 10 9 3 -0.0050695
10 10 9 4 -0.0158892
10 10 9 5 -0.0075507
10 10 9 6 -0.0000000
10 10 9 7 0.0004448
10 10 9 8 0.0000000
10 10 9 9 0.8412170
10 10 10 0 0.0010818
10 10 10 1 0.0530630
10 10 10 2 0.0000000
10 10 10 3 -0.0149716
10 10 10 4 -0.0003824
10 10 10 5 -0.0440143
10 10 10 6 -0.0000000
10 10 10 7 0.0676331
10 10 10 8 0.0000000
10 10 10 9 0.0389062
10 10 10 10 0.7072844
11 0 0 0 -0.0814060
11 0 1 0 0.0034229
11 0 1 1 -0.0069847
11 0 2 0 0.0000000
11 0 2 1 -0.0000000
11 0 2 2 -0.0006724
11 0 3 0 0.0029040
11 0 3 1 -0.0052759
11 0 3 2 -0.0000000
11 0 3 3 -0.0046641
11 0 4 0 -0.0029926
11 0 4 1 0.0034158
11 0 4 2 -0.0000000
11 0 4 3 0.0027841
11 0 4 4 -0.0036751
11 0 5 0 0.0051466
11 0 5 1 -0.0045170
11 0 5 2 0.0000000
11 0 5 3 -0.0058366
11 0 5 4 0.0035438
11 0 5 5 -0.0045919
11 0 6 0 0.0000000
11 0 6 1 -0.0000000
11 0 6 2 -0.0017047
11 0 6 3 -0.0000000
11 0 6 4 0.0000000
11 0 6 5 -0.0000000
11 0 6 6 0.0005587
11 0 7 0 -0.0111453
11 0 7 1 -0.0016334
11 0 7 2 0.0000000
11 0 7 3 -0.0024727
11 0 7 4 0.0015948
11 0 7 5 -0.0033419
11 0 7 6 -0.0000000
11 0 7 7 0.0064506
11 0 8 0 -0.0000000
11 0 8 1 -0.0000000
11 0 8 2 0.0001466
11 0 8 3 0.0000000
11 0 8 4 0.0000000
11 0 8 5 -0.0000000
11 0 8 6 0.0002336
11 0 8 7 -0.0000000
11 0 8 8 -0.0008643
11 0 9 0 -0.0001215
11 0 9 1 -0.0000938
11 0 9 2 -0.0000000
11 0 9 3 -0.0000627
11 0 9 4 0.0000201
11 0 9 5 -0.0000569
11 0 9 6 -0.0000000
11 0 9 7 0.0000475
11 0 9 8 0.0000000
11 0 9 9 -0.0008103
11 0 10 0 0.0026930
11 0 10 1 0.0010974
11 0 10 2 0.0000000
11 0 10 3 0.0004973
11 0 10 4 -0.0007417
11 0 10 5 0.0007628
11 0 10 6 0.0000000
11 0 10 7 -0.0020174
11 0 10 8 0.0000000
11 0 10 9 0.0000017
11 0 10 10 -0.0005745
11 0 11 0 0.0110482
11 0 11 1 0.0033408
11 0 11 2 0.0000000
11 0 11 3 0.0019831
11 0 11 4 -0.0024876
11 0 11 5 0.0035170
11 0 11 6 0.0000000
11 0 11 7 -0.0071454
11 0 11 8 -0.0000000
11 0 11 9 0.0000719
11 0 11 10 0.0010753
11 0 11 11 0.0067899
11 1 0 0 -0.0091284
11 1 1 0 -0.0018663
11 1 1 1 -0.0082641
11 1 2 0 0.0000000
11 1 2 1 0.0000000
11 1 2 2 0.0016825
11 1 3 0 -0.0050845
11 1 3 1 -0.0218870
11 1 3 2 -0.0000000
11 1 3 3 -0.0154417
11 1 4 0 0.0023012
11 1 4 1 0.0041407
11 1 4 2 -0.0000000
11 1 4 3 0.0146480
11 1 4 4 -0.0007920
11 1 5 0 0.0003323
11 1 5 1 -0.0080646
11 1 5 2 0.0000000
11 1 5 3 -0.0102701
11 1 5 4 0.0081300
11 1 5 5 0.0039922
11 1 6 0 0.0000000
11 1 6 1 -0.0000000
11 1 6 2 -0.0013327
11 1 6 3 -0.0000000
11 1 6 4 0.0000000
11 1 6 5 0.0000000
11 1 6 6 0.0000488
11 1 7 0 -0.0031373
11 1 7 1 -0.0020137
11 1 7 2 0.0000000
11 1 7 3 -0.0057887
11 1 7 4 -0.0089966
11 1 7 5 -0.0251721
11 1 7 6 -0.0000000
11 1 7 7 0.0120030
11 1 8 0 0.0000000
11 1 8 1 0.0000000
11 1 8 2 0.0000982
11 1 8 3 -0.0000000
11 1 8 4 0.0000000
11 1 8 5 -0.0000000
11 1 8 6 0.0016936
11 1 8 7 -0.0000000
11 1 8 8 0.0081987
11 1 9 0 -0.0000528
11 1 9 1 -0.0007209
11 1 9 2 -0.0000000
11 1 9 3 -0.0000539
11 1 9 4 0.0007803
11 1 9 5 0.0006401
11 1 9 6 0.0000000
11 1 9 7 -0.0003611
11 1 9 8 0.0000000
11 1 9 9 0.0086597
11 1 10 0 0.0008247
11 1 10 1 0.0037268
11 1 10 2 0.0000000
11 1 10 3 0.0001444
11 1 10 4 -0.0010033
11 1 10 5 0.0060597
11 1 10 6 0.0000000
11 1 10 7 -0.0119016
11 1 10 8 0.0000000
11 1 10 9 0.0020023
11 1 10 10 -0.0089779
11 1 11 0 0.0033408
11 1 11 1 0.0280901
11 1 11 2 0.0000000
11 1 11 3 -0.0100229
11 1 11 4 -0.0146767
11 1 11 5 0.0068333
11 1 11 6 0.0000000
11 1 11 7 -0.0005613
11 1 11 8 -0.0000000
11 1 11 9 0.0000270
11 1 11 10 -0.0066365
11 1 11 11 0.0196399
11 2 0 0 0.0000000
11 2 1 0 -0.0000000
11 2 1 1 -0.0000000
11 2 2 0 0.0047436
11 2 2 1 0.0177573
11 2 2 2 0.0000000
11 2 3 0 -0.0000000
11 2 3 1 -0.0000000
11 2 3 2 0.0093977
11 2 3 3 0.0000000
11 2 4 0 -0.0000000
11 2 4 1 -0.0000000
11 2 4 2 0.0085098
11 2 4 3 0.0000000
11 2 4 4 0.0000000
11 2 5 0 0.0000000
11 2 5 1 0.0000000
11 2 5 2 0.0053988
11 2 5 3 0.0000000
11 2 5 4 -0.0000000
11 2 5 5 0.0000000
11 2 6 0 -0.0066380
11 2 6 1 -0.0016070
11 2 6 2 0.0000000
11 2 6 3 -0.0091756
11 2 6 4 0.0127978
11 2 6 5 -0.0105258
11 2 6 6 -0.0000000
11 2 7 0 -0.0000000
11 2 7 1 0.0000000
11 2 7 2 -0.0167730
11 2 7 3 -0.0000000
11 2 7 4 -0.0000000
11 2 7 5 -0.0000000
11 2 7 6 0.0182196
11 2 7 7 0.0000000
11 2 8 0 -0.0001359
11 2 8 1 -0.0041253
11 2 8 2 -0.0000000
11 2 8 3 0.0009585
11 2 8 4 -0.0025981
11 2 8 5 0.0003876
11 2 8 6 0.0000000
11 2 8 7 0.0036287
11 2 8 8 0.0000000
11 2 9 0 0.0000000
11 2 9 1 -0.0000000
11 2 9 2 0.0000575
11 2 9 3 0.0000000
11 2 9 4 0.0000000
11 2 9 5 0.0000000
11 2 9 6 0.0000804
11 2 9 7 -0.0000000
11 2 9 8 -0.0005485
11 2 9 9 0.0000000
11 2 10 0 0.0000000
11 2 10 1 -0.0000000
11 2 10 2 0.0022984
11 2 10 3 -0.0000000
11 2 10 4 -0.0000000
11 2 10 5 0.0000000
11 2 10 6 -0.0054810
11 2 10 7 -0.0000000
11 2 10 8 -0.0035326
11 2 10 9 0.0000000
11 2 10 10 -0.0000000
11 2 11 0 0.0000000
11 2 11 1 0.0000000
11 2 11 2 0.0200822
11 2 11 3 -0.0000000
11 2 11 4 -0.0000000
11 2 11 5 0.0000000
11 2 11 6 -0.0166834
11 2 11 7 0.0000000
11 2 11 8 0.0007792
11 2 11 9 -0.0000000
11 2 11 10 -0.0000000
11 2 11 11 0.0000000
11 3 0 0 -0.0188265
11 3 1 0 -0.0039836
11 3 1 1 -0.0348798
11 3 2 0 -0.0000000
11 3 2 1 -0.0000000
11 3 2 2 -0.0131741
11 3 3 0 0.0035910
11 3 3 1 0.0036889
11 3 3 2 0.0000000
11 3 3 3 -0.0028639
11 3 4 0 0.0000895
11 3 4 1 0.0081939
11 3 4 2 0.0000000
11 3 4 3 -0.0097058
11 3 4 4 -0.0175204
11 3 5 0 -0.0080225
11 3 5 1 -0.0142283
11 3 5 2 0.0000000
11 3 5 3 -0.0076683
11 3 5 4 0.0079917
11 3 5 5 -0.0320236
11 3 6 0 -0.0000000
11 3 6 1 -0.0000000
11 3 6 2 -0.0063010
11 3 6 3 -0.0000000
11 3 6 4 0.0000000
11 3 6 5 -0.0000000
11 3 6 6 -0.0063188
11 3 7 0 -0.0019460
11 3 7 1 -0.0024397
11 3 7 2 0.0000000
11 3 7 3 -0.0158932
11 3 7 4 0.0149050
11 3 7 5 0.0185100
11 3 7 6 0.0000000
11 3 7 7 -0.0017180
11 3 8 0 -0.0000000
11 3 8 1 -0.0000000
11 3 8 2 0.0036807
11 3 8 3 0.0000000
11 3 8 4 -0.0000000
11 3 8 5 -0.0000000
11 3 8 6 0.0015844
11 3 8 7 0.0000000
11 3 8 8 -0.0099330
11 3 9 0 -0.0000629
11 3 9 1 -0.0002532
11 3 9 2 0.0000000
11 3 9 3 -0.0003889
11 3 9 4 -0.0010838
11 3 9 5 -0.0010763
11 3 9 6 -0.0000000
11 3 9 7 0.0008299
11 3 9 8 -0.0000000
11 3 9 9 -0.0001487
11 3 10 0 0.0006245
11 3 10 1 0.0045689
11 3 10 2 0.0000000
11 3 10 3 0.0038739
11 3 10 4 -0.0029518
11 3 10 5 -0.0064597
11 3 10 6 -0.0000000
11 3 10 7 0.0057867
11 3 10 8 -0.0000000
11 3 10 9 -0.0001761
11 3 10 10 0.0083992
11 3 11 0 0.0019831
11 3 11 1 -0.0100229
11 3 11 2 -0.0000000
11 3 11 3 0.0297564
11 3 11 4 0.0016522
11 3 11 5 -0.0044733
11 3 11 6 -0.0000000
11 3 11 7 -0.0061505
11 3 11 8 0.0000000
11 3 11 9 0.0004250
11 3 11 10 0.0027328
11 3 11 11 -0.0122756
11 4 0 0 -0.0082701
11 4 1 0 0.0026230
11 4 1 1 0.0081749
11 4 2 0 -0.0000000
11 4 2 1 -0.0000000
11 4 2 2 0.0016358
11 4 3 0 0.0012464
11 4 3 1 0.0094954
11 4 3 2 0.0000000
11 4 3 3 -0.0042895
11 4 4 0 -0.0012449
11 4 4 1 0.0007075
11 4 4 2 0.0000000
11 4 4 3 -0.0008554
11 4 4 4 0.0032964
11 4 5 0 0.0031365
11 4 5 1 0.0041855
11 4 5 2 -0.0000000
11 4 5 3 0.0097014
11 4 5 4 -0.0076979
11 4 5 5 -0.0005373
11 4 6 0 0.0000000
11 4 6 1 0.0000000
11 4 6 2 0.0068593
11 4 6 3 0.0000000
11 4 6 4 -0.0000000
11 4 6 5 0.0000000
11 4 6 6 -0.0016724
11 4 7 0 0.0024927
11 4 7 1 -0.0047477
11 4 7 2 0.0000000
11 4 7 3 0.0142011
11 4 7 4 0.0090969
11 4 7 5 0.0143160
11 4 7 6 0.0000000
11 4 7 7 -0.0122540
11 4 8 0 0.0000000
11 4 8 1 0.0000000
11 4 8 2 -0.0009423
11 4 8 3 -0.0000000
11 4 8 4 -0.0000000
11 4 8 5 0.0000000
11 4 8 6 -0.0018119
11 4 8 7 0.0000000
11 4 8 8 -0.0006500
11 4 9 0 0.0000221
11 4 9 1 0.0007500
11 4 9 2 0.0000000
11 4 9 3 -0.0001457
11 4 9 4 -0.0009968
11 4 9 5 -0.0010690
11 4 9 6 -0.0000000
11 4 9 7 0.0013142
11 4 9 8 0.0000000
11 4 9 9 0.0030718
11 4 10 0 -0.0005345
11 4 10 1 -0.0004433
11 4 10 2 -0.0000000
11 4 10 3 -0.0003211
11 4 10 4 0.0024339
11 4 10 5 -0.0021448
11 4 10 6 -0.0000000
11 4 10 7 0.0191176
11 4 10 8 -0.0000000
11 4 10 9 -0.0006032
11 4 10 10 0.0164309
11 4 11 0 -0.0024876
11 4 11 1 -0.0146767
11 4 11 2 -0.0000000
11 4 11 3 0.0016522
11 4 11 4 0.0177026
11 4 11 5 0.0073605
11 4 11 6 0.0000000
11 4 11 7 0.0046940
11 4 11 8 0.0000000
11 4 11 9 0.0009103
11 4 11 10 0.0087613
11 4 11 11 -0.0195060
11 5 0 0 0.0088724
11 5 1 0 -0.0011416
11 5 1 1 0.0000414
11 5 2 0 0.0000000
11 5 2 1 0.0000000
11 5 2 2 0.0044200
11 5 3 0 -0.0077144
11 5 3 1 -0.0135595
11 5 3 2 0.0000000
11 5 3 3 -0.0176307
11 5 4 0 0.0031003
11 5 4 1 0.0047482
11 5 4 2 0.0000000
11 5 4 3 0.0128326
11 5 4 4 -0.0039363
11 5 5 0 0.0027532
11 5 5 1 0.0021629
11 5 5 2 0.0000000
11 5 5 3 -0.0082717
11 5 5 4 -0.0003976
11 5 5 5 0.0094808
11 5 6 0 -0.0000000
11 5 6 1 -0.0000000
11 5 6 2 -0.0013572
11 5 6 3 -0.0000000
11 5 6 4 0.0000000
11 5 6 5 -0.0000000
11 5 6 6 0.0032571
11 5 7 0 -0.0031861
11 5 7 1 -0.0142607
11 5 7 2 -0.0000000
11 5 7 3 0.0138600
11 5 7 4 0.0092331
11 5 7 5 -0.0090447
11 5 7 6 0.0000000
11 5 7 7 0.0096512
11 5 8 0 -0.0000000
11 5 8 1 -0.0000000
11 5 8 2 -0.0005060
11 5 8 3 0.0000000
11 5 8 4 0.0000000
11 5 8 5 0.0000000
11 5 8 6 0.0002829
11 5 8 7 -0.0000000
11 5 8 8 0.0023841
11 5 9 0 -0.0000227
11 5 9 1 0.0003166
11 5 9 2 0.0000000
11 5 9 3 -0.0004016
11 5 9 4 -0.0009524
11 5 9 5 -0.0010287
11 5 9 6 -0.0000000
11 5 9 7 0.0013934
11 5 9 8 -0.0000000
11 5 9 9 0.0066652
11 5 10 0 0.0008535
11 5 10 1 0.0058811
11 5 10 2 0.0000000
11 5 10 3 -0.0021811
11 5 10 4 -0.0011014
11 5 10 5 0.0012925
11 5 10 6 -0.0000000
11 5 10 7 0.0078684
11 5 10 8 0.0000000
11 5 10 9 -0.0004483
11 5 10 10 0.0188654
11 5 11 0 0.0035170
11 5 11 1 0.0068333
11 5 11 2 0.0000000
11 5 11 3 -0.0044733
11 5 11 4 0.0073605
11 5 11 5 0.0295966
11 5 11 6 0.0000000
11 5 11 7 -0.0122286
11 5 11 8 -0.0000000
11 5 11 9 0.0013441
11 5 11 10 0.0065715
11 5 11 11 0.0093958
11 6 0 0 0.0000000
11 6 1 0 -0.0000000
11 6 1 1 0.0000000
11 6 2 0 -0.0057718
11 6 2 1 -0.0184600
11 6 2 2 0.0000000
11 6 3 0 -0.0000000
11 6 3 1 -0.0000000
11 6 3 2 -0.0122737
11 6 3 3 -0.0000000
11 6 4 0 0.0000000
11 6 4 1 0.0000000
11 6 4 2 -0.0067151
11 6 4 3 0.0000000
11 6 4 4 -0.0000000
11 6 5 0 -0.0000000
11 6 5 1 0.0000000
11 6 5 2 -0.0057819
11 6 5 3 -0.0000000
11 6 5 4 0.0000000
11 6 5 5 -0.0000000
11 6 6 0 0.0079864
11 6 6 1 0.0011848
11 6 6 2 -0.0000000
11 6 6 3 0.0114581
11 6 6 4 -0.0143107
11 6 6 5 0.0104368
11 6 6 6 0.0000000
11 6 7 0 -0.0000000
11 6 7 1 -0.0000000
11 6 7 2 0.0186404
11 6 7 3 0.0000000
11 6 7 4 -0.0000000
11 6 7 5 0.0000000
11 6 7 6 -0.0180477
11 6 7 7 0.0000000
11 6 8 0 0.0001348
11 6 8 1 0.0054521
11 6 8 2 0.0000000
11 6 8 3 -0.0015109
11 6 8 4 -0.0001753
11 6 8 5 -0.0037047
11 6 8 6 -0.0000000
11 6 8 7 0.0021198
11 6 8 8 0.0000000
11 6 9 0 -0.0000000
11 6 9 1 0.0000000
11 6 9 2 -0.0003741
11 6 9 3 -0.0000000
11 6 9 4 -0.0000000
11 6 9 5 -0.0000000
11 6 9 6 -0.0004809
11 6 9 7 0.0000000
11 6 9 8 0.0001188
11 6 9 9 0.0000000
11 6 10 0 0.0000000
11 6 10 1 0.0000000
11 6 10 2 -0.0048194
11 6 10 3 -0.0000000
11 6 10 4 -0.0000000
11 6 10 5 -0.0000000
11 6 10 6 0.0037230
11 6 10 7 0.0000000
11 6 10 8 -0.0086075
11 6 10 9 -0.0000000
11 6 10 10 0.0000000
11 6 11 0 0.0000000
11 6 11 1 0.0000000
11 6 11 2 -0.0166834
11 6 11 3 -0.0000000
11 6 11 4 0.0000000
11 6 11 5 0.0000000
11 6 11 6 0.0209081
11 6 11 7 -0.0000000
11 6 11 8 0.0058467
11 6 11 9 0.0000000
11 6 11 10 0.0000000
11 6 11 11 0.0000000
11 7 0 0 -0.2545680
11 7 1 0 0.0093684
11 7 1 1 -0.0133221
11 7 2 0 0.0000000
11 7 2 1 0.0000000
11 7 2 2 -0.0787344
11 7 3 0 0.0045338
11 7 3 1 -0.0358818
11 7 3 2 0.0000000
11 7 3 3 -0.1018504
11 7 4 0 -0.0045580
11 7 4 1 -0.0246799
11 7 4 2 0.0000000
11 7 4 3 0.0727967
11 7 4 4 0.0196949
11 7 5 0 0.0108911
11 7 5 1 -0.0857660
11 7 5 2 -0.0000000
11 7 5 3 0.0712297
11 7 5 4 0.0473156
11 7 5 5 -0.0258150
11 7 6 0 0.0000000
11 7 6 1 -0.0000000
11 7 6 2 0.0863810
11 7 6 3 0.0000000
11 7 6 4 0.0000000
11 7 6 5 0.0000000
11 7 6 6 -0.0873606
11 7 7 0 0.0073433
11 7 7 1 0.0051038
11 7 7 2 -0.0000000
11 7 7 3 0.0264884
11 7 7 4 -0.0107594
11 7 7 5 0.0011396
11 7 7 6 0.0000000
11 7 7 7 0.0050324
11 7 8 0 -0.0000000
11 7 8 1 -0.0000000
11 7 8 2 0.0366311
11 7 8 3 0.0000000
11 7 8 4 0.0000000
11 7 8 5 -0.0000000
11 7 8 6 0.0218162
11 7 8 7 0.0000000
11 7 8 8 0.1510897
11 7 9 0 -0.0004468
11 7 9 1 -0.0035338
11 7 9 2 -0.0000000
11 7 9 3 -0.0011734
11 7 9 4 -0.0051097
11 7 9 5 -0.0017594
11 7 9 6 -0.0000000
11 7 9 7 -0.0011144
11 7 9 8 0.0000000
11 7 9 9 0.2608285
11 7 10 0 -0.0005056
11 7 10 1 0.0164075
11 7 10 2 0.0000000
11 7 10 3 -0.0054613
11 7 10 4 0.0085174
11 7 10 5 -0.0078453
11 7 10 6 -0.0000000
11 7 10 7 0.0287847
11 7 10 8 0.0000000
11 7 10 9 0.0193252
11 7 10 10 0.1626473
11 7 11 0 -0.0071454
11 7 11 1 -0.0005613
11 7 11 2 0.0000000
11 7 11 3 -0.0061505
11 7 11 4 0.0046940
11 7 11 5 -0.0122286
11 7 11 6 -0.0000000
11 7 11 7 0.2035810
11 7 11 8 0.0000000
11 7 11 9 -0.0030652
11 7 11 10 -0.0593324
11 7 11 11 -0.0251514
11 8 0 0 0.0000000
11 8 1 0 0.0000000
11 8 1 1 0.0000000
11 8 2 0 -0.0005442
11 8 2 1 -0.0074634
11 8 2 2 -0.0000000
11 8 3 0 -0.0000000
11 8 3 1 -0.0000000
11 8 3 2 -0.0006577
11 8 3 3 -0.0000000
11 8 4 0 0.0000000
11 8 4 1 0.0000000
11 8 4 2 -0.0073215
11 8 4 3 -0.0000000
11 8 4 4 -0.0000000
11 8 5 0 -0.0000000
11 8 5 1 0.0000000
11 8 5 2 -0.0006323
11 8 5 3 -0.0000000
11 8 5 4 0.0000000
11 8 5 5 -0.0000000
11 8 6 0 0.0007451
11 8 6 1 -0.0031253
11 8 6 2 0.0000000
11 8 6 3 0.0003178
11 8 6 4 -0.0083949
11 8 6 5 0.0041862
11 8 6 6 0.0000000
11 8 7 0 -0.0000000
11 8 7 1 -0.0000000
11 8 7 2 0.0067119
11 8 7 3 0.0000000
11 8 7 4 0.0000000
11 8 7 5 -0.0000000
11 8 7 6 0.0017408
11 8 7 7 0.0000000
11 8 8 0 -0.0000803
11 8 8 1 0.0073801
11 8 8 2 0.0000000
11 8 8 3 -0.0036632
11 8 8 4 -0.0045538
11 8 8 5 -0.0105703
11 8 8 6 -0.0000000
11 8 8 7 0.0181299
11 8 8 8 0.0000000
11 8 9 0 0.0000000
11 8 9 1 0.0000000
11 8 9 2 -0.0006340
11 8 9 3 -0.0000000
11 8 9 4 -0.0000000
11 8 9 5 0.0000000
11 8 9 6 -0.0007511
11 8 9 7 -0.0000000
11 8 9 8 -0.0001755
11 8 9 9 -0.0000000
11 8 10 0 0.0000000
11 8 10 1 0.0000000
11 8 10 2 -0.0063472
11 8 10 3 -0.0000000
11 8 10 4 -0.0000000
11 8 10 5 0.0000000
11 8 10 6 -0.0042823
11 8 10 7 -0.0000000
11 8 10 8 -0.0253045
11 8 10 9 0.0000000
11 8 10 10 0.0000000
11 8 11 0 -0.0000000
11 8 11 1 -0.0000000
11 8 11 2 0.0007792
11 8 11 3 0.0000000
11 8 11 4 0.0000000
11 8 11 5 -0.0000000
11 8 11 6 0.0058467
11 8 11 7 0.0000000
11 8 11 8 0.0229396
11 8 11 9 -0.0000000
11 8 11 10 -0.0000000
11 8 11 11 0.0000000
11 9 0 0 -0.0046724
11 9 1 0 -0.0000713
11 9 1 1 -0.0061485
11 9 2 0 -0.0000000
11 9 2 1 -0.0000000
11 9 2 2 -0.0038138
11 9 3 0 -0.0000024
11 9 3 1 0.0010117
11 9 3 2 0.0000000
11 9 3 3 -0.0047510
11 9 4 0 0.0000081
11 9 4 1 0.0026279
11 9 4 2 0.0000000
11 9 4 3 -0.0018579
11 9 4 4 -0.0069187
11 9 5 0 -0.0000838
11 9 5 1 0.0012991
11 9 5 2 0.0000000
11 9 5 3 -0.0021303
11 9 5 4 -0.0030790
11 9 5 5 -0.0074508
11 9 6 0 -0.0000000
11 9 6 1 0.0000000
11 9 6 2 -0.0003874
11 9 6 3 -0.0000000
11 9 6 4 -0.0000000
11 9 6 5 -0.0000000
11 9 6 6 -0.0038025
11 9 7 0 -0.0000921
11 9 7 1 -0.0009364
11 9 7 2 -0.0000000
11 9 7 3 0.0000729
11 9 7 4 0.0010910
11 9 7 5 0.0008631
11 9 7 6 0.0000000
11 9 7 7 -0.0065729
11 9 8 0 0.0000000
11 9 8 1 0.0000000
11 9 8 2 -0.0012814
11 9 8 3 -0.0000000
11 9 8 4 -0.0000000
11 9 8 5 0.0000000
11 9 8 6 -0.0012292
11 9 8 7 -0.0000000
11 9 8 8 -0.0085153
11 9 9 0 0.0000580
11 9 9 1 -0.0002454
11 9 9 2 -0.0000000
11 9 9 3 0.0019522
11 9 9 4 0.0028172
11 9 9 5 0.0017614
11 9 9 6 0.0000000
11 9 9 7 0.0066747
11 9 9 8 -0.0000000
11 9 9 9 -0.0538242
11 9 10 0 0.0000286
11 9 10 1 0.0006884
11 9 10 2 0.0000000
11 9 10 3 -0.0003099
11 9 10 4 -0.0006272
11 9 10 5 -0.0003528
11 9 10 6 -0.0000000
11 9 10 7 -0.0007309
11 9 10 8 0.0000000
11 9 10 9 -0.0071200
11 9 10 10 -0.0059737
11 9 11 0 0.0000719
11 9 11 1 0.0000270
11 9 11 2 -0.0000000
11 9 11 3 0.0004250
11 9 11 4 0.0009103
11 9 11 5 0.0013441
11 9 11 6 0.0000000
11 9 11 7 -0.0030652
11 9 11 8 -0.0000000
11 9 11 9 0.0067783
11 9 11 10 -0.0001083
11 9 11 11 -0.0052262
11 10 0 0 0.0747351
11 10 1 0 -0.0015053
11 10 1 1 0.0237417
11 10 2 0 -0.0000000
11 10 2 1 -0.0000000
11 10 2 2 0.0306432
11 10 3 0 -0.0007790
11 10 3 1 0.0112552
11 10 3 2 -0.0000000
11 10 3 3 0.0385560
11 10 4 0 0.0008344
11 10 4 1 0.0033503
11 10 4 2 -0.0000000
11 10 4 3 -0.0154767
11 10 4 4 0.0130295
11 10 5 0 -0.0018363
11 10 5 1 0.0248366
11 10 5 2 0.0000000
11 10 5 3 -0.0141917
11 10 5 4 -0.0126952
11 10 5 5 0.0197354
11 10 6 0 -0.0000000
11 10 6 1 0.0000000
11 10 6 2 -0.0199338
11 10 6 3 -0.0000000
11 10 6 4 -0.0000000
11 10 6 5 -0.0000000
11 10 6 6 0.0326086
11 10 7 0 -0.0009567
11 10 7 1 -0.0035357
11 10 7 2 -0.0000000
11 10 7 3 0.0004663
11 10 7 4 0.0146667
11 10 7 5 0.0110567
11 10 7 6 0.0000000
11 10 7 7 0.0022261
11 10 8 0 0.0000000
11 10 8 1 0.0000000
11 10 8 2 -0.0150095
11 10 8 3 -0.0000000
11 10 8 4 -0.0000000
11 10 8 5 0.0000000
11 10 8 6 -0.0112540
11 10 8 7 -0.0000000
11 10 8 8 -0.0426908
11 10 9 0 0.0001561
11 10 9 1 0.0016089
11 10 9 2 0.0000000
11 10 9 3 0.0008920
11 10 9 4 0.0026219
11 10 9 5 0.0011479
11 10 9 6 0.0000000
11 10 9 7 0.0002473
11 10 9 8 -0.0000000
11 10 9 9 -0.0655088
11 10 10 0 0.0000062
11 10 10 1 -0.0153657
11 10 10 2 -0.0000000
11 10 10 3 0.0136101
11 10 10 4 0.0118435
11 10 10 5 0.0161729
11 10 10 6 0.0000000
11 10 10 7 0.0364451
11 10 10 8 0.0000000
11 10 10 9 -0.0031837
11 10 10 10 -0.0421696
11 10 11 0 0.0010753
11 10 11 1 -0.0066365
11 10 11 2 -0.0000000
11 10 11 3 0.0027328
11 10 11 4 0.0087613
11 10 11 5 0.0065715
11 10 11 6 0.0000000
11 10 11 7 -0.0593324
11 10 11 8 -0.0000000
11 10 11 9 -0.0001083
11 10 11 10 0.0530158
11 10 11 11 -0.0051728
11 11 0 0 0.5901269
11 11 1 0 -0.0064356
11 11 1 1 0.4418096
11 11 2 0 0.0000000
11 11 2 1 0.0000000
11 11 2 2 0.4179904
11 11 3 0 -0.0096410
11 11 3 1 -0.0378029
11 11 3 2 -0.0000000
11 11 3 3 0.4354505
11 11 4 0 0.0055383
11 11 4 1 -0.0480359
11 11 4 2 -0.0000000
11 11 4 3 0.0101946
11 11 4 4 0.4083397
11 11 5 0 -0.0039982
11 11 5 1 0.0333452
11 11 5 2 0.0000000
11 11 5 3 -0.0073438
11 11 5 4 0.0358985
11 11 5 5 0.4887909
11 11 6 0 -0.0000000
11 11 6 1 0.0000000
11 11 6 2 -0.0570301
11 11 6 3 -0.0000000
11 11 6 4 0.0000000
11 11 6 5 0.0000000
11 11 6 6 0.4229273
11 11 7 0 -0.0065618
11 11 7 1 0.0019939
11 11 7 2 -0.0000000
11 11 7 3 0.0006649
11 11 7 4 -0.0035256
11 11 7 5 -0.0287852
11 11 7 6 -0.0000000
11 11 7 7 0.5013993
11 11 8 0 -0.0000000
11 11 8 1 -0.0000000
11 11 8 2 0.0104741
11 11 8 3 0.0000000
11 11 8 4 0.0000000
11 11 8 5 -0.0000000
11 11 8 6 0.0196826
11 11 8 7 -0.0000000
11 11 8 8 0.4338917
11 11 9 0 0.0000682
11 11 9 1 -0.0000953
11 11 9 2 0.0000000
11 11 9 3 -0.0017015
11 11 9 4 -0.0039339
11 11 9 5 -0.0001209
11 11 9 6 0.0000000
11 11 9 7 0.0002550
11 11 9 8 0.0000000
11 11 9 9 0.5430553
11 11 10 0 0.0009730
11 11 10 1 -0.0024852
11 11 10 2 -0.0000000
11 11 10 3 0.0028328
11 11 10 4 0.0122017
11 11 10 5 0.0081848
11 11 10 6 0.0000000
11 11 10 7 -0.0364333
11 11 10 8 0.0000000
11 11 10 9 0.0272587
11 11 10 10 0.4103340
11 11 11 0 0.0067899
11 11 11 1 0.0196399
11 11 11 2 0.0000000
11 11 11 3 -0.0122756
11 11 11 4 -0.0195060
11 11 11 5 0.0093958
11 11 11 6 0.0000000
11 11 11 7 -0.0251514
11 11 11 8 0.0000000
11 11 11 9 -0.0052262
11 11 11 10 -0.0051728
11 11 11 11 0.5093196
