NMONOMER	1
NELEC	8
ENUC	7.676927
NBASIS	12
HOMO	2
LUMO	2
ENT	5
HF_ENERGY	-35.188165
ENERGIES
-10.779904
-0.738692
-0.318397
-0.154915
0.664223
0.864445
0.923808
849736.669518
965066.473000
996478.254808
1070621.160637
1118093.811475

OEI
-18.357813	
0.221300	-4.424468	
-0.000000	-0.000000	-3.946702	
-0.188742	0.151695	0.000000	-4.144197	
0.149258	-0.307576	0.000000	0.369941	-2.939999	
0.231370	-0.875828	-0.000000	-0.253916	-0.176314	-3.672404	
0.000000	0.000000	-0.775855	0.000000	0.000000	0.000000	-3.375857	
0.115871	0.054434	-0.000000	-0.034538	-0.005105	-0.015060	-0.000000	849733.097643	
-0.000000	0.000000	-0.131547	-0.000000	0.000000	-0.000000	0.019673	-0.000000	965063.628042	
-0.005001	-0.022967	-0.000000	-0.002661	0.002776	-0.013366	-0.000000	0.000991	-0.000000	996475.054520	
-0.037981	-0.196844	0.000000	-0.072447	-0.118606	0.135683	0.000000	0.146463	-0.000000	0.134366	1070618.633439	
0.112653	0.082787	-0.000000	-0.124317	-0.007391	0.001037	-0.000000	-0.835669	0.000000	0.037822	0.319379	1118090.136908	

ENV_OEI
-4.884692	
0.415670	-0.432302	
0.000000	-0.000000	-0.252618	
-0.367310	-0.054733	0.000000	-0.482705	
0.301010	-0.305832	-0.000000	-0.144033	-0.581665	
0.471715	-0.014596	-0.000000	0.222060	0.309813	-0.769349	
-0.000000	-0.000000	-0.102907	-0.000000	-0.000000	0.000000	-0.310206	
0.226093	0.021348	0.000000	-0.041063	-0.048962	0.003483	-0.000000	-0.520476	
-0.000000	-0.000000	0.148287	0.000000	0.000000	-0.000000	-0.138075	0.000000	-0.669690	
0.014991	-0.261895	-0.000000	-0.617801	-1.352007	0.964137	-0.000000	0.126729	0.000000	-18.484212	
-0.055998	0.046801	0.000000	0.011236	0.041551	-0.081788	0.000000	-0.235878	-0.000000	1.667714	-0.737209	
0.215196	0.015638	0.000000	0.040977	0.030101	-0.022060	0.000000	0.130840	-0.000000	0.177286	0.101781	-0.340527	

OVERLAP
1.000000	
0.248362	1.000000	
0.061767	0.488736	1.000000	
0.061767	0.488736	0.167856	1.000000	
0.000000	0.027047	0.038545	0.038545	1.000000	
0.027047	0.301519	0.378700	0.378700	0.248362	1.000000	
0.000000	0.000000	-0.155576	-0.155576	-0.015125	-0.113119	1.000000	
0.000000	0.000000	0.380474	-0.380474	0.000000	0.000000	0.000000	1.000000	
0.000000	0.000000	-0.219667	-0.219667	-0.042713	-0.319437	0.000000	0.000000	1.000000	
0.015125	0.113119	0.044121	0.044121	0.000000	0.000000	0.112775	0.000000	-0.151526	1.000000	
0.000000	0.000000	0.268260	-0.268260	0.000000	0.000000	0.000000	0.166433	0.000000	0.000000	1.000000	
0.042713	0.319437	0.279473	0.279473	0.000000	0.000000	-0.151526	0.000000	-0.261465	0.000000	0.000000	1.000000	

MOCOEFF
-0.996622	-0.016473	0.006511	0.006511	-0.001354	0.006659	0.027570	-0.000000	0.007765	-0.002281	0.000000	0.003206	
0.145883	-0.342816	-0.270118	-0.270118	0.027892	0.041277	0.324918	-0.000000	0.197887	-0.172600	0.000000	-0.283962	
0.000000	-0.000000	0.472029	-0.472029	0.000000	-0.000000	0.000000	0.579129	-0.000000	-0.000000	-0.349638	-0.000000	
-0.129376	0.536445	0.085883	0.085883	0.055516	-0.221376	-0.305780	0.000000	0.673144	-0.034625	-0.000000	-0.380129	
0.103815	-0.650597	0.902056	0.902056	0.117823	-0.702215	0.234023	-0.000000	-0.132967	-0.160423	-0.000000	-0.600321	
0.165473	-1.015037	0.410093	0.410093	-0.085879	0.524274	0.364406	0.000000	0.947390	0.285551	0.000000	0.692931	
-0.000000	0.000000	-0.934411	0.934411	0.000000	-0.000000	-0.000000	1.102754	-0.000000	-0.000000	0.317794	-0.000000	
0.084288	-0.388040	0.000000	0.000000	-0.012325	0.049401	-0.608823	-0.000000	0.000000	0.744813	-0.000000	-0.291146	
-0.000000	-0.000000	-0.000000	0.000000	-0.000000	0.000000	-0.000000	0.000000	0.000000	0.000000	1.000000	-0.000000	
-0.000564	0.002599	0.000000	0.000000	1.025611	-0.216380	0.004077	-0.000000	-0.000000	0.053739	0.000000	0.092871	
-0.018947	0.087225	0.000000	0.000000	-0.019715	-0.850780	0.136854	0.000000	0.000000	0.334096	0.000000	0.355391	
0.081637	-0.375837	0.000000	0.000000	0.011610	-0.229165	-0.589676	-0.000000	-0.000000	-0.509850	-0.000000	0.308002	

ERI
0 0 0 0 3.5233936
1 0 0 0 -0.1944156
1 0 1 0 0.0208973
1 0 1 1 0.0054582
1 1 0 0 0.6449358
1 1 1 0 0.0054582
1 1 1 1 0.5891797
2 0 0 0 -0.0000000
2 0 1 0 0.0000000
2 0 1 1 -0.0000000
2 0 2 0 0.0085548
2 0 2 1 0.0105649
2 0 2 2 0.0000000
2 1 0 0 0.0000000
2 1 1 0 -0.0000000
2 1 1 1 -0.0000000
2 1 2 0 0.0105649
2 1 2 1 0.1082692
2 1 2 2 0.0000000
2 2 0 0 0.6348874
2 2 1 0 -0.0004894
2 2 1 1 0.5105459
2 2 2 0 0.0000000
2 2 2 1 0.0000000
2 2 2 2 0.5335939
3 0 0 0 0.1690072
3 0 1 0 -0.0137035
3 0 1 1 0.0080580
3 0 2 0 -0.0000000
3 0 2 1 0.0000000
3 0 2 2 0.0038125
3 0 3 0 0.0250948
3 0 3 1 0.0084464
3 0 3 2 0.0000000
3 0 3 3 -0.0093047
3 1 0 0 -0.0665730
3 1 1 0 0.0011854
3 1 1 1 0.0171681
3 1 2 0 0.0000000
3 1 2 1 0.0000000
3 1 2 2 -0.0180822
3 1 3 0 0.0084464
3 1 3 1 0.0637299
3 1 3 2 0.0000000
3 1 3 3 -0.0479305
3 2 0 0 -0.0000000
3 2 1 0 0.0000000
3 2 1 1 0.0000000
3 2 2 0 -0.0064868
3 2 2 1 -0.0346825
3 2 2 2 -0.0000000
3 2 3 0 0.0000000
3 2 3 1 0.0000000
3 2 3 2 0.0326838
3 2 3 3 -0.0000000
3 3 0 0 0.7746868
3 3 1 0 -0.0061749
3 3 1 1 0.4892691
3 3 2 0 0.0000000
3 3 2 1 0.0000000
3 3 2 2 0.4766846
3 3 3 0 -0.0093047
3 3 3 1 -0.0479305
3 3 3 2 -0.0000000
3 3 3 3 0.6295198
4 0 0 0 -0.1366762
4 0 1 0 0.0129750
4 0 1 1 -0.0012493
4 0 2 0 -0.0000000
4 0 2 1 -0.0000000
4 0 2 2 -0.0019483
4 0 3 0 -0.0139953
4 0 3 1 -0.0018467
4 0 3 2 0.0000000
4 0 3 3 0.0005829
4 0 4 0 0.0099790
4 0 4 1 -0.0003641
4 0 4 2 0.0000000
4 0 4 3 -0.0009366
4 0 4 4 -0.0000170
4 1 0 0 0.0894268
4 1 1 0 0.0006398
4 1 1 1 0.0409802
4 1 2 0 -0.0000000
4 1 2 1 0.0000000
4 1 2 2 -0.0171368
4 1 3 0 0.0012204
4 1 3 1 0.0176713
4 1 3 2 -0.0000000
4 1 3 3 0.0567482
4 1 4 0 -0.0003641
4 1 4 1 0.0715570
4 1 4 2 -0.0000000
4 1 4 3 0.0087283
4 1 4 4 0.0056624
4 2 0 0 -0.0000000
4 2 1 0 0.0000000
4 2 1 1 0.0000000
4 2 2 0 -0.0013863
4 2 2 1 -0.0785539
4 2 2 2 -0.0000000
4 2 3 0 -0.0000000
4 2 3 1 -0.0000000
4 2 3 2 0.0147264
4 2 3 3 -0.0000000
4 2 4 0 0.0000000
4 2 4 1 -0.0000000
4 2 4 2 0.0878546
4 2 4 3 0.0000000
4 2 4 4 0.0000000
4 3 0 0 -0.1358212
4 3 1 0 0.0044664
4 3 1 1 0.0191808
4 3 2 0 0.0000000
4 3 2 1 -0.0000000
4 3 2 2 -0.0167040
4 3 3 0 0.0080997
4 3 3 1 0.0570656
4 3 3 2 0.0000000
4 3 3 3 -0.0848417
4 3 4 0 -0.0009366
4 3 4 1 0.0087283
4 3 4 2 0.0000000
4 3 4 3 0.0753806
4 3 4 4 0.0342629
4 4 0 0 0.4979993
4 4 1 0 0.0019978
4 4 1 1 0.5140572
4 4 2 0 -0.0000000
4 4 2 1 -0.0000000
4 4 2 2 0.4754633
4 4 3 0 0.0017586
4 4 3 1 0.0225021
4 4 3 2 0.0000000
4 4 3 3 0.4369614
4 4 4 0 -0.0000170
4 4 4 1 0.0056624
4 4 4 2 0.0000000
4 4 4 3 0.0342629
4 4 4 4 0.5224304
5 0 0 0 -0.2174468
5 0 1 0 0.0260128
5 0 1 1 0.0116015
5 0 2 0 0.0000000
5 0 2 1 0.0000000
5 0 2 2 0.0013474
5 0 3 0 -0.0067373
5 0 3 1 0.0072992
5 0 3 2 0.0000000
5 0 3 3 -0.0158542
5 0 4 0 0.0127152
5 0 4 1 0.0010400
5 0 4 2 0.0000000
5 0 4 3 0.0118743
5 0 4 4 0.0034990
5 0 5 0 0.0392459
5 0 5 1 0.0046137
5 0 5 2 0.0000000
5 0 5 3 -0.0045998
5 0 5 4 0.0027773
5 0 5 5 0.0103396
5 1 0 0 0.2597746
5 1 1 0 0.0002983
5 1 1 1 0.0712060
5 1 2 0 0.0000000
5 1 2 1 0.0000000
5 1 2 2 0.0651821
5 1 3 0 0.0080090
5 1 3 1 -0.0291608
5 1 3 2 -0.0000000
5 1 3 3 0.0868248
5 1 4 0 -0.0028447
5 1 4 1 0.0155189
5 1 4 2 -0.0000000
5 1 4 3 -0.0435939
5 1 4 4 -0.0003873
5 1 5 0 0.0046137
5 1 5 1 0.1015815
5 1 5 2 0.0000000
5 1 5 3 0.0370628
5 1 5 4 0.0374383
5 1 5 5 0.0863734
5 2 0 0 0.0000000
5 2 1 0 -0.0000000
5 2 1 1 0.0000000
5 2 2 0 0.0054298
5 2 2 1 0.0042438
5 2 2 2 0.0000000
5 2 3 0 0.0000000
5 2 3 1 -0.0000000
5 2 3 2 -0.0013489
5 2 3 3 0.0000000
5 2 4 0 -0.0000000
5 2 4 1 0.0000000
5 2 4 2 0.0168094
5 2 4 3 -0.0000000
5 2 4 4 0.0000000
5 2 5 0 0.0000000
5 2 5 1 0.0000000
5 2 5 2 0.0229418
5 2 5 3 0.0000000
5 2 5 4 -0.0000000
5 2 5 5 0.0000000
5 3 0 0 0.0922049
5 3 1 0 -0.0043755
5 3 1 1 -0.0191300
5 3 2 0 -0.0000000
5 3 2 1 -0.0000000
5 3 2 2 0.0153972
5 3 3 0 0.0023798
5 3 3 1 -0.0112988
5 3 3 2 -0.0000000
5 3 3 3 0.0397044
5 3 4 0 -0.0017821
5 3 4 1 -0.0176382
5 3 4 2 -0.0000000
5 3 4 3 -0.0375113
5 3 4 4 -0.0283210
5 3 5 0 -0.0045998
5 3 5 1 0.0370628
5 3 5 2 0.0000000
5 3 5 3 0.0560186
5 3 5 4 0.0205133
5 3 5 5 0.0002808
5 4 0 0 0.0544107
5 4 1 0 0.0010147
5 4 1 1 0.0106596
5 4 2 0 -0.0000000
5 4 2 1 0.0000000
5 4 2 2 0.0325322
5 4 3 0 0.0024241
5 4 3 1 -0.0308845
5 4 3 2 -0.0000000
5 4 3 3 -0.0056823
5 4 4 0 -0.0005039
5 4 4 1 -0.0401476
5 4 4 2 -0.0000000
5 4 4 3 -0.0271606
5 4 4 4 -0.0018450
5 4 5 0 0.0027773
5 4 5 1 0.0374383
5 4 5 2 -0.0000000
5 4 5 3 0.0205133
5 4 5 4 0.0572724
5 4 5 5 -0.0116478
5 5 0 0 0.7939567
5 5 1 0 -0.0001529
5 5 1 1 0.5750485
5 5 2 0 0.0000000
5 5 2 1 0.0000000
5 5 2 2 0.4967344
5 5 3 0 0.0185928
5 5 3 1 0.0365522
5 5 3 2 -0.0000000
5 5 3 3 0.5125726
5 5 4 0 -0.0064243
5 5 4 1 0.0671427
5 5 4 2 -0.0000000
5 5 4 3 0.0183844
5 5 4 4 0.4988770
5 5 5 0 0.0103396
5 5 5 1 0.0863734
5 5 5 2 0.0000000
5 5 5 3 0.0002808
5 5 5 4 -0.0116478
5 5 5 5 0.6285549
6 0 0 0 0.0000000
6 0 1 0 -0.0000000
6 0 1 1 -0.0000000
6 0 2 0 0.0129691
6 0 2 1 0.0143543
6 0 2 2 0.0000000
6 0 3 0 -0.0000000
6 0 3 1 0.0000000
6 0 3 2 -0.0092542
6 0 3 3 0.0000000
6 0 4 0 -0.0000000
6 0 4 1 -0.0000000
6 0 4 2 -0.0018507
6 0 4 3 0.0000000
6 0 4 4 -0.0000000
6 0 5 0 -0.0000000
6 0 5 1 -0.0000000
6 0 5 2 0.0072073
6 0 5 3 -0.0000000
6 0 5 4 -0.0000000
6 0 5 5 -0.0000000
6 0 6 0 0.0197793
6 0 6 1 0.0056264
6 0 6 2 0.0000000
6 0 6 3 -0.0104410
6 0 6 4 0.0099327
6 0 6 5 0.0099253
6 0 6 6 0.0000000
6 1 0 0 -0.0000000
6 1 1 0 0.0000000
6 1 1 1 0.0000000
6 1 2 0 0.0040852
6 1 2 1 -0.0292569
6 1 2 2 -0.0000000
6 1 3 0 -0.0000000
6 1 3 1 0.0000000
6 1 3 2 -0.0019862
6 1 3 3 -0.0000000
6 1 4 0 -0.0000000
6 1 4 1 -0.0000000
6 1 4 2 0.0495772
6 1 4 3 0.0000000
6 1 4 4 0.0000000
6 1 5 0 0.0000000
6 1 5 1 -0.0000000
6 1 5 2 0.0228250
6 1 5 3 -0.0000000
6 1 5 4 -0.0000000
6 1 5 5 -0.0000000
6 1 6 0 0.0056264
6 1 6 1 0.0408883
6 1 6 2 -0.0000000
6 1 6 3 -0.0102220
6 1 6 4 -0.0481907
6 1 6 5 -0.0178533
6 1 6 6 -0.0000000
6 2 0 0 0.2520328
6 2 1 0 -0.0059895
6 2 1 1 0.0140536
6 2 2 0 0.0000000
6 2 2 1 -0.0000000
6 2 2 2 0.0372350
6 2 3 0 0.0012481
6 2 3 1 -0.0258195
6 2 3 2 -0.0000000
6 2 3 3 0.1093577
6 2 4 0 -0.0029018
6 2 4 1 0.0412238
6 2 4 2 -0.0000000
6 2 4 3 -0.0516539
6 2 4 4 -0.0379024
6 2 5 0 -0.0081374
6 2 5 1 0.0684948
6 2 5 2 0.0000000
6 2 5 3 0.0361942
6 2 5 4 -0.0088498
6 2 5 5 0.0532617
6 2 6 0 0.0000000
6 2 6 1 -0.0000000
6 2 6 2 0.1204301
6 2 6 3 -0.0000000
6 2 6 4 -0.0000000
6 2 6 5 -0.0000000
6 2 6 6 0.0503346
6 3 0 0 -0.0000000
6 3 1 0 0.0000000
6 3 1 1 0.0000000
6 3 2 0 -0.0071511
6 3 2 1 -0.0209654
6 3 2 2 -0.0000000
6 3 3 0 0.0000000
6 3 3 1 0.0000000
6 3 3 2 0.0285665
6 3 3 3 -0.0000000
6 3 4 0 0.0000000
6 3 4 1 0.0000000
6 3 4 2 -0.0025733
6 3 4 3 0.0000000
6 3 4 4 0.0000000
6 3 5 0 0.0000000
6 3 5 1 -0.0000000
6 3 5 2 -0.0034590
6 3 5 3 -0.0000000
6 3 5 4 -0.0000000
6 3 5 5 0.0000000
6 3 6 0 -0.0104410
6 3 6 1 -0.0102220
6 3 6 2 -0.0000000
6 3 6 3 0.0325185
6 3 6 4 -0.0159280
6 3 6 5 -0.0042516
6 3 6 6 -0.0000000
6 4 0 0 -0.0000000
6 4 1 0 0.0000000
6 4 1 1 -0.0000000
6 4 2 0 0.0068887
6 4 2 1 0.0930460
6 4 2 2 0.0000000
6 4 3 0 -0.0000000
6 4 3 1 0.0000000
6 4 3 2 -0.0304626
6 4 3 3 -0.0000000
6 4 4 0 -0.0000000
6 4 4 1 0.0000000
6 4 4 2 -0.0895182
6 4 4 3 0.0000000
6 4 4 4 -0.0000000
6 4 5 0 0.0000000
6 4 5 1 -0.0000000
6 4 5 2 -0.0167594
6 4 5 3 -0.0000000
6 4 5 4 -0.0000000
6 4 5 5 0.0000000
6 4 6 0 0.0099327
6 4 6 1 -0.0481907
6 4 6 2 -0.0000000
6 4 6 3 -0.0159280
6 4 6 4 0.1089707
6 4 6 5 0.0542828
6 4 6 6 0.0000000
6 5 0 0 -0.0000000
6 5 1 0 -0.0000000
6 5 1 1 -0.0000000
6 5 2 0 0.0071869
6 5 2 1 0.0583140
6 5 2 2 0.0000000
6 5 3 0 -0.0000000
6 5 3 1 -0.0000000
6 5 3 2 -0.0116413
6 5 3 3 -0.0000000
6 5 4 0 -0.0000000
6 5 4 1 -0.0000000
6 5 4 2 -0.0455787
6 5 4 3 -0.0000000
6 5 4 4 -0.0000000
6 5 5 0 -0.0000000
6 5 5 1 -0.0000000
6 5 5 2 0.0039883
6 5 5 3 0.0000000
6 5 5 4 0.0000000
6 5 5 5 -0.0000000
6 5 6 0 0.0099253
6 5 6 1 -0.0178533
6 5 6 2 -0.0000000
6 5 6 3 -0.0042516
6 5 6 4 0.0542828
6 5 6 5 0.0414751
6 5 6 6 0.0000000
6 6 0 0 0.7285575
6 6 1 0 -0.0060058
6 6 1 1 0.4992879
6 6 2 0 -0.0000000
6 6 2 1 0.0000000
6 6 2 2 0.5299553
6 6 3 0 0.0043045
6 6 3 1 -0.0212234
6 6 3 2 -0.0000000
6 6 3 3 0.4988348
6 6 4 0 -0.0039158
6 6 4 1 -0.0163131
6 6 4 2 -0.0000000
6 6 4 3 -0.0315095
6 6 4 4 0.4769561
6 6 5 0 -0.0063551
6 6 5 1 0.0640766
6 6 5 2 0.0000000
6 6 5 3 0.0269358
6 6 5 4 0.0359901
6 6 5 5 0.5043255
6 6 6 0 0.0000000
6 6 6 1 -0.0000000
6 6 6 2 0.0503346
6 6 6 3 -0.0000000
6 6 6 4 0.0000000
6 6 6 5 0.0000000
6 6 6 6 0.5573897
7 0 0 0 -0.0850689
7 0 1 0 0.0038270
7 0 1 1 -0.0071321
7 0 2 0 0.0000000
7 0 2 1 -0.0000000
7 0 2 2 -0.0006790
7 0 3 0 -0.0034504
7 0 3 1 0.0050389
7 0 3 2 0.0000000
7 0 3 3 -0.0045270
7 0 4 0 0.0032621
7 0 4 1 -0.0034489
7 0 4 2 -0.0000000
7 0 4 3 0.0025091
7 0 4 4 -0.0036367
7 0 5 0 0.0053096
7 0 5 1 -0.0044128
7 0 5 2 -0.0000000
7 0 5 3 0.0057246
7 0 5 4 -0.0031693
7 0 5 5 -0.0046018
7 0 6 0 -0.0000000
7 0 6 1 -0.0000000
7 0 6 2 0.0016652
7 0 6 3 -0.0000000
7 0 6 4 -0.0000000
7 0 6 5 0.0000000
7 0 6 6 0.0006866
7 0 7 0 0.0112603
7 0 7 1 0.0015709
7 0 7 2 0.0000000
7 0 7 3 -0.0026443
7 0 7 4 0.0014246
7 0 7 5 0.0031119
7 0 7 6 -0.0000000
7 0 7 7 0.0059793
7 1 0 0 -0.0065418
7 1 1 0 -0.0010279
7 1 1 1 -0.0013242
7 1 2 0 -0.0000000
7 1 2 1 -0.0000000
7 1 2 2 0.0056959
7 1 3 0 0.0031106
7 1 3 1 0.0074919
7 1 3 2 0.0000000
7 1 3 3 -0.0107514
7 1 4 0 -0.0013644
7 1 4 1 -0.0074625
7 1 4 2 0.0000000
7 1 4 3 0.0065533
7 1 4 4 0.0013551
7 1 5 0 0.0004032
7 1 5 1 -0.0025133
7 1 5 2 -0.0000000
7 1 5 3 0.0051256
7 1 5 4 0.0012626
7 1 5 5 -0.0006513
7 1 6 0 -0.0000000
7 1 6 1 -0.0000000
7 1 6 2 -0.0023110
7 1 6 3 0.0000000
7 1 6 4 -0.0000000
7 1 6 5 -0.0000000
7 1 6 6 0.0046953
7 1 7 0 0.0015709
7 1 7 1 0.0099829
7 1 7 2 -0.0000000
7 1 7 3 0.0040389
7 1 7 4 0.0071254
7 1 7 5 0.0002083
7 1 7 6 -0.0000000
7 1 7 7 -0.0024779
7 2 0 0 0.0000000
7 2 1 0 -0.0000000
7 2 1 1 -0.0000000
7 2 2 0 0.0046182
7 2 2 1 0.0221938
7 2 2 2 0.0000000
7 2 3 0 0.0000000
7 2 3 1 0.0000000
7 2 3 2 -0.0104680
7 2 3 3 -0.0000000
7 2 4 0 -0.0000000
7 2 4 1 -0.0000000
7 2 4 2 -0.0131017
7 2 4 3 0.0000000
7 2 4 4 -0.0000000
7 2 5 0 0.0000000
7 2 5 1 -0.0000000
7 2 5 2 0.0040792
7 2 5 3 0.0000000
7 2 5 4 0.0000000
7 2 5 5 0.0000000
7 2 6 0 0.0068512
7 2 6 1 -0.0004480
7 2 6 2 -0.0000000
7 2 6 3 -0.0106081
7 2 6 4 0.0175997
7 2 6 5 0.0121883
7 2 6 6 0.0000000
7 2 7 0 0.0000000
7 2 7 1 -0.0000000
7 2 7 2 0.0174162
7 2 7 3 -0.0000000
7 2 7 4 -0.0000000
7 2 7 5 0.0000000
7 2 7 6 0.0157834
7 2 7 7 -0.0000000
7 3 0 0 -0.0085022
7 3 1 0 0.0042860
7 3 1 1 0.0264953
7 3 2 0 0.0000000
7 3 2 1 0.0000000
7 3 2 2 0.0018796
7 3 3 0 0.0025349
7 3 3 1 0.0038913
7 3 3 2 0.0000000
7 3 3 3 -0.0116289
7 3 4 0 0.0005915
7 3 4 1 0.0085702
7 3 4 2 0.0000000
7 3 4 3 0.0153715
7 3 4 4 0.0163777
7 3 5 0 0.0081391
7 3 5 1 0.0027451
7 3 5 2 0.0000000
7 3 5 3 -0.0193157
7 3 5 4 0.0023966
7 3 5 5 0.0220162
7 3 6 0 -0.0000000
7 3 6 1 0.0000000
7 3 6 2 -0.0158575
7 3 6 3 0.0000000
7 3 6 4 0.0000000
7 3 6 5 -0.0000000
7 3 6 6 -0.0056303
7 3 7 0 -0.0026443
7 3 7 1 0.0040389
7 3 7 2 -0.0000000
7 3 7 3 0.0266341
7 3 7 4 0.0016900
7 3 7 5 0.0006916
7 3 7 6 0.0000000
7 3 7 7 0.0049025
7 4 0 0 0.0072502
7 4 1 0 -0.0020086
7 4 1 1 -0.0065942
7 4 2 0 -0.0000000
7 4 2 1 -0.0000000
7 4 2 2 -0.0039198
7 4 3 0 0.0002130
7 4 3 1 0.0010807
7 4 3 2 0.0000000
7 4 3 3 0.0048507
7 4 4 0 -0.0008018
7 4 4 1 0.0010565
7 4 4 2 0.0000000
7 4 4 3 -0.0015210
7 4 4 4 -0.0043125
7 4 5 0 -0.0029933
7 4 5 1 -0.0021669
7 4 5 2 -0.0000000
7 4 5 3 0.0044769
7 4 5 4 -0.0051050
7 4 5 5 -0.0025989
7 4 6 0 -0.0000000
7 4 6 1 -0.0000000
7 4 6 2 0.0055279
7 4 6 3 0.0000000
7 4 6 4 -0.0000000
7 4 6 5 -0.0000000
7 4 6 6 0.0001685
7 4 7 0 0.0014246
7 4 7 1 0.0071254
7 4 7 2 -0.0000000
7 4 7 3 0.0016900
7 4 7 4 0.0172506
7 4 7 5 -0.0142708
7 4 7 6 0.0000000
7 4 7 7 0.0062582
7 5 0 0 0.0105492
7 5 1 0 -0.0012870
7 5 1 1 0.0020376
7 5 2 0 -0.0000000
7 5 2 1 -0.0000000
7 5 2 2 0.0049173
7 5 3 0 0.0078839
7 5 3 1 0.0191351
7 5 3 2 0.0000000
7 5 3 3 -0.0161928
7 5 4 0 -0.0028997
7 5 4 1 0.0004057
7 5 4 2 -0.0000000
7 5 4 3 0.0149220
7 5 4 4 -0.0003670
7 5 5 0 0.0033571
7 5 5 1 0.0009908
7 5 5 2 0.0000000
7 5 5 3 0.0063497
7 5 5 4 -0.0036376
7 5 5 5 0.0162878
7 5 6 0 0.0000000
7 5 6 1 0.0000000
7 5 6 2 0.0032246
7 5 6 3 -0.0000000
7 5 6 4 0.0000000
7 5 6 5 -0.0000000
7 5 6 6 0.0021781
7 5 7 0 0.0031119
7 5 7 1 0.0002083
7 5 7 2 0.0000000
7 5 7 3 0.0006916
7 5 7 4 -0.0142708
7 5 7 5 0.0332673
7 5 7 6 -0.0000000
7 5 7 7 0.0183441
7 6 0 0 -0.0000000
7 6 1 0 -0.0000000
7 6 1 1 -0.0000000
7 6 2 0 0.0054585
7 6 2 1 0.0131130
7 6 2 2 0.0000000
7 6 3 0 -0.0000000
7 6 3 1 -0.0000000
7 6 3 2 -0.0109595
7 6 3 3 0.0000000
7 6 4 0 -0.0000000
7 6 4 1 -0.0000000
7 6 4 2 -0.0016653
7 6 4 3 0.0000000
7 6 4 4 -0.0000000
7 6 5 0 0.0000000
7 6 5 1 -0.0000000
7 6 5 2 0.0062825
7 6 5 3 -0.0000000
7 6 5 4 -0.0000000
7 6 5 5 -0.0000000
7 6 6 0 0.0081624
7 6 6 1 0.0062259
7 6 6 2 0.0000000
7 6 6 3 -0.0128801
7 6 6 4 0.0075588
7 6 6 5 0.0068145
7 6 6 6 -0.0000000
7 6 7 0 -0.0000000
7 6 7 1 -0.0000000
7 6 7 2 0.0157834
7 6 7 3 0.0000000
7 6 7 4 0.0000000
7 6 7 5 -0.0000000
7 6 7 6 0.0206905
7 6 7 7 -0.0000000
7 7 0 0 0.5615208
7 7 1 0 -0.0067802
7 7 1 1 0.4308553
7 7 2 0 -0.0000000
7 7 2 1 0.0000000
7 7 2 2 0.4009065
7 7 3 0 0.0083998
7 7 3 1 0.0392224
7 7 3 2 0.0000000
7 7 3 3 0.4253039
7 7 4 0 -0.0050776
7 7 4 1 0.0525763
7 7 4 2 -0.0000000
7 7 4 3 0.0220755
7 7 4 4 0.4107885
7 7 5 0 -0.0046196
7 7 5 1 0.0139126
7 7 5 2 0.0000000
7 7 5 3 -0.0060072
7 7 5 4 -0.0473517
7 7 5 5 0.4838288
7 7 6 0 -0.0000000
7 7 6 1 0.0000000
7 7 6 2 0.0461047
7 7 6 3 0.0000000
7 7 6 4 0.0000000
7 7 6 5 -0.0000000
7 7 6 6 0.4145914
7 7 7 0 0.0059793
7 7 7 1 -0.0024779
7 7 7 2 -0.0000000
7 7 7 3 0.0049025
7 7 7 4 0.0062582
7 7 7 5 0.0183441
7 7 7 6 -0.0000000
7 7 7 7 0.5146546
8 0 0 0 -0.0000000
8 0 1 0 -0.0000000
8 0 1 1 -0.0000000
8 0 2 0 0.0002363
8 0 2 1 0.0003085
8 0 2 2 -0.0000000
8 0 3 0 0.0000000
8 0 3 1 0.0000000
8 0 3 2 -0.0001678
8 0 3 3 -0.0000000
8 0 4 0 -0.0000000
8 0 4 1 0.0000000
8 0 4 2 0.0000962
8 0 4 3 0.0000000
8 0 4 4 -0.0000000
8 0 5 0 0.0000000
8 0 5 1 -0.0000000
8 0 5 2 0.0002844
8 0 5 3 -0.0000000
8 0 5 4 -0.0000000
8 0 5 5 0.0000000
8 0 6 0 0.0003480
8 0 6 1 0.0002631
8 0 6 2 0.0000000
8 0 6 3 -0.0001934
8 0 6 4 0.0000447
8 0 6 5 0.0002123
8 0 6 6 -0.0000000
8 0 7 0 -0.0000000
8 0 7 1 -0.0000000
8 0 7 2 0.0001251
8 0 7 3 0.0000000
8 0 7 4 -0.0000000
8 0 7 5 0.0000000
8 0 7 6 0.0001605
8 0 7 7 0.0000000
8 0 8 0 0.0000107
8 0 8 1 -0.0000422
8 0 8 2 -0.0000000
8 0 8 3 -0.0000869
8 0 8 4 -0.0000846
8 0 8 5 0.0002155
8 0 8 6 0.0000000
8 0 8 7 -0.0000305
8 0 8 8 0.0000000
8 1 0 0 -0.0000000
8 1 1 0 -0.0000000
8 1 1 1 -0.0000000
8 1 2 0 0.0020342
8 1 2 1 0.0346452
8 1 2 2 0.0000000
8 1 3 0 0.0000000
8 1 3 1 0.0000000
8 1 3 2 -0.0063886
8 1 3 3 -0.0000000
8 1 4 0 -0.0000000
8 1 4 1 0.0000000
8 1 4 2 -0.0306948
8 1 4 3 -0.0000000
8 1 4 4 -0.0000000
8 1 5 0 0.0000000
8 1 5 1 -0.0000000
8 1 5 2 -0.0014335
8 1 5 3 -0.0000000
8 1 5 4 -0.0000000
8 1 5 5 0.0000000
8 1 6 0 0.0027378
8 1 6 1 -0.0165009
8 1 6 2 -0.0000000
8 1 6 3 -0.0025909
8 1 6 4 0.0351097
8 1 6 5 0.0193512
8 1 6 6 0.0000000
8 1 7 0 -0.0000000
8 1 7 1 -0.0000000
8 1 7 2 0.0067873
8 1 7 3 0.0000000
8 1 7 4 -0.0000000
8 1 7 5 0.0000000
8 1 7 6 0.0013200
8 1 7 7 0.0000000
8 1 8 0 -0.0000422
8 1 8 1 0.0258487
8 1 8 2 -0.0000000
8 1 8 3 0.0135015
8 1 8 4 0.0051501
8 1 8 5 -0.0257007
8 1 8 6 0.0000000
8 1 8 7 -0.0004398
8 1 8 8 0.0000000
8 2 0 0 0.0339941
8 2 1 0 0.0001626
8 2 1 1 0.0190763
8 2 2 0 0.0000000
8 2 2 1 0.0000000
8 2 2 2 0.0296745
8 2 3 0 0.0003022
8 2 3 1 -0.0115648
8 2 3 2 -0.0000000
8 2 3 3 0.0152636
8 2 4 0 -0.0000147
8 2 4 1 -0.0182470
8 2 4 2 -0.0000000
8 2 4 3 -0.0132203
8 2 4 4 0.0115613
8 2 5 0 0.0003599
8 2 5 1 0.0187166
8 2 5 2 0.0000000
8 2 5 3 0.0143313
8 2 5 4 0.0239352
8 2 5 5 0.0039862
8 2 6 0 0.0000000
8 2 6 1 -0.0000000
8 2 6 2 0.0024135
8 2 6 3 -0.0000000
8 2 6 4 -0.0000000
8 2 6 5 0.0000000
8 2 6 6 0.0299361
8 2 7 0 -0.0000084
8 2 7 1 0.0028089
8 2 7 2 0.0000000
8 2 7 3 -0.0031531
8 2 7 4 -0.0014871
8 2 7 5 -0.0011795
8 2 7 6 -0.0000000
8 2 7 7 -0.0210224
8 2 8 0 -0.0000000
8 2 8 1 -0.0000000
8 2 8 2 0.0216401
8 2 8 3 0.0000000
8 2 8 4 0.0000000
8 2 8 5 -0.0000000
8 2 8 6 -0.0163885
8 2 8 7 -0.0000000
8 2 8 8 -0.0598366
8 3 0 0 0.0000000
8 3 1 0 -0.0000000
8 3 1 1 -0.0000000
8 3 2 0 0.0003451
8 3 2 1 0.0086580
8 3 2 2 0.0000000
8 3 3 0 0.0000000
8 3 3 1 -0.0000000
8 3 3 2 -0.0000839
8 3 3 3 0.0000000
8 3 4 0 -0.0000000
8 3 4 1 -0.0000000
8 3 4 2 -0.0090772
8 3 4 3 -0.0000000
8 3 4 4 -0.0000000
8 3 5 0 0.0000000
8 3 5 1 0.0000000
8 3 5 2 0.0006275
8 3 5 3 0.0000000
8 3 5 4 0.0000000
8 3 5 5 0.0000000
8 3 6 0 0.0004363
8 3 6 1 -0.0050066
8 3 6 2 -0.0000000
8 3 6 3 0.0008380
8 3 6 4 0.0098352
8 3 6 5 0.0047458
8 3 6 6 0.0000000
8 3 7 0 -0.0000000
8 3 7 1 0.0000000
8 3 7 2 0.0016724
8 3 7 3 -0.0000000
8 3 7 4 -0.0000000
8 3 7 5 -0.0000000
8 3 7 6 0.0001333
8 3 7 7 -0.0000000
8 3 8 0 -0.0000869
8 3 8 1 0.0135015
8 3 8 2 0.0000000
8 3 8 3 0.0097649
8 3 8 4 0.0086122
8 3 8 5 -0.0167144
8 3 8 6 0.0000000
8 3 8 7 0.0011211
8 3 8 8 -0.0000000
8 4 0 0 -0.0000000
8 4 1 0 0.0000000
8 4 1 1 0.0000000
8 4 2 0 -0.0003283
8 4 2 1 -0.0128390
8 4 2 2 -0.0000000
8 4 3 0 -0.0000000
8 4 3 1 -0.0000000
8 4 3 2 0.0024343
8 4 3 3 -0.0000000
8 4 4 0 0.0000000
8 4 4 1 -0.0000000
8 4 4 2 0.0127821
8 4 4 3 0.0000000
8 4 4 4 0.0000000
8 4 5 0 -0.0000000
8 4 5 1 0.0000000
8 4 5 2 0.0063446
8 4 5 3 0.0000000
8 4 5 4 0.0000000
8 4 5 5 -0.0000000
8 4 6 0 -0.0005687
8 4 6 1 0.0092807
8 4 6 2 -0.0000000
8 4 6 3 0.0014337
8 4 6 4 -0.0144847
8 4 6 5 -0.0096313
8 4 6 6 -0.0000000
8 4 7 0 -0.0000000
8 4 7 1 0.0000000
8 4 7 2 -0.0017374
8 4 7 3 -0.0000000
8 4 7 4 0.0000000
8 4 7 5 -0.0000000
8 4 7 6 -0.0009821
8 4 7 7 -0.0000000
8 4 8 0 -0.0000846
8 4 8 1 0.0051501
8 4 8 2 0.0000000
8 4 8 3 0.0086122
8 4 8 4 0.0168924
8 4 8 5 -0.0120209
8 4 8 6 0.0000000
8 4 8 7 -0.0011802
8 4 8 8 -0.0000000
8 5 0 0 -0.0000000
8 5 1 0 0.0000000
8 5 1 1 0.0000000
8 5 2 0 -0.0004114
8 5 2 1 -0.0206404
8 5 2 2 -0.0000000
8 5 3 0 -0.0000000
8 5 3 1 -0.0000000
8 5 3 2 0.0040564
8 5 3 3 0.0000000
8 5 4 0 -0.0000000
8 5 4 1 -0.0000000
8 5 4 2 0.0253073
8 5 4 3 0.0000000
8 5 4 4 0.0000000
8 5 5 0 -0.0000000
8 5 5 1 0.0000000
8 5 5 2 0.0042738
8 5 5 3 -0.0000000
8 5 5 4 -0.0000000
8 5 5 5 -0.0000000
8 5 6 0 -0.0005903
8 5 6 1 0.0158556
8 5 6 2 0.0000000
8 5 6 3 0.0001294
8 5 6 4 -0.0285974
8 5 6 5 -0.0121239
8 5 6 6 -0.0000000
8 5 7 0 0.0000000
8 5 7 1 0.0000000
8 5 7 2 -0.0039517
8 5 7 3 -0.0000000
8 5 7 4 0.0000000
8 5 7 5 0.0000000
8 5 7 6 0.0012850
8 5 7 7 0.0000000
8 5 8 0 0.0002155
8 5 8 1 -0.0257007
8 5 8 2 -0.0000000
8 5 8 3 -0.0167144
8 5 8 4 -0.0120209
8 5 8 5 0.0332595
8 5 8 6 -0.0000000
8 5 8 7 0.0008040
8 5 8 8 0.0000000
8 6 0 0 0.0006245
8 6 1 0 -0.0002040
8 6 1 1 -0.0058130
8 6 2 0 -0.0000000
8 6 2 1 0.0000000
8 6 2 2 -0.0131349
8 6 3 0 0.0003261
8 6 3 1 0.0079341
8 6 3 2 -0.0000000
8 6 3 3 0.0020371
8 6 4 0 -0.0002510
8 6 4 1 0.0193399
8 6 4 2 -0.0000000
8 6 4 3 0.0071787
8 6 4 4 -0.0079999
8 6 5 0 -0.0000935
8 6 5 1 -0.0045160
8 6 5 2 0.0000000
8 6 5 3 -0.0074639
8 6 5 4 -0.0200728
8 6 5 5 0.0087181
8 6 6 0 -0.0000000
8 6 6 1 0.0000000
8 6 6 2 0.0104794
8 6 6 3 0.0000000
8 6 6 4 0.0000000
8 6 6 5 -0.0000000
8 6 6 6 -0.0156871
8 6 7 0 0.0001241
8 6 7 1 -0.0024391
8 6 7 2 -0.0000000
8 6 7 3 0.0015843
8 6 7 4 0.0006038
8 6 7 5 0.0032417
8 6 7 6 -0.0000000
8 6 7 7 0.0246278
8 6 8 0 0.0000000
8 6 8 1 0.0000000
8 6 8 2 -0.0163885
8 6 8 3 0.0000000
8 6 8 4 0.0000000
8 6 8 5 -0.0000000
8 6 8 6 0.0148739
8 6 8 7 -0.0000000
8 6 8 8 0.0424383
8 7 0 0 -0.0000000
8 7 1 0 -0.0000000
8 7 1 1 -0.0000000
8 7 2 0 0.0002612
8 7 2 1 0.0032393
8 7 2 2 0.0000000
8 7 3 0 0.0000000
8 7 3 1 0.0000000
8 7 3 2 -0.0013195
8 7 3 3 -0.0000000
8 7 4 0 -0.0000000
8 7 4 1 0.0000000
8 7 4 2 -0.0021035
8 7 4 3 -0.0000000
8 7 4 4 -0.0000000
8 7 5 0 0.0000000
8 7 5 1 -0.0000000
8 7 5 2 -0.0008184
8 7 5 3 -0.0000000
8 7 5 4 -0.0000000
8 7 5 5 0.0000000
8 7 6 0 0.0003322
8 7 6 1 -0.0021224
8 7 6 2 -0.0000000
8 7 6 3 -0.0003642
8 7 6 4 0.0025645
8 7 6 5 0.0025258
8 7 6 6 0.0000000
8 7 7 0 0.0000000
8 7 7 1 0.0000000
8 7 7 2 -0.0037110
8 7 7 3 -0.0000000
8 7 7 4 -0.0000000
8 7 7 5 0.0000000
8 7 7 6 0.0039149
8 7 7 7 -0.0000000
8 7 8 0 -0.0000305
8 7 8 1 -0.0004398
8 7 8 2 -0.0000000
8 7 8 3 0.0011211
8 7 8 4 -0.0011802
8 7 8 5 0.0008040
8 7 8 6 -0.0000000
8 7 8 7 0.0210483
8 7 8 8 -0.0000000
8 8 0 0 0.3245175
8 8 1 0 0.0029137
8 8 1 1 0.4362869
8 8 2 0 -0.0000000
8 8 2 1 0.0000000
8 8 2 2 0.3556821
8 8 3 0 0.0041062
8 8 3 1 0.0765829
8 8 3 2 0.0000000
8 8 3 3 0.3346382
8 8 4 0 -0.0005067
8 8 4 1 0.0578330
8 8 4 2 0.0000000
8 8 4 3 0.0865545
8 8 4 4 0.4463611
8 8 5 0 0.0068712
8 8 5 1 -0.0673427
8 8 5 2 -0.0000000
8 8 5 3 -0.0771665
8 8 5 4 -0.0754283
8 8 5 5 0.4676068
8 8 6 0 -0.0000000
8 8 6 1 0.0000000
8 8 6 2 -0.0511349
8 8 6 3 0.0000000
8 8 6 4 0.0000000
8 8 6 5 -0.0000000
8 8 6 6 0.3514418
8 8 7 0 -0.0014086
8 8 7 1 -0.0030534
8 8 7 2 -0.0000000
8 8 7 3 0.0300498
8 8 7 4 -0.0001809
8 8 7 5 0.0112840
8 8 7 6 -0.0000000
8 8 7 7 0.4670424
8 8 8 0 0.0000000
8 8 8 1 0.0000000
8 8 8 2 -0.0598366
8 8 8 3 -0.0000000
8 8 8 4 -0.0000000
8 8 8 5 0.0000000
8 8 8 6 0.0424383
8 8 8 7 -0.0000000
8 8 8 8 0.6728328
9 0 0 0 0.0028046
9 0 1 0 -0.0001017
9 0 1 1 0.0003687
9 0 2 0 -0.0000000
9 0 2 1 0.0000000
9 0 2 2 0.0003662
9 0 3 0 0.0001162
9 0 3 1 -0.0001923
9 0 3 2 -0.0000000
9 0 3 3 0.0005032
9 0 4 0 -0.0000843
9 0 4 1 0.0000341
9 0 4 2 -0.0000000
9 0 4 3 -0.0002595
9 0 4 4 0.0000944
9 0 5 0 -0.0001032
9 0 5 1 0.0004477
9 0 5 2 0.0000000
9 0 5 3 0.0001639
9 0 5 4 0.0002312
9 0 5 5 0.0004062
9 0 6 0 -0.0000000
9 0 6 1 -0.0000000
9 0 6 2 0.0002999
9 0 6 3 -0.0000000
9 0 6 4 -0.0000000
9 0 6 5 0.0000000
9 0 6 6 0.0004295
9 0 7 0 -0.0001227
9 0 7 1 -0.0000082
9 0 7 2 -0.0000000
9 0 7 3 -0.0000026
9 0 7 4 -0.0000103
9 0 7 5 -0.0000345
9 0 7 6 0.0000000
9 0 7 7 -0.0000327
9 0 8 0 -0.0000000
9 0 8 1 -0.0000000
9 0 8 2 0.0001454
9 0 8 3 0.0000000
9 0 8 4 0.0000000
9 0 8 5 -0.0000000
9 0 8 6 -0.0000807
9 0 8 7 -0.0000000
9 0 8 8 -0.0004260
9 0 9 0 0.0000059
9 0 9 1 -0.0000141
9 0 9 2 -0.0000000
9 0 9 3 -0.0000745
9 0 9 4 -0.0001609
9 0 9 5 0.0001147
9 0 9 6 -0.0000000
9 0 9 7 -0.0000186
9 0 9 8 0.0000000
9 0 9 9 -0.0027324
9 1 0 0 0.0047740
9 1 1 0 0.0000917
9 1 1 1 0.0028671
9 1 2 0 0.0000000
9 1 2 1 -0.0000000
9 1 2 2 0.0040851
9 1 3 0 -0.0000140
9 1 3 1 -0.0021774
9 1 3 2 -0.0000000
9 1 3 3 0.0020652
9 1 4 0 0.0000340
9 1 4 1 -0.0027869
9 1 4 2 0.0000000
9 1 4 3 -0.0025820
9 1 4 4 0.0006213
9 1 5 0 0.0001191
9 1 5 1 0.0031763
9 1 5 2 0.0000000
9 1 5 3 0.0021231
9 1 5 4 0.0041856
9 1 5 5 0.0004732
9 1 6 0 -0.0000000
9 1 6 1 -0.0000000
9 1 6 2 -0.0000162
9 1 6 3 -0.0000000
9 1 6 4 -0.0000000
9 1 6 5 0.0000000
9 1 6 6 0.0041453
9 1 7 0 -0.0000769
9 1 7 1 0.0003708
9 1 7 2 -0.0000000
9 1 7 3 0.0001338
9 1 7 4 0.0001796
9 1 7 5 -0.0006793
9 1 7 6 0.0000000
9 1 7 7 -0.0010128
9 1 8 0 -0.0000000
9 1 8 1 -0.0000000
9 1 8 2 0.0018366
9 1 8 3 0.0000000
9 1 8 4 0.0000000
9 1 8 5 0.0000000
9 1 8 6 -0.0014744
9 1 8 7 -0.0000000
9 1 8 8 -0.0031615
9 1 9 0 -0.0000141
9 1 9 1 0.0027612
9 1 9 2 0.0000000
9 1 9 3 0.0028578
9 1 9 4 0.0048507
9 1 9 5 -0.0051538
9 1 9 6 0.0000000
9 1 9 7 -0.0007251
9 1 9 8 0.0000000
9 1 9 9 0.0155288
9 2 0 0 0.0000000
9 2 1 0 -0.0000000
9 2 1 1 -0.0000000
9 2 2 0 0.0001392
9 2 2 1 0.0022063
9 2 2 2 0.0000000
9 2 3 0 0.0000000
9 2 3 1 0.0000000
9 2 3 2 -0.0006114
9 2 3 3 0.0000000
9 2 4 0 -0.0000000
9 2 4 1 0.0000000
9 2 4 2 -0.0022873
9 2 4 3 -0.0000000
9 2 4 4 -0.0000000
9 2 5 0 0.0000000
9 2 5 1 0.0000000
9 2 5 2 0.0000943
9 2 5 3 0.0000000
9 2 5 4 0.0000000
9 2 5 5 0.0000000
9 2 6 0 0.0001832
9 2 6 1 -0.0010021
9 2 6 2 -0.0000000
9 2 6 3 -0.0000453
9 2 6 4 0.0025356
9 2 6 5 0.0010874
9 2 6 6 0.0000000
9 2 7 0 -0.0000000
9 2 7 1 -0.0000000
9 2 7 2 0.0003675
9 2 7 3 0.0000000
9 2 7 4 0.0000000
9 2 7 5 -0.0000000
9 2 7 6 0.0000188
9 2 7 7 -0.0000000
9 2 8 0 -0.0000025
9 2 8 1 0.0018156
9 2 8 2 0.0000000
9 2 8 3 0.0011809
9 2 8 4 0.0011222
9 2 8 5 -0.0021354
9 2 8 6 0.0000000
9 2 8 7 0.0000249
9 2 8 8 -0.0000000
9 2 9 0 -0.0000000
9 2 9 1 0.0000000
9 2 9 2 0.0014127
9 2 9 3 0.0000000
9 2 9 4 0.0000000
9 2 9 5 -0.0000000
9 2 9 6 -0.0012587
9 2 9 7 -0.0000000
9 2 9 8 -0.0042473
9 2 9 9 0.0000000
9 3 0 0 0.0001444
9 3 1 0 -0.0000538
9 3 1 1 -0.0004508
9 3 2 0 -0.0000000
9 3 2 1 0.0000000
9 3 2 2 0.0005342
9 3 3 0 0.0000486
9 3 3 1 -0.0003551
9 3 3 2 -0.0000000
9 3 3 3 -0.0004671
9 3 4 0 -0.0000374
9 3 4 1 -0.0011727
9 3 4 2 -0.0000000
9 3 4 3 -0.0007245
9 3 4 4 -0.0008175
9 3 5 0 -0.0000398
9 3 5 1 0.0003298
9 3 5 2 -0.0000000
9 3 5 3 0.0007840
9 3 5 4 0.0009474
9 3 5 5 -0.0004452
9 3 6 0 0.0000000
9 3 6 1 -0.0000000
9 3 6 2 -0.0003268
9 3 6 3 -0.0000000
9 3 6 4 -0.0000000
9 3 6 5 0.0000000
9 3 6 6 0.0006118
9 3 7 0 0.0000505
9 3 7 1 -0.0000510
9 3 7 2 0.0000000
9 3 7 3 -0.0000400
9 3 7 4 -0.0000363
9 3 7 5 0.0002452
9 3 7 6 -0.0000000
9 3 7 7 0.0019463
9 3 8 0 0.0000000
9 3 8 1 0.0000000
9 3 8 2 -0.0005857
9 3 8 3 0.0000000
9 3 8 4 0.0000000
9 3 8 5 -0.0000000
9 3 8 6 0.0004299
9 3 8 7 0.0000000
9 3 8 8 0.0025242
9 3 9 0 -0.0000745
9 3 9 1 0.0028578
9 3 9 2 0.0000000
9 3 9 3 0.0042416
9 3 9 4 0.0077829
9 3 9 5 -0.0069770
9 3 9 6 0.0000000
9 3 9 7 0.0005825
9 3 9 8 -0.0000000
9 3 9 9 0.0634733
9 4 0 0 -0.0010698
9 4 1 0 0.0000144
9 4 1 1 -0.0014069
9 4 2 0 0.0000000
9 4 2 1 0.0000000
9 4 2 2 -0.0011314
9 4 3 0 -0.0000631
9 4 3 1 -0.0002644
9 4 3 2 -0.0000000
9 4 3 3 -0.0007214
9 4 4 0 0.0000027
9 4 4 1 0.0005352
9 4 4 2 -0.0000000
9 4 4 3 -0.0002041
9 4 4 4 -0.0018109
9 4 5 0 -0.0000054
9 4 5 1 -0.0003171
9 4 5 2 -0.0000000
9 4 5 3 -0.0005556
9 4 5 4 -0.0009931
9 4 5 5 -0.0000072
9 4 6 0 0.0000000
9 4 6 1 -0.0000000
9 4 6 2 0.0000731
9 4 6 3 0.0000000
9 4 6 4 0.0000000
9 4 6 5 -0.0000000
9 4 6 6 -0.0014104
9 4 7 0 -0.0000482
9 4 7 1 -0.0003736
9 4 7 2 -0.0000000
9 4 7 3 0.0008163
9 4 7 4 0.0004143
9 4 7 5 -0.0000350
9 4 7 6 0.0000000
9 4 7 7 0.0056835
9 4 8 0 0.0000000
9 4 8 1 0.0000000
9 4 8 2 -0.0029270
9 4 8 3 -0.0000000
9 4 8 4 -0.0000000
9 4 8 5 0.0000000
9 4 8 6 0.0024498
9 4 8 7 0.0000000
9 4 8 8 0.0082443
9 4 9 0 -0.0001609
9 4 9 1 0.0048507
9 4 9 2 0.0000000
9 4 9 3 0.0077829
9 4 9 4 0.0151481
9 4 9 5 -0.0129086
9 4 9 6 0.0000000
9 4 9 7 -0.0004536
9 4 9 8 -0.0000000
9 4 9 9 0.1485185
9 5 0 0 0.0031127
9 5 1 0 0.0000947
9 5 1 1 0.0028265
9 5 2 0 0.0000000
9 5 2 1 -0.0000000
9 5 2 2 0.0000532
9 5 3 0 0.0001193
9 5 3 1 0.0016293
9 5 3 2 0.0000000
9 5 3 3 0.0026664
9 5 4 0 0.0000025
9 5 4 1 0.0034594
9 5 4 2 0.0000000
9 5 4 3 0.0016875
9 5 4 4 0.0023827
9 5 5 0 0.0001832
9 5 5 1 0.0003029
9 5 5 2 0.0000000
9 5 5 3 -0.0010299
9 5 5 4 -0.0025551
9 5 5 5 0.0036741
9 5 6 0 -0.0000000
9 5 6 1 0.0000000
9 5 6 2 0.0017713
9 5 6 3 0.0000000
9 5 6 4 0.0000000
9 5 6 5 -0.0000000
9 5 6 6 -0.0002628
9 5 7 0 -0.0000401
9 5 7 1 -0.0002149
9 5 7 2 -0.0000000
9 5 7 3 -0.0003511
9 5 7 4 -0.0004630
9 5 7 5 0.0004832
9 5 7 6 -0.0000000
9 5 7 7 -0.0009959
9 5 8 0 -0.0000000
9 5 8 1 -0.0000000
9 5 8 2 0.0008207
9 5 8 3 -0.0000000
9 5 8 4 -0.0000000
9 5 8 5 0.0000000
9 5 8 6 -0.0002855
9 5 8 7 -0.0000000
9 5 8 8 -0.0032699
9 5 9 0 0.0001147
9 5 9 1 -0.0051538
9 5 9 2 -0.0000000
9 5 9 3 -0.0069770
9 5 9 4 -0.0129086
9 5 9 5 0.0120437
9 5 9 6 -0.0000000
9 5 9 7 0.0008985
9 5 9 8 0.0000000
9 5 9 9 -0.0968678
9 6 0 0 -0.0000000
9 6 1 0 0.0000000
9 6 1 1 -0.0000000
9 6 2 0 -0.0000654
9 6 2 1 -0.0020978
9 6 2 2 -0.0000000
9 6 3 0 -0.0000000
9 6 3 1 -0.0000000
9 6 3 2 0.0005453
9 6 3 3 -0.0000000
9 6 4 0 0.0000000
9 6 4 1 -0.0000000
9 6 4 2 0.0025578
9 6 4 3 -0.0000000
9 6 4 4 0.0000000
9 6 5 0 -0.0000000
9 6 5 1 0.0000000
9 6 5 2 0.0003321
9 6 5 3 0.0000000
9 6 5 4 -0.0000000
9 6 5 5 -0.0000000
9 6 6 0 -0.0000912
9 6 6 1 0.0014445
9 6 6 2 0.0000000
9 6 6 3 0.0000124
9 6 6 4 -0.0028734
9 6 6 5 -0.0011629
9 6 6 6 -0.0000000
9 6 7 0 0.0000000
9 6 7 1 0.0000000
9 6 7 2 -0.0004179
9 6 7 3 0.0000000
9 6 7 4 0.0000000
9 6 7 5 -0.0000000
9 6 7 6 -0.0000418
9 6 7 7 0.0000000
9 6 8 0 0.0000113
9 6 8 1 -0.0018923
9 6 8 2 -0.0000000
9 6 8 3 -0.0012121
9 6 8 4 -0.0009524
9 6 8 5 0.0023917
9 6 8 6 -0.0000000
9 6 8 7 -0.0001143
9 6 8 8 0.0000000
9 6 9 0 -0.0000000
9 6 9 1 0.0000000
9 6 9 2 -0.0012587
9 6 9 3 0.0000000
9 6 9 4 0.0000000
9 6 9 5 -0.0000000
9 6 9 6 0.0011445
9 6 9 7 -0.0000000
9 6 9 8 0.0036606
9 6 9 9 0.0000000
9 7 0 0 -0.0009786
9 7 1 0 0.0000862
9 7 1 1 0.0008759
9 7 2 0 0.0000000
9 7 2 1 0.0000000
9 7 2 2 0.0002507
9 7 3 0 -0.0000323
9 7 3 1 -0.0002322
9 7 3 2 0.0000000
9 7 3 3 -0.0003557
9 7 4 0 0.0000437
9 7 4 1 -0.0001792
9 7 4 2 0.0000000
9 7 4 3 -0.0001029
9 7 4 4 0.0003928
9 7 5 0 0.0000830
9 7 5 1 -0.0003420
9 7 5 2 -0.0000000
9 7 5 3 -0.0001349
9 7 5 4 0.0004196
9 7 5 5 0.0000930
9 7 6 0 -0.0000000
9 7 6 1 0.0000000
9 7 6 2 -0.0007375
9 7 6 3 -0.0000000
9 7 6 4 -0.0000000
9 7 6 5 0.0000000
9 7 6 6 0.0002457
9 7 7 0 -0.0000535
9 7 7 1 -0.0009201
9 7 7 2 -0.0000000
9 7 7 3 -0.0007927
9 7 7 4 -0.0018563
9 7 7 5 0.0014109
9 7 7 6 -0.0000000
9 7 7 7 -0.0001771
9 7 8 0 -0.0000000
9 7 8 1 -0.0000000
9 7 8 2 0.0002639
9 7 8 3 0.0000000
9 7 8 4 0.0000000
9 7 8 5 -0.0000000
9 7 8 6 -0.0003855
9 7 8 7 0.0000000
9 7 8 8 0.0000619
9 7 9 0 -0.0000186
9 7 9 1 -0.0007251
9 7 9 2 -0.0000000
9 7 9 3 0.0005825
9 7 9 4 -0.0004536
9 7 9 5 0.0008985
9 7 9 6 -0.0000000
9 7 9 7 0.0091562
9 7 9 8 0.0000000
9 7 9 9 -0.0149403
9 8 0 0 -0.0000000
9 8 1 0 -0.0000000
9 8 1 1 -0.0000000
9 8 2 0 0.0001044
9 8 2 1 0.0033077
9 8 2 2 0.0000000
9 8 3 0 0.0000000
9 8 3 1 0.0000000
9 8 3 2 -0.0000095
9 8 3 3 0.0000000
9 8 4 0 -0.0000000
9 8 4 1 0.0000000
9 8 4 2 -0.0020116
9 8 4 3 -0.0000000
9 8 4 4 -0.0000000
9 8 5 0 0.0000000
9 8 5 1 -0.0000000
9 8 5 2 -0.0016330
9 8 5 3 -0.0000000
9 8 5 4 -0.0000000
9 8 5 5 0.0000000
9 8 6 0 0.0001573
9 8 6 1 -0.0023985
9 8 6 2 -0.0000000
9 8 6 3 -0.0006935
9 8 6 4 0.0026574
9 8 6 5 0.0027896
9 8 6 6 0.0000000
9 8 7 0 -0.0000000
9 8 7 1 -0.0000000
9 8 7 2 0.0004573
9 8 7 3 0.0000000
9 8 7 4 -0.0000000
9 8 7 5 0.0000000
9 8 7 6 0.0000700
9 8 7 7 -0.0000000
9 8 8 0 -0.0000160
9 8 8 1 -0.0001455
9 8 8 2 -0.0000000
9 8 8 3 -0.0013821
9 8 8 4 -0.0042828
9 8 8 5 0.0013393
9 8 8 6 -0.0000000
9 8 8 7 0.0004312
9 8 8 8 -0.0000000
9 8 9 0 0.0000000
9 8 9 1 0.0000000
9 8 9 2 -0.0042473
9 8 9 3 -0.0000000
9 8 9 4 -0.0000000
9 8 9 5 0.0000000
9 8 9 6 0.0036606
9 8 9 7 0.0000000
9 8 9 8 0.0145315
9 8 9 9 -0.0000000
9 9 0 0 0.3431382
9 9 1 0 0.0035620
9 9 1 1 0.4971792
9 9 2 0 -0.0000000
9 9 2 1 0.0000000
9 9 2 2 0.3733950
9 9 3 0 0.0048015
9 9 3 1 0.1221927
9 9 3 2 0.0000000
9 9 3 3 0.3906651
9 9 4 0 -0.0009920
9 9 4 1 0.1326522
9 9 4 2 0.0000000
9 9 4 3 0.1565494
9 9 4 4 0.5577552
9 9 5 0 0.0084535
9 9 5 1 -0.1195890
9 9 5 2 -0.0000000
9 9 5 3 -0.1406989
9 9 5 4 -0.1839509
9 9 5 5 0.5916858
9 9 6 0 -0.0000000
9 9 6 1 0.0000000
9 9 6 2 -0.0548657
9 9 6 3 0.0000000
9 9 6 4 0.0000000
9 9 6 5 -0.0000000
9 9 6 6 0.3621746
9 9 7 0 -0.0020421
9 9 7 1 -0.0110614
9 9 7 2 -0.0000000
9 9 7 3 0.0462113
9 9 7 4 0.0062904
9 9 7 5 0.0164884
9 9 7 6 -0.0000000
9 9 7 7 0.6182421
9 9 8 0 0.0000000
9 9 8 1 0.0000000
9 9 8 2 -0.1093615
9 9 8 3 -0.0000000
9 9 8 4 -0.0000000
9 9 8 5 0.0000000
9 9 8 6 0.0891358
9 9 8 7 -0.0000000
9 9 8 8 0.8416888
9 9 9 0 -0.0027324
9 9 9 1 0.0155288
9 9 9 2 0.0000000
9 9 9 3 0.0634733
9 9 9 4 0.1485185
9 9 9 5 -0.0968678
9 9 9 6 0.0000000
9 9 9 7 -0.0149403
9 9 9 8 -0.0000000
9 9 9 9 3.4993864
10 0 0 0 0.0250966
10 0 1 0 -0.0010138
10 0 1 1 0.0027274
10 0 2 0 -0.0000000
10 0 2 1 0.0000000
10 0 2 2 0.0012604
10 0 3 0 0.0009617
10 0 3 1 -0.0015918
10 0 3 2 -0.0000000
10 0 3 3 0.0025123
10 0 4 0 -0.0008638
10 0 4 1 0.0009412
10 0 4 2 0.0000000
10 0 4 3 -0.0011943
10 0 4 4 0.0012499
10 0 5 0 -0.0013404
10 0 5 1 0.0021413
10 0 5 2 0.0000000
10 0 5 3 -0.0008805
10 0 5 4 0.0011899
10 0 5 5 0.0022958
10 0 6 0 0.0000000
10 0 6 1 -0.0000000
10 0 6 2 0.0004616
10 0 6 3 -0.0000000
10 0 6 4 -0.0000000
10 0 6 5 -0.0000000
10 0 6 6 0.0011024
10 0 7 0 -0.0027171
10 0 7 1 -0.0004149
10 0 7 2 -0.0000000
10 0 7 3 0.0005260
10 0 7 4 -0.0004477
10 0 7 5 -0.0007143
10 0 7 6 0.0000000
10 0 7 7 -0.0012117
10 0 8 0 -0.0000000
10 0 8 1 -0.0000000
10 0 8 2 0.0003534
10 0 8 3 0.0000000
10 0 8 4 0.0000000
10 0 8 5 -0.0000000
10 0 8 6 -0.0001903
10 0 8 7 -0.0000000
10 0 8 8 -0.0006591
10 0 9 0 0.0000359
10 0 9 1 0.0000599
10 0 9 2 0.0000000
10 0 9 3 -0.0000135
10 0 9 4 -0.0000133
10 0 9 5 0.0000247
10 0 9 6 -0.0000000
10 0 9 7 0.0000115
10 0 9 8 -0.0000000
10 0 9 9 -0.0008085
10 0 10 0 0.0006751
10 0 10 1 0.0005225
10 0 10 2 0.0000000
10 0 10 3 -0.0000882
10 0 10 4 0.0001860
10 0 10 5 0.0000555
10 0 10 6 0.0000000
10 0 10 7 -0.0000158
10 0 10 8 0.0000000
10 0 10 9 0.0000063
10 0 10 10 -0.0010837
10 1 0 0 0.0329354
10 1 1 0 0.0010075
10 1 1 1 0.0325927
10 1 2 0 0.0000000
10 1 2 1 0.0000000
10 1 2 2 0.0249175
10 1 3 0 -0.0006303
10 1 3 1 -0.0052248
10 1 3 2 -0.0000000
10 1 3 3 0.0253726
10 1 4 0 0.0005236
10 1 4 1 -0.0000981
10 1 4 2 0.0000000
10 1 4 3 -0.0035136
10 1 4 4 0.0256604
10 1 5 0 0.0010042
10 1 5 1 0.0115053
10 1 5 2 0.0000000
10 1 5 3 0.0007714
10 1 5 4 0.0082929
10 1 5 5 0.0218033
10 1 6 0 -0.0000000
10 1 6 1 -0.0000000
10 1 6 2 0.0004695
10 1 6 3 -0.0000000
10 1 6 4 -0.0000000
10 1 6 5 0.0000000
10 1 6 6 0.0250923
10 1 7 0 -0.0009424
10 1 7 1 0.0008939
10 1 7 2 0.0000000
10 1 7 3 0.0006684
10 1 7 4 -0.0003110
10 1 7 5 -0.0050718
10 1 7 6 0.0000000
10 1 7 7 -0.0024366
10 1 8 0 -0.0000000
10 1 8 1 -0.0000000
10 1 8 2 0.0115040
10 1 8 3 0.0000000
10 1 8 4 0.0000000
10 1 8 5 -0.0000000
10 1 8 6 -0.0091588
10 1 8 7 -0.0000000
10 1 8 8 -0.0116705
10 1 9 0 0.0001146
10 1 9 1 0.0010652
10 1 9 2 0.0000000
10 1 9 3 -0.0011949
10 1 9 4 -0.0035743
10 1 9 5 0.0020596
10 1 9 6 -0.0000000
10 1 9 7 0.0003170
10 1 9 8 -0.0000000
10 1 9 9 -0.0404315
10 1 10 0 0.0005225
10 1 10 1 0.0209135
10 1 10 2 0.0000000
10 1 10 3 0.0105086
10 1 10 4 0.0108688
10 1 10 5 -0.0198408
10 1 10 6 0.0000000
10 1 10 7 -0.0018763
10 1 10 8 0.0000000
10 1 10 9 0.0002071
10 1 10 10 -0.0529287
10 2 0 0 0.0000000
10 2 1 0 0.0000000
10 2 1 1 0.0000000
10 2 2 0 -0.0006431
10 2 2 1 0.0002408
10 2 2 2 0.0000000
10 2 3 0 -0.0000000
10 2 3 1 -0.0000000
10 2 3 2 0.0007208
10 2 3 3 0.0000000
10 2 4 0 0.0000000
10 2 4 1 0.0000000
10 2 4 2 -0.0009040
10 2 4 3 -0.0000000
10 2 4 4 0.0000000
10 2 5 0 0.0000000
10 2 5 1 0.0000000
10 2 5 2 -0.0015089
10 2 5 3 -0.0000000
10 2 5 4 0.0000000
10 2 5 5 0.0000000
10 2 6 0 -0.0009749
10 2 6 1 -0.0017615
10 2 6 2 -0.0000000
10 2 6 3 0.0016387
10 2 6 4 0.0007700
10 2 6 5 0.0002766
10 2 6 6 0.0000000
10 2 7 0 -0.0000000
10 2 7 1 0.0000000
10 2 7 2 -0.0032421
10 2 7 3 0.0000000
10 2 7 4 0.0000000
10 2 7 5 -0.0000000
10 2 7 6 -0.0032109
10 2 7 7 -0.0000000
10 2 8 0 0.0000878
10 2 8 1 -0.0001502
10 2 8 2 0.0000000
10 2 8 3 -0.0020696
10 2 8 4 -0.0042893
10 2 8 5 0.0038076
10 2 8 6 -0.0000000
10 2 8 7 0.0006894
10 2 8 8 -0.0000000
10 2 9 0 0.0000000
10 2 9 1 0.0000000
10 2 9 2 -0.0004715
10 2 9 3 -0.0000000
10 2 9 4 -0.0000000
10 2 9 5 0.0000000
10 2 9 6 0.0005607
10 2 9 7 0.0000000
10 2 9 8 0.0009310
10 2 9 9 -0.0000000
10 2 10 0 0.0000000
10 2 10 1 0.0000000
10 2 10 2 0.0070871
10 2 10 3 0.0000000
10 2 10 4 0.0000000
10 2 10 5 -0.0000000
10 2 10 6 -0.0042635
10 2 10 7 -0.0000000
10 2 10 8 -0.0232272
10 2 10 9 -0.0000000
10 2 10 10 -0.0000000
10 3 0 0 0.0102295
10 3 1 0 -0.0007041
10 3 1 1 0.0098039
10 3 2 0 -0.0000000
10 3 2 1 0.0000000
10 3 2 2 0.0086846
10 3 3 0 -0.0002482
10 3 3 1 0.0029739
10 3 3 2 0.0000000
10 3 3 3 0.0114694
10 3 4 0 -0.0001757
10 3 4 1 0.0013957
10 3 4 2 -0.0000000
10 3 4 3 0.0020458
10 3 4 4 0.0129828
10 3 5 0 -0.0012587
10 3 5 1 -0.0016459
10 3 5 2 -0.0000000
10 3 5 3 0.0010092
10 3 5 4 -0.0035763
10 3 5 5 0.0089145
10 3 6 0 0.0000000
10 3 6 1 0.0000000
10 3 6 2 0.0014038
10 3 6 3 0.0000000
10 3 6 4 0.0000000
10 3 6 5 -0.0000000
10 3 6 6 0.0104076
10 3 7 0 0.0004683
10 3 7 1 0.0016550
10 3 7 2 0.0000000
10 3 7 3 -0.0026098
10 3 7 4 0.0047941
10 3 7 5 -0.0047125
10 3 7 6 0.0000000
10 3 7 7 0.0065894
10 3 8 0 -0.0000000
10 3 8 1 -0.0000000
10 3 8 2 0.0029607
10 3 8 3 0.0000000
10 3 8 4 -0.0000000
10 3 8 5 -0.0000000
10 3 8 6 -0.0027337
10 3 8 7 0.0000000
10 3 8 8 0.0037771
10 3 9 0 0.0000306
10 3 9 1 -0.0000737
10 3 9 2 -0.0000000
10 3 9 3 -0.0010314
10 3 9 4 -0.0025021
10 3 9 5 0.0017556
10 3 9 6 -0.0000000
10 3 9 7 -0.0001604
10 3 9 8 0.0000000
10 3 9 9 -0.0088927
10 3 10 0 -0.0000882
10 3 10 1 0.0105086
10 3 10 2 0.0000000
10 3 10 3 0.0097164
10 3 10 4 0.0092352
10 3 10 5 -0.0133836
10 3 10 6 0.0000000
10 3 10 7 0.0092930
10 3 10 8 -0.0000000
10 3 10 9 -0.0011283
10 3 10 10 -0.0175939
10 4 0 0 0.0130716
10 4 1 0 0.0009768
10 4 1 1 0.0224151
10 4 2 0 0.0000000
10 4 2 1 0.0000000
10 4 2 2 0.0089785
10 4 3 0 0.0000738
10 4 3 1 0.0051097
10 4 3 2 -0.0000000
10 4 3 3 0.0149277
10 4 4 0 0.0002484
10 4 4 1 0.0121660
10 4 4 2 -0.0000000
10 4 4 3 0.0079692
10 4 4 4 0.0198518
10 4 5 0 0.0014638
10 4 5 1 0.0004766
10 4 5 2 0.0000000
10 4 5 3 -0.0080306
10 4 5 4 -0.0086721
10 4 5 5 0.0224587
10 4 6 0 0.0000000
10 4 6 1 0.0000000
10 4 6 2 0.0012483
10 4 6 3 0.0000000
10 4 6 4 0.0000000
10 4 6 5 -0.0000000
10 4 6 6 0.0067238
10 4 7 0 -0.0007755
10 4 7 1 0.0006947
10 4 7 2 0.0000000
10 4 7 3 0.0056435
10 4 7 4 0.0035228
10 4 7 5 -0.0030772
10 4 7 6 0.0000000
10 4 7 7 0.0176142
10 4 8 0 0.0000000
10 4 8 1 0.0000000
10 4 8 2 -0.0013547
10 4 8 3 -0.0000000
10 4 8 4 -0.0000000
10 4 8 5 0.0000000
10 4 8 6 0.0015081
10 4 8 7 0.0000000
10 4 8 8 0.0223675
10 4 9 0 0.0000356
10 4 9 1 -0.0007899
10 4 9 2 -0.0000000
10 4 9 3 -0.0016288
10 4 9 4 -0.0029576
10 4 9 5 0.0029233
10 4 9 6 -0.0000000
10 4 9 7 -0.0002316
10 4 9 8 0.0000000
10 4 9 9 0.0165054
10 4 10 0 0.0001860
10 4 10 1 0.0108688
10 4 10 2 0.0000000
10 4 10 3 0.0092352
10 4 10 4 0.0134791
10 4 10 5 -0.0146517
10 4 10 6 0.0000000
10 4 10 7 0.0120318
10 4 10 8 -0.0000000
10 4 10 9 -0.0031104
10 4 10 10 0.0003365
10 5 0 0 -0.0148112
10 5 1 0 0.0001586
10 5 1 1 -0.0210901
10 5 2 0 0.0000000
10 5 2 1 -0.0000000
10 5 2 2 -0.0174466
10 5 3 0 -0.0019483
10 5 3 1 -0.0066606
10 5 3 2 -0.0000000
10 5 3 3 -0.0096619
10 5 4 0 0.0006748
10 5 4 1 0.0011012
10 5 4 2 0.0000000
10 5 4 3 -0.0076612
10 5 4 4 -0.0239358
10 5 5 0 -0.0011289
10 5 5 1 -0.0003222
10 5 5 2 0.0000000
10 5 5 3 -0.0002273
10 5 5 4 -0.0004797
10 5 5 5 -0.0188490
10 5 6 0 -0.0000000
10 5 6 1 0.0000000
10 5 6 2 0.0035766
10 5 6 3 -0.0000000
10 5 6 4 -0.0000000
10 5 6 5 -0.0000000
10 5 6 6 -0.0180005
10 5 7 0 -0.0007222
10 5 7 1 -0.0042674
10 5 7 2 -0.0000000
10 5 7 3 -0.0028077
10 5 7 4 -0.0010151
10 5 7 5 -0.0025597
10 5 7 6 -0.0000000
10 5 7 7 -0.0066718
10 5 8 0 0.0000000
10 5 8 1 0.0000000
10 5 8 2 -0.0071301
10 5 8 3 -0.0000000
10 5 8 4 -0.0000000
10 5 8 5 0.0000000
10 5 8 6 0.0064422
10 5 8 7 -0.0000000
10 5 8 8 -0.0069053
10 5 9 0 -0.0000660
10 5 9 1 -0.0000210
10 5 9 2 0.0000000
10 5 9 3 0.0018857
10 5 9 4 0.0049018
10 5 9 5 -0.0032207
10 5 9 6 0.0000000
10 5 9 7 -0.0001308
10 5 9 8 -0.0000000
10 5 9 9 0.0289375
10 5 10 0 0.0000555
10 5 10 1 -0.0198408
10 5 10 2 -0.0000000
10 5 10 3 -0.0133836
10 5 10 4 -0.0146517
10 5 10 5 0.0266154
10 5 10 6 -0.0000000
10 5 10 7 -0.0031063
10 5 10 8 0.0000000
10 5 10 9 0.0002257
10 5 10 10 0.0431987
10 6 0 0 0.0000000
10 6 1 0 0.0000000
10 6 1 1 0.0000000
10 6 2 0 -0.0012964
10 6 2 1 -0.0086087
10 6 2 2 0.0000000
10 6 3 0 0.0000000
10 6 3 1 0.0000000
10 6 3 2 0.0035340
10 6 3 3 0.0000000
10 6 4 0 0.0000000
10 6 4 1 0.0000000
10 6 4 2 0.0064982
10 6 4 3 0.0000000
10 6 4 4 0.0000000
10 6 5 0 0.0000000
10 6 5 1 0.0000000
10 6 5 2 0.0007405
10 6 5 3 -0.0000000
10 6 5 4 -0.0000000
10 6 5 5 0.0000000
10 6 6 0 -0.0019707
10 6 6 1 0.0028542
10 6 6 2 0.0000000
10 6 6 3 0.0029925
10 6 6 4 -0.0088229
10 6 6 5 -0.0054282
10 6 6 6 0.0000000
10 6 7 0 0.0000000
10 6 7 1 0.0000000
10 6 7 2 -0.0043502
10 6 7 3 0.0000000
10 6 7 4 0.0000000
10 6 7 5 -0.0000000
10 6 7 6 -0.0047312
10 6 7 7 0.0000000
10 6 8 0 -0.0000969
10 6 8 1 -0.0031231
10 6 8 2 0.0000000
10 6 8 3 0.0004674
10 6 8 4 0.0043741
10 6 8 5 -0.0003642
10 6 8 6 0.0000000
10 6 8 7 -0.0013411
10 6 8 8 0.0000000
10 6 9 0 0.0000000
10 6 9 1 -0.0000000
10 6 9 2 0.0002933
10 6 9 3 -0.0000000
10 6 9 4 -0.0000000
10 6 9 5 0.0000000
10 6 9 6 -0.0002643
10 6 9 7 -0.0000000
10 6 9 8 -0.0014146
10 6 9 9 -0.0000000
10 6 10 0 0.0000000
10 6 10 1 0.0000000
10 6 10 2 -0.0042635
10 6 10 3 0.0000000
10 6 10 4 0.0000000
10 6 10 5 -0.0000000
10 6 10 6 0.0055855
10 6 10 7 0.0000000
10 6 10 8 0.0152062
10 6 10 9 -0.0000000
10 6 10 10 -0.0000000
10 7 0 0 -0.0551878
10 7 1 0 0.0026734
10 7 1 1 0.0069569
10 7 2 0 0.0000000
10 7 2 1 0.0000000
10 7 2 2 -0.0113664
10 7 3 0 -0.0015634
10 7 3 1 0.0047525
10 7 3 2 0.0000000
10 7 3 3 -0.0174691
10 7 4 0 0.0012551
10 7 4 1 0.0036129
10 7 4 2 0.0000000
10 7 4 3 0.0169347
10 7 4 4 0.0137507
10 7 5 0 0.0027620
10 7 5 1 -0.0185198
10 7 5 2 -0.0000000
10 7 5 3 -0.0204339
10 7 5 4 -0.0080215
10 7 5 5 -0.0029595
10 7 6 0 -0.0000000
10 7 6 1 0.0000000
10 7 6 2 -0.0229090
10 7 6 3 0.0000000
10 7 6 4 0.0000000
10 7 6 5 -0.0000000
10 7 6 6 -0.0153344
10 7 7 0 -0.0023878
10 7 7 1 0.0025881
10 7 7 2 -0.0000000
10 7 7 3 0.0159142
10 7 7 4 0.0179781
10 7 7 5 -0.0179097
10 7 7 6 0.0000000
10 7 7 7 -0.0054842
10 7 8 0 0.0000000
10 7 8 1 0.0000000
10 7 8 2 -0.0057239
10 7 8 3 -0.0000000
10 7 8 4 0.0000000
10 7 8 5 0.0000000
10 7 8 6 0.0005721
10 7 8 7 -0.0000000
10 7 8 8 0.0340599
10 7 9 0 -0.0000872
10 7 9 1 -0.0000767
10 7 9 2 0.0000000
10 7 9 3 0.0001016
10 7 9 4 0.0011818
10 7 9 5 -0.0009761
10 7 9 6 0.0000000
10 7 9 7 -0.0002962
10 7 9 8 -0.0000000
10 7 9 9 0.0632169
10 7 10 0 -0.0000158
10 7 10 1 -0.0018763
10 7 10 2 -0.0000000
10 7 10 3 0.0092930
10 7 10 4 0.0120318
10 7 10 5 -0.0031063
10 7 10 6 0.0000000
10 7 10 7 0.0750982
10 7 10 8 -0.0000000
10 7 10 9 -0.0038249
10 7 10 10 0.0676330
10 8 0 0 -0.0000000
10 8 1 0 -0.0000000
10 8 1 1 -0.0000000
10 8 2 0 0.0010421
10 8 2 1 0.0262527
10 8 2 2 0.0000000
10 8 3 0 0.0000000
10 8 3 1 0.0000000
10 8 3 2 -0.0043989
10 8 3 3 -0.0000000
10 8 4 0 -0.0000000
10 8 4 1 0.0000000
10 8 4 2 -0.0268954
10 8 4 3 -0.0000000
10 8 4 4 -0.0000000
10 8 5 0 0.0000000
10 8 5 1 -0.0000000
10 8 5 2 -0.0038393
10 8 5 3 -0.0000000
10 8 5 4 0.0000000
10 8 5 5 0.0000000
10 8 6 0 0.0012871
10 8 6 1 -0.0178638
10 8 6 2 -0.0000000
10 8 6 3 -0.0015767
10 8 6 4 0.0307561
10 8 6 5 0.0157565
10 8 6 6 0.0000000
10 8 7 0 -0.0000000
10 8 7 1 -0.0000000
10 8 7 2 0.0049207
10 8 7 3 0.0000000
10 8 7 4 0.0000000
10 8 7 5 -0.0000000
10 8 7 6 -0.0012652
10 8 7 7 0.0000000
10 8 8 0 -0.0004835
10 8 8 1 0.0207051
10 8 8 2 0.0000000
10 8 8 3 0.0166233
10 8 8 4 0.0146982
10 8 8 5 -0.0353499
10 8 8 6 0.0000000
10 8 8 7 0.0012063
10 8 8 8 -0.0000000
10 8 9 0 -0.0000000
10 8 9 1 -0.0000000
10 8 9 2 0.0025929
10 8 9 3 0.0000000
10 8 9 4 0.0000000
10 8 9 5 -0.0000000
10 8 9 6 -0.0032491
10 8 9 7 -0.0000000
10 8 9 8 0.0000316
10 8 9 9 0.0000000
10 8 10 0 0.0000000
10 8 10 1 0.0000000
10 8 10 2 -0.0232272
10 8 10 3 -0.0000000
10 8 10 4 -0.0000000
10 8 10 5 0.0000000
10 8 10 6 0.0152062
10 8 10 7 -0.0000000
10 8 10 8 0.1090359
10 8 10 9 0.0000000
10 8 10 10 0.0000000
10 9 0 0 -0.0125060
10 9 1 0 -0.0002142
10 9 1 1 -0.0231552
10 9 2 0 0.0000000
10 9 2 1 -0.0000000
10 9 2 2 -0.0136973
10 9 3 0 -0.0003746
10 9 3 1 -0.0106692
10 9 3 2 -0.0000000
10 9 3 3 -0.0180273
10 9 4 0 0.0001233
10 9 4 1 -0.0136256
10 9 4 2 -0.0000000
10 9 4 3 -0.0145440
10 9 4 4 -0.0316780
10 9 5 0 -0.0006195
10 9 5 1 0.0098641
10 9 5 2 0.0000000
10 9 5 3 0.0123364
10 9 5 4 0.0194813
10 9 5 5 -0.0339856
10 9 6 0 0.0000000
10 9 6 1 -0.0000000
10 9 6 2 0.0027648
10 9 6 3 -0.0000000
10 9 6 4 -0.0000000
10 9 6 5 0.0000000
10 9 6 6 -0.0123695
10 9 7 0 0.0001054
10 9 7 1 0.0010971
10 9 7 2 0.0000000
10 9 7 3 -0.0030772
10 9 7 4 -0.0005715
10 9 7 5 -0.0016991
10 9 7 6 0.0000000
10 9 7 7 -0.0335518
10 9 8 0 -0.0000000
10 9 8 1 -0.0000000
10 9 8 2 0.0096692
10 9 8 3 0.0000000
10 9 8 4 0.0000000
10 9 8 5 -0.0000000
10 9 8 6 -0.0088195
10 9 8 7 0.0000000
10 9 8 8 -0.0496115
10 9 9 0 0.0002713
10 9 9 1 -0.0040335
10 9 9 2 -0.0000000
10 9 9 3 -0.0082795
10 9 9 4 -0.0179207
10 9 9 5 0.0135863
10 9 9 6 -0.0000000
10 9 9 7 0.0036630
10 9 9 8 0.0000000
10 9 9 9 -0.3648283
10 9 10 0 0.0000063
10 9 10 1 0.0002071
10 9 10 2 -0.0000000
10 9 10 3 -0.0011283
10 9 10 4 -0.0031104
10 9 10 5 0.0002257
10 9 10 6 -0.0000000
10 9 10 7 -0.0038249
10 9 10 8 0.0000000
10 9 10 9 0.0530068
10 9 10 10 -0.0389063
10 10 0 0 0.2902844
10 10 1 0 0.0021411
10 10 1 1 0.3807723
10 10 2 0 -0.0000000
10 10 2 1 0.0000000
10 10 2 2 0.3097796
10 10 3 0 0.0028744
10 10 3 1 0.0629020
10 10 3 2 0.0000000
10 10 3 3 0.3019693
10 10 4 0 -0.0004521
10 10 4 1 0.0576821
10 10 4 2 0.0000000
10 10 4 3 0.0744507
10 10 4 4 0.3872723
10 10 5 0 0.0046716
10 10 5 1 -0.0656817
10 10 5 2 -0.0000000
10 10 5 3 -0.0731840
10 10 5 4 -0.0754257
10 10 5 5 0.4166839
10 10 6 0 -0.0000000
10 10 6 1 0.0000000
10 10 6 2 -0.0398356
10 10 6 3 0.0000000
10 10 6 4 0.0000000
10 10 6 5 -0.0000000
10 10 6 6 0.3058417
10 10 7 0 -0.0014380
10 10 7 1 -0.0032689
10 10 7 2 -0.0000000
10 10 7 3 0.0365469
10 10 7 4 0.0149181
10 10 7 5 -0.0006776
10 10 7 6 0.0000000
10 10 7 7 0.4644440
10 10 8 0 0.0000000
10 10 8 1 0.0000000
10 10 8 2 -0.0662580
10 10 8 3 -0.0000000
10 10 8 4 -0.0000000
10 10 8 5 0.0000000
10 10 8 6 0.0491268
10 10 8 7 -0.0000000
10 10 8 8 0.6110813
10 10 9 0 -0.0005264
10 10 9 1 -0.0039102
10 10 9 2 -0.0000000
10 10 9 3 0.0048770
10 10 9 4 0.0159166
10 10 9 5 -0.0076481
10 10 9 6 0.0000000
10 10 9 7 -0.0004448
10 10 9 8 -0.0000000
10 10 9 9 0.8412170
10 10 10 0 -0.0010837
10 10 10 1 -0.0529287
10 10 10 2 -0.0000000
10 10 10 3 -0.0175939
10 10 10 4 0.0003365
10 10 10 5 0.0431987
10 10 10 6 -0.0000000
10 10 10 7 0.0676330
10 10 10 8 0.0000000
10 10 10 9 -0.0389063
10 10 10 10 0.7072844
11 0 0 0 -0.0814078
11 0 1 0 0.0034991
11 0 1 1 -0.0072895
11 0 2 0 0.0000000
11 0 2 1 -0.0000000
11 0 2 2 -0.0007877
11 0 3 0 -0.0029955
11 0 3 1 0.0053597
11 0 3 2 0.0000000
11 0 3 3 -0.0047450
11 0 4 0 0.0029767
11 0 4 1 -0.0034052
11 0 4 2 -0.0000000
11 0 4 3 0.0027776
11 0 4 4 -0.0036075
11 0 5 0 0.0050592
11 0 5 1 -0.0045648
11 0 5 2 -0.0000000
11 0 5 3 0.0057684
11 0 5 4 -0.0033740
11 0 5 5 -0.0042922
11 0 6 0 -0.0000000
11 0 6 1 0.0000000
11 0 6 2 0.0016611
11 0 6 3 -0.0000000
11 0 6 4 -0.0000000
11 0 6 5 0.0000000
11 0 6 6 0.0006707
11 0 7 0 0.0111466
11 0 7 1 0.0016936
11 0 7 2 0.0000000
11 0 7 3 -0.0025367
11 0 7 4 0.0015782
11 0 7 5 0.0032723
11 0 7 6 -0.0000000
11 0 7 7 0.0064518
11 0 8 0 0.0000000
11 0 8 1 0.0000000
11 0 8 2 -0.0001550
11 0 8 3 -0.0000000
11 0 8 4 -0.0000000
11 0 8 5 0.0000000
11 0 8 6 0.0002290
11 0 8 7 -0.0000000
11 0 8 8 -0.0008654
11 0 9 0 -0.0001215
11 0 9 1 -0.0000955
11 0 9 2 -0.0000000
11 0 9 3 0.0000618
11 0 9 4 -0.0000188
11 0 9 5 -0.0000559
11 0 9 6 0.0000000
11 0 9 7 -0.0000475
11 0 9 8 -0.0000000
11 0 9 9 -0.0008099
11 0 10 0 -0.0026934
11 0 10 1 -0.0011132
11 0 10 2 -0.0000000
11 0 10 3 0.0004971
11 0 10 4 -0.0007332
11 0 10 5 -0.0007494
11 0 10 6 0.0000000
11 0 10 7 -0.0020185
11 0 10 8 0.0000000
11 0 10 9 -0.0000019
11 0 10 10 -0.0005748
11 0 11 0 0.0110495
11 0 11 1 0.0033939
11 0 11 2 0.0000000
11 0 11 3 -0.0020178
11 0 11 4 0.0024673
11 0 11 5 0.0034620
11 0 11 6 -0.0000000
11 0 11 7 0.0071466
11 0 11 8 0.0000000
11 0 11 9 0.0000720
11 0 11 10 -0.0010747
11 0 11 11 0.0067902
11 1 0 0 -0.0096518
11 1 1 0 -0.0021629
11 1 1 1 -0.0105562
11 1 2 0 -0.0000000
11 1 2 1 -0.0000000
11 1 2 2 0.0011480
11 1 3 0 0.0049123
11 1 3 1 0.0222411
11 1 3 2 0.0000000
11 1 3 3 -0.0150713
11 1 4 0 -0.0021907
11 1 4 1 -0.0043308
11 1 4 2 -0.0000000
11 1 4 3 0.0140431
11 1 4 4 -0.0009374
11 1 5 0 0.0001832
11 1 5 1 -0.0083892
11 1 5 2 -0.0000000
11 1 5 3 0.0099420
11 1 5 4 -0.0078063
11 1 5 5 0.0035816
11 1 6 0 -0.0000000
11 1 6 1 0.0000000
11 1 6 2 0.0016098
11 1 6 3 0.0000000
11 1 6 4 -0.0000000
11 1 6 5 -0.0000000
11 1 6 6 -0.0000354
11 1 7 0 0.0031911
11 1 7 1 0.0018626
11 1 7 2 -0.0000000
11 1 7 3 -0.0068918
11 1 7 4 -0.0085451
11 1 7 5 0.0246416
11 1 7 6 -0.0000000
11 1 7 7 0.0119888
11 1 8 0 -0.0000000
11 1 8 1 -0.0000000
11 1 8 2 -0.0002753
11 1 8 3 -0.0000000
11 1 8 4 -0.0000000
11 1 8 5 0.0000000
11 1 8 6 0.0017447
11 1 8 7 -0.0000000
11 1 8 8 0.0078968
11 1 9 0 -0.0000547
11 1 9 1 -0.0007499
11 1 9 2 -0.0000000
11 1 9 3 0.0000364
11 1 9 4 -0.0007497
11 1 9 5 0.0006306
11 1 9 6 -0.0000000
11 1 9 7 0.0003591
11 1 9 8 -0.0000000
11 1 9 9 0.0085748
11 1 10 0 -0.0008411
11 1 10 1 -0.0037914
11 1 10 2 -0.0000000
11 1 10 3 0.0003315
11 1 10 4 -0.0011343
11 1 10 5 -0.0058886
11 1 10 6 0.0000000
11 1 10 7 -0.0119604
11 1 10 8 0.0000000
11 1 10 9 -0.0020050
11 1 10 10 -0.0090183
11 1 11 0 0.0033939
11 1 11 1 0.0276826
11 1 11 2 0.0000000
11 1 11 3 0.0095283
11 1 11 4 0.0148282
11 1 11 5 0.0066871
11 1 11 6 -0.0000000
11 1 11 7 0.0006919
11 1 11 8 0.0000000
11 1 11 9 0.0000212
11 1 11 10 0.0066823
11 1 11 11 0.0193855
11 2 0 0 -0.0000000
11 2 1 0 -0.0000000
11 2 1 1 -0.0000000
11 2 2 0 0.0043335
11 2 2 1 0.0171931
11 2 2 2 0.0000000
11 2 3 0 0.0000000
11 2 3 1 0.0000000
11 2 3 2 -0.0081591
11 2 3 3 -0.0000000
11 2 4 0 -0.0000000
11 2 4 1 -0.0000000
11 2 4 2 -0.0089237
11 2 4 3 0.0000000
11 2 4 4 -0.0000000
11 2 5 0 0.0000000
11 2 5 1 -0.0000000
11 2 5 2 0.0048846
11 2 5 3 0.0000000
11 2 5 4 -0.0000000
11 2 5 5 0.0000000
11 2 6 0 0.0065176
11 2 6 1 0.0024350
11 2 6 2 0.0000000
11 2 6 3 -0.0094735
11 2 6 4 0.0119708
11 2 6 5 0.0099787
11 2 6 6 0.0000000
11 2 7 0 0.0000000
11 2 7 1 -0.0000000
11 2 7 2 0.0155388
11 2 7 3 -0.0000000
11 2 7 4 -0.0000000
11 2 7 5 0.0000000
11 2 7 6 0.0181354
11 2 7 7 0.0000000
11 2 8 0 0.0001314
11 2 8 1 0.0038902
11 2 8 2 -0.0000000
11 2 8 3 0.0010700
11 2 8 4 -0.0026230
11 2 8 5 -0.0001767
11 2 8 6 -0.0000000
11 2 8 7 0.0036978
11 2 8 8 0.0000000
11 2 9 0 -0.0000000
11 2 9 1 -0.0000000
11 2 9 2 0.0000471
11 2 9 3 0.0000000
11 2 9 4 -0.0000000
11 2 9 5 -0.0000000
11 2 9 6 -0.0000626
11 2 9 7 0.0000000
11 2 9 8 0.0005442
11 2 9 9 0.0000000
11 2 10 0 -0.0000000
11 2 10 1 -0.0000000
11 2 10 2 -0.0019548
11 2 10 3 0.0000000
11 2 10 4 0.0000000
11 2 10 5 -0.0000000
11 2 10 6 -0.0054217
11 2 10 7 -0.0000000
11 2 10 8 -0.0038193
11 2 10 9 -0.0000000
11 2 10 10 -0.0000000
11 2 11 0 0.0000000
11 2 11 1 0.0000000
11 2 11 2 0.0189646
11 2 11 3 0.0000000
11 2 11 4 -0.0000000
11 2 11 5 0.0000000
11 2 11 6 0.0166182
11 2 11 7 0.0000000
11 2 11 8 -0.0009749
11 2 11 9 0.0000000
11 2 11 10 0.0000000
11 2 11 11 0.0000000
11 3 0 0 0.0181706
11 3 1 0 0.0038397
11 3 1 1 0.0344327
11 3 2 0 0.0000000
11 3 2 1 0.0000000
11 3 2 2 0.0135481
11 3 3 0 0.0034291
11 3 3 1 0.0043842
11 3 3 2 0.0000000
11 3 3 3 0.0031039
11 3 4 0 0.0002432
11 3 4 1 0.0079287
11 3 4 2 0.0000000
11 3 4 3 0.0094281
11 3 4 4 0.0180116
11 3 5 0 0.0081264
11 3 5 1 0.0143267
11 3 5 2 0.0000000
11 3 5 3 -0.0082658
11 3 5 4 0.0080768
11 3 5 5 0.0314852
11 3 6 0 -0.0000000
11 3 6 1 -0.0000000
11 3 6 2 -0.0061590
11 3 6 3 0.0000000
11 3 6 4 0.0000000
11 3 6 5 -0.0000000
11 3 6 6 0.0057829
11 3 7 0 -0.0019779
11 3 7 1 -0.0033847
11 3 7 2 -0.0000000
11 3 7 3 0.0152873
11 3 7 4 -0.0147147
11 3 7 5 0.0192971
11 3 7 6 -0.0000000
11 3 7 7 0.0016152
11 3 8 0 -0.0000000
11 3 8 1 -0.0000000
11 3 8 2 0.0037282
11 3 8 3 0.0000000
11 3 8 4 -0.0000000
11 3 8 5 -0.0000000
11 3 8 6 -0.0014473
11 3 8 7 0.0000000
11 3 8 8 0.0100892
11 3 9 0 0.0000622
11 3 9 1 0.0002297
11 3 9 2 0.0000000
11 3 9 3 -0.0003968
11 3 9 4 -0.0011083
11 3 9 5 0.0011073
11 3 9 6 -0.0000000
11 3 9 7 0.0008529
11 3 9 8 0.0000000
11 3 9 9 0.0002806
11 3 10 0 0.0006315
11 3 10 1 0.0047962
11 3 10 2 0.0000000
11 3 10 3 -0.0035640
11 3 10 4 0.0028047
11 3 10 5 -0.0066517
11 3 10 6 0.0000000
11 3 10 7 -0.0060054
11 3 10 8 -0.0000000
11 3 10 9 -0.0002349
11 3 10 10 -0.0088539
11 3 11 0 -0.0020178
11 3 11 1 0.0095283
11 3 11 2 0.0000000
11 3 11 3 0.0300166
11 3 11 4 0.0024382
11 3 11 5 0.0048424
11 3 11 6 0.0000000
11 3 11 7 -0.0065152
11 3 11 8 -0.0000000
11 3 11 9 -0.0004426
11 3 11 10 0.0029417
11 3 11 11 0.0122693
11 4 0 0 0.0087787
11 4 1 0 -0.0025822
11 4 1 1 -0.0079641
11 4 2 0 -0.0000000
11 4 2 1 -0.0000000
11 4 2 2 -0.0018196
11 4 3 0 0.0013790
11 4 3 1 0.0092035
11 4 3 2 0.0000000
11 4 3 3 0.0042755
11 4 4 0 -0.0012508
11 4 4 1 0.0010007
11 4 4 2 0.0000000
11 4 4 3 0.0014182
11 4 4 4 -0.0031852
11 4 5 0 -0.0029405
11 4 5 1 -0.0040344
11 4 5 2 -0.0000000
11 4 5 3 0.0097148
11 4 5 4 -0.0071924
11 4 5 5 0.0017676
11 4 6 0 -0.0000000
11 4 6 1 -0.0000000
11 4 6 2 0.0066316
11 4 6 3 0.0000000
11 4 6 4 -0.0000000
11 4 6 5 -0.0000000
11 4 6 6 0.0022682
11 4 7 0 0.0024704
11 4 7 1 -0.0044280
11 4 7 2 -0.0000000
11 4 7 3 -0.0140454
11 4 7 4 -0.0091863
11 4 7 5 0.0142509
11 4 7 6 -0.0000000
11 4 7 7 0.0122922
11 4 8 0 -0.0000000
11 4 8 1 -0.0000000
11 4 8 2 -0.0009308
11 4 8 3 -0.0000000
11 4 8 4 -0.0000000
11 4 8 5 0.0000000
11 4 8 6 0.0017428
11 4 8 7 0.0000000
11 4 8 8 0.0007791
11 4 9 0 -0.0000209
11 4 9 1 -0.0007478
11 4 9 2 -0.0000000
11 4 9 3 -0.0001796
11 4 9 4 -0.0009805
11 4 9 5 0.0010717
11 4 9 6 -0.0000000
11 4 9 7 0.0013085
11 4 9 8 -0.0000000
11 4 9 9 -0.0030633
11 4 10 0 -0.0005267
11 4 10 1 -0.0004144
11 4 10 2 0.0000000
11 4 10 3 0.0003111
11 4 10 4 -0.0024053
11 4 10 5 -0.0021865
11 4 10 6 0.0000000
11 4 10 7 -0.0190170
11 4 10 8 -0.0000000
11 4 10 9 -0.0005836
11 4 10 10 -0.0162703
11 4 11 0 0.0024673
11 4 11 1 0.0148282
11 4 11 2 -0.0000000
11 4 11 3 0.0024382
11 4 11 4 0.0173370
11 4 11 5 -0.0070280
11 4 11 6 -0.0000000
11 4 11 7 0.0047271
11 4 11 8 -0.0000000
11 4 11 9 -0.0009016
11 4 11 10 0.0086713
11 4 11 11 0.0196557
11 5 0 0 0.0091572
11 5 1 0 -0.0013039
11 5 1 1 0.0000121
11 5 2 0 -0.0000000
11 5 2 1 0.0000000
11 5 2 2 0.0047022
11 5 3 0 0.0077722
11 5 3 1 0.0143017
11 5 3 2 0.0000000
11 5 3 3 -0.0177444
11 5 4 0 -0.0029234
11 5 4 1 -0.0047296
11 5 4 2 -0.0000000
11 5 4 3 0.0127411
11 5 4 4 -0.0029214
11 5 5 0 0.0032145
11 5 5 1 0.0026179
11 5 5 2 0.0000000
11 5 5 3 0.0073439
11 5 5 4 0.0011864
11 5 5 5 0.0107020
11 5 6 0 0.0000000
11 5 6 1 -0.0000000
11 5 6 2 0.0011708
11 5 6 3 -0.0000000
11 5 6 4 0.0000000
11 5 6 5 0.0000000
11 5 6 6 0.0034699
11 5 7 0 0.0031305
11 5 7 1 0.0138585
11 5 7 2 0.0000000
11 5 7 3 0.0143861
11 5 7 4 0.0091335
11 5 7 5 0.0098899
11 5 7 6 0.0000000
11 5 7 7 0.0096372
11 5 8 0 0.0000000
11 5 8 1 0.0000000
11 5 8 2 0.0005998
11 5 8 3 0.0000000
11 5 8 4 -0.0000000
11 5 8 5 -0.0000000
11 5 8 6 0.0002552
11 5 8 7 -0.0000000
11 5 8 8 0.0026885
11 5 9 0 -0.0000213
11 5 9 1 0.0003305
11 5 9 2 0.0000000
11 5 9 3 0.0004131
11 5 9 4 0.0009227
11 5 9 5 -0.0010080
11 5 9 6 0.0000000
11 5 9 7 -0.0013853
11 5 9 8 0.0000000
11 5 9 9 0.0067738
11 5 10 0 -0.0008379
11 5 10 1 -0.0057197
11 5 10 2 -0.0000000
11 5 10 3 -0.0023901
11 5 10 4 -0.0010128
11 5 10 5 -0.0015660
11 5 10 6 -0.0000000
11 5 10 7 0.0078588
11 5 10 8 0.0000000
11 5 10 9 0.0004349
11 5 10 10 0.0187771
11 5 11 0 0.0034620
11 5 11 1 0.0066871
11 5 11 2 0.0000000
11 5 11 3 0.0048424
11 5 11 4 -0.0070280
11 5 11 5 0.0301081
11 5 11 6 -0.0000000
11 5 11 7 0.0120178
11 5 11 8 0.0000000
11 5 11 9 0.0013444
11 5 11 10 -0.0065543
11 5 11 11 0.0096175
11 6 0 0 0.0000000
11 6 1 0 -0.0000000
11 6 1 1 -0.0000000
11 6 2 0 0.0056522
11 6 2 1 0.0192257
11 6 2 2 0.0000000
11 6 3 0 -0.0000000
11 6 3 1 0.0000000
11 6 3 2 -0.0116385
11 6 3 3 0.0000000
11 6 4 0 -0.0000000
11 6 4 1 0.0000000
11 6 4 2 -0.0077909
11 6 4 3 0.0000000
11 6 4 4 -0.0000000
11 6 5 0 0.0000000
11 6 5 1 -0.0000000
11 6 5 2 0.0055351
11 6 5 3 -0.0000000
11 6 5 4 -0.0000000
11 6 5 5 0.0000000
11 6 6 0 0.0084016
11 6 6 1 0.0022782
11 6 6 2 0.0000000
11 6 6 3 -0.0126276
11 6 6 4 0.0143896
11 6 6 5 0.0105086
11 6 6 6 0.0000000
11 6 7 0 -0.0000000
11 6 7 1 -0.0000000
11 6 7 2 0.0185562
11 6 7 3 -0.0000000
11 6 7 4 -0.0000000
11 6 7 5 0.0000000
11 6 7 6 0.0192819
11 6 7 7 0.0000000
11 6 8 0 0.0001395
11 6 8 1 0.0055680
11 6 8 2 0.0000000
11 6 8 3 0.0017943
11 6 8 4 0.0000226
11 6 8 5 -0.0036315
11 6 8 6 0.0000000
11 6 8 7 -0.0019969
11 6 8 8 -0.0000000
11 6 9 0 -0.0000000
11 6 9 1 -0.0000000
11 6 9 2 0.0003919
11 6 9 3 -0.0000000
11 6 9 4 -0.0000000
11 6 9 5 0.0000000
11 6 9 6 -0.0004705
11 6 9 7 0.0000000
11 6 9 8 0.0001371
11 6 9 9 -0.0000000
11 6 10 0 0.0000000
11 6 10 1 0.0000000
11 6 10 2 -0.0047601
11 6 10 3 -0.0000000
11 6 10 4 0.0000000
11 6 10 5 -0.0000000
11 6 10 6 -0.0040667
11 6 10 7 -0.0000000
11 6 10 8 0.0084842
11 6 10 9 -0.0000000
11 6 10 10 -0.0000000
11 6 11 0 -0.0000000
11 6 11 1 -0.0000000
11 6 11 2 0.0166182
11 6 11 3 0.0000000
11 6 11 4 -0.0000000
11 6 11 5 -0.0000000
11 6 11 6 0.0220257
11 6 11 7 -0.0000000
11 6 11 8 0.0058173
11 6 11 9 -0.0000000
11 6 11 10 0.0000000
11 6 11 11 0.0000000
11 7 0 0 0.2545648
11 7 1 0 -0.0094721
11 7 1 1 0.0138300
11 7 2 0 -0.0000000
11 7 2 1 -0.0000000
11 7 2 2 0.0729527
11 7 3 0 0.0046295
11 7 3 1 -0.0413004
11 7 3 2 -0.0000000
11 7 3 3 0.0983933
11 7 4 0 -0.0045322
11 7 4 1 -0.0228915
11 7 4 2 -0.0000000
11 7 4 3 -0.0713946
11 7 4 4 -0.0205871
11 7 5 0 -0.0107943
11 7 5 1 0.0832775
11 7 5 2 0.0000000
11 7 5 3 0.0752628
11 7 5 4 0.0463961
11 7 5 5 0.0296597
11 7 6 0 0.0000000
11 7 6 1 -0.0000000
11 7 6 2 0.0858975
11 7 6 3 -0.0000000
11 7 6 4 -0.0000000
11 7 6 5 0.0000000
11 7 6 6 0.0931423
11 7 7 0 0.0073488
11 7 7 1 0.0059549
11 7 7 2 0.0000000
11 7 7 3 -0.0265250
11 7 7 4 0.0102702
11 7 7 5 0.0003904
11 7 7 6 0.0000000
11 7 7 7 -0.0050325
11 7 8 0 -0.0000000
11 7 8 1 -0.0000000
11 7 8 2 0.0373422
11 7 8 3 0.0000000
11 7 8 4 0.0000000
11 7 8 5 -0.0000000
11 7 8 6 -0.0205753
11 7 8 7 0.0000000
11 7 8 8 -0.1510897
11 7 9 0 0.0004470
11 7 9 1 0.0035065
11 7 9 2 0.0000000
11 7 9 3 -0.0010299
11 7 9 4 -0.0051380
11 7 9 5 0.0018207
11 7 9 6 -0.0000000
11 7 9 7 -0.0011144
11 7 9 8 0.0000000
11 7 9 9 -0.2608285
11 7 10 0 -0.0005056
11 7 10 1 0.0162213
11 7 10 2 0.0000000
11 7 10 3 0.0062694
11 7 10 4 -0.0086547
11 7 10 5 -0.0074692
11 7 10 6 -0.0000000
11 7 10 7 -0.0287846
11 7 10 8 -0.0000000
11 7 10 9 0.0193252
11 7 10 10 -0.1626474
11 7 11 0 0.0071466
11 7 11 1 0.0006919
11 7 11 2 0.0000000
11 7 11 3 -0.0065152
11 7 11 4 0.0047271
11 7 11 5 0.0120178
11 7 11 6 -0.0000000
11 7 11 7 0.2035810
11 7 11 8 0.0000000
11 7 11 9 0.0030652
11 7 11 10 -0.0593324
11 7 11 11 0.0251515
11 8 0 0 -0.0000000
11 8 1 0 -0.0000000
11 8 1 1 -0.0000000
11 8 2 0 0.0005192
11 8 2 1 0.0075060
11 8 2 2 0.0000000
11 8 3 0 0.0000000
11 8 3 1 0.0000000
11 8 3 2 -0.0003139
11 8 3 3 -0.0000000
11 8 4 0 -0.0000000
11 8 4 1 0.0000000
11 8 4 2 -0.0076670
11 8 4 3 -0.0000000
11 8 4 4 -0.0000000
11 8 5 0 0.0000000
11 8 5 1 -0.0000000
11 8 5 2 0.0006295
11 8 5 3 -0.0000000
11 8 5 4 0.0000000
11 8 5 5 0.0000000
11 8 6 0 0.0007631
11 8 6 1 -0.0028183
11 8 6 2 -0.0000000
11 8 6 3 -0.0006640
11 8 6 4 0.0082112
11 8 6 5 0.0040719
11 8 6 6 0.0000000
11 8 7 0 -0.0000000
11 8 7 1 -0.0000000
11 8 7 2 0.0067665
11 8 7 3 0.0000000
11 8 7 4 -0.0000000
11 8 7 5 -0.0000000
11 8 7 6 -0.0015147
11 8 7 7 0.0000000
11 8 8 0 -0.0000800
11 8 8 1 0.0073893
11 8 8 2 0.0000000
11 8 8 3 0.0040640
11 8 8 4 0.0044270
11 8 8 5 -0.0104708
11 8 8 6 0.0000000
11 8 8 7 -0.0181299
11 8 8 8 -0.0000000
11 8 9 0 -0.0000000
11 8 9 1 -0.0000000
11 8 9 2 0.0006588
11 8 9 3 0.0000000
11 8 9 4 0.0000000
11 8 9 5 -0.0000000
11 8 9 6 -0.0007295
11 8 9 7 -0.0000000
11 8 9 8 -0.0001755
11 8 9 9 -0.0000000
11 8 10 0 0.0000000
11 8 10 1 0.0000000
11 8 10 2 -0.0064873
11 8 10 3 -0.0000000
11 8 10 4 -0.0000000
11 8 10 5 0.0000000
11 8 10 6 0.0040670
11 8 10 7 -0.0000000
11 8 10 8 0.0253045
11 8 10 9 0.0000000
11 8 10 10 -0.0000000
11 8 11 0 0.0000000
11 8 11 1 0.0000000
11 8 11 2 -0.0009749
11 8 11 3 -0.0000000
11 8 11 4 -0.0000000
11 8 11 5 0.0000000
11 8 11 6 0.0058173
11 8 11 7 0.0000000
11 8 11 8 0.0229395
11 8 11 9 0.0000000
11 8 11 10 -0.0000000
11 8 11 11 0.0000000
11 9 0 0 -0.0046724
11 9 1 0 -0.0000709
11 9 1 1 -0.0061545
11 9 2 0 -0.0000000
11 9 2 1 -0.0000000
11 9 2 2 -0.0038397
11 9 3 0 0.0000024
11 9 3 1 -0.0010720
11 9 3 2 -0.0000000
11 9 3 3 -0.0048553
11 9 4 0 -0.0000085
11 9 4 1 -0.0026053
11 9 4 2 -0.0000000
11 9 4 3 -0.0019393
11 9 4 4 -0.0068631
11 9 5 0 -0.0000842
11 9 5 1 0.0012789
11 9 5 2 0.0000000
11 9 5 3 0.0021964
11 9 5 4 0.0030301
11 9 5 5 -0.0073961
11 9 6 0 0.0000000
11 9 6 1 -0.0000000
11 9 6 2 0.0003861
11 9 6 3 -0.0000000
11 9 6 4 -0.0000000
11 9 6 5 0.0000000
11 9 6 6 -0.0037766
11 9 7 0 0.0000922
11 9 7 1 0.0009500
11 9 7 2 0.0000000
11 9 7 3 0.0001034
11 9 7 4 0.0010737
11 9 7 5 -0.0008667
11 9 7 6 0.0000000
11 9 7 7 -0.0065729
11 9 8 0 -0.0000000
11 9 8 1 -0.0000000
11 9 8 2 0.0013219
11 9 8 3 0.0000000
11 9 8 4 0.0000000
11 9 8 5 -0.0000000
11 9 8 6 -0.0011855
11 9 8 7 -0.0000000
11 9 8 8 -0.0085153
11 9 9 0 0.0000582
11 9 9 1 -0.0002274
11 9 9 2 0.0000000
11 9 9 3 -0.0019552
11 9 9 4 -0.0028271
11 9 9 5 0.0017446
11 9 9 6 -0.0000000
11 9 9 7 -0.0066747
11 9 9 8 0.0000000
11 9 9 9 -0.0538241
11 9 10 0 -0.0000287
11 9 10 1 -0.0006874
11 9 10 2 -0.0000000
11 9 10 3 -0.0003279
11 9 10 4 -0.0006223
11 9 10 5 0.0003471
11 9 10 6 -0.0000000
11 9 10 7 -0.0007309
11 9 10 8 0.0000000
11 9 10 9 0.0071200
11 9 10 10 -0.0059736
11 9 11 0 0.0000720
11 9 11 1 0.0000212
11 9 11 2 0.0000000
11 9 11 3 -0.0004426
11 9 11 4 -0.0009016
11 9 11 5 0.0013444
11 9 11 6 -0.0000000
11 9 11 7 0.0030652
11 9 11 8 0.0000000
11 9 11 9 0.0067783
11 9 11 10 0.0001083
11 9 11 11 -0.0052262
11 10 0 0 -0.0747345
11 10 1 0 0.0015238
11 10 1 1 -0.0239927
11 10 2 0 0.0000000
11 10 2 1 -0.0000000
11 10 2 2 -0.0293089
11 10 3 0 -0.0007995
11 10 3 1 0.0124777
11 10 3 2 0.0000000
11 10 3 3 -0.0376527
11 10 4 0 0.0008307
11 10 4 1 0.0030057
11 10 4 2 0.0000000
11 10 4 3 0.0151743
11 10 4 4 -0.0128691
11 10 5 0 0.0018174
11 10 5 1 -0.0242924
11 10 5 2 -0.0000000
11 10 5 3 -0.0152319
11 10 5 4 -0.0124052
11 10 5 5 -0.0205485
11 10 6 0 -0.0000000
11 10 6 1 0.0000000
11 10 6 2 -0.0198230
11 10 6 3 0.0000000
11 10 6 4 0.0000000
11 10 6 5 -0.0000000
11 10 6 6 -0.0339428
11 10 7 0 -0.0009578
11 10 7 1 -0.0037348
11 10 7 2 -0.0000000
11 10 7 3 -0.0006031
11 10 7 4 -0.0145093
11 10 7 5 0.0111913
11 10 7 6 -0.0000000
11 10 7 7 -0.0022261
11 10 8 0 0.0000000
11 10 8 1 0.0000000
11 10 8 2 -0.0153785
11 10 8 3 -0.0000000
11 10 8 4 -0.0000000
11 10 8 5 0.0000000
11 10 8 6 0.0107443
11 10 8 7 -0.0000000
11 10 8 8 0.0426908
11 10 9 0 -0.0001562
11 10 9 1 -0.0016016
11 10 9 2 -0.0000000
11 10 9 3 0.0008301
11 10 9 4 0.0026367
11 10 9 5 -0.0011703
11 10 9 6 0.0000000
11 10 9 7 0.0002473
11 10 9 8 -0.0000000
11 10 9 9 0.0655088
11 10 10 0 0.0000065
11 10 10 1 -0.0151913
11 10 10 2 -0.0000000
11 10 10 3 -0.0142525
11 10 10 4 -0.0117513
11 10 10 5 0.0158483
11 10 10 6 -0.0000000
11 10 10 7 -0.0364451
11 10 10 8 -0.0000000
11 10 10 9 -0.0031837
11 10 10 10 0.0421696
11 10 11 0 -0.0010747
11 10 11 1 0.0066823
11 10 11 2 0.0000000
11 10 11 3 0.0029417
11 10 11 4 0.0086713
11 10 11 5 -0.0065543
11 10 11 6 0.0000000
11 10 11 7 -0.0593324
11 10 11 8 -0.0000000
11 10 11 9 0.0001083
11 10 11 10 0.0530157
11 10 11 11 0.0051727
11 11 0 0 0.5901223
11 11 1 0 -0.0067486
11 11 1 1 0.4400195
11 11 2 0 -0.0000000
11 11 2 1 0.0000000
11 11 2 2 0.4141725
11 11 3 0 0.0096698
11 11 3 1 0.0363323
11 11 3 2 0.0000000
11 11 3 3 0.4368265
11 11 4 0 -0.0053701
11 11 4 1 0.0487099
11 11 4 2 -0.0000000
11 11 4 3 0.0127160
11 11 4 4 0.4070242
11 11 5 0 -0.0037402
11 11 5 1 0.0327888
11 11 5 2 0.0000000
11 11 5 3 0.0076978
11 11 5 4 -0.0344151
11 11 5 5 0.4905253
11 11 6 0 -0.0000000
11 11 6 1 -0.0000000
11 11 6 2 0.0567364
11 11 6 3 0.0000000
11 11 6 4 -0.0000000
11 11 6 5 -0.0000000
11 11 6 6 0.4267453
11 11 7 0 0.0065610
11 11 7 1 -0.0022540
11 11 7 2 -0.0000000
11 11 7 3 -0.0000611
11 11 7 4 -0.0031545
11 11 7 5 0.0288168
11 11 7 6 -0.0000000
11 11 7 7 0.5013993
11 11 8 0 0.0000000
11 11 8 1 0.0000000
11 11 8 2 -0.0111283
11 11 8 3 -0.0000000
11 11 8 4 -0.0000000
11 11 8 5 0.0000000
11 11 8 6 0.0193202
11 11 8 7 0.0000000
11 11 8 8 0.4338916
11 11 9 0 0.0000681
11 11 9 1 -0.0001076
11 11 9 2 0.0000000
11 11 9 3 0.0016348
11 11 9 4 0.0039616
11 11 9 5 -0.0001275
11 11 9 6 0.0000000
11 11 9 7 -0.0002550
11 11 9 8 -0.0000000
11 11 9 9 0.5430551
11 11 10 0 -0.0009726
11 11 10 1 0.0025732
11 11 10 2 0.0000000
11 11 10 3 0.0029055
11 11 10 4 0.0121289
11 11 10 5 -0.0082402
11 11 10 6 0.0000000
11 11 10 7 -0.0364332
11 11 10 8 -0.0000000
11 11 10 9 -0.0272587
11 11 10 10 0.4103339
11 11 11 0 0.0067902
11 11 11 1 0.0193855
11 11 11 2 0.0000000
11 11 11 3 0.0122693
11 11 11 4 0.0196557
11 11 11 5 0.0096175
11 11 11 6 0.0000000
11 11 11 7 0.0251515
11 11 11 8 0.0000000
11 11 11 9 -0.0052262
11 11 11 10 0.0051727
11 11 11 11 0.5093196
