NMONOMER	1
NELEC	8
ENUC	7.676927
NBASIS	12
HOMO	2
LUMO	2
ENT	5
HF_ENERGY	-36.280547
ENERGIES
-10.889426
-0.848037
-0.469994
-0.255189
0.559445
0.745000
0.781658
849736.510018
965066.382265
996478.165355
1070621.075004
1118093.637004

OEI
-18.515409	
0.219262	-4.543961	
0.000000	-0.000000	-4.160523	
-0.187225	0.112230	-0.000000	-4.274935	
-0.156013	0.310000	0.000000	-0.390459	-3.062412	
-0.236118	0.896604	-0.000000	0.245889	-0.198509	-3.763169	
0.000000	-0.000000	-0.796576	-0.000000	0.000000	0.000000	-3.469844	
0.115816	0.053981	-0.000000	-0.033810	0.004073	0.014952	-0.000000	849732.933975	
0.000000	-0.000000	0.133850	0.000000	0.000000	-0.000000	-0.026183	-0.000000	965063.552649	
-0.005061	-0.023562	-0.000000	-0.002309	-0.002914	0.013141	-0.000000	0.001107	0.000000	996474.993013	
-0.038109	-0.197299	-0.000000	-0.064618	0.118590	-0.140593	0.000000	0.151895	0.000000	0.132293	1070618.562623	
0.112580	0.079497	-0.000000	-0.126709	0.006174	-0.004144	-0.000000	-0.855771	0.000000	0.037492	0.323809	1118089.954842	

ENV_OEI
-5.042414	
0.410757	-0.543606	
0.000000	-0.000000	-0.418969	
-0.363658	-0.066248	-0.000000	-0.587192	
-0.313473	0.293230	0.000000	0.123759	-0.688015	
-0.479088	0.034810	-0.000000	-0.192982	0.309259	-0.910493	
0.000000	-0.000000	-0.147906	0.000000	-0.000000	0.000000	-0.451664	
0.220809	0.008701	0.000000	-0.033611	0.048173	0.017814	-0.000000	-0.685301	
-0.000000	0.000000	-0.131599	0.000000	-0.000000	0.000000	0.141109	-0.000000	-0.745084	
0.014927	-0.253843	-0.000000	-0.596978	1.342924	-0.990610	0.000000	0.126586	-0.000000	-18.545719	
-0.055010	0.045266	0.000000	0.005260	-0.041813	0.074739	-0.000000	-0.215295	-0.000000	1.666382	-0.808252	
0.209895	-0.006410	0.000000	0.038668	-0.025868	0.046360	-0.000000	0.031952	-0.000000	0.177544	0.127430	-0.521208	

OVERLAP
1.000000	
0.248362	1.000000	
0.061767	0.488736	1.000000	
0.061767	0.488736	0.167856	1.000000	
0.000000	0.027047	0.038545	0.038545	1.000000	
0.027047	0.301519	0.378700	0.378700	0.248362	1.000000	
0.000000	0.000000	-0.155576	-0.155576	-0.015125	-0.113119	1.000000	
0.000000	0.000000	0.380474	-0.380474	0.000000	0.000000	0.000000	1.000000	
0.000000	0.000000	-0.219667	-0.219667	-0.042713	-0.319437	0.000000	0.000000	1.000000	
0.015125	0.113119	0.044121	0.044121	0.000000	0.000000	0.112775	0.000000	-0.151526	1.000000	
0.000000	0.000000	0.268260	-0.268260	0.000000	0.000000	0.000000	0.166433	0.000000	0.000000	1.000000	
0.042713	0.319437	0.279473	0.279473	0.000000	0.000000	-0.151526	0.000000	-0.261465	0.000000	0.000000	1.000000	

MOCOEFF
-0.996668	-0.016297	0.006498	0.006498	-0.001354	0.006656	0.027465	0.000000	0.007877	-0.002261	0.000000	0.003200	
0.143043	-0.332894	-0.272702	-0.272702	0.027142	0.048688	0.318264	0.000000	0.227578	-0.168551	-0.000000	-0.279796	
0.000000	-0.000000	-0.438183	0.438183	0.000000	0.000000	0.000000	-0.618340	0.000000	-0.000000	0.338006	-0.000000	
-0.126813	0.507225	0.115603	0.115603	0.053488	-0.214545	-0.300571	0.000000	0.694213	-0.023247	-0.000000	-0.358263	
-0.107455	0.664442	-0.899731	-0.899731	-0.117133	0.697028	-0.242457	0.000000	0.134467	0.160710	0.000000	0.596198	
-0.167329	1.024353	-0.406170	-0.406170	0.088316	-0.533322	-0.369076	-0.000000	-0.925042	-0.288941	-0.000000	-0.709635	
0.000000	-0.000000	0.950752	-0.950752	-0.000000	0.000000	0.000000	-1.081255	0.000000	0.000000	-0.330140	0.000000	
0.084288	-0.388040	0.000000	0.000000	-0.012325	0.049401	-0.608823	-0.000000	0.000000	0.744813	-0.000000	-0.291146	
0.000000	-0.000000	-0.000000	0.000000	-0.000000	0.000000	-0.000000	0.000000	-0.000000	-0.000000	1.000000	-0.000000	
-0.000564	0.002599	0.000000	0.000000	1.025611	-0.216380	0.004077	-0.000000	-0.000000	0.053739	0.000000	0.092871	
-0.018947	0.087226	0.000000	0.000000	-0.019715	-0.850780	0.136854	0.000000	0.000000	0.334096	0.000000	0.355391	
0.081637	-0.375837	0.000000	0.000000	0.011610	-0.229166	-0.589676	-0.000000	-0.000000	-0.509850	0.000000	0.308002	

ERI
0 0 0 0 3.5236325
1 0 0 0 -0.1905833
1 0 1 0 0.0204454
1 0 1 1 0.0058840
1 1 0 0 0.6454893
1 1 1 0 0.0058840
1 1 1 1 0.5923598
2 0 0 0 -0.0000000
2 0 1 0 0.0000000
2 0 1 1 -0.0000000
2 0 2 0 0.0094950
2 0 2 1 0.0110948
2 0 2 2 0.0000000
2 1 0 0 0.0000000
2 1 1 0 -0.0000000
2 1 1 1 -0.0000000
2 1 2 0 0.0110948
2 1 2 1 0.1058477
2 1 2 2 0.0000000
2 2 0 0 0.6530921
2 2 1 0 -0.0007808
2 2 1 1 0.5123381
2 2 2 0 0.0000000
2 2 2 1 0.0000000
2 2 2 2 0.5395498
3 0 0 0 0.1654684
3 0 1 0 -0.0125210
3 0 1 1 0.0087982
3 0 2 0 0.0000000
3 0 2 1 0.0000000
3 0 2 2 0.0038936
3 0 3 0 0.0250003
3 0 3 1 0.0083153
3 0 3 2 0.0000000
3 0 3 3 -0.0097292
3 1 0 0 -0.0516343
3 1 1 0 0.0010987
3 1 1 1 0.0188483
3 1 2 0 0.0000000
3 1 2 1 0.0000000
3 1 2 2 -0.0182731
3 1 3 0 0.0083153
3 1 3 1 0.0577802
3 1 3 2 0.0000000
3 1 3 3 -0.0419091
3 2 0 0 0.0000000
3 2 1 0 -0.0000000
3 2 1 1 0.0000000
3 2 2 0 -0.0072004
3 2 2 1 -0.0381246
3 2 2 2 -0.0000000
3 2 3 0 0.0000000
3 2 3 1 0.0000000
3 2 3 2 0.0369090
3 2 3 3 0.0000000
3 3 0 0 0.7800643
3 3 1 0 -0.0067957
3 3 1 1 0.4859913
3 3 2 0 -0.0000000
3 3 2 1 0.0000000
3 3 2 2 0.4861853
3 3 3 0 -0.0097292
3 3 3 1 -0.0419091
3 3 3 2 0.0000000
3 3 3 3 0.6349530
4 0 0 0 0.1414106
4 0 1 0 -0.0130853
4 0 1 1 0.0013793
4 0 2 0 -0.0000000
4 0 2 1 -0.0000000
4 0 2 2 0.0022004
4 0 3 0 0.0142441
4 0 3 1 0.0019533
4 0 3 2 0.0000000
4 0 3 3 -0.0005245
4 0 4 0 0.0106711
4 0 4 1 -0.0004002
4 0 4 2 -0.0000000
4 0 4 3 -0.0009705
4 0 4 4 -0.0000140
4 1 0 0 -0.0896858
4 1 1 0 -0.0008622
4 1 1 1 -0.0423184
4 1 2 0 -0.0000000
4 1 2 1 -0.0000000
4 1 2 2 0.0134232
4 1 3 0 -0.0014799
4 1 3 1 -0.0193149
4 1 3 2 -0.0000000
4 1 3 3 -0.0538700
4 1 4 0 -0.0004002
4 1 4 1 0.0715506
4 1 4 2 -0.0000000
4 1 4 3 0.0059636
4 1 4 4 -0.0072576
4 2 0 0 -0.0000000
4 2 1 0 -0.0000000
4 2 1 1 -0.0000000
4 2 2 0 0.0009598
4 2 2 1 0.0721275
4 2 2 2 0.0000000
4 2 3 0 -0.0000000
4 2 3 1 -0.0000000
4 2 3 2 -0.0159829
4 2 3 3 0.0000000
4 2 4 0 -0.0000000
4 2 4 1 -0.0000000
4 2 4 2 0.0796891
4 2 4 3 -0.0000000
4 2 4 4 0.0000000
4 3 0 0 0.1398150
4 3 1 0 -0.0049185
4 3 1 1 -0.0205876
4 3 2 0 -0.0000000
4 3 2 1 -0.0000000
4 3 2 2 0.0193492
4 3 3 0 -0.0085901
4 3 3 1 -0.0516257
4 3 3 2 0.0000000
4 3 3 3 0.0922519
4 3 4 0 -0.0009705
4 3 4 1 0.0059636
4 3 4 2 -0.0000000
4 3 4 3 0.0769935
4 3 4 4 -0.0332891
4 4 0 0 0.5035104
4 4 1 0 0.0020013
4 4 1 1 0.5155405
4 4 2 0 0.0000000
4 4 2 1 0.0000000
4 4 2 2 0.4731759
4 4 3 0 0.0016488
4 4 3 1 0.0187543
4 4 3 2 -0.0000000
4 4 3 3 0.4381536
4 4 4 0 -0.0000140
4 4 4 1 -0.0072576
4 4 4 2 0.0000000
4 4 4 3 -0.0332891
4 4 4 4 0.5211402
5 0 0 0 0.2198408
5 0 1 0 -0.0262111
5 0 1 1 -0.0117138
5 0 2 0 0.0000000
5 0 2 1 0.0000000
5 0 2 2 -0.0006493
5 0 3 0 0.0066214
5 0 3 1 -0.0062775
5 0 3 2 -0.0000000
5 0 3 3 0.0158499
5 0 4 0 0.0134655
5 0 4 1 0.0013680
5 0 4 2 0.0000000
5 0 4 3 0.0118910
5 0 4 4 -0.0032016
5 0 5 0 0.0389707
5 0 5 1 0.0040111
5 0 5 2 0.0000000
5 0 5 3 -0.0040509
5 0 5 4 -0.0024484
5 0 5 5 -0.0099442
5 1 0 0 -0.2644731
5 1 1 0 -0.0003833
5 1 1 1 -0.0701386
5 1 2 0 0.0000000
5 1 2 1 -0.0000000
5 1 2 2 -0.0707100
5 1 3 0 -0.0079639
5 1 3 1 0.0260793
5 1 3 2 -0.0000000
5 1 3 3 -0.0919227
5 1 4 0 -0.0029460
5 1 4 1 0.0156260
5 1 4 2 -0.0000000
5 1 4 3 -0.0463245
5 1 4 4 0.0002128
5 1 5 0 0.0040111
5 1 5 1 0.1045292
5 1 5 2 -0.0000000
5 1 5 3 0.0368135
5 1 5 4 -0.0404621
5 1 5 5 -0.0808039
5 2 0 0 0.0000000
5 2 1 0 -0.0000000
5 2 1 1 0.0000000
5 2 2 0 -0.0060495
5 2 2 1 -0.0074427
5 2 2 2 0.0000000
5 2 3 0 0.0000000
5 2 3 1 -0.0000000
5 2 3 2 0.0019689
5 2 3 3 0.0000000
5 2 4 0 0.0000000
5 2 4 1 -0.0000000
5 2 4 2 0.0148184
5 2 4 3 0.0000000
5 2 4 4 -0.0000000
5 2 5 0 0.0000000
5 2 5 1 -0.0000000
5 2 5 2 0.0230866
5 2 5 3 -0.0000000
5 2 5 4 -0.0000000
5 2 5 5 0.0000000
5 3 0 0 -0.0874771
5 3 1 0 0.0041515
5 3 1 1 0.0177691
5 3 2 0 -0.0000000
5 3 2 1 -0.0000000
5 3 2 2 -0.0172123
5 3 3 0 -0.0028704
5 3 3 1 0.0059079
5 3 3 2 0.0000000
5 3 3 3 -0.0373794
5 3 4 0 -0.0019903
5 3 4 1 -0.0187216
5 3 4 2 0.0000000
5 3 4 3 -0.0337753
5 3 4 4 0.0262174
5 3 5 0 -0.0040509
5 3 5 1 0.0368135
5 3 5 2 -0.0000000
5 3 5 3 0.0525957
5 3 5 4 -0.0214646
5 3 5 5 0.0032936
5 4 0 0 0.0605978
5 4 1 0 0.0010096
5 4 1 1 0.0108639
5 4 2 0 -0.0000000
5 4 2 1 -0.0000000
5 4 2 2 0.0333165
5 4 3 0 0.0023240
5 4 3 1 -0.0319803
5 4 3 2 0.0000000
5 4 3 3 -0.0004563
5 4 4 0 0.0005094
5 4 4 1 0.0399340
5 4 4 2 -0.0000000
5 4 4 3 0.0270809
5 4 4 4 -0.0024684
5 4 5 0 -0.0024484
5 4 5 1 -0.0404621
5 4 5 2 -0.0000000
5 4 5 3 -0.0214646
5 4 5 4 0.0600401
5 4 5 5 -0.0141127
5 5 0 0 0.7824028
5 5 1 0 0.0007819
5 5 1 1 0.5769053
5 5 2 0 -0.0000000
5 5 2 1 -0.0000000
5 5 2 2 0.4977089
5 5 3 0 0.0184102
5 5 3 1 0.0392442
5 5 3 2 0.0000000
5 5 3 3 0.5066588
5 5 4 0 0.0063917
5 5 4 1 -0.0693485
5 5 4 2 -0.0000000
5 5 4 3 -0.0198312
5 5 4 4 0.5014677
5 5 5 0 -0.0099442
5 5 5 1 -0.0808039
5 5 5 2 0.0000000
5 5 5 3 0.0032936
5 5 5 4 -0.0141127
5 5 5 5 0.6253534
6 0 0 0 -0.0000000
6 0 1 0 0.0000000
6 0 1 1 0.0000000
6 0 2 0 0.0133331
6 0 2 1 0.0139911
6 0 2 2 0.0000000
6 0 3 0 -0.0000000
6 0 3 1 0.0000000
6 0 3 2 -0.0095350
6 0 3 3 -0.0000000
6 0 4 0 -0.0000000
6 0 4 1 -0.0000000
6 0 4 2 0.0011613
6 0 4 3 -0.0000000
6 0 4 4 0.0000000
6 0 5 0 -0.0000000
6 0 5 1 0.0000000
6 0 5 2 -0.0074870
6 0 5 3 -0.0000000
6 0 5 4 -0.0000000
6 0 5 5 -0.0000000
6 0 6 0 0.0188285
6 0 6 1 0.0047094
6 0 6 2 -0.0000000
6 0 6 3 -0.0095741
6 0 6 4 -0.0099360
6 0 6 5 -0.0096001
6 0 6 6 0.0000000
6 1 0 0 0.0000000
6 1 1 0 0.0000000
6 1 1 1 0.0000000
6 1 2 0 0.0036960
6 1 2 1 -0.0327483
6 1 2 2 0.0000000
6 1 3 0 0.0000000
6 1 3 1 -0.0000000
6 1 3 2 0.0019830
6 1 3 3 0.0000000
6 1 4 0 0.0000000
6 1 4 1 -0.0000000
6 1 4 2 -0.0505418
6 1 4 3 0.0000000
6 1 4 4 -0.0000000
6 1 5 0 0.0000000
6 1 5 1 -0.0000000
6 1 5 2 -0.0221478
6 1 5 3 -0.0000000
6 1 5 4 0.0000000
6 1 5 5 0.0000000
6 1 6 0 0.0047094
6 1 6 1 0.0432357
6 1 6 2 0.0000000
6 1 6 3 -0.0108980
6 1 6 4 0.0538168
6 1 6 5 0.0209064
6 1 6 6 0.0000000
6 2 0 0 0.2547456
6 2 1 0 -0.0061815
6 2 1 1 0.0130147
6 2 2 0 0.0000000
6 2 2 1 0.0000000
6 2 2 2 0.0456786
6 2 3 0 0.0011187
6 2 3 1 -0.0197655
6 2 3 2 0.0000000
6 2 3 3 0.1119747
6 2 4 0 0.0030755
6 2 4 1 -0.0407265
6 2 4 2 -0.0000000
6 2 4 3 0.0551427
6 2 4 4 -0.0357253
6 2 5 0 0.0083484
6 2 5 1 -0.0702169
6 2 5 2 0.0000000
6 2 5 3 -0.0332711
6 2 5 4 -0.0068070
6 2 5 5 0.0498634
6 2 6 0 -0.0000000
6 2 6 1 0.0000000
6 2 6 2 0.1207876
6 2 6 3 0.0000000
6 2 6 4 0.0000000
6 2 6 5 -0.0000000
6 2 6 6 0.0425191
6 3 0 0 0.0000000
6 3 1 0 -0.0000000
6 3 1 1 -0.0000000
6 3 2 0 -0.0070611
6 3 2 1 -0.0156333
6 3 2 2 0.0000000
6 3 3 0 0.0000000
6 3 3 1 -0.0000000
6 3 3 2 0.0279875
6 3 3 3 0.0000000
6 3 4 0 0.0000000
6 3 4 1 0.0000000
6 3 4 2 0.0078145
6 3 4 3 0.0000000
6 3 4 4 -0.0000000
6 3 5 0 -0.0000000
6 3 5 1 -0.0000000
6 3 5 2 0.0047983
6 3 5 3 -0.0000000
6 3 5 4 0.0000000
6 3 5 5 -0.0000000
6 3 6 0 -0.0095741
6 3 6 1 -0.0108980
6 3 6 2 0.0000000
6 3 6 3 0.0305518
6 3 6 4 0.0107342
6 3 6 5 0.0020250
6 3 6 6 0.0000000
6 4 0 0 -0.0000000
6 4 1 0 -0.0000000
6 4 1 1 0.0000000
6 4 2 0 -0.0074323
6 4 2 1 -0.0939378
6 4 2 2 -0.0000000
6 4 3 0 -0.0000000
6 4 3 1 0.0000000
6 4 3 2 0.0358332
6 4 3 3 -0.0000000
6 4 4 0 -0.0000000
6 4 4 1 -0.0000000
6 4 4 2 -0.0867827
6 4 4 3 -0.0000000
6 4 4 4 -0.0000000
6 4 5 0 -0.0000000
6 4 5 1 0.0000000
6 4 5 2 -0.0146575
6 4 5 3 0.0000000
6 4 5 4 0.0000000
6 4 5 5 0.0000000
6 4 6 0 -0.0099360
6 4 6 1 0.0538168
6 4 6 2 0.0000000
6 4 6 3 0.0107342
6 4 6 4 0.1149857
6 4 6 5 0.0569289
6 4 6 6 -0.0000000
6 5 0 0 -0.0000000
6 5 1 0 -0.0000000
6 5 1 1 -0.0000000
6 5 2 0 -0.0074685
6 5 2 1 -0.0580781
6 5 2 2 0.0000000
6 5 3 0 -0.0000000
6 5 3 1 -0.0000000
6 5 3 2 0.0143341
6 5 3 3 -0.0000000
6 5 4 0 -0.0000000
6 5 4 1 0.0000000
6 5 4 2 -0.0433683
6 5 4 3 0.0000000
6 5 4 4 -0.0000000
6 5 5 0 0.0000000
6 5 5 1 0.0000000
6 5 5 2 0.0045500
6 5 5 3 -0.0000000
6 5 5 4 0.0000000
6 5 5 5 -0.0000000
6 5 6 0 -0.0096001
6 5 6 1 0.0209064
6 5 6 2 -0.0000000
6 5 6 3 0.0020250
6 5 6 4 0.0569289
6 5 6 5 0.0413073
6 5 6 6 -0.0000000
6 6 0 0 0.7103578
6 6 1 0 -0.0054620
6 6 1 1 0.4990105
6 6 2 0 0.0000000
6 6 2 1 0.0000000
6 6 2 2 0.5303128
6 6 3 0 0.0041063
6 6 3 1 -0.0174145
6 6 3 2 -0.0000000
6 6 3 3 0.4927716
6 6 4 0 0.0038245
6 6 4 1 0.0189283
6 6 4 2 0.0000000
6 6 4 3 0.0263803
6 6 4 4 0.4801926
6 6 5 0 0.0058145
6 6 5 1 -0.0600399
6 6 5 2 0.0000000
6 6 5 3 -0.0236914
6 6 5 4 0.0380907
6 6 5 5 0.4974445
6 6 6 0 0.0000000
6 6 6 1 0.0000000
6 6 6 2 0.0425191
6 6 6 3 0.0000000
6 6 6 4 -0.0000000
6 6 6 5 -0.0000000
6 6 6 6 0.5507188
7 0 0 0 -0.0850728
7 0 1 0 0.0037534
7 0 1 1 -0.0068796
7 0 2 0 0.0000000
7 0 2 1 -0.0000000
7 0 2 2 -0.0005580
7 0 3 0 -0.0033382
7 0 3 1 0.0049683
7 0 3 2 0.0000000
7 0 3 3 -0.0043899
7 0 4 0 -0.0033597
7 0 4 1 0.0035237
7 0 4 2 0.0000000
7 0 4 3 -0.0025915
7 0 4 4 -0.0037931
7 0 5 0 -0.0053602
7 0 5 1 0.0043359
7 0 5 2 0.0000000
7 0 5 3 -0.0057264
7 0 5 4 -0.0033236
7 0 5 5 -0.0048210
7 0 6 0 0.0000000
7 0 6 1 -0.0000000
7 0 6 2 0.0017068
7 0 6 3 0.0000000
7 0 6 4 0.0000000
7 0 6 5 0.0000000
7 0 6 6 0.0005640
7 0 7 0 0.0112589
7 0 7 1 0.0015203
7 0 7 2 0.0000000
7 0 7 3 -0.0025718
7 0 7 4 -0.0014832
7 0 7 5 -0.0031686
7 0 7 6 0.0000000
7 0 7 7 0.0059801
7 1 0 0 -0.0067293
7 1 1 0 -0.0007966
7 1 1 1 -0.0000279
7 1 2 0 -0.0000000
7 1 2 1 -0.0000000
7 1 2 2 0.0056402
7 1 3 0 0.0032858
7 1 3 1 0.0073196
7 1 3 2 0.0000000
7 1 3 3 -0.0112333
7 1 4 0 0.0014136
7 1 4 1 0.0071471
7 1 4 2 -0.0000000
7 1 4 3 -0.0076160
7 1 4 4 0.0015178
7 1 5 0 -0.0006053
7 1 5 1 0.0024861
7 1 5 2 -0.0000000
7 1 5 3 -0.0049424
7 1 5 4 0.0011062
7 1 5 5 -0.0001063
7 1 6 0 0.0000000
7 1 6 1 -0.0000000
7 1 6 2 -0.0027904
7 1 6 3 0.0000000
7 1 6 4 -0.0000000
7 1 6 5 0.0000000
7 1 6 6 0.0047658
7 1 7 0 0.0015203
7 1 7 1 0.0100688
7 1 7 2 -0.0000000
7 1 7 3 0.0045601
7 1 7 4 -0.0068827
7 1 7 5 -0.0004717
7 1 7 6 -0.0000000
7 1 7 7 -0.0022082
7 2 0 0 -0.0000000
7 2 1 0 -0.0000000
7 2 1 1 -0.0000000
7 2 2 0 0.0050607
7 2 2 1 0.0225053
7 2 2 2 0.0000000
7 2 3 0 0.0000000
7 2 3 1 0.0000000
7 2 3 2 -0.0118391
7 2 3 3 -0.0000000
7 2 4 0 -0.0000000
7 2 4 1 -0.0000000
7 2 4 2 0.0121101
7 2 4 3 -0.0000000
7 2 4 4 0.0000000
7 2 5 0 0.0000000
7 2 5 1 -0.0000000
7 2 5 2 -0.0049023
7 2 5 3 -0.0000000
7 2 5 4 -0.0000000
7 2 5 5 -0.0000000
7 2 6 0 0.0069595
7 2 6 1 -0.0013755
7 2 6 2 0.0000000
7 2 6 3 -0.0100542
7 2 6 4 -0.0184776
7 2 6 5 -0.0125103
7 2 6 6 0.0000000
7 2 7 0 0.0000000
7 2 7 1 -0.0000000
7 2 7 2 0.0185528
7 2 7 3 0.0000000
7 2 7 4 -0.0000000
7 2 7 5 0.0000000
7 2 7 6 0.0158601
7 2 7 7 0.0000000
7 3 0 0 -0.0079050
7 3 1 0 0.0043990
7 3 1 1 0.0265495
7 3 2 0 0.0000000
7 3 2 1 0.0000000
7 3 2 2 0.0006987
7 3 3 0 0.0028238
7 3 3 1 0.0030496
7 3 3 2 -0.0000000
7 3 3 3 -0.0127338
7 3 4 0 -0.0005805
7 3 4 1 -0.0093048
7 3 4 2 -0.0000000
7 3 4 3 -0.0157173
7 3 4 4 0.0161244
7 3 5 0 -0.0080509
7 3 5 1 -0.0021098
7 3 5 2 -0.0000000
7 3 5 3 0.0182808
7 3 5 4 0.0018919
7 3 5 5 0.0235351
7 3 6 0 0.0000000
7 3 6 1 0.0000000
7 3 6 2 -0.0158518
7 3 6 3 -0.0000000
7 3 6 4 -0.0000000
7 3 6 5 -0.0000000
7 3 6 6 -0.0045528
7 3 7 0 -0.0025718
7 3 7 1 0.0045601
7 3 7 2 0.0000000
7 3 7 3 0.0264784
7 3 7 4 -0.0010158
7 3 7 5 -0.0006714
7 3 7 6 -0.0000000
7 3 7 7 0.0055853
7 4 0 0 -0.0073124
7 4 1 0 0.0020888
7 4 1 1 0.0068890
7 4 2 0 0.0000000
7 4 2 1 -0.0000000
7 4 2 2 0.0034446
7 4 3 0 -0.0002035
7 4 3 1 -0.0015237
7 4 3 2 -0.0000000
7 4 3 3 -0.0049675
7 4 4 0 -0.0008723
7 4 4 1 0.0007297
7 4 4 2 -0.0000000
7 4 4 3 -0.0018091
7 4 4 4 0.0044712
7 4 5 0 -0.0030452
7 4 5 1 -0.0020436
7 4 5 2 -0.0000000
7 4 5 3 0.0045326
7 4 5 4 0.0051596
7 4 5 5 0.0029777
7 4 6 0 0.0000000
7 4 6 1 0.0000000
7 4 6 2 -0.0058280
7 4 6 3 -0.0000000
7 4 6 4 -0.0000000
7 4 6 5 -0.0000000
7 4 6 6 0.0001222
7 4 7 0 -0.0014832
7 4 7 1 -0.0068827
7 4 7 2 -0.0000000
7 4 7 3 -0.0010158
7 4 7 4 0.0172495
7 4 7 5 -0.0143230
7 4 7 6 0.0000000
7 4 7 7 -0.0062513
7 5 0 0 -0.0108406
7 5 1 0 0.0011207
7 5 1 1 -0.0022805
7 5 2 0 0.0000000
7 5 2 1 0.0000000
7 5 2 2 -0.0050780
7 5 3 0 -0.0078531
7 5 3 1 -0.0184075
7 5 3 2 -0.0000000
7 5 3 3 0.0159754
7 5 4 0 -0.0029842
7 5 4 1 0.0003848
7 5 4 2 0.0000000
7 5 4 3 0.0146607
7 5 4 4 0.0012139
7 5 5 0 0.0029098
7 5 5 1 0.0007582
7 5 5 2 -0.0000000
7 5 5 3 0.0074718
7 5 5 4 0.0041427
7 5 5 5 -0.0152137
7 5 6 0 0.0000000
7 5 6 1 0.0000000
7 5 6 2 -0.0036031
7 5 6 3 -0.0000000
7 5 6 4 -0.0000000
7 5 6 5 0.0000000
7 5 6 6 -0.0020354
7 5 7 0 -0.0031686
7 5 7 1 -0.0004717
7 5 7 2 0.0000000
7 5 7 3 -0.0006714
7 5 7 4 -0.0143230
7 5 7 5 0.0333398
7 5 7 6 -0.0000000
7 5 7 7 -0.0181847
7 6 0 0 0.0000000
7 6 1 0 -0.0000000
7 6 1 1 0.0000000
7 6 2 0 0.0055665
7 6 2 1 0.0123080
7 6 2 2 0.0000000
7 6 3 0 0.0000000
7 6 3 1 0.0000000
7 6 3 2 -0.0111635
7 6 3 3 -0.0000000
7 6 4 0 0.0000000
7 6 4 1 -0.0000000
7 6 4 2 0.0006583
7 6 4 3 -0.0000000
7 6 4 4 -0.0000000
7 6 5 0 0.0000000
7 6 5 1 0.0000000
7 6 5 2 -0.0065610
7 6 5 3 -0.0000000
7 6 5 4 -0.0000000
7 6 5 5 0.0000000
7 6 6 0 0.0077130
7 6 6 1 0.0054648
7 6 6 2 0.0000000
7 6 6 3 -0.0119846
7 6 6 4 -0.0071843
7 6 6 5 -0.0064210
7 6 6 6 0.0000000
7 6 7 0 0.0000000
7 6 7 1 -0.0000000
7 6 7 2 0.0158601
7 6 7 3 -0.0000000
7 6 7 4 0.0000000
7 6 7 5 -0.0000000
7 6 7 6 0.0195539
7 6 7 7 0.0000000
7 7 0 0 0.5615261
7 7 1 0 -0.0065362
7 7 1 1 0.4321207
7 7 2 0 -0.0000000
7 7 2 1 0.0000000
7 7 2 2 0.4042319
7 7 3 0 0.0083457
7 7 3 1 0.0397552
7 7 3 2 0.0000000
7 7 3 3 0.4233220
7 7 4 0 0.0052553
7 7 4 1 -0.0524447
7 7 4 2 -0.0000000
7 7 4 3 -0.0194906
7 7 4 4 0.4110400
7 7 5 0 0.0047776
7 7 5 1 -0.0134224
7 7 5 2 0.0000000
7 7 5 3 0.0056213
7 7 5 4 -0.0480228
7 7 5 5 0.4842887
7 7 6 0 -0.0000000
7 7 6 1 0.0000000
7 7 6 2 0.0464769
7 7 6 3 -0.0000000
7 7 6 4 0.0000000
7 7 6 5 -0.0000000
7 7 6 6 0.4112660
7 7 7 0 0.0059801
7 7 7 1 -0.0022082
7 7 7 2 0.0000000
7 7 7 3 0.0055853
7 7 7 4 -0.0062513
7 7 7 5 -0.0181847
7 7 7 6 0.0000000
7 7 7 7 0.5146546
8 0 0 0 -0.0000000
8 0 1 0 0.0000000
8 0 1 1 0.0000000
8 0 2 0 -0.0002484
8 0 2 1 -0.0003142
8 0 2 2 -0.0000000
8 0 3 0 0.0000000
8 0 3 1 0.0000000
8 0 3 2 0.0001726
8 0 3 3 -0.0000000
8 0 4 0 0.0000000
8 0 4 1 -0.0000000
8 0 4 2 0.0001049
8 0 4 3 -0.0000000
8 0 4 4 -0.0000000
8 0 5 0 -0.0000000
8 0 5 1 -0.0000000
8 0 5 2 0.0002931
8 0 5 3 0.0000000
8 0 5 4 -0.0000000
8 0 5 5 0.0000000
8 0 6 0 -0.0003391
8 0 6 1 -0.0002488
8 0 6 2 -0.0000000
8 0 6 3 0.0001870
8 0 6 4 0.0000461
8 0 6 5 0.0002042
8 0 6 6 -0.0000000
8 0 7 0 0.0000000
8 0 7 1 0.0000000
8 0 7 2 -0.0001305
8 0 7 3 0.0000000
8 0 7 4 0.0000000
8 0 7 5 -0.0000000
8 0 7 6 -0.0001559
8 0 7 7 0.0000000
8 0 8 0 0.0000107
8 0 8 1 -0.0000416
8 0 8 2 0.0000000
8 0 8 3 -0.0000803
8 0 8 4 0.0000831
8 0 8 5 -0.0002190
8 0 8 6 0.0000000
8 0 8 7 -0.0000302
8 0 8 8 0.0000000
8 1 0 0 0.0000000
8 1 1 0 0.0000000
8 1 1 1 0.0000000
8 1 2 0 -0.0021358
8 1 2 1 -0.0342651
8 1 2 2 -0.0000000
8 1 3 0 0.0000000
8 1 3 1 0.0000000
8 1 3 2 0.0077203
8 1 3 3 0.0000000
8 1 4 0 0.0000000
8 1 4 1 0.0000000
8 1 4 2 -0.0290468
8 1 4 3 0.0000000
8 1 4 4 -0.0000000
8 1 5 0 -0.0000000
8 1 5 1 0.0000000
8 1 5 2 -0.0007683
8 1 5 3 0.0000000
8 1 5 4 0.0000000
8 1 5 5 0.0000000
8 1 6 0 -0.0026716
8 1 6 1 0.0180050
8 1 6 2 0.0000000
8 1 6 3 0.0008772
8 1 6 4 0.0361790
8 1 6 5 0.0195619
8 1 6 6 -0.0000000
8 1 7 0 -0.0000000
8 1 7 1 0.0000000
8 1 7 2 -0.0068467
8 1 7 3 0.0000000
8 1 7 4 0.0000000
8 1 7 5 -0.0000000
8 1 7 6 -0.0011026
8 1 7 7 -0.0000000
8 1 8 0 -0.0000416
8 1 8 1 0.0258574
8 1 8 2 -0.0000000
8 1 8 3 0.0120630
8 1 8 4 -0.0050853
8 1 8 5 0.0263178
8 1 8 6 -0.0000000
8 1 8 7 -0.0003884
8 1 8 8 -0.0000000
8 2 0 0 -0.0339947
8 2 1 0 -0.0001680
8 2 1 1 -0.0190491
8 2 2 0 -0.0000000
8 2 2 1 -0.0000000
8 2 2 2 -0.0293842
8 2 3 0 -0.0003182
8 2 3 1 0.0107039
8 2 3 2 0.0000000
8 2 3 3 -0.0164644
8 2 4 0 -0.0000233
8 2 4 1 -0.0173325
8 2 4 2 -0.0000000
8 2 4 3 -0.0118935
8 2 4 4 -0.0113727
8 2 5 0 0.0003445
8 2 5 1 0.0188979
8 2 5 2 -0.0000000
8 2 5 3 0.0136220
8 2 5 4 -0.0237732
8 2 5 5 -0.0028591
8 2 6 0 -0.0000000
8 2 6 1 -0.0000000
8 2 6 2 -0.0027871
8 2 6 3 -0.0000000
8 2 6 4 0.0000000
8 2 6 5 -0.0000000
8 2 6 6 -0.0291535
8 2 7 0 0.0000047
8 2 7 1 -0.0026401
8 2 7 2 -0.0000000
8 2 7 3 0.0032126
8 2 7 4 -0.0014044
8 2 7 5 -0.0009901
8 2 7 6 0.0000000
8 2 7 7 0.0201247
8 2 8 0 0.0000000
8 2 8 1 -0.0000000
8 2 8 2 0.0204556
8 2 8 3 -0.0000000
8 2 8 4 0.0000000
8 2 8 5 -0.0000000
8 2 8 6 -0.0165890
8 2 8 7 0.0000000
8 2 8 8 0.0582747
8 3 0 0 0.0000000
8 3 1 0 0.0000000
8 3 1 1 0.0000000
8 3 2 0 -0.0002862
8 3 2 1 -0.0069032
8 3 2 2 0.0000000
8 3 3 0 0.0000000
8 3 3 1 -0.0000000
8 3 3 2 -0.0000368
8 3 3 3 0.0000000
8 3 4 0 -0.0000000
8 3 4 1 0.0000000
8 3 4 2 -0.0069824
8 3 4 3 0.0000000
8 3 4 4 0.0000000
8 3 5 0 -0.0000000
8 3 5 1 0.0000000
8 3 5 2 0.0009510
8 3 5 3 -0.0000000
8 3 5 4 0.0000000
8 3 5 5 0.0000000
8 3 6 0 -0.0003287
8 3 6 1 0.0042461
8 3 6 2 -0.0000000
8 3 6 3 -0.0012337
8 3 6 4 0.0080835
8 3 6 5 0.0036974
8 3 6 6 -0.0000000
8 3 7 0 -0.0000000
8 3 7 1 0.0000000
8 3 7 2 -0.0013552
8 3 7 3 -0.0000000
8 3 7 4 0.0000000
8 3 7 5 -0.0000000
8 3 7 6 -0.0000768
8 3 7 7 -0.0000000
8 3 8 0 -0.0000803
8 3 8 1 0.0120630
8 3 8 2 -0.0000000
8 3 8 3 0.0083022
8 3 8 4 -0.0082656
8 3 8 5 0.0155790
8 3 8 6 -0.0000000
8 3 8 7 0.0011426
8 3 8 8 -0.0000000
8 4 0 0 0.0000000
8 4 1 0 -0.0000000
8 4 1 1 0.0000000
8 4 2 0 -0.0003302
8 4 2 1 -0.0122962
8 4 2 2 -0.0000000
8 4 3 0 0.0000000
8 4 3 1 0.0000000
8 4 3 2 0.0030750
8 4 3 3 -0.0000000
8 4 4 0 -0.0000000
8 4 4 1 0.0000000
8 4 4 2 -0.0119933
8 4 4 3 0.0000000
8 4 4 4 -0.0000000
8 4 5 0 -0.0000000
8 4 5 1 0.0000000
8 4 5 2 -0.0059914
8 4 5 3 0.0000000
8 4 5 4 0.0000000
8 4 5 5 0.0000000
8 4 6 0 -0.0005345
8 4 6 1 0.0097479
8 4 6 2 0.0000000
8 4 6 3 0.0005902
8 4 6 4 0.0147232
8 4 6 5 0.0098157
8 4 6 6 -0.0000000
8 4 7 0 0.0000000
8 4 7 1 0.0000000
8 4 7 2 -0.0017321
8 4 7 3 0.0000000
8 4 7 4 0.0000000
8 4 7 5 -0.0000000
8 4 7 6 -0.0009022
8 4 7 7 0.0000000
8 4 8 0 0.0000831
8 4 8 1 -0.0050853
8 4 8 2 0.0000000
8 4 8 3 -0.0082656
8 4 8 4 0.0167080
8 4 8 5 -0.0123535
8 4 8 6 0.0000000
8 4 8 7 0.0011941
8 4 8 8 0.0000000
8 5 0 0 -0.0000000
8 5 1 0 0.0000000
8 5 1 1 0.0000000
8 5 2 0 -0.0004623
8 5 2 1 -0.0207051
8 5 2 2 0.0000000
8 5 3 0 -0.0000000
8 5 3 1 -0.0000000
8 5 3 2 0.0050564
8 5 3 3 -0.0000000
8 5 4 0 -0.0000000
8 5 4 1 0.0000000
8 5 4 2 -0.0245108
8 5 4 3 0.0000000
8 5 4 4 0.0000000
8 5 5 0 -0.0000000
8 5 5 1 0.0000000
8 5 5 2 -0.0037714
8 5 5 3 -0.0000000
8 5 5 4 0.0000000
8 5 5 5 0.0000000
8 5 6 0 -0.0006128
8 5 6 1 0.0170507
8 5 6 2 -0.0000000
8 5 6 3 -0.0011932
8 5 6 4 0.0299552
8 5 6 5 0.0126023
8 5 6 6 -0.0000000
8 5 7 0 -0.0000000
8 5 7 1 0.0000000
8 5 7 2 -0.0040150
8 5 7 3 -0.0000000
8 5 7 4 0.0000000
8 5 7 5 0.0000000
8 5 7 6 0.0014159
8 5 7 7 -0.0000000
8 5 8 0 -0.0002190
8 5 8 1 0.0263178
8 5 8 2 -0.0000000
8 5 8 3 0.0155790
8 5 8 4 -0.0123535
8 5 8 5 0.0348979
8 5 8 6 -0.0000000
8 5 8 7 -0.0007794
8 5 8 8 -0.0000000
8 6 0 0 0.0005960
8 6 1 0 0.0001989
8 6 1 1 0.0065884
8 6 2 0 0.0000000
8 6 2 1 0.0000000
8 6 2 2 0.0134498
8 6 3 0 -0.0003133
8 6 3 1 -0.0084528
8 6 3 2 -0.0000000
8 6 3 3 -0.0007203
8 6 4 0 -0.0002566
8 6 4 1 0.0198444
8 6 4 2 0.0000000
8 6 4 3 0.0064329
8 6 4 4 0.0083205
8 6 5 0 -0.0001122
8 6 5 1 -0.0053411
8 6 5 2 -0.0000000
8 6 5 3 -0.0079560
8 6 5 4 0.0212389
8 6 5 5 -0.0093418
8 6 6 0 0.0000000
8 6 6 1 -0.0000000
8 6 6 2 -0.0102674
8 6 6 3 0.0000000
8 6 6 4 -0.0000000
8 6 6 5 0.0000000
8 6 6 6 0.0174934
8 6 7 0 -0.0001248
8 6 7 1 0.0024626
8 6 7 2 0.0000000
8 6 7 3 -0.0018687
8 6 7 4 0.0006236
8 6 7 5 0.0032524
8 6 7 6 -0.0000000
8 6 7 7 -0.0253666
8 6 8 0 0.0000000
8 6 8 1 -0.0000000
8 6 8 2 -0.0165890
8 6 8 3 -0.0000000
8 6 8 4 0.0000000
8 6 8 5 -0.0000000
8 6 8 6 0.0160584
8 6 8 7 0.0000000
8 6 8 8 -0.0445588
8 7 0 0 0.0000000
8 7 1 0 0.0000000
8 7 1 1 0.0000000
8 7 2 0 -0.0002725
8 7 2 1 -0.0031375
8 7 2 2 -0.0000000
8 7 3 0 0.0000000
8 7 3 1 0.0000000
8 7 3 2 0.0014596
8 7 3 3 -0.0000000
8 7 4 0 0.0000000
8 7 4 1 0.0000000
8 7 4 2 -0.0019636
8 7 4 3 0.0000000
8 7 4 4 -0.0000000
8 7 5 0 -0.0000000
8 7 5 1 0.0000000
8 7 5 2 -0.0007107
8 7 5 3 0.0000000
8 7 5 4 0.0000000
8 7 5 5 0.0000000
8 7 6 0 -0.0003226
8 7 6 1 0.0022441
8 7 6 2 0.0000000
8 7 6 3 0.0001500
8 7 6 4 0.0026278
8 7 6 5 0.0025736
8 7 6 6 -0.0000000
8 7 7 0 0.0000000
8 7 7 1 -0.0000000
8 7 7 2 0.0035681
8 7 7 3 -0.0000000
8 7 7 4 0.0000000
8 7 7 5 -0.0000000
8 7 7 6 -0.0040456
8 7 7 7 -0.0000000
8 7 8 0 -0.0000302
8 7 8 1 -0.0003884
8 7 8 2 0.0000000
8 7 8 3 0.0011426
8 7 8 4 0.0011941
8 7 8 5 -0.0007794
8 7 8 6 0.0000000
8 7 8 7 0.0210482
8 7 8 8 -0.0000000
8 8 0 0 0.3245184
8 8 1 0 0.0031020
8 8 1 1 0.4374689
8 8 2 0 0.0000000
8 8 2 1 0.0000000
8 8 2 2 0.3520080
8 8 3 0 0.0042144
8 8 3 1 0.0706258
8 8 3 2 -0.0000000
8 8 3 3 0.3281257
8 8 4 0 0.0004900
8 8 4 1 -0.0580562
8 8 4 2 -0.0000000
8 8 4 3 -0.0844619
8 8 4 4 0.4450167
8 8 5 0 -0.0067125
8 8 5 1 0.0706134
8 8 5 2 -0.0000000
8 8 5 3 0.0731503
8 8 5 4 -0.0784129
8 8 5 5 0.4742807
8 8 6 0 0.0000000
8 8 6 1 -0.0000000
8 8 6 2 -0.0511553
8 8 6 3 -0.0000000
8 8 6 4 0.0000000
8 8 6 5 -0.0000000
8 8 6 6 0.3551159
8 8 7 0 -0.0014027
8 8 7 1 -0.0021294
8 8 7 2 0.0000000
8 8 7 3 0.0304421
8 8 7 4 0.0005054
8 8 7 5 -0.0104011
8 8 7 6 0.0000000
8 8 7 7 0.4670423
8 8 8 0 0.0000000
8 8 8 1 -0.0000000
8 8 8 2 0.0582747
8 8 8 3 -0.0000000
8 8 8 4 0.0000000
8 8 8 5 -0.0000000
8 8 8 6 -0.0445588
8 8 8 7 -0.0000000
8 8 8 8 0.6728328
9 0 0 0 0.0028043
9 0 1 0 -0.0000987
9 0 1 1 0.0003678
9 0 2 0 -0.0000000
9 0 2 1 0.0000000
9 0 2 2 0.0003875
9 0 3 0 0.0001143
9 0 3 1 -0.0001699
9 0 3 2 0.0000000
9 0 3 3 0.0005163
9 0 4 0 0.0000870
9 0 4 1 -0.0000366
9 0 4 2 -0.0000000
9 0 4 3 0.0002591
9 0 4 4 0.0001029
9 0 5 0 0.0001053
9 0 5 1 -0.0004547
9 0 5 2 0.0000000
9 0 5 3 -0.0001542
9 0 5 4 0.0002427
9 0 5 5 0.0003847
9 0 6 0 -0.0000000
9 0 6 1 0.0000000
9 0 6 2 0.0003014
9 0 6 3 0.0000000
9 0 6 4 -0.0000000
9 0 6 5 0.0000000
9 0 6 6 0.0004077
9 0 7 0 -0.0001227
9 0 7 1 -0.0000086
9 0 7 2 -0.0000000
9 0 7 3 -0.0000035
9 0 7 4 0.0000106
9 0 7 5 0.0000342
9 0 7 6 -0.0000000
9 0 7 7 -0.0000326
9 0 8 0 -0.0000000
9 0 8 1 0.0000000
9 0 8 2 -0.0001423
9 0 8 3 0.0000000
9 0 8 4 0.0000000
9 0 8 5 0.0000000
9 0 8 6 0.0000858
9 0 8 7 -0.0000000
9 0 8 8 -0.0004257
9 0 9 0 0.0000059
9 0 9 1 -0.0000131
9 0 9 2 0.0000000
9 0 9 3 -0.0000725
9 0 9 4 0.0001597
9 0 9 5 -0.0001178
9 0 9 6 0.0000000
9 0 9 7 -0.0000184
9 0 9 8 0.0000000
9 0 9 9 -0.0027313
9 1 0 0 0.0048218
9 1 1 0 0.0000917
9 1 1 1 0.0029166
9 1 2 0 -0.0000000
9 1 2 1 -0.0000000
9 1 2 2 0.0041096
9 1 3 0 -0.0000092
9 1 3 1 -0.0020688
9 1 3 2 -0.0000000
9 1 3 3 0.0022726
9 1 4 0 -0.0000346
9 1 4 1 0.0027425
9 1 4 2 -0.0000000
9 1 4 3 0.0024085
9 1 4 4 0.0006783
9 1 5 0 -0.0001191
9 1 5 1 -0.0032491
9 1 5 2 -0.0000000
9 1 5 3 -0.0020791
9 1 5 4 0.0043053
9 1 5 5 0.0002697
9 1 6 0 0.0000000
9 1 6 1 0.0000000
9 1 6 2 -0.0000036
9 1 6 3 0.0000000
9 1 6 4 -0.0000000
9 1 6 5 0.0000000
9 1 6 6 0.0041719
9 1 7 0 -0.0000755
9 1 7 1 0.0003646
9 1 7 2 -0.0000000
9 1 7 3 0.0000921
9 1 7 4 -0.0001689
9 1 7 5 0.0006746
9 1 7 6 -0.0000000
9 1 7 7 -0.0010322
9 1 8 0 -0.0000000
9 1 8 1 0.0000000
9 1 8 2 -0.0018057
9 1 8 3 0.0000000
9 1 8 4 -0.0000000
9 1 8 5 0.0000000
9 1 8 6 0.0015573
9 1 8 7 0.0000000
9 1 8 8 -0.0032171
9 1 9 0 -0.0000131
9 1 9 1 0.0026929
9 1 9 2 0.0000000
9 1 9 3 0.0026354
9 1 9 4 -0.0047264
9 1 9 5 0.0051962
9 1 9 6 -0.0000000
9 1 9 7 -0.0006945
9 1 9 8 -0.0000000
9 1 9 9 0.0145466
9 2 0 0 0.0000000
9 2 1 0 0.0000000
9 2 1 1 -0.0000000
9 2 2 0 0.0001429
9 2 2 1 0.0021014
9 2 2 2 0.0000000
9 2 3 0 0.0000000
9 2 3 1 -0.0000000
9 2 3 2 -0.0006676
9 2 3 3 0.0000000
9 2 4 0 -0.0000000
9 2 4 1 -0.0000000
9 2 4 2 0.0020751
9 2 4 3 -0.0000000
9 2 4 4 0.0000000
9 2 5 0 0.0000000
9 2 5 1 -0.0000000
9 2 5 2 -0.0001488
9 2 5 3 -0.0000000
9 2 5 4 -0.0000000
9 2 5 5 -0.0000000
9 2 6 0 0.0001747
9 2 6 1 -0.0010405
9 2 6 2 0.0000000
9 2 6 3 0.0000636
9 2 6 4 -0.0025011
9 2 6 5 -0.0010404
9 2 6 6 0.0000000
9 2 7 0 -0.0000000
9 2 7 1 -0.0000000
9 2 7 2 0.0003527
9 2 7 3 -0.0000000
9 2 7 4 0.0000000
9 2 7 5 0.0000000
9 2 7 6 0.0000046
9 2 7 7 -0.0000000
9 2 8 0 0.0000021
9 2 8 1 -0.0017414
9 2 8 2 -0.0000000
9 2 8 3 -0.0010400
9 2 8 4 0.0010849
9 2 8 5 -0.0021044
9 2 8 6 0.0000000
9 2 8 7 -0.0000208
9 2 8 8 -0.0000000
9 2 9 0 0.0000000
9 2 9 1 0.0000000
9 2 9 2 0.0013220
9 2 9 3 -0.0000000
9 2 9 4 -0.0000000
9 2 9 5 -0.0000000
9 2 9 6 -0.0012651
9 2 9 7 0.0000000
9 2 9 8 0.0041132
9 2 9 9 -0.0000000
9 3 0 0 0.0000978
9 3 1 0 -0.0000517
9 3 1 1 -0.0004443
9 3 2 0 -0.0000000
9 3 2 1 -0.0000000
9 3 2 2 0.0003940
9 3 3 0 0.0000515
9 3 3 1 -0.0002397
9 3 3 2 0.0000000
9 3 3 3 -0.0004083
9 3 4 0 0.0000394
9 3 4 1 0.0009873
9 3 4 2 -0.0000000
9 3 4 3 0.0005612
9 3 4 4 -0.0007840
9 3 5 0 0.0000383
9 3 5 1 -0.0002729
9 3 5 2 -0.0000000
9 3 5 3 -0.0006979
9 3 5 4 0.0007718
9 3 5 5 -0.0004012
9 3 6 0 -0.0000000
9 3 6 1 0.0000000
9 3 6 2 -0.0002692
9 3 6 3 0.0000000
9 3 6 4 -0.0000000
9 3 6 5 0.0000000
9 3 6 6 0.0004962
9 3 7 0 0.0000508
9 3 7 1 -0.0000691
9 3 7 2 -0.0000000
9 3 7 3 -0.0000351
9 3 7 4 0.0000494
9 3 7 5 -0.0002793
9 3 7 6 0.0000000
9 3 7 7 0.0020064
9 3 8 0 0.0000000
9 3 8 1 0.0000000
9 3 8 2 0.0006249
9 3 8 3 0.0000000
9 3 8 4 -0.0000000
9 3 8 5 -0.0000000
9 3 8 6 -0.0005110
9 3 8 7 0.0000000
9 3 8 8 0.0026022
9 3 9 0 -0.0000725
9 3 9 1 0.0026354
9 3 9 2 -0.0000000
9 3 9 3 0.0038519
9 3 9 4 -0.0073874
9 3 9 5 0.0067981
9 3 9 6 -0.0000000
9 3 9 7 0.0006231
9 3 9 8 -0.0000000
9 3 9 9 0.0617885
9 4 0 0 0.0010065
9 4 1 0 -0.0000146
9 4 1 1 0.0013905
9 4 2 0 0.0000000
9 4 2 1 0.0000000
9 4 2 2 0.0010870
9 4 3 0 0.0000636
9 4 3 1 0.0002648
9 4 3 2 -0.0000000
9 4 3 3 0.0007061
9 4 4 0 0.0000043
9 4 4 1 0.0005216
9 4 4 2 0.0000000
9 4 4 3 -0.0002775
9 4 4 4 0.0017761
9 4 5 0 -0.0000012
9 4 5 1 -0.0002677
9 4 5 2 -0.0000000
9 4 5 3 -0.0005229
9 4 5 4 0.0009562
9 4 5 5 -0.0000644
9 4 6 0 0.0000000
9 4 6 1 0.0000000
9 4 6 2 -0.0000736
9 4 6 3 0.0000000
9 4 6 4 -0.0000000
9 4 6 5 0.0000000
9 4 6 6 0.0013789
9 4 7 0 0.0000496
9 4 7 1 0.0003530
9 4 7 2 -0.0000000
9 4 7 3 -0.0008292
9 4 7 4 0.0004013
9 4 7 5 -0.0000658
9 4 7 6 0.0000000
9 4 7 7 -0.0056458
9 4 8 0 -0.0000000
9 4 8 1 0.0000000
9 4 8 2 -0.0028077
9 4 8 3 0.0000000
9 4 8 4 -0.0000000
9 4 8 5 0.0000000
9 4 8 6 0.0025298
9 4 8 7 -0.0000000
9 4 8 8 -0.0081670
9 4 9 0 0.0001597
9 4 9 1 -0.0047264
9 4 9 2 -0.0000000
9 4 9 3 -0.0073874
9 4 9 4 0.0149687
9 4 9 5 -0.0131778
9 4 9 6 0.0000000
9 4 9 7 0.0004643
9 4 9 8 0.0000000
9 4 9 9 -0.1475551
9 5 0 0 -0.0030617
9 5 1 0 -0.0001005
9 5 1 1 -0.0028331
9 5 2 0 -0.0000000
9 5 2 1 -0.0000000
9 5 2 2 -0.0001268
9 5 3 0 -0.0001208
9 5 3 1 -0.0016745
9 5 3 2 0.0000000
9 5 3 3 -0.0025440
9 5 4 0 0.0000038
9 5 4 1 0.0035216
9 5 4 2 -0.0000000
9 5 4 3 0.0015738
9 5 4 4 -0.0024232
9 5 5 0 0.0001783
9 5 5 1 0.0002051
9 5 5 2 -0.0000000
9 5 5 3 -0.0011003
9 5 5 4 0.0026892
9 5 5 5 -0.0037638
9 5 6 0 -0.0000000
9 5 6 1 0.0000000
9 5 6 2 -0.0017641
9 5 6 3 0.0000000
9 5 6 4 0.0000000
9 5 6 5 0.0000000
9 5 6 6 0.0004454
9 5 7 0 0.0000406
9 5 7 1 0.0002145
9 5 7 2 -0.0000000
9 5 7 3 0.0003394
9 5 7 4 -0.0004616
9 5 7 5 0.0004974
9 5 7 6 -0.0000000
9 5 7 7 0.0010684
9 5 8 0 -0.0000000
9 5 8 1 0.0000000
9 5 8 2 0.0008205
9 5 8 3 0.0000000
9 5 8 4 -0.0000000
9 5 8 5 0.0000000
9 5 8 6 -0.0003233
9 5 8 7 0.0000000
9 5 8 8 0.0033476
9 5 9 0 -0.0001178
9 5 9 1 0.0051962
9 5 9 2 -0.0000000
9 5 9 3 0.0067981
9 5 9 4 -0.0131778
9 5 9 5 0.0126812
9 5 9 6 -0.0000000
9 5 9 7 -0.0008899
9 5 9 8 -0.0000000
9 5 9 9 0.0995449
9 6 0 0 0.0000000
9 6 1 0 0.0000000
9 6 1 1 0.0000000
9 6 2 0 -0.0000736
9 6 2 1 -0.0021288
9 6 2 2 -0.0000000
9 6 3 0 0.0000000
9 6 3 1 0.0000000
9 6 3 2 0.0006605
9 6 3 3 0.0000000
9 6 4 0 -0.0000000
9 6 4 1 -0.0000000
9 6 4 2 -0.0025017
9 6 4 3 -0.0000000
9 6 4 4 0.0000000
9 6 5 0 -0.0000000
9 6 5 1 0.0000000
9 6 5 2 -0.0002789
9 6 5 3 0.0000000
9 6 5 4 0.0000000
9 6 5 5 0.0000000
9 6 6 0 -0.0000951
9 6 6 1 0.0015747
9 6 6 2 0.0000000
9 6 6 3 -0.0001190
9 6 6 4 0.0030430
9 6 6 5 0.0012143
9 6 6 6 -0.0000000
9 6 7 0 -0.0000000
9 6 7 1 -0.0000000
9 6 7 2 -0.0004321
9 6 7 3 -0.0000000
9 6 7 4 0.0000000
9 6 7 5 -0.0000000
9 6 7 6 -0.0000269
9 6 7 7 -0.0000000
9 6 8 0 -0.0000114
9 6 8 1 0.0019505
9 6 8 2 -0.0000000
9 6 8 3 0.0011377
9 6 8 4 -0.0009890
9 6 8 5 0.0025281
9 6 8 6 -0.0000000
9 6 8 7 0.0001151
9 6 8 8 -0.0000000
9 6 9 0 0.0000000
9 6 9 1 -0.0000000
9 6 9 2 -0.0012651
9 6 9 3 -0.0000000
9 6 9 4 0.0000000
9 6 9 5 -0.0000000
9 6 9 6 0.0012352
9 6 9 7 0.0000000
9 6 9 8 -0.0038107
9 6 9 9 -0.0000000
9 7 0 0 -0.0009786
9 7 1 0 0.0000855
9 7 1 1 0.0008587
9 7 2 0 0.0000000
9 7 2 1 0.0000000
9 7 2 2 0.0001977
9 7 3 0 -0.0000315
9 7 3 1 -0.0002774
9 7 3 2 -0.0000000
9 7 3 3 -0.0003514
9 7 4 0 -0.0000452
9 7 4 1 0.0001706
9 7 4 2 0.0000000
9 7 4 3 0.0000803
9 7 4 4 0.0003947
9 7 5 0 -0.0000828
9 7 5 1 0.0003495
9 7 5 2 -0.0000000
9 7 5 3 0.0001041
9 7 5 4 0.0004207
9 7 5 5 0.0001041
9 7 6 0 0.0000000
9 7 6 1 -0.0000000
9 7 6 2 -0.0007358
9 7 6 3 -0.0000000
9 7 6 4 -0.0000000
9 7 6 5 0.0000000
9 7 6 6 0.0002986
9 7 7 0 -0.0000534
9 7 7 1 -0.0009052
9 7 7 2 -0.0000000
9 7 7 3 -0.0007463
9 7 7 4 0.0018514
9 7 7 5 -0.0014517
9 7 7 6 0.0000000
9 7 7 7 -0.0001771
9 7 8 0 -0.0000000
9 7 8 1 0.0000000
9 7 8 2 -0.0002499
9 7 8 3 0.0000000
9 7 8 4 -0.0000000
9 7 8 5 0.0000000
9 7 8 6 0.0003947
9 7 8 7 0.0000000
9 7 8 8 0.0000619
9 7 9 0 -0.0000184
9 7 9 1 -0.0006945
9 7 9 2 0.0000000
9 7 9 3 0.0006231
9 7 9 4 0.0004643
9 7 9 5 -0.0008899
9 7 9 6 0.0000000
9 7 9 7 0.0091562
9 7 9 8 0.0000000
9 7 9 9 -0.0149403
9 8 0 0 0.0000000
9 8 1 0 -0.0000000
9 8 1 1 0.0000000
9 8 2 0 -0.0001097
9 8 2 1 -0.0032203
9 8 2 2 -0.0000000
9 8 3 0 0.0000000
9 8 3 1 0.0000000
9 8 3 2 0.0001880
9 8 3 3 -0.0000000
9 8 4 0 0.0000000
9 8 4 1 0.0000000
9 8 4 2 -0.0018857
9 8 4 3 0.0000000
9 8 4 4 -0.0000000
9 8 5 0 -0.0000000
9 8 5 1 0.0000000
9 8 5 2 -0.0015551
9 8 5 3 0.0000000
9 8 5 4 0.0000000
9 8 5 5 0.0000000
9 8 6 0 -0.0001534
9 8 6 1 0.0025300
9 8 6 2 0.0000000
9 8 6 3 0.0005085
9 8 6 4 0.0027198
9 8 6 5 0.0028802
9 8 6 6 -0.0000000
9 8 7 0 -0.0000000
9 8 7 1 0.0000000
9 8 7 2 -0.0004596
9 8 7 3 0.0000000
9 8 7 4 0.0000000
9 8 7 5 -0.0000000
9 8 7 6 -0.0000536
9 8 7 7 -0.0000000
9 8 8 0 -0.0000159
9 8 8 1 -0.0001217
9 8 8 2 0.0000000
9 8 8 3 -0.0013857
9 8 8 4 0.0042628
9 8 8 5 -0.0014005
9 8 8 6 0.0000000
9 8 8 7 0.0004312
9 8 8 8 -0.0000000
9 8 9 0 0.0000000
9 8 9 1 -0.0000000
9 8 9 2 0.0041132
9 8 9 3 -0.0000000
9 8 9 4 0.0000000
9 8 9 5 -0.0000000
9 8 9 6 -0.0038107
9 8 9 7 0.0000000
9 8 9 8 0.0145315
9 8 9 9 -0.0000000
9 9 0 0 0.3431394
9 9 1 0 0.0037908
9 9 1 1 0.4979829
9 9 2 0 0.0000000
9 9 2 1 0.0000000
9 9 2 2 0.3694442
9 9 3 0 0.0049318
9 9 3 1 0.1138921
9 9 3 2 0.0000000
9 9 3 3 0.3795406
9 9 4 0 0.0009696
9 9 4 1 -0.1322261
9 9 4 2 -0.0000000
9 9 4 3 -0.1500242
9 9 4 4 0.5555445
9 9 5 0 -0.0082685
9 9 5 1 0.1242896
9 9 5 2 -0.0000000
9 9 5 3 0.1350746
9 9 5 4 -0.1895721
9 9 5 5 0.6042161
9 9 6 0 0.0000000
9 9 6 1 -0.0000000
9 9 6 2 -0.0551268
9 9 6 3 -0.0000000
9 9 6 4 0.0000000
9 9 6 5 -0.0000000
9 9 6 6 0.3661254
9 9 7 0 -0.0020328
9 9 7 1 -0.0097167
9 9 7 2 0.0000000
9 9 7 3 0.0470331
9 9 7 4 -0.0057179
9 9 7 5 -0.0151688
9 9 7 6 0.0000000
9 9 7 7 0.6182419
9 9 8 0 0.0000000
9 9 8 1 -0.0000000
9 9 8 2 0.1060914
9 9 8 3 -0.0000000
9 9 8 4 0.0000000
9 9 8 5 -0.0000000
9 9 8 6 -0.0930040
9 9 8 7 -0.0000000
9 9 8 8 0.8416888
9 9 9 0 -0.0027313
9 9 9 1 0.0145466
9 9 9 2 -0.0000000
9 9 9 3 0.0617885
9 9 9 4 -0.1475551
9 9 9 5 0.0995449
9 9 9 6 -0.0000000
9 9 9 7 -0.0149403
9 9 9 8 -0.0000000
9 9 9 9 3.4993864
10 0 0 0 0.0250950
10 0 1 0 -0.0009922
10 0 1 1 0.0026675
10 0 2 0 -0.0000000
10 0 2 1 0.0000000
10 0 2 2 0.0012919
10 0 3 0 0.0009338
10 0 3 1 -0.0015170
10 0 3 2 -0.0000000
10 0 3 3 0.0025120
10 0 4 0 0.0008899
10 0 4 1 -0.0009636
10 0 4 2 -0.0000000
10 0 4 3 0.0012168
10 0 4 4 0.0013064
10 0 5 0 0.0013552
10 0 5 1 -0.0021414
10 0 5 2 0.0000000
10 0 5 3 0.0009075
10 0 5 4 0.0012523
10 0 5 5 0.0022913
10 0 6 0 -0.0000000
10 0 6 1 0.0000000
10 0 6 2 0.0004549
10 0 6 3 -0.0000000
10 0 6 4 -0.0000000
10 0 6 5 -0.0000000
10 0 6 6 0.0010685
10 0 7 0 -0.0027167
10 0 7 1 -0.0004042
10 0 7 2 -0.0000000
10 0 7 3 0.0005097
10 0 7 4 0.0004605
10 0 7 5 0.0007237
10 0 7 6 -0.0000000
10 0 7 7 -0.0012113
10 0 8 0 -0.0000000
10 0 8 1 0.0000000
10 0 8 2 -0.0003458
10 0 8 3 0.0000000
10 0 8 4 -0.0000000
10 0 8 5 0.0000000
10 0 8 6 0.0002026
10 0 8 7 -0.0000000
10 0 8 8 -0.0006586
10 0 9 0 0.0000359
10 0 9 1 0.0000599
10 0 9 2 0.0000000
10 0 9 3 -0.0000145
10 0 9 4 0.0000123
10 0 9 5 -0.0000245
10 0 9 6 0.0000000
10 0 9 7 0.0000114
10 0 9 8 -0.0000000
10 0 9 9 -0.0008071
10 0 10 0 0.0006749
10 0 10 1 0.0005178
10 0 10 2 0.0000000
10 0 10 3 -0.0000982
10 0 10 4 -0.0001927
10 0 10 5 -0.0000523
10 0 10 6 0.0000000
10 0 10 7 -0.0000146
10 0 10 8 0.0000000
10 0 10 9 0.0000062
10 0 10 10 -0.0010817
10 1 0 0 0.0328889
10 1 1 0 0.0009658
10 1 1 1 0.0323384
10 1 2 0 0.0000000
10 1 2 1 0.0000000
10 1 2 2 0.0248845
10 1 3 0 -0.0006510
10 1 3 1 -0.0050643
10 1 3 2 -0.0000000
10 1 3 3 0.0256387
10 1 4 0 -0.0005452
10 1 4 1 0.0000014
10 1 4 2 -0.0000000
10 1 4 3 0.0034242
10 1 4 4 0.0256635
10 1 5 0 -0.0009477
10 1 5 1 -0.0114162
10 1 5 2 -0.0000000
10 1 5 3 -0.0006175
10 1 5 4 0.0084848
10 1 5 5 0.0212184
10 1 6 0 0.0000000
10 1 6 1 0.0000000
10 1 6 2 0.0005403
10 1 6 3 0.0000000
10 1 6 4 -0.0000000
10 1 6 5 0.0000000
10 1 6 6 0.0250454
10 1 7 0 -0.0009296
10 1 7 1 0.0008398
10 1 7 2 0.0000000
10 1 7 3 0.0003257
10 1 7 4 0.0002503
10 1 7 5 0.0052110
10 1 7 6 -0.0000000
10 1 7 7 -0.0025222
10 1 8 0 -0.0000000
10 1 8 1 0.0000000
10 1 8 2 -0.0111752
10 1 8 3 0.0000000
10 1 8 4 0.0000000
10 1 8 5 0.0000000
10 1 8 6 0.0095782
10 1 8 7 0.0000000
10 1 8 8 -0.0118792
10 1 9 0 0.0001142
10 1 9 1 0.0010995
10 1 9 2 0.0000000
10 1 9 3 -0.0011902
10 1 9 4 0.0035191
10 1 9 5 -0.0020772
10 1 9 6 0.0000000
10 1 9 7 0.0003136
10 1 9 8 0.0000000
10 1 9 9 -0.0405000
10 1 10 0 0.0005178
10 1 10 1 0.0207792
10 1 10 2 0.0000000
10 1 10 3 0.0094792
10 1 10 4 -0.0108272
10 1 10 5 0.0203051
10 1 10 6 -0.0000000
10 1 10 7 -0.0017917
10 1 10 8 -0.0000000
10 1 10 9 0.0002126
10 1 10 10 -0.0528912
10 2 0 0 0.0000000
10 2 1 0 0.0000000
10 2 1 1 0.0000000
10 2 2 0 -0.0007260
10 2 2 1 -0.0001134
10 2 2 2 0.0000000
10 2 3 0 -0.0000000
10 2 3 1 -0.0000000
10 2 3 2 0.0008603
10 2 3 3 0.0000000
10 2 4 0 -0.0000000
10 2 4 1 0.0000000
10 2 4 2 0.0006711
10 2 4 3 0.0000000
10 2 4 4 0.0000000
10 2 5 0 -0.0000000
10 2 5 1 -0.0000000
10 2 5 2 0.0015000
10 2 5 3 0.0000000
10 2 5 4 -0.0000000
10 2 5 5 0.0000000
10 2 6 0 -0.0010191
10 2 6 1 -0.0016119
10 2 6 2 -0.0000000
10 2 6 3 0.0017658
10 2 6 4 -0.0004398
10 2 6 5 -0.0000979
10 2 6 6 0.0000000
10 2 7 0 -0.0000000
10 2 7 1 0.0000000
10 2 7 2 -0.0035152
10 2 7 3 -0.0000000
10 2 7 4 -0.0000000
10 2 7 5 -0.0000000
10 2 7 6 -0.0032545
10 2 7 7 -0.0000000
10 2 8 0 -0.0000842
10 2 8 1 0.0002303
10 2 8 2 -0.0000000
10 2 8 3 0.0019759
10 2 8 4 -0.0040931
10 2 8 5 0.0038728
10 2 8 6 -0.0000000
10 2 8 7 -0.0006408
10 2 8 8 -0.0000000
10 2 9 0 0.0000000
10 2 9 1 0.0000000
10 2 9 2 -0.0004406
10 2 9 3 -0.0000000
10 2 9 4 0.0000000
10 2 9 5 0.0000000
10 2 9 6 0.0005671
10 2 9 7 0.0000000
10 2 9 8 -0.0008796
10 2 9 9 -0.0000000
10 2 10 0 0.0000000
10 2 10 1 0.0000000
10 2 10 2 0.0067793
10 2 10 3 0.0000000
10 2 10 4 -0.0000000
10 2 10 5 -0.0000000
10 2 10 6 -0.0043064
10 2 10 7 0.0000000
10 2 10 8 0.0226664
10 2 10 9 -0.0000000
10 2 10 10 -0.0000000
10 3 0 0 0.0090422
10 3 1 0 -0.0007338
10 3 1 1 0.0086303
10 3 2 0 -0.0000000
10 3 2 1 0.0000000
10 3 2 2 0.0077015
10 3 3 0 -0.0003108
10 3 3 1 0.0029695
10 3 3 2 0.0000000
10 3 3 3 0.0105991
10 3 4 0 0.0001760
10 3 4 1 -0.0015013
10 3 4 2 -0.0000000
10 3 4 3 -0.0018865
10 3 4 4 0.0117501
10 3 5 0 0.0012831
10 3 5 1 0.0019934
10 3 5 2 0.0000000
10 3 5 3 -0.0007786
10 3 5 4 -0.0040294
10 3 5 5 0.0080409
10 3 6 0 -0.0000000
10 3 6 1 -0.0000000
10 3 6 2 0.0015678
10 3 6 3 0.0000000
10 3 6 4 0.0000000
10 3 6 5 0.0000000
10 3 6 6 0.0091549
10 3 7 0 0.0004621
10 3 7 1 0.0013357
10 3 7 2 -0.0000000
10 3 7 3 -0.0027693
10 3 7 4 -0.0048342
10 3 7 5 0.0046391
10 3 7 6 -0.0000000
10 3 7 7 0.0066493
10 3 8 0 0.0000000
10 3 8 1 0.0000000
10 3 8 2 -0.0023386
10 3 8 3 0.0000000
10 3 8 4 0.0000000
10 3 8 5 0.0000000
10 3 8 6 0.0023620
10 3 8 7 0.0000000
10 3 8 8 0.0041326
10 3 9 0 0.0000259
10 3 9 1 -0.0000945
10 3 9 2 0.0000000
10 3 9 3 -0.0009338
10 3 9 4 0.0022746
10 3 9 5 -0.0016751
10 3 9 6 0.0000000
10 3 9 7 -0.0001752
10 3 9 8 0.0000000
10 3 9 9 -0.0067499
10 3 10 0 -0.0000982
10 3 10 1 0.0094792
10 3 10 2 0.0000000
10 3 10 3 0.0086027
10 3 10 4 -0.0085998
10 3 10 5 0.0126168
10 3 10 6 -0.0000000
10 3 10 7 0.0093788
10 3 10 8 -0.0000000
10 3 10 9 -0.0011615
10 3 10 10 -0.0148663
10 4 0 0 -0.0132527
10 4 1 0 -0.0010103
10 4 1 1 -0.0225768
10 4 2 0 -0.0000000
10 4 2 1 -0.0000000
10 4 2 2 -0.0091652
10 4 3 0 -0.0000821
10 4 3 1 -0.0047671
10 4 3 2 -0.0000000
10 4 3 3 -0.0144624
10 4 4 0 0.0002748
10 4 4 1 0.0122368
10 4 4 2 0.0000000
10 4 4 3 0.0073666
10 4 4 4 -0.0198988
10 4 5 0 0.0014688
10 4 5 1 0.0003024
10 4 5 2 -0.0000000
10 4 5 3 -0.0079865
10 4 5 4 0.0087960
10 4 5 5 -0.0230615
10 4 6 0 -0.0000000
10 4 6 1 0.0000000
10 4 6 2 -0.0011674
10 4 6 3 0.0000000
10 4 6 4 -0.0000000
10 4 6 5 0.0000000
10 4 6 6 -0.0067173
10 4 7 0 0.0007932
10 4 7 1 -0.0007465
10 4 7 2 -0.0000000
10 4 7 3 -0.0055919
10 4 7 4 0.0033912
10 4 7 5 -0.0032814
10 4 7 6 0.0000000
10 4 7 7 -0.0174839
10 4 8 0 -0.0000000
10 4 8 1 -0.0000000
10 4 8 2 -0.0012389
10 4 8 3 0.0000000
10 4 8 4 -0.0000000
10 4 8 5 0.0000000
10 4 8 6 0.0015112
10 4 8 7 -0.0000000
10 4 8 8 -0.0221670
10 4 9 0 -0.0000362
10 4 9 1 0.0007563
10 4 9 2 0.0000000
10 4 9 3 0.0015462
10 4 9 4 -0.0029255
10 4 9 5 0.0029808
10 4 9 6 -0.0000000
10 4 9 7 0.0002268
10 4 9 8 -0.0000000
10 4 9 9 -0.0162836
10 4 10 0 -0.0001927
10 4 10 1 -0.0108272
10 4 10 2 -0.0000000
10 4 10 3 -0.0085998
10 4 10 4 0.0133842
10 4 10 5 -0.0150469
10 4 10 6 0.0000000
10 4 10 7 -0.0118927
10 4 10 8 0.0000000
10 4 10 9 0.0030941
10 4 10 10 -0.0001378
10 5 0 0 0.0155130
10 5 1 0 -0.0000938
10 5 1 1 0.0221849
10 5 2 0 -0.0000000
10 5 2 1 -0.0000000
10 5 2 2 0.0177465
10 5 3 0 0.0019597
10 5 3 1 0.0063202
10 5 3 2 0.0000000
10 5 3 3 0.0101823
10 5 4 0 0.0006912
10 5 4 1 0.0008950
10 5 4 2 -0.0000000
10 5 4 3 -0.0079850
10 5 4 4 0.0244735
10 5 5 0 -0.0010526
10 5 5 1 -0.0001788
10 5 5 2 -0.0000000
10 5 5 3 -0.0003993
10 5 5 4 0.0001710
10 5 5 5 0.0194056
10 5 6 0 -0.0000000
10 5 6 1 0.0000000
10 5 6 2 -0.0034914
10 5 6 3 0.0000000
10 5 6 4 0.0000000
10 5 6 5 0.0000000
10 5 6 6 0.0188481
10 5 7 0 0.0007228
10 5 7 1 0.0044124
10 5 7 2 -0.0000000
10 5 7 3 0.0027247
10 5 7 4 -0.0011973
10 5 7 5 -0.0022148
10 5 7 6 -0.0000000
10 5 7 7 0.0069190
10 5 8 0 0.0000000
10 5 8 1 0.0000000
10 5 8 2 -0.0070877
10 5 8 3 -0.0000000
10 5 8 4 0.0000000
10 5 8 5 0.0000000
10 5 8 6 0.0068691
10 5 8 7 0.0000000
10 5 8 8 0.0069919
10 5 9 0 0.0000682
10 5 9 1 0.0000653
10 5 9 2 0.0000000
10 5 9 3 -0.0018925
10 5 9 4 0.0049887
10 5 9 5 -0.0033847
10 5 9 6 0.0000000
10 5 9 7 0.0001281
10 5 9 8 0.0000000
10 5 9 9 -0.0295403
10 5 10 0 -0.0000523
10 5 10 1 0.0203051
10 5 10 2 -0.0000000
10 5 10 3 0.0126168
10 5 10 4 -0.0150469
10 5 10 5 0.0279584
10 5 10 6 -0.0000000
10 5 10 7 0.0034187
10 5 10 8 -0.0000000
10 5 10 9 -0.0002711
10 5 10 10 -0.0442575
10 6 0 0 -0.0000000
10 6 1 0 0.0000000
10 6 1 1 -0.0000000
10 6 2 0 -0.0013400
10 6 2 1 -0.0084614
10 6 2 2 -0.0000000
10 6 3 0 -0.0000000
10 6 3 1 -0.0000000
10 6 3 2 0.0039213
10 6 3 3 -0.0000000
10 6 4 0 -0.0000000
10 6 4 1 -0.0000000
10 6 4 2 -0.0060735
10 6 4 3 0.0000000
10 6 4 4 -0.0000000
10 6 5 0 -0.0000000
10 6 5 1 0.0000000
10 6 5 2 -0.0005505
10 6 5 3 0.0000000
10 6 5 4 0.0000000
10 6 5 5 -0.0000000
10 6 6 0 -0.0018868
10 6 6 1 0.0033305
10 6 6 2 0.0000000
10 6 6 3 0.0024486
10 6 6 4 0.0090914
10 6 6 5 0.0055357
10 6 6 6 -0.0000000
10 6 7 0 -0.0000000
10 6 7 1 -0.0000000
10 6 7 2 -0.0043939
10 6 7 3 -0.0000000
10 6 7 4 0.0000000
10 6 7 5 -0.0000000
10 6 7 6 -0.0044580
10 6 7 7 -0.0000000
10 6 8 0 0.0000999
10 6 8 1 0.0031535
10 6 8 2 0.0000000
10 6 8 3 -0.0006605
10 6 8 4 0.0044827
10 6 8 5 -0.0005040
10 6 8 6 -0.0000000
10 6 8 7 0.0013650
10 6 8 8 -0.0000000
10 6 9 0 -0.0000000
10 6 9 1 -0.0000000
10 6 9 2 0.0002996
10 6 9 3 0.0000000
10 6 9 4 -0.0000000
10 6 9 5 0.0000000
10 6 9 6 -0.0002952
10 6 9 7 -0.0000000
10 6 9 8 0.0014471
10 6 9 9 0.0000000
10 6 10 0 0.0000000
10 6 10 1 -0.0000000
10 6 10 2 -0.0043064
10 6 10 3 -0.0000000
10 6 10 4 0.0000000
10 6 10 5 -0.0000000
10 6 10 6 0.0058934
10 6 10 7 -0.0000000
10 6 10 8 -0.0160301
10 6 10 9 0.0000000
10 6 10 10 0.0000000
10 7 0 0 -0.0551892
10 7 1 0 0.0026429
10 7 1 1 0.0066820
10 7 2 0 0.0000000
10 7 2 1 0.0000000
10 7 2 2 -0.0130151
10 7 3 0 -0.0015305
10 7 3 1 0.0031676
10 7 3 2 -0.0000000
10 7 3 3 -0.0185057
10 7 4 0 -0.0013113
10 7 4 1 -0.0037761
10 7 4 2 0.0000000
10 7 4 3 -0.0169005
10 7 4 4 0.0133766
10 7 5 0 -0.0027731
10 7 5 1 0.0191947
10 7 5 2 -0.0000000
10 7 5 3 0.0196627
10 7 5 4 -0.0086129
10 7 5 5 -0.0012728
10 7 6 0 0.0000000
10 7 6 1 -0.0000000
10 7 6 2 -0.0229924
10 7 6 3 -0.0000000
10 7 6 4 0.0000000
10 7 6 5 -0.0000000
10 7 6 6 -0.0136857
10 7 7 0 -0.0023862
10 7 7 1 0.0026175
10 7 7 2 0.0000000
10 7 7 3 0.0154989
10 7 7 4 -0.0177510
10 7 7 5 0.0184870
10 7 7 6 -0.0000000
10 7 7 7 -0.0054842
10 7 8 0 0.0000000
10 7 8 1 -0.0000000
10 7 8 2 0.0056997
10 7 8 3 -0.0000000
10 7 8 4 -0.0000000
10 7 8 5 -0.0000000
10 7 8 6 -0.0007772
10 7 8 7 -0.0000000
10 7 8 8 0.0340599
10 7 9 0 -0.0000872
10 7 9 1 -0.0000974
10 7 9 2 -0.0000000
10 7 9 3 0.0000877
10 7 9 4 -0.0011757
10 7 9 5 0.0009830
10 7 9 6 -0.0000000
10 7 9 7 -0.0002962
10 7 9 8 -0.0000000
10 7 9 9 0.0632170
10 7 10 0 -0.0000146
10 7 10 1 -0.0017917
10 7 10 2 0.0000000
10 7 10 3 0.0093788
10 7 10 4 -0.0118927
10 7 10 5 0.0034187
10 7 10 6 -0.0000000
10 7 10 7 0.0750982
10 7 10 8 -0.0000000
10 7 10 9 -0.0038249
10 7 10 10 0.0676331
10 8 0 0 0.0000000
10 8 1 0 0.0000000
10 8 1 1 0.0000000
10 8 2 0 -0.0010858
10 8 2 1 -0.0257015
10 8 2 2 -0.0000000
10 8 3 0 0.0000000
10 8 3 1 0.0000000
10 8 3 2 0.0055233
10 8 3 3 -0.0000000
10 8 4 0 -0.0000000
10 8 4 1 0.0000000
10 8 4 2 -0.0254564
10 8 4 3 0.0000000
10 8 4 4 -0.0000000
10 8 5 0 -0.0000000
10 8 5 1 0.0000000
10 8 5 2 -0.0032889
10 8 5 3 0.0000000
10 8 5 4 0.0000000
10 8 5 5 0.0000000
10 8 6 0 -0.0012485
10 8 6 1 0.0189819
10 8 6 2 0.0000000
10 8 6 3 0.0000775
10 8 6 4 0.0315751
10 8 6 5 0.0159766
10 8 6 6 -0.0000000
10 8 7 0 -0.0000000
10 8 7 1 0.0000000
10 8 7 2 -0.0048721
10 8 7 3 0.0000000
10 8 7 4 0.0000000
10 8 7 5 0.0000000
10 8 7 6 0.0014410
10 8 7 7 0.0000000
10 8 8 0 -0.0004834
10 8 8 1 0.0205852
10 8 8 2 0.0000000
10 8 8 3 0.0151630
10 8 8 4 -0.0145885
10 8 8 5 0.0361137
10 8 8 6 -0.0000000
10 8 8 7 0.0012063
10 8 8 8 0.0000000
10 8 9 0 -0.0000000
10 8 9 1 0.0000000
10 8 9 2 -0.0024746
10 8 9 3 0.0000000
10 8 9 4 -0.0000000
10 8 9 5 0.0000000
10 8 9 6 0.0033401
10 8 9 7 -0.0000000
10 8 9 8 0.0000316
10 8 9 9 0.0000000
10 8 10 0 0.0000000
10 8 10 1 -0.0000000
10 8 10 2 0.0226664
10 8 10 3 -0.0000000
10 8 10 4 0.0000000
10 8 10 5 -0.0000000
10 8 10 6 -0.0160301
10 8 10 7 -0.0000000
10 8 10 8 0.1090359
10 8 10 9 0.0000000
10 8 10 10 0.0000000
10 9 0 0 -0.0125061
10 9 1 0 -0.0002323
10 9 1 1 -0.0231989
10 9 2 0 -0.0000000
10 9 2 1 -0.0000000
10 9 2 2 -0.0134972
10 9 3 0 -0.0003848
10 9 3 1 -0.0100872
10 9 3 2 -0.0000000
10 9 3 3 -0.0170638
10 9 4 0 -0.0001224
10 9 4 1 0.0135392
10 9 4 2 0.0000000
10 9 4 3 0.0138065
10 9 4 4 -0.0314812
10 9 5 0 0.0006061
10 9 5 1 -0.0102231
10 9 5 2 0.0000000
10 9 5 3 -0.0119523
10 9 5 4 0.0200128
10 9 5 5 -0.0351021
10 9 6 0 -0.0000000
10 9 6 1 0.0000000
10 9 6 2 0.0028053
10 9 6 3 0.0000000
10 9 6 4 -0.0000000
10 9 6 5 0.0000000
10 9 6 6 -0.0125696
10 9 7 0 0.0001048
10 9 7 1 0.0010023
10 9 7 2 -0.0000000
10 9 7 3 -0.0031613
10 9 7 4 0.0005319
10 9 7 5 0.0016140
10 9 7 6 -0.0000000
10 9 7 7 -0.0335518
10 9 8 0 -0.0000000
10 9 8 1 0.0000000
10 9 8 2 -0.0093464
10 9 8 3 0.0000000
10 9 8 4 -0.0000000
10 9 8 5 0.0000000
10 9 8 6 0.0091609
10 9 8 7 0.0000000
10 9 8 8 -0.0496115
10 9 9 0 0.0002713
10 9 9 1 -0.0039092
10 9 9 2 -0.0000000
10 9 9 3 -0.0079610
10 9 9 4 0.0178131
10 9 9 5 -0.0139496
10 9 9 6 0.0000000
10 9 9 7 0.0036630
10 9 9 8 0.0000000
10 9 9 9 -0.3648283
10 9 10 0 0.0000062
10 9 10 1 0.0002126
10 9 10 2 -0.0000000
10 9 10 3 -0.0011615
10 9 10 4 0.0030941
10 9 10 5 -0.0002711
10 9 10 6 0.0000000
10 9 10 7 -0.0038249
10 9 10 8 0.0000000
10 9 10 9 0.0530068
10 9 10 10 -0.0389062
10 10 0 0 0.2902852
10 10 1 0 0.0022718
10 10 1 1 0.3812962
10 10 2 0 0.0000000
10 10 2 1 0.0000000
10 10 2 2 0.3069166
10 10 3 0 0.0029412
10 10 3 1 0.0577983
10 10 3 2 -0.0000000
10 10 3 3 0.2961108
10 10 4 0 0.0004397
10 10 4 1 -0.0577719
10 10 4 2 -0.0000000
10 10 4 3 -0.0719419
10 10 4 4 0.3862037
10 10 5 0 -0.0045597
10 10 5 1 0.0684019
10 10 5 2 -0.0000000
10 10 5 3 0.0695864
10 10 5 4 -0.0780254
10 10 5 5 0.4230865
10 10 6 0 0.0000000
10 10 6 1 -0.0000000
10 10 6 2 -0.0398742
10 10 6 3 -0.0000000
10 10 6 4 0.0000000
10 10 6 5 -0.0000000
10 10 6 6 0.3087048
10 10 7 0 -0.0014318
10 10 7 1 -0.0024663
10 10 7 2 0.0000000
10 10 7 3 0.0367521
10 10 7 4 -0.0144670
10 10 7 5 0.0018142
10 10 7 6 -0.0000000
10 10 7 7 0.4644439
10 10 8 0 0.0000000
10 10 8 1 -0.0000000
10 10 8 2 0.0644518
10 10 8 3 -0.0000000
10 10 8 4 0.0000000
10 10 8 5 -0.0000000
10 10 8 6 -0.0514735
10 10 8 7 -0.0000000
10 10 8 8 0.6110813
10 10 9 0 -0.0005260
10 10 9 1 -0.0040333
10 10 9 2 -0.0000000
10 10 9 3 0.0049288
10 10 9 4 -0.0157858
10 10 9 5 0.0078202
10 10 9 6 -0.0000000
10 10 9 7 -0.0004448
10 10 9 8 -0.0000000
10 10 9 9 0.8412170
10 10 10 0 -0.0010817
10 10 10 1 -0.0528912
10 10 10 2 -0.0000000
10 10 10 3 -0.0148663
10 10 10 4 -0.0001378
10 10 10 5 -0.0442575
10 10 10 6 0.0000000
10 10 10 7 0.0676331
10 10 10 8 0.0000000
10 10 10 9 -0.0389062
10 10 10 10 0.7072844
11 0 0 0 -0.0814062
11 0 1 0 0.0034383
11 0 1 1 -0.0070220
11 0 2 0 0.0000000
11 0 2 1 -0.0000000
11 0 2 2 -0.0006642
11 0 3 0 -0.0028866
11 0 3 1 0.0052790
11 0 3 2 0.0000000
11 0 3 3 -0.0046125
11 0 4 0 -0.0030649
11 0 4 1 0.0034817
11 0 4 2 0.0000000
11 0 4 3 -0.0028570
11 0 4 4 -0.0037704
11 0 5 0 -0.0051009
11 0 5 1 0.0044862
11 0 5 2 0.0000000
11 0 5 3 -0.0057845
11 0 5 4 -0.0035357
11 0 5 5 -0.0045084
11 0 6 0 0.0000000
11 0 6 1 -0.0000000
11 0 6 2 0.0017074
11 0 6 3 0.0000000
11 0 6 4 0.0000000
11 0 6 5 0.0000000
11 0 6 6 0.0005507
11 0 7 0 0.0111450
11 0 7 1 0.0016461
11 0 7 2 0.0000000
11 0 7 3 -0.0024611
11 0 7 4 -0.0016377
11 0 7 5 -0.0033230
11 0 7 6 0.0000000
11 0 7 7 0.0064501
11 0 8 0 0.0000000
11 0 8 1 -0.0000000
11 0 8 2 0.0001460
11 0 8 3 -0.0000000
11 0 8 4 0.0000000
11 0 8 5 -0.0000000
11 0 8 6 -0.0002339
11 0 8 7 -0.0000000
11 0 8 8 -0.0008643
11 0 9 0 -0.0001215
11 0 9 1 -0.0000940
11 0 9 2 -0.0000000
11 0 9 3 0.0000623
11 0 9 4 0.0000208
11 0 9 5 0.0000566
11 0 9 6 -0.0000000
11 0 9 7 -0.0000475
11 0 9 8 -0.0000000
11 0 9 9 -0.0008105
11 0 10 0 -0.0026929
11 0 10 1 -0.0010991
11 0 10 2 -0.0000000
11 0 10 3 0.0004952
11 0 10 4 0.0007532
11 0 10 5 0.0007498
11 0 10 6 -0.0000000
11 0 10 7 -0.0020172
11 0 10 8 0.0000000
11 0 10 9 -0.0000017
11 0 10 10 -0.0005746
11 0 11 0 0.0110478
11 0 11 1 0.0033506
11 0 11 2 0.0000000
11 0 11 3 -0.0019721
11 0 11 4 -0.0025393
11 0 11 5 -0.0034758
11 0 11 6 0.0000000
11 0 11 7 0.0071450
11 0 11 8 0.0000000
11 0 11 9 0.0000719
11 0 11 10 -0.0010754
11 0 11 11 0.0067893
11 1 0 0 -0.0091626
11 1 1 0 -0.0018791
11 1 1 1 -0.0084619
11 1 2 0 -0.0000000
11 1 2 1 -0.0000000
11 1 2 2 0.0016753
11 1 3 0 0.0051072
11 1 3 1 0.0219023
11 1 3 2 0.0000000
11 1 3 3 -0.0154774
11 1 4 0 0.0022767
11 1 4 1 0.0042536
11 1 4 2 -0.0000000
11 1 4 3 -0.0147368
11 1 4 4 -0.0009463
11 1 5 0 -0.0003458
11 1 5 1 0.0080946
11 1 5 2 0.0000000
11 1 5 3 -0.0101163
11 1 5 4 -0.0080708
11 1 5 5 0.0041542
11 1 6 0 0.0000000
11 1 6 1 -0.0000000
11 1 6 2 0.0013336
11 1 6 3 0.0000000
11 1 6 4 0.0000000
11 1 6 5 -0.0000000
11 1 6 6 0.0000345
11 1 7 0 0.0031463
11 1 7 1 0.0021823
11 1 7 2 -0.0000000
11 1 7 3 -0.0055688
11 1 7 4 0.0085355
11 1 7 5 -0.0252914
11 1 7 6 0.0000000
11 1 7 7 0.0120038
11 1 8 0 0.0000000
11 1 8 1 0.0000000
11 1 8 2 0.0000992
11 1 8 3 0.0000000
11 1 8 4 0.0000000
11 1 8 5 -0.0000000
11 1 8 6 -0.0016947
11 1 8 7 0.0000000
11 1 8 8 0.0081817
11 1 9 0 -0.0000529
11 1 9 1 -0.0007155
11 1 9 2 -0.0000000
11 1 9 3 0.0000624
11 1 9 4 0.0007636
11 1 9 5 -0.0006466
11 1 9 6 0.0000000
11 1 9 7 0.0003522
11 1 9 8 0.0000000
11 1 9 9 0.0086861
11 1 10 0 -0.0008276
11 1 10 1 -0.0037715
11 1 10 2 -0.0000000
11 1 10 3 0.0001126
11 1 10 4 0.0011131
11 1 10 5 0.0060161
11 1 10 6 -0.0000000
11 1 10 7 -0.0118248
11 1 10 8 -0.0000000
11 1 10 9 -0.0019993
11 1 10 10 -0.0088666
11 1 11 0 0.0033506
11 1 11 1 0.0280261
11 1 11 2 0.0000000
11 1 11 3 0.0099777
11 1 11 4 -0.0148378
11 1 11 5 -0.0065528
11 1 11 6 0.0000000
11 1 11 7 0.0006038
11 1 11 8 -0.0000000
11 1 11 9 0.0000340
11 1 11 10 0.0065919
11 1 11 11 0.0196007
11 2 0 0 0.0000000
11 2 1 0 -0.0000000
11 2 1 1 -0.0000000
11 2 2 0 0.0047724
11 2 2 1 0.0178604
11 2 2 2 0.0000000
11 2 3 0 0.0000000
11 2 3 1 0.0000000
11 2 3 2 -0.0093299
11 2 3 3 -0.0000000
11 2 4 0 0.0000000
11 2 4 1 -0.0000000
11 2 4 2 0.0084247
11 2 4 3 -0.0000000
11 2 4 4 0.0000000
11 2 5 0 0.0000000
11 2 5 1 0.0000000
11 2 5 2 -0.0055669
11 2 5 3 -0.0000000
11 2 5 4 -0.0000000
11 2 5 5 -0.0000000
11 2 6 0 0.0066451
11 2 6 1 0.0015954
11 2 6 2 0.0000000
11 2 6 3 -0.0091984
11 2 6 4 -0.0129706
11 2 6 5 -0.0103709
11 2 6 6 0.0000000
11 2 7 0 0.0000000
11 2 7 1 -0.0000000
11 2 7 2 0.0168599
11 2 7 3 0.0000000
11 2 7 4 0.0000000
11 2 7 5 0.0000000
11 2 7 6 0.0182224
11 2 7 7 0.0000000
11 2 8 0 -0.0001362
11 2 8 1 -0.0041400
11 2 8 2 -0.0000000
11 2 8 3 -0.0009846
11 2 8 4 -0.0025898
11 2 8 5 -0.0003722
11 2 8 6 0.0000000
11 2 8 7 -0.0036237
11 2 8 8 0.0000000
11 2 9 0 -0.0000000
11 2 9 1 -0.0000000
11 2 9 2 0.0000582
11 2 9 3 -0.0000000
11 2 9 4 0.0000000
11 2 9 5 -0.0000000
11 2 9 6 -0.0000816
11 2 9 7 0.0000000
11 2 9 8 -0.0005488
11 2 9 9 0.0000000
11 2 10 0 -0.0000000
11 2 10 1 -0.0000000
11 2 10 2 -0.0023227
11 2 10 3 -0.0000000
11 2 10 4 0.0000000
11 2 10 5 -0.0000000
11 2 10 6 -0.0054843
11 2 10 7 -0.0000000
11 2 10 8 0.0035123
11 2 10 9 -0.0000000
11 2 10 10 -0.0000000
11 2 11 0 0.0000000
11 2 11 1 0.0000000
11 2 11 2 0.0201608
11 2 11 3 0.0000000
11 2 11 4 -0.0000000
11 2 11 5 0.0000000
11 2 11 6 0.0166851
11 2 11 7 0.0000000
11 2 11 8 0.0007655
11 2 11 9 0.0000000
11 2 11 10 0.0000000
11 2 11 11 0.0000000
11 3 0 0 0.0188028
11 3 1 0 0.0040044
11 3 1 1 0.0349454
11 3 2 0 0.0000000
11 3 2 1 0.0000000
11 3 2 2 0.0131797
11 3 3 0 0.0036835
11 3 3 1 0.0038069
11 3 3 2 -0.0000000
11 3 3 3 0.0025394
11 3 4 0 -0.0002351
11 3 4 1 -0.0084449
11 3 4 2 -0.0000000
11 3 4 3 -0.0096553
11 3 4 4 0.0179260
11 3 5 0 -0.0080209
11 3 5 1 -0.0140835
11 3 5 2 -0.0000000
11 3 5 3 0.0076930
11 3 5 4 0.0081587
11 3 5 5 0.0318057
11 3 6 0 0.0000000
11 3 6 1 0.0000000
11 3 6 2 -0.0063472
11 3 6 3 -0.0000000
11 3 6 4 -0.0000000
11 3 6 5 -0.0000000
11 3 6 6 0.0063553
11 3 7 0 -0.0019371
11 3 7 1 -0.0022843
11 3 7 2 0.0000000
11 3 7 3 0.0162084
11 3 7 4 0.0144346
11 3 7 5 -0.0186902
11 3 7 6 0.0000000
11 3 7 7 0.0017224
11 3 8 0 -0.0000000
11 3 8 1 0.0000000
11 3 8 2 -0.0036847
11 3 8 3 0.0000000
11 3 8 4 0.0000000
11 3 8 5 0.0000000
11 3 8 6 0.0015983
11 3 8 7 0.0000000
11 3 8 8 0.0099597
11 3 9 0 0.0000628
11 3 9 1 0.0002639
11 3 9 2 0.0000000
11 3 9 3 -0.0003735
11 3 9 4 0.0010592
11 3 9 5 -0.0010847
11 3 9 6 0.0000000
11 3 9 7 0.0008159
11 3 9 8 0.0000000
11 3 9 9 0.0002204
11 3 10 0 0.0006214
11 3 10 1 0.0045159
11 3 10 2 -0.0000000
11 3 10 3 -0.0039261
11 3 10 4 -0.0028395
11 3 10 5 0.0065082
11 3 10 6 -0.0000000
11 3 10 7 -0.0056617
11 3 10 8 -0.0000000
11 3 10 9 -0.0001748
11 3 10 10 -0.0082273
11 3 11 0 -0.0019721
11 3 11 1 0.0099777
11 3 11 2 0.0000000
11 3 11 3 0.0298281
11 3 11 4 -0.0018122
11 3 11 5 -0.0044711
11 3 11 6 0.0000000
11 3 11 7 -0.0061145
11 3 11 8 -0.0000000
11 3 11 9 -0.0004127
11 3 11 10 0.0026632
11 3 11 11 0.0122534
11 4 0 0 -0.0085022
11 4 1 0 0.0026313
11 4 1 1 0.0080615
11 4 2 0 -0.0000000
11 4 2 1 -0.0000000
11 4 2 2 0.0014523
11 4 3 0 -0.0013878
11 4 3 1 -0.0097544
11 4 3 2 -0.0000000
11 4 3 3 -0.0041195
11 4 4 0 -0.0013450
11 4 4 1 0.0006238
11 4 4 2 -0.0000000
11 4 4 3 0.0013327
11 4 4 4 0.0034894
11 4 5 0 -0.0030215
11 4 5 1 -0.0041237
11 4 5 2 -0.0000000
11 4 5 3 0.0097790
11 4 5 4 0.0075500
11 4 5 5 -0.0010548
11 4 6 0 0.0000000
11 4 6 1 0.0000000
11 4 6 2 -0.0068541
11 4 6 3 -0.0000000
11 4 6 4 -0.0000000
11 4 6 5 -0.0000000
11 4 6 6 -0.0017292
11 4 7 0 -0.0025389
11 4 7 1 0.0044301
11 4 7 2 -0.0000000
11 4 7 3 0.0137770
11 4 7 4 -0.0089011
11 4 7 5 0.0148479
11 4 7 6 -0.0000000
11 4 7 7 -0.0124426
11 4 8 0 0.0000000
11 4 8 1 0.0000000
11 4 8 2 -0.0009086
11 4 8 3 0.0000000
11 4 8 4 -0.0000000
11 4 8 5 0.0000000
11 4 8 6 0.0018126
11 4 8 7 -0.0000000
11 4 8 8 -0.0007623
11 4 9 0 0.0000222
11 4 9 1 0.0007391
11 4 9 2 -0.0000000
11 4 9 3 0.0001318
11 4 9 4 -0.0009740
11 4 9 5 0.0010786
11 4 9 6 -0.0000000
11 4 9 7 -0.0012969
11 4 9 8 0.0000000
11 4 9 9 0.0029451
11 4 10 0 0.0005462
11 4 10 1 0.0005221
11 4 10 2 0.0000000
11 4 10 3 -0.0002654
11 4 10 4 -0.0024714
11 4 10 5 -0.0021749
11 4 10 6 0.0000000
11 4 10 7 0.0190445
11 4 10 8 0.0000000
11 4 10 9 0.0006009
11 4 10 10 0.0161893
11 4 11 0 -0.0025393
11 4 11 1 -0.0148378
11 4 11 2 -0.0000000
11 4 11 3 -0.0018122
11 4 11 4 0.0175473
11 4 11 5 -0.0071806
11 4 11 6 0.0000000
11 4 11 7 -0.0048571
11 4 11 8 0.0000000
11 4 11 9 0.0008908
11 4 11 10 -0.0086826
11 4 11 11 -0.0197656
11 5 0 0 -0.0086677
11 5 1 0 0.0011162
11 5 1 1 0.0000096
11 5 2 0 0.0000000
11 5 2 1 0.0000000
11 5 2 2 -0.0043785
11 5 3 0 -0.0076868
11 5 3 1 -0.0133953
11 5 3 2 -0.0000000
11 5 3 3 0.0176685
11 5 4 0 -0.0029853
11 5 4 1 -0.0046948
11 5 4 2 0.0000000
11 5 4 3 0.0127907
11 5 4 4 0.0038216
11 5 5 0 0.0027743
11 5 5 1 0.0021992
11 5 5 2 -0.0000000
11 5 5 3 0.0080126
11 5 5 4 -0.0007193
11 5 5 5 -0.0091765
11 5 6 0 0.0000000
11 5 6 1 -0.0000000
11 5 6 2 -0.0012717
11 5 6 3 -0.0000000
11 5 6 4 -0.0000000
11 5 6 5 -0.0000000
11 5 6 6 -0.0031908
11 5 7 0 -0.0031454
11 5 7 1 -0.0143164
11 5 7 2 0.0000000
11 5 7 3 -0.0140440
11 5 7 4 0.0097323
11 5 7 5 0.0083655
11 5 7 6 0.0000000
11 5 7 7 -0.0094053
11 5 8 0 -0.0000000
11 5 8 1 -0.0000000
11 5 8 2 0.0005031
11 5 8 3 -0.0000000
11 5 8 4 0.0000000
11 5 8 5 -0.0000000
11 5 8 6 0.0002553
11 5 8 7 0.0000000
11 5 8 8 -0.0022962
11 5 9 0 0.0000225
11 5 9 1 -0.0003235
11 5 9 2 0.0000000
11 5 9 3 -0.0003954
11 5 9 4 0.0009622
11 5 9 5 -0.0010722
11 5 9 6 0.0000000
11 5 9 7 0.0014198
11 5 9 8 -0.0000000
11 5 9 9 -0.0066859
11 5 10 0 0.0008453
11 5 10 1 0.0058815
11 5 10 2 -0.0000000
11 5 10 3 0.0021795
11 5 10 4 -0.0011177
11 5 10 5 -0.0011581
11 5 10 6 -0.0000000
11 5 10 7 -0.0082434
11 5 10 8 -0.0000000
11 5 10 9 -0.0004651
11 5 10 10 -0.0191998
11 5 11 0 -0.0034758
11 5 11 1 -0.0065528
11 5 11 2 0.0000000
11 5 11 3 -0.0044711
11 5 11 4 -0.0071806
11 5 11 5 0.0297446
11 5 11 6 -0.0000000
11 5 11 7 -0.0121811
11 5 11 8 -0.0000000
11 5 11 9 -0.0013608
11 5 11 10 0.0067471
11 5 11 11 -0.0089543
11 6 0 0 0.0000000
11 6 1 0 -0.0000000
11 6 1 1 -0.0000000
11 6 2 0 0.0057788
11 6 2 1 0.0184807
11 6 2 2 0.0000000
11 6 3 0 0.0000000
11 6 3 1 0.0000000
11 6 3 2 -0.0121676
11 6 3 3 -0.0000000
11 6 4 0 0.0000000
11 6 4 1 0.0000000
11 6 4 2 0.0066004
11 6 4 3 -0.0000000
11 6 4 4 -0.0000000
11 6 5 0 0.0000000
11 6 5 1 -0.0000000
11 6 5 2 -0.0059064
11 6 5 3 -0.0000000
11 6 5 4 -0.0000000
11 6 5 5 -0.0000000
11 6 6 0 0.0079566
11 6 6 1 0.0011670
11 6 6 2 0.0000000
11 6 6 3 -0.0114356
11 6 6 4 -0.0143991
11 6 6 5 -0.0102212
11 6 6 6 0.0000000
11 6 7 0 0.0000000
11 6 7 1 0.0000000
11 6 7 2 0.0186432
11 6 7 3 0.0000000
11 6 7 4 -0.0000000
11 6 7 5 0.0000000
11 6 7 6 0.0179608
11 6 7 7 0.0000000
11 6 8 0 -0.0001345
11 6 8 1 -0.0054271
11 6 8 2 -0.0000000
11 6 8 3 -0.0015011
11 6 8 4 0.0001410
11 6 8 5 -0.0037310
11 6 8 6 0.0000000
11 6 8 7 0.0021283
11 6 8 8 0.0000000
11 6 9 0 -0.0000000
11 6 9 1 0.0000000
11 6 9 2 0.0003729
11 6 9 3 0.0000000
11 6 9 4 -0.0000000
11 6 9 5 0.0000000
11 6 9 6 -0.0004816
11 6 9 7 -0.0000000
11 6 9 8 -0.0001175
11 6 9 9 0.0000000
11 6 10 0 -0.0000000
11 6 10 1 -0.0000000
11 6 10 2 -0.0048227
11 6 10 3 -0.0000000
11 6 10 4 0.0000000
11 6 10 5 -0.0000000
11 6 10 6 -0.0036988
11 6 10 7 0.0000000
11 6 10 8 -0.0086158
11 6 10 9 0.0000000
11 6 10 10 0.0000000
11 6 11 0 0.0000000
11 6 11 1 0.0000000
11 6 11 2 0.0166851
11 6 11 3 0.0000000
11 6 11 4 0.0000000
11 6 11 5 -0.0000000
11 6 11 6 0.0208295
11 6 11 7 0.0000000
11 6 11 8 -0.0058486
11 6 11 9 0.0000000
11 6 11 10 -0.0000000
11 6 11 11 0.0000000
11 7 0 0 0.2545690
11 7 1 0 -0.0094002
11 7 1 1 0.0141164
11 7 2 0 -0.0000000
11 7 2 1 -0.0000000
11 7 2 2 0.0791415
11 7 3 0 0.0044814
11 7 3 1 -0.0351379
11 7 3 2 0.0000000
11 7 3 3 0.1032565
11 7 4 0 0.0047244
11 7 4 1 0.0231139
11 7 4 2 0.0000000
11 7 4 3 0.0708080
11 7 4 4 -0.0190671
11 7 5 0 0.0108072
11 7 5 1 -0.0861055
11 7 5 2 0.0000000
11 7 5 3 -0.0720191
11 7 5 4 0.0490571
11 7 5 5 0.0229859
11 7 6 0 -0.0000000
11 7 6 1 0.0000000
11 7 6 2 0.0864004
11 7 6 3 0.0000000
11 7 6 4 -0.0000000
11 7 6 5 0.0000000
11 7 6 6 0.0869535
11 7 7 0 0.0073426
11 7 7 1 0.0051466
11 7 7 2 -0.0000000
11 7 7 3 -0.0265332
11 7 7 4 -0.0106337
11 7 7 5 -0.0010866
11 7 7 6 0.0000000
11 7 7 7 -0.0050324
11 7 8 0 -0.0000000
11 7 8 1 0.0000000
11 7 8 2 -0.0365796
11 7 8 3 0.0000000
11 7 8 4 -0.0000000
11 7 8 5 0.0000000
11 7 8 6 0.0219024
11 7 8 7 0.0000000
11 7 8 8 -0.1510897
11 7 9 0 0.0004468
11 7 9 1 0.0035524
11 7 9 2 0.0000000
11 7 9 3 -0.0011265
11 7 9 4 0.0050801
11 7 9 5 -0.0018367
11 7 9 6 0.0000000
11 7 9 7 -0.0011144
11 7 9 8 0.0000000
11 7 9 9 -0.2608285
11 7 10 0 -0.0005055
11 7 10 1 0.0163879
11 7 10 2 0.0000000
11 7 10 3 0.0055086
11 7 10 4 0.0085788
11 7 10 5 0.0077861
11 7 10 6 -0.0000000
11 7 10 7 -0.0287847
11 7 10 8 -0.0000000
11 7 10 9 0.0193252
11 7 10 10 -0.1626473
11 7 11 0 0.0071450
11 7 11 1 0.0006038
11 7 11 2 0.0000000
11 7 11 3 -0.0061145
11 7 11 4 -0.0048571
11 7 11 5 -0.0121811
11 7 11 6 0.0000000
11 7 11 7 0.2035810
11 7 11 8 0.0000000
11 7 11 9 0.0030652
11 7 11 10 -0.0593325
11 7 11 11 0.0251514
11 8 0 0 0.0000000
11 8 1 0 0.0000000
11 8 1 1 0.0000000
11 8 2 0 -0.0005459
11 8 2 1 -0.0074744
11 8 2 2 -0.0000000
11 8 3 0 0.0000000
11 8 3 1 0.0000000
11 8 3 2 0.0005953
11 8 3 3 -0.0000000
11 8 4 0 0.0000000
11 8 4 1 0.0000000
11 8 4 2 -0.0072791
11 8 4 3 0.0000000
11 8 4 4 -0.0000000
11 8 5 0 -0.0000000
11 8 5 1 0.0000000
11 8 5 2 0.0007401
11 8 5 3 0.0000000
11 8 5 4 0.0000000
11 8 5 5 0.0000000
11 8 6 0 -0.0007437
11 8 6 1 0.0031464
11 8 6 2 -0.0000000
11 8 6 3 0.0003514
11 8 6 4 0.0084706
11 8 6 5 0.0040596
11 8 6 6 -0.0000000
11 8 7 0 -0.0000000
11 8 7 1 0.0000000
11 8 7 2 -0.0067078
11 8 7 3 0.0000000
11 8 7 4 0.0000000
11 8 7 5 0.0000000
11 8 7 6 0.0017566
11 8 7 7 0.0000000
11 8 8 0 -0.0000802
11 8 8 1 0.0073296
11 8 8 2 0.0000000
11 8 8 3 0.0035996
11 8 8 4 -0.0044178
11 8 8 5 0.0106844
11 8 8 6 -0.0000000
11 8 8 7 -0.0181299
11 8 8 8 -0.0000000
11 8 9 0 -0.0000000
11 8 9 1 0.0000000
11 8 9 2 -0.0006322
11 8 9 3 0.0000000
11 8 9 4 -0.0000000
11 8 9 5 0.0000000
11 8 9 6 0.0007526
11 8 9 7 -0.0000000
11 8 9 8 -0.0001755
11 8 9 9 0.0000000
11 8 10 0 0.0000000
11 8 10 1 -0.0000000
11 8 10 2 0.0063371
11 8 10 3 -0.0000000
11 8 10 4 0.0000000
11 8 10 5 -0.0000000
11 8 10 6 -0.0042973
11 8 10 7 0.0000000
11 8 10 8 0.0253046
11 8 10 9 0.0000000
11 8 10 10 0.0000000
11 8 11 0 0.0000000
11 8 11 1 -0.0000000
11 8 11 2 0.0007655
11 8 11 3 -0.0000000
11 8 11 4 0.0000000
11 8 11 5 -0.0000000
11 8 11 6 -0.0058486
11 8 11 7 0.0000000
11 8 11 8 0.0229396
11 8 11 9 0.0000000
11 8 11 10 -0.0000000
11 8 11 11 0.0000000
11 9 0 0 -0.0046724
11 9 1 0 -0.0000715
11 9 1 1 -0.0061252
11 9 2 0 -0.0000000
11 9 2 1 -0.0000000
11 9 2 2 -0.0038120
11 9 3 0 0.0000019
11 9 3 1 -0.0009826
11 9 3 2 -0.0000000
11 9 3 3 -0.0047124
11 9 4 0 0.0000096
11 9 4 1 0.0025971
11 9 4 2 0.0000000
11 9 4 3 0.0018031
11 9 4 4 -0.0068506
11 9 5 0 0.0000834
11 9 5 1 -0.0013310
11 9 5 2 0.0000000
11 9 5 3 -0.0021339
11 9 5 4 0.0031013
11 9 5 5 -0.0075808
11 9 6 0 -0.0000000
11 9 6 1 0.0000000
11 9 6 2 0.0003874
11 9 6 3 0.0000000
11 9 6 4 -0.0000000
11 9 6 5 0.0000000
11 9 6 6 -0.0038044
11 9 7 0 0.0000920
11 9 7 1 0.0009313
11 9 7 2 0.0000000
11 9 7 3 0.0000642
11 9 7 4 -0.0010792
11 9 7 5 0.0008840
11 9 7 6 -0.0000000
11 9 7 7 -0.0065729
11 9 8 0 -0.0000000
11 9 8 1 0.0000000
11 9 8 2 -0.0012785
11 9 8 3 0.0000000
11 9 8 4 -0.0000000
11 9 8 5 0.0000000
11 9 8 6 0.0012322
11 9 8 7 -0.0000000
11 9 8 8 -0.0085153
11 9 9 0 0.0000580
11 9 9 1 -0.0002297
11 9 9 2 -0.0000000
11 9 9 3 -0.0019273
11 9 9 4 0.0028000
11 9 9 5 -0.0018175
11 9 9 6 0.0000000
11 9 9 7 -0.0066747
11 9 9 8 0.0000000
11 9 9 9 -0.0538242
11 9 10 0 -0.0000286
11 9 10 1 -0.0006853
11 9 10 2 -0.0000000
11 9 10 3 -0.0003060
11 9 10 4 0.0006245
11 9 10 5 -0.0003667
11 9 10 6 0.0000000
11 9 10 7 -0.0007309
11 9 10 8 0.0000000
11 9 10 9 0.0071200
11 9 10 10 -0.0059737
11 9 11 0 0.0000719
11 9 11 1 0.0000340
11 9 11 2 0.0000000
11 9 11 3 -0.0004127
11 9 11 4 0.0008908
11 9 11 5 -0.0013608
11 9 11 6 0.0000000
11 9 11 7 0.0030652
11 9 11 8 0.0000000
11 9 11 9 0.0067783
11 9 11 10 0.0001083
11 9 11 11 -0.0052262
11 10 0 0 -0.0747353
11 10 1 0 0.0015106
11 10 1 1 -0.0239603
11 10 2 0 0.0000000
11 10 2 1 -0.0000000
11 10 2 2 -0.0307371
11 10 3 0 -0.0007706
11 10 3 1 0.0110683
11 10 3 2 -0.0000000
11 10 3 3 -0.0388286
11 10 4 0 -0.0008622
11 10 4 1 -0.0029162
11 10 4 2 0.0000000
11 10 4 3 -0.0150610
11 10 4 4 -0.0132554
11 10 5 0 -0.0018214
11 10 5 1 0.0248717
11 10 5 2 -0.0000000
11 10 5 3 0.0143569
11 10 5 4 -0.0130174
11 10 5 5 -0.0190182
11 10 6 0 0.0000000
11 10 6 1 -0.0000000
11 10 6 2 -0.0199382
11 10 6 3 -0.0000000
11 10 6 4 0.0000000
11 10 6 5 -0.0000000
11 10 6 6 -0.0325147
11 10 7 0 -0.0009566
11 10 7 1 -0.0034705
11 10 7 2 0.0000000
11 10 7 3 -0.0003322
11 10 7 4 0.0144952
11 10 7 5 -0.0113056
11 10 7 6 0.0000000
11 10 7 7 -0.0022261
11 10 8 0 0.0000000
11 10 8 1 -0.0000000
11 10 8 2 0.0149829
11 10 8 3 -0.0000000
11 10 8 4 0.0000000
11 10 8 5 -0.0000000
11 10 8 6 -0.0112894
11 10 8 7 0.0000000
11 10 8 8 0.0426908
11 10 9 0 -0.0001560
11 10 9 1 -0.0016199
11 10 9 2 -0.0000000
11 10 9 3 0.0008671
11 10 9 4 -0.0026049
11 10 9 5 0.0011897
11 10 9 6 -0.0000000
11 10 9 7 0.0002473
11 10 9 8 -0.0000000
11 10 9 9 0.0655089
11 10 10 0 0.0000061
11 10 10 1 -0.0152600
11 10 10 2 -0.0000000
11 10 10 3 -0.0134932
11 10 10 4 0.0116891
11 10 10 5 -0.0164804
11 10 10 6 0.0000000
11 10 10 7 -0.0364451
11 10 10 8 0.0000000
11 10 10 9 -0.0031837
11 10 10 10 0.0421696
11 10 11 0 -0.0010754
11 10 11 1 0.0065919
11 10 11 2 0.0000000
11 10 11 3 0.0026632
11 10 11 4 -0.0086826
11 10 11 5 0.0067471
11 10 11 6 -0.0000000
11 10 11 7 -0.0593325
11 10 11 8 -0.0000000
11 10 11 9 0.0001083
11 10 11 10 0.0530158
11 10 11 11 0.0051728
11 11 0 0 0.5901277
11 11 1 0 -0.0064565
11 11 1 1 0.4416450
11 11 2 0 -0.0000000
11 11 2 1 0.0000000
11 11 2 2 0.4182591
11 11 3 0 0.0096345
11 11 3 1 0.0377074
11 11 3 2 0.0000000
11 11 3 3 0.4355801
11 11 4 0 0.0055573
11 11 4 1 -0.0487237
11 11 4 2 -0.0000000
11 11 4 3 -0.0104831
11 11 4 4 0.4075135
11 11 5 0 0.0039362
11 11 5 1 -0.0325705
11 11 5 2 0.0000000
11 11 5 3 -0.0076155
11 11 5 4 -0.0346762
11 11 5 5 0.4896512
11 11 6 0 -0.0000000
11 11 6 1 0.0000000
11 11 6 2 0.0570411
11 11 6 3 0.0000000
11 11 6 4 0.0000000
11 11 6 5 -0.0000000
11 11 6 6 0.4226585
11 11 7 0 0.0065614
11 11 7 1 -0.0018992
11 11 7 2 0.0000000
11 11 7 3 0.0008272
11 11 7 4 0.0030588
11 11 7 5 -0.0288408
11 11 7 6 0.0000000
11 11 7 7 0.5013993
11 11 8 0 0.0000000
11 11 8 1 -0.0000000
11 11 8 2 0.0104277
11 11 8 3 -0.0000000
11 11 8 4 0.0000000
11 11 8 5 -0.0000000
11 11 8 6 -0.0197072
11 11 8 7 0.0000000
11 11 8 8 0.4338917
11 11 9 0 0.0000682
11 11 9 1 -0.0001077
11 11 9 2 0.0000000
11 11 9 3 0.0016776
11 11 9 4 -0.0039410
11 11 9 5 0.0001930
11 11 9 6 -0.0000000
11 11 9 7 -0.0002550
11 11 9 8 -0.0000000
11 11 9 9 0.5430553
11 11 10 0 -0.0009731
11 11 10 1 0.0024283
11 11 10 2 -0.0000000
11 11 10 3 0.0027253
11 11 10 4 -0.0120886
11 11 10 5 0.0084032
11 11 10 6 -0.0000000
11 11 10 7 -0.0364333
11 11 10 8 0.0000000
11 11 10 9 -0.0272587
11 11 10 10 0.4103341
11 11 11 0 0.0067893
11 11 11 1 0.0196007
11 11 11 2 0.0000000
11 11 11 3 0.0122534
11 11 11 4 -0.0197656
11 11 11 5 -0.0089543
11 11 11 6 0.0000000
11 11 11 7 0.0251514
11 11 11 8 0.0000000
11 11 11 9 -0.0052262
11 11 11 10 0.0051728
11 11 11 11 0.5093196
