NMONOMER	1
NELEC	8
ENUC	7.676927
NBASIS	12
HOMO	2
LUMO	2
ENT	5
HF_ENERGY	-37.023506
ENERGIES
-10.982149
-0.941563
-0.557410
-0.343099
0.471637
0.653952
0.694530
849736.417605
965066.300751
996478.077502
1070620.996971
1118093.546429

OEI
-18.613437	
0.220691	-4.646754	
-0.000000	0.000000	-4.254626	
0.187724	-0.115272	0.000000	-4.361394	
-0.153884	0.303066	-0.000000	0.394486	-3.147560	
-0.235822	0.901026	-0.000000	-0.244125	-0.184936	-3.855536	
0.000000	-0.000000	-0.797651	-0.000000	-0.000000	0.000000	-3.551950	
-0.115931	-0.054044	0.000000	-0.033924	-0.004047	-0.015391	-0.000000	849732.839745	
0.000000	-0.000000	0.133717	-0.000000	-0.000000	0.000000	-0.026518	0.000000	965063.469748	
-0.005066	-0.023545	-0.000000	0.002240	-0.003138	0.013149	-0.000000	-0.001121	0.000000	996474.901824	
0.038146	0.197407	-0.000000	-0.065395	-0.118695	0.140150	0.000000	0.151937	-0.000000	-0.132640	1070618.483347	
0.112690	0.079595	-0.000000	0.126923	0.006205	-0.003375	-0.000000	0.855891	0.000000	0.037552	-0.323942	1118089.862503	

ENV_OEI
-5.140443	
0.413518	-0.641228	
-0.000000	-0.000000	-0.508427	
0.364714	0.067068	0.000000	-0.679365	
-0.309316	0.297362	-0.000000	-0.127087	-0.777833	
-0.478663	0.041066	-0.000000	0.195930	0.312788	-0.997647	
0.000000	-0.000000	-0.151592	-0.000000	0.000000	-0.000000	-0.538416	
-0.220871	-0.006304	0.000000	-0.036706	-0.050901	-0.014654	0.000000	-0.779530	
0.000000	-0.000000	-0.129568	-0.000000	0.000000	0.000000	0.140929	-0.000000	-0.827985	
0.014910	-0.257604	-0.000000	0.604257	1.347946	-0.980391	-0.000000	-0.125620	0.000000	-18.636909	
0.055099	-0.038380	-0.000000	0.001884	0.036340	-0.067800	-0.000000	-0.220700	-0.000000	-1.669161	-0.887527	
0.209953	-0.002411	0.000000	-0.038506	-0.027926	0.047925	-0.000000	-0.031509	0.000000	0.179244	-0.136359	-0.613547	

OVERLAP
1.000000	
0.248362	1.000000	
0.061767	0.488736	1.000000	
0.061767	0.488736	0.167856	1.000000	
0.000000	0.027047	0.038545	0.038545	1.000000	
0.027047	0.301519	0.378700	0.378700	0.248362	1.000000	
0.000000	0.000000	-0.155576	-0.155576	-0.015125	-0.113119	1.000000	
0.000000	0.000000	0.380474	-0.380474	0.000000	0.000000	0.000000	1.000000	
0.000000	0.000000	-0.219667	-0.219667	-0.042713	-0.319437	0.000000	0.000000	1.000000	
0.015125	0.113119	0.044121	0.044121	0.000000	0.000000	0.112775	0.000000	-0.151526	1.000000	
0.000000	0.000000	0.268260	-0.268260	0.000000	0.000000	0.000000	0.166433	0.000000	0.000000	1.000000	
0.042713	0.319437	0.279473	0.279473	0.000000	0.000000	-0.151526	0.000000	-0.261465	0.000000	0.000000	1.000000	

MOCOEFF
-0.996668	-0.016295	0.006494	0.006494	-0.001354	0.006663	0.027465	-0.000000	0.007896	-0.002259	-0.000000	0.003202	
0.144021	-0.338807	-0.267693	-0.267693	0.027377	0.047288	0.320430	-0.000000	0.229523	-0.168397	0.000000	-0.280220	
-0.000000	-0.000000	-0.434770	0.434770	0.000000	-0.000000	-0.000000	-0.622215	0.000000	0.000000	0.336819	-0.000000	
0.127091	-0.509116	-0.116328	-0.116328	-0.054092	0.218121	0.301201	0.000000	-0.690674	0.024694	0.000000	0.362280	
-0.105961	0.656986	-0.897691	-0.897691	-0.117507	0.700462	-0.239217	-0.000000	0.143723	0.161978	-0.000000	0.599129	
-0.167231	1.026284	-0.413739	-0.413739	0.087374	-0.527465	-0.368802	-0.000000	-0.925819	-0.288202	-0.000000	-0.704944	
0.000000	-0.000000	0.952318	-0.952318	0.000000	-0.000000	0.000000	-1.079030	0.000000	-0.000000	-0.331351	-0.000000	
-0.084288	0.388040	-0.000000	-0.000000	0.012325	-0.049401	0.608823	-0.000000	-0.000000	-0.744813	0.000000	0.291146	
0.000000	-0.000000	-0.000000	0.000000	0.000000	-0.000000	-0.000000	0.000000	0.000000	0.000000	1.000000	0.000000	
-0.000564	0.002599	0.000000	0.000000	1.025611	-0.216380	0.004077	-0.000000	-0.000000	0.053739	-0.000000	0.092871	
0.018947	-0.087226	-0.000000	-0.000000	0.019715	0.850780	-0.136854	-0.000000	-0.000000	-0.334096	0.000000	-0.355391	
0.081637	-0.375837	0.000000	0.000000	0.011610	-0.229166	-0.589676	-0.000000	-0.000000	-0.509850	-0.000000	0.308002	

ERI
0 0 0 0 3.5236335
1 0 0 0 -0.1918826
1 0 1 0 0.0207183
1 0 1 1 0.0059186
1 1 0 0 0.6478132
1 1 1 0 0.0059186
1 1 1 1 0.5938875
2 0 0 0 0.0000000
2 0 1 0 -0.0000000
2 0 1 1 0.0000000
2 0 2 0 0.0095908
2 0 2 1 0.0111741
2 0 2 2 -0.0000000
2 1 0 0 0.0000000
2 1 1 0 0.0000000
2 1 1 1 0.0000000
2 1 2 0 0.0111741
2 1 2 1 0.1050581
2 1 2 2 -0.0000000
2 2 0 0 0.6549209
2 2 1 0 -0.0008348
2 2 1 1 0.5127383
2 2 2 0 -0.0000000
2 2 2 1 -0.0000000
2 2 2 2 0.5402113
3 0 0 0 -0.1658140
3 0 1 0 0.0126609
3 0 1 1 -0.0088076
3 0 2 0 -0.0000000
3 0 2 1 -0.0000000
3 0 2 2 -0.0038916
3 0 3 0 0.0249663
3 0 3 1 0.0083131
3 0 3 2 -0.0000000
3 0 3 3 0.0096500
3 1 0 0 0.0527189
3 1 1 0 -0.0011203
3 1 1 1 -0.0187517
3 1 2 0 0.0000000
3 1 2 1 0.0000000
3 1 2 2 0.0187263
3 1 3 0 0.0083131
3 1 3 1 0.0584935
3 1 3 2 0.0000000
3 1 3 3 0.0420929
3 2 0 0 -0.0000000
3 2 1 0 0.0000000
3 2 1 1 0.0000000
3 2 2 0 0.0072814
3 2 2 1 0.0382987
3 2 2 2 -0.0000000
3 2 3 0 -0.0000000
3 2 3 1 0.0000000
3 2 3 2 0.0371854
3 2 3 3 -0.0000000
3 3 0 0 0.7787313
3 3 1 0 -0.0067854
3 3 1 1 0.4872355
3 3 2 0 -0.0000000
3 3 2 1 0.0000000
3 3 2 2 0.4867604
3 3 3 0 0.0096500
3 3 3 1 0.0420929
3 3 3 2 -0.0000000
3 3 3 3 0.6334860
4 0 0 0 0.1394204
4 0 1 0 -0.0129283
4 0 1 1 0.0015278
4 0 2 0 0.0000000
4 0 2 1 0.0000000
4 0 2 2 0.0022315
4 0 3 0 -0.0142190
4 0 3 1 -0.0020242
4 0 3 2 0.0000000
4 0 3 3 -0.0006997
4 0 4 0 0.0104396
4 0 4 1 -0.0003846
4 0 4 2 0.0000000
4 0 4 3 0.0010754
4 0 4 4 0.0000048
4 1 0 0 -0.0875202
4 1 1 0 -0.0008433
4 1 1 1 -0.0421530
4 1 2 0 0.0000000
4 1 2 1 0.0000000
4 1 2 2 0.0136604
4 1 3 0 0.0013707
4 1 3 1 0.0193430
4 1 3 2 0.0000000
4 1 3 3 -0.0533027
4 1 4 0 -0.0003846
4 1 4 1 0.0706996
4 1 4 2 -0.0000000
4 1 4 3 -0.0062196
4 1 4 4 -0.0071575
4 2 0 0 0.0000000
4 2 1 0 -0.0000000
4 2 1 1 0.0000000
4 2 2 0 0.0010109
4 2 2 1 0.0716380
4 2 2 2 -0.0000000
4 2 3 0 -0.0000000
4 2 3 1 0.0000000
4 2 3 2 0.0160391
4 2 3 3 0.0000000
4 2 4 0 0.0000000
4 2 4 1 -0.0000000
4 2 4 2 0.0793888
4 2 4 3 -0.0000000
4 2 4 4 -0.0000000
4 3 0 0 -0.1410758
4 3 1 0 0.0049915
4 3 1 1 0.0204365
4 3 2 0 0.0000000
4 3 2 1 0.0000000
4 3 2 2 -0.0199425
4 3 3 0 -0.0085121
4 3 3 1 -0.0521215
4 3 3 2 0.0000000
4 3 3 3 -0.0921595
4 3 4 0 0.0010754
4 3 4 1 -0.0062196
4 3 4 2 -0.0000000
4 3 4 3 0.0778460
4 3 4 4 0.0335561
4 4 0 0 0.5026136
4 4 1 0 0.0019643
4 4 1 1 0.5149808
4 4 2 0 -0.0000000
4 4 2 1 -0.0000000
4 4 2 2 0.4726640
4 4 3 0 -0.0015504
4 4 3 1 -0.0188902
4 4 3 2 -0.0000000
4 4 3 3 0.4385270
4 4 4 0 0.0000048
4 4 4 1 -0.0071575
4 4 4 2 -0.0000000
4 4 4 3 0.0335561
4 4 4 4 0.5207577
5 0 0 0 0.2197157
5 0 1 0 -0.0263743
5 0 1 1 -0.0117486
5 0 2 0 0.0000000
5 0 2 1 0.0000000
5 0 2 2 -0.0005892
5 0 3 0 -0.0066944
5 0 3 1 0.0063238
5 0 3 2 0.0000000
5 0 3 3 0.0157700
5 0 4 0 0.0130796
5 0 4 1 0.0012915
5 0 4 2 0.0000000
5 0 4 3 -0.0119399
5 0 4 4 -0.0030964
5 0 5 0 0.0389626
5 0 5 1 0.0040539
5 0 5 2 -0.0000000
5 0 5 3 0.0040601
5 0 5 4 -0.0024322
5 0 5 5 -0.0099425
5 1 0 0 -0.2655484
5 1 1 0 -0.0003790
5 1 1 1 -0.0712583
5 1 2 0 0.0000000
5 1 2 1 -0.0000000
5 1 2 2 -0.0711489
5 1 3 0 0.0080166
5 1 3 1 -0.0262412
5 1 3 2 0.0000000
5 1 3 3 -0.0917011
5 1 4 0 -0.0030204
5 1 4 1 0.0152489
5 1 4 2 -0.0000000
5 1 4 3 0.0467224
5 1 4 4 0.0006073
5 1 5 0 0.0040539
5 1 5 1 0.1049499
5 1 5 2 -0.0000000
5 1 5 3 -0.0366833
5 1 5 4 -0.0389169
5 1 5 5 -0.0817157
5 2 0 0 0.0000000
5 2 1 0 -0.0000000
5 2 1 1 0.0000000
5 2 2 0 -0.0060384
5 2 2 1 -0.0069133
5 2 2 2 0.0000000
5 2 3 0 -0.0000000
5 2 3 1 0.0000000
5 2 3 2 -0.0017260
5 2 3 3 0.0000000
5 2 4 0 -0.0000000
5 2 4 1 -0.0000000
5 2 4 2 0.0152457
5 2 4 3 -0.0000000
5 2 4 4 -0.0000000
5 2 5 0 -0.0000000
5 2 5 1 -0.0000000
5 2 5 2 0.0232756
5 2 5 3 0.0000000
5 2 5 4 -0.0000000
5 2 5 5 0.0000000
5 3 0 0 0.0868252
5 3 1 0 -0.0041652
5 3 1 1 -0.0179007
5 3 2 0 0.0000000
5 3 2 1 0.0000000
5 3 2 2 0.0174215
5 3 3 0 -0.0028240
5 3 3 1 0.0062584
5 3 3 2 0.0000000
5 3 3 3 0.0367714
5 3 4 0 0.0019290
5 3 4 1 0.0190955
5 3 4 2 0.0000000
5 3 4 3 -0.0344274
5 3 4 4 -0.0262329
5 3 5 0 0.0040601
5 3 5 1 -0.0366833
5 3 5 2 0.0000000
5 3 5 3 0.0525509
5 3 5 4 0.0210547
5 3 5 5 -0.0032434
5 4 0 0 0.0565166
5 4 1 0 0.0010460
5 4 1 1 0.0100149
5 4 2 0 -0.0000000
5 4 2 1 -0.0000000
5 4 2 2 0.0327096
5 4 3 0 -0.0021793
5 4 3 1 0.0321606
5 4 3 2 -0.0000000
5 4 3 3 -0.0021998
5 4 4 0 0.0004756
5 4 4 1 0.0406509
5 4 4 2 -0.0000000
5 4 4 3 -0.0266812
5 4 4 4 -0.0025378
5 4 5 0 -0.0024322
5 4 5 1 -0.0389169
5 4 5 2 -0.0000000
5 4 5 3 0.0210547
5 4 5 4 0.0598101
5 4 5 5 -0.0146898
5 5 0 0 0.7823090
5 5 1 0 0.0007608
5 5 1 1 0.5775581
5 5 2 0 -0.0000000
5 5 2 1 -0.0000000
5 5 2 2 0.4982436
5 5 3 0 -0.0183614
5 5 3 1 -0.0388717
5 5 3 2 -0.0000000
5 5 3 3 0.5065028
5 5 4 0 0.0065117
5 5 4 1 -0.0675096
5 5 4 2 0.0000000
5 5 4 3 0.0193888
5 5 4 4 0.5007728
5 5 5 0 -0.0099425
5 5 5 1 -0.0817157
5 5 5 2 0.0000000
5 5 5 3 -0.0032434
5 5 5 4 -0.0146898
5 5 5 5 0.6239541
6 0 0 0 -0.0000000
6 0 1 0 0.0000000
6 0 1 1 0.0000000
6 0 2 0 0.0133662
6 0 2 1 0.0139857
6 0 2 2 -0.0000000
6 0 3 0 0.0000000
6 0 3 1 0.0000000
6 0 3 2 0.0095689
6 0 3 3 -0.0000000
6 0 4 0 0.0000000
6 0 4 1 0.0000000
6 0 4 2 0.0012105
6 0 4 3 0.0000000
6 0 4 4 -0.0000000
6 0 5 0 -0.0000000
6 0 5 1 0.0000000
6 0 5 2 -0.0074174
6 0 5 3 0.0000000
6 0 5 4 -0.0000000
6 0 5 5 -0.0000000
6 0 6 0 0.0187325
6 0 6 1 0.0047185
6 0 6 2 -0.0000000
6 0 6 3 0.0095225
6 0 6 4 -0.0098481
6 0 6 5 -0.0095691
6 0 6 6 0.0000000
6 1 0 0 0.0000000
6 1 1 0 0.0000000
6 1 1 1 0.0000000
6 1 2 0 0.0037273
6 1 2 1 -0.0321196
6 1 2 2 0.0000000
6 1 3 0 -0.0000000
6 1 3 1 -0.0000000
6 1 3 2 -0.0019183
6 1 3 3 0.0000000
6 1 4 0 0.0000000
6 1 4 1 -0.0000000
6 1 4 2 -0.0500859
6 1 4 3 -0.0000000
6 1 4 4 0.0000000
6 1 5 0 0.0000000
6 1 5 1 -0.0000000
6 1 5 2 -0.0224528
6 1 5 3 0.0000000
6 1 5 4 0.0000000
6 1 5 5 0.0000000
6 1 6 0 0.0047185
6 1 6 1 0.0428905
6 1 6 2 0.0000000
6 1 6 3 0.0109562
6 1 6 4 0.0536790
6 1 6 5 0.0213733
6 1 6 6 -0.0000000
6 2 0 0 0.2549443
6 2 1 0 -0.0062379
6 2 1 1 0.0137290
6 2 2 0 0.0000000
6 2 2 1 -0.0000000
6 2 2 2 0.0465108
6 2 3 0 -0.0011384
6 2 3 1 0.0200702
6 2 3 2 -0.0000000
6 2 3 3 0.1114800
6 2 4 0 0.0029963
6 2 4 1 -0.0400365
6 2 4 2 0.0000000
6 2 4 3 -0.0556466
6 2 4 4 -0.0356651
6 2 5 0 0.0083711
6 2 5 1 -0.0704603
6 2 5 2 0.0000000
6 2 5 3 0.0331725
6 2 5 4 -0.0080902
6 2 5 5 0.0495802
6 2 6 0 -0.0000000
6 2 6 1 0.0000000
6 2 6 2 0.1207591
6 2 6 3 0.0000000
6 2 6 4 0.0000000
6 2 6 5 0.0000000
6 2 6 6 0.0417246
6 3 0 0 0.0000000
6 3 1 0 -0.0000000
6 3 1 1 -0.0000000
6 3 2 0 0.0070764
6 3 2 1 0.0155691
6 3 2 2 0.0000000
6 3 3 0 0.0000000
6 3 3 1 0.0000000
6 3 3 2 0.0279203
6 3 3 3 0.0000000
6 3 4 0 0.0000000
6 3 4 1 -0.0000000
6 3 4 2 -0.0079285
6 3 4 3 -0.0000000
6 3 4 4 -0.0000000
6 3 5 0 0.0000000
6 3 5 1 -0.0000000
6 3 5 2 -0.0047587
6 3 5 3 0.0000000
6 3 5 4 0.0000000
6 3 5 5 -0.0000000
6 3 6 0 0.0095225
6 3 6 1 0.0109562
6 3 6 2 0.0000000
6 3 6 3 0.0303081
6 3 6 4 -0.0105200
6 3 6 5 -0.0019021
6 3 6 6 0.0000000
6 4 0 0 0.0000000
6 4 1 0 -0.0000000
6 4 1 1 -0.0000000
6 4 2 0 -0.0074208
6 4 2 1 -0.0933592
6 4 2 2 0.0000000
6 4 3 0 -0.0000000
6 4 3 1 -0.0000000
6 4 3 2 -0.0360448
6 4 3 3 0.0000000
6 4 4 0 -0.0000000
6 4 4 1 0.0000000
6 4 4 2 -0.0867439
6 4 4 3 -0.0000000
6 4 4 4 0.0000000
6 4 5 0 0.0000000
6 4 5 1 -0.0000000
6 4 5 2 -0.0156328
6 4 5 3 0.0000000
6 4 5 4 0.0000000
6 4 5 5 0.0000000
6 4 6 0 -0.0098481
6 4 6 1 0.0536790
6 4 6 2 0.0000000
6 4 6 3 -0.0105200
6 4 6 4 0.1153059
6 4 6 5 0.0578754
6 4 6 6 -0.0000000
6 5 0 0 -0.0000000
6 5 1 0 -0.0000000
6 5 1 1 -0.0000000
6 5 2 0 -0.0074989
6 5 2 1 -0.0585085
6 5 2 2 0.0000000
6 5 3 0 0.0000000
6 5 3 1 -0.0000000
6 5 3 2 -0.0146077
6 5 3 3 -0.0000000
6 5 4 0 -0.0000000
6 5 4 1 0.0000000
6 5 4 2 -0.0442493
6 5 4 3 -0.0000000
6 5 4 4 0.0000000
6 5 5 0 0.0000000
6 5 5 1 0.0000000
6 5 5 2 0.0038965
6 5 5 3 -0.0000000
6 5 5 4 0.0000000
6 5 5 5 -0.0000000
6 5 6 0 -0.0095691
6 5 6 1 0.0213733
6 5 6 2 0.0000000
6 5 6 3 -0.0019021
6 5 6 4 0.0578754
6 5 6 5 0.0422006
6 5 6 6 -0.0000000
6 6 0 0 0.7085292
6 6 1 0 -0.0054529
6 6 1 1 0.4991048
6 6 2 0 0.0000000
6 6 2 1 0.0000000
6 6 2 2 0.5302843
6 6 3 0 -0.0041051
6 6 3 1 0.0175714
6 6 3 2 0.0000000
6 6 3 3 0.4916671
6 6 4 0 0.0037470
6 6 4 1 0.0195639
6 6 4 2 0.0000000
6 6 4 3 -0.0262417
6 6 4 4 0.4802057
6 6 5 0 0.0057520
6 6 5 1 -0.0594896
6 6 5 2 0.0000000
6 6 5 3 0.0234053
6 6 5 4 0.0376716
6 6 5 5 0.4974433
6 6 6 0 0.0000000
6 6 6 1 -0.0000000
6 6 6 2 0.0417246
6 6 6 3 0.0000000
6 6 6 4 -0.0000000
6 6 6 5 -0.0000000
6 6 6 6 0.5501144
7 0 0 0 0.0850729
7 0 1 0 -0.0037848
7 0 1 1 0.0069366
7 0 2 0 0.0000000
7 0 2 1 -0.0000000
7 0 2 2 0.0005456
7 0 3 0 -0.0033466
7 0 3 1 0.0050021
7 0 3 2 -0.0000000
7 0 3 3 0.0044156
7 0 4 0 0.0033132
7 0 4 1 -0.0035018
7 0 4 2 -0.0000000
7 0 4 3 -0.0025423
7 0 4 4 0.0037285
7 0 5 0 0.0053620
7 0 5 1 -0.0043527
7 0 5 2 -0.0000000
7 0 5 3 -0.0057222
7 0 5 4 0.0032925
7 0 5 5 0.0048021
7 0 6 0 -0.0000000
7 0 6 1 0.0000000
7 0 6 2 -0.0017105
7 0 6 3 0.0000000
7 0 6 4 -0.0000000
7 0 6 5 -0.0000000
7 0 6 6 -0.0005518
7 0 7 0 0.0112588
7 0 7 1 0.0015364
7 0 7 2 -0.0000000
7 0 7 3 0.0025787
7 0 7 4 -0.0014605
7 0 7 5 -0.0031659
7 0 7 6 0.0000000
7 0 7 7 -0.0059802
7 1 0 0 0.0066640
7 1 1 0 0.0008147
7 1 1 1 0.0001352
7 1 2 0 -0.0000000
7 1 2 1 -0.0000000
7 1 2 2 -0.0056202
7 1 3 0 0.0033029
7 1 3 1 0.0074191
7 1 3 2 -0.0000000
7 1 3 3 0.0112494
7 1 4 0 -0.0014350
7 1 4 1 -0.0071369
7 1 4 2 0.0000000
7 1 4 3 -0.0076062
7 1 4 4 -0.0014994
7 1 5 0 0.0006028
7 1 5 1 -0.0025140
7 1 5 2 0.0000000
7 1 5 3 -0.0049828
7 1 5 4 -0.0011285
7 1 5 5 0.0000150
7 1 6 0 0.0000000
7 1 6 1 0.0000000
7 1 6 2 0.0027546
7 1 6 3 0.0000000
7 1 6 4 -0.0000000
7 1 6 5 0.0000000
7 1 6 6 -0.0047918
7 1 7 0 0.0015364
7 1 7 1 0.0101285
7 1 7 2 0.0000000
7 1 7 3 -0.0045780
7 1 7 4 -0.0068567
7 1 7 5 -0.0005420
7 1 7 6 0.0000000
7 1 7 7 0.0021300
7 2 0 0 -0.0000000
7 2 1 0 -0.0000000
7 2 1 1 -0.0000000
7 2 2 0 -0.0051058
7 2 2 1 -0.0225093
7 2 2 2 0.0000000
7 2 3 0 0.0000000
7 2 3 1 -0.0000000
7 2 3 2 -0.0119575
7 2 3 3 -0.0000000
7 2 4 0 -0.0000000
7 2 4 1 -0.0000000
7 2 4 2 -0.0121473
7 2 4 3 -0.0000000
7 2 4 4 0.0000000
7 2 5 0 -0.0000000
7 2 5 1 0.0000000
7 2 5 2 0.0047775
7 2 5 3 -0.0000000
7 2 5 4 0.0000000
7 2 5 5 0.0000000
7 2 6 0 -0.0069686
7 2 6 1 0.0013190
7 2 6 2 0.0000000
7 2 6 3 -0.0100531
7 2 6 4 0.0184882
7 2 6 5 0.0126156
7 2 6 6 -0.0000000
7 2 7 0 -0.0000000
7 2 7 1 0.0000000
7 2 7 2 0.0186666
7 2 7 3 -0.0000000
7 2 7 4 0.0000000
7 2 7 5 0.0000000
7 2 7 6 0.0158633
7 2 7 7 -0.0000000
7 3 0 0 -0.0079250
7 3 1 0 0.0044229
7 3 1 1 0.0266147
7 3 2 0 -0.0000000
7 3 2 1 -0.0000000
7 3 2 2 0.0005598
7 3 3 0 -0.0027713
7 3 3 1 -0.0030280
7 3 3 2 0.0000000
7 3 3 3 -0.0124602
7 3 4 0 -0.0005059
7 3 4 1 -0.0092382
7 3 4 2 -0.0000000
7 3 4 3 0.0158458
7 3 4 4 0.0159338
7 3 5 0 -0.0080340
7 3 5 1 -0.0021807
7 3 5 2 -0.0000000
7 3 5 3 -0.0183129
7 3 5 4 0.0019061
7 3 5 5 0.0233602
7 3 6 0 0.0000000
7 3 6 1 0.0000000
7 3 6 2 -0.0158689
7 3 6 3 -0.0000000
7 3 6 4 -0.0000000
7 3 6 5 -0.0000000
7 3 6 6 -0.0044454
7 3 7 0 0.0025787
7 3 7 1 -0.0045780
7 3 7 2 -0.0000000
7 3 7 3 0.0264810
7 3 7 4 0.0010210
7 3 7 5 0.0006062
7 3 7 6 0.0000000
7 3 7 7 0.0055361
7 4 0 0 0.0072828
7 4 1 0 -0.0021010
7 4 1 1 -0.0069769
7 4 2 0 -0.0000000
7 4 2 1 -0.0000000
7 4 2 2 -0.0034643
7 4 3 0 -0.0001350
7 4 3 1 -0.0013651
7 4 3 2 -0.0000000
7 4 3 3 0.0051193
7 4 4 0 0.0008159
7 4 4 1 -0.0007417
7 4 4 2 0.0000000
7 4 4 3 -0.0020279
7 4 4 4 -0.0044323
7 4 5 0 0.0030876
7 4 5 1 0.0020454
7 4 5 2 0.0000000
7 4 5 3 0.0045016
7 4 5 4 -0.0051603
7 4 5 5 -0.0031732
7 4 6 0 -0.0000000
7 4 6 1 -0.0000000
7 4 6 2 0.0058654
7 4 6 3 -0.0000000
7 4 6 4 0.0000000
7 4 6 5 0.0000000
7 4 6 6 -0.0001877
7 4 7 0 -0.0014605
7 4 7 1 -0.0068567
7 4 7 2 0.0000000
7 4 7 3 0.0010210
7 4 7 4 0.0173900
7 4 7 5 -0.0144561
7 4 7 6 0.0000000
7 4 7 7 0.0061176
7 5 0 0 0.0108850
7 5 1 0 -0.0011237
7 5 1 1 0.0023247
7 5 2 0 -0.0000000
7 5 2 1 -0.0000000
7 5 2 2 0.0050652
7 5 3 0 -0.0078364
7 5 3 1 -0.0184930
7 5 3 2 -0.0000000
7 5 3 3 -0.0159231
7 5 4 0 0.0030192
7 5 4 1 -0.0003616
7 5 4 2 0.0000000
7 5 4 3 0.0146001
7 5 4 4 -0.0012095
7 5 5 0 -0.0029241
7 5 5 1 -0.0008439
7 5 5 2 0.0000000
7 5 5 3 0.0073558
7 5 5 4 -0.0042641
7 5 5 5 0.0152620
7 5 6 0 -0.0000000
7 5 6 1 -0.0000000
7 5 6 2 0.0035860
7 5 6 3 -0.0000000
7 5 6 4 0.0000000
7 5 6 5 0.0000000
7 5 6 6 0.0019788
7 5 7 0 -0.0031659
7 5 7 1 -0.0005420
7 5 7 2 0.0000000
7 5 7 3 0.0006062
7 5 7 4 -0.0144561
7 5 7 5 0.0331371
7 5 7 6 0.0000000
7 5 7 7 0.0182544
7 6 0 0 -0.0000000
7 6 1 0 0.0000000
7 6 1 1 0.0000000
7 6 2 0 -0.0055759
7 6 2 1 -0.0122654
7 6 2 2 0.0000000
7 6 3 0 0.0000000
7 6 3 1 0.0000000
7 6 3 2 -0.0111856
7 6 3 3 0.0000000
7 6 4 0 -0.0000000
7 6 4 1 -0.0000000
7 6 4 2 -0.0006604
7 6 4 3 -0.0000000
7 6 4 4 0.0000000
7 6 5 0 -0.0000000
7 6 5 1 -0.0000000
7 6 5 2 0.0064869
7 6 5 3 -0.0000000
7 6 5 4 0.0000000
7 6 5 5 0.0000000
7 6 6 0 -0.0076679
7 6 6 1 -0.0054771
7 6 6 2 -0.0000000
7 6 6 3 -0.0119122
7 6 6 4 0.0070813
7 6 6 5 0.0063453
7 6 6 6 -0.0000000
7 6 7 0 0.0000000
7 6 7 1 0.0000000
7 6 7 2 0.0158633
7 6 7 3 0.0000000
7 6 7 4 0.0000000
7 6 7 5 0.0000000
7 6 7 6 0.0194401
7 6 7 7 -0.0000000
7 7 0 0 0.5615262
7 7 1 0 -0.0065751
7 7 1 1 0.4326297
7 7 2 0 0.0000000
7 7 2 1 0.0000000
7 7 2 2 0.4045655
7 7 3 0 -0.0083463
7 7 3 1 -0.0399049
7 7 3 2 -0.0000000
7 7 3 3 0.4234757
7 7 4 0 0.0052124
7 7 4 1 -0.0520138
7 7 4 2 0.0000000
7 7 4 3 0.0195118
7 7 4 4 0.4111831
7 7 5 0 0.0047666
7 7 5 1 -0.0138769
7 7 5 2 0.0000000
7 7 5 3 -0.0059272
7 7 5 4 -0.0486667
7 7 5 5 0.4834828
7 7 6 0 -0.0000000
7 7 6 1 0.0000000
7 7 6 2 0.0465009
7 7 6 3 -0.0000000
7 7 6 4 0.0000000
7 7 6 5 0.0000000
7 7 6 6 0.4109324
7 7 7 0 -0.0059802
7 7 7 1 0.0021300
7 7 7 2 -0.0000000
7 7 7 3 0.0055361
7 7 7 4 0.0061176
7 7 7 5 0.0182544
7 7 7 6 -0.0000000
7 7 7 7 0.5146546
8 0 0 0 -0.0000000
8 0 1 0 -0.0000000
8 0 1 1 -0.0000000
8 0 2 0 -0.0002496
8 0 2 1 -0.0003168
8 0 2 2 0.0000000
8 0 3 0 0.0000000
8 0 3 1 -0.0000000
8 0 3 2 -0.0001740
8 0 3 3 0.0000000
8 0 4 0 -0.0000000
8 0 4 1 -0.0000000
8 0 4 2 0.0001018
8 0 4 3 -0.0000000
8 0 4 4 0.0000000
8 0 5 0 -0.0000000
8 0 5 1 -0.0000000
8 0 5 2 0.0002930
8 0 5 3 -0.0000000
8 0 5 4 0.0000000
8 0 5 5 0.0000000
8 0 6 0 -0.0003382
8 0 6 1 -0.0002483
8 0 6 2 -0.0000000
8 0 6 3 -0.0001870
8 0 6 4 0.0000440
8 0 6 5 0.0002023
8 0 6 6 -0.0000000
8 0 7 0 0.0000000
8 0 7 1 0.0000000
8 0 7 2 0.0001311
8 0 7 3 -0.0000000
8 0 7 4 0.0000000
8 0 7 5 0.0000000
8 0 7 6 0.0001554
8 0 7 7 -0.0000000
8 0 8 0 0.0000107
8 0 8 1 -0.0000411
8 0 8 2 -0.0000000
8 0 8 3 0.0000812
8 0 8 4 0.0000843
8 0 8 5 -0.0002181
8 0 8 6 0.0000000
8 0 8 7 0.0000302
8 0 8 8 -0.0000000
8 1 0 0 -0.0000000
8 1 1 0 -0.0000000
8 1 1 1 -0.0000000
8 1 2 0 -0.0021429
8 1 2 1 -0.0339620
8 1 2 2 0.0000000
8 1 3 0 0.0000000
8 1 3 1 -0.0000000
8 1 3 2 -0.0077566
8 1 3 3 -0.0000000
8 1 4 0 -0.0000000
8 1 4 1 0.0000000
8 1 4 2 -0.0289138
8 1 4 3 -0.0000000
8 1 4 4 0.0000000
8 1 5 0 -0.0000000
8 1 5 1 0.0000000
8 1 5 2 -0.0009927
8 1 5 3 -0.0000000
8 1 5 4 0.0000000
8 1 5 5 0.0000000
8 1 6 0 -0.0026595
8 1 6 1 0.0178236
8 1 6 2 0.0000000
8 1 6 3 -0.0008343
8 1 6 4 0.0360700
8 1 6 5 0.0197902
8 1 6 6 -0.0000000
8 1 7 0 0.0000000
8 1 7 1 0.0000000
8 1 7 2 0.0068312
8 1 7 3 0.0000000
8 1 7 4 0.0000000
8 1 7 5 0.0000000
8 1 7 6 0.0010783
8 1 7 7 0.0000000
8 1 8 0 -0.0000411
8 1 8 1 0.0257433
8 1 8 2 0.0000000
8 1 8 3 -0.0121618
8 1 8 4 -0.0051656
8 1 8 5 0.0262621
8 1 8 6 -0.0000000
8 1 8 7 0.0003915
8 1 8 8 0.0000000
8 2 0 0 -0.0339924
8 2 1 0 -0.0001681
8 2 1 1 -0.0189914
8 2 2 0 0.0000000
8 2 2 1 0.0000000
8 2 2 2 -0.0293560
8 2 3 0 0.0003179
8 2 3 1 -0.0107932
8 2 3 2 0.0000000
8 2 3 3 -0.0163077
8 2 4 0 -0.0000282
8 2 4 1 -0.0173300
8 2 4 2 0.0000000
8 2 4 3 0.0120205
8 2 4 4 -0.0112138
8 2 5 0 0.0003445
8 2 5 1 0.0187702
8 2 5 2 0.0000000
8 2 5 3 -0.0136491
8 2 5 4 -0.0236494
8 2 5 5 -0.0032148
8 2 6 0 0.0000000
8 2 6 1 0.0000000
8 2 6 2 -0.0028229
8 2 6 3 -0.0000000
8 2 6 4 -0.0000000
8 2 6 5 0.0000000
8 2 6 6 -0.0290703
8 2 7 0 -0.0000043
8 2 7 1 0.0026231
8 2 7 2 -0.0000000
8 2 7 3 0.0032053
8 2 7 4 0.0013984
8 2 7 5 0.0010072
8 2 7 6 -0.0000000
8 2 7 7 0.0200336
8 2 8 0 -0.0000000
8 2 8 1 0.0000000
8 2 8 2 0.0203365
8 2 8 3 0.0000000
8 2 8 4 -0.0000000
8 2 8 5 -0.0000000
8 2 8 6 -0.0166043
8 2 8 7 -0.0000000
8 2 8 8 0.0581145
8 3 0 0 -0.0000000
8 3 1 0 -0.0000000
8 3 1 1 0.0000000
8 3 2 0 0.0002888
8 3 2 1 0.0069103
8 3 2 2 -0.0000000
8 3 3 0 -0.0000000
8 3 3 1 -0.0000000
8 3 3 2 -0.0000102
8 3 3 3 -0.0000000
8 3 4 0 0.0000000
8 3 4 1 -0.0000000
8 3 4 2 0.0070521
8 3 4 3 0.0000000
8 3 4 4 -0.0000000
8 3 5 0 0.0000000
8 3 5 1 0.0000000
8 3 5 2 -0.0008957
8 3 5 3 -0.0000000
8 3 5 4 -0.0000000
8 3 5 5 -0.0000000
8 3 6 0 0.0003290
8 3 6 1 -0.0042652
8 3 6 2 -0.0000000
8 3 6 3 -0.0012452
8 3 6 4 -0.0081741
8 3 6 5 -0.0037931
8 3 6 6 0.0000000
8 3 7 0 -0.0000000
8 3 7 1 0.0000000
8 3 7 2 -0.0013667
8 3 7 3 0.0000000
8 3 7 4 -0.0000000
8 3 7 5 0.0000000
8 3 7 6 -0.0000649
8 3 7 7 0.0000000
8 3 8 0 0.0000812
8 3 8 1 -0.0121618
8 3 8 2 0.0000000
8 3 8 3 0.0084582
8 3 8 4 0.0083898
8 3 8 5 -0.0156840
8 3 8 6 -0.0000000
8 3 8 7 0.0011368
8 3 8 8 0.0000000
8 4 0 0 -0.0000000
8 4 1 0 0.0000000
8 4 1 1 -0.0000000
8 4 2 0 -0.0003388
8 4 2 1 -0.0122095
8 4 2 2 0.0000000
8 4 3 0 0.0000000
8 4 3 1 0.0000000
8 4 3 2 -0.0030798
8 4 3 3 -0.0000000
8 4 4 0 -0.0000000
8 4 4 1 0.0000000
8 4 4 2 -0.0119096
8 4 4 3 -0.0000000
8 4 4 4 0.0000000
8 4 5 0 -0.0000000
8 4 5 1 0.0000000
8 4 5 2 -0.0060609
8 4 5 3 0.0000000
8 4 5 4 0.0000000
8 4 5 5 0.0000000
8 4 6 0 -0.0005410
8 4 6 1 0.0096661
8 4 6 2 -0.0000000
8 4 6 3 -0.0005888
8 4 6 4 0.0146999
8 4 6 5 0.0099704
8 4 6 6 -0.0000000
8 4 7 0 0.0000000
8 4 7 1 -0.0000000
8 4 7 2 0.0017394
8 4 7 3 -0.0000000
8 4 7 4 0.0000000
8 4 7 5 -0.0000000
8 4 7 6 0.0009109
8 4 7 7 -0.0000000
8 4 8 0 0.0000843
8 4 8 1 -0.0051656
8 4 8 2 -0.0000000
8 4 8 3 0.0083898
8 4 8 4 0.0167980
8 4 8 5 -0.0123165
8 4 8 6 0.0000000
8 4 8 7 -0.0012008
8 4 8 8 -0.0000000
8 5 0 0 -0.0000000
8 5 1 0 0.0000000
8 5 1 1 -0.0000000
8 5 2 0 -0.0004724
8 5 2 1 -0.0206905
8 5 2 2 0.0000000
8 5 3 0 0.0000000
8 5 3 1 -0.0000000
8 5 3 2 -0.0051390
8 5 3 3 -0.0000000
8 5 4 0 -0.0000000
8 5 4 1 0.0000000
8 5 4 2 -0.0245955
8 5 4 3 -0.0000000
8 5 4 4 0.0000000
8 5 5 0 -0.0000000
8 5 5 1 0.0000000
8 5 5 2 -0.0040263
8 5 5 3 0.0000000
8 5 5 4 0.0000000
8 5 5 5 0.0000000
8 5 6 0 -0.0006212
8 5 6 1 0.0170654
8 5 6 2 0.0000000
8 5 6 3 0.0012262
8 5 6 4 0.0302033
8 5 6 5 0.0129978
8 5 6 6 -0.0000000
8 5 7 0 0.0000000
8 5 7 1 -0.0000000
8 5 7 2 0.0040373
8 5 7 3 -0.0000000
8 5 7 4 -0.0000000
8 5 7 5 -0.0000000
8 5 7 6 -0.0014210
8 5 7 7 -0.0000000
8 5 8 0 -0.0002181
8 5 8 1 0.0262621
8 5 8 2 -0.0000000
8 5 8 3 -0.0156840
8 5 8 4 -0.0123165
8 5 8 5 0.0347659
8 5 8 6 0.0000000
8 5 8 7 0.0007760
8 5 8 8 -0.0000000
8 6 0 0 0.0007179
8 6 1 0 0.0002012
8 6 1 1 0.0065214
8 6 2 0 0.0000000
8 6 2 1 0.0000000
8 6 2 2 0.0134816
8 6 3 0 0.0003119
8 6 3 1 0.0085619
8 6 3 2 0.0000000
8 6 3 3 -0.0007534
8 6 4 0 -0.0002555
8 6 4 1 0.0198524
8 6 4 2 0.0000000
8 6 4 3 -0.0065531
8 6 4 4 0.0082599
8 6 5 0 -0.0001136
8 6 5 1 -0.0052818
8 6 5 2 -0.0000000
8 6 5 3 0.0080670
8 6 5 4 0.0214403
8 6 5 5 -0.0090027
8 6 6 0 0.0000000
8 6 6 1 -0.0000000
8 6 6 2 -0.0102426
8 6 6 3 -0.0000000
8 6 6 4 -0.0000000
8 6 6 5 -0.0000000
8 6 6 6 0.0176714
8 6 7 0 0.0001248
8 6 7 1 -0.0024603
8 6 7 2 -0.0000000
8 6 7 3 -0.0018697
8 6 7 4 -0.0006114
8 6 7 5 -0.0032741
8 6 7 6 0.0000000
8 6 7 7 -0.0254386
8 6 8 0 0.0000000
8 6 8 1 -0.0000000
8 6 8 2 -0.0166043
8 6 8 3 -0.0000000
8 6 8 4 0.0000000
8 6 8 5 0.0000000
8 6 8 6 0.0161775
8 6 8 7 0.0000000
8 6 8 8 -0.0447676
8 7 0 0 0.0000000
8 7 1 0 0.0000000
8 7 1 1 0.0000000
8 7 2 0 0.0002737
8 7 2 1 0.0031193
8 7 2 2 -0.0000000
8 7 3 0 -0.0000000
8 7 3 1 0.0000000
8 7 3 2 0.0014618
8 7 3 3 0.0000000
8 7 4 0 0.0000000
8 7 4 1 -0.0000000
8 7 4 2 0.0019588
8 7 4 3 0.0000000
8 7 4 4 -0.0000000
8 7 5 0 0.0000000
8 7 5 1 -0.0000000
8 7 5 2 0.0007295
8 7 5 3 0.0000000
8 7 5 4 -0.0000000
8 7 5 5 -0.0000000
8 7 6 0 0.0003216
8 7 6 1 -0.0022365
8 7 6 2 -0.0000000
8 7 6 3 0.0001479
8 7 6 4 -0.0026264
8 7 6 5 -0.0026008
8 7 6 6 0.0000000
8 7 7 0 -0.0000000
8 7 7 1 0.0000000
8 7 7 2 0.0035536
8 7 7 3 0.0000000
8 7 7 4 -0.0000000
8 7 7 5 -0.0000000
8 7 7 6 -0.0040584
8 7 7 7 -0.0000000
8 7 8 0 0.0000302
8 7 8 1 0.0003915
8 7 8 2 -0.0000000
8 7 8 3 0.0011368
8 7 8 4 -0.0012008
8 7 8 5 0.0007760
8 7 8 6 0.0000000
8 7 8 7 0.0210482
8 7 8 8 0.0000000
8 8 0 0 0.3245187
8 8 1 0 0.0031195
8 8 1 1 0.4375264
8 8 2 0 -0.0000000
8 8 2 1 -0.0000000
8 8 2 2 0.3516409
8 8 3 0 -0.0041897
8 8 3 1 -0.0711894
8 8 3 2 0.0000000
8 8 3 3 0.3290896
8 8 4 0 0.0005611
8 8 4 1 -0.0581677
8 8 4 2 -0.0000000
8 8 4 3 0.0852536
8 8 4 4 0.4452103
8 8 5 0 -0.0067145
8 8 5 1 0.0701660
8 8 5 2 -0.0000000
8 8 5 3 -0.0734713
8 8 5 4 -0.0780046
8 8 5 5 0.4730654
8 8 6 0 0.0000000
8 8 6 1 0.0000000
8 8 6 2 -0.0511428
8 8 6 3 -0.0000000
8 8 6 4 -0.0000000
8 8 6 5 0.0000000
8 8 6 6 0.3554829
8 8 7 0 0.0014022
8 8 7 1 0.0021080
8 8 7 2 -0.0000000
8 8 7 3 0.0304036
8 8 7 4 -0.0006457
8 8 7 5 0.0105099
8 8 7 6 -0.0000000
8 8 7 7 0.4670423
8 8 8 0 -0.0000000
8 8 8 1 0.0000000
8 8 8 2 0.0581145
8 8 8 3 0.0000000
8 8 8 4 -0.0000000
8 8 8 5 -0.0000000
8 8 8 6 -0.0447676
8 8 8 7 0.0000000
8 8 8 8 0.6728328
9 0 0 0 0.0028043
9 0 1 0 -0.0000994
9 0 1 1 0.0003708
9 0 2 0 0.0000000
9 0 2 1 -0.0000000
9 0 2 2 0.0003897
9 0 3 0 -0.0001145
9 0 3 1 0.0001721
9 0 3 2 -0.0000000
9 0 3 3 0.0005139
9 0 4 0 0.0000861
9 0 4 1 -0.0000334
9 0 4 2 0.0000000
9 0 4 3 -0.0002613
9 0 4 4 0.0001005
9 0 5 0 0.0001052
9 0 5 1 -0.0004555
9 0 5 2 0.0000000
9 0 5 3 0.0001540
9 0 5 4 0.0002374
9 0 5 5 0.0003866
9 0 6 0 -0.0000000
9 0 6 1 0.0000000
9 0 6 2 0.0003014
9 0 6 3 0.0000000
9 0 6 4 0.0000000
9 0 6 5 -0.0000000
9 0 6 6 0.0004056
9 0 7 0 0.0001227
9 0 7 1 0.0000087
9 0 7 2 0.0000000
9 0 7 3 -0.0000034
9 0 7 4 -0.0000103
9 0 7 5 -0.0000342
9 0 7 6 0.0000000
9 0 7 7 -0.0000327
9 0 8 0 0.0000000
9 0 8 1 -0.0000000
9 0 8 2 -0.0001420
9 0 8 3 -0.0000000
9 0 8 4 0.0000000
9 0 8 5 0.0000000
9 0 8 6 0.0000863
9 0 8 7 -0.0000000
9 0 8 8 -0.0004258
9 0 9 0 0.0000059
9 0 9 1 -0.0000135
9 0 9 2 -0.0000000
9 0 9 3 0.0000733
9 0 9 4 0.0001603
9 0 9 5 -0.0001165
9 0 9 6 -0.0000000
9 0 9 7 0.0000184
9 0 9 8 -0.0000000
9 0 9 9 -0.0027321
9 1 0 0 0.0048263
9 1 1 0 0.0000926
9 1 1 1 0.0029151
9 1 2 0 0.0000000
9 1 2 1 0.0000000
9 1 2 2 0.0041051
9 1 3 0 0.0000095
9 1 3 1 0.0020873
9 1 3 2 0.0000000
9 1 3 3 0.0022495
9 1 4 0 -0.0000334
9 1 4 1 0.0027444
9 1 4 2 0.0000000
9 1 4 3 -0.0024304
9 1 4 4 0.0006524
9 1 5 0 -0.0001195
9 1 5 1 -0.0032321
9 1 5 2 -0.0000000
9 1 5 3 0.0020805
9 1 5 4 0.0042762
9 1 5 5 0.0003375
9 1 6 0 0.0000000
9 1 6 1 -0.0000000
9 1 6 2 0.0000021
9 1 6 3 0.0000000
9 1 6 4 0.0000000
9 1 6 5 -0.0000000
9 1 6 6 0.0041645
9 1 7 0 0.0000759
9 1 7 1 -0.0003612
9 1 7 2 -0.0000000
9 1 7 3 0.0000975
9 1 7 4 0.0001723
9 1 7 5 -0.0006730
9 1 7 6 0.0000000
9 1 7 7 -0.0010115
9 1 8 0 0.0000000
9 1 8 1 -0.0000000
9 1 8 2 -0.0017906
9 1 8 3 -0.0000000
9 1 8 4 0.0000000
9 1 8 5 0.0000000
9 1 8 6 0.0015539
9 1 8 7 0.0000000
9 1 8 8 -0.0031923
9 1 9 0 -0.0000135
9 1 9 1 0.0027022
9 1 9 2 0.0000000
9 1 9 3 -0.0026771
9 1 9 4 -0.0047695
9 1 9 5 0.0051793
9 1 9 6 0.0000000
9 1 9 7 0.0006940
9 1 9 8 0.0000000
9 1 9 9 0.0148779
9 2 0 0 -0.0000000
9 2 1 0 0.0000000
9 2 1 1 0.0000000
9 2 2 0 0.0001433
9 2 2 1 0.0020818
9 2 2 2 -0.0000000
9 2 3 0 -0.0000000
9 2 3 1 0.0000000
9 2 3 2 0.0006702
9 2 3 3 -0.0000000
9 2 4 0 0.0000000
9 2 4 1 -0.0000000
9 2 4 2 0.0020655
9 2 4 3 0.0000000
9 2 4 4 -0.0000000
9 2 5 0 0.0000000
9 2 5 1 0.0000000
9 2 5 2 -0.0001305
9 2 5 3 -0.0000000
9 2 5 4 -0.0000000
9 2 5 5 -0.0000000
9 2 6 0 0.0001738
9 2 6 1 -0.0010286
9 2 6 2 -0.0000000
9 2 6 3 -0.0000678
9 2 6 4 -0.0024944
9 2 6 5 -0.0010564
9 2 6 6 0.0000000
9 2 7 0 -0.0000000
9 2 7 1 0.0000000
9 2 7 2 -0.0003511
9 2 7 3 0.0000000
9 2 7 4 -0.0000000
9 2 7 5 0.0000000
9 2 7 6 -0.0000033
9 2 7 7 0.0000000
9 2 8 0 0.0000020
9 2 8 1 -0.0017327
9 2 8 2 0.0000000
9 2 8 3 0.0010463
9 2 8 4 0.0010862
9 2 8 5 -0.0020890
9 2 8 6 -0.0000000
9 2 8 7 0.0000203
9 2 8 8 0.0000000
9 2 9 0 -0.0000000
9 2 9 1 0.0000000
9 2 9 2 0.0013129
9 2 9 3 -0.0000000
9 2 9 4 -0.0000000
9 2 9 5 0.0000000
9 2 9 6 -0.0012653
9 2 9 7 -0.0000000
9 2 9 8 0.0040995
9 2 9 9 0.0000000
9 3 0 0 -0.0000856
9 3 1 0 0.0000523
9 3 1 1 0.0004639
9 3 2 0 0.0000000
9 3 2 1 0.0000000
9 3 2 2 -0.0003898
9 3 3 0 0.0000510
9 3 3 1 -0.0002505
9 3 3 2 0.0000000
9 3 3 3 0.0004264
9 3 4 0 -0.0000390
9 3 4 1 -0.0009993
9 3 4 2 0.0000000
9 3 4 3 0.0005757
9 3 4 4 0.0007964
9 3 5 0 -0.0000388
9 3 5 1 0.0002676
9 3 5 2 0.0000000
9 3 5 3 -0.0006995
9 3 5 4 -0.0007751
9 3 5 5 0.0003998
9 3 6 0 0.0000000
9 3 6 1 0.0000000
9 3 6 2 0.0002748
9 3 6 3 -0.0000000
9 3 6 4 -0.0000000
9 3 6 5 -0.0000000
9 3 6 6 -0.0004972
9 3 7 0 0.0000508
9 3 7 1 -0.0000685
9 3 7 2 -0.0000000
9 3 7 3 0.0000330
9 3 7 4 0.0000483
9 3 7 5 -0.0002770
9 3 7 6 0.0000000
9 3 7 7 -0.0020238
9 3 8 0 0.0000000
9 3 8 1 -0.0000000
9 3 8 2 -0.0006324
9 3 8 3 0.0000000
9 3 8 4 0.0000000
9 3 8 5 -0.0000000
9 3 8 6 0.0005203
9 3 8 7 0.0000000
9 3 8 8 -0.0026333
9 3 9 0 0.0000733
9 3 9 1 -0.0026771
9 3 9 2 -0.0000000
9 3 9 3 0.0039375
9 3 9 4 0.0074989
9 3 9 5 -0.0068170
9 3 9 6 -0.0000000
9 3 9 7 0.0006187
9 3 9 8 0.0000000
9 3 9 9 -0.0625038
9 4 0 0 0.0010490
9 4 1 0 -0.0000136
9 4 1 1 0.0014191
9 4 2 0 -0.0000000
9 4 2 1 -0.0000000
9 4 2 2 0.0011059
9 4 3 0 -0.0000645
9 4 3 1 -0.0002678
9 4 3 2 -0.0000000
9 4 3 3 0.0007305
9 4 4 0 0.0000043
9 4 4 1 0.0005091
9 4 4 2 -0.0000000
9 4 4 3 0.0002712
9 4 4 4 0.0017835
9 4 5 0 -0.0000031
9 4 5 1 -0.0002808
9 4 5 2 -0.0000000
9 4 5 3 0.0005320
9 4 5 4 0.0009701
9 4 5 5 -0.0000218
9 4 6 0 -0.0000000
9 4 6 1 0.0000000
9 4 6 2 -0.0000607
9 4 6 3 -0.0000000
9 4 6 4 0.0000000
9 4 6 5 0.0000000
9 4 6 6 0.0013951
9 4 7 0 -0.0000491
9 4 7 1 -0.0003515
9 4 7 2 0.0000000
9 4 7 3 -0.0008324
9 4 7 4 -0.0004039
9 4 7 5 0.0000603
9 4 7 6 0.0000000
9 4 7 7 -0.0056526
9 4 8 0 -0.0000000
9 4 8 1 0.0000000
9 4 8 2 -0.0028104
9 4 8 3 -0.0000000
9 4 8 4 0.0000000
9 4 8 5 0.0000000
9 4 8 6 0.0025475
9 4 8 7 -0.0000000
9 4 8 8 -0.0081977
9 4 9 0 0.0001603
9 4 9 1 -0.0047695
9 4 9 2 -0.0000000
9 4 9 3 0.0074989
9 4 9 4 0.0150778
9 4 9 5 -0.0131092
9 4 9 6 -0.0000000
9 4 9 7 -0.0004691
9 4 9 8 -0.0000000
9 4 9 9 -0.1480406
9 5 0 0 -0.0030407
9 5 1 0 -0.0001006
9 5 1 1 -0.0028437
9 5 2 0 -0.0000000
9 5 2 1 -0.0000000
9 5 2 2 -0.0001211
9 5 3 0 0.0001199
9 5 3 1 0.0016894
9 5 3 2 -0.0000000
9 5 3 3 -0.0025472
9 5 4 0 0.0000016
9 5 4 1 0.0035141
9 5 4 2 -0.0000000
9 5 4 3 -0.0015875
9 5 4 4 -0.0024063
9 5 5 0 0.0001780
9 5 5 1 0.0002169
9 5 5 2 -0.0000000
9 5 5 3 0.0011121
9 5 5 4 0.0027180
9 5 5 5 -0.0037144
9 5 6 0 -0.0000000
9 5 6 1 -0.0000000
9 5 6 2 -0.0017616
9 5 6 3 0.0000000
9 5 6 4 0.0000000
9 5 6 5 0.0000000
9 5 6 6 0.0004783
9 5 7 0 -0.0000406
9 5 7 1 -0.0002187
9 5 7 2 0.0000000
9 5 7 3 0.0003368
9 5 7 4 0.0004612
9 5 7 5 -0.0004961
9 5 7 6 -0.0000000
9 5 7 7 0.0010183
9 5 8 0 -0.0000000
9 5 8 1 0.0000000
9 5 8 2 0.0007921
9 5 8 3 -0.0000000
9 5 8 4 -0.0000000
9 5 8 5 0.0000000
9 5 8 6 -0.0003018
9 5 8 7 -0.0000000
9 5 8 8 0.0032710
9 5 9 0 -0.0001165
9 5 9 1 0.0051793
9 5 9 2 0.0000000
9 5 9 3 -0.0068170
9 5 9 4 -0.0131092
9 5 9 5 0.0124771
9 5 9 6 0.0000000
9 5 9 7 0.0008908
9 5 9 8 -0.0000000
9 5 9 9 0.0983209
9 6 0 0 0.0000000
9 6 1 0 0.0000000
9 6 1 1 -0.0000000
9 6 2 0 -0.0000745
9 6 2 1 -0.0021193
9 6 2 2 0.0000000
9 6 3 0 0.0000000
9 6 3 1 -0.0000000
9 6 3 2 -0.0006672
9 6 3 3 0.0000000
9 6 4 0 -0.0000000
9 6 4 1 -0.0000000
9 6 4 2 -0.0025036
9 6 4 3 -0.0000000
9 6 4 4 0.0000000
9 6 5 0 -0.0000000
9 6 5 1 0.0000000
9 6 5 2 -0.0003003
9 6 5 3 -0.0000000
9 6 5 4 0.0000000
9 6 5 5 0.0000000
9 6 6 0 -0.0000954
9 6 6 1 0.0015694
9 6 6 2 0.0000000
9 6 6 3 0.0001245
9 6 6 4 0.0030587
9 6 6 5 0.0012457
9 6 6 6 -0.0000000
9 6 7 0 0.0000000
9 6 7 1 0.0000000
9 6 7 2 0.0004335
9 6 7 3 0.0000000
9 6 7 4 0.0000000
9 6 7 5 0.0000000
9 6 7 6 0.0000254
9 6 7 7 0.0000000
9 6 8 0 -0.0000114
9 6 8 1 0.0019534
9 6 8 2 0.0000000
9 6 8 3 -0.0011531
9 6 8 4 -0.0009996
9 6 8 5 0.0025302
9 6 8 6 -0.0000000
9 6 8 7 -0.0001152
9 6 8 8 0.0000000
9 6 9 0 -0.0000000
9 6 9 1 0.0000000
9 6 9 2 -0.0012653
9 6 9 3 -0.0000000
9 6 9 4 -0.0000000
9 6 9 5 0.0000000
9 6 9 6 0.0012443
9 6 9 7 0.0000000
9 6 9 8 -0.0038255
9 6 9 9 0.0000000
9 7 0 0 0.0009786
9 7 1 0 -0.0000860
9 7 1 1 -0.0008553
9 7 2 0 0.0000000
9 7 2 1 0.0000000
9 7 2 2 -0.0001925
9 7 3 0 -0.0000316
9 7 3 1 -0.0002770
9 7 3 2 -0.0000000
9 7 3 3 0.0003512
9 7 4 0 0.0000443
9 7 4 1 -0.0001681
9 7 4 2 0.0000000
9 7 4 3 0.0000781
9 7 4 4 -0.0003906
9 7 5 0 0.0000828
9 7 5 1 -0.0003521
9 7 5 2 0.0000000
9 7 5 3 0.0001045
9 7 5 4 -0.0004247
9 7 5 5 -0.0001114
9 7 6 0 -0.0000000
9 7 6 1 0.0000000
9 7 6 2 0.0007354
9 7 6 3 -0.0000000
9 7 6 4 0.0000000
9 7 6 5 0.0000000
9 7 6 6 -0.0003039
9 7 7 0 -0.0000534
9 7 7 1 -0.0009088
9 7 7 2 -0.0000000
9 7 7 3 0.0007561
9 7 7 4 0.0018559
9 7 7 5 -0.0014386
9 7 7 6 -0.0000000
9 7 7 7 0.0001771
9 7 8 0 -0.0000000
9 7 8 1 0.0000000
9 7 8 2 0.0002485
9 7 8 3 0.0000000
9 7 8 4 -0.0000000
9 7 8 5 -0.0000000
9 7 8 6 -0.0003956
9 7 8 7 -0.0000000
9 7 8 8 -0.0000619
9 7 9 0 0.0000184
9 7 9 1 0.0006940
9 7 9 2 -0.0000000
9 7 9 3 0.0006187
9 7 9 4 -0.0004691
9 7 9 5 0.0008908
9 7 9 6 0.0000000
9 7 9 7 0.0091562
9 7 9 8 0.0000000
9 7 9 9 0.0149403
9 8 0 0 -0.0000000
9 8 1 0 -0.0000000
9 8 1 1 -0.0000000
9 8 2 0 -0.0001103
9 8 2 1 -0.0031987
9 8 2 2 0.0000000
9 8 3 0 0.0000000
9 8 3 1 -0.0000000
9 8 3 2 -0.0001884
9 8 3 3 0.0000000
9 8 4 0 -0.0000000
9 8 4 1 0.0000000
9 8 4 2 -0.0018781
9 8 4 3 -0.0000000
9 8 4 4 0.0000000
9 8 5 0 -0.0000000
9 8 5 1 0.0000000
9 8 5 2 -0.0015681
9 8 5 3 -0.0000000
9 8 5 4 0.0000000
9 8 5 5 0.0000000
9 8 6 0 -0.0001530
9 8 6 1 0.0025213
9 8 6 2 0.0000000
9 8 6 3 -0.0005118
9 8 6 4 0.0027180
9 8 6 5 0.0029106
9 8 6 6 -0.0000000
9 8 7 0 0.0000000
9 8 7 1 0.0000000
9 8 7 2 0.0004597
9 8 7 3 0.0000000
9 8 7 4 0.0000000
9 8 7 5 0.0000000
9 8 7 6 0.0000519
9 8 7 7 0.0000000
9 8 8 0 -0.0000159
9 8 8 1 -0.0001356
9 8 8 2 -0.0000000
9 8 8 3 0.0014011
9 8 8 4 0.0042686
9 8 8 5 -0.0013658
9 8 8 6 -0.0000000
9 8 8 7 -0.0004312
9 8 8 8 0.0000000
9 8 9 0 -0.0000000
9 8 9 1 0.0000000
9 8 9 2 0.0040995
9 8 9 3 0.0000000
9 8 9 4 -0.0000000
9 8 9 5 -0.0000000
9 8 9 6 -0.0038255
9 8 9 7 0.0000000
9 8 9 8 0.0145315
9 8 9 9 0.0000000
9 9 0 0 0.3431397
9 9 1 0 0.0038106
9 9 1 1 0.4983460
9 9 2 0 -0.0000000
9 9 2 1 0.0000000
9 9 2 2 0.3690486
9 9 3 0 -0.0049006
9 9 3 1 -0.1149304
9 9 3 2 0.0000000
9 9 3 3 0.3812842
9 9 4 0 0.0010563
9 9 4 1 -0.1324874
9 9 4 2 -0.0000000
9 9 4 3 0.1516212
9 9 4 4 0.5563529
9 9 5 0 -0.0082677
9 9 5 1 0.1234255
9 9 5 2 -0.0000000
9 9 5 3 -0.1356107
9 9 5 4 -0.1888957
9 9 5 5 0.6013007
9 9 6 0 0.0000000
9 9 6 1 0.0000000
9 9 6 2 -0.0551373
9 9 6 3 -0.0000000
9 9 6 4 -0.0000000
9 9 6 5 0.0000000
9 9 6 6 0.3665210
9 9 7 0 0.0020321
9 9 7 1 0.0096583
9 9 7 2 -0.0000000
9 9 7 3 0.0469914
9 9 7 4 0.0055347
9 9 7 5 0.0154018
9 9 7 6 -0.0000000
9 9 7 7 0.6182419
9 9 8 0 -0.0000000
9 9 8 1 0.0000000
9 9 8 2 0.1057570
9 9 8 3 0.0000000
9 9 8 4 -0.0000000
9 9 8 5 -0.0000000
9 9 8 6 -0.0933840
9 9 8 7 0.0000000
9 9 8 8 0.8416888
9 9 9 0 -0.0027321
9 9 9 1 0.0148779
9 9 9 2 0.0000000
9 9 9 3 -0.0625038
9 9 9 4 -0.1480406
9 9 9 5 0.0983209
9 9 9 6 0.0000000
9 9 9 7 0.0149403
9 9 9 8 0.0000000
9 9 9 9 3.4993865
10 0 0 0 -0.0250953
10 0 1 0 0.0010003
10 0 1 1 -0.0026889
10 0 2 0 -0.0000000
10 0 2 1 0.0000000
10 0 2 2 -0.0012953
10 0 3 0 0.0009358
10 0 3 1 -0.0015300
10 0 3 2 0.0000000
10 0 3 3 -0.0025119
10 0 4 0 -0.0008782
10 0 4 1 0.0009500
10 0 4 2 -0.0000000
10 0 4 3 0.0012111
10 0 4 4 -0.0012867
10 0 5 0 -0.0013555
10 0 5 1 0.0021473
10 0 5 2 -0.0000000
10 0 5 3 0.0009073
10 0 5 4 -0.0012314
10 0 5 5 -0.0022902
10 0 6 0 0.0000000
10 0 6 1 -0.0000000
10 0 6 2 -0.0004541
10 0 6 3 -0.0000000
10 0 6 4 0.0000000
10 0 6 5 0.0000000
10 0 6 6 -0.0010654
10 0 7 0 -0.0027167
10 0 7 1 -0.0004083
10 0 7 2 0.0000000
10 0 7 3 -0.0005109
10 0 7 4 0.0004548
10 0 7 5 0.0007241
10 0 7 6 -0.0000000
10 0 7 7 0.0012114
10 0 8 0 -0.0000000
10 0 8 1 0.0000000
10 0 8 2 0.0003452
10 0 8 3 0.0000000
10 0 8 4 -0.0000000
10 0 8 5 -0.0000000
10 0 8 6 -0.0002039
10 0 8 7 0.0000000
10 0 8 8 0.0006589
10 0 9 0 -0.0000359
10 0 9 1 -0.0000599
10 0 9 2 0.0000000
10 0 9 3 -0.0000146
10 0 9 4 -0.0000127
10 0 9 5 0.0000242
10 0 9 6 -0.0000000
10 0 9 7 0.0000114
10 0 9 8 -0.0000000
10 0 9 9 0.0008075
10 0 10 0 0.0006749
10 0 10 1 0.0005189
10 0 10 2 -0.0000000
10 0 10 3 0.0000977
10 0 10 4 -0.0001904
10 0 10 5 -0.0000518
10 0 10 6 0.0000000
10 0 10 7 0.0000146
10 0 10 8 -0.0000000
10 0 10 9 0.0000062
10 0 10 10 0.0010821
10 1 0 0 -0.0328982
10 1 1 0 -0.0009758
10 1 1 1 -0.0324373
10 1 2 0 0.0000000
10 1 2 1 0.0000000
10 1 2 2 -0.0248745
10 1 3 0 -0.0006581
10 1 3 1 -0.0051141
10 1 3 2 0.0000000
10 1 3 3 -0.0256454
10 1 4 0 0.0005392
10 1 4 1 -0.0000189
10 1 4 2 -0.0000000
10 1 4 3 0.0034282
10 1 4 4 -0.0255723
10 1 5 0 0.0009500
10 1 5 1 0.0114032
10 1 5 2 -0.0000000
10 1 5 3 -0.0006111
10 1 5 4 -0.0084158
10 1 5 5 -0.0213167
10 1 6 0 -0.0000000
10 1 6 1 -0.0000000
10 1 6 2 -0.0005556
10 1 6 3 -0.0000000
10 1 6 4 0.0000000
10 1 6 5 0.0000000
10 1 6 6 -0.0250134
10 1 7 0 -0.0009352
10 1 7 1 0.0008137
10 1 7 2 -0.0000000
10 1 7 3 -0.0003604
10 1 7 4 0.0002075
10 1 7 5 0.0052331
10 1 7 6 -0.0000000
10 1 7 7 0.0024687
10 1 8 0 0.0000000
10 1 8 1 0.0000000
10 1 8 2 0.0111144
10 1 8 3 0.0000000
10 1 8 4 -0.0000000
10 1 8 5 -0.0000000
10 1 8 6 -0.0095912
10 1 8 7 -0.0000000
10 1 8 8 0.0118051
10 1 9 0 -0.0001142
10 1 9 1 -0.0010872
10 1 9 2 0.0000000
10 1 9 3 -0.0012068
10 1 9 4 -0.0035330
10 1 9 5 0.0020475
10 1 9 6 0.0000000
10 1 9 7 0.0003123
10 1 9 8 0.0000000
10 1 9 9 0.0403428
10 1 10 0 0.0005189
10 1 10 1 0.0207501
10 1 10 2 -0.0000000
10 1 10 3 -0.0095799
10 1 10 4 -0.0108705
10 1 10 5 0.0202356
10 1 10 6 -0.0000000
10 1 10 7 0.0017526
10 1 10 8 0.0000000
10 1 10 9 0.0002003
10 1 10 10 0.0527588
10 2 0 0 0.0000000
10 2 1 0 0.0000000
10 2 1 1 0.0000000
10 2 2 0 0.0007345
10 2 2 1 0.0001568
10 2 2 2 0.0000000
10 2 3 0 0.0000000
10 2 3 1 0.0000000
10 2 3 2 0.0008843
10 2 3 3 0.0000000
10 2 4 0 0.0000000
10 2 4 1 0.0000000
10 2 4 2 -0.0006388
10 2 4 3 -0.0000000
10 2 4 4 0.0000000
10 2 5 0 0.0000000
10 2 5 1 -0.0000000
10 2 5 2 -0.0014988
10 2 5 3 0.0000000
10 2 5 4 0.0000000
10 2 5 5 0.0000000
10 2 6 0 0.0010233
10 2 6 1 0.0015978
10 2 6 2 0.0000000
10 2 6 3 0.0017718
10 2 6 4 0.0004113
10 2 6 5 0.0000972
10 2 6 6 0.0000000
10 2 7 0 0.0000000
10 2 7 1 -0.0000000
10 2 7 2 -0.0035427
10 2 7 3 -0.0000000
10 2 7 4 -0.0000000
10 2 7 5 -0.0000000
10 2 7 6 -0.0032578
10 2 7 7 -0.0000000
10 2 8 0 0.0000839
10 2 8 1 -0.0002475
10 2 8 2 -0.0000000
10 2 8 3 0.0019972
10 2 8 4 0.0040984
10 2 8 5 -0.0038357
10 2 8 6 0.0000000
10 2 8 7 -0.0006359
10 2 8 8 -0.0000000
10 2 9 0 0.0000000
10 2 9 1 0.0000000
10 2 9 2 0.0004375
10 2 9 3 0.0000000
10 2 9 4 -0.0000000
10 2 9 5 -0.0000000
10 2 9 6 -0.0005676
10 2 9 7 -0.0000000
10 2 9 8 0.0008744
10 2 9 9 -0.0000000
10 2 10 0 -0.0000000
10 2 10 1 -0.0000000
10 2 10 2 0.0067484
10 2 10 3 0.0000000
10 2 10 4 -0.0000000
10 2 10 5 -0.0000000
10 2 10 6 -0.0043095
10 2 10 7 -0.0000000
10 2 10 8 0.0226087
10 2 10 9 -0.0000000
10 2 10 10 -0.0000000
10 3 0 0 0.0091359
10 3 1 0 -0.0007358
10 3 1 1 0.0087709
10 3 2 0 -0.0000000
10 3 2 1 -0.0000000
10 3 2 2 0.0078029
10 3 3 0 0.0002999
10 3 3 1 -0.0030232
10 3 3 2 -0.0000000
10 3 3 3 0.0106814
10 3 4 0 0.0001647
10 3 4 1 -0.0015362
10 3 4 2 0.0000000
10 3 4 3 0.0019312
10 3 4 4 0.0119250
10 3 5 0 0.0012757
10 3 5 1 0.0019873
10 3 5 2 0.0000000
10 3 5 3 0.0007639
10 3 5 4 -0.0040130
10 3 5 5 0.0081300
10 3 6 0 -0.0000000
10 3 6 1 0.0000000
10 3 6 2 0.0015636
10 3 6 3 -0.0000000
10 3 6 4 0.0000000
10 3 6 5 0.0000000
10 3 6 6 0.0092317
10 3 7 0 -0.0004624
10 3 7 1 -0.0013612
10 3 7 2 0.0000000
10 3 7 3 -0.0027174
10 3 7 4 0.0048805
10 3 7 5 -0.0046194
10 3 7 6 -0.0000000
10 3 7 7 0.0067160
10 3 8 0 0.0000000
10 3 8 1 -0.0000000
10 3 8 2 -0.0023543
10 3 8 3 -0.0000000
10 3 8 4 0.0000000
10 3 8 5 0.0000000
10 3 8 6 0.0023929
10 3 8 7 -0.0000000
10 3 8 8 0.0042091
10 3 9 0 0.0000263
10 3 9 1 -0.0001006
10 3 9 2 -0.0000000
10 3 9 3 0.0009561
10 3 9 4 0.0023092
10 3 9 5 -0.0016753
10 3 9 6 -0.0000000
10 3 9 7 0.0001753
10 3 9 8 0.0000000
10 3 9 9 -0.0068223
10 3 10 0 0.0000977
10 3 10 1 -0.0095799
10 3 10 2 0.0000000
10 3 10 3 0.0087383
10 3 10 4 0.0087156
10 3 10 5 -0.0126919
10 3 10 6 -0.0000000
10 3 10 7 0.0094196
10 3 10 8 0.0000000
10 3 10 9 0.0011700
10 3 10 10 -0.0150327
10 4 0 0 0.0131998
10 4 1 0 0.0010127
10 4 1 1 0.0226780
10 4 2 0 0.0000000
10 4 2 1 0.0000000
10 4 2 2 0.0091737
10 4 3 0 -0.0000952
10 4 3 1 -0.0048656
10 4 3 2 0.0000000
10 4 3 3 0.0144936
10 4 4 0 -0.0002531
10 4 4 1 -0.0121734
10 4 4 2 0.0000000
10 4 4 3 0.0075160
10 4 4 4 0.0199172
10 4 5 0 -0.0014746
10 4 5 1 -0.0003285
10 4 5 2 0.0000000
10 4 5 3 -0.0080007
10 4 5 4 -0.0088332
10 4 5 5 0.0229048
10 4 6 0 0.0000000
10 4 6 1 0.0000000
10 4 6 2 0.0011276
10 4 6 3 0.0000000
10 4 6 4 -0.0000000
10 4 6 5 -0.0000000
10 4 6 6 0.0067131
10 4 7 0 0.0007852
10 4 7 1 -0.0007749
10 4 7 2 -0.0000000
10 4 7 3 0.0056363
10 4 7 4 0.0033942
10 4 7 5 -0.0031902
10 4 7 6 -0.0000000
10 4 7 7 0.0175265
10 4 8 0 -0.0000000
10 4 8 1 -0.0000000
10 4 8 2 0.0012366
10 4 8 3 -0.0000000
10 4 8 4 -0.0000000
10 4 8 5 -0.0000000
10 4 8 6 -0.0015136
10 4 8 7 0.0000000
10 4 8 8 0.0222563
10 4 9 0 0.0000361
10 4 9 1 -0.0007639
10 4 9 2 -0.0000000
10 4 9 3 0.0015701
10 4 9 4 0.0029541
10 4 9 5 -0.0029675
10 4 9 6 -0.0000000
10 4 9 7 0.0002268
10 4 9 8 -0.0000000
10 4 9 9 0.0162629
10 4 10 0 -0.0001904
10 4 10 1 -0.0108705
10 4 10 2 -0.0000000
10 4 10 3 0.0087156
10 4 10 4 0.0134621
10 4 10 5 -0.0150326
10 4 10 6 0.0000000
10 4 10 7 0.0119009
10 4 10 8 -0.0000000
10 4 10 9 0.0030939
10 4 10 10 0.0000862
10 5 0 0 -0.0154831
10 5 1 0 0.0000957
10 5 1 1 -0.0220783
10 5 2 0 0.0000000
10 5 2 1 0.0000000
10 5 2 2 -0.0177014
10 5 3 0 0.0019527
10 5 3 1 0.0062954
10 5 3 2 0.0000000
10 5 3 3 -0.0101557
10 5 4 0 -0.0007027
10 5 4 1 -0.0009952
10 5 4 2 0.0000000
10 5 4 3 -0.0079196
10 5 4 4 -0.0243303
10 5 5 0 0.0010516
10 5 5 1 0.0002250
10 5 5 2 0.0000000
10 5 5 3 -0.0004617
10 5 5 4 -0.0003368
10 5 5 5 -0.0192814
10 5 6 0 0.0000000
10 5 6 1 0.0000000
10 5 6 2 0.0034994
10 5 6 3 0.0000000
10 5 6 4 0.0000000
10 5 6 5 -0.0000000
10 5 6 6 -0.0188660
10 5 7 0 0.0007242
10 5 7 1 0.0044155
10 5 7 2 -0.0000000
10 5 7 3 -0.0026914
10 5 7 4 -0.0011141
10 5 7 5 -0.0022437
10 5 7 6 -0.0000000
10 5 7 7 -0.0067640
10 5 8 0 -0.0000000
10 5 8 1 -0.0000000
10 5 8 2 0.0070959
10 5 8 3 0.0000000
10 5 8 4 -0.0000000
10 5 8 5 -0.0000000
10 5 8 6 -0.0069248
10 5 8 7 0.0000000
10 5 8 8 -0.0067852
10 5 9 0 -0.0000682
10 5 9 1 -0.0000630
10 5 9 2 0.0000000
10 5 9 3 -0.0019056
10 5 9 4 -0.0049894
10 5 9 5 0.0033214
10 5 9 6 0.0000000
10 5 9 7 0.0001313
10 5 9 8 -0.0000000
10 5 9 9 0.0297494
10 5 10 0 -0.0000518
10 5 10 1 0.0202356
10 5 10 2 -0.0000000
10 5 10 3 -0.0126919
10 5 10 4 -0.0150326
10 5 10 5 0.0277740
10 5 10 6 0.0000000
10 5 10 7 -0.0032961
10 5 10 8 -0.0000000
10 5 10 9 -0.0002445
10 5 10 10 0.0443593
10 6 0 0 -0.0000000
10 6 1 0 -0.0000000
10 6 1 1 -0.0000000
10 6 2 0 0.0013442
10 6 2 1 0.0084221
10 6 2 2 -0.0000000
10 6 3 0 -0.0000000
10 6 3 1 0.0000000
10 6 3 2 0.0039380
10 6 3 3 -0.0000000
10 6 4 0 0.0000000
10 6 4 1 0.0000000
10 6 4 2 0.0060655
10 6 4 3 0.0000000
10 6 4 4 -0.0000000
10 6 5 0 0.0000000
10 6 5 1 -0.0000000
10 6 5 2 0.0006173
10 6 5 3 0.0000000
10 6 5 4 -0.0000000
10 6 5 5 -0.0000000
10 6 6 0 0.0018782
10 6 6 1 -0.0033110
10 6 6 2 -0.0000000
10 6 6 3 0.0024260
10 6 6 4 -0.0090954
10 6 6 5 -0.0056038
10 6 6 6 0.0000000
10 6 7 0 -0.0000000
10 6 7 1 -0.0000000
10 6 7 2 -0.0043972
10 6 7 3 -0.0000000
10 6 7 4 -0.0000000
10 6 7 5 0.0000000
10 6 7 6 -0.0044306
10 6 7 7 -0.0000000
10 6 8 0 -0.0001003
10 6 8 1 -0.0031349
10 6 8 2 -0.0000000
10 6 8 3 -0.0006798
10 6 8 4 -0.0045126
10 6 8 5 0.0004744
10 6 8 6 0.0000000
10 6 8 7 0.0013673
10 6 8 8 -0.0000000
10 6 9 0 -0.0000000
10 6 9 1 0.0000000
10 6 9 2 -0.0003001
10 6 9 3 -0.0000000
10 6 9 4 0.0000000
10 6 9 5 0.0000000
10 6 9 6 0.0002983
10 6 9 7 -0.0000000
10 6 9 8 -0.0014503
10 6 9 9 -0.0000000
10 6 10 0 0.0000000
10 6 10 1 -0.0000000
10 6 10 2 -0.0043095
10 6 10 3 -0.0000000
10 6 10 4 0.0000000
10 6 10 5 0.0000000
10 6 10 6 0.0059243
10 6 10 7 -0.0000000
10 6 10 8 -0.0161113
10 6 10 9 -0.0000000
10 6 10 10 -0.0000000
10 7 0 0 -0.0551893
10 7 1 0 0.0026572
10 7 1 1 0.0066019
10 7 2 0 -0.0000000
10 7 2 1 -0.0000000
10 7 2 2 -0.0131801
10 7 3 0 0.0015361
10 7 3 1 -0.0032655
10 7 3 2 0.0000000
10 7 3 3 -0.0182824
10 7 4 0 -0.0012838
10 7 4 1 -0.0039050
10 7 4 2 -0.0000000
10 7 4 3 0.0171352
10 7 4 4 0.0133799
10 7 5 0 -0.0027692
10 7 5 1 0.0192115
10 7 5 2 -0.0000000
10 7 5 3 -0.0196362
10 7 5 4 -0.0083292
10 7 5 5 -0.0014193
10 7 6 0 0.0000000
10 7 6 1 -0.0000000
10 7 6 2 -0.0229942
10 7 6 3 -0.0000000
10 7 6 4 -0.0000000
10 7 6 5 -0.0000000
10 7 6 6 -0.0135207
10 7 7 0 0.0023862
10 7 7 1 -0.0026368
10 7 7 2 -0.0000000
10 7 7 3 0.0156080
10 7 7 4 0.0178319
10 7 7 5 -0.0183138
10 7 7 6 -0.0000000
10 7 7 7 -0.0054842
10 7 8 0 0.0000000
10 7 8 1 0.0000000
10 7 8 2 0.0056968
10 7 8 3 0.0000000
10 7 8 4 0.0000000
10 7 8 5 -0.0000000
10 7 8 6 -0.0007977
10 7 8 7 0.0000000
10 7 8 8 0.0340600
10 7 9 0 -0.0000873
10 7 9 1 -0.0000952
10 7 9 2 0.0000000
10 7 9 3 -0.0000941
10 7 9 4 -0.0011828
10 7 9 5 0.0009740
10 7 9 6 0.0000000
10 7 9 7 0.0002962
10 7 9 8 0.0000000
10 7 9 9 0.0632171
10 7 10 0 0.0000146
10 7 10 1 0.0017526
10 7 10 2 -0.0000000
10 7 10 3 0.0094196
10 7 10 4 0.0119009
10 7 10 5 -0.0032961
10 7 10 6 -0.0000000
10 7 10 7 0.0750982
10 7 10 8 0.0000000
10 7 10 9 0.0038249
10 7 10 10 0.0676331
10 8 0 0 0.0000000
10 8 1 0 0.0000000
10 8 1 1 0.0000000
10 8 2 0 0.0010906
10 8 2 1 0.0255161
10 8 2 2 -0.0000000
10 8 3 0 -0.0000000
10 8 3 1 0.0000000
10 8 3 2 0.0055689
10 8 3 3 0.0000000
10 8 4 0 0.0000000
10 8 4 1 -0.0000000
10 8 4 2 0.0254147
10 8 4 3 0.0000000
10 8 4 4 -0.0000000
10 8 5 0 0.0000000
10 8 5 1 -0.0000000
10 8 5 2 0.0035054
10 8 5 3 0.0000000
10 8 5 4 -0.0000000
10 8 5 5 -0.0000000
10 8 6 0 0.0012443
10 8 6 1 -0.0188918
10 8 6 2 -0.0000000
10 8 6 3 0.0000401
10 8 6 4 -0.0316330
10 8 6 5 -0.0162678
10 8 6 6 0.0000000
10 8 7 0 0.0000000
10 8 7 1 -0.0000000
10 8 7 2 -0.0048669
10 8 7 3 -0.0000000
10 8 7 4 0.0000000
10 8 7 5 0.0000000
10 8 7 6 0.0014585
10 8 7 7 0.0000000
10 8 8 0 0.0004834
10 8 8 1 -0.0205398
10 8 8 2 0.0000000
10 8 8 3 0.0153301
10 8 8 4 0.0147188
10 8 8 5 -0.0360160
10 8 8 6 0.0000000
10 8 8 7 0.0012064
10 8 8 8 0.0000000
10 8 9 0 -0.0000000
10 8 9 1 0.0000000
10 8 9 2 0.0024626
10 8 9 3 0.0000000
10 8 9 4 -0.0000000
10 8 9 5 -0.0000000
10 8 9 6 -0.0033489
10 8 9 7 0.0000000
10 8 9 8 -0.0000316
10 8 9 9 0.0000000
10 8 10 0 -0.0000000
10 8 10 1 0.0000000
10 8 10 2 0.0226087
10 8 10 3 0.0000000
10 8 10 4 -0.0000000
10 8 10 5 -0.0000000
10 8 10 6 -0.0161113
10 8 10 7 0.0000000
10 8 10 8 0.1090359
10 8 10 9 -0.0000000
10 8 10 10 0.0000000
10 9 0 0 0.0125062
10 9 1 0 0.0002335
10 9 1 1 0.0232513
10 9 2 0 -0.0000000
10 9 2 1 0.0000000
10 9 2 2 0.0134771
10 9 3 0 -0.0003824
10 9 3 1 -0.0101823
10 9 3 2 0.0000000
10 9 3 3 0.0172207
10 9 4 0 0.0001286
10 9 4 1 -0.0135609
10 9 4 2 -0.0000000
10 9 4 3 0.0139567
10 9 4 4 0.0315804
10 9 5 0 -0.0006059
10 9 5 1 0.0101402
10 9 5 2 0.0000000
10 9 5 3 -0.0119972
10 9 5 4 -0.0199546
10 9 5 5 0.0347936
10 9 6 0 0.0000000
10 9 6 1 0.0000000
10 9 6 2 -0.0028085
10 9 6 3 -0.0000000
10 9 6 4 -0.0000000
10 9 6 5 0.0000000
10 9 6 6 0.0125897
10 9 7 0 0.0001047
10 9 7 1 0.0009960
10 9 7 2 -0.0000000
10 9 7 3 0.0031567
10 9 7 4 0.0005169
10 9 7 5 0.0016317
10 9 7 6 -0.0000000
10 9 7 7 0.0335518
10 9 8 0 -0.0000000
10 9 8 1 0.0000000
10 9 8 2 0.0093134
10 9 8 3 0.0000000
10 9 8 4 -0.0000000
10 9 8 5 -0.0000000
10 9 8 6 -0.0091943
10 9 8 7 0.0000000
10 9 8 8 0.0496115
10 9 9 0 -0.0002714
10 9 9 1 0.0039434
10 9 9 2 0.0000000
10 9 9 3 -0.0080546
10 9 9 4 -0.0178750
10 9 9 5 0.0138063
10 9 9 6 0.0000000
10 9 9 7 0.0036630
10 9 9 8 0.0000000
10 9 9 9 0.3648282
10 9 10 0 0.0000062
10 9 10 1 0.0002003
10 9 10 2 -0.0000000
10 9 10 3 0.0011700
10 9 10 4 0.0030939
10 9 10 5 -0.0002445
10 9 10 6 -0.0000000
10 9 10 7 0.0038249
10 9 10 8 -0.0000000
10 9 10 9 0.0530068
10 9 10 10 0.0389062
10 10 0 0 0.2902854
10 10 1 0 0.0022831
10 10 1 1 0.3813696
10 10 2 0 -0.0000000
10 10 2 1 0.0000000
10 10 2 2 0.3066305
10 10 3 0 -0.0029242
10 10 3 1 -0.0583051
10 10 3 2 0.0000000
10 10 3 3 0.2969822
10 10 4 0 0.0004888
10 10 4 1 -0.0578920
10 10 4 2 -0.0000000
10 10 4 3 0.0726960
10 10 4 4 0.3864570
10 10 5 0 -0.0045600
10 10 5 1 0.0679865
10 10 5 2 -0.0000000
10 10 5 3 -0.0698906
10 10 5 4 -0.0777324
10 10 5 5 0.4218883
10 10 6 0 0.0000000
10 10 6 1 0.0000000
10 10 6 2 -0.0398668
10 10 6 3 -0.0000000
10 10 6 4 -0.0000000
10 10 6 5 0.0000000
10 10 6 6 0.3089909
10 10 7 0 0.0014314
10 10 7 1 0.0024174
10 10 7 2 -0.0000000
10 10 7 3 0.0367932
10 10 7 4 0.0143986
10 10 7 5 -0.0015757
10 10 7 6 -0.0000000
10 10 7 7 0.4644439
10 10 8 0 -0.0000000
10 10 8 1 0.0000000
10 10 8 2 0.0642667
10 10 8 3 0.0000000
10 10 8 4 -0.0000000
10 10 8 5 -0.0000000
10 10 8 6 -0.0517044
10 10 8 7 0.0000000
10 10 8 8 0.6110812
10 10 9 0 -0.0005262
10 10 9 1 -0.0039893
10 10 9 2 0.0000000
10 10 9 3 -0.0049942
10 10 9 4 -0.0158456
10 10 9 5 0.0076789
10 10 9 6 0.0000000
10 10 9 7 0.0004448
10 10 9 8 0.0000000
10 10 9 9 0.8412169
10 10 10 0 0.0010821
10 10 10 1 0.0527588
10 10 10 2 -0.0000000
10 10 10 3 -0.0150327
10 10 10 4 0.0000862
10 10 10 5 0.0443593
10 10 10 6 -0.0000000
10 10 10 7 0.0676331
10 10 10 8 0.0000000
10 10 10 9 0.0389062
10 10 10 10 0.7072844
11 0 0 0 -0.0814060
11 0 1 0 0.0034676
11 0 1 1 -0.0070796
11 0 2 0 -0.0000000
11 0 2 1 0.0000000
11 0 2 2 -0.0006517
11 0 3 0 0.0028949
11 0 3 1 -0.0053149
11 0 3 2 0.0000000
11 0 3 3 -0.0046369
11 0 4 0 -0.0030205
11 0 4 1 0.0034596
11 0 4 2 0.0000000
11 0 4 3 0.0028074
11 0 4 4 -0.0037044
11 0 5 0 -0.0051031
11 0 5 1 0.0045010
11 0 5 2 0.0000000
11 0 5 3 0.0057791
11 0 5 4 -0.0035052
11 0 5 5 -0.0044912
11 0 6 0 0.0000000
11 0 6 1 -0.0000000
11 0 6 2 0.0017116
11 0 6 3 -0.0000000
11 0 6 4 0.0000000
11 0 6 5 0.0000000
11 0 6 6 0.0005386
11 0 7 0 -0.0111450
11 0 7 1 -0.0016632
11 0 7 2 0.0000000
11 0 7 3 -0.0024682
11 0 7 4 0.0016131
11 0 7 5 0.0033215
11 0 7 6 -0.0000000
11 0 7 7 0.0064502
11 0 8 0 -0.0000000
11 0 8 1 0.0000000
11 0 8 2 0.0001451
11 0 8 3 0.0000000
11 0 8 4 -0.0000000
11 0 8 5 -0.0000000
11 0 8 6 -0.0002344
11 0 8 7 -0.0000000
11 0 8 8 -0.0008641
11 0 9 0 -0.0001215
11 0 9 1 -0.0000943
11 0 9 2 0.0000000
11 0 9 3 -0.0000624
11 0 9 4 0.0000202
11 0 9 5 0.0000563
11 0 9 6 -0.0000000
11 0 9 7 0.0000475
11 0 9 8 -0.0000000
11 0 9 9 -0.0008104
11 0 10 0 0.0026929
11 0 10 1 0.0011046
11 0 10 2 -0.0000000
11 0 10 3 0.0004958
11 0 10 4 -0.0007444
11 0 10 5 -0.0007503
11 0 10 6 0.0000000
11 0 10 7 -0.0020172
11 0 10 8 0.0000000
11 0 10 9 0.0000017
11 0 10 10 -0.0005745
11 0 11 0 0.0110478
11 0 11 1 0.0033722
11 0 11 2 -0.0000000
11 0 11 3 0.0019769
11 0 11 4 -0.0025052
11 0 11 5 -0.0034773
11 0 11 6 0.0000000
11 0 11 7 -0.0071450
11 0 11 8 -0.0000000
11 0 11 9 0.0000719
11 0 11 10 0.0010754
11 0 11 11 0.0067896
11 1 0 0 -0.0091042
11 1 1 0 -0.0019041
11 1 1 1 -0.0085967
11 1 2 0 0.0000000
11 1 2 1 0.0000000
11 1 2 2 0.0016887
11 1 3 0 -0.0051273
11 1 3 1 -0.0220934
11 1 3 2 0.0000000
11 1 3 3 -0.0155002
11 1 4 0 0.0022980
11 1 4 1 0.0042574
11 1 4 2 0.0000000
11 1 4 3 0.0146744
11 1 4 4 -0.0008978
11 1 5 0 -0.0003465
11 1 5 1 0.0080616
11 1 5 2 -0.0000000
11 1 5 3 0.0101325
11 1 5 4 -0.0080655
11 1 5 5 0.0041819
11 1 6 0 -0.0000000
11 1 6 1 -0.0000000
11 1 6 2 0.0013621
11 1 6 3 -0.0000000
11 1 6 4 0.0000000
11 1 6 5 0.0000000
11 1 6 6 0.0000400
11 1 7 0 -0.0031667
11 1 7 1 -0.0022430
11 1 7 2 -0.0000000
11 1 7 3 -0.0057003
11 1 7 4 -0.0087176
11 1 7 5 0.0252873
11 1 7 6 -0.0000000
11 1 7 7 0.0120838
11 1 8 0 -0.0000000
11 1 8 1 -0.0000000
11 1 8 2 0.0000963
11 1 8 3 0.0000000
11 1 8 4 -0.0000000
11 1 8 5 -0.0000000
11 1 8 6 -0.0017039
11 1 8 7 0.0000000
11 1 8 8 0.0081893
11 1 9 0 -0.0000531
11 1 9 1 -0.0007192
11 1 9 2 0.0000000
11 1 9 3 -0.0000588
11 1 9 4 0.0007664
11 1 9 5 -0.0006447
11 1 9 6 -0.0000000
11 1 9 7 -0.0003534
11 1 9 8 -0.0000000
11 1 9 9 0.0086927
11 1 10 0 0.0008325
11 1 10 1 0.0038139
11 1 10 2 -0.0000000
11 1 10 3 0.0001259
11 1 10 4 -0.0010688
11 1 10 5 -0.0060236
11 1 10 6 0.0000000
11 1 10 7 -0.0118812
11 1 10 8 -0.0000000
11 1 10 9 0.0020004
11 1 10 10 -0.0088786
11 1 11 0 0.0033722
11 1 11 1 0.0281865
11 1 11 2 0.0000000
11 1 11 3 -0.0100112
11 1 11 4 -0.0146995
11 1 11 5 -0.0066652
11 1 11 6 0.0000000
11 1 11 7 -0.0006611
11 1 11 8 0.0000000
11 1 11 9 0.0000342
11 1 11 10 -0.0066090
11 1 11 11 0.0197083
11 2 0 0 0.0000000
11 2 1 0 0.0000000
11 2 1 1 0.0000000
11 2 2 0 0.0048171
11 2 2 1 0.0179142
11 2 2 2 -0.0000000
11 2 3 0 -0.0000000
11 2 3 1 0.0000000
11 2 3 2 0.0094432
11 2 3 3 0.0000000
11 2 4 0 0.0000000
11 2 4 1 0.0000000
11 2 4 2 0.0084943
11 2 4 3 0.0000000
11 2 4 4 -0.0000000
11 2 5 0 0.0000000
11 2 5 1 -0.0000000
11 2 5 2 -0.0054802
11 2 5 3 0.0000000
11 2 5 4 -0.0000000
11 2 5 5 -0.0000000
11 2 6 0 0.0066562
11 2 6 1 0.0016231
11 2 6 2 -0.0000000
11 2 6 3 0.0092097
11 2 6 4 -0.0129945
11 2 6 5 -0.0104429
11 2 6 6 0.0000000
11 2 7 0 0.0000000
11 2 7 1 -0.0000000
11 2 7 2 -0.0169922
11 2 7 3 0.0000000
11 2 7 4 -0.0000000
11 2 7 5 -0.0000000
11 2 7 6 -0.0182258
11 2 7 7 -0.0000000
11 2 8 0 -0.0001368
11 2 8 1 -0.0041469
11 2 8 2 0.0000000
11 2 8 3 0.0009859
11 2 8 4 -0.0026067
11 2 8 5 -0.0004126
11 2 8 6 0.0000000
11 2 8 7 0.0036161
11 2 8 8 -0.0000000
11 2 9 0 0.0000000
11 2 9 1 0.0000000
11 2 9 2 0.0000593
11 2 9 3 0.0000000
11 2 9 4 0.0000000
11 2 9 5 -0.0000000
11 2 9 6 -0.0000836
11 2 9 7 -0.0000000
11 2 9 8 -0.0005492
11 2 9 9 -0.0000000
11 2 10 0 -0.0000000
11 2 10 1 -0.0000000
11 2 10 2 0.0023597
11 2 10 3 -0.0000000
11 2 10 4 0.0000000
11 2 10 5 0.0000000
11 2 10 6 0.0054892
11 2 10 7 -0.0000000
11 2 10 8 -0.0034814
11 2 10 9 -0.0000000
11 2 10 10 -0.0000000
11 2 11 0 -0.0000000
11 2 11 1 0.0000000
11 2 11 2 0.0202805
11 2 11 3 -0.0000000
11 2 11 4 0.0000000
11 2 11 5 0.0000000
11 2 11 6 0.0166871
11 2 11 7 -0.0000000
11 2 11 8 0.0007445
11 2 11 9 -0.0000000
11 2 11 10 -0.0000000
11 2 11 11 0.0000000
11 3 0 0 -0.0187926
11 3 1 0 -0.0040249
11 3 1 1 -0.0350755
11 3 2 0 -0.0000000
11 3 2 1 0.0000000
11 3 2 2 -0.0131155
11 3 3 0 0.0036340
11 3 3 1 0.0037853
11 3 3 2 -0.0000000
11 3 3 3 -0.0027115
11 3 4 0 0.0001591
11 3 4 1 0.0083004
11 3 4 2 0.0000000
11 3 4 3 -0.0096661
11 3 4 4 -0.0176967
11 3 5 0 0.0080062
11 3 5 1 0.0141632
11 3 5 2 0.0000000
11 3 5 3 0.0077167
11 3 5 4 -0.0080051
11 3 5 5 -0.0317551
11 3 6 0 -0.0000000
11 3 6 1 -0.0000000
11 3 6 2 0.0063588
11 3 6 3 0.0000000
11 3 6 4 0.0000000
11 3 6 5 0.0000000
11 3 6 6 -0.0063938
11 3 7 0 -0.0019410
11 3 7 1 -0.0023565
11 3 7 2 0.0000000
11 3 7 3 -0.0160218
11 3 7 4 0.0146547
11 3 7 5 -0.0186623
11 3 7 6 -0.0000000
11 3 7 7 -0.0017225
11 3 8 0 0.0000000
11 3 8 1 0.0000000
11 3 8 2 0.0036749
11 3 8 3 0.0000000
11 3 8 4 -0.0000000
11 3 8 5 -0.0000000
11 3 8 6 -0.0016076
11 3 8 7 0.0000000
11 3 8 8 -0.0099552
11 3 9 0 -0.0000628
11 3 9 1 -0.0002594
11 3 9 2 0.0000000
11 3 9 3 -0.0003816
11 3 9 4 -0.0010730
11 3 9 5 0.0010815
11 3 9 6 0.0000000
11 3 9 7 0.0008242
11 3 9 8 -0.0000000
11 3 9 9 -0.0001915
11 3 10 0 0.0006228
11 3 10 1 0.0045285
11 3 10 2 -0.0000000
11 3 10 3 0.0038869
11 3 10 4 -0.0028736
11 3 10 5 0.0065173
11 3 10 6 0.0000000
11 3 10 7 0.0057399
11 3 10 8 -0.0000000
11 3 10 9 -0.0001784
11 3 10 10 0.0083364
11 3 11 0 0.0019769
11 3 11 1 -0.0100112
11 3 11 2 -0.0000000
11 3 11 3 0.0298099
11 3 11 4 0.0017361
11 3 11 5 0.0044386
11 3 11 6 -0.0000000
11 3 11 7 -0.0061453
11 3 11 8 0.0000000
11 3 11 9 0.0004197
11 3 11 10 0.0027096
11 3 11 11 -0.0122745
11 4 0 0 -0.0084321
11 4 1 0 0.0026399
11 4 1 1 0.0081343
11 4 2 0 0.0000000
11 4 2 1 0.0000000
11 4 2 2 0.0014739
11 4 3 0 0.0013092
11 4 3 1 0.0096024
11 4 3 2 0.0000000
11 4 3 3 -0.0042461
11 4 4 0 -0.0012848
11 4 4 1 0.0006576
11 4 4 2 0.0000000
11 4 4 3 -0.0010529
11 4 4 4 0.0034064
11 4 5 0 -0.0030593
11 4 5 1 -0.0041095
11 4 5 2 -0.0000000
11 4 5 3 -0.0096701
11 4 5 4 0.0075759
11 4 5 5 -0.0008775
11 4 6 0 0.0000000
11 4 6 1 0.0000000
11 4 6 2 -0.0068663
11 4 6 3 0.0000000
11 4 6 4 -0.0000000
11 4 6 5 -0.0000000
11 4 6 6 -0.0016413
11 4 7 0 0.0025078
11 4 7 1 -0.0045280
11 4 7 2 -0.0000000
11 4 7 3 0.0139669
11 4 7 4 0.0089472
11 4 7 5 -0.0145347
11 4 7 6 -0.0000000
11 4 7 7 -0.0123199
11 4 8 0 -0.0000000
11 4 8 1 -0.0000000
11 4 8 2 -0.0009144
11 4 8 3 0.0000000
11 4 8 4 0.0000000
11 4 8 5 -0.0000000
11 4 8 6 0.0018108
11 4 8 7 -0.0000000
11 4 8 8 -0.0006864
11 4 9 0 0.0000220
11 4 9 1 0.0007400
11 4 9 2 0.0000000
11 4 9 3 -0.0001403
11 4 9 4 -0.0009791
11 4 9 5 0.0010754
11 4 9 6 -0.0000000
11 4 9 7 0.0013034
11 4 9 8 -0.0000000
11 4 9 9 0.0030301
11 4 10 0 -0.0005382
11 4 10 1 -0.0004922
11 4 10 2 0.0000000
11 4 10 3 -0.0002915
11 4 10 4 0.0024492
11 4 10 5 0.0021398
11 4 10 6 0.0000000
11 4 10 7 0.0190378
11 4 10 8 0.0000000
11 4 10 9 -0.0005952
11 4 10 10 0.0162667
11 4 11 0 -0.0025052
11 4 11 1 -0.0146995
11 4 11 2 0.0000000
11 4 11 3 0.0017361
11 4 11 4 0.0175153
11 4 11 5 -0.0073429
11 4 11 6 0.0000000
11 4 11 7 0.0047832
11 4 11 8 -0.0000000
11 4 11 9 0.0008995
11 4 11 10 0.0086954
11 4 11 11 -0.0195874
11 5 0 0 -0.0088210
11 5 1 0 0.0011216
11 5 1 1 -0.0000476
11 5 2 0 0.0000000
11 5 2 1 0.0000000
11 5 2 2 -0.0044185
11 5 3 0 0.0076767
11 5 3 1 0.0134753
11 5 3 2 0.0000000
11 5 3 3 0.0175721
11 5 4 0 -0.0030210
11 5 4 1 -0.0047147
11 5 4 2 0.0000000
11 5 4 3 -0.0127069
11 5 4 4 0.0038135
11 5 5 0 0.0027888
11 5 5 1 0.0022847
11 5 5 2 -0.0000000
11 5 5 3 -0.0079845
11 5 5 4 -0.0006537
11 5 5 5 -0.0093355
11 5 6 0 0.0000000
11 5 6 1 0.0000000
11 5 6 2 -0.0012899
11 5 6 3 0.0000000
11 5 6 4 -0.0000000
11 5 6 5 -0.0000000
11 5 6 6 -0.0032158
11 5 7 0 0.0031476
11 5 7 1 0.0143327
11 5 7 2 -0.0000000
11 5 7 3 -0.0140156
11 5 7 4 -0.0094871
11 5 7 5 -0.0085375
11 5 7 6 0.0000000
11 5 7 7 -0.0094642
11 5 8 0 -0.0000000
11 5 8 1 -0.0000000
11 5 8 2 0.0005107
11 5 8 3 0.0000000
11 5 8 4 0.0000000
11 5 8 5 -0.0000000
11 5 8 6 0.0002558
11 5 8 7 -0.0000000
11 5 8 8 -0.0023125
11 5 9 0 0.0000223
11 5 9 1 -0.0003222
11 5 9 2 0.0000000
11 5 9 3 0.0003991
11 5 9 4 0.0009589
11 5 9 5 -0.0010554
11 5 9 6 -0.0000000
11 5 9 7 -0.0014087
11 5 9 8 -0.0000000
11 5 9 9 -0.0066402
11 5 10 0 -0.0008446
11 5 10 1 -0.0058659
11 5 10 2 0.0000000
11 5 10 3 0.0021915
11 5 10 4 0.0010831
11 5 10 5 0.0011771
11 5 10 6 0.0000000
11 5 10 7 -0.0081228
11 5 10 8 0.0000000
11 5 10 9 0.0004661
11 5 10 10 -0.0190814
11 5 11 0 -0.0034773
11 5 11 1 -0.0066652
11 5 11 2 0.0000000
11 5 11 3 0.0044386
11 5 11 4 -0.0073429
11 5 11 5 0.0296343
11 5 11 6 0.0000000
11 5 11 7 0.0121919
11 5 11 8 -0.0000000
11 5 11 9 -0.0013529
11 5 11 10 -0.0066951
11 5 11 11 -0.0090797
11 6 0 0 0.0000000
11 6 1 0 -0.0000000
11 6 1 1 -0.0000000
11 6 2 0 0.0057901
11 6 2 1 0.0184120
11 6 2 2 -0.0000000
11 6 3 0 -0.0000000
11 6 3 1 -0.0000000
11 6 3 2 0.0122078
11 6 3 3 -0.0000000
11 6 4 0 0.0000000
11 6 4 1 0.0000000
11 6 4 2 0.0066087
11 6 4 3 0.0000000
11 6 4 4 -0.0000000
11 6 5 0 0.0000000
11 6 5 1 0.0000000
11 6 5 2 -0.0057800
11 6 5 3 0.0000000
11 6 5 4 -0.0000000
11 6 5 5 -0.0000000
11 6 6 0 0.0079118
11 6 6 1 0.0011885
11 6 6 2 0.0000000
11 6 6 3 0.0113591
11 6 6 4 -0.0143269
11 6 6 5 -0.0102214
11 6 6 6 0.0000000
11 6 7 0 -0.0000000
11 6 7 1 -0.0000000
11 6 7 2 -0.0186466
11 6 7 3 -0.0000000
11 6 7 4 -0.0000000
11 6 7 5 0.0000000
11 6 7 6 -0.0178286
11 6 7 7 0.0000000
11 6 8 0 -0.0001340
11 6 8 1 -0.0054016
11 6 8 2 0.0000000
11 6 8 3 0.0015122
11 6 8 4 0.0001499
11 6 8 5 -0.0037390
11 6 8 6 -0.0000000
11 6 8 7 -0.0021413
11 6 8 8 0.0000000
11 6 9 0 -0.0000000
11 6 9 1 -0.0000000
11 6 9 2 0.0003709
11 6 9 3 -0.0000000
11 6 9 4 -0.0000000
11 6 9 5 -0.0000000
11 6 9 6 -0.0004827
11 6 9 7 -0.0000000
11 6 9 8 -0.0001155
11 6 9 9 0.0000000
11 6 10 0 0.0000000
11 6 10 1 0.0000000
11 6 10 2 0.0048275
11 6 10 3 -0.0000000
11 6 10 4 0.0000000
11 6 10 5 -0.0000000
11 6 10 6 0.0036618
11 6 10 7 -0.0000000
11 6 10 8 0.0086283
11 6 10 9 0.0000000
11 6 10 10 -0.0000000
11 6 11 0 0.0000000
11 6 11 1 0.0000000
11 6 11 2 0.0166871
11 6 11 3 -0.0000000
11 6 11 4 0.0000000
11 6 11 5 0.0000000
11 6 11 6 0.0207098
11 6 11 7 -0.0000000
11 6 11 8 -0.0058513
11 6 11 9 -0.0000000
11 6 11 10 -0.0000000
11 6 11 11 0.0000000
11 7 0 0 -0.2545689
11 7 1 0 0.0094544
11 7 1 1 -0.0144320
11 7 2 0 -0.0000000
11 7 2 1 -0.0000000
11 7 2 2 -0.0797615
11 7 3 0 0.0045043
11 7 3 1 -0.0356117
11 7 3 2 0.0000000
11 7 3 3 -0.1023840
11 7 4 0 -0.0046173
11 7 4 1 -0.0236239
11 7 4 2 -0.0000000
11 7 4 3 0.0716443
11 7 4 4 0.0192042
11 7 5 0 -0.0107974
11 7 5 1 0.0860342
11 7 5 2 -0.0000000
11 7 5 3 -0.0720337
11 7 5 4 -0.0480278
11 7 5 5 -0.0236800
11 7 6 0 0.0000000
11 7 6 1 -0.0000000
11 7 6 2 -0.0864262
11 7 6 3 -0.0000000
11 7 6 4 -0.0000000
11 7 6 5 0.0000000
11 7 6 6 -0.0863335
11 7 7 0 0.0073422
11 7 7 1 0.0052009
11 7 7 2 -0.0000000
11 7 7 3 0.0265096
11 7 7 4 -0.0106696
11 7 7 5 -0.0010541
11 7 7 6 0.0000000
11 7 7 7 0.0050324
11 7 8 0 -0.0000000
11 7 8 1 0.0000000
11 7 8 2 0.0365008
11 7 8 3 0.0000000
11 7 8 4 -0.0000000
11 7 8 5 -0.0000000
11 7 8 6 -0.0220335
11 7 8 7 0.0000000
11 7 8 8 0.1510897
11 7 9 0 -0.0004468
11 7 9 1 -0.0035361
11 7 9 2 0.0000000
11 7 9 3 -0.0011446
11 7 9 4 -0.0051053
11 7 9 5 0.0017863
11 7 9 6 0.0000000
11 7 9 7 -0.0011144
11 7 9 8 0.0000000
11 7 9 9 0.2608285
11 7 10 0 -0.0005053
11 7 10 1 0.0163272
11 7 10 2 -0.0000000
11 7 10 3 -0.0055184
11 7 10 4 0.0086068
11 7 10 5 0.0078753
11 7 10 6 -0.0000000
11 7 10 7 0.0287847
11 7 10 8 -0.0000000
11 7 10 9 0.0193252
11 7 10 10 0.1626473
11 7 11 0 -0.0071450
11 7 11 1 -0.0006611
11 7 11 2 -0.0000000
11 7 11 3 -0.0061453
11 7 11 4 0.0047832
11 7 11 5 0.0121919
11 7 11 6 -0.0000000
11 7 11 7 0.2035809
11 7 11 8 -0.0000000
11 7 11 9 -0.0030652
11 7 11 10 -0.0593325
11 7 11 11 -0.0251513
11 8 0 0 -0.0000000
11 8 1 0 -0.0000000
11 8 1 1 -0.0000000
11 8 2 0 -0.0005487
11 8 2 1 -0.0074342
11 8 2 2 0.0000000
11 8 3 0 0.0000000
11 8 3 1 -0.0000000
11 8 3 2 -0.0006155
11 8 3 3 -0.0000000
11 8 4 0 -0.0000000
11 8 4 1 0.0000000
11 8 4 2 -0.0072841
11 8 4 3 -0.0000000
11 8 4 4 0.0000000
11 8 5 0 -0.0000000
11 8 5 1 0.0000000
11 8 5 2 0.0006794
11 8 5 3 -0.0000000
11 8 5 4 0.0000000
11 8 5 5 0.0000000
11 8 6 0 -0.0007416
11 8 6 1 0.0031250
11 8 6 2 0.0000000
11 8 6 3 -0.0003434
11 8 6 4 0.0084819
11 8 6 5 0.0041251
11 8 6 6 -0.0000000
11 8 7 0 0.0000000
11 8 7 1 0.0000000
11 8 7 2 0.0067015
11 8 7 3 0.0000000
11 8 7 4 -0.0000000
11 8 7 5 -0.0000000
11 8 7 6 -0.0017807
11 8 7 7 0.0000000
11 8 8 0 -0.0000802
11 8 8 1 0.0073168
11 8 8 2 -0.0000000
11 8 8 3 -0.0036495
11 8 8 4 -0.0044533
11 8 8 5 0.0106615
11 8 8 6 -0.0000000
11 8 8 7 0.0181299
11 8 8 8 -0.0000000
11 8 9 0 0.0000000
11 8 9 1 -0.0000000
11 8 9 2 -0.0006295
11 8 9 3 -0.0000000
11 8 9 4 0.0000000
11 8 9 5 0.0000000
11 8 9 6 0.0007549
11 8 9 7 -0.0000000
11 8 9 8 -0.0001755
11 8 9 9 -0.0000000
11 8 10 0 0.0000000
11 8 10 1 -0.0000000
11 8 10 2 -0.0063216
11 8 10 3 -0.0000000
11 8 10 4 0.0000000
11 8 10 5 0.0000000
11 8 10 6 0.0043200
11 8 10 7 -0.0000000
11 8 10 8 -0.0253046
11 8 10 9 0.0000000
11 8 10 10 -0.0000000
11 8 11 0 -0.0000000
11 8 11 1 0.0000000
11 8 11 2 0.0007445
11 8 11 3 0.0000000
11 8 11 4 -0.0000000
11 8 11 5 -0.0000000
11 8 11 6 -0.0058513
11 8 11 7 -0.0000000
11 8 11 8 0.0229396
11 8 11 9 -0.0000000
11 8 11 10 0.0000000
11 8 11 11 0.0000000
11 9 0 0 -0.0046724
11 9 1 0 -0.0000718
11 9 1 1 -0.0061393
11 9 2 0 0.0000000
11 9 2 1 -0.0000000
11 9 2 2 -0.0038092
11 9 3 0 -0.0000022
11 9 3 1 0.0009955
11 9 3 2 0.0000000
11 9 3 3 -0.0047368
11 9 4 0 0.0000087
11 9 4 1 0.0025978
11 9 4 2 0.0000000
11 9 4 3 -0.0018307
11 9 4 4 -0.0068634
11 9 5 0 0.0000832
11 9 5 1 -0.0013178
11 9 5 2 -0.0000000
11 9 5 3 0.0021417
11 9 5 4 0.0030965
11 9 5 5 -0.0075296
11 9 6 0 -0.0000000
11 9 6 1 -0.0000000
11 9 6 2 0.0003874
11 9 6 3 0.0000000
11 9 6 4 0.0000000
11 9 6 5 -0.0000000
11 9 6 6 -0.0038071
11 9 7 0 -0.0000920
11 9 7 1 -0.0009333
11 9 7 2 0.0000000
11 9 7 3 0.0000702
11 9 7 4 0.0010813
11 9 7 5 -0.0008788
11 9 7 6 -0.0000000
11 9 7 7 -0.0065729
11 9 8 0 0.0000000
11 9 8 1 -0.0000000
11 9 8 2 -0.0012741
11 9 8 3 -0.0000000
11 9 8 4 0.0000000
11 9 8 5 0.0000000
11 9 8 6 0.0012368
11 9 8 7 -0.0000000
11 9 8 8 -0.0085153
11 9 9 0 0.0000580
11 9 9 1 -0.0002360
11 9 9 2 -0.0000000
11 9 9 3 0.0019406
11 9 9 4 0.0028071
11 9 9 5 -0.0017915
11 9 9 6 -0.0000000
11 9 9 7 0.0066747
11 9 9 8 -0.0000000
11 9 9 9 -0.0538242
11 9 10 0 0.0000286
11 9 10 1 0.0006868
11 9 10 2 -0.0000000
11 9 10 3 -0.0003090
11 9 10 4 -0.0006234
11 9 10 5 0.0003632
11 9 10 6 0.0000000
11 9 10 7 -0.0007309
11 9 10 8 0.0000000
11 9 10 9 -0.0071200
11 9 10 10 -0.0059737
11 9 11 0 0.0000719
11 9 11 1 0.0000342
11 9 11 2 -0.0000000
11 9 11 3 0.0004197
11 9 11 4 0.0008995
11 9 11 5 -0.0013529
11 9 11 6 -0.0000000
11 9 11 7 -0.0030652
11 9 11 8 -0.0000000
11 9 11 9 0.0067783
11 9 11 10 -0.0001083
11 9 11 11 -0.0052262
11 10 0 0 0.0747353
11 10 1 0 -0.0015201
11 10 1 1 0.0240840
11 10 2 0 0.0000000
11 10 2 1 -0.0000000
11 10 2 2 0.0308802
11 10 3 0 -0.0007742
11 10 3 1 0.0111890
11 10 3 2 -0.0000000
11 10 3 3 0.0386482
11 10 4 0 0.0008444
11 10 4 1 0.0030706
11 10 4 2 0.0000000
11 10 4 3 -0.0152244
11 10 4 4 0.0131726
11 10 5 0 0.0018204
11 10 5 1 -0.0248492
11 10 5 2 0.0000000
11 10 5 3 0.0143879
11 10 5 4 0.0127895
11 10 5 5 0.0191577
11 10 6 0 -0.0000000
11 10 6 1 0.0000000
11 10 6 2 0.0199441
11 10 6 3 0.0000000
11 10 6 4 0.0000000
11 10 6 5 -0.0000000
11 10 6 6 0.0323716
11 10 7 0 -0.0009565
11 10 7 1 -0.0034999
11 10 7 2 -0.0000000
11 10 7 3 0.0004083
11 10 7 4 0.0145592
11 10 7 5 -0.0112113
11 10 7 6 -0.0000000
11 10 7 7 0.0022261
11 10 8 0 0.0000000
11 10 8 1 -0.0000000
11 10 8 2 -0.0149423
11 10 8 3 -0.0000000
11 10 8 4 0.0000000
11 10 8 5 0.0000000
11 10 8 6 0.0113431
11 10 8 7 -0.0000000
11 10 8 8 -0.0426909
11 10 9 0 0.0001561
11 10 9 1 0.0016123
11 10 9 2 -0.0000000
11 10 9 3 0.0008773
11 10 9 4 0.0026180
11 10 9 5 -0.0011634
11 10 9 6 -0.0000000
11 10 9 7 0.0002473
11 10 9 8 -0.0000000
11 10 9 9 -0.0655089
11 10 10 0 0.0000060
11 10 10 1 -0.0152593
11 10 10 2 0.0000000
11 10 10 3 0.0135830
11 10 10 4 0.0117071
11 10 10 5 -0.0163943
11 10 10 6 -0.0000000
11 10 10 7 0.0364450
11 10 10 8 -0.0000000
11 10 10 9 -0.0031837
11 10 10 10 -0.0421697
11 10 11 0 0.0010754
11 10 11 1 -0.0066090
11 10 11 2 -0.0000000
11 10 11 3 0.0027096
11 10 11 4 0.0086954
11 10 11 5 -0.0066951
11 10 11 6 -0.0000000
11 10 11 7 -0.0593325
11 10 11 8 0.0000000
11 10 11 9 -0.0001083
11 10 11 10 0.0530158
11 10 11 11 -0.0051728
11 11 0 0 0.5901279
11 11 1 0 -0.0064946
11 11 1 1 0.4422337
11 11 2 0 0.0000000
11 11 2 1 0.0000000
11 11 2 2 0.4186685
11 11 3 0 -0.0096313
11 11 3 1 -0.0377796
11 11 3 2 -0.0000000
11 11 3 3 0.4355951
11 11 4 0 0.0055238
11 11 4 1 -0.0481463
11 11 4 2 0.0000000
11 11 4 3 0.0103330
11 11 4 4 0.4075459
11 11 5 0 0.0039230
11 11 5 1 -0.0330327
11 11 5 2 0.0000000
11 11 5 3 0.0073116
11 11 5 4 -0.0355196
11 11 5 5 0.4890149
11 11 6 0 -0.0000000
11 11 6 1 0.0000000
11 11 6 2 0.0570554
11 11 6 3 -0.0000000
11 11 6 4 0.0000000
11 11 6 5 0.0000000
11 11 6 6 0.4222492
11 11 7 0 -0.0065616
11 11 7 1 0.0018291
11 11 7 2 -0.0000000
11 11 7 3 0.0007178
11 11 7 4 -0.0032573
11 11 7 5 0.0288265
11 11 7 6 -0.0000000
11 11 7 7 0.5013993
11 11 8 0 -0.0000000
11 11 8 1 0.0000000
11 11 8 2 0.0103569
11 11 8 3 0.0000000
11 11 8 4 -0.0000000
11 11 8 5 -0.0000000
11 11 8 6 -0.0197445
11 11 8 7 -0.0000000
11 11 8 8 0.4338917
11 11 9 0 0.0000682
11 11 9 1 -0.0000917
11 11 9 2 0.0000000
11 11 9 3 -0.0016879
11 11 9 4 -0.0039385
11 11 9 5 0.0001588
11 11 9 6 0.0000000
11 11 9 7 0.0002550
11 11 9 8 0.0000000
11 11 9 9 0.5430554
11 11 10 0 0.0009731
11 11 10 1 -0.0024553
11 11 10 2 -0.0000000
11 11 10 3 0.0027851
11 11 10 4 0.0121307
11 11 10 5 -0.0083147
11 11 10 6 -0.0000000
11 11 10 7 -0.0364333
11 11 10 8 0.0000000
11 11 10 9 0.0272587
11 11 10 10 0.4103341
11 11 11 0 0.0067896
11 11 11 1 0.0197083
11 11 11 2 0.0000000
11 11 11 3 -0.0122745
11 11 11 4 -0.0195874
11 11 11 5 -0.0090797
11 11 11 6 0.0000000
11 11 11 7 -0.0251513
11 11 11 8 0.0000000
11 11 11 9 -0.0052262
11 11 11 10 -0.0051728
11 11 11 11 0.5093196
