NMONOMER	1
NELEC	8
ENUC	7.676927
NBASIS	12
HOMO	2
LUMO	2
ENT	5
HF_ENERGY	-35.919575
ENERGIES
-10.846936
-0.859445
-0.461964
-0.252424
0.533418
0.738667
0.794927
849736.483391
965066.326653
996478.057999
1070621.024144
1118093.614042

OEI
-18.380970	
0.208775	-4.514835	
-0.000000	0.000000	-4.107204	
-0.193614	0.130233	0.000000	-4.182409	
0.132959	-0.192033	0.000000	0.440382	-3.101018	
0.245278	-0.896808	0.000000	-0.163901	-0.038666	-3.857567	
-0.000000	0.000000	0.765360	0.000000	0.000000	0.000000	-3.464676	
0.115250	0.051907	0.000000	-0.040411	0.000351	-0.018675	0.000000	849732.902282	
0.000000	-0.000000	-0.125356	-0.000000	-0.000000	-0.000000	-0.018882	0.000000	965063.449932	
-0.004915	-0.021938	-0.000000	-0.001131	0.004483	-0.013952	0.000000	0.001099	0.000000	996474.794620	
-0.037620	-0.200351	0.000000	-0.072675	-0.128355	0.118017	-0.000000	0.140894	-0.000000	0.139990	1070618.468626	
0.111995	0.074284	-0.000000	-0.129347	0.001481	-0.002289	0.000000	-0.811005	-0.000000	0.038551	0.313727	1118089.934582	

ENV_OEI
-4.907776	
0.392145	-0.569567	
-0.000000	0.000000	-0.388958	
-0.375048	-0.119114	0.000000	-0.589566	
0.266104	-0.321265	0.000000	-0.210281	-0.763960	
0.501191	-0.008511	0.000000	0.239304	0.330029	-0.817764	
-0.000000	0.000000	0.104232	-0.000000	-0.000000	0.000000	-0.423188	
0.224318	0.010364	0.000000	-0.045699	-0.036595	-0.027484	0.000000	-0.716994	
-0.000000	0.000000	0.156040	0.000000	0.000000	0.000000	0.153608	0.000000	-0.847801	
0.015215	-0.314375	0.000000	-0.709319	-1.410468	0.792091	-0.000000	0.128284	0.000000	-18.744112	
-0.055226	0.054521	-0.000000	0.011110	0.041819	-0.069733	0.000000	-0.218672	-0.000000	1.687493	-0.902248	
0.213353	-0.008131	-0.000000	0.038824	0.026384	-0.034564	0.000000	0.134764	-0.000000	0.179472	0.092228	-0.541468	

OVERLAP
1.000000	
0.248362	1.000000	
0.061767	0.488736	1.000000	
0.061767	0.488736	0.167856	1.000000	
0.000000	0.027047	0.038545	0.038545	1.000000	
0.027047	0.301519	0.378700	0.378700	0.248362	1.000000	
0.000000	0.000000	-0.155576	-0.155576	-0.015125	-0.113119	1.000000	
0.000000	0.000000	0.380474	-0.380474	0.000000	0.000000	0.000000	1.000000	
0.000000	0.000000	-0.219667	-0.219667	-0.042713	-0.319437	0.000000	0.000000	1.000000	
0.015125	0.113119	0.044121	0.044121	0.000000	0.000000	0.112775	0.000000	-0.151526	1.000000	
0.000000	0.000000	0.268260	-0.268260	0.000000	0.000000	0.000000	0.166433	0.000000	0.000000	1.000000	
0.042713	0.319437	0.279473	0.279473	0.000000	0.000000	-0.151526	0.000000	-0.261465	0.000000	0.000000	1.000000	

MOCOEFF
-0.996596	-0.016611	0.006581	0.006581	-0.001356	0.006680	0.027627	-0.000000	0.007871	-0.002268	-0.000000	0.003231	
0.138267	-0.308140	-0.264867	-0.264867	0.032620	0.017592	0.307152	-0.000000	0.212386	-0.179609	0.000000	-0.316144	
-0.000000	-0.000000	-0.455030	0.455030	-0.000000	0.000000	-0.000000	-0.599004	-0.000000	0.000000	0.343826	0.000000	
-0.131840	0.526398	0.148747	0.148747	0.063166	-0.277018	-0.310982	-0.000000	0.636592	-0.042017	0.000000	-0.416836	
0.091605	-0.562086	0.843375	0.843375	0.122731	-0.741565	0.208378	0.000000	-0.286136	-0.188183	0.000000	-0.647097	
0.177029	-1.082073	0.508586	0.508586	-0.070716	0.437849	0.390070	0.000000	0.935563	0.262349	0.000000	0.610932	
-0.000000	0.000000	-0.942806	0.942806	0.000000	-0.000000	-0.000000	1.092086	-0.000000	-0.000000	0.324074	-0.000000	
0.084288	-0.388040	0.000000	0.000000	-0.012325	0.049401	-0.608823	0.000000	0.000000	0.744813	-0.000000	-0.291146	
-0.000000	0.000000	0.000000	-0.000000	0.000000	0.000000	0.000000	-0.000000	-0.000000	-0.000000	-1.000000	-0.000000	
-0.000564	0.002599	0.000000	0.000000	1.025611	-0.216379	0.004077	-0.000000	-0.000000	0.053739	0.000000	0.092871	
-0.018947	0.087225	0.000000	0.000000	-0.019714	-0.850780	0.136854	0.000000	0.000000	0.334096	-0.000000	0.355391	
0.081637	-0.375837	0.000000	0.000000	0.011610	-0.229165	-0.589676	0.000000	-0.000000	-0.509850	-0.000000	0.308002	

ERI
0 0 0 0 3.5232574
1 0 0 0 -0.1844832
1 0 1 0 0.0191108
1 0 1 1 0.0057382
1 1 0 0 0.6325734
1 1 1 0 0.0057382
1 1 1 1 0.5897292
2 0 0 0 0.0000000
2 0 1 0 -0.0000000
2 0 1 1 0.0000000
2 0 2 0 0.0090299
2 0 2 1 0.0104836
2 0 2 2 -0.0000000
2 1 0 0 -0.0000000
2 1 1 0 -0.0000000
2 1 1 1 0.0000000
2 1 2 0 0.0104836
2 1 2 1 0.1024704
2 1 2 2 -0.0000000
2 2 0 0 0.6440449
2 2 1 0 -0.0005666
2 2 1 1 0.5069202
2 2 2 0 -0.0000000
2 2 2 1 -0.0000000
2 2 2 2 0.5364465
3 0 0 0 0.1723346
3 0 1 0 -0.0131042
3 0 1 1 0.0079793
3 0 2 0 -0.0000000
3 0 2 1 -0.0000000
3 0 2 2 0.0037246
3 0 3 0 0.0246500
3 0 3 1 0.0073257
3 0 3 2 -0.0000000
3 0 3 3 -0.0084466
3 1 0 0 -0.0620911
3 1 1 0 0.0010420
3 1 1 1 0.0213478
3 1 2 0 -0.0000000
3 1 2 1 -0.0000000
3 1 2 2 -0.0229352
3 1 3 0 0.0073257
3 1 3 1 0.0628152
3 1 3 2 -0.0000000
3 1 3 3 -0.0387516
3 2 0 0 -0.0000000
3 2 1 0 0.0000000
3 2 1 1 -0.0000000
3 2 2 0 -0.0074447
3 2 2 1 -0.0429769
3 2 2 2 0.0000000
3 2 3 0 -0.0000000
3 2 3 1 -0.0000000
3 2 3 2 0.0395593
3 2 3 3 -0.0000000
3 3 0 0 0.7584102
3 3 1 0 -0.0056719
3 3 1 1 0.4855109
3 3 2 0 0.0000000
3 3 2 1 -0.0000000
3 3 2 2 0.4795773
3 3 3 0 -0.0084466
3 3 3 1 -0.0387516
3 3 3 2 -0.0000000
3 3 3 3 0.6119618
4 0 0 0 -0.1205913
4 0 1 0 0.0099403
4 0 1 1 -0.0033093
4 0 2 0 -0.0000000
4 0 2 1 -0.0000000
4 0 2 2 -0.0024110
4 0 3 0 -0.0146670
4 0 3 1 -0.0029133
4 0 3 2 0.0000000
4 0 3 3 0.0029840
4 0 4 0 0.0091459
4 0 4 1 -0.0000166
4 0 4 2 0.0000000
4 0 4 3 -0.0028606
4 0 4 4 -0.0000627
4 1 0 0 0.0548002
4 1 1 0 0.0007114
4 1 1 1 0.0346329
4 1 2 0 -0.0000000
4 1 2 1 -0.0000000
4 1 2 2 -0.0235715
4 1 3 0 0.0000202
4 1 3 1 0.0252826
4 1 3 2 -0.0000000
4 1 3 3 0.0452088
4 1 4 0 -0.0000166
4 1 4 1 0.0676388
4 1 4 2 -0.0000000
4 1 4 3 0.0119980
4 1 4 4 0.0137909
4 2 0 0 -0.0000000
4 2 1 0 -0.0000000
4 2 1 1 -0.0000000
4 2 2 0 -0.0015533
4 2 2 1 -0.0732489
4 2 2 2 0.0000000
4 2 3 0 -0.0000000
4 2 3 1 -0.0000000
4 2 3 2 0.0205614
4 2 3 3 0.0000000
4 2 4 0 0.0000000
4 2 4 1 -0.0000000
4 2 4 2 0.0791578
4 2 4 3 0.0000000
4 2 4 4 0.0000000
4 3 0 0 -0.1654633
4 3 1 0 0.0055306
4 3 1 1 0.0281234
4 3 2 0 -0.0000000
4 3 2 1 -0.0000000
4 3 2 2 -0.0201886
4 3 3 0 0.0078065
4 3 3 1 0.0587138
4 3 3 2 0.0000000
4 3 3 3 -0.0943713
4 3 4 0 -0.0028606
4 3 4 1 0.0119980
4 3 4 2 0.0000000
4 3 4 3 0.0994082
4 3 4 4 0.0354375
4 4 0 0 0.5091733
4 4 1 0 0.0010396
4 4 1 1 0.5112123
4 4 2 0 -0.0000000
4 4 2 1 -0.0000000
4 4 2 2 0.4701401
4 4 3 0 0.0002911
4 4 3 1 0.0203681
4 4 3 2 0.0000000
4 4 3 3 0.4542324
4 4 4 0 -0.0000627
4 4 4 1 0.0137909
4 4 4 2 0.0000000
4 4 4 3 0.0354375
4 4 4 4 0.5146522
5 0 0 0 -0.2328324
5 0 1 0 0.0265918
5 0 1 1 0.0120185
5 0 2 0 -0.0000000
5 0 2 1 -0.0000000
5 0 2 2 0.0008276
5 0 3 0 -0.0092939
5 0 3 1 0.0060676
5 0 3 2 0.0000000
5 0 3 3 -0.0147072
5 0 4 0 0.0094060
5 0 4 1 0.0005380
5 0 4 2 0.0000000
5 0 4 3 0.0133769
5 0 4 4 0.0012620
5 0 5 0 0.0423832
5 0 5 1 0.0043634
5 0 5 2 0.0000000
5 0 5 3 -0.0036550
5 0 5 4 0.0022964
5 0 5 5 0.0102954
5 1 0 0 0.2686301
5 1 1 0 0.0005664
5 1 1 1 0.0697034
5 1 2 0 -0.0000000
5 1 2 1 0.0000000
5 1 2 2 0.0660726
5 1 3 0 0.0078617
5 1 3 1 -0.0273450
5 1 3 2 -0.0000000
5 1 3 3 0.0882202
5 1 4 0 -0.0039502
5 1 4 1 0.0089703
5 1 4 2 -0.0000000
5 1 4 3 -0.0536625
5 1 4 4 -0.0002892
5 1 5 0 0.0043634
5 1 5 1 0.1062890
5 1 5 2 -0.0000000
5 1 5 3 0.0276142
5 1 5 4 0.0188113
5 1 5 5 0.1029724
5 2 0 0 -0.0000000
5 2 1 0 0.0000000
5 2 1 1 -0.0000000
5 2 2 0 0.0055828
5 2 2 1 -0.0021881
5 2 2 2 -0.0000000
5 2 3 0 -0.0000000
5 2 3 1 0.0000000
5 2 3 2 0.0011278
5 2 3 3 -0.0000000
5 2 4 0 0.0000000
5 2 4 1 -0.0000000
5 2 4 2 0.0214279
5 2 4 3 0.0000000
5 2 4 4 0.0000000
5 2 5 0 0.0000000
5 2 5 1 -0.0000000
5 2 5 2 0.0274286
5 2 5 3 -0.0000000
5 2 5 4 0.0000000
5 2 5 5 -0.0000000
5 3 0 0 0.0634794
5 3 1 0 -0.0036370
5 3 1 1 -0.0223104
5 3 2 0 0.0000000
5 3 2 1 0.0000000
5 3 2 2 0.0127353
5 3 3 0 0.0028831
5 3 3 1 -0.0062436
5 3 3 2 -0.0000000
5 3 3 3 0.0198754
5 3 4 0 -0.0014256
5 3 4 1 -0.0248306
5 3 4 2 0.0000000
5 3 4 3 -0.0362506
5 3 4 4 -0.0233739
5 3 5 0 -0.0036550
5 3 5 1 0.0276142
5 3 5 2 -0.0000000
5 3 5 3 0.0471065
5 3 5 4 0.0120344
5 3 5 5 0.0015429
5 4 0 0 0.0114871
5 4 1 0 0.0015235
5 4 1 1 0.0004673
5 4 2 0 -0.0000000
5 4 2 1 -0.0000000
5 4 2 2 0.0265629
5 4 3 0 0.0001693
5 4 3 1 -0.0346911
5 4 3 2 0.0000000
5 4 3 3 -0.0172447
5 4 4 0 0.0000896
5 4 4 1 -0.0460914
5 4 4 2 0.0000000
5 4 4 3 -0.0201873
5 4 4 4 -0.0062157
5 4 5 0 0.0022964
5 4 5 1 0.0188113
5 4 5 2 0.0000000
5 4 5 3 0.0120344
5 4 5 4 0.0545996
5 4 5 5 -0.0123422
5 5 0 0 0.8114916
5 5 1 0 0.0006763
5 5 1 1 0.5787801
5 5 2 0 -0.0000000
5 5 2 1 -0.0000000
5 5 2 2 0.5078224
5 5 3 0 0.0185337
5 5 3 1 0.0273566
5 5 3 2 0.0000000
5 5 3 3 0.5119069
5 5 4 0 -0.0090524
5 5 4 1 0.0438717
5 5 4 2 0.0000000
5 5 4 3 0.0066699
5 5 4 4 0.4974634
5 5 5 0 0.0102954
5 5 5 1 0.1029724
5 5 5 2 -0.0000000
5 5 5 3 0.0015429
5 5 5 4 -0.0123422
5 5 5 5 0.6286976
6 0 0 0 0.0000000
6 0 1 0 -0.0000000
6 0 1 1 -0.0000000
6 0 2 0 -0.0131662
6 0 2 1 -0.0137067
6 0 2 2 -0.0000000
6 0 3 0 0.0000000
6 0 3 1 -0.0000000
6 0 3 2 0.0101786
6 0 3 3 0.0000000
6 0 4 0 -0.0000000
6 0 4 1 0.0000000
6 0 4 2 0.0019510
6 0 4 3 -0.0000000
6 0 4 4 0.0000000
6 0 5 0 -0.0000000
6 0 5 1 0.0000000
6 0 5 2 -0.0071378
6 0 5 3 -0.0000000
6 0 5 4 0.0000000
6 0 5 5 0.0000000
6 0 6 0 0.0193090
6 0 6 1 0.0047617
6 0 6 2 -0.0000000
6 0 6 3 -0.0098894
6 0 6 4 0.0092901
6 0 6 5 0.0106999
6 0 6 6 -0.0000000
6 1 0 0 -0.0000000
6 1 1 0 -0.0000000
6 1 1 1 -0.0000000
6 1 2 0 -0.0036103
6 1 2 1 0.0313754
6 1 2 2 -0.0000000
6 1 3 0 -0.0000000
6 1 3 1 0.0000000
6 1 3 2 -0.0039310
6 1 3 3 -0.0000000
6 1 4 0 0.0000000
6 1 4 1 -0.0000000
6 1 4 2 -0.0471224
6 1 4 3 0.0000000
6 1 4 4 -0.0000000
6 1 5 0 0.0000000
6 1 5 1 -0.0000000
6 1 5 2 -0.0271826
6 1 5 3 -0.0000000
6 1 5 4 -0.0000000
6 1 5 5 -0.0000000
6 1 6 0 0.0047617
6 1 6 1 0.0408162
6 1 6 2 0.0000000
6 1 6 3 -0.0132696
6 1 6 4 -0.0483680
6 1 6 5 -0.0249653
6 1 6 6 -0.0000000
6 2 0 0 -0.2535611
6 2 1 0 0.0059219
6 2 1 1 -0.0102202
6 2 2 0 -0.0000000
6 2 2 1 0.0000000
6 2 2 2 -0.0415160
6 2 3 0 -0.0014851
6 2 3 1 0.0210846
6 2 3 2 0.0000000
6 2 3 3 -0.1031563
6 2 4 0 0.0020162
6 2 4 1 -0.0317893
6 2 4 2 -0.0000000
6 2 4 3 0.0659036
6 2 4 4 0.0271108
6 2 5 0 0.0086418
6 2 5 1 -0.0730176
6 2 5 2 0.0000000
6 2 5 3 -0.0257737
6 2 5 4 0.0216146
6 2 5 5 -0.0527779
6 2 6 0 -0.0000000
6 2 6 1 0.0000000
6 2 6 2 0.1207564
6 2 6 3 0.0000000
6 2 6 4 -0.0000000
6 2 6 5 0.0000000
6 2 6 6 -0.0464271
6 3 0 0 -0.0000000
6 3 1 0 0.0000000
6 3 1 1 0.0000000
6 3 2 0 0.0070490
6 3 2 1 0.0128402
6 3 2 2 -0.0000000
6 3 3 0 -0.0000000
6 3 3 1 0.0000000
6 3 3 2 -0.0267202
6 3 3 3 -0.0000000
6 3 4 0 0.0000000
6 3 4 1 0.0000000
6 3 4 2 0.0112769
6 3 4 3 0.0000000
6 3 4 4 0.0000000
6 3 5 0 -0.0000000
6 3 5 1 -0.0000000
6 3 5 2 0.0066847
6 3 5 3 -0.0000000
6 3 5 4 -0.0000000
6 3 5 5 -0.0000000
6 3 6 0 -0.0098894
6 3 6 1 -0.0132696
6 3 6 2 0.0000000
6 3 6 3 0.0310515
6 3 6 4 -0.0085730
6 3 6 5 -0.0008855
6 3 6 6 -0.0000000
6 4 0 0 -0.0000000
6 4 1 0 -0.0000000
6 4 1 1 -0.0000000
6 4 2 0 -0.0066488
6 4 2 1 -0.0857412
6 4 2 2 -0.0000000
6 4 3 0 -0.0000000
6 4 3 1 0.0000000
6 4 3 2 0.0402528
6 4 3 3 0.0000000
6 4 4 0 0.0000000
6 4 4 1 0.0000000
6 4 4 2 0.0792185
6 4 4 3 0.0000000
6 4 4 4 0.0000000
6 4 5 0 0.0000000
6 4 5 1 -0.0000000
6 4 5 2 0.0249676
6 4 5 3 -0.0000000
6 4 5 4 0.0000000
6 4 5 5 0.0000000
6 4 6 0 0.0092901
6 4 6 1 -0.0483680
6 4 6 2 -0.0000000
6 4 6 3 -0.0085730
6 4 6 4 0.1009663
6 4 6 5 0.0616577
6 4 6 6 -0.0000000
6 5 0 0 -0.0000000
6 5 1 0 -0.0000000
6 5 1 1 -0.0000000
6 5 2 0 -0.0080082
6 5 2 1 -0.0664144
6 5 2 2 0.0000000
6 5 3 0 -0.0000000
6 5 3 1 -0.0000000
6 5 3 2 0.0214729
6 5 3 3 -0.0000000
6 5 4 0 0.0000000
6 5 4 1 -0.0000000
6 5 4 2 0.0535021
6 5 4 3 -0.0000000
6 5 4 4 -0.0000000
6 5 5 0 -0.0000000
6 5 5 1 -0.0000000
6 5 5 2 0.0027974
6 5 5 3 0.0000000
6 5 5 4 0.0000000
6 5 5 5 -0.0000000
6 5 6 0 0.0106999
6 5 6 1 -0.0249653
6 5 6 2 0.0000000
6 5 6 3 -0.0008855
6 5 6 4 0.0616577
6 5 6 5 0.0541471
6 5 6 6 -0.0000000
6 6 0 0 0.7193981
6 6 1 0 -0.0055321
6 6 1 1 0.4947248
6 6 2 0 0.0000000
6 6 2 1 0.0000000
6 6 2 2 0.5302816
6 6 3 0 0.0043686
6 6 3 1 -0.0233010
6 6 3 2 -0.0000000
6 6 3 3 0.4920689
6 6 4 0 -0.0033330
6 6 4 1 -0.0254425
6 6 4 2 -0.0000000
6 6 4 3 -0.0327649
6 6 4 4 0.4750933
6 6 5 0 -0.0065074
6 6 5 1 0.0599437
6 6 5 2 -0.0000000
6 6 5 3 0.0209238
6 6 5 4 0.0299863
6 6 5 5 0.5124874
6 6 6 0 -0.0000000
6 6 6 1 -0.0000000
6 6 6 2 -0.0464271
6 6 6 3 -0.0000000
6 6 6 4 -0.0000000
6 6 6 5 -0.0000000
6 6 6 6 0.5538844
7 0 0 0 -0.0850663
7 0 1 0 0.0036159
7 0 1 1 -0.0066006
7 0 2 0 -0.0000000
7 0 2 1 0.0000000
7 0 2 2 -0.0006177
7 0 3 0 -0.0034948
7 0 3 1 0.0049218
7 0 3 2 -0.0000000
7 0 3 3 -0.0048485
7 0 4 0 0.0028308
7 0 4 1 -0.0030846
7 0 4 2 0.0000000
7 0 4 3 0.0020742
7 0 4 4 -0.0031343
7 0 5 0 0.0056734
7 0 5 1 -0.0045037
7 0 5 2 -0.0000000
7 0 5 3 0.0060533
7 0 5 4 -0.0033579
7 0 5 5 -0.0053159
7 0 6 0 -0.0000000
7 0 6 1 0.0000000
7 0 6 2 -0.0016891
7 0 6 3 -0.0000000
7 0 6 4 0.0000000
7 0 6 5 0.0000000
7 0 6 6 0.0006262
7 0 7 0 0.0112611
7 0 7 1 0.0014147
7 0 7 2 0.0000000
7 0 7 3 -0.0026702
7 0 7 4 0.0012200
7 0 7 5 0.0032495
7 0 7 6 -0.0000000
7 0 7 7 0.0059814
7 1 0 0 -0.0070143
7 1 1 0 -0.0007119
7 1 1 1 0.0003817
7 1 2 0 0.0000000
7 1 2 1 0.0000000
7 1 2 2 0.0055571
7 1 3 0 0.0030355
7 1 3 1 0.0064443
7 1 3 2 0.0000000
7 1 3 3 -0.0107815
7 1 4 0 -0.0015666
7 1 4 1 -0.0068914
7 1 4 2 -0.0000000
7 1 4 3 0.0075146
7 1 4 4 0.0009047
7 1 5 0 0.0005609
7 1 5 1 -0.0029062
7 1 5 2 0.0000000
7 1 5 3 0.0051774
7 1 5 4 0.0012411
7 1 5 5 0.0004326
7 1 6 0 -0.0000000
7 1 6 1 0.0000000
7 1 6 2 0.0030459
7 1 6 3 -0.0000000
7 1 6 4 -0.0000000
7 1 6 5 0.0000000
7 1 6 6 0.0045150
7 1 7 0 0.0014147
7 1 7 1 0.0104979
7 1 7 2 -0.0000000
7 1 7 3 0.0052441
7 1 7 4 0.0071110
7 1 7 5 0.0006865
7 1 7 6 -0.0000000
7 1 7 7 -0.0024836
7 2 0 0 0.0000000
7 2 1 0 -0.0000000
7 2 1 1 0.0000000
7 2 2 0 0.0048429
7 2 2 1 0.0217325
7 2 2 2 -0.0000000
7 2 3 0 -0.0000000
7 2 3 1 0.0000000
7 2 3 2 -0.0127492
7 2 3 3 -0.0000000
7 2 4 0 -0.0000000
7 2 4 1 -0.0000000
7 2 4 2 -0.0126308
7 2 4 3 -0.0000000
7 2 4 4 -0.0000000
7 2 5 0 -0.0000000
7 2 5 1 0.0000000
7 2 5 2 0.0030967
7 2 5 3 0.0000000
7 2 5 4 -0.0000000
7 2 5 5 -0.0000000
7 2 6 0 -0.0069132
7 2 6 1 0.0012593
7 2 6 2 -0.0000000
7 2 6 3 0.0096356
7 2 6 4 -0.0171233
7 2 6 5 -0.0140955
7 2 6 6 0.0000000
7 2 7 0 0.0000000
7 2 7 1 -0.0000000
7 2 7 2 0.0179888
7 2 7 3 -0.0000000
7 2 7 4 -0.0000000
7 2 7 5 -0.0000000
7 2 7 6 -0.0158323
7 2 7 7 -0.0000000
7 3 0 0 -0.0078927
7 3 1 0 0.0041968
7 3 1 1 0.0263258
7 3 2 0 -0.0000000
7 3 2 1 -0.0000000
7 3 2 2 0.0007142
7 3 3 0 0.0019615
7 3 3 1 0.0025986
7 3 3 2 -0.0000000
7 3 3 3 -0.0080933
7 3 4 0 -0.0004279
7 3 4 1 0.0090408
7 3 4 2 -0.0000000
7 3 4 3 0.0179078
7 3 4 4 0.0131431
7 3 5 0 0.0079488
7 3 5 1 0.0030126
7 3 5 2 0.0000000
7 3 5 3 -0.0177958
7 3 5 4 0.0028279
7 3 5 5 0.0216389
7 3 6 0 -0.0000000
7 3 6 1 -0.0000000
7 3 6 2 0.0155202
7 3 6 3 0.0000000
7 3 6 4 -0.0000000
7 3 6 5 -0.0000000
7 3 6 6 -0.0052937
7 3 7 0 -0.0026702
7 3 7 1 0.0052441
7 3 7 2 -0.0000000
7 3 7 3 0.0263789
7 3 7 4 0.0010097
7 3 7 5 -0.0001664
7 3 7 6 -0.0000000
7 3 7 7 0.0050778
7 4 0 0 0.0065908
7 4 1 0 -0.0021039
7 4 1 1 -0.0085400
7 4 2 0 0.0000000
7 4 2 1 -0.0000000
7 4 2 2 -0.0043857
7 4 3 0 -0.0007425
7 4 3 1 -0.0007457
7 4 3 2 -0.0000000
7 4 3 3 0.0068238
7 4 4 0 0.0000282
7 4 4 1 0.0007010
7 4 4 2 -0.0000000
7 4 4 3 -0.0055289
7 4 4 4 -0.0035625
7 4 5 0 -0.0039644
7 4 5 1 -0.0022277
7 4 5 2 -0.0000000
7 4 5 3 0.0043543
7 4 5 4 -0.0049360
7 4 5 5 -0.0069574
7 4 6 0 0.0000000
7 4 6 1 0.0000000
7 4 6 2 -0.0062629
7 4 6 3 -0.0000000
7 4 6 4 0.0000000
7 4 6 5 0.0000000
7 4 6 6 0.0000342
7 4 7 0 0.0012200
7 4 7 1 0.0071110
7 4 7 2 -0.0000000
7 4 7 3 0.0010097
7 4 7 4 0.0204311
7 4 7 5 -0.0156409
7 4 7 6 0.0000000
7 4 7 7 0.0037972
7 5 0 0 0.0111413
7 5 1 0 -0.0011917
7 5 1 1 0.0032187
7 5 2 0 -0.0000000
7 5 2 1 -0.0000000
7 5 2 2 0.0046609
7 5 3 0 0.0077216
7 5 3 1 0.0184573
7 5 3 2 0.0000000
7 5 3 3 -0.0157552
7 5 4 0 -0.0038279
7 5 4 1 -0.0001025
7 5 4 2 -0.0000000
7 5 4 3 0.0149497
7 5 4 4 -0.0014181
7 5 5 0 0.0027820
7 5 5 1 0.0011214
7 5 5 2 -0.0000000
7 5 5 3 0.0078406
7 5 5 4 -0.0063539
7 5 5 5 0.0151306
7 5 6 0 0.0000000
7 5 6 1 0.0000000
7 5 6 2 -0.0035924
7 5 6 3 -0.0000000
7 5 6 4 0.0000000
7 5 6 5 -0.0000000
7 5 6 6 0.0020553
7 5 7 0 0.0032495
7 5 7 1 0.0006865
7 5 7 2 -0.0000000
7 5 7 3 -0.0001664
7 5 7 4 -0.0156409
7 5 7 5 0.0298263
7 5 7 6 -0.0000000
7 5 7 7 0.0189591
7 6 0 0 -0.0000000
7 6 1 0 0.0000000
7 6 1 1 -0.0000000
7 6 2 0 -0.0055196
7 6 2 1 -0.0122038
7 6 2 2 -0.0000000
7 6 3 0 -0.0000000
7 6 3 1 -0.0000000
7 6 3 2 0.0117404
7 6 3 3 0.0000000
7 6 4 0 0.0000000
7 6 4 1 0.0000000
7 6 4 2 0.0013661
7 6 4 3 -0.0000000
7 6 4 4 0.0000000
7 6 5 0 0.0000000
7 6 5 1 0.0000000
7 6 5 2 -0.0061898
7 6 5 3 -0.0000000
7 6 5 4 0.0000000
7 6 5 5 -0.0000000
7 6 6 0 0.0079395
7 6 6 1 0.0053938
7 6 6 2 0.0000000
7 6 6 3 -0.0123688
7 6 6 4 0.0072465
7 6 6 5 0.0072195
7 6 6 6 -0.0000000
7 6 7 0 -0.0000000
7 6 7 1 -0.0000000
7 6 7 2 -0.0158323
7 6 7 3 -0.0000000
7 6 7 4 0.0000000
7 6 7 5 -0.0000000
7 6 7 6 0.0201178
7 6 7 7 -0.0000000
7 7 0 0 0.5615191
7 7 1 0 -0.0063673
7 7 1 1 0.4348416
7 7 2 0 -0.0000000
7 7 2 1 -0.0000000
7 7 2 2 0.4025805
7 7 3 0 0.0084365
7 7 3 1 0.0422404
7 7 3 2 -0.0000000
7 7 3 3 0.4245727
7 7 4 0 -0.0050236
7 7 4 1 0.0495535
7 7 4 2 -0.0000000
7 7 4 3 0.0202907
7 7 4 4 0.4188914
7 7 5 0 -0.0051864
7 7 5 1 0.0190392
7 7 5 2 -0.0000000
7 7 5 3 -0.0078098
7 7 5 4 -0.0533052
7 7 5 5 0.4724726
7 7 6 0 0.0000000
7 7 6 1 -0.0000000
7 7 6 2 -0.0463223
7 7 6 3 -0.0000000
7 7 6 4 0.0000000
7 7 6 5 -0.0000000
7 7 6 6 0.4129173
7 7 7 0 0.0059814
7 7 7 1 -0.0024836
7 7 7 2 -0.0000000
7 7 7 3 0.0050778
7 7 7 4 0.0037972
7 7 7 5 0.0189591
7 7 7 6 -0.0000000
7 7 7 7 0.5146546
8 0 0 0 0.0000000
8 0 1 0 0.0000000
8 0 1 1 0.0000000
8 0 2 0 0.0002426
8 0 2 1 0.0003006
8 0 2 2 -0.0000000
8 0 3 0 0.0000000
8 0 3 1 0.0000000
8 0 3 2 -0.0001834
8 0 3 3 -0.0000000
8 0 4 0 -0.0000000
8 0 4 1 -0.0000000
8 0 4 2 0.0000740
8 0 4 3 0.0000000
8 0 4 4 -0.0000000
8 0 5 0 -0.0000000
8 0 5 1 -0.0000000
8 0 5 2 0.0003007
8 0 5 3 0.0000000
8 0 5 4 -0.0000000
8 0 5 5 -0.0000000
8 0 6 0 -0.0003438
8 0 6 1 -0.0002470
8 0 6 2 -0.0000000
8 0 6 3 0.0002025
8 0 6 4 -0.0000280
8 0 6 5 -0.0002112
8 0 6 6 0.0000000
8 0 7 0 0.0000000
8 0 7 1 0.0000000
8 0 7 2 0.0001278
8 0 7 3 0.0000000
8 0 7 4 -0.0000000
8 0 7 5 -0.0000000
8 0 7 6 -0.0001584
8 0 7 7 0.0000000
8 0 8 0 0.0000107
8 0 8 1 -0.0000511
8 0 8 2 0.0000000
8 0 8 3 -0.0000946
8 0 8 4 -0.0001026
8 0 8 5 0.0002042
8 0 8 6 -0.0000000
8 0 8 7 -0.0000305
8 0 8 8 0.0000000
8 1 0 0 0.0000000
8 1 1 0 0.0000000
8 1 1 1 0.0000000
8 1 2 0 0.0021006
8 1 2 1 0.0343284
8 1 2 2 0.0000000
8 1 3 0 0.0000000
8 1 3 1 0.0000000
8 1 3 2 -0.0100001
8 1 3 3 -0.0000000
8 1 4 0 -0.0000000
8 1 4 1 -0.0000000
8 1 4 2 -0.0301119
8 1 4 3 -0.0000000
8 1 4 4 -0.0000000
8 1 5 0 -0.0000000
8 1 5 1 0.0000000
8 1 5 2 -0.0041866
8 1 5 3 0.0000000
8 1 5 4 -0.0000000
8 1 5 5 -0.0000000
8 1 6 0 -0.0027238
8 1 6 1 0.0176004
8 1 6 2 0.0000000
8 1 6 3 -0.0003779
8 1 6 4 -0.0341016
8 1 6 5 -0.0234683
8 1 6 6 0.0000000
8 1 7 0 -0.0000000
8 1 7 1 0.0000000
8 1 7 2 0.0069230
8 1 7 3 0.0000000
8 1 7 4 -0.0000000
8 1 7 5 -0.0000000
8 1 7 6 -0.0011718
8 1 7 7 -0.0000000
8 1 8 0 -0.0000511
8 1 8 1 0.0279270
8 1 8 2 -0.0000000
8 1 8 3 0.0138319
8 1 8 4 0.0077610
8 1 8 5 -0.0256439
8 1 8 6 0.0000000
8 1 8 7 -0.0004107
8 1 8 8 -0.0000000
8 2 0 0 0.0340000
8 2 1 0 0.0001672
8 2 1 1 0.0170395
8 2 2 0 -0.0000000
8 2 2 1 -0.0000000
8 2 2 2 0.0295261
8 2 3 0 0.0002924
8 2 3 1 -0.0133750
8 2 3 2 0.0000000
8 2 3 3 0.0142258
8 2 4 0 -0.0000811
8 2 4 1 -0.0201679
8 2 4 2 0.0000000
8 2 4 3 -0.0143717
8 2 4 4 0.0081934
8 2 5 0 0.0003581
8 2 5 1 0.0172109
8 2 5 2 -0.0000000
8 2 5 3 0.0132364
8 2 5 4 0.0223455
8 2 5 5 0.0103650
8 2 6 0 -0.0000000
8 2 6 1 -0.0000000
8 2 6 2 -0.0026051
8 2 6 3 -0.0000000
8 2 6 4 -0.0000000
8 2 6 5 0.0000000
8 2 6 6 0.0295528
8 2 7 0 -0.0000062
8 2 7 1 0.0026258
8 2 7 2 -0.0000000
8 2 7 3 -0.0033150
8 2 7 4 -0.0011463
8 2 7 5 -0.0012790
8 2 7 6 0.0000000
8 2 7 7 -0.0205729
8 2 8 0 0.0000000
8 2 8 1 -0.0000000
8 2 8 2 0.0210444
8 2 8 3 0.0000000
8 2 8 4 -0.0000000
8 2 8 5 0.0000000
8 2 8 6 0.0165002
8 2 8 7 -0.0000000
8 2 8 8 -0.0590583
8 3 0 0 0.0000000
8 3 1 0 0.0000000
8 3 1 1 0.0000000
8 3 2 0 0.0002425
8 3 2 1 0.0064474
8 3 2 2 0.0000000
8 3 3 0 0.0000000
8 3 3 1 -0.0000000
8 3 3 2 -0.0004649
8 3 3 3 0.0000000
8 3 4 0 -0.0000000
8 3 4 1 -0.0000000
8 3 4 2 -0.0072563
8 3 4 3 -0.0000000
8 3 4 4 -0.0000000
8 3 5 0 -0.0000000
8 3 5 1 0.0000000
8 3 5 2 0.0003486
8 3 5 3 0.0000000
8 3 5 4 -0.0000000
8 3 5 5 -0.0000000
8 3 6 0 -0.0002800
8 3 6 1 0.0039756
8 3 6 2 -0.0000000
8 3 6 3 -0.0016673
8 3 6 4 -0.0074026
8 3 6 5 -0.0042671
8 3 6 6 0.0000000
8 3 7 0 -0.0000000
8 3 7 1 0.0000000
8 3 7 2 0.0013149
8 3 7 3 -0.0000000
8 3 7 4 -0.0000000
8 3 7 5 -0.0000000
8 3 7 6 0.0000371
8 3 7 7 -0.0000000
8 3 8 0 -0.0000946
8 3 8 1 0.0138319
8 3 8 2 0.0000000
8 3 8 3 0.0102576
8 3 8 4 0.0107402
8 3 8 5 -0.0153340
8 3 8 6 0.0000000
8 3 8 7 0.0010473
8 3 8 8 -0.0000000
8 4 0 0 0.0000000
8 4 1 0 0.0000000
8 4 1 1 -0.0000000
8 4 2 0 -0.0003244
8 4 2 1 -0.0109310
8 4 2 2 0.0000000
8 4 3 0 -0.0000000
8 4 3 1 -0.0000000
8 4 3 2 0.0030878
8 4 3 3 0.0000000
8 4 4 0 0.0000000
8 4 4 1 -0.0000000
8 4 4 2 0.0095775
8 4 4 3 0.0000000
8 4 4 4 0.0000000
8 4 5 0 0.0000000
8 4 5 1 -0.0000000
8 4 5 2 0.0066399
8 4 5 3 0.0000000
8 4 5 4 0.0000000
8 4 5 5 0.0000000
8 4 6 0 0.0005391
8 4 6 1 -0.0081166
8 4 6 2 -0.0000000
8 4 6 3 -0.0003317
8 4 6 4 0.0112098
8 4 6 5 0.0099303
8 4 6 6 -0.0000000
8 4 7 0 -0.0000000
8 4 7 1 0.0000000
8 4 7 2 -0.0014480
8 4 7 3 -0.0000000
8 4 7 4 0.0000000
8 4 7 5 0.0000000
8 4 7 6 0.0011122
8 4 7 7 -0.0000000
8 4 8 0 -0.0001026
8 4 8 1 0.0077610
8 4 8 2 -0.0000000
8 4 8 3 0.0107402
8 4 8 4 0.0183157
8 4 8 5 -0.0121136
8 4 8 6 0.0000000
8 4 8 7 -0.0013331
8 4 8 8 -0.0000000
8 5 0 0 0.0000000
8 5 1 0 0.0000000
8 5 1 1 -0.0000000
8 5 2 0 -0.0004251
8 5 2 1 -0.0207589
8 5 2 2 0.0000000
8 5 3 0 -0.0000000
8 5 3 1 -0.0000000
8 5 3 2 0.0067357
8 5 3 3 -0.0000000
8 5 4 0 0.0000000
8 5 4 1 -0.0000000
8 5 4 2 0.0246495
8 5 4 3 -0.0000000
8 5 4 4 0.0000000
8 5 5 0 0.0000000
8 5 5 1 -0.0000000
8 5 5 2 0.0074021
8 5 5 3 0.0000000
8 5 5 4 0.0000000
8 5 5 5 0.0000000
8 5 6 0 0.0006039
8 5 6 1 -0.0168651
8 5 6 2 0.0000000
8 5 6 3 0.0022816
8 5 6 4 0.0283397
8 5 6 5 0.0160564
8 5 6 6 -0.0000000
8 5 7 0 -0.0000000
8 5 7 1 0.0000000
8 5 7 2 -0.0039918
8 5 7 3 -0.0000000
8 5 7 4 -0.0000000
8 5 7 5 -0.0000000
8 5 7 6 -0.0012550
8 5 7 7 -0.0000000
8 5 8 0 0.0002042
8 5 8 1 -0.0256439
8 5 8 2 0.0000000
8 5 8 3 -0.0153340
8 5 8 4 -0.0121136
8 5 8 5 0.0292651
8 5 8 6 -0.0000000
8 5 8 7 0.0006684
8 5 8 8 -0.0000000
8 6 0 0 -0.0000087
8 6 1 0 0.0001926
8 6 1 1 0.0049195
8 6 2 0 0.0000000
8 6 2 1 0.0000000
8 6 2 2 0.0132931
8 6 3 0 -0.0003144
8 6 3 1 -0.0100148
8 6 3 2 -0.0000000
8 6 3 3 -0.0021117
8 6 4 0 0.0002583
8 6 4 1 -0.0201545
8 6 4 2 -0.0000000
8 6 4 3 -0.0070979
8 6 4 4 0.0046559
8 6 5 0 0.0001282
8 6 5 1 0.0031085
8 6 5 2 0.0000000
8 6 5 3 0.0080017
8 6 5 4 0.0210084
8 6 5 5 -0.0035030
8 6 6 0 -0.0000000
8 6 6 1 0.0000000
8 6 6 2 0.0103808
8 6 6 3 -0.0000000
8 6 6 4 -0.0000000
8 6 6 5 0.0000000
8 6 6 6 0.0166037
8 6 7 0 -0.0001245
8 6 7 1 0.0024575
8 6 7 2 0.0000000
8 6 7 3 -0.0017322
8 6 7 4 -0.0001601
8 6 7 5 -0.0032965
8 6 7 6 0.0000000
8 6 7 7 -0.0250045
8 6 8 0 -0.0000000
8 6 8 1 0.0000000
8 6 8 2 0.0165002
8 6 8 3 0.0000000
8 6 8 4 0.0000000
8 6 8 5 -0.0000000
8 6 8 6 0.0154696
8 6 8 7 -0.0000000
8 6 8 8 -0.0435150
8 7 0 0 0.0000000
8 7 1 0 0.0000000
8 7 1 1 0.0000000
8 7 2 0 0.0002672
8 7 2 1 0.0031321
8 7 2 2 -0.0000000
8 7 3 0 0.0000000
8 7 3 1 0.0000000
8 7 3 2 -0.0015863
8 7 3 3 -0.0000000
8 7 4 0 -0.0000000
8 7 4 1 -0.0000000
8 7 4 2 -0.0018842
8 7 4 3 -0.0000000
8 7 4 4 -0.0000000
8 7 5 0 -0.0000000
8 7 5 1 0.0000000
8 7 5 2 -0.0009750
8 7 5 3 -0.0000000
8 7 5 4 -0.0000000
8 7 5 5 -0.0000000
8 7 6 0 -0.0003277
8 7 6 1 0.0022110
8 7 6 2 0.0000000
8 7 6 3 0.0001171
8 7 6 4 -0.0023263
8 7 6 5 -0.0027894
8 7 6 6 0.0000000
8 7 7 0 0.0000000
8 7 7 1 -0.0000000
8 7 7 2 -0.0036395
8 7 7 3 -0.0000000
8 7 7 4 -0.0000000
8 7 7 5 -0.0000000
8 7 7 6 -0.0039815
8 7 7 7 -0.0000000
8 7 8 0 -0.0000305
8 7 8 1 -0.0004107
8 7 8 2 -0.0000000
8 7 8 3 0.0010473
8 7 8 4 -0.0013331
8 7 8 5 0.0006684
8 7 8 6 -0.0000000
8 7 8 7 0.0210482
8 7 8 8 0.0000000
8 8 0 0 0.3245191
8 8 1 0 0.0029876
8 8 1 1 0.4461380
8 8 2 0 -0.0000000
8 8 2 1 -0.0000000
8 8 2 2 0.3538290
8 8 3 0 0.0038052
8 8 3 1 0.0786582
8 8 3 2 -0.0000000
8 8 3 3 0.3419423
8 8 4 0 -0.0015796
8 8 4 1 0.0656114
8 8 4 2 -0.0000000
8 8 4 3 0.0998640
8 8 4 4 0.4498659
8 8 5 0 0.0068573
8 8 5 1 -0.0632109
8 8 5 2 0.0000000
8 8 5 3 -0.0687750
8 8 5 4 -0.0689171
8 8 5 5 0.4469451
8 8 6 0 -0.0000000
8 8 6 1 0.0000000
8 8 6 2 0.0511782
8 8 6 3 0.0000000
8 8 6 4 0.0000000
8 8 6 5 -0.0000000
8 8 6 6 0.3532949
8 8 7 0 -0.0014072
8 8 7 1 -0.0018732
8 8 7 2 -0.0000000
8 8 7 3 0.0298795
8 8 7 4 -0.0034428
8 8 7 5 0.0114689
8 8 7 6 -0.0000000
8 8 7 7 0.4670423
8 8 8 0 0.0000000
8 8 8 1 -0.0000000
8 8 8 2 -0.0590583
8 8 8 3 -0.0000000
8 8 8 4 -0.0000000
8 8 8 5 -0.0000000
8 8 8 6 -0.0435150
8 8 8 7 0.0000000
8 8 8 8 0.6728328
9 0 0 0 0.0028050
9 0 1 0 -0.0000955
9 0 1 1 0.0003385
9 0 2 0 -0.0000000
9 0 2 1 0.0000000
9 0 2 2 0.0003772
9 0 3 0 0.0001168
9 0 3 1 -0.0001963
9 0 3 2 0.0000000
9 0 3 3 0.0004799
9 0 4 0 -0.0000788
9 0 4 1 -0.0000226
9 0 4 2 0.0000000
9 0 4 3 -0.0003043
9 0 4 4 0.0000848
9 0 5 0 -0.0001126
9 0 5 1 0.0004526
9 0 5 2 -0.0000000
9 0 5 3 0.0001222
9 0 5 4 0.0001738
9 0 5 5 0.0004705
9 0 6 0 0.0000000
9 0 6 1 -0.0000000
9 0 6 2 -0.0003011
9 0 6 3 -0.0000000
9 0 6 4 -0.0000000
9 0 6 5 -0.0000000
9 0 6 6 0.0004187
9 0 7 0 -0.0001228
9 0 7 1 -0.0000079
9 0 7 2 0.0000000
9 0 7 3 -0.0000022
9 0 7 4 -0.0000061
9 0 7 5 -0.0000356
9 0 7 6 0.0000000
9 0 7 7 -0.0000326
9 0 8 0 -0.0000000
9 0 8 1 0.0000000
9 0 8 2 0.0001439
9 0 8 3 0.0000000
9 0 8 4 0.0000000
9 0 8 5 0.0000000
9 0 8 6 0.0000833
9 0 8 7 -0.0000000
9 0 8 8 -0.0004261
9 0 9 0 0.0000059
9 0 9 1 -0.0000206
9 0 9 2 0.0000000
9 0 9 3 -0.0000862
9 0 9 4 -0.0001679
9 0 9 5 0.0000947
9 0 9 6 -0.0000000
9 0 9 7 -0.0000186
9 0 9 8 0.0000000
9 0 9 9 -0.0027341
9 1 0 0 0.0047187
9 1 1 0 0.0000857
9 1 1 1 0.0024382
9 1 2 0 0.0000000
9 1 2 1 0.0000000
9 1 2 2 0.0040923
9 1 3 0 -0.0000180
9 1 3 1 -0.0025476
9 1 3 2 0.0000000
9 1 3 3 0.0017894
9 1 4 0 0.0000193
9 1 4 1 -0.0032842
9 1 4 2 0.0000000
9 1 4 3 -0.0028854
9 1 4 4 -0.0000045
9 1 5 0 0.0001183
9 1 5 1 0.0029391
9 1 5 2 -0.0000000
9 1 5 3 0.0019581
9 1 5 4 0.0039312
9 1 5 5 0.0014908
9 1 6 0 -0.0000000
9 1 6 1 -0.0000000
9 1 6 2 0.0000560
9 1 6 3 -0.0000000
9 1 6 4 -0.0000000
9 1 6 5 0.0000000
9 1 6 6 0.0041625
9 1 7 0 -0.0000744
9 1 7 1 0.0003862
9 1 7 2 -0.0000000
9 1 7 3 0.0001506
9 1 7 4 0.0002517
9 1 7 5 -0.0006422
9 1 7 6 0.0000000
9 1 7 7 -0.0008629
9 1 8 0 -0.0000000
9 1 8 1 0.0000000
9 1 8 2 0.0017457
9 1 8 3 0.0000000
9 1 8 4 0.0000000
9 1 8 5 0.0000000
9 1 8 6 0.0014610
9 1 8 7 0.0000000
9 1 8 8 -0.0029277
9 1 9 0 -0.0000206
9 1 9 1 0.0032777
9 1 9 2 -0.0000000
9 1 9 3 0.0035237
9 1 9 4 0.0058894
9 1 9 5 -0.0049982
9 1 9 6 0.0000000
9 1 9 7 -0.0007154
9 1 9 8 -0.0000000
9 1 9 9 0.0210447
9 2 0 0 -0.0000000
9 2 1 0 0.0000000
9 2 1 1 0.0000000
9 2 2 0 0.0001415
9 2 2 1 0.0021007
9 2 2 2 -0.0000000
9 2 3 0 0.0000000
9 2 3 1 0.0000000
9 2 3 2 -0.0008416
9 2 3 3 -0.0000000
9 2 4 0 -0.0000000
9 2 4 1 0.0000000
9 2 4 2 -0.0021644
9 2 4 3 0.0000000
9 2 4 4 -0.0000000
9 2 5 0 -0.0000000
9 2 5 1 0.0000000
9 2 5 2 -0.0001116
9 2 5 3 -0.0000000
9 2 5 4 -0.0000000
9 2 5 5 -0.0000000
9 2 6 0 -0.0001785
9 2 6 1 0.0010108
9 2 6 2 0.0000000
9 2 6 3 -0.0001558
9 2 6 4 -0.0023886
9 2 6 5 -0.0013338
9 2 6 6 0.0000000
9 2 7 0 0.0000000
9 2 7 1 0.0000000
9 2 7 2 0.0003601
9 2 7 3 0.0000000
9 2 7 4 -0.0000000
9 2 7 5 0.0000000
9 2 7 6 -0.0000116
9 2 7 7 -0.0000000
9 2 8 0 -0.0000019
9 2 8 1 0.0018718
9 2 8 2 -0.0000000
9 2 8 3 0.0011819
9 2 8 4 0.0012451
9 2 8 5 -0.0019131
9 2 8 6 0.0000000
9 2 8 7 0.0000228
9 2 8 8 -0.0000000
9 2 9 0 0.0000000
9 2 9 1 -0.0000000
9 2 9 2 0.0013670
9 2 9 3 -0.0000000
9 2 9 4 -0.0000000
9 2 9 5 0.0000000
9 2 9 6 0.0012627
9 2 9 7 0.0000000
9 2 9 8 -0.0041803
9 2 9 9 -0.0000000
9 3 0 0 -0.0001978
9 3 1 0 -0.0000562
9 3 1 1 -0.0007712
9 3 2 0 0.0000000
9 3 2 1 0.0000000
9 3 2 2 0.0002596
9 3 3 0 0.0000438
9 3 3 1 -0.0003851
9 3 3 2 0.0000000
9 3 3 3 -0.0007294
9 3 4 0 -0.0000352
9 3 4 1 -0.0011009
9 3 4 2 -0.0000000
9 3 4 3 -0.0007015
9 3 4 4 -0.0010510
9 3 5 0 -0.0000532
9 3 5 1 0.0000578
9 3 5 2 0.0000000
9 3 5 3 0.0006196
9 3 5 4 0.0005982
9 3 5 5 -0.0003552
9 3 6 0 0.0000000
9 3 6 1 0.0000000
9 3 6 2 0.0003503
9 3 6 3 -0.0000000
9 3 6 4 -0.0000000
9 3 6 5 0.0000000
9 3 6 6 0.0003472
9 3 7 0 0.0000515
9 3 7 1 -0.0000915
9 3 7 2 0.0000000
9 3 7 3 0.0000114
9 3 7 4 -0.0000399
9 3 7 5 0.0002606
9 3 7 6 -0.0000000
9 3 7 7 0.0023696
9 3 8 0 -0.0000000
9 3 8 1 0.0000000
9 3 8 2 -0.0008584
9 3 8 3 0.0000000
9 3 8 4 0.0000000
9 3 8 5 -0.0000000
9 3 8 6 -0.0006742
9 3 8 7 0.0000000
9 3 8 8 0.0032488
9 3 9 0 -0.0000862
9 3 9 1 0.0035237
9 3 9 2 -0.0000000
9 3 9 3 0.0052637
9 3 9 4 0.0092157
9 3 9 5 -0.0066079
9 3 9 6 0.0000000
9 3 9 7 0.0005686
9 3 9 8 -0.0000000
9 3 9 9 0.0738324
9 4 0 0 -0.0014585
9 4 1 0 0.0000032
9 4 1 1 -0.0017261
9 4 2 0 0.0000000
9 4 2 1 0.0000000
9 4 2 2 -0.0011948
9 4 3 0 -0.0000787
9 4 3 1 -0.0003489
9 4 3 2 -0.0000000
9 4 3 3 -0.0009961
9 4 4 0 0.0000125
9 4 4 1 0.0002994
9 4 4 2 -0.0000000
9 4 4 3 -0.0003232
9 4 4 4 -0.0017824
9 4 5 0 -0.0000245
9 4 5 1 -0.0004158
9 4 5 2 0.0000000
9 4 5 3 -0.0005872
9 4 5 4 -0.0009063
9 4 5 5 -0.0006240
9 4 6 0 0.0000000
9 4 6 1 0.0000000
9 4 6 2 0.0001127
9 4 6 3 0.0000000
9 4 6 4 0.0000000
9 4 6 5 -0.0000000
9 4 6 6 -0.0014329
9 4 7 0 -0.0000460
9 4 7 1 -0.0003010
9 4 7 2 -0.0000000
9 4 7 3 0.0008956
9 4 7 4 0.0004182
9 4 7 5 -0.0000428
9 4 7 6 0.0000000
9 4 7 7 0.0056251
9 4 8 0 -0.0000000
9 4 8 1 -0.0000000
9 4 8 2 -0.0029240
9 4 8 3 -0.0000000
9 4 8 4 -0.0000000
9 4 8 5 -0.0000000
9 4 8 6 -0.0024957
9 4 8 7 0.0000000
9 4 8 8 0.0083996
9 4 9 0 -0.0001679
9 4 9 1 0.0058894
9 4 9 2 -0.0000000
9 4 9 3 0.0092157
9 4 9 4 0.0167837
9 4 9 5 -0.0115812
9 4 9 6 0.0000000
9 4 9 7 -0.0005860
9 4 9 8 -0.0000000
9 4 9 9 0.1539681
9 5 0 0 0.0030348
9 5 1 0 0.0000988
9 5 1 1 0.0028684
9 5 2 0 0.0000000
9 5 2 1 0.0000000
9 5 2 2 0.0000479
9 5 3 0 0.0001038
9 5 3 1 0.0017922
9 5 3 2 -0.0000000
9 5 3 3 0.0026753
9 5 4 0 -0.0000262
9 5 4 1 0.0033874
9 5 4 2 -0.0000000
9 5 4 3 0.0015787
9 5 4 4 0.0024920
9 5 5 0 0.0001841
9 5 5 1 0.0006543
9 5 5 2 -0.0000000
9 5 5 3 -0.0010432
9 5 5 4 -0.0025647
9 5 5 5 0.0030386
9 5 6 0 -0.0000000
9 5 6 1 0.0000000
9 5 6 2 -0.0017564
9 5 6 3 0.0000000
9 5 6 4 -0.0000000
9 5 6 5 -0.0000000
9 5 6 6 -0.0004240
9 5 7 0 -0.0000459
9 5 7 1 -0.0002736
9 5 7 2 0.0000000
9 5 7 3 -0.0002755
9 5 7 4 -0.0004415
9 5 7 5 0.0004125
9 5 7 6 -0.0000000
9 5 7 7 -0.0003262
9 5 8 0 -0.0000000
9 5 8 1 0.0000000
9 5 8 2 0.0004959
9 5 8 3 0.0000000
9 5 8 4 0.0000000
9 5 8 5 -0.0000000
9 5 8 6 0.0000254
9 5 8 7 0.0000000
9 5 8 8 -0.0023125
9 5 9 0 0.0000947
9 5 9 1 -0.0049982
9 5 9 2 0.0000000
9 5 9 3 -0.0066079
9 5 9 4 -0.0115812
9 5 9 5 0.0088695
9 5 9 6 -0.0000000
9 5 9 7 0.0008364
9 5 9 8 -0.0000000
9 5 9 9 -0.0781717
9 6 0 0 -0.0000000
9 6 1 0 -0.0000000
9 6 1 1 -0.0000000
9 6 2 0 0.0000687
9 6 2 1 0.0020673
9 6 2 2 -0.0000000
9 6 3 0 -0.0000000
9 6 3 1 -0.0000000
9 6 3 2 -0.0008094
9 6 3 3 -0.0000000
9 6 4 0 0.0000000
9 6 4 1 -0.0000000
9 6 4 2 -0.0024652
9 6 4 3 -0.0000000
9 6 4 4 -0.0000000
9 6 5 0 -0.0000000
9 6 5 1 0.0000000
9 6 5 2 -0.0005774
9 6 5 3 0.0000000
9 6 5 4 -0.0000000
9 6 5 5 -0.0000000
9 6 6 0 -0.0000949
9 6 6 1 0.0014935
9 6 6 2 0.0000000
9 6 6 3 -0.0002354
9 6 6 4 -0.0028138
9 6 6 5 -0.0015013
9 6 6 6 0.0000000
9 6 7 0 0.0000000
9 6 7 1 0.0000000
9 6 7 2 0.0004253
9 6 7 3 0.0000000
9 6 7 4 0.0000000
9 6 7 5 -0.0000000
9 6 7 6 -0.0000343
9 6 7 7 -0.0000000
9 6 8 0 -0.0000109
9 6 8 1 0.0020229
9 6 8 2 -0.0000000
9 6 8 3 0.0012470
9 6 8 4 0.0011468
9 6 8 5 -0.0022615
9 6 8 6 0.0000000
9 6 8 7 0.0001147
9 6 8 8 0.0000000
9 6 9 0 -0.0000000
9 6 9 1 0.0000000
9 6 9 2 0.0012627
9 6 9 3 0.0000000
9 6 9 4 0.0000000
9 6 9 5 -0.0000000
9 6 9 6 0.0011902
9 6 9 7 -0.0000000
9 6 9 8 -0.0037369
9 6 9 9 0.0000000
9 7 0 0 -0.0009786
9 7 1 0 0.0000838
9 7 1 1 0.0008599
9 7 2 0 -0.0000000
9 7 2 1 0.0000000
9 7 2 2 0.0002240
9 7 3 0 -0.0000348
9 7 3 1 -0.0002914
9 7 3 2 0.0000000
9 7 3 3 -0.0003377
9 7 4 0 0.0000354
9 7 4 1 -0.0001352
9 7 4 2 0.0000000
9 7 4 3 -0.0000401
9 7 4 4 0.0003037
9 7 5 0 0.0000884
9 7 5 1 -0.0003556
9 7 5 2 0.0000000
9 7 5 3 -0.0001092
9 7 5 4 0.0004516
9 7 5 5 0.0001801
9 7 6 0 -0.0000000
9 7 6 1 0.0000000
9 7 6 2 0.0007371
9 7 6 3 0.0000000
9 7 6 4 -0.0000000
9 7 6 5 0.0000000
9 7 6 6 0.0002724
9 7 7 0 -0.0000535
9 7 7 1 -0.0009912
9 7 7 2 0.0000000
9 7 7 3 -0.0008926
9 7 7 4 -0.0019424
9 7 7 5 0.0011659
9 7 7 6 -0.0000000
9 7 7 7 -0.0001771
9 7 8 0 -0.0000000
9 7 8 1 0.0000000
9 7 8 2 0.0002569
9 7 8 3 0.0000000
9 7 8 4 0.0000000
9 7 8 5 0.0000000
9 7 8 6 0.0003902
9 7 8 7 -0.0000000
9 7 8 8 0.0000619
9 7 9 0 -0.0000186
9 7 9 1 -0.0007154
9 7 9 2 0.0000000
9 7 9 3 0.0005686
9 7 9 4 -0.0005860
9 7 9 5 0.0008364
9 7 9 6 -0.0000000
9 7 9 7 0.0091562
9 7 9 8 -0.0000000
9 7 9 9 -0.0149404
9 8 0 0 0.0000000
9 8 1 0 0.0000000
9 8 1 1 0.0000000
9 8 2 0 0.0001071
9 8 2 1 0.0032671
9 8 2 2 -0.0000000
9 8 3 0 0.0000000
9 8 3 1 0.0000000
9 8 3 2 -0.0002693
9 8 3 3 -0.0000000
9 8 4 0 -0.0000000
9 8 4 1 0.0000000
9 8 4 2 -0.0017858
9 8 4 3 -0.0000000
9 8 4 4 -0.0000000
9 8 5 0 -0.0000000
9 8 5 1 0.0000000
9 8 5 2 -0.0017534
9 8 5 3 0.0000000
9 8 5 4 -0.0000000
9 8 5 5 -0.0000000
9 8 6 0 -0.0001557
9 8 6 1 0.0025073
9 8 6 2 0.0000000
9 8 6 3 0.0004552
9 8 6 4 -0.0024102
9 8 6 5 -0.0030689
9 8 6 6 0.0000000
9 8 7 0 0.0000000
9 8 7 1 0.0000000
9 8 7 2 0.0004585
9 8 7 3 0.0000000
9 8 7 4 0.0000000
9 8 7 5 -0.0000000
9 8 7 6 -0.0000617
9 8 7 7 0.0000000
9 8 8 0 -0.0000160
9 8 8 1 -0.0002626
9 8 8 2 0.0000000
9 8 8 3 -0.0016704
9 8 8 4 -0.0043055
9 8 8 5 0.0008191
9 8 8 6 -0.0000000
9 8 8 7 0.0004312
9 8 8 8 0.0000000
9 8 9 0 0.0000000
9 8 9 1 -0.0000000
9 8 9 2 -0.0041803
9 8 9 3 -0.0000000
9 8 9 4 -0.0000000
9 8 9 5 -0.0000000
9 8 9 6 -0.0037369
9 8 9 7 -0.0000000
9 8 9 8 0.0145315
9 8 9 9 0.0000000
9 9 0 0 0.3431403
9 9 1 0 0.0036387
9 9 1 1 0.5141009
9 9 2 0 -0.0000000
9 9 2 1 -0.0000000
9 9 2 2 0.3714045
9 9 3 0 0.0044083
9 9 3 1 0.1313750
9 9 3 2 -0.0000000
9 9 3 3 0.4050289
9 9 4 0 -0.0022949
9 9 4 1 0.1482177
9 9 4 2 -0.0000000
9 9 4 3 0.1783888
9 9 4 4 0.5745513
9 9 5 0 0.0083916
9 9 5 1 -0.1099297
9 9 5 2 0.0000000
9 9 5 3 -0.1284081
9 9 5 4 -0.1698849
9 9 5 5 0.5436022
9 9 6 0 -0.0000000
9 9 6 1 0.0000000
9 9 6 2 0.0550329
9 9 6 3 0.0000000
9 9 6 4 0.0000000
9 9 6 5 -0.0000000
9 9 6 6 0.3641651
9 9 7 0 -0.0020401
9 9 7 1 -0.0091725
9 9 7 2 -0.0000000
9 9 7 3 0.0466780
9 9 7 4 0.0013586
9 9 7 5 0.0174491
9 9 7 6 -0.0000000
9 9 7 7 0.6182420
9 9 8 0 0.0000000
9 9 8 1 -0.0000000
9 9 8 2 -0.1077294
9 9 8 3 -0.0000000
9 9 8 4 -0.0000000
9 9 8 5 -0.0000000
9 9 8 6 -0.0911017
9 9 8 7 0.0000000
9 9 8 8 0.8416888
9 9 9 0 -0.0027341
9 9 9 1 0.0210447
9 9 9 2 -0.0000000
9 9 9 3 0.0738324
9 9 9 4 0.1539681
9 9 9 5 -0.0781717
9 9 9 6 0.0000000
9 9 9 7 -0.0149404
9 9 9 8 0.0000000
9 9 9 9 3.4993867
10 0 0 0 0.0250968
10 0 1 0 -0.0009567
10 0 1 1 0.0025345
10 0 2 0 0.0000000
10 0 2 1 0.0000000
10 0 2 2 0.0012770
10 0 3 0 0.0009722
10 0 3 1 -0.0015692
10 0 3 2 0.0000000
10 0 3 3 0.0025261
10 0 4 0 -0.0007604
10 0 4 1 0.0007142
10 0 4 2 0.0000000
10 0 4 3 -0.0012123
10 0 4 4 0.0011323
10 0 5 0 -0.0014367
10 0 5 1 0.0021820
10 0 5 2 -0.0000000
10 0 5 3 -0.0010649
10 0 5 4 0.0010871
10 0 5 5 0.0025942
10 0 6 0 0.0000000
10 0 6 1 -0.0000000
10 0 6 2 -0.0004589
10 0 6 3 0.0000000
10 0 6 4 -0.0000000
10 0 6 5 -0.0000000
10 0 6 6 0.0010855
10 0 7 0 -0.0027173
10 0 7 1 -0.0003838
10 0 7 2 -0.0000000
10 0 7 3 0.0005271
10 0 7 4 -0.0003939
10 0 7 5 -0.0007614
10 0 7 6 0.0000000
10 0 7 7 -0.0012116
10 0 8 0 -0.0000000
10 0 8 1 0.0000000
10 0 8 2 0.0003497
10 0 8 3 0.0000000
10 0 8 4 0.0000000
10 0 8 5 0.0000000
10 0 8 6 0.0001964
10 0 8 7 -0.0000000
10 0 8 8 -0.0006593
10 0 9 0 0.0000359
10 0 9 1 0.0000588
10 0 9 2 -0.0000000
10 0 9 3 -0.0000174
10 0 9 4 -0.0000153
10 0 9 5 0.0000236
10 0 9 6 -0.0000000
10 0 9 7 0.0000114
10 0 9 8 -0.0000000
10 0 9 9 -0.0008068
10 0 10 0 0.0006751
10 0 10 1 0.0005181
10 0 10 2 -0.0000000
10 0 10 3 -0.0001011
10 0 10 4 0.0001799
10 0 10 5 0.0000837
10 0 10 6 -0.0000000
10 0 10 7 -0.0000155
10 0 10 8 0.0000000
10 0 10 9 0.0000062
10 0 10 10 -0.0010820
10 1 0 0 0.0336879
10 1 1 0 0.0009420
10 1 1 1 0.0326848
10 1 2 0 -0.0000000
10 1 2 1 0.0000000
10 1 2 2 0.0256352
10 1 3 0 -0.0006383
10 1 3 1 -0.0054943
10 1 3 2 0.0000000
10 1 3 3 0.0261510
10 1 4 0 0.0004252
10 1 4 1 -0.0012543
10 1 4 2 0.0000000
10 1 4 3 -0.0033571
10 1 4 4 0.0253071
10 1 5 0 0.0010341
10 1 5 1 0.0115035
10 1 5 2 -0.0000000
10 1 5 3 0.0003461
10 1 5 4 0.0081415
10 1 5 5 0.0248700
10 1 6 0 -0.0000000
10 1 6 1 -0.0000000
10 1 6 2 -0.0004917
10 1 6 3 -0.0000000
10 1 6 4 -0.0000000
10 1 6 5 -0.0000000
10 1 6 6 0.0258418
10 1 7 0 -0.0009159
10 1 7 1 0.0011452
10 1 7 2 -0.0000000
10 1 7 3 0.0006794
10 1 7 4 0.0005016
10 1 7 5 -0.0052123
10 1 7 6 0.0000000
10 1 7 7 -0.0018929
10 1 8 0 0.0000000
10 1 8 1 0.0000000
10 1 8 2 0.0115499
10 1 8 3 0.0000000
10 1 8 4 0.0000000
10 1 8 5 0.0000000
10 1 8 6 0.0095676
10 1 8 7 0.0000000
10 1 8 8 -0.0112004
10 1 9 0 0.0001173
10 1 9 1 0.0009314
10 1 9 2 0.0000000
10 1 9 3 -0.0016083
10 1 9 4 -0.0039227
10 1 9 5 0.0017582
10 1 9 6 -0.0000000
10 1 9 7 0.0003095
10 1 9 8 0.0000000
10 1 9 9 -0.0410909
10 1 10 0 0.0005181
10 1 10 1 0.0226437
10 1 10 2 -0.0000000
10 1 10 3 0.0113003
10 1 10 4 0.0130037
10 1 10 5 -0.0190421
10 1 10 6 0.0000000
10 1 10 7 -0.0013116
10 1 10 8 -0.0000000
10 1 10 9 0.0001274
10 1 10 10 -0.0543131
10 2 0 0 -0.0000000
10 2 1 0 -0.0000000
10 2 1 1 -0.0000000
10 2 2 0 -0.0006848
10 2 2 1 0.0001069
10 2 2 2 -0.0000000
10 2 3 0 0.0000000
10 2 3 1 0.0000000
10 2 3 2 0.0007866
10 2 3 3 -0.0000000
10 2 4 0 0.0000000
10 2 4 1 -0.0000000
10 2 4 2 -0.0006521
10 2 4 3 -0.0000000
10 2 4 4 -0.0000000
10 2 5 0 0.0000000
10 2 5 1 0.0000000
10 2 5 2 -0.0015613
10 2 5 3 -0.0000000
10 2 5 4 -0.0000000
10 2 5 5 -0.0000000
10 2 6 0 0.0009982
10 2 6 1 0.0016314
10 2 6 2 0.0000000
10 2 6 3 -0.0017872
10 2 6 4 -0.0004956
10 2 6 5 -0.0002707
10 2 6 6 -0.0000000
10 2 7 0 0.0000000
10 2 7 1 -0.0000000
10 2 7 2 -0.0033795
10 2 7 3 -0.0000000
10 2 7 4 -0.0000000
10 2 7 5 0.0000000
10 2 7 6 0.0032353
10 2 7 7 -0.0000000
10 2 8 0 0.0000862
10 2 8 1 -0.0003911
10 2 8 2 -0.0000000
10 2 8 3 -0.0023829
10 2 8 4 -0.0044686
10 2 8 5 0.0032636
10 2 8 6 -0.0000000
10 2 8 7 0.0006650
10 2 8 8 -0.0000000
10 2 9 0 -0.0000000
10 2 9 1 -0.0000000
10 2 9 2 -0.0004559
10 2 9 3 0.0000000
10 2 9 4 0.0000000
10 2 9 5 -0.0000000
10 2 9 6 -0.0005642
10 2 9 7 -0.0000000
10 2 9 8 0.0009052
10 2 9 9 0.0000000
10 2 10 0 -0.0000000
10 2 10 1 -0.0000000
10 2 10 2 0.0069322
10 2 10 3 -0.0000000
10 2 10 4 -0.0000000
10 2 10 5 0.0000000
10 2 10 6 0.0042879
10 2 10 7 -0.0000000
10 2 10 8 -0.0229480
10 2 10 9 0.0000000
10 2 10 10 0.0000000
10 3 0 0 0.0097964
10 3 1 0 -0.0006784
10 3 1 1 0.0105337
10 3 2 0 0.0000000
10 3 2 1 -0.0000000
10 3 2 2 0.0084570
10 3 3 0 -0.0001387
10 3 3 1 0.0038891
10 3 3 2 -0.0000000
10 3 3 3 0.0114230
10 3 4 0 -0.0000412
10 3 4 1 0.0023556
10 3 4 2 -0.0000000
10 3 4 3 0.0028659
10 3 4 4 0.0140335
10 3 5 0 -0.0012122
10 3 5 1 -0.0018035
10 3 5 2 -0.0000000
10 3 5 3 0.0006867
10 3 5 4 -0.0039103
10 3 5 5 0.0086582
10 3 6 0 0.0000000
10 3 6 1 0.0000000
10 3 6 2 -0.0014225
10 3 6 3 -0.0000000
10 3 6 4 0.0000000
10 3 6 5 0.0000000
10 3 6 6 0.0099289
10 3 7 0 0.0004724
10 3 7 1 0.0017386
10 3 7 2 -0.0000000
10 3 7 3 -0.0018843
10 3 7 4 0.0056565
10 3 7 5 -0.0040061
10 3 7 6 0.0000000
10 3 7 7 0.0079311
10 3 8 0 0.0000000
10 3 8 1 0.0000000
10 3 8 2 0.0024226
10 3 8 3 0.0000000
10 3 8 4 -0.0000000
10 3 8 5 0.0000000
10 3 8 6 0.0023680
10 3 8 7 0.0000000
10 3 8 8 0.0058594
10 3 9 0 0.0000288
10 3 9 1 -0.0002724
10 3 9 2 0.0000000
10 3 9 3 -0.0013018
10 3 9 4 -0.0027274
10 3 9 5 0.0015728
10 3 9 6 -0.0000000
10 3 9 7 -0.0001869
10 3 9 8 0.0000000
10 3 9 9 -0.0064681
10 3 10 0 -0.0001011
10 3 10 1 0.0113003
10 3 10 2 -0.0000000
10 3 10 3 0.0103995
10 3 10 4 0.0105947
10 3 10 5 -0.0123657
10 3 10 6 0.0000000
10 3 10 7 0.0101778
10 3 10 8 -0.0000000
10 3 10 9 -0.0013383
10 3 10 10 -0.0158639
10 4 0 0 0.0137461
10 4 1 0 0.0009803
10 4 1 1 0.0244415
10 4 2 0 -0.0000000
10 4 2 1 -0.0000000
10 4 2 2 0.0101736
10 4 3 0 0.0002524
10 4 3 1 0.0062134
10 4 3 2 -0.0000000
10 4 3 3 0.0158436
10 4 4 0 -0.0000415
10 4 4 1 0.0118388
10 4 4 2 -0.0000000
10 4 4 3 0.0095031
10 4 4 4 0.0218583
10 4 5 0 0.0016834
10 4 5 1 0.0015975
10 4 5 2 0.0000000
10 4 5 3 -0.0075518
10 4 5 4 -0.0076708
10 4 5 5 0.0216315
10 4 6 0 -0.0000000
10 4 6 1 -0.0000000
10 4 6 2 -0.0006901
10 4 6 3 0.0000000
10 4 6 4 0.0000000
10 4 6 5 -0.0000000
10 4 6 6 0.0078350
10 4 7 0 -0.0007106
10 4 7 1 0.0013961
10 4 7 2 -0.0000000
10 4 7 3 0.0062697
10 4 7 4 0.0031275
10 4 7 5 -0.0019335
10 4 7 6 0.0000000
10 4 7 7 0.0178013
10 4 8 0 0.0000000
10 4 8 1 0.0000000
10 4 8 2 -0.0007843
10 4 8 3 -0.0000000
10 4 8 4 -0.0000000
10 4 8 5 -0.0000000
10 4 8 6 -0.0010166
10 4 8 7 0.0000000
10 4 8 8 0.0227891
10 4 9 0 0.0000401
10 4 9 1 -0.0009354
10 4 9 2 0.0000000
10 4 9 3 -0.0019800
10 4 9 4 -0.0035092
10 4 9 5 0.0027032
10 4 9 6 -0.0000000
10 4 9 7 -0.0002061
10 4 9 8 0.0000000
10 4 9 9 0.0139177
10 4 10 0 0.0001799
10 4 10 1 0.0130037
10 4 10 2 -0.0000000
10 4 10 3 0.0105947
10 4 10 4 0.0153688
10 4 10 5 -0.0144986
10 4 10 6 0.0000000
10 4 10 7 0.0116772
10 4 10 8 -0.0000000
10 4 10 9 -0.0030353
10 4 10 10 -0.0030767
10 5 0 0 -0.0126421
10 5 1 0 0.0002091
10 5 1 1 -0.0182884
10 5 2 0 0.0000000
10 5 2 1 0.0000000
10 5 2 2 -0.0157215
10 5 3 0 -0.0018826
10 5 3 1 -0.0054522
10 5 3 2 -0.0000000
10 5 3 3 -0.0077645
10 5 4 0 0.0009333
10 5 4 1 0.0025826
10 5 4 2 -0.0000000
10 5 4 3 -0.0074230
10 5 4 4 -0.0197166
10 5 5 0 -0.0008818
10 5 5 1 -0.0000274
10 5 5 2 -0.0000000
10 5 5 3 -0.0020158
10 5 5 4 -0.0018739
10 5 5 5 -0.0161625
10 5 6 0 -0.0000000
10 5 6 1 0.0000000
10 5 6 2 -0.0037010
10 5 6 3 0.0000000
10 5 6 4 -0.0000000
10 5 6 5 -0.0000000
10 5 6 6 -0.0167795
10 5 7 0 -0.0008149
10 5 7 1 -0.0041785
10 5 7 2 0.0000000
10 5 7 3 -0.0019433
10 5 7 4 -0.0000330
10 5 7 5 -0.0031408
10 5 7 6 -0.0000000
10 5 7 7 -0.0045561
10 5 8 0 0.0000000
10 5 8 1 0.0000000
10 5 8 2 -0.0069305
10 5 8 3 -0.0000000
10 5 8 4 -0.0000000
10 5 8 5 -0.0000000
10 5 8 6 -0.0065436
10 5 8 7 0.0000000
10 5 8 8 -0.0043968
10 5 9 0 -0.0000596
10 5 9 1 0.0000554
10 5 9 2 -0.0000000
10 5 9 3 0.0019928
10 5 9 4 0.0046243
10 5 9 5 -0.0022649
10 5 9 6 0.0000000
10 5 9 7 -0.0001540
10 5 9 8 0.0000000
10 5 9 9 0.0299933
10 5 10 0 0.0000837
10 5 10 1 -0.0190421
10 5 10 2 0.0000000
10 5 10 3 -0.0123657
10 5 10 4 -0.0144986
10 5 10 5 0.0223123
10 5 10 6 -0.0000000
10 5 10 7 -0.0016222
10 5 10 8 -0.0000000
10 5 10 9 -0.0001440
10 5 10 10 0.0420261
10 6 0 0 0.0000000
10 6 1 0 -0.0000000
10 6 1 1 0.0000000
10 6 2 0 0.0013197
10 6 2 1 0.0083461
10 6 2 2 0.0000000
10 6 3 0 0.0000000
10 6 3 1 0.0000000
10 6 3 2 -0.0043493
10 6 3 3 0.0000000
10 6 4 0 -0.0000000
10 6 4 1 -0.0000000
10 6 4 2 -0.0060413
10 6 4 3 0.0000000
10 6 4 4 0.0000000
10 6 5 0 -0.0000000
10 6 5 1 0.0000000
10 6 5 2 -0.0013188
10 6 5 3 0.0000000
10 6 5 4 -0.0000000
10 6 5 5 0.0000000
10 6 6 0 -0.0019299
10 6 6 1 0.0031780
10 6 6 2 0.0000000
10 6 6 3 0.0022698
10 6 6 4 -0.0084636
10 6 6 5 -0.0063677
10 6 6 6 0.0000000
10 6 7 0 0.0000000
10 6 7 1 0.0000000
10 6 7 2 0.0043747
10 6 7 3 0.0000000
10 6 7 4 -0.0000000
10 6 7 5 -0.0000000
10 6 7 6 -0.0045938
10 6 7 7 0.0000000
10 6 8 0 0.0000985
10 6 8 1 0.0030508
10 6 8 2 0.0000000
10 6 8 3 -0.0009397
10 6 8 4 -0.0044491
10 6 8 5 -0.0000461
10 6 8 6 0.0000000
10 6 8 7 0.0013534
10 6 8 8 0.0000000
10 6 9 0 0.0000000
10 6 9 1 -0.0000000
10 6 9 2 -0.0002968
10 6 9 3 -0.0000000
10 6 9 4 -0.0000000
10 6 9 5 0.0000000
10 6 9 6 -0.0002798
10 6 9 7 0.0000000
10 6 9 8 0.0014312
10 6 9 9 -0.0000000
10 6 10 0 -0.0000000
10 6 10 1 0.0000000
10 6 10 2 0.0042879
10 6 10 3 0.0000000
10 6 10 4 0.0000000
10 6 10 5 -0.0000000
10 6 10 6 0.0057404
10 6 10 7 0.0000000
10 6 10 8 -0.0156243
10 6 10 9 0.0000000
10 6 10 10 -0.0000000
10 7 0 0 -0.0551869
10 7 1 0 0.0025692
10 7 1 1 0.0079966
10 7 2 0 -0.0000000
10 7 2 1 -0.0000000
10 7 2 2 -0.0121972
10 7 3 0 -0.0016489
10 7 3 1 0.0046958
10 7 3 2 -0.0000000
10 7 3 3 -0.0148554
10 7 4 0 0.0010160
10 7 4 1 0.0064412
10 7 4 2 -0.0000000
10 7 4 3 0.0209102
10 7 4 4 0.0126009
10 7 5 0 0.0029118
10 7 5 1 -0.0186227
10 7 5 2 0.0000000
10 7 5 3 -0.0179089
10 7 5 4 -0.0042507
10 7 5 5 -0.0054640
10 7 6 0 -0.0000000
10 7 6 1 0.0000000
10 7 6 2 0.0229659
10 7 6 3 0.0000000
10 7 6 4 0.0000000
10 7 6 5 -0.0000000
10 7 6 6 -0.0145035
10 7 7 0 -0.0023885
10 7 7 1 0.0037191
10 7 7 2 -0.0000000
10 7 7 3 0.0172183
10 7 7 4 0.0187938
10 7 7 5 -0.0155054
10 7 7 6 0.0000000
10 7 7 7 -0.0054842
10 7 8 0 -0.0000000
10 7 8 1 -0.0000000
10 7 8 2 -0.0057126
10 7 8 3 -0.0000000
10 7 8 4 -0.0000000
10 7 8 5 -0.0000000
10 7 8 6 -0.0006757
10 7 8 7 -0.0000000
10 7 8 8 0.0340598
10 7 9 0 -0.0000872
10 7 9 1 -0.0000476
10 7 9 2 -0.0000000
10 7 9 3 0.0001981
10 7 9 4 0.0012768
10 7 9 5 -0.0008330
10 7 9 6 0.0000000
10 7 9 7 -0.0002962
10 7 9 8 0.0000000
10 7 9 9 0.0632168
10 7 10 0 -0.0000155
10 7 10 1 -0.0013116
10 7 10 2 -0.0000000
10 7 10 3 0.0101778
10 7 10 4 0.0116772
10 7 10 5 -0.0016222
10 7 10 6 0.0000000
10 7 10 7 0.0750982
10 7 10 8 -0.0000000
10 7 10 9 -0.0038249
10 7 10 10 0.0676329
10 8 0 0 0.0000000
10 8 1 0 0.0000000
10 8 1 1 0.0000000
10 8 2 0 0.0010648
10 8 2 1 0.0255361
10 8 2 2 -0.0000000
10 8 3 0 0.0000000
10 8 3 1 0.0000000
10 8 3 2 -0.0072276
10 8 3 3 -0.0000000
10 8 4 0 -0.0000000
10 8 4 1 -0.0000000
10 8 4 2 -0.0255791
10 8 4 3 -0.0000000
10 8 4 4 -0.0000000
10 8 5 0 -0.0000000
10 8 5 1 0.0000000
10 8 5 2 -0.0062595
10 8 5 3 -0.0000000
10 8 5 4 -0.0000000
10 8 5 5 -0.0000000
10 8 6 0 -0.0012702
10 8 6 1 0.0183696
10 8 6 2 0.0000000
10 8 6 3 -0.0010759
10 8 6 4 -0.0293785
10 8 6 5 -0.0190515
10 8 6 6 0.0000000
10 8 7 0 0.0000000
10 8 7 1 0.0000000
10 8 7 2 0.0048970
10 8 7 3 0.0000000
10 8 7 4 0.0000000
10 8 7 5 0.0000000
10 8 7 6 0.0013541
10 8 7 7 0.0000000
10 8 8 0 -0.0004853
10 8 8 1 0.0220859
10 8 8 2 -0.0000000
10 8 8 3 0.0171959
10 8 8 4 0.0173660
10 8 8 5 -0.0329489
10 8 8 6 0.0000000
10 8 8 7 0.0012063
10 8 8 8 -0.0000000
10 8 9 0 -0.0000000
10 8 9 1 0.0000000
10 8 9 2 0.0025336
10 8 9 3 0.0000000
10 8 9 4 0.0000000
10 8 9 5 0.0000000
10 8 9 6 0.0032955
10 8 9 7 0.0000000
10 8 9 8 0.0000316
10 8 9 9 -0.0000000
10 8 10 0 0.0000000
10 8 10 1 -0.0000000
10 8 10 2 -0.0229480
10 8 10 3 -0.0000000
10 8 10 4 -0.0000000
10 8 10 5 -0.0000000
10 8 10 6 -0.0156243
10 8 10 7 -0.0000000
10 8 10 8 0.1090359
10 8 10 9 -0.0000000
10 8 10 10 0.0000000
10 9 0 0 -0.0125062
10 9 1 0 -0.0002206
10 9 1 1 -0.0246591
10 9 2 0 0.0000000
10 9 2 1 0.0000000
10 9 2 2 -0.0135967
10 9 3 0 -0.0003446
10 9 3 1 -0.0117952
10 9 3 2 0.0000000
10 9 3 3 -0.0193792
10 9 4 0 0.0002197
10 9 4 1 -0.0150099
10 9 4 2 0.0000000
10 9 4 3 -0.0163729
10 9 4 4 -0.0337724
10 9 5 0 -0.0006087
10 9 5 1 0.0088430
10 9 5 2 -0.0000000
10 9 5 3 0.0113848
10 9 5 4 0.0180533
10 9 5 5 -0.0290352
10 9 6 0 0.0000000
10 9 6 1 -0.0000000
10 9 6 2 -0.0027870
10 9 6 3 -0.0000000
10 9 6 4 -0.0000000
10 9 6 5 0.0000000
10 9 6 6 -0.0124700
10 9 7 0 0.0001052
10 9 7 1 0.0009788
10 9 7 2 0.0000000
10 9 7 3 -0.0031239
10 9 7 4 -0.0001755
10 9 7 5 -0.0017716
10 9 7 6 0.0000000
10 9 7 7 -0.0335518
10 9 8 0 -0.0000000
10 9 8 1 0.0000000
10 9 8 2 0.0095079
10 9 8 3 0.0000000
10 9 8 4 0.0000000
10 9 8 5 0.0000000
10 9 8 6 0.0089931
10 9 8 7 -0.0000000
10 9 8 8 -0.0496115
10 9 9 0 0.0002716
10 9 9 1 -0.0047533
10 9 9 2 0.0000000
10 9 9 3 -0.0094624
10 9 9 4 -0.0187393
10 9 9 5 0.0112811
10 9 9 6 -0.0000000
10 9 9 7 0.0036630
10 9 9 8 -0.0000000
10 9 9 9 -0.3648278
10 9 10 0 0.0000062
10 9 10 1 0.0001274
10 9 10 2 0.0000000
10 9 10 3 -0.0013383
10 9 10 4 -0.0030353
10 9 10 5 -0.0001440
10 9 10 6 0.0000000
10 9 10 7 -0.0038249
10 9 10 8 -0.0000000
10 9 10 9 0.0530067
10 9 10 10 -0.0389062
10 10 0 0 0.2902856
10 10 1 0 0.0021935
10 10 1 1 0.3893753
10 10 2 0 -0.0000000
10 10 2 1 -0.0000000
10 10 2 2 0.3083358
10 10 3 0 0.0026543
10 10 3 1 0.0658539
10 10 3 2 -0.0000000
10 10 3 3 0.3086647
10 10 4 0 -0.0011879
10 10 4 1 0.0655458
10 10 4 2 -0.0000000
10 10 4 3 0.0858458
10 10 4 4 0.3926448
10 10 5 0 0.0046535
10 10 5 1 -0.0616852
10 10 5 2 0.0000000
10 10 5 3 -0.0663501
10 10 5 4 -0.0701677
10 10 5 5 0.3960118
10 10 6 0 -0.0000000
10 10 6 1 0.0000000
10 10 6 2 0.0398808
10 10 6 3 0.0000000
10 10 6 4 0.0000000
10 10 6 5 -0.0000000
10 10 6 6 0.3072856
10 10 7 0 -0.0014371
10 10 7 1 -0.0014916
10 10 7 2 -0.0000000
10 10 7 3 0.0375488
10 10 7 4 0.0124611
10 10 7 5 0.0013983
10 10 7 6 -0.0000000
10 10 7 7 0.4644440
10 10 8 0 0.0000000
10 10 8 1 -0.0000000
10 10 8 2 -0.0653575
10 10 8 3 -0.0000000
10 10 8 4 -0.0000000
10 10 8 5 -0.0000000
10 10 8 6 -0.0503186
10 10 8 7 0.0000000
10 10 8 8 0.6110813
10 10 9 0 -0.0005265
10 10 9 1 -0.0034407
10 10 9 2 -0.0000000
10 10 9 3 0.0061994
10 10 9 4 0.0163540
10 10 9 5 -0.0057604
10 10 9 6 0.0000000
10 10 9 7 -0.0004448
10 10 9 8 0.0000000
10 10 9 9 0.8412169
10 10 10 0 -0.0010820
10 10 10 1 -0.0543131
10 10 10 2 0.0000000
10 10 10 3 -0.0158639
10 10 10 4 -0.0030767
10 10 10 5 0.0420261
10 10 10 6 -0.0000000
10 10 10 7 0.0676329
10 10 10 8 0.0000000
10 10 10 9 -0.0389062
10 10 10 10 0.7072845
11 0 0 0 -0.0814052
11 0 1 0 0.0033100
11 0 1 1 -0.0067242
11 0 2 0 -0.0000000
11 0 2 1 0.0000000
11 0 2 2 -0.0007264
11 0 3 0 -0.0030403
11 0 3 1 0.0052463
11 0 3 2 -0.0000000
11 0 3 3 -0.0050617
11 0 4 0 0.0025484
11 0 4 1 -0.0030283
11 0 4 2 -0.0000000
11 0 4 3 0.0023514
11 0 4 4 -0.0030916
11 0 5 0 0.0053918
11 0 5 1 -0.0046506
11 0 5 2 -0.0000000
11 0 5 3 0.0061191
11 0 5 4 -0.0035889
11 0 5 5 -0.0050594
11 0 6 0 -0.0000000
11 0 6 1 0.0000000
11 0 6 2 -0.0016868
11 0 6 3 -0.0000000
11 0 6 4 0.0000000
11 0 6 5 0.0000000
11 0 6 6 0.0006106
11 0 7 0 0.0111475
11 0 7 1 0.0015414
11 0 7 2 0.0000000
11 0 7 3 -0.0025615
11 0 7 4 0.0013462
11 0 7 5 0.0034296
11 0 7 6 -0.0000000
11 0 7 7 0.0064538
11 0 8 0 0.0000000
11 0 8 1 -0.0000000
11 0 8 2 -0.0001508
11 0 8 3 -0.0000000
11 0 8 4 -0.0000000
11 0 8 5 -0.0000000
11 0 8 6 -0.0002319
11 0 8 7 -0.0000000
11 0 8 8 -0.0008646
11 0 9 0 -0.0001215
11 0 9 1 -0.0000919
11 0 9 2 0.0000000
11 0 9 3 0.0000657
11 0 9 4 -0.0000157
11 0 9 5 -0.0000584
11 0 9 6 0.0000000
11 0 9 7 -0.0000476
11 0 9 8 0.0000000
11 0 9 9 -0.0008090
11 0 10 0 -0.0026937
11 0 10 1 -0.0010847
11 0 10 2 0.0000000
11 0 10 3 0.0005121
11 0 10 4 -0.0006665
11 0 10 5 -0.0008391
11 0 10 6 0.0000000
11 0 10 7 -0.0020191
11 0 10 8 0.0000000
11 0 10 9 -0.0000020
11 0 10 10 -0.0005742
11 0 11 0 0.0110507
11 0 11 1 0.0032688
11 0 11 2 -0.0000000
11 0 11 3 -0.0020673
11 0 11 4 0.0021605
11 0 11 5 0.0037498
11 0 11 6 -0.0000000
11 0 11 7 0.0071479
11 0 11 8 0.0000000
11 0 11 9 0.0000720
11 0 11 10 -0.0010746
11 0 11 11 0.0067930
11 1 0 0 -0.0088891
11 1 1 0 -0.0017895
11 1 1 1 -0.0068965
11 1 2 0 -0.0000000
11 1 2 1 -0.0000000
11 1 2 2 0.0017179
11 1 3 0 0.0048842
11 1 3 1 0.0217813
11 1 3 2 -0.0000000
11 1 3 3 -0.0150342
11 1 4 0 -0.0024942
11 1 4 1 -0.0036208
11 1 4 2 -0.0000000
11 1 4 3 0.0141658
11 1 4 4 -0.0000774
11 1 5 0 0.0002515
11 1 5 1 -0.0076922
11 1 5 2 -0.0000000
11 1 5 3 0.0110421
11 1 5 4 -0.0084483
11 1 5 5 0.0030727
11 1 6 0 -0.0000000
11 1 6 1 0.0000000
11 1 6 2 -0.0013395
11 1 6 3 -0.0000000
11 1 6 4 0.0000000
11 1 6 5 -0.0000000
11 1 6 6 0.0001409
11 1 7 0 0.0030726
11 1 7 1 0.0007019
11 1 7 2 0.0000000
11 1 7 3 -0.0076314
11 1 7 4 -0.0118131
11 1 7 5 0.0241346
11 1 7 6 -0.0000000
11 1 7 7 0.0120003
11 1 8 0 0.0000000
11 1 8 1 0.0000000
11 1 8 2 -0.0000936
11 1 8 3 -0.0000000
11 1 8 4 -0.0000000
11 1 8 5 -0.0000000
11 1 8 6 -0.0016899
11 1 8 7 0.0000000
11 1 8 8 0.0083063
11 1 9 0 -0.0000517
11 1 9 1 -0.0007658
11 1 9 2 0.0000000
11 1 9 3 -0.0000203
11 1 9 4 -0.0008895
11 1 9 5 0.0005940
11 1 9 6 -0.0000000
11 1 9 7 0.0004287
11 1 9 8 0.0000000
11 1 9 9 0.0084494
11 1 10 0 -0.0008040
11 1 10 1 -0.0033883
11 1 10 2 0.0000000
11 1 10 3 0.0004125
11 1 10 4 -0.0002864
11 1 10 5 -0.0062945
11 1 10 6 0.0000000
11 1 10 7 -0.0124905
11 1 10 8 -0.0000000
11 1 10 9 -0.0020246
11 1 10 10 -0.0098238
11 1 11 0 0.0032688
11 1 11 1 0.0285761
11 1 11 2 -0.0000000
11 1 11 3 0.0103583
11 1 11 4 0.0133961
11 1 11 5 0.0085895
11 1 11 6 -0.0000000
11 1 11 7 0.0002534
11 1 11 8 -0.0000000
11 1 11 9 -0.0000266
11 1 11 10 0.0069771
11 1 11 11 0.0199271
11 2 0 0 -0.0000000
11 2 1 0 -0.0000000
11 2 1 1 -0.0000000
11 2 2 0 0.0045560
11 2 2 1 0.0170255
11 2 2 2 -0.0000000
11 2 3 0 -0.0000000
11 2 3 1 -0.0000000
11 2 3 2 -0.0099776
11 2 3 3 -0.0000000
11 2 4 0 0.0000000
11 2 4 1 -0.0000000
11 2 4 2 -0.0089064
11 2 4 3 -0.0000000
11 2 4 4 -0.0000000
11 2 5 0 -0.0000000
11 2 5 1 -0.0000000
11 2 5 2 0.0042606
11 2 5 3 0.0000000
11 2 5 4 -0.0000000
11 2 5 5 -0.0000000
11 2 6 0 -0.0065888
11 2 6 1 -0.0016733
11 2 6 2 -0.0000000
11 2 6 3 0.0089952
11 2 6 4 -0.0117492
11 2 6 5 -0.0113621
11 2 6 6 0.0000000
11 2 7 0 -0.0000000
11 2 7 1 0.0000000
11 2 7 2 0.0162044
11 2 7 3 0.0000000
11 2 7 4 0.0000000
11 2 7 5 -0.0000000
11 2 7 6 -0.0181911
11 2 7 7 -0.0000000
11 2 8 0 0.0001339
11 2 8 1 0.0040177
11 2 8 2 -0.0000000
11 2 8 3 0.0007521
11 2 8 4 -0.0026718
11 2 8 5 -0.0004766
11 2 8 6 0.0000000
11 2 8 7 0.0036610
11 2 8 8 -0.0000000
11 2 9 0 -0.0000000
11 2 9 1 0.0000000
11 2 9 2 0.0000528
11 2 9 3 0.0000000
11 2 9 4 0.0000000
11 2 9 5 -0.0000000
11 2 9 6 0.0000722
11 2 9 7 -0.0000000
11 2 9 8 0.0005466
11 2 9 9 -0.0000000
11 2 10 0 0.0000000
11 2 10 1 -0.0000000
11 2 10 2 -0.0021398
11 2 10 3 0.0000000
11 2 10 4 0.0000000
11 2 10 5 0.0000000
11 2 10 6 0.0054566
11 2 10 7 0.0000000
11 2 10 8 -0.0036650
11 2 10 9 0.0000000
11 2 10 10 0.0000000
11 2 11 0 -0.0000000
11 2 11 1 -0.0000000
11 2 11 2 0.0195674
11 2 11 3 -0.0000000
11 2 11 4 -0.0000000
11 2 11 5 -0.0000000
11 2 11 6 -0.0166627
11 2 11 7 0.0000000
11 2 11 8 -0.0008694
11 2 11 9 0.0000000
11 2 11 10 -0.0000000
11 2 11 11 -0.0000000
11 3 0 0 0.0189576
11 3 1 0 0.0038050
11 3 1 1 0.0342702
11 3 2 0 -0.0000000
11 3 2 1 -0.0000000
11 3 2 2 0.0130384
11 3 3 0 0.0028431
11 3 3 1 0.0028219
11 3 3 2 -0.0000000
11 3 3 3 0.0055133
11 3 4 0 -0.0008197
11 3 4 1 0.0065192
11 3 4 2 -0.0000000
11 3 4 3 0.0098180
11 3 4 4 0.0148172
11 3 5 0 0.0079159
11 3 5 1 0.0149805
11 3 5 2 0.0000000
11 3 5 3 -0.0076555
11 3 5 4 0.0067513
11 3 5 5 0.0330417
11 3 6 0 -0.0000000
11 3 6 1 -0.0000000
11 3 6 2 0.0059362
11 3 6 3 0.0000000
11 3 6 4 -0.0000000
11 3 6 5 -0.0000000
11 3 6 6 0.0060629
11 3 7 0 -0.0020123
11 3 7 1 -0.0037468
11 3 7 2 0.0000000
11 3 7 3 0.0132267
11 3 7 4 -0.0179807
11 3 7 5 0.0170903
11 3 7 6 -0.0000000
11 3 7 7 0.0016838
11 3 8 0 0.0000000
11 3 8 1 0.0000000
11 3 8 2 0.0036318
11 3 8 3 0.0000000
11 3 8 4 -0.0000000
11 3 8 5 0.0000000
11 3 8 6 0.0014804
11 3 8 7 0.0000000
11 3 8 8 0.0096985
11 3 9 0 0.0000636
11 3 9 1 0.0001632
11 3 9 2 0.0000000
11 3 9 3 -0.0005188
11 3 9 4 -0.0012464
11 3 9 5 0.0010195
11 3 9 6 -0.0000000
11 3 9 7 0.0009425
11 3 9 8 0.0000000
11 3 9 9 -0.0004286
11 3 10 0 0.0006484
11 3 10 1 0.0049853
11 3 10 2 -0.0000000
11 3 10 3 -0.0034340
11 3 10 4 0.0036250
11 3 10 5 -0.0060863
11 3 10 6 0.0000000
11 3 10 7 -0.0068034
11 3 10 8 -0.0000000
11 3 10 9 -0.0001879
11 3 10 10 -0.0097932
11 3 11 0 -0.0020673
11 3 11 1 0.0103583
11 3 11 2 -0.0000000
11 3 11 3 0.0291745
11 3 11 4 0.0005403
11 3 11 5 0.0043016
11 3 11 6 -0.0000000
11 3 11 7 -0.0064338
11 3 11 8 -0.0000000
11 3 11 9 -0.0005240
11 3 11 10 0.0033014
11 3 11 11 0.0124399
11 4 0 0 0.0065158
11 4 1 0 -0.0025879
11 4 1 1 -0.0092772
11 4 2 0 -0.0000000
11 4 2 1 -0.0000000
11 4 2 2 -0.0029991
11 4 3 0 0.0003480
11 4 3 1 0.0077395
11 4 3 2 -0.0000000
11 4 3 3 0.0050215
11 4 4 0 -0.0004592
11 4 4 1 0.0012163
11 4 4 2 0.0000000
11 4 4 3 -0.0023842
11 4 4 4 -0.0019532
11 4 5 0 -0.0039368
11 4 5 1 -0.0047050
11 4 5 2 -0.0000000
11 4 5 3 0.0090017
11 4 5 4 -0.0083818
11 4 5 5 -0.0033322
11 4 6 0 0.0000000
11 4 6 1 0.0000000
11 4 6 2 -0.0069180
11 4 6 3 -0.0000000
11 4 6 4 0.0000000
11 4 6 5 0.0000000
11 4 6 6 0.0012188
11 4 7 0 0.0022002
11 4 7 1 -0.0067477
11 4 7 2 0.0000000
11 4 7 3 -0.0170081
11 4 7 4 -0.0092182
11 4 7 5 0.0101575
11 4 7 6 -0.0000000
11 4 7 7 0.0108930
11 4 8 0 -0.0000000
11 4 8 1 -0.0000000
11 4 8 2 -0.0012042
11 4 8 3 -0.0000000
11 4 8 4 -0.0000000
11 4 8 5 -0.0000000
11 4 8 6 -0.0018045
11 4 8 7 0.0000000
11 4 8 8 -0.0002585
11 4 9 0 -0.0000220
11 4 9 1 -0.0008220
11 4 9 2 0.0000000
11 4 9 3 -0.0002462
11 4 9 4 -0.0010970
11 4 9 5 0.0009640
11 4 9 6 -0.0000000
11 4 9 7 0.0013963
11 4 9 8 0.0000000
11 4 9 9 -0.0038878
11 4 10 0 -0.0004626
11 4 10 1 -0.0000095
11 4 10 2 0.0000000
11 4 10 3 0.0006846
11 4 10 4 -0.0023067
11 4 10 5 -0.0017704
11 4 10 6 0.0000000
11 4 10 7 -0.0192679
11 4 10 8 -0.0000000
11 4 10 9 -0.0005990
11 4 10 10 -0.0176248
11 4 11 0 0.0021605
11 4 11 1 0.0133961
11 4 11 2 -0.0000000
11 4 11 3 0.0005403
11 4 11 4 0.0187243
11 4 11 5 -0.0084792
11 4 11 6 0.0000000
11 4 11 7 0.0037389
11 4 11 8 -0.0000000
11 4 11 9 -0.0010182
11 4 11 10 0.0091036
11 4 11 11 0.0174365
11 5 0 0 0.0101802
11 5 1 0 -0.0012910
11 5 1 1 0.0005496
11 5 2 0 -0.0000000
11 5 2 1 -0.0000000
11 5 2 2 0.0046903
11 5 3 0 0.0077806
11 5 3 1 0.0144543
11 5 3 2 0.0000000
11 5 3 3 -0.0172069
11 5 4 0 -0.0039047
11 5 4 1 -0.0052101
11 5 4 2 0.0000000
11 5 4 3 0.0130661
11 5 4 4 -0.0045542
11 5 5 0 0.0026329
11 5 5 1 0.0020665
11 5 5 2 -0.0000000
11 5 5 3 0.0096316
11 5 5 4 -0.0019151
11 5 5 5 0.0113651
11 5 6 0 0.0000000
11 5 6 1 -0.0000000
11 5 6 2 -0.0018666
11 5 6 3 -0.0000000
11 5 6 4 0.0000000
11 5 6 5 0.0000000
11 5 6 6 0.0037018
11 5 7 0 0.0034176
11 5 7 1 0.0136784
11 5 7 2 -0.0000000
11 5 7 3 0.0123777
11 5 7 4 0.0053576
11 5 7 5 0.0131421
11 5 7 6 0.0000000
11 5 7 7 0.0111709
11 5 8 0 -0.0000000
11 5 8 1 -0.0000000
11 5 8 2 0.0005331
11 5 8 3 -0.0000000
11 5 8 4 -0.0000000
11 5 8 5 0.0000000
11 5 8 6 -0.0004533
11 5 8 7 0.0000000
11 5 8 8 0.0029775
11 5 9 0 -0.0000236
11 5 9 1 0.0002706
11 5 9 2 -0.0000000
11 5 9 3 0.0004392
11 5 9 4 0.0008449
11 5 9 5 -0.0007535
11 5 9 6 0.0000000
11 5 9 7 -0.0012107
11 5 9 8 -0.0000000
11 5 9 9 0.0064949
11 5 10 0 -0.0008979
11 5 10 1 -0.0058089
11 5 10 2 0.0000000
11 5 10 3 -0.0021497
11 5 10 4 -0.0008368
11 5 10 5 -0.0021973
11 5 10 6 -0.0000000
11 5 10 7 0.0053823
11 5 10 8 -0.0000000
11 5 10 9 0.0003345
11 5 10 10 0.0165523
11 5 11 0 0.0037498
11 5 11 1 0.0085895
11 5 11 2 -0.0000000
11 5 11 3 0.0043016
11 5 11 4 -0.0084792
11 5 11 5 0.0286683
11 5 11 6 -0.0000000
11 5 11 7 0.0124195
11 5 11 8 -0.0000000
11 5 11 9 0.0012267
11 5 11 10 -0.0053855
11 5 11 11 0.0122175
11 6 0 0 -0.0000000
11 6 1 0 0.0000000
11 6 1 1 -0.0000000
11 6 2 0 -0.0057228
11 6 2 1 -0.0182545
11 6 2 2 -0.0000000
11 6 3 0 -0.0000000
11 6 3 1 -0.0000000
11 6 3 2 0.0131129
11 6 3 3 0.0000000
11 6 4 0 0.0000000
11 6 4 1 0.0000000
11 6 4 2 0.0073013
11 6 4 3 -0.0000000
11 6 4 4 0.0000000
11 6 5 0 0.0000000
11 6 5 1 -0.0000000
11 6 5 2 -0.0048759
11 6 5 3 -0.0000000
11 6 5 4 0.0000000
11 6 5 5 0.0000000
11 6 6 0 0.0081815
11 6 6 1 0.0012988
11 6 6 2 0.0000000
11 6 6 3 -0.0115500
11 6 6 4 0.0138108
11 6 6 5 0.0116994
11 6 6 6 -0.0000000
11 6 7 0 -0.0000000
11 6 7 1 -0.0000000
11 6 7 2 -0.0186119
11 6 7 3 -0.0000000
11 6 7 4 -0.0000000
11 6 7 5 0.0000000
11 6 7 6 0.0186163
11 6 7 7 -0.0000000
11 6 8 0 -0.0001370
11 6 8 1 -0.0056259
11 6 8 2 0.0000000
11 6 8 3 -0.0015868
11 6 8 4 -0.0003290
11 6 8 5 0.0035003
11 6 8 6 -0.0000000
11 6 8 7 0.0020635
11 6 8 8 -0.0000000
11 6 9 0 0.0000000
11 6 9 1 -0.0000000
11 6 9 2 -0.0003824
11 6 9 3 -0.0000000
11 6 9 4 -0.0000000
11 6 9 5 0.0000000
11 6 9 6 -0.0004761
11 6 9 7 0.0000000
11 6 9 8 -0.0001272
11 6 9 9 -0.0000000
11 6 10 0 0.0000000
11 6 10 1 0.0000000
11 6 10 2 0.0047950
11 6 10 3 0.0000000
11 6 10 4 0.0000000
11 6 10 5 -0.0000000
11 6 10 6 -0.0038817
11 6 10 7 -0.0000000
11 6 10 8 -0.0085519
11 6 10 9 -0.0000000
11 6 10 10 -0.0000000
11 6 11 0 -0.0000000
11 6 11 1 -0.0000000
11 6 11 2 -0.0166627
11 6 11 3 -0.0000000
11 6 11 4 0.0000000
11 6 11 5 -0.0000000
11 6 11 6 0.0214229
11 6 11 7 -0.0000000
11 6 11 8 -0.0058340
11 6 11 9 -0.0000000
11 6 11 10 0.0000000
11 6 11 11 -0.0000000
11 7 0 0 0.2545616
11 7 1 0 -0.0091291
11 7 1 1 0.0072238
11 7 2 0 0.0000000
11 7 2 1 0.0000000
11 7 2 2 0.0760699
11 7 3 0 0.0049462
11 7 3 1 -0.0421766
11 7 3 2 0.0000000
11 7 3 3 0.0898050
11 7 4 0 -0.0035083
11 7 4 1 -0.0341097
11 7 4 2 0.0000000
11 7 4 3 -0.0859856
11 7 4 4 -0.0189829
11 7 5 0 -0.0113402
11 7 5 1 0.0825166
11 7 5 2 -0.0000000
11 7 5 3 0.0652399
11 7 5 4 0.0330494
11 7 5 5 0.0432533
11 7 6 0 0.0000000
11 7 6 1 -0.0000000
11 7 6 2 -0.0862067
11 7 6 3 -0.0000000
11 7 6 4 -0.0000000
11 7 6 5 0.0000000
11 7 6 6 0.0900251
11 7 7 0 0.0073492
11 7 7 1 0.0048335
11 7 7 2 0.0000000
11 7 7 3 -0.0260556
11 7 7 4 0.0118547
11 7 7 5 0.0013671
11 7 7 6 -0.0000000
11 7 7 7 -0.0050325
11 7 8 0 -0.0000000
11 7 8 1 0.0000000
11 7 8 2 0.0369635
11 7 8 3 0.0000000
11 7 8 4 0.0000000
11 7 8 5 0.0000000
11 7 8 6 0.0212481
11 7 8 7 -0.0000000
11 7 8 8 -0.1510897
11 7 9 0 0.0004471
11 7 9 1 0.0033867
11 7 9 2 -0.0000000
11 7 9 3 -0.0015495
11 7 9 4 -0.0052565
11 7 9 5 0.0012524
11 7 9 6 -0.0000000
11 7 9 7 -0.0011144
11 7 9 8 -0.0000000
11 7 9 9 -0.2608285
11 7 10 0 -0.0005059
11 7 10 1 0.0165277
11 7 10 2 -0.0000000
11 7 10 3 0.0050837
11 7 10 4 -0.0082513
11 7 10 5 -0.0081263
11 7 10 6 0.0000000
11 7 10 7 -0.0287846
11 7 10 8 0.0000000
11 7 10 9 0.0193252
11 7 10 10 -0.1626474
11 7 11 0 0.0071479
11 7 11 1 0.0002534
11 7 11 2 0.0000000
11 7 11 3 -0.0064338
11 7 11 4 0.0037389
11 7 11 5 0.0124195
11 7 11 6 -0.0000000
11 7 11 7 0.2035810
11 7 11 8 -0.0000000
11 7 11 9 0.0030652
11 7 11 10 -0.0593323
11 7 11 11 0.0251515
11 8 0 0 0.0000000
11 8 1 0 0.0000000
11 8 1 1 0.0000000
11 8 2 0 0.0005330
11 8 2 1 0.0073587
11 8 2 2 -0.0000000
11 8 3 0 0.0000000
11 8 3 1 0.0000000
11 8 3 2 -0.0011613
11 8 3 3 -0.0000000
11 8 4 0 -0.0000000
11 8 4 1 -0.0000000
11 8 4 2 -0.0075605
11 8 4 3 -0.0000000
11 8 4 4 -0.0000000
11 8 5 0 -0.0000000
11 8 5 1 0.0000000
11 8 5 2 -0.0000702
11 8 5 3 -0.0000000
11 8 5 4 -0.0000000
11 8 5 5 -0.0000000
11 8 6 0 -0.0007542
11 8 6 1 0.0029740
11 8 6 2 0.0000000
11 8 6 3 0.0000556
11 8 6 4 -0.0078748
11 8 6 5 -0.0049476
11 8 6 6 0.0000000
11 8 7 0 0.0000000
11 8 7 1 0.0000000
11 8 7 2 0.0067380
11 8 7 3 0.0000000
11 8 7 4 0.0000000
11 8 7 5 0.0000000
11 8 7 6 0.0016370
11 8 7 7 -0.0000000
11 8 8 0 -0.0000805
11 8 8 1 0.0077588
11 8 8 2 -0.0000000
11 8 8 3 0.0041838
11 8 8 4 0.0052651
11 8 8 5 -0.0097432
11 8 8 6 0.0000000
11 8 8 7 -0.0181299
11 8 8 8 0.0000000
11 8 9 0 -0.0000000
11 8 9 1 0.0000000
11 8 9 2 0.0006455
11 8 9 3 0.0000000
11 8 9 4 0.0000000
11 8 9 5 0.0000000
11 8 9 6 0.0007412
11 8 9 7 0.0000000
11 8 9 8 -0.0001755
11 8 9 9 0.0000000
11 8 10 0 0.0000000
11 8 10 1 -0.0000000
11 8 10 2 -0.0064125
11 8 10 3 -0.0000000
11 8 10 4 -0.0000000
11 8 10 5 -0.0000000
11 8 10 6 -0.0041838
11 8 10 7 0.0000000
11 8 10 8 0.0253045
11 8 10 9 -0.0000000
11 8 10 10 0.0000000
11 8 11 0 0.0000000
11 8 11 1 -0.0000000
11 8 11 2 -0.0008694
11 8 11 3 -0.0000000
11 8 11 4 -0.0000000
11 8 11 5 -0.0000000
11 8 11 6 -0.0058340
11 8 11 7 -0.0000000
11 8 11 8 0.0229395
11 8 11 9 -0.0000000
11 8 11 10 0.0000000
11 8 11 11 -0.0000000
11 9 0 0 -0.0046724
11 9 1 0 -0.0000695
11 9 1 1 -0.0063348
11 9 2 0 0.0000000
11 9 2 1 0.0000000
11 9 2 2 -0.0038257
11 9 3 0 0.0000067
11 9 3 1 -0.0012557
11 9 3 2 0.0000000
11 9 3 3 -0.0050855
11 9 4 0 0.0000016
11 9 4 1 -0.0028084
11 9 4 2 0.0000000
11 9 4 3 -0.0022347
11 9 4 4 -0.0072232
11 9 5 0 -0.0000856
11 9 5 1 0.0010810
11 9 5 2 -0.0000000
11 9 5 3 0.0021066
11 9 5 4 0.0028055
11 9 5 5 -0.0066255
11 9 6 0 0.0000000
11 9 6 1 -0.0000000
11 9 6 2 -0.0003870
11 9 6 3 -0.0000000
11 9 6 4 -0.0000000
11 9 6 5 0.0000000
11 9 6 6 -0.0037906
11 9 7 0 0.0000922
11 9 7 1 0.0009755
11 9 7 2 -0.0000000
11 9 7 3 0.0001442
11 9 7 4 0.0011500
11 9 7 5 -0.0007228
11 9 7 6 0.0000000
11 9 7 7 -0.0065728
11 9 8 0 -0.0000000
11 9 8 1 0.0000000
11 9 8 2 0.0013002
11 9 8 3 0.0000000
11 9 8 4 0.0000000
11 9 8 5 0.0000000
11 9 8 6 0.0012093
11 9 8 7 0.0000000
11 9 8 8 -0.0085153
11 9 9 0 0.0000582
11 9 9 1 -0.0003646
11 9 9 2 0.0000000
11 9 9 3 -0.0021513
11 9 9 4 -0.0028704
11 9 9 5 0.0013822
11 9 9 6 -0.0000000
11 9 9 7 -0.0066747
11 9 9 8 -0.0000000
11 9 9 9 -0.0538240
11 9 10 0 -0.0000287
11 9 10 1 -0.0007117
11 9 10 2 0.0000000
11 9 10 3 -0.0003417
11 9 10 4 -0.0006300
11 9 10 5 0.0002599
11 9 10 6 -0.0000000
11 9 10 7 -0.0007309
11 9 10 8 -0.0000000
11 9 10 9 0.0071200
11 9 10 10 -0.0059736
11 9 11 0 0.0000720
11 9 11 1 -0.0000266
11 9 11 2 0.0000000
11 9 11 3 -0.0005240
11 9 11 4 -0.0010182
11 9 11 5 0.0012267
11 9 11 6 -0.0000000
11 9 11 7 0.0030652
11 9 11 8 -0.0000000
11 9 11 9 0.0067783
11 9 11 10 0.0001083
11 9 11 11 -0.0052262
11 10 0 0 -0.0747339
11 10 1 0 0.0014653
11 10 1 1 -0.0220760
11 10 2 0 -0.0000000
11 10 2 1 -0.0000000
11 10 2 2 -0.0300282
11 10 3 0 -0.0008449
11 10 3 1 0.0128205
11 10 3 2 -0.0000000
11 10 3 3 -0.0361950
11 10 4 0 0.0006596
11 10 4 1 0.0059817
11 10 4 2 -0.0000000
11 10 4 3 0.0182599
11 10 4 4 -0.0125623
11 10 5 0 0.0019169
11 10 5 1 -0.0243283
11 10 5 2 0.0000000
11 10 5 3 -0.0129546
11 10 5 4 -0.0098597
11 10 5 5 -0.0242303
11 10 6 0 -0.0000000
11 10 6 1 0.0000000
11 10 6 2 0.0198939
11 10 6 3 0.0000000
11 10 6 4 0.0000000
11 10 6 5 -0.0000000
11 10 6 6 -0.0332235
11 10 7 0 -0.0009575
11 10 7 1 -0.0040459
11 10 7 2 0.0000000
11 10 7 3 -0.0015629
11 10 7 4 -0.0155956
11 10 7 5 0.0093832
11 10 7 6 -0.0000000
11 10 7 7 -0.0022261
11 10 8 0 0.0000000
11 10 8 1 -0.0000000
11 10 8 2 -0.0151814
11 10 8 3 -0.0000000
11 10 8 4 -0.0000000
11 10 8 5 -0.0000000
11 10 8 6 -0.0110210
11 10 8 7 0.0000000
11 10 8 8 0.0426907
11 10 9 0 -0.0001563
11 10 9 1 -0.0015232
11 10 9 2 -0.0000000
11 10 9 3 0.0010910
11 10 9 4 0.0027032
11 10 9 5 -0.0008711
11 10 9 6 0.0000000
11 10 9 7 0.0002473
11 10 9 8 0.0000000
11 10 9 9 0.0655087
11 10 10 0 0.0000067
11 10 10 1 -0.0161509
11 10 10 2 0.0000000
11 10 10 3 -0.0145497
11 10 10 4 -0.0124103
11 10 10 5 0.0140218
11 10 10 6 -0.0000000
11 10 10 7 -0.0364451
11 10 10 8 0.0000000
11 10 10 9 -0.0031837
11 10 10 10 0.0421695
11 10 11 0 -0.0010746
11 10 11 1 0.0069771
11 10 11 2 -0.0000000
11 10 11 3 0.0033014
11 10 11 4 0.0091036
11 10 11 5 -0.0053855
11 10 11 6 0.0000000
11 10 11 7 -0.0593323
11 10 11 8 0.0000000
11 10 11 9 0.0001083
11 10 11 10 0.0530157
11 10 11 11 0.0051728
11 11 0 0 0.5901207
11 11 1 0 -0.0062936
11 11 1 1 0.4430838
11 11 2 0 -0.0000000
11 11 2 1 -0.0000000
11 11 2 2 0.4162311
11 11 3 0 0.0096671
11 11 3 1 0.0385631
11 11 3 2 -0.0000000
11 11 3 3 0.4346275
11 11 4 0 -0.0054989
11 11 4 1 0.0429736
11 11 4 2 -0.0000000
11 11 4 3 0.0085184
11 11 4 4 0.4139182
11 11 5 0 -0.0043332
11 11 5 1 0.0379497
11 11 5 2 -0.0000000
11 11 5 3 0.0045637
11 11 5 4 -0.0430936
11 11 5 5 0.4827676
11 11 6 0 0.0000000
11 11 6 1 -0.0000000
11 11 6 2 -0.0569268
11 11 6 3 -0.0000000
11 11 6 4 0.0000000
11 11 6 5 -0.0000000
11 11 6 6 0.4246866
11 11 7 0 0.0065637
11 11 7 1 -0.0027191
11 11 7 2 0.0000000
11 11 7 3 -0.0006710
11 11 7 4 -0.0064022
11 11 7 5 0.0282237
11 11 7 6 -0.0000000
11 11 7 7 0.5013993
11 11 8 0 0.0000000
11 11 8 1 -0.0000000
11 11 8 2 -0.0107766
11 11 8 3 -0.0000000
11 11 8 4 -0.0000000
11 11 8 5 -0.0000000
11 11 8 6 -0.0195186
11 11 8 7 -0.0000000
11 11 8 8 0.4338916
11 11 9 0 0.0000683
11 11 9 1 0.0000001
11 11 9 2 -0.0000000
11 11 9 3 0.0018917
11 11 9 4 0.0038335
11 11 9 5 0.0003466
11 11 9 6 -0.0000000
11 11 9 7 -0.0002550
11 11 9 8 0.0000000
11 11 9 9 0.5430552
11 11 10 0 -0.0009727
11 11 10 1 0.0029249
11 11 10 2 -0.0000000
11 11 10 3 0.0037052
11 11 10 4 0.0127540
11 11 10 5 -0.0067177
11 11 10 6 0.0000000
11 11 10 7 -0.0364332
11 11 10 8 0.0000000
11 11 10 9 -0.0272586
11 11 10 10 0.4103339
11 11 11 0 0.0067930
11 11 11 1 0.0199271
11 11 11 2 -0.0000000
11 11 11 3 0.0124399
11 11 11 4 0.0174365
11 11 11 5 0.0122175
11 11 11 6 -0.0000000
11 11 11 7 0.0251515
11 11 11 8 -0.0000000
11 11 11 9 -0.0052262
11 11 11 10 0.0051728
11 11 11 11 0.5093196
