NMONOMER	1
NELEC	8
ENUC	7.676927
NBASIS	12
HOMO	2
LUMO	2
ENT	5
HF_ENERGY	-36.927854
ENERGIES
-10.970044
-0.936195
-0.549956
-0.336081
0.474926
0.659347
0.702448
849736.421286
965066.299992
996478.070887
1070620.996793
1118093.550632

OEI
-18.591139	
0.219422	-4.635774	
-0.000000	0.000000	-4.240942	
-0.188418	0.117219	-0.000000	-4.344652	
0.150885	-0.287953	-0.000000	0.401281	-3.142748	
-0.237436	0.902346	0.000000	0.234910	0.166707	-3.863044	
0.000000	-0.000000	0.794250	-0.000000	-0.000000	0.000000	-3.546270	
0.115861	0.053830	-0.000000	-0.034616	-0.003598	0.015746	-0.000000	849732.843153	
-0.000000	0.000000	0.132884	-0.000000	0.000000	-0.000000	0.025654	-0.000000	965063.464330	
-0.005051	-0.023381	-0.000000	-0.002117	0.003322	0.013235	0.000000	0.001117	-0.000000	996474.886310	
-0.038091	-0.197775	0.000000	-0.066224	-0.120293	-0.137430	0.000000	0.150795	-0.000000	0.133382	1070618.478899	
0.112619	0.079031	-0.000000	-0.127219	-0.005465	-0.002694	0.000000	-0.851250	0.000000	0.037653	0.322887	1118089.867236	

ENV_OEI
-5.118119	
0.411180	-0.636611	
-0.000000	0.000000	-0.498220	
-0.365953	-0.072284	-0.000000	-0.671992	
0.303186	-0.299606	-0.000000	-0.136249	-0.781872	
-0.482202	0.037946	0.000000	-0.201415	-0.316968	-0.980597	
0.000000	-0.000000	0.146232	0.000000	0.000000	0.000000	-0.529258	
0.221277	0.006516	-0.000000	-0.038077	-0.049733	0.015911	-0.000000	-0.776122	
0.000000	-0.000000	-0.132399	0.000000	0.000000	-0.000000	-0.142224	0.000000	-0.833403	
0.014945	-0.264070	-0.000000	-0.616028	-1.359056	-0.956393	0.000000	0.125862	0.000000	-18.652422	
-0.055121	0.039564	-0.000000	0.002555	0.036646	0.067400	-0.000000	-0.221202	0.000000	1.671400	-0.891976	
0.210353	-0.002653	0.000000	0.038614	0.028244	0.046455	-0.000000	0.043224	-0.000000	0.179381	0.132235	-0.608815	

OVERLAP
1.000000	
0.248362	1.000000	
0.061767	0.488736	1.000000	
0.061767	0.488736	0.167856	1.000000	
0.000000	0.027047	0.038545	0.038545	1.000000	
0.027047	0.301519	0.378700	0.378700	0.248362	1.000000	
0.000000	0.000000	-0.155576	-0.155576	-0.015125	-0.113119	1.000000	
0.000000	0.000000	0.380474	-0.380474	0.000000	0.000000	0.000000	1.000000	
0.000000	0.000000	-0.219667	-0.219667	-0.042713	-0.319437	0.000000	0.000000	1.000000	
0.015125	0.113119	0.044121	0.044121	0.000000	0.000000	0.112775	0.000000	-0.151526	1.000000	
0.000000	0.000000	0.268260	-0.268260	0.000000	0.000000	0.000000	0.166433	0.000000	0.000000	1.000000	
0.042713	0.319437	0.279473	0.279473	0.000000	0.000000	-0.151526	0.000000	-0.261465	0.000000	0.000000	1.000000	

MOCOEFF
-0.996658	-0.016336	0.006505	0.006505	-0.001355	0.006667	0.027486	-0.000000	0.007900	-0.002260	-0.000000	0.003206	
0.143404	-0.335489	-0.267313	-0.267313	0.027966	0.043967	0.318993	-0.000000	0.227728	-0.169649	0.000000	-0.284248	
-0.000000	0.000000	-0.437327	0.437327	0.000000	-0.000000	-0.000000	-0.619314	0.000000	0.000000	0.337708	-0.000000	
-0.127641	0.511190	0.119841	0.119841	0.055109	-0.224665	-0.302347	0.000000	0.684854	-0.026639	-0.000000	-0.368431	
0.103919	-0.643772	0.891157	0.891157	0.118454	-0.707150	0.234797	-0.000000	-0.161871	-0.165864	-0.000000	-0.607136	
-0.168672	1.034682	-0.426897	-0.426897	0.085247	-0.515957	-0.371936	0.000000	-0.927589	-0.285067	0.000000	-0.693195	
0.000000	-0.000000	-0.951147	0.951147	-0.000000	0.000000	0.000000	1.080698	0.000000	0.000000	0.330444	0.000000	
0.084288	-0.388040	0.000000	0.000000	-0.012325	0.049401	-0.608823	-0.000000	0.000000	0.744813	-0.000000	-0.291146	
0.000000	-0.000000	-0.000000	0.000000	-0.000000	0.000000	-0.000000	0.000000	-0.000000	-0.000000	1.000000	-0.000000	
-0.000564	0.002599	0.000000	0.000000	1.025611	-0.216380	0.004077	-0.000000	-0.000000	0.053739	0.000000	0.092871	
-0.018947	0.087226	0.000000	0.000000	-0.019715	-0.850780	0.136854	0.000000	0.000000	0.334096	0.000000	0.355391	
0.081637	-0.375837	0.000000	0.000000	0.011610	-0.229166	-0.589676	-0.000000	-0.000000	-0.509850	0.000000	0.308002	

ERI
0 0 0 0 3.5235848
1 0 0 0 -0.1910965
1 0 1 0 0.0205443
1 0 1 1 0.0059008
1 1 0 0 0.6461640
1 1 1 0 0.0059008
1 1 1 1 0.5934033
2 0 0 0 0.0000000
2 0 1 0 -0.0000000
2 0 1 1 0.0000000
2 0 2 0 0.0095199
2 0 2 1 0.0110917
2 0 2 2 -0.0000000
2 1 0 0 -0.0000000
2 1 1 0 0.0000000
2 1 1 1 0.0000000
2 1 2 0 0.0110917
2 1 2 1 0.1047879
2 1 2 2 -0.0000000
2 2 0 0 0.6535510
2 2 1 0 -0.0008002
2 2 1 1 0.5120806
2 2 2 0 -0.0000000
2 2 2 1 -0.0000000
2 2 2 2 0.5397147
3 0 0 0 0.1665653
3 0 1 0 -0.0127169
3 0 1 1 0.0087203
3 0 2 0 0.0000000
3 0 2 1 -0.0000000
3 0 2 2 0.0038746
3 0 3 0 0.0249347
3 0 3 1 0.0082039
3 0 3 2 -0.0000000
3 0 3 3 -0.0095206
3 1 0 0 -0.0537763
3 1 1 0 0.0011124
3 1 1 1 0.0189898
3 1 2 0 -0.0000000
3 1 2 1 -0.0000000
3 1 2 2 -0.0191849
3 1 3 0 0.0082039
3 1 3 1 0.0589259
3 1 3 2 0.0000000
3 1 3 3 -0.0418081
3 2 0 0 0.0000000
3 2 1 0 -0.0000000
3 2 1 1 -0.0000000
3 2 2 0 -0.0072961
3 2 2 1 -0.0388033
3 2 2 2 0.0000000
3 2 3 0 -0.0000000
3 2 3 1 0.0000000
3 2 3 2 0.0373946
3 2 3 3 0.0000000
3 3 0 0 0.7765435
3 3 1 0 -0.0066651
3 3 1 1 0.4869719
3 3 2 0 0.0000000
3 3 2 1 0.0000000
3 3 2 2 0.4858548
3 3 3 0 -0.0095206
3 3 3 1 -0.0418081
3 3 3 2 0.0000000
3 3 3 3 0.6310844
4 0 0 0 -0.1367433
4 0 1 0 0.0125183
4 0 1 1 -0.0017554
4 0 2 0 -0.0000000
4 0 2 1 0.0000000
4 0 2 2 -0.0022469
4 0 3 0 -0.0142706
4 0 3 1 -0.0021444
4 0 3 2 -0.0000000
4 0 3 3 0.0010124
4 0 4 0 0.0101733
4 0 4 1 -0.0003532
4 0 4 2 -0.0000000
4 0 4 3 -0.0012809
4 0 4 4 -0.0000340
4 1 0 0 0.0831081
4 1 1 0 0.0008292
4 1 1 1 0.0410800
4 1 2 0 0.0000000
4 1 2 1 -0.0000000
4 1 2 2 -0.0150457
4 1 3 0 0.0011945
4 1 3 1 0.0200447
4 1 3 2 0.0000000
4 1 3 3 0.0520742
4 1 4 0 -0.0003532
4 1 4 1 0.0702145
4 1 4 2 0.0000000
4 1 4 3 0.0069717
4 1 4 4 0.0080872
4 2 0 0 0.0000000
4 2 1 0 0.0000000
4 2 1 1 -0.0000000
4 2 2 0 -0.0010961
4 2 2 1 -0.0719605
4 2 2 2 0.0000000
4 2 3 0 0.0000000
4 2 3 1 0.0000000
4 2 3 2 0.0165563
4 2 3 3 -0.0000000
4 2 4 0 -0.0000000
4 2 4 1 0.0000000
4 2 4 2 0.0794387
4 2 4 3 -0.0000000
4 2 4 4 -0.0000000
4 3 0 0 -0.1442514
4 3 1 0 0.0050719
4 3 1 1 0.0212460
4 3 2 0 0.0000000
4 3 2 1 0.0000000
4 3 2 2 -0.0200701
4 3 3 0 0.0084291
4 3 3 1 0.0528424
4 3 3 2 -0.0000000
4 3 3 3 -0.0928024
4 3 4 0 -0.0012809
4 3 4 1 0.0069717
4 3 4 2 -0.0000000
4 3 4 3 0.0803500
4 3 4 4 0.0342609
4 4 0 0 0.5023075
4 4 1 0 0.0018660
4 4 1 1 0.5144388
4 4 2 0 0.0000000
4 4 2 1 0.0000000
4 4 2 2 0.4721514
4 4 3 0 0.0013733
4 4 3 1 0.0192424
4 4 3 2 -0.0000000
4 4 3 3 0.4400302
4 4 4 0 -0.0000340
4 4 4 1 0.0080872
4 4 4 2 -0.0000000
4 4 4 3 0.0342609
4 4 4 4 0.5201256
5 0 0 0 0.2216411
5 0 1 0 -0.0264587
5 0 1 1 -0.0117896
5 0 2 0 -0.0000000
5 0 2 1 -0.0000000
5 0 2 2 -0.0006158
5 0 3 0 0.0070086
5 0 3 1 -0.0062996
5 0 3 2 0.0000000
5 0 3 3 0.0156822
5 0 4 0 -0.0126161
5 0 4 1 -0.0012005
5 0 4 2 0.0000000
5 0 4 3 -0.0121218
5 0 4 4 -0.0028983
5 0 5 0 0.0394607
5 0 5 1 0.0040961
5 0 5 2 -0.0000000
5 0 5 3 -0.0040069
5 0 5 4 0.0024114
5 0 5 5 -0.0099916
5 1 0 0 -0.2664067
5 1 1 0 -0.0004031
5 1 1 1 -0.0712638
5 1 2 0 -0.0000000
5 1 2 1 0.0000000
5 1 2 2 -0.0705949
5 1 3 0 -0.0080196
5 1 3 1 0.0263693
5 1 3 2 -0.0000000
5 1 3 3 -0.0915311
5 1 4 0 0.0031334
5 1 4 1 -0.0144392
5 1 4 2 -0.0000000
5 1 4 3 0.0477091
5 1 4 4 0.0010729
5 1 5 0 0.0040961
5 1 5 1 0.1053417
5 1 5 2 0.0000000
5 1 5 3 0.0356884
5 1 5 4 0.0365359
5 1 5 5 -0.0848789
5 2 0 0 -0.0000000
5 2 1 0 0.0000000
5 2 1 1 -0.0000000
5 2 2 0 -0.0059836
5 2 2 1 -0.0057121
5 2 2 2 -0.0000000
5 2 3 0 0.0000000
5 2 3 1 0.0000000
5 2 3 2 0.0014110
5 2 3 3 -0.0000000
5 2 4 0 0.0000000
5 2 4 1 -0.0000000
5 2 4 2 -0.0160964
5 2 4 3 0.0000000
5 2 4 4 0.0000000
5 2 5 0 -0.0000000
5 2 5 1 0.0000000
5 2 5 2 0.0237534
5 2 5 3 0.0000000
5 2 5 4 -0.0000000
5 2 5 5 -0.0000000
5 3 0 0 -0.0842071
5 3 1 0 0.0041019
5 3 1 1 0.0183876
5 3 2 0 0.0000000
5 3 2 1 0.0000000
5 3 2 2 -0.0168533
5 3 3 0 -0.0028555
5 3 3 1 0.0061895
5 3 3 2 -0.0000000
5 3 3 3 -0.0347755
5 3 4 0 0.0018618
5 3 4 1 0.0199208
5 3 4 2 0.0000000
5 3 4 3 0.0348330
5 3 4 4 0.0261380
5 3 5 0 -0.0040069
5 3 5 1 0.0356884
5 3 5 2 0.0000000
5 3 5 3 0.0519179
5 3 5 4 0.0199249
5 3 5 5 0.0023072
5 4 0 0 -0.0509472
5 4 1 0 -0.0011079
5 4 1 1 -0.0087670
5 4 2 0 -0.0000000
5 4 2 1 -0.0000000
5 4 2 2 -0.0320027
5 4 3 0 -0.0019249
5 4 3 1 0.0326016
5 4 3 2 0.0000000
5 4 3 3 0.0042039
5 4 4 0 0.0004169
5 4 4 1 0.0418423
5 4 4 2 0.0000000
5 4 4 3 0.0262294
5 4 4 4 0.0032621
5 4 5 0 0.0024114
5 4 5 1 0.0365359
5 4 5 2 -0.0000000
5 4 5 3 0.0199249
5 4 5 4 0.0592797
5 4 5 5 0.0141329
5 5 0 0 0.7864759
5 5 1 0 0.0007479
5 5 1 1 0.5779676
5 5 2 0 0.0000000
5 5 2 1 0.0000000
5 5 2 2 0.4995721
5 5 3 0 0.0184219
5 5 3 1 0.0375230
5 5 3 2 -0.0000000
5 5 3 3 0.5074184
5 5 4 0 -0.0068205
5 5 4 1 0.0646675
5 5 4 2 -0.0000000
5 5 4 3 0.0178252
5 5 4 4 0.5004325
5 5 5 0 -0.0099916
5 5 5 1 -0.0848789
5 5 5 2 -0.0000000
5 5 5 3 0.0023072
5 5 5 4 0.0141329
5 5 5 5 0.6241085
6 0 0 0 -0.0000000
6 0 1 0 0.0000000
6 0 1 1 0.0000000
6 0 2 0 -0.0133424
6 0 2 1 -0.0139583
6 0 2 2 0.0000000
6 0 3 0 -0.0000000
6 0 3 1 0.0000000
6 0 3 2 0.0096361
6 0 3 3 -0.0000000
6 0 4 0 0.0000000
6 0 4 1 -0.0000000
6 0 4 2 0.0013217
6 0 4 3 0.0000000
6 0 4 4 0.0000000
6 0 5 0 -0.0000000
6 0 5 1 0.0000000
6 0 5 2 0.0073873
6 0 5 3 -0.0000000
6 0 5 4 0.0000000
6 0 5 5 -0.0000000
6 0 6 0 0.0188054
6 0 6 1 0.0047307
6 0 6 2 -0.0000000
6 0 6 3 -0.0095699
6 0 6 4 0.0097661
6 0 6 5 -0.0097265
6 0 6 6 0.0000000
6 1 0 0 0.0000000
6 1 1 0 0.0000000
6 1 1 1 0.0000000
6 1 2 0 -0.0037177
6 1 2 1 0.0320078
6 1 2 2 0.0000000
6 1 3 0 0.0000000
6 1 3 1 -0.0000000
6 1 3 2 -0.0021269
6 1 3 3 0.0000000
6 1 4 0 -0.0000000
6 1 4 1 0.0000000
6 1 4 2 -0.0497198
6 1 4 3 -0.0000000
6 1 4 4 0.0000000
6 1 5 0 -0.0000000
6 1 5 1 -0.0000000
6 1 5 2 0.0231359
6 1 5 3 -0.0000000
6 1 5 4 -0.0000000
6 1 5 5 0.0000000
6 1 6 0 0.0047307
6 1 6 1 0.0426335
6 1 6 2 -0.0000000
6 1 6 3 -0.0112218
6 1 6 4 -0.0529991
6 1 6 5 0.0219171
6 1 6 6 -0.0000000
6 2 0 0 -0.2547960
6 2 1 0 0.0062034
6 2 1 1 -0.0133560
6 2 2 0 0.0000000
6 2 2 1 0.0000000
6 2 2 2 -0.0458877
6 2 3 0 -0.0011773
6 2 3 1 0.0201893
6 2 3 2 -0.0000000
6 2 3 3 -0.1106056
6 2 4 0 0.0028645
6 2 4 1 -0.0389299
6 2 4 2 0.0000000
6 2 4 3 0.0569433
6 2 4 4 0.0349191
6 2 5 0 -0.0084150
6 2 5 1 0.0709243
6 2 5 2 0.0000000
6 2 5 3 0.0323417
6 2 5 4 -0.0098288
6 2 5 5 -0.0500856
6 2 6 0 -0.0000000
6 2 6 1 -0.0000000
6 2 6 2 0.1207815
6 2 6 3 -0.0000000
6 2 6 4 0.0000000
6 2 6 5 0.0000000
6 2 6 6 -0.0423198
6 3 0 0 0.0000000
6 3 1 0 -0.0000000
6 3 1 1 -0.0000000
6 3 2 0 0.0070743
6 3 2 1 0.0152826
6 3 2 2 0.0000000
6 3 3 0 0.0000000
6 3 3 1 -0.0000000
6 3 3 2 -0.0278156
6 3 3 3 0.0000000
6 3 4 0 -0.0000000
6 3 4 1 -0.0000000
6 3 4 2 0.0082820
6 3 4 3 -0.0000000
6 3 4 4 -0.0000000
6 3 5 0 -0.0000000
6 3 5 1 -0.0000000
6 3 5 2 -0.0049502
6 3 5 3 -0.0000000
6 3 5 4 -0.0000000
6 3 5 5 0.0000000
6 3 6 0 -0.0095699
6 3 6 1 -0.0112218
6 3 6 2 -0.0000000
6 3 6 3 0.0304063
6 3 6 4 -0.0102940
6 3 6 5 0.0018384
6 3 6 6 0.0000000
6 4 0 0 0.0000000
6 4 1 0 0.0000000
6 4 1 1 0.0000000
6 4 2 0 -0.0073123
6 4 2 1 -0.0923924
6 4 2 2 0.0000000
6 4 3 0 0.0000000
6 4 3 1 -0.0000000
6 4 3 2 0.0365036
6 4 3 3 -0.0000000
6 4 4 0 -0.0000000
6 4 4 1 -0.0000000
6 4 4 2 0.0859072
6 4 4 3 -0.0000000
6 4 4 4 -0.0000000
6 4 5 0 0.0000000
6 4 5 1 -0.0000000
6 4 5 2 -0.0169850
6 4 5 3 -0.0000000
6 4 5 4 0.0000000
6 4 5 5 -0.0000000
6 4 6 0 0.0097661
6 4 6 1 -0.0529991
6 4 6 2 0.0000000
6 4 6 3 -0.0102940
6 4 6 4 0.1133834
6 4 6 5 -0.0586073
6 4 6 6 0.0000000
6 5 0 0 -0.0000000
6 5 1 0 -0.0000000
6 5 1 1 -0.0000000
6 5 2 0 0.0075783
6 5 2 1 0.0596841
6 5 2 2 0.0000000
6 5 3 0 -0.0000000
6 5 3 1 -0.0000000
6 5 3 2 -0.0154025
6 5 3 3 -0.0000000
6 5 4 0 0.0000000
6 5 4 1 -0.0000000
6 5 4 2 -0.0456074
6 5 4 3 -0.0000000
6 5 4 4 -0.0000000
6 5 5 0 0.0000000
6 5 5 1 0.0000000
6 5 5 2 -0.0030911
6 5 5 3 -0.0000000
6 5 5 4 -0.0000000
6 5 5 5 -0.0000000
6 5 6 0 -0.0097265
6 5 6 1 0.0219171
6 5 6 2 0.0000000
6 5 6 3 0.0018384
6 5 6 4 -0.0586073
6 5 6 5 0.0438130
6 5 6 6 -0.0000000
6 6 0 0 0.7098983
6 6 1 0 -0.0054681
6 6 1 1 0.4986518
6 6 2 0 -0.0000000
6 6 2 1 -0.0000000
6 6 2 2 0.5303068
6 6 3 0 0.0041340
6 6 3 1 -0.0182137
6 6 3 2 0.0000000
6 6 3 3 0.4918168
6 6 4 0 -0.0036917
6 6 4 1 -0.0203556
6 6 4 2 0.0000000
6 6 4 3 -0.0270704
6 6 4 4 0.4792578
6 6 5 0 0.0058528
6 6 5 1 -0.0595954
6 6 5 2 -0.0000000
6 6 5 3 -0.0231726
6 6 5 4 -0.0369199
6 6 5 5 0.4994428
6 6 6 0 0.0000000
6 6 6 1 -0.0000000
6 6 6 2 -0.0423198
6 6 6 3 0.0000000
6 6 6 4 0.0000000
6 6 6 5 -0.0000000
6 6 6 6 0.5505660
7 0 0 0 -0.0850721
7 0 1 0 0.0037669
7 0 1 1 -0.0068996
7 0 2 0 -0.0000000
7 0 2 1 0.0000000
7 0 2 2 -0.0005547
7 0 3 0 -0.0033636
7 0 3 1 0.0049952
7 0 3 2 -0.0000000
7 0 3 3 -0.0044646
7 0 4 0 0.0032454
7 0 4 1 -0.0034431
7 0 4 2 0.0000000
7 0 4 3 0.0024752
7 0 4 4 -0.0036462
7 0 5 0 -0.0054081
7 0 5 1 0.0043810
7 0 5 2 -0.0000000
7 0 5 3 -0.0057696
7 0 5 4 0.0032993
7 0 5 5 -0.0048742
7 0 6 0 0.0000000
7 0 6 1 -0.0000000
7 0 6 2 -0.0017079
7 0 6 3 0.0000000
7 0 6 4 -0.0000000
7 0 6 5 0.0000000
7 0 6 6 0.0005612
7 0 7 0 0.0112591
7 0 7 1 0.0015231
7 0 7 2 -0.0000000
7 0 7 3 -0.0025895
7 0 7 4 0.0014246
7 0 7 5 -0.0031802
7 0 7 6 0.0000000
7 0 7 7 0.0059804
7 1 0 0 -0.0067024
7 1 1 0 -0.0008029
7 1 1 1 -0.0000747
7 1 2 0 0.0000000
7 1 2 1 0.0000000
7 1 2 2 0.0056141
7 1 3 0 0.0032747
7 1 3 1 0.0073133
7 1 3 2 -0.0000000
7 1 3 3 -0.0112097
7 1 4 0 -0.0014517
7 1 4 1 -0.0071051
7 1 4 2 0.0000000
7 1 4 3 0.0075817
7 1 4 4 0.0014342
7 1 5 0 -0.0005965
7 1 5 1 0.0025748
7 1 5 2 0.0000000
7 1 5 3 -0.0050229
7 1 5 4 -0.0011503
7 1 5 5 0.0000454
7 1 6 0 -0.0000000
7 1 6 1 -0.0000000
7 1 6 2 0.0027876
7 1 6 3 0.0000000
7 1 6 4 -0.0000000
7 1 6 5 0.0000000
7 1 6 6 0.0047607
7 1 7 0 0.0015231
7 1 7 1 0.0101671
7 1 7 2 0.0000000
7 1 7 3 0.0046479
7 1 7 4 0.0068841
7 1 7 5 -0.0005710
7 1 7 6 0.0000000
7 1 7 7 -0.0021677
7 2 0 0 -0.0000000
7 2 1 0 0.0000000
7 2 1 1 0.0000000
7 2 2 0 0.0050727
7 2 2 1 0.0224191
7 2 2 2 -0.0000000
7 2 3 0 -0.0000000
7 2 3 1 -0.0000000
7 2 3 2 -0.0120382
7 2 3 3 0.0000000
7 2 4 0 0.0000000
7 2 4 1 0.0000000
7 2 4 2 -0.0122356
7 2 4 3 0.0000000
7 2 4 4 0.0000000
7 2 5 0 -0.0000000
7 2 5 1 0.0000000
7 2 5 2 -0.0045569
7 2 5 3 0.0000000
7 2 5 4 -0.0000000
7 2 5 5 0.0000000
7 2 6 0 -0.0069622
7 2 6 1 0.0013050
7 2 6 2 0.0000000
7 2 6 3 0.0100095
7 2 6 4 -0.0183030
7 2 6 5 0.0128347
7 2 6 6 -0.0000000
7 2 7 0 -0.0000000
7 2 7 1 0.0000000
7 2 7 2 0.0185813
7 2 7 3 0.0000000
7 2 7 4 0.0000000
7 2 7 5 -0.0000000
7 2 7 6 -0.0158610
7 2 7 7 0.0000000
7 3 0 0 -0.0079248
7 3 1 0 0.0043997
7 3 1 1 0.0265927
7 3 2 0 -0.0000000
7 3 2 1 -0.0000000
7 3 2 2 0.0005891
7 3 3 0 0.0026811
7 3 3 1 0.0029743
7 3 3 2 -0.0000000
7 3 3 3 -0.0119875
7 3 4 0 0.0003765
7 3 4 1 0.0092145
7 3 4 2 0.0000000
7 3 4 3 0.0161437
7 3 4 4 0.0156445
7 3 5 0 -0.0080362
7 3 5 1 -0.0022990
7 3 5 2 0.0000000
7 3 5 3 0.0182495
7 3 5 4 -0.0019891
7 3 5 5 0.0231629
7 3 6 0 0.0000000
7 3 6 1 0.0000000
7 3 6 2 0.0158341
7 3 6 3 -0.0000000
7 3 6 4 0.0000000
7 3 6 5 -0.0000000
7 3 6 6 -0.0045512
7 3 7 0 -0.0025895
7 3 7 1 0.0046479
7 3 7 2 0.0000000
7 3 7 3 0.0264673
7 3 7 4 0.0010114
7 3 7 5 -0.0005229
7 3 7 6 0.0000000
7 3 7 7 0.0054854
7 4 0 0 0.0071750
7 4 1 0 -0.0020986
7 4 1 1 -0.0071396
7 4 2 0 0.0000000
7 4 2 1 0.0000000
7 4 2 2 -0.0035842
7 4 3 0 0.0000120
7 4 3 1 0.0010796
7 4 3 2 0.0000000
7 4 3 3 0.0053721
7 4 4 0 -0.0007197
7 4 4 1 0.0007375
7 4 4 2 -0.0000000
7 4 4 3 -0.0024492
7 4 4 4 -0.0043268
7 4 5 0 0.0031957
7 4 5 1 0.0020603
7 4 5 2 -0.0000000
7 4 5 3 -0.0044714
7 4 5 4 0.0051513
7 4 5 5 -0.0036571
7 4 6 0 -0.0000000
7 4 6 1 -0.0000000
7 4 6 2 -0.0058953
7 4 6 3 0.0000000
7 4 6 4 -0.0000000
7 4 6 5 0.0000000
7 4 6 6 -0.0001688
7 4 7 0 0.0014246
7 4 7 1 0.0068841
7 4 7 2 0.0000000
7 4 7 3 0.0010114
7 4 7 4 0.0177937
7 4 7 5 0.0146637
7 4 7 6 -0.0000000
7 4 7 7 0.0058151
7 5 0 0 -0.0109347
7 5 1 0 0.0011351
7 5 1 1 -0.0024207
7 5 2 0 -0.0000000
7 5 2 1 -0.0000000
7 5 2 2 -0.0050138
7 5 3 0 -0.0078337
7 5 3 1 -0.0185091
7 5 3 2 0.0000000
7 5 3 3 0.0159260
7 5 4 0 0.0031194
7 5 4 1 -0.0003176
7 5 4 2 -0.0000000
7 5 4 3 -0.0146287
7 5 4 4 0.0012256
7 5 5 0 0.0029056
7 5 5 1 0.0008770
7 5 5 2 0.0000000
7 5 5 3 0.0074528
7 5 5 4 -0.0045472
7 5 5 5 -0.0152680
7 5 6 0 0.0000000
7 5 6 1 0.0000000
7 5 6 2 0.0035969
7 5 6 3 -0.0000000
7 5 6 4 0.0000000
7 5 6 5 0.0000000
7 5 6 6 -0.0019891
7 5 7 0 -0.0031802
7 5 7 1 -0.0005710
7 5 7 2 -0.0000000
7 5 7 3 -0.0005229
7 5 7 4 0.0146637
7 5 7 5 0.0327081
7 5 7 6 -0.0000000
7 5 7 7 -0.0183637
7 6 0 0 0.0000000
7 6 1 0 -0.0000000
7 6 1 1 -0.0000000
7 6 2 0 -0.0055694
7 6 2 1 -0.0122652
7 6 2 2 0.0000000
7 6 3 0 0.0000000
7 6 3 1 0.0000000
7 6 3 2 0.0112468
7 6 3 3 -0.0000000
7 6 4 0 -0.0000000
7 6 4 1 -0.0000000
7 6 4 2 0.0007675
7 6 4 3 0.0000000
7 6 4 4 -0.0000000
7 6 5 0 0.0000000
7 6 5 1 0.0000000
7 6 5 2 0.0064567
7 6 5 3 -0.0000000
7 6 5 4 0.0000000
7 6 5 5 0.0000000
7 6 6 0 0.0077021
7 6 6 1 0.0054724
7 6 6 2 -0.0000000
7 6 6 3 -0.0119722
7 6 6 4 0.0070898
7 6 6 5 -0.0064632
7 6 6 6 0.0000000
7 6 7 0 0.0000000
7 6 7 1 0.0000000
7 6 7 2 -0.0158610
7 6 7 3 0.0000000
7 6 7 4 -0.0000000
7 6 7 5 -0.0000000
7 6 7 6 0.0195253
7 6 7 7 0.0000000
7 7 0 0 0.5615253
7 7 1 0 -0.0065530
7 7 1 1 0.4328793
7 7 2 0 0.0000000
7 7 2 1 0.0000000
7 7 2 2 0.4043157
7 7 3 0 0.0083580
7 7 3 1 0.0401573
7 7 3 2 0.0000000
7 7 3 3 0.4235835
7 7 4 0 -0.0051781
7 7 4 1 0.0517414
7 7 4 2 0.0000000
7 7 4 3 0.0195979
7 7 4 4 0.4122683
7 7 5 0 0.0048270
7 7 5 1 -0.0145954
7 7 5 2 -0.0000000
7 7 5 3 0.0060944
7 7 5 4 0.0494630
7 7 5 5 0.4820409
7 7 6 0 -0.0000000
7 7 6 1 0.0000000
7 7 6 2 -0.0464831
7 7 6 3 0.0000000
7 7 6 4 -0.0000000
7 7 6 5 -0.0000000
7 7 6 6 0.4111823
7 7 7 0 0.0059804
7 7 7 1 -0.0021677
7 7 7 2 0.0000000
7 7 7 3 0.0054854
7 7 7 4 0.0058151
7 7 7 5 -0.0183637
7 7 7 6 0.0000000
7 7 7 7 0.5146546
8 0 0 0 -0.0000000
8 0 1 0 -0.0000000
8 0 1 1 -0.0000000
8 0 2 0 -0.0002488
8 0 2 1 -0.0003150
8 0 2 2 0.0000000
8 0 3 0 0.0000000
8 0 3 1 0.0000000
8 0 3 2 0.0001751
8 0 3 3 -0.0000000
8 0 4 0 -0.0000000
8 0 4 1 -0.0000000
8 0 4 2 -0.0000979
8 0 4 3 0.0000000
8 0 4 4 -0.0000000
8 0 5 0 0.0000000
8 0 5 1 0.0000000
8 0 5 2 0.0002943
8 0 5 3 -0.0000000
8 0 5 4 0.0000000
8 0 5 5 -0.0000000
8 0 6 0 0.0003390
8 0 6 1 0.0002483
8 0 6 2 -0.0000000
8 0 6 3 -0.0001887
8 0 6 4 0.0000417
8 0 6 5 -0.0002036
8 0 6 6 0.0000000
8 0 7 0 -0.0000000
8 0 7 1 -0.0000000
8 0 7 2 -0.0001307
8 0 7 3 0.0000000
8 0 7 4 -0.0000000
8 0 7 5 0.0000000
8 0 7 6 0.0001558
8 0 7 7 -0.0000000
8 0 8 0 0.0000107
8 0 8 1 -0.0000422
8 0 8 2 -0.0000000
8 0 8 3 -0.0000827
8 0 8 4 -0.0000871
8 0 8 5 -0.0002165
8 0 8 6 0.0000000
8 0 8 7 -0.0000302
8 0 8 8 -0.0000000
8 1 0 0 -0.0000000
8 1 1 0 -0.0000000
8 1 1 1 -0.0000000
8 1 2 0 -0.0021377
8 1 2 1 -0.0340100
8 1 2 2 0.0000000
8 1 3 0 0.0000000
8 1 3 1 0.0000000
8 1 3 2 0.0079936
8 1 3 3 -0.0000000
8 1 4 0 -0.0000000
8 1 4 1 0.0000000
8 1 4 2 0.0290798
8 1 4 3 -0.0000000
8 1 4 4 -0.0000000
8 1 5 0 0.0000000
8 1 5 1 -0.0000000
8 1 5 2 -0.0014129
8 1 5 3 0.0000000
8 1 5 4 0.0000000
8 1 5 5 -0.0000000
8 1 6 0 0.0026675
8 1 6 1 -0.0177869
8 1 6 2 0.0000000
8 1 6 3 -0.0007069
8 1 6 4 0.0358148
8 1 6 5 -0.0203004
8 1 6 6 0.0000000
8 1 7 0 -0.0000000
8 1 7 1 -0.0000000
8 1 7 2 -0.0068413
8 1 7 3 0.0000000
8 1 7 4 -0.0000000
8 1 7 5 0.0000000
8 1 7 6 0.0010907
8 1 7 7 0.0000000
8 1 8 0 -0.0000422
8 1 8 1 0.0259820
8 1 8 2 0.0000000
8 1 8 3 0.0123469
8 1 8 4 0.0055348
8 1 8 5 0.0262035
8 1 8 6 -0.0000000
8 1 8 7 -0.0003936
8 1 8 8 0.0000000
8 2 0 0 -0.0339942
8 2 1 0 -0.0001681
8 2 1 1 -0.0187838
8 2 2 0 -0.0000000
8 2 2 1 0.0000000
8 2 2 2 -0.0293771
8 2 3 0 -0.0003151
8 2 3 1 0.0110744
8 2 3 2 0.0000000
8 2 3 3 -0.0160839
8 2 4 0 0.0000348
8 2 4 1 0.0177184
8 2 4 2 0.0000000
8 2 4 3 0.0123316
8 2 4 4 -0.0107188
8 2 5 0 0.0003464
8 2 5 1 0.0185846
8 2 5 2 0.0000000
8 2 5 3 0.0136052
8 2 5 4 0.0235940
8 2 5 5 -0.0041545
8 2 6 0 -0.0000000
8 2 6 1 -0.0000000
8 2 6 2 0.0027961
8 2 6 3 -0.0000000
8 2 6 4 -0.0000000
8 2 6 5 -0.0000000
8 2 6 6 -0.0291327
8 2 7 0 0.0000045
8 2 7 1 -0.0026239
8 2 7 2 0.0000000
8 2 7 3 0.0032186
8 2 7 4 0.0013710
8 2 7 5 -0.0010439
8 2 7 6 0.0000000
8 2 7 7 0.0201019
8 2 8 0 -0.0000000
8 2 8 1 0.0000000
8 2 8 2 0.0204257
8 2 8 3 -0.0000000
8 2 8 4 -0.0000000
8 2 8 5 0.0000000
8 2 8 6 0.0165929
8 2 8 7 0.0000000
8 2 8 8 0.0582346
8 3 0 0 0.0000000
8 3 1 0 0.0000000
8 3 1 1 0.0000000
8 3 2 0 -0.0002838
8 3 2 1 -0.0068683
8 3 2 2 0.0000000
8 3 3 0 0.0000000
8 3 3 1 -0.0000000
8 3 3 2 0.0000428
8 3 3 3 0.0000000
8 3 4 0 -0.0000000
8 3 4 1 -0.0000000
8 3 4 2 0.0070910
8 3 4 3 -0.0000000
8 3 4 4 0.0000000
8 3 5 0 0.0000000
8 3 5 1 -0.0000000
8 3 5 2 0.0008172
8 3 5 3 -0.0000000
8 3 5 4 0.0000000
8 3 5 5 -0.0000000
8 3 6 0 0.0003243
8 3 6 1 -0.0042348
8 3 6 2 -0.0000000
8 3 6 3 0.0012918
8 3 6 4 0.0080871
8 3 6 5 -0.0038763
8 3 6 6 0.0000000
8 3 7 0 -0.0000000
8 3 7 1 0.0000000
8 3 7 2 -0.0013621
8 3 7 3 -0.0000000
8 3 7 4 -0.0000000
8 3 7 5 0.0000000
8 3 7 6 0.0000543
8 3 7 7 -0.0000000
8 3 8 0 -0.0000827
8 3 8 1 0.0123469
8 3 8 2 -0.0000000
8 3 8 3 0.0086535
8 3 8 4 0.0087002
8 3 8 5 0.0156548
8 3 8 6 -0.0000000
8 3 8 7 0.0011272
8 3 8 8 -0.0000000
8 4 0 0 -0.0000000
8 4 1 0 0.0000000
8 4 1 1 0.0000000
8 4 2 0 0.0003354
8 4 2 1 0.0120123
8 4 2 2 -0.0000000
8 4 3 0 -0.0000000
8 4 3 1 -0.0000000
8 4 3 2 -0.0030741
8 4 3 3 0.0000000
8 4 4 0 0.0000000
8 4 4 1 -0.0000000
8 4 4 2 -0.0115766
8 4 4 3 0.0000000
8 4 4 4 0.0000000
8 4 5 0 -0.0000000
8 4 5 1 0.0000000
8 4 5 2 0.0061734
8 4 5 3 -0.0000000
8 4 5 4 -0.0000000
8 4 5 5 0.0000000
8 4 6 0 -0.0005390
8 4 6 1 0.0094397
8 4 6 2 -0.0000000
8 4 6 3 0.0005583
8 4 6 4 -0.0141896
8 4 6 5 0.0099934
8 4 6 6 -0.0000000
8 4 7 0 -0.0000000
8 4 7 1 0.0000000
8 4 7 2 0.0016951
8 4 7 3 -0.0000000
8 4 7 4 0.0000000
8 4 7 5 -0.0000000
8 4 7 6 -0.0009389
8 4 7 7 -0.0000000
8 4 8 0 -0.0000871
8 4 8 1 0.0055348
8 4 8 2 -0.0000000
8 4 8 3 0.0087002
8 4 8 4 0.0170566
8 4 8 5 0.0123899
8 4 8 6 -0.0000000
8 4 8 7 -0.0012180
8 4 8 8 -0.0000000
8 5 0 0 -0.0000000
8 5 1 0 -0.0000000
8 5 1 1 -0.0000000
8 5 2 0 -0.0004676
8 5 2 1 -0.0207372
8 5 2 2 -0.0000000
8 5 3 0 0.0000000
8 5 3 1 0.0000000
8 5 3 2 0.0053235
8 5 3 3 -0.0000000
8 5 4 0 -0.0000000
8 5 4 1 0.0000000
8 5 4 2 0.0246666
8 5 4 3 0.0000000
8 5 4 4 -0.0000000
8 5 5 0 0.0000000
8 5 5 1 -0.0000000
8 5 5 2 -0.0044830
8 5 5 3 0.0000000
8 5 5 4 0.0000000
8 5 5 5 -0.0000000
8 5 6 0 0.0006207
8 5 6 1 -0.0170652
8 5 6 2 -0.0000000
8 5 6 3 0.0013396
8 5 6 4 0.0300213
8 5 6 5 -0.0134572
8 5 6 6 0.0000000
8 5 7 0 0.0000000
8 5 7 1 -0.0000000
8 5 7 2 -0.0040383
8 5 7 3 0.0000000
8 5 7 4 0.0000000
8 5 7 5 -0.0000000
8 5 7 6 -0.0014000
8 5 7 7 0.0000000
8 5 8 0 -0.0002165
8 5 8 1 0.0262035
8 5 8 2 0.0000000
8 5 8 3 0.0156548
8 5 8 4 0.0123899
8 5 8 5 0.0340734
8 5 8 6 -0.0000000
8 5 8 7 -0.0007620
8 5 8 8 0.0000000
8 6 0 0 -0.0006266
8 6 1 0 -0.0002002
8 6 1 1 -0.0063349
8 6 2 0 0.0000000
8 6 2 1 0.0000000
8 6 2 2 -0.0134577
8 6 3 0 0.0003124
8 6 3 1 0.0087205
8 6 3 2 -0.0000000
8 6 3 3 0.0009121
8 6 4 0 -0.0002554
8 6 4 1 0.0199150
8 6 4 2 -0.0000000
8 6 4 3 0.0066400
8 6 4 4 -0.0077247
8 6 5 0 0.0001157
8 6 5 1 0.0049920
8 6 5 2 -0.0000000
8 6 5 3 0.0080498
8 6 5 4 0.0214772
8 6 5 5 0.0082560
8 6 6 0 -0.0000000
8 6 6 1 0.0000000
8 6 6 2 -0.0102612
8 6 6 3 -0.0000000
8 6 6 4 -0.0000000
8 6 6 5 -0.0000000
8 6 6 6 -0.0175382
8 6 7 0 0.0001248
8 6 7 1 -0.0024590
8 6 7 2 0.0000000
8 6 7 3 0.0018537
8 6 7 4 0.0005521
8 6 7 5 -0.0032811
8 6 7 6 0.0000000
8 6 7 7 0.0253847
8 6 8 0 0.0000000
8 6 8 1 -0.0000000
8 6 8 2 0.0165929
8 6 8 3 -0.0000000
8 6 8 4 -0.0000000
8 6 8 5 -0.0000000
8 6 8 6 0.0160883
8 6 8 7 0.0000000
8 6 8 8 0.0446113
8 7 0 0 -0.0000000
8 7 1 0 -0.0000000
8 7 1 1 -0.0000000
8 7 2 0 -0.0002729
8 7 2 1 -0.0031213
8 7 2 2 0.0000000
8 7 3 0 0.0000000
8 7 3 1 0.0000000
8 7 3 2 0.0014753
8 7 3 3 -0.0000000
8 7 4 0 -0.0000000
8 7 4 1 0.0000000
8 7 4 2 0.0019516
8 7 4 3 -0.0000000
8 7 4 4 -0.0000000
8 7 5 0 0.0000000
8 7 5 1 -0.0000000
8 7 5 2 -0.0007630
8 7 5 3 0.0000000
8 7 5 4 0.0000000
8 7 5 5 -0.0000000
8 7 6 0 0.0003224
8 7 6 1 -0.0022325
8 7 6 2 0.0000000
8 7 6 3 -0.0001452
8 7 6 4 0.0025864
8 7 6 5 -0.0026301
8 7 6 6 0.0000000
8 7 7 0 -0.0000000
8 7 7 1 0.0000000
8 7 7 2 0.0035645
8 7 7 3 -0.0000000
8 7 7 4 -0.0000000
8 7 7 5 0.0000000
8 7 7 6 0.0040488
8 7 7 7 -0.0000000
8 7 8 0 -0.0000302
8 7 8 1 -0.0003936
8 7 8 2 0.0000000
8 7 8 3 0.0011272
8 7 8 4 -0.0012180
8 7 8 5 -0.0007620
8 7 8 6 0.0000000
8 7 8 7 0.0210482
8 7 8 8 -0.0000000
8 8 0 0 0.3245189
8 8 1 0 0.0031060
8 8 1 1 0.4384733
8 8 2 0 0.0000000
8 8 2 1 0.0000000
8 8 2 2 0.3519158
8 8 3 0 0.0041484
8 8 3 1 0.0720058
8 8 3 2 -0.0000000
8 8 3 3 0.3304575
8 8 4 0 -0.0006908
8 8 4 1 0.0592626
8 8 4 2 0.0000000
8 8 4 3 0.0871339
8 8 4 4 0.4463893
8 8 5 0 -0.0067366
8 8 5 1 0.0693275
8 8 5 2 0.0000000
8 8 5 3 0.0729151
8 8 5 4 0.0772577
8 8 5 5 0.4695715
8 8 6 0 0.0000000
8 8 6 1 -0.0000000
8 8 6 2 0.0511524
8 8 6 3 -0.0000000
8 8 6 4 -0.0000000
8 8 6 5 -0.0000000
8 8 6 6 0.3552081
8 8 7 0 -0.0014026
8 8 7 1 -0.0020794
8 8 7 2 0.0000000
8 8 7 3 0.0303522
8 8 7 4 -0.0009705
8 8 7 5 -0.0106381
8 8 7 6 0.0000000
8 8 7 7 0.4670423
8 8 8 0 -0.0000000
8 8 8 1 0.0000000
8 8 8 2 0.0582346
8 8 8 3 -0.0000000
8 8 8 4 -0.0000000
8 8 8 5 0.0000000
8 8 8 6 0.0446113
8 8 8 7 -0.0000000
8 8 8 8 0.6728328
9 0 0 0 0.0028044
9 0 1 0 -0.0000990
9 0 1 1 0.0003673
9 0 2 0 0.0000000
9 0 2 1 -0.0000000
9 0 2 2 0.0003882
9 0 3 0 0.0001147
9 0 3 1 -0.0001748
9 0 3 2 0.0000000
9 0 3 3 0.0005103
9 0 4 0 -0.0000850
9 0 4 1 0.0000258
9 0 4 2 -0.0000000
9 0 4 3 -0.0002669
9 0 4 4 0.0000963
9 0 5 0 0.0001063
9 0 5 1 -0.0004558
9 0 5 2 -0.0000000
9 0 5 3 -0.0001504
9 0 5 4 -0.0002302
9 0 5 5 0.0003981
9 0 6 0 -0.0000000
9 0 6 1 0.0000000
9 0 6 2 -0.0003014
9 0 6 3 0.0000000
9 0 6 4 0.0000000
9 0 6 5 -0.0000000
9 0 6 6 0.0004073
9 0 7 0 -0.0001227
9 0 7 1 -0.0000086
9 0 7 2 0.0000000
9 0 7 3 -0.0000033
9 0 7 4 -0.0000097
9 0 7 5 0.0000344
9 0 7 6 -0.0000000
9 0 7 7 -0.0000327
9 0 8 0 0.0000000
9 0 8 1 -0.0000000
9 0 8 2 -0.0001423
9 0 8 3 0.0000000
9 0 8 4 0.0000000
9 0 8 5 -0.0000000
9 0 8 6 -0.0000860
9 0 8 7 0.0000000
9 0 8 8 -0.0004259
9 0 9 0 0.0000059
9 0 9 1 -0.0000143
9 0 9 2 -0.0000000
9 0 9 3 -0.0000748
9 0 9 4 -0.0001617
9 0 9 5 -0.0001137
9 0 9 6 0.0000000
9 0 9 7 -0.0000184
9 0 9 8 -0.0000000
9 0 9 9 -0.0027325
9 1 0 0 0.0048148
9 1 1 0 0.0000918
9 1 1 1 0.0028637
9 1 2 0 -0.0000000
9 1 2 1 -0.0000000
9 1 2 2 0.0041037
9 1 3 0 -0.0000105
9 1 3 1 -0.0021370
9 1 3 2 -0.0000000
9 1 3 3 0.0022005
9 1 4 0 0.0000315
9 1 4 1 -0.0028163
9 1 4 2 -0.0000000
9 1 4 3 -0.0024887
9 1 4 4 0.0005484
9 1 5 0 -0.0001196
9 1 5 1 -0.0031987
9 1 5 2 -0.0000000
9 1 5 3 -0.0020666
9 1 5 4 -0.0042499
9 1 5 5 0.0004939
9 1 6 0 0.0000000
9 1 6 1 0.0000000
9 1 6 2 0.0000042
9 1 6 3 0.0000000
9 1 6 4 0.0000000
9 1 6 5 0.0000000
9 1 6 6 0.0041648
9 1 7 0 -0.0000757
9 1 7 1 0.0003639
9 1 7 2 0.0000000
9 1 7 3 0.0001034
9 1 7 4 0.0001833
9 1 7 5 0.0006697
9 1 7 6 -0.0000000
9 1 7 7 -0.0009946
9 1 8 0 0.0000000
9 1 8 1 -0.0000000
9 1 8 2 -0.0017862
9 1 8 3 0.0000000
9 1 8 4 0.0000000
9 1 8 5 -0.0000000
9 1 8 6 -0.0015429
9 1 8 7 0.0000000
9 1 8 8 -0.0031627
9 1 9 0 -0.0000143
9 1 9 1 0.0027631
9 1 9 2 0.0000000
9 1 9 3 0.0027664
9 1 9 4 0.0049110
9 1 9 5 0.0051600
9 1 9 6 -0.0000000
9 1 9 7 -0.0006964
9 1 9 8 0.0000000
9 1 9 9 0.0155711
9 2 0 0 -0.0000000
9 2 1 0 -0.0000000
9 2 1 1 -0.0000000
9 2 2 0 0.0001431
9 2 2 1 0.0020850
9 2 2 2 -0.0000000
9 2 3 0 -0.0000000
9 2 3 1 -0.0000000
9 2 3 2 -0.0006887
9 2 3 3 0.0000000
9 2 4 0 0.0000000
9 2 4 1 -0.0000000
9 2 4 2 -0.0020803
9 2 4 3 0.0000000
9 2 4 4 0.0000000
9 2 5 0 -0.0000000
9 2 5 1 0.0000000
9 2 5 2 -0.0000990
9 2 5 3 -0.0000000
9 2 5 4 -0.0000000
9 2 5 5 0.0000000
9 2 6 0 -0.0001745
9 2 6 1 0.0010264
9 2 6 2 -0.0000000
9 2 6 3 -0.0000771
9 2 6 4 -0.0024821
9 2 6 5 0.0010946
9 2 6 6 -0.0000000
9 2 7 0 0.0000000
9 2 7 1 -0.0000000
9 2 7 2 0.0003523
9 2 7 3 -0.0000000
9 2 7 4 -0.0000000
9 2 7 5 -0.0000000
9 2 7 6 -0.0000043
9 2 7 7 0.0000000
9 2 8 0 0.0000021
9 2 8 1 -0.0017487
9 2 8 2 0.0000000
9 2 8 3 -0.0010619
9 2 8 4 -0.0011114
9 2 8 5 -0.0020685
9 2 8 6 0.0000000
9 2 8 7 -0.0000207
9 2 8 8 0.0000000
9 2 9 0 -0.0000000
9 2 9 1 0.0000000
9 2 9 2 0.0013197
9 2 9 3 0.0000000
9 2 9 4 0.0000000
9 2 9 5 0.0000000
9 2 9 6 0.0012651
9 2 9 7 0.0000000
9 2 9 8 0.0041098
9 2 9 9 0.0000000
9 3 0 0 0.0000548
9 3 1 0 -0.0000528
9 3 1 1 -0.0004979
9 3 2 0 -0.0000000
9 3 2 1 -0.0000000
9 3 2 2 0.0003759
9 3 3 0 0.0000501
9 3 3 1 -0.0002658
9 3 3 2 0.0000000
9 3 3 3 -0.0004598
9 3 4 0 -0.0000386
9 3 4 1 -0.0010144
9 3 4 2 0.0000000
9 3 4 3 -0.0005934
9 3 4 4 -0.0008325
9 3 5 0 0.0000405
9 3 5 1 -0.0002441
9 3 5 2 0.0000000
9 3 5 3 -0.0006914
9 3 5 4 -0.0007572
9 3 5 5 -0.0003872
9 3 6 0 -0.0000000
9 3 6 1 -0.0000000
9 3 6 2 0.0002834
9 3 6 3 0.0000000
9 3 6 4 0.0000000
9 3 6 5 0.0000000
9 3 6 6 0.0004815
9 3 7 0 0.0000509
9 3 7 1 -0.0000712
9 3 7 2 -0.0000000
9 3 7 3 -0.0000284
9 3 7 4 -0.0000481
9 3 7 5 -0.0002746
9 3 7 6 0.0000000
9 3 7 7 0.0020622
9 3 8 0 -0.0000000
9 3 8 1 0.0000000
9 3 8 2 0.0006571
9 3 8 3 0.0000000
9 3 8 4 0.0000000
9 3 8 5 0.0000000
9 3 8 6 0.0005373
9 3 8 7 0.0000000
9 3 8 8 0.0027013
9 3 9 0 -0.0000748
9 3 9 1 0.0027664
9 3 9 2 0.0000000
9 3 9 3 0.0040767
9 3 9 4 0.0077122
9 3 9 5 0.0067955
9 3 9 6 -0.0000000
9 3 9 7 0.0006132
9 3 9 8 -0.0000000
9 3 9 9 0.0637694
9 4 0 0 -0.0011032
9 4 1 0 0.0000122
9 4 1 1 -0.0014617
9 4 2 0 -0.0000000
9 4 2 1 -0.0000000
9 4 2 2 -0.0011169
9 4 3 0 -0.0000666
9 4 3 1 -0.0002815
9 4 3 2 0.0000000
9 4 3 3 -0.0007669
9 4 4 0 0.0000049
9 4 4 1 0.0004744
9 4 4 2 0.0000000
9 4 4 3 -0.0002814
9 4 4 4 -0.0017858
9 4 5 0 0.0000059
9 4 5 1 0.0002925
9 4 5 2 -0.0000000
9 4 5 3 0.0005360
9 4 5 4 0.0009635
9 4 5 5 -0.0000680
9 4 6 0 0.0000000
9 4 6 1 -0.0000000
9 4 6 2 -0.0000365
9 4 6 3 -0.0000000
9 4 6 4 -0.0000000
9 4 6 5 -0.0000000
9 4 6 6 -0.0013974
9 4 7 0 -0.0000486
9 4 7 1 -0.0003457
9 4 7 2 0.0000000
9 4 7 3 0.0008407
9 4 7 4 0.0004076
9 4 7 5 0.0000591
9 4 7 6 -0.0000000
9 4 7 7 0.0056575
9 4 8 0 -0.0000000
9 4 8 1 0.0000000
9 4 8 2 0.0028283
9 4 8 3 -0.0000000
9 4 8 4 -0.0000000
9 4 8 5 0.0000000
9 4 8 6 0.0025438
9 4 8 7 0.0000000
9 4 8 8 0.0082364
9 4 9 0 -0.0001617
9 4 9 1 0.0049110
9 4 9 2 0.0000000
9 4 9 3 0.0077122
9 4 9 4 0.0153691
9 4 9 5 0.0129652
9 4 9 6 -0.0000000
9 4 9 7 -0.0004848
9 4 9 8 -0.0000000
9 4 9 9 0.1491226
9 5 0 0 -0.0030404
9 5 1 0 -0.0001006
9 5 1 1 -0.0028462
9 5 2 0 0.0000000
9 5 2 1 0.0000000
9 5 2 2 -0.0001100
9 5 3 0 -0.0001181
9 5 3 1 -0.0017011
9 5 3 2 -0.0000000
9 5 3 3 -0.0025622
9 5 4 0 0.0000019
9 5 4 1 -0.0035058
9 5 4 2 -0.0000000
9 5 4 3 -0.0015914
9 5 4 4 -0.0024297
9 5 5 0 0.0001790
9 5 5 1 0.0002757
9 5 5 2 0.0000000
9 5 5 3 -0.0011018
9 5 5 4 -0.0027091
9 5 5 5 -0.0036228
9 5 6 0 -0.0000000
9 5 6 1 0.0000000
9 5 6 2 0.0017625
9 5 6 3 0.0000000
9 5 6 4 -0.0000000
9 5 6 5 0.0000000
9 5 6 6 0.0004740
9 5 7 0 0.0000413
9 5 7 1 0.0002262
9 5 7 2 0.0000000
9 5 7 3 0.0003286
9 5 7 4 0.0004599
9 5 7 5 0.0004851
9 5 7 6 -0.0000000
9 5 7 7 0.0009266
9 5 8 0 0.0000000
9 5 8 1 -0.0000000
9 5 8 2 0.0007531
9 5 8 3 -0.0000000
9 5 8 4 -0.0000000
9 5 8 5 -0.0000000
9 5 8 6 0.0002639
9 5 8 7 -0.0000000
9 5 8 8 0.0031448
9 5 9 0 -0.0001137
9 5 9 1 0.0051600
9 5 9 2 0.0000000
9 5 9 3 0.0067955
9 5 9 4 0.0129652
9 5 9 5 0.0119857
9 5 9 6 -0.0000000
9 5 9 7 -0.0008844
9 5 9 8 0.0000000
9 5 9 9 0.0957317
9 6 0 0 0.0000000
9 6 1 0 0.0000000
9 6 1 1 0.0000000
9 6 2 0 0.0000739
9 6 2 1 0.0021133
9 6 2 2 -0.0000000
9 6 3 0 0.0000000
9 6 3 1 0.0000000
9 6 3 2 -0.0006826
9 6 3 3 0.0000000
9 6 4 0 0.0000000
9 6 4 1 0.0000000
9 6 4 2 -0.0025011
9 6 4 3 0.0000000
9 6 4 4 0.0000000
9 6 5 0 -0.0000000
9 6 5 1 0.0000000
9 6 5 2 0.0003381
9 6 5 3 0.0000000
9 6 5 4 -0.0000000
9 6 5 5 0.0000000
9 6 6 0 -0.0000951
9 6 6 1 0.0015597
9 6 6 2 -0.0000000
9 6 6 3 -0.0001366
9 6 6 4 -0.0030281
9 6 6 5 0.0012833
9 6 6 6 -0.0000000
9 6 7 0 -0.0000000
9 6 7 1 -0.0000000
9 6 7 2 0.0004324
9 6 7 3 -0.0000000
9 6 7 4 -0.0000000
9 6 7 5 -0.0000000
9 6 7 6 -0.0000265
9 6 7 7 -0.0000000
9 6 8 0 0.0000114
9 6 8 1 -0.0019610
9 6 8 2 -0.0000000
9 6 8 3 -0.0011640
9 6 8 4 -0.0010248
9 6 8 5 -0.0024975
9 6 8 6 0.0000000
9 6 8 7 -0.0001151
9 6 8 8 -0.0000000
9 6 9 0 0.0000000
9 6 9 1 -0.0000000
9 6 9 2 0.0012651
9 6 9 3 -0.0000000
9 6 9 4 -0.0000000
9 6 9 5 -0.0000000
9 6 9 6 0.0012375
9 6 9 7 0.0000000
9 6 9 8 0.0038144
9 6 9 9 -0.0000000
9 7 0 0 -0.0009786
9 7 1 0 0.0000858
9 7 1 1 0.0008559
9 7 2 0 -0.0000000
9 7 2 1 -0.0000000
9 7 2 2 0.0001964
9 7 3 0 -0.0000320
9 7 3 1 -0.0002785
9 7 3 2 -0.0000000
9 7 3 3 -0.0003499
9 7 4 0 0.0000431
9 7 4 1 -0.0001636
9 7 4 2 -0.0000000
9 7 4 3 -0.0000737
9 7 4 4 0.0003791
9 7 5 0 -0.0000836
9 7 5 1 0.0003530
9 7 5 2 0.0000000
9 7 5 3 0.0001057
9 7 5 4 -0.0004290
9 7 5 5 0.0001209
9 7 6 0 0.0000000
9 7 6 1 -0.0000000
9 7 6 2 0.0007357
9 7 6 3 -0.0000000
9 7 6 4 0.0000000
9 7 6 5 0.0000000
9 7 6 6 0.0003000
9 7 7 0 -0.0000534
9 7 7 1 -0.0009181
9 7 7 2 -0.0000000
9 7 7 3 -0.0007715
9 7 7 4 -0.0018715
9 7 7 5 -0.0014039
9 7 7 6 0.0000000
9 7 7 7 -0.0001771
9 7 8 0 0.0000000
9 7 8 1 -0.0000000
9 7 8 2 -0.0002495
9 7 8 3 0.0000000
9 7 8 4 0.0000000
9 7 8 5 -0.0000000
9 7 8 6 -0.0003949
9 7 8 7 0.0000000
9 7 8 8 0.0000619
9 7 9 0 -0.0000184
9 7 9 1 -0.0006964
9 7 9 2 0.0000000
9 7 9 3 0.0006132
9 7 9 4 -0.0004848
9 7 9 5 -0.0008844
9 7 9 6 0.0000000
9 7 9 7 0.0091562
9 7 9 8 0.0000000
9 7 9 9 -0.0149403
9 8 0 0 -0.0000000
9 8 1 0 -0.0000000
9 8 1 1 -0.0000000
9 8 2 0 -0.0001099
9 8 2 1 -0.0032070
9 8 2 2 0.0000000
9 8 3 0 0.0000000
9 8 3 1 0.0000000
9 8 3 2 0.0001965
9 8 3 3 -0.0000000
9 8 4 0 -0.0000000
9 8 4 1 0.0000000
9 8 4 2 0.0018658
9 8 4 3 -0.0000000
9 8 4 4 -0.0000000
9 8 5 0 0.0000000
9 8 5 1 -0.0000000
9 8 5 2 -0.0015947
9 8 5 3 -0.0000000
9 8 5 4 0.0000000
9 8 5 5 -0.0000000
9 8 6 0 0.0001533
9 8 6 1 -0.0025187
9 8 6 2 0.0000000
9 8 6 3 -0.0005061
9 8 6 4 0.0026761
9 8 6 5 -0.0029363
9 8 6 6 0.0000000
9 8 7 0 -0.0000000
9 8 7 1 -0.0000000
9 8 7 2 -0.0004596
9 8 7 3 0.0000000
9 8 7 4 -0.0000000
9 8 7 5 0.0000000
9 8 7 6 0.0000531
9 8 7 7 -0.0000000
9 8 8 0 -0.0000159
9 8 8 1 -0.0001500
9 8 8 2 -0.0000000
9 8 8 3 -0.0014310
9 8 8 4 -0.0042805
9 8 8 5 -0.0012942
9 8 8 6 0.0000000
9 8 8 7 0.0004312
9 8 8 8 -0.0000000
9 8 9 0 -0.0000000
9 8 9 1 0.0000000
9 8 9 2 0.0041098
9 8 9 3 -0.0000000
9 8 9 4 -0.0000000
9 8 9 5 0.0000000
9 8 9 6 0.0038144
9 8 9 7 0.0000000
9 8 9 8 0.0145315
9 8 9 9 -0.0000000
9 9 0 0 0.3431399
9 9 1 0 0.0037929
9 9 1 1 0.5000694
9 9 2 0 0.0000000
9 9 2 1 0.0000000
9 9 2 2 0.3693449
9 9 3 0 0.0048476
9 9 3 1 0.1167140
9 9 3 2 -0.0000000
9 9 3 3 0.3838145
9 9 4 0 -0.0012147
9 9 4 1 0.1347136
9 9 4 2 0.0000000
9 9 4 3 0.1550692
9 9 4 4 0.5598576
9 9 5 0 -0.0082881
9 9 5 1 0.1217706
9 9 5 2 0.0000000
9 9 5 3 0.1347615
9 9 5 4 0.1873561
9 9 5 5 0.5935421
9 9 6 0 0.0000000
9 9 6 1 -0.0000000
9 9 6 2 0.0551297
9 9 6 3 -0.0000000
9 9 6 4 -0.0000000
9 9 6 5 -0.0000000
9 9 6 6 0.3662247
9 9 7 0 -0.0020329
9 9 7 1 -0.0096006
9 9 7 2 0.0000000
9 9 7 3 0.0469659
9 9 7 4 0.0050553
9 9 7 5 -0.0156778
9 9 7 6 0.0000000
9 9 7 7 0.6182419
9 9 8 0 -0.0000000
9 9 8 1 0.0000000
9 9 8 2 0.1060076
9 9 8 3 -0.0000000
9 9 8 4 -0.0000000
9 9 8 5 0.0000000
9 9 8 6 0.0930995
9 9 8 7 -0.0000000
9 9 8 8 0.8416888
9 9 9 0 -0.0027325
9 9 9 1 0.0155711
9 9 9 2 0.0000000
9 9 9 3 0.0637694
9 9 9 4 0.1491226
9 9 9 5 0.0957317
9 9 9 6 -0.0000000
9 9 9 7 -0.0149403
9 9 9 8 -0.0000000
9 9 9 9 3.4993865
10 0 0 0 0.0250955
10 0 1 0 -0.0009957
10 0 1 1 0.0026721
10 0 2 0 0.0000000
10 0 2 1 -0.0000000
10 0 2 2 0.0012931
10 0 3 0 0.0009400
10 0 3 1 -0.0015349
10 0 3 2 0.0000000
10 0 3 3 0.0025141
10 0 4 0 -0.0008615
10 0 4 1 0.0009175
10 0 4 2 -0.0000000
10 0 4 3 -0.0012097
10 0 4 4 0.0012605
10 0 5 0 0.0013675
10 0 5 1 -0.0021555
10 0 5 2 -0.0000000
10 0 5 3 0.0009274
10 0 5 4 -0.0012146
10 0 5 5 0.0023322
10 0 6 0 -0.0000000
10 0 6 1 0.0000000
10 0 6 2 -0.0004548
10 0 6 3 -0.0000000
10 0 6 4 0.0000000
10 0 6 5 -0.0000000
10 0 6 6 0.0010679
10 0 7 0 -0.0027167
10 0 7 1 -0.0004057
10 0 7 2 0.0000000
10 0 7 3 0.0005128
10 0 7 4 -0.0004461
10 0 7 5 0.0007298
10 0 7 6 -0.0000000
10 0 7 7 -0.0012115
10 0 8 0 0.0000000
10 0 8 1 -0.0000000
10 0 8 2 -0.0003458
10 0 8 3 0.0000000
10 0 8 4 0.0000000
10 0 8 5 -0.0000000
10 0 8 6 -0.0002030
10 0 8 7 0.0000000
10 0 8 8 -0.0006590
10 0 9 0 0.0000359
10 0 9 1 0.0000598
10 0 9 2 -0.0000000
10 0 9 3 -0.0000149
10 0 9 4 -0.0000131
10 0 9 5 -0.0000241
10 0 9 6 0.0000000
10 0 9 7 0.0000114
10 0 9 8 0.0000000
10 0 9 9 -0.0008074
10 0 10 0 0.0006749
10 0 10 1 0.0005189
10 0 10 2 -0.0000000
10 0 10 3 -0.0000981
10 0 10 4 0.0001892
10 0 10 5 -0.0000559
10 0 10 6 0.0000000
10 0 10 7 -0.0000147
10 0 10 8 -0.0000000
10 0 10 9 0.0000062
10 0 10 10 -0.0010821
10 1 0 0 0.0329886
10 1 1 0 0.0009723
10 1 1 1 0.0324687
10 1 2 0 -0.0000000
10 1 2 1 -0.0000000
10 1 2 2 0.0249602
10 1 3 0 -0.0006560
10 1 3 1 -0.0051569
10 1 3 2 0.0000000
10 1 3 3 0.0257021
10 1 4 0 0.0005247
10 1 4 1 -0.0001878
10 1 4 2 -0.0000000
10 1 4 3 -0.0034275
10 1 4 4 0.0254942
10 1 5 0 -0.0009612
10 1 5 1 -0.0114244
10 1 5 2 0.0000000
10 1 5 3 -0.0005760
10 1 5 4 -0.0084149
10 1 5 5 0.0217658
10 1 6 0 0.0000000
10 1 6 1 0.0000000
10 1 6 2 -0.0005489
10 1 6 3 0.0000000
10 1 6 4 0.0000000
10 1 6 5 0.0000000
10 1 6 6 0.0251077
10 1 7 0 -0.0009332
10 1 7 1 0.0008497
10 1 7 2 -0.0000000
10 1 7 3 0.0003954
10 1 7 4 -0.0001128
10 1 7 5 0.0052384
10 1 7 6 -0.0000000
10 1 7 7 -0.0024038
10 1 8 0 -0.0000000
10 1 8 1 -0.0000000
10 1 8 2 -0.0111660
10 1 8 3 0.0000000
10 1 8 4 0.0000000
10 1 8 5 -0.0000000
10 1 8 6 -0.0095861
10 1 8 7 -0.0000000
10 1 8 8 -0.0117376
10 1 9 0 0.0001145
10 1 9 1 0.0010709
10 1 9 2 -0.0000000
10 1 9 3 -0.0012496
10 1 9 4 -0.0035844
10 1 9 5 -0.0020104
10 1 9 6 0.0000000
10 1 9 7 0.0003120
10 1 9 8 -0.0000000
10 1 9 9 -0.0404265
10 1 10 0 0.0005189
10 1 10 1 0.0209577
10 1 10 2 0.0000000
10 1 10 3 0.0097693
10 1 10 4 0.0111750
10 1 10 5 0.0200960
10 1 10 6 -0.0000000
10 1 10 7 -0.0017026
10 1 10 8 0.0000000
10 1 10 9 0.0001920
10 1 10 10 -0.0529335
10 2 0 0 -0.0000000
10 2 1 0 -0.0000000
10 2 1 1 -0.0000000
10 2 2 0 -0.0007282
10 2 2 1 -0.0001242
10 2 2 2 0.0000000
10 2 3 0 0.0000000
10 2 3 1 0.0000000
10 2 3 2 0.0008729
10 2 3 3 -0.0000000
10 2 4 0 -0.0000000
10 2 4 1 -0.0000000
10 2 4 2 -0.0006382
10 2 4 3 0.0000000
10 2 4 4 0.0000000
10 2 5 0 0.0000000
10 2 5 1 0.0000000
10 2 5 2 0.0015066
10 2 5 3 -0.0000000
10 2 5 4 0.0000000
10 2 5 5 -0.0000000
10 2 6 0 0.0010202
10 2 6 1 0.0016029
10 2 6 2 -0.0000000
10 2 6 3 -0.0017728
10 2 6 4 -0.0004251
10 2 6 5 0.0001181
10 2 6 6 0.0000000
10 2 7 0 0.0000000
10 2 7 1 -0.0000000
10 2 7 2 -0.0035221
10 2 7 3 -0.0000000
10 2 7 4 0.0000000
10 2 7 5 0.0000000
10 2 7 6 0.0032554
10 2 7 7 0.0000000
10 2 8 0 -0.0000842
10 2 8 1 0.0002624
10 2 8 2 0.0000000
10 2 8 3 0.0020399
10 2 8 4 0.0041560
10 2 8 5 0.0037643
10 2 8 6 -0.0000000
10 2 8 7 -0.0006395
10 2 8 8 0.0000000
10 2 9 0 -0.0000000
10 2 9 1 -0.0000000
10 2 9 2 -0.0004398
10 2 9 3 0.0000000
10 2 9 4 -0.0000000
10 2 9 5 -0.0000000
10 2 9 6 -0.0005672
10 2 9 7 -0.0000000
10 2 9 8 -0.0008783
10 2 9 9 0.0000000
10 2 10 0 -0.0000000
10 2 10 1 0.0000000
10 2 10 2 0.0067715
10 2 10 3 -0.0000000
10 2 10 4 0.0000000
10 2 10 5 0.0000000
10 2 10 6 0.0043072
10 2 10 7 0.0000000
10 2 10 8 0.0226519
10 2 10 9 -0.0000000
10 2 10 10 -0.0000000
10 3 0 0 0.0092150
10 3 1 0 -0.0007295
10 3 1 1 0.0089665
10 3 2 0 0.0000000
10 3 2 1 0.0000000
10 3 2 2 0.0078788
10 3 3 0 -0.0002816
10 3 3 1 0.0031150
10 3 3 2 0.0000000
10 3 3 3 0.0107588
10 3 4 0 -0.0001461
10 3 4 1 0.0016340
10 3 4 2 0.0000000
10 3 4 3 0.0020262
10 3 4 4 0.0121930
10 3 5 0 0.0012706
10 3 5 1 0.0019720
10 3 5 2 -0.0000000
10 3 5 3 -0.0007548
10 3 5 4 0.0040050
10 3 5 5 0.0081782
10 3 6 0 -0.0000000
10 3 6 1 -0.0000000
10 3 6 2 -0.0015477
10 3 6 3 0.0000000
10 3 6 4 -0.0000000
10 3 6 5 0.0000000
10 3 6 6 0.0093160
10 3 7 0 0.0004636
10 3 7 1 0.0014026
10 3 7 2 -0.0000000
10 3 7 3 -0.0026269
10 3 7 4 0.0049863
10 3 7 5 0.0045489
10 3 7 6 -0.0000000
10 3 7 7 0.0068510
10 3 8 0 0.0000000
10 3 8 1 -0.0000000
10 3 8 2 -0.0023649
10 3 8 3 0.0000000
10 3 8 4 -0.0000000
10 3 8 5 -0.0000000
10 3 8 6 -0.0023916
10 3 8 7 0.0000000
10 3 8 8 0.0043903
10 3 9 0 0.0000266
10 3 9 1 -0.0001183
10 3 9 2 -0.0000000
10 3 9 3 -0.0009926
10 3 9 4 -0.0023620
10 3 9 5 -0.0016631
10 3 9 6 0.0000000
10 3 9 7 -0.0001766
10 3 9 8 0.0000000
10 3 9 9 -0.0067918
10 3 10 0 -0.0000981
10 3 10 1 0.0097693
10 3 10 2 -0.0000000
10 3 10 3 0.0089188
10 3 10 4 0.0089665
10 3 10 5 0.0126591
10 3 10 6 -0.0000000
10 3 10 7 0.0095050
10 3 10 8 -0.0000000
10 3 10 9 -0.0011887
10 3 10 10 -0.0151365
10 4 0 0 0.0133238
10 4 1 0 0.0010097
10 4 1 1 0.0229616
10 4 2 0 -0.0000000
10 4 2 1 -0.0000000
10 4 2 2 0.0093470
10 4 3 0 0.0001192
10 4 3 1 0.0050379
10 4 3 2 0.0000000
10 4 3 3 0.0146833
10 4 4 0 0.0002176
10 4 4 1 0.0121544
10 4 4 2 0.0000000
10 4 4 3 0.0077888
10 4 4 4 0.0203078
10 4 5 0 -0.0015033
10 4 5 1 -0.0004992
10 4 5 2 0.0000000
10 4 5 3 0.0079561
10 4 5 4 0.0087390
10 4 5 5 0.0227713
10 4 6 0 0.0000000
10 4 6 1 0.0000000
10 4 6 2 -0.0010717
10 4 6 3 -0.0000000
10 4 6 4 -0.0000000
10 4 6 5 -0.0000000
10 4 6 6 0.0069075
10 4 7 0 -0.0007753
10 4 7 1 0.0008597
10 4 7 2 0.0000000
10 4 7 3 0.0057226
10 4 7 4 0.0033966
10 4 7 5 0.0030400
10 4 7 6 -0.0000000
10 4 7 7 0.0175924
10 4 8 0 0.0000000
10 4 8 1 0.0000000
10 4 8 2 0.0011657
10 4 8 3 -0.0000000
10 4 8 4 -0.0000000
10 4 8 5 0.0000000
10 4 8 6 0.0014358
10 4 8 7 0.0000000
10 4 8 8 0.0223515
10 4 9 0 0.0000368
10 4 9 1 -0.0007822
10 4 9 2 -0.0000000
10 4 9 3 -0.0016208
10 4 9 4 -0.0030443
10 4 9 5 -0.0029483
10 4 9 6 0.0000000
10 4 9 7 -0.0002243
10 4 9 8 0.0000000
10 4 9 9 0.0159200
10 4 10 0 0.0001892
10 4 10 1 0.0111750
10 4 10 2 0.0000000
10 4 10 3 0.0089665
10 4 10 4 0.0137794
10 4 10 5 0.0150576
10 4 10 6 -0.0000000
10 4 10 7 0.0118989
10 4 10 8 -0.0000000
10 4 10 9 -0.0030910
10 4 10 10 -0.0004070
10 5 0 0 0.0151333
10 5 1 0 -0.0001110
10 5 1 1 0.0216088
10 5 2 0 0.0000000
10 5 2 1 0.0000000
10 5 2 2 0.0174627
10 5 3 0 0.0019462
10 5 3 1 0.0062018
10 5 3 2 -0.0000000
10 5 3 3 0.0098578
10 5 4 0 -0.0007336
10 5 4 1 -0.0012048
10 5 4 2 -0.0000000
10 5 4 3 0.0078655
10 5 4 4 0.0237892
10 5 5 0 -0.0010306
10 5 5 1 -0.0002162
10 5 5 2 0.0000000
10 5 5 3 -0.0006732
10 5 5 4 -0.0005675
10 5 5 5 0.0188495
10 5 6 0 -0.0000000
10 5 6 1 0.0000000
10 5 6 2 0.0035283
10 5 6 3 0.0000000
10 5 6 4 -0.0000000
10 5 6 5 0.0000000
10 5 6 6 0.0186190
10 5 7 0 0.0007367
10 5 7 1 0.0043937
10 5 7 2 0.0000000
10 5 7 3 0.0026032
10 5 7 4 0.0009829
10 5 7 5 -0.0023724
10 5 7 6 -0.0000000
10 5 7 7 0.0064750
10 5 8 0 -0.0000000
10 5 8 1 -0.0000000
10 5 8 2 -0.0070852
10 5 8 3 0.0000000
10 5 8 4 0.0000000
10 5 8 5 -0.0000000
10 5 8 6 -0.0068854
10 5 8 7 -0.0000000
10 5 8 8 0.0064670
10 5 9 0 0.0000672
10 5 9 1 0.0000489
10 5 9 2 -0.0000000
10 5 9 3 -0.0019165
10 5 9 4 -0.0049598
10 5 9 5 -0.0031784
10 5 9 6 0.0000000
10 5 9 7 0.0001345
10 5 9 8 -0.0000000
10 5 9 9 -0.0298281
10 5 10 0 -0.0000559
10 5 10 1 0.0200960
10 5 10 2 0.0000000
10 5 10 3 0.0126591
10 5 10 4 0.0150576
10 5 10 5 0.0270686
10 5 10 6 -0.0000000
10 5 10 7 0.0030769
10 5 10 8 0.0000000
10 5 10 9 -0.0001929
10 5 10 10 -0.0441134
10 6 0 0 -0.0000000
10 6 1 0 0.0000000
10 6 1 1 -0.0000000
10 6 2 0 0.0013412
10 6 2 1 0.0084151
10 6 2 2 -0.0000000
10 6 3 0 -0.0000000
10 6 3 1 -0.0000000
10 6 3 2 -0.0039822
10 6 3 3 -0.0000000
10 6 4 0 0.0000000
10 6 4 1 0.0000000
10 6 4 2 -0.0060701
10 6 4 3 -0.0000000
10 6 4 4 -0.0000000
10 6 5 0 -0.0000000
10 6 5 1 0.0000000
10 6 5 2 0.0007117
10 6 5 3 0.0000000
10 6 5 4 -0.0000000
10 6 5 5 -0.0000000
10 6 6 0 -0.0018848
10 6 6 1 0.0032924
10 6 6 2 -0.0000000
10 6 6 3 0.0024113
10 6 6 4 -0.0090118
10 6 6 5 0.0057155
10 6 6 6 -0.0000000
10 6 7 0 -0.0000000
10 6 7 1 -0.0000000
10 6 7 2 0.0043947
10 6 7 3 -0.0000000
10 6 7 4 0.0000000
10 6 7 5 -0.0000000
10 6 7 6 -0.0044511
10 6 7 7 -0.0000000
10 6 8 0 -0.0001000
10 6 8 1 -0.0031252
10 6 8 2 0.0000000
10 6 8 3 0.0007082
10 6 8 4 0.0045095
10 6 8 5 0.0004031
10 6 8 6 0.0000000
10 6 8 7 -0.0013656
10 6 8 8 -0.0000000
10 6 9 0 -0.0000000
10 6 9 1 -0.0000000
10 6 9 2 -0.0002998
10 6 9 3 0.0000000
10 6 9 4 0.0000000
10 6 9 5 0.0000000
10 6 9 6 -0.0002960
10 6 9 7 -0.0000000
10 6 9 8 -0.0014479
10 6 9 9 0.0000000
10 6 10 0 0.0000000
10 6 10 1 -0.0000000
10 6 10 2 0.0043072
10 6 10 3 -0.0000000
10 6 10 4 -0.0000000
10 6 10 5 -0.0000000
10 6 10 6 0.0059011
10 6 10 7 -0.0000000
10 6 10 8 0.0160505
10 6 10 9 -0.0000000
10 6 10 10 0.0000000
10 7 0 0 -0.0551890
10 7 1 0 0.0026480
10 7 1 1 0.0067532
10 7 2 0 -0.0000000
10 7 2 1 -0.0000000
10 7 2 2 -0.0130565
10 7 3 0 -0.0015488
10 7 3 1 0.0034210
10 7 3 2 -0.0000000
10 7 3 3 -0.0179136
10 7 4 0 0.0012467
10 7 4 1 0.0042488
10 7 4 2 -0.0000000
10 7 4 3 0.0176297
10 7 4 4 0.0134161
10 7 5 0 -0.0027900
10 7 5 1 0.0191617
10 7 5 2 0.0000000
10 7 5 3 0.0194480
10 7 5 4 0.0078641
10 7 5 5 -0.0019759
10 7 6 0 0.0000000
10 7 6 1 -0.0000000
10 7 6 2 0.0229930
10 7 6 3 -0.0000000
10 7 6 4 -0.0000000
10 7 6 5 -0.0000000
10 7 6 6 -0.0136443
10 7 7 0 -0.0023865
10 7 7 1 0.0027582
10 7 7 2 0.0000000
10 7 7 3 0.0157900
10 7 7 4 0.0180127
10 7 7 5 0.0179596
10 7 7 6 -0.0000000
10 7 7 7 -0.0054842
10 7 8 0 0.0000000
10 7 8 1 0.0000000
10 7 8 2 0.0056990
10 7 8 3 -0.0000000
10 7 8 4 0.0000000
10 7 8 5 0.0000000
10 7 8 6 0.0007824
10 7 8 7 -0.0000000
10 7 8 8 0.0340599
10 7 9 0 -0.0000873
10 7 9 1 -0.0000899
10 7 9 2 -0.0000000
10 7 9 3 0.0001056
10 7 9 4 0.0011969
10 7 9 5 0.0009560
10 7 9 6 -0.0000000
10 7 9 7 -0.0002962
10 7 9 8 -0.0000000
10 7 9 9 0.0632170
10 7 10 0 -0.0000147
10 7 10 1 -0.0017026
10 7 10 2 0.0000000
10 7 10 3 0.0095050
10 7 10 4 0.0118989
10 7 10 5 0.0030769
10 7 10 6 -0.0000000
10 7 10 7 0.0750982
10 7 10 8 -0.0000000
10 7 10 9 -0.0038249
10 7 10 10 0.0676331
10 8 0 0 -0.0000000
10 8 1 0 -0.0000000
10 8 1 1 -0.0000000
10 8 2 0 -0.0010874
10 8 2 1 -0.0255244
10 8 2 2 0.0000000
10 8 3 0 0.0000000
10 8 3 1 0.0000000
10 8 3 2 0.0057466
10 8 3 3 -0.0000000
10 8 4 0 -0.0000000
10 8 4 1 0.0000000
10 8 4 2 0.0254547
10 8 4 3 -0.0000000
10 8 4 4 -0.0000000
10 8 5 0 0.0000000
10 8 5 1 -0.0000000
10 8 5 2 -0.0038772
10 8 5 3 0.0000000
10 8 5 4 0.0000000
10 8 5 5 -0.0000000
10 8 6 0 0.0012476
10 8 6 1 -0.0188239
10 8 6 2 0.0000000
10 8 6 3 0.0000802
10 8 6 4 0.0313483
10 8 6 5 -0.0166707
10 8 6 6 0.0000000
10 8 7 0 -0.0000000
10 8 7 1 -0.0000000
10 8 7 2 -0.0048708
10 8 7 3 0.0000000
10 8 7 4 -0.0000000
10 8 7 5 -0.0000000
10 8 7 6 -0.0014454
10 8 7 7 0.0000000
10 8 8 0 -0.0004836
10 8 8 1 0.0207128
10 8 8 2 0.0000000
10 8 8 3 0.0155433
10 8 8 4 0.0151373
10 8 8 5 0.0356502
10 8 8 6 -0.0000000
10 8 8 7 0.0012063
10 8 8 8 -0.0000000
10 8 9 0 0.0000000
10 8 9 1 -0.0000000
10 8 9 2 -0.0024716
10 8 9 3 0.0000000
10 8 9 4 0.0000000
10 8 9 5 -0.0000000
10 8 9 6 -0.0033423
10 8 9 7 -0.0000000
10 8 9 8 0.0000316
10 8 9 9 0.0000000
10 8 10 0 -0.0000000
10 8 10 1 0.0000000
10 8 10 2 0.0226519
10 8 10 3 -0.0000000
10 8 10 4 -0.0000000
10 8 10 5 0.0000000
10 8 10 6 0.0160505
10 8 10 7 -0.0000000
10 8 10 8 0.1090359
10 8 10 9 0.0000000
10 8 10 10 0.0000000
10 9 0 0 -0.0125062
10 9 1 0 -0.0002322
10 9 1 1 -0.0234049
10 9 2 0 -0.0000000
10 9 2 1 -0.0000000
10 9 2 2 -0.0134922
10 9 3 0 -0.0003783
10 9 3 1 -0.0103566
10 9 3 2 0.0000000
10 9 3 3 -0.0174506
10 9 4 0 0.0001403
10 9 4 1 -0.0137629
10 9 4 2 -0.0000000
10 9 4 3 -0.0142674
10 9 4 4 -0.0319755
10 9 5 0 0.0006066
10 9 5 1 -0.0099791
10 9 5 2 -0.0000000
10 9 5 3 -0.0119241
10 9 5 4 -0.0197983
10 9 5 5 -0.0340150
10 9 6 0 -0.0000000
10 9 6 1 0.0000000
10 9 6 2 -0.0028061
10 9 6 3 0.0000000
10 9 6 4 0.0000000
10 9 6 5 0.0000000
10 9 6 6 -0.0125746
10 9 7 0 0.0001048
10 9 7 1 0.0009938
10 9 7 2 -0.0000000
10 9 7 3 -0.0031536
10 9 7 4 -0.0004763
10 9 7 5 0.0016512
10 9 7 6 -0.0000000
10 9 7 7 -0.0335518
10 9 8 0 0.0000000
10 9 8 1 -0.0000000
10 9 8 2 -0.0093381
10 9 8 3 0.0000000
10 9 8 4 0.0000000
10 9 8 5 -0.0000000
10 9 8 6 -0.0091693
10 9 8 7 0.0000000
10 9 8 8 -0.0496115
10 9 9 0 0.0002714
10 9 9 1 -0.0040345
10 9 9 2 -0.0000000
10 9 9 3 -0.0082123
10 9 9 4 -0.0180282
10 9 9 5 -0.0134841
10 9 9 6 0.0000000
10 9 9 7 0.0036630
10 9 9 8 0.0000000
10 9 9 9 -0.3648281
10 9 10 0 0.0000062
10 9 10 1 0.0001920
10 9 10 2 -0.0000000
10 9 10 3 -0.0011887
10 9 10 4 -0.0030910
10 9 10 5 -0.0001929
10 9 10 6 -0.0000000
10 9 10 7 -0.0038249
10 9 10 8 0.0000000
10 9 10 9 0.0530068
10 9 10 10 -0.0389062
10 10 0 0 0.2902855
10 10 1 0 0.0022740
10 10 1 1 0.3822476
10 10 2 0 0.0000000
10 10 2 1 0.0000000
10 10 2 2 0.3068447
10 10 3 0 0.0028952
10 10 3 1 0.0591279
10 10 3 2 -0.0000000
10 10 3 3 0.2982293
10 10 4 0 -0.0005776
10 10 4 1 0.0589951
10 10 4 2 0.0000000
10 10 4 3 0.0743969
10 10 4 4 0.3877726
10 10 5 0 -0.0045744
10 10 5 1 0.0672229
10 10 5 2 0.0000000
10 10 5 3 0.0694778
10 10 5 4 0.0771839
10 10 5 5 0.4184474
10 10 6 0 0.0000000
10 10 6 1 -0.0000000
10 10 6 2 0.0398725
10 10 6 3 -0.0000000
10 10 6 4 -0.0000000
10 10 6 5 -0.0000000
10 10 6 6 0.3087767
10 10 7 0 -0.0014320
10 10 7 1 -0.0023115
10 10 7 2 0.0000000
10 10 7 3 0.0368846
10 10 7 4 0.0142180
10 10 7 5 0.0011898
10 10 7 6 0.0000000
10 10 7 7 0.4644439
10 10 8 0 -0.0000000
10 10 8 1 0.0000000
10 10 8 2 0.0644054
10 10 8 3 -0.0000000
10 10 8 4 -0.0000000
10 10 8 5 0.0000000
10 10 8 6 0.0515315
10 10 8 7 -0.0000000
10 10 8 8 0.6110812
10 10 9 0 -0.0005263
10 10 9 1 -0.0039278
10 10 9 2 0.0000000
10 10 9 3 0.0051277
10 10 9 4 0.0159376
10 10 9 5 0.0074282
10 10 9 6 -0.0000000
10 10 9 7 -0.0004448
10 10 9 8 -0.0000000
10 10 9 9 0.8412169
10 10 10 0 -0.0010821
10 10 10 1 -0.0529335
10 10 10 2 -0.0000000
10 10 10 3 -0.0151365
10 10 10 4 -0.0004070
10 10 10 5 -0.0441134
10 10 10 6 0.0000000
10 10 10 7 0.0676331
10 10 10 8 0.0000000
10 10 10 9 -0.0389062
10 10 10 10 0.7072844
11 0 0 0 -0.0814058
11 0 1 0 0.0034509
11 0 1 1 -0.0070406
11 0 2 0 -0.0000000
11 0 2 1 0.0000000
11 0 2 2 -0.0006611
11 0 3 0 -0.0029114
11 0 3 1 0.0053094
11 0 3 2 -0.0000000
11 0 3 3 -0.0046852
11 0 4 0 0.0029546
11 0 4 1 -0.0033988
11 0 4 2 0.0000000
11 0 4 3 0.0027415
11 0 4 4 -0.0036189
11 0 5 0 -0.0051459
11 0 5 1 0.0045293
11 0 5 2 -0.0000000
11 0 5 3 -0.0058280
11 0 5 4 0.0035152
11 0 5 5 -0.0045703
11 0 6 0 0.0000000
11 0 6 1 -0.0000000
11 0 6 2 -0.0017086
11 0 6 3 0.0000000
11 0 6 4 -0.0000000
11 0 6 5 0.0000000
11 0 6 6 0.0005477
11 0 7 0 0.0111453
11 0 7 1 0.0016500
11 0 7 2 -0.0000000
11 0 7 3 -0.0024791
11 0 7 4 0.0015740
11 0 7 5 -0.0033391
11 0 7 6 0.0000000
11 0 7 7 0.0064507
11 0 8 0 -0.0000000
11 0 8 1 0.0000000
11 0 8 2 0.0001458
11 0 8 3 -0.0000000
11 0 8 4 -0.0000000
11 0 8 5 0.0000000
11 0 8 6 0.0002341
11 0 8 7 0.0000000
11 0 8 8 -0.0008641
11 0 9 0 -0.0001215
11 0 9 1 -0.0000940
11 0 9 2 0.0000000
11 0 9 3 0.0000628
11 0 9 4 -0.0000195
11 0 9 5 0.0000566
11 0 9 6 -0.0000000
11 0 9 7 -0.0000475
11 0 9 8 -0.0000000
11 0 9 9 -0.0008101
11 0 10 0 -0.0026930
11 0 10 1 -0.0011025
11 0 10 2 0.0000000
11 0 10 3 0.0004976
11 0 10 4 -0.0007340
11 0 10 5 0.0007626
11 0 10 6 -0.0000000
11 0 10 7 -0.0020174
11 0 10 8 -0.0000000
11 0 10 9 -0.0000017
11 0 10 10 -0.0005745
11 0 11 0 0.0110482
11 0 11 1 0.0033613
11 0 11 2 -0.0000000
11 0 11 3 -0.0019872
11 0 11 4 0.0024583
11 0 11 5 -0.0035161
11 0 11 6 0.0000000
11 0 11 7 0.0071453
11 0 11 8 -0.0000000
11 0 11 9 0.0000719
11 0 11 10 -0.0010753
11 0 11 11 0.0067901
11 1 0 0 -0.0090783
11 1 1 0 -0.0018912
11 1 1 1 -0.0084056
11 1 2 0 0.0000000
11 1 2 1 0.0000000
11 1 2 2 0.0016921
11 1 3 0 0.0051026
11 1 3 1 0.0220654
11 1 3 2 -0.0000000
11 1 3 3 -0.0154588
11 1 4 0 -0.0023209
11 1 4 1 -0.0041558
11 1 4 2 0.0000000
11 1 4 3 0.0145945
11 1 4 4 -0.0007594
11 1 5 0 -0.0003328
11 1 5 1 0.0080347
11 1 5 2 -0.0000000
11 1 5 3 -0.0102743
11 1 5 4 0.0081234
11 1 5 5 0.0040229
11 1 6 0 -0.0000000
11 1 6 1 -0.0000000
11 1 6 2 -0.0013603
11 1 6 3 0.0000000
11 1 6 4 -0.0000000
11 1 6 5 -0.0000000
11 1 6 6 0.0000529
11 1 7 0 0.0031567
11 1 7 1 0.0020754
11 1 7 2 0.0000000
11 1 7 3 -0.0059118
11 1 7 4 -0.0091445
11 1 7 5 -0.0251661
11 1 7 6 0.0000000
11 1 7 7 0.0120767
11 1 8 0 -0.0000000
11 1 8 1 -0.0000000
11 1 8 2 0.0000964
11 1 8 3 -0.0000000
11 1 8 4 -0.0000000
11 1 8 5 0.0000000
11 1 8 6 0.0017024
11 1 8 7 -0.0000000
11 1 8 8 0.0082037
11 1 9 0 -0.0000529
11 1 9 1 -0.0007242
11 1 9 2 0.0000000
11 1 9 3 0.0000505
11 1 9 4 -0.0007822
11 1 9 5 -0.0006384
11 1 9 6 0.0000000
11 1 9 7 0.0003619
11 1 9 8 -0.0000000
11 1 9 9 0.0086665
11 1 10 0 -0.0008295
11 1 10 1 -0.0037680
11 1 10 2 0.0000000
11 1 10 3 0.0001569
11 1 10 4 -0.0009667
11 1 10 5 0.0060636
11 1 10 6 -0.0000000
11 1 10 7 -0.0119507
11 1 10 8 0.0000000
11 1 10 9 -0.0020033
11 1 10 10 -0.0089846
11 1 11 0 0.0033613
11 1 11 1 0.0282335
11 1 11 2 0.0000000
11 1 11 3 0.0100516
11 1 11 4 0.0145511
11 1 11 5 -0.0069262
11 1 11 6 0.0000000
11 1 11 7 0.0006164
11 1 11 8 -0.0000000
11 1 11 9 0.0000274
11 1 11 10 0.0066506
11 1 11 11 0.0197365
11 2 0 0 0.0000000
11 2 1 0 0.0000000
11 2 1 1 0.0000000
11 2 2 0 0.0047842
11 2 2 1 0.0178087
11 2 2 2 -0.0000000
11 2 3 0 -0.0000000
11 2 3 1 -0.0000000
11 2 3 2 -0.0094967
11 2 3 3 0.0000000
11 2 4 0 0.0000000
11 2 4 1 0.0000000
11 2 4 2 -0.0085693
11 2 4 3 0.0000000
11 2 4 4 0.0000000
11 2 5 0 -0.0000000
11 2 5 1 -0.0000000
11 2 5 2 -0.0053200
11 2 5 3 0.0000000
11 2 5 4 -0.0000000
11 2 5 5 0.0000000
11 2 6 0 -0.0066484
11 2 6 1 -0.0016359
11 2 6 2 0.0000000
11 2 6 3 0.0091869
11 2 6 4 -0.0128236
11 2 6 5 0.0105844
11 2 6 6 -0.0000000
11 2 7 0 -0.0000000
11 2 7 1 0.0000000
11 2 7 2 0.0168931
11 2 7 3 0.0000000
11 2 7 4 0.0000000
11 2 7 5 -0.0000000
11 2 7 6 -0.0182233
11 2 7 7 -0.0000000
11 2 8 0 -0.0001364
11 2 8 1 -0.0041314
11 2 8 2 -0.0000000
11 2 8 3 -0.0009606
11 2 8 4 0.0026131
11 2 8 5 -0.0004238
11 2 8 6 0.0000000
11 2 8 7 -0.0036218
11 2 8 8 0.0000000
11 2 9 0 0.0000000
11 2 9 1 0.0000000
11 2 9 2 0.0000585
11 2 9 3 -0.0000000
11 2 9 4 -0.0000000
11 2 9 5 -0.0000000
11 2 9 6 0.0000821
11 2 9 7 0.0000000
11 2 9 8 -0.0005489
11 2 9 9 -0.0000000
11 2 10 0 0.0000000
11 2 10 1 0.0000000
11 2 10 2 -0.0023320
11 2 10 3 -0.0000000
11 2 10 4 -0.0000000
11 2 10 5 0.0000000
11 2 10 6 0.0054856
11 2 10 7 0.0000000
11 2 10 8 0.0035045
11 2 10 9 0.0000000
11 2 10 10 -0.0000000
11 2 11 0 -0.0000000
11 2 11 1 0.0000000
11 2 11 2 0.0201908
11 2 11 3 0.0000000
11 2 11 4 0.0000000
11 2 11 5 -0.0000000
11 2 11 6 -0.0166857
11 2 11 7 -0.0000000
11 2 11 8 0.0007602
11 2 11 9 -0.0000000
11 2 11 10 -0.0000000
11 2 11 11 0.0000000
11 3 0 0 0.0188136
11 3 1 0 0.0040022
11 3 1 1 0.0349983
11 3 2 0 -0.0000000
11 3 2 1 -0.0000000
11 3 2 2 0.0131157
11 3 3 0 0.0035466
11 3 3 1 0.0036761
11 3 3 2 -0.0000000
11 3 3 3 0.0030201
11 3 4 0 0.0000250
11 3 4 1 0.0080669
11 3 4 2 0.0000000
11 3 4 3 0.0097140
11 3 4 4 0.0173249
11 3 5 0 -0.0080073
11 3 5 1 -0.0142942
11 3 5 2 0.0000000
11 3 5 3 0.0076920
11 3 5 4 -0.0078537
11 3 5 5 0.0319595
11 3 6 0 0.0000000
11 3 6 1 0.0000000
11 3 6 2 0.0063117
11 3 6 3 -0.0000000
11 3 6 4 0.0000000
11 3 6 5 -0.0000000
11 3 6 6 0.0063530
11 3 7 0 -0.0019491
11 3 7 1 -0.0025076
11 3 7 2 0.0000000
11 3 7 3 0.0157199
11 3 7 4 -0.0150947
11 3 7 5 -0.0184912
11 3 7 6 0.0000000
11 3 7 7 0.0017189
11 3 8 0 0.0000000
11 3 8 1 0.0000000
11 3 8 2 -0.0036717
11 3 8 3 0.0000000
11 3 8 4 -0.0000000
11 3 8 5 -0.0000000
11 3 8 6 -0.0015925
11 3 8 7 0.0000000
11 3 8 8 0.0099300
11 3 9 0 0.0000629
11 3 9 1 0.0002492
11 3 9 2 -0.0000000
11 3 9 3 -0.0003963
11 3 9 4 -0.0010959
11 3 9 5 -0.0010738
11 3 9 6 0.0000000
11 3 9 7 0.0008375
11 3 9 8 0.0000000
11 3 9 9 0.0001239
11 3 10 0 0.0006257
11 3 10 1 0.0045800
11 3 10 2 -0.0000000
11 3 10 3 -0.0038366
11 3 10 4 0.0029790
11 3 10 5 0.0064705
11 3 10 6 -0.0000000
11 3 10 7 -0.0058596
11 3 10 8 -0.0000000
11 3 10 9 -0.0001797
11 3 10 10 -0.0085005
11 3 11 0 -0.0019872
11 3 11 1 0.0100516
11 3 11 2 0.0000000
11 3 11 3 0.0297431
11 3 11 4 0.0015899
11 3 11 5 -0.0044414
11 3 11 6 0.0000000
11 3 11 7 -0.0061794
11 3 11 8 -0.0000000
11 3 11 9 -0.0004313
11 3 11 10 0.0027763
11 3 11 11 0.0122966
11 4 0 0 0.0082092
11 4 1 0 -0.0026321
11 4 1 1 -0.0082473
11 4 2 0 0.0000000
11 4 2 1 0.0000000
11 4 2 2 -0.0016535
11 4 3 0 0.0011793
11 4 3 1 0.0093616
11 4 3 2 -0.0000000
11 4 3 3 0.0043960
11 4 4 0 -0.0011913
11 4 4 1 0.0007344
11 4 4 2 -0.0000000
11 4 4 3 0.0006153
11 4 4 4 -0.0032260
11 4 5 0 0.0031680
11 4 5 1 0.0041739
11 4 5 2 -0.0000000
11 4 5 3 -0.0096011
11 4 5 4 0.0077139
11 4 5 5 0.0003874
11 4 6 0 -0.0000000
11 4 6 1 -0.0000000
11 4 6 2 -0.0068708
11 4 6 3 0.0000000
11 4 6 4 -0.0000000
11 4 6 5 0.0000000
11 4 6 6 0.0015938
11 4 7 0 0.0024659
11 4 7 1 -0.0048242
11 4 7 2 0.0000000
11 4 7 3 -0.0143647
11 4 7 4 -0.0091168
11 4 7 5 -0.0140364
11 4 7 6 0.0000000
11 4 7 7 0.0121461
11 4 8 0 -0.0000000
11 4 8 1 -0.0000000
11 4 8 2 0.0009473
11 4 8 3 -0.0000000
11 4 8 4 -0.0000000
11 4 8 5 0.0000000
11 4 8 6 0.0018103
11 4 8 7 0.0000000
11 4 8 8 0.0005819
11 4 9 0 -0.0000219
11 4 9 1 -0.0007504
11 4 9 2 0.0000000
11 4 9 3 -0.0001534
11 4 9 4 -0.0010001
11 4 9 5 -0.0010659
11 4 9 6 0.0000000
11 4 9 7 0.0013192
11 4 9 8 -0.0000000
11 4 9 9 -0.0031451
11 4 10 0 -0.0005276
11 4 10 1 -0.0004196
11 4 10 2 -0.0000000
11 4 10 3 0.0003434
11 4 10 4 -0.0024167
11 4 10 5 0.0021114
11 4 10 6 -0.0000000
11 4 10 7 -0.0191052
11 4 10 8 -0.0000000
11 4 10 9 -0.0005978
11 4 10 10 -0.0164895
11 4 11 0 0.0024583
11 4 11 1 0.0145511
11 4 11 2 0.0000000
11 4 11 3 0.0015899
11 4 11 4 0.0176713
11 4 11 5 0.0075038
11 4 11 6 -0.0000000
11 4 11 7 0.0046327
11 4 11 8 -0.0000000
11 4 11 9 -0.0009174
11 4 11 10 0.0087685
11 4 11 11 0.0193463
11 5 0 0 -0.0090088
11 5 1 0 0.0011463
11 5 1 1 -0.0000935
11 5 2 0 -0.0000000
11 5 2 1 -0.0000000
11 5 2 2 -0.0044568
11 5 3 0 -0.0077022
11 5 3 1 -0.0136274
11 5 3 2 0.0000000
11 5 3 3 0.0175365
11 5 4 0 0.0031299
11 5 4 1 0.0047690
11 5 4 2 0.0000000
11 5 4 3 -0.0127528
11 5 4 4 0.0039223
11 5 5 0 0.0027689
11 5 5 1 0.0022473
11 5 5 2 0.0000000
11 5 5 3 0.0082271
11 5 5 4 0.0003477
11 5 5 5 -0.0096207
11 5 6 0 0.0000000
11 5 6 1 -0.0000000
11 5 6 2 0.0013701
11 5 6 3 -0.0000000
11 5 6 4 0.0000000
11 5 6 5 -0.0000000
11 5 6 6 -0.0032782
11 5 7 0 -0.0031859
11 5 7 1 -0.0142736
11 5 7 2 -0.0000000
11 5 7 3 -0.0138393
11 5 7 4 -0.0090158
11 5 7 5 0.0091763
11 5 7 6 0.0000000
11 5 7 7 -0.0096953
11 5 8 0 0.0000000
11 5 8 1 0.0000000
11 5 8 2 0.0005135
11 5 8 3 0.0000000
11 5 8 4 0.0000000
11 5 8 5 0.0000000
11 5 8 6 -0.0002821
11 5 8 7 -0.0000000
11 5 8 8 -0.0023966
11 5 9 0 0.0000225
11 5 9 1 -0.0003156
11 5 9 2 -0.0000000
11 5 9 3 -0.0004049
11 5 9 4 -0.0009491
11 5 9 5 -0.0010146
11 5 9 6 0.0000000
11 5 9 7 0.0013838
11 5 9 8 0.0000000
11 5 9 9 -0.0066226
11 5 10 0 0.0008524
11 5 10 1 0.0058653
11 5 10 2 0.0000000
11 5 10 3 0.0021926
11 5 10 4 0.0010682
11 5 10 5 -0.0013057
11 5 10 6 -0.0000000
11 5 10 7 -0.0077695
11 5 10 8 0.0000000
11 5 10 9 -0.0004498
11 5 10 10 -0.0187655
11 5 11 0 -0.0035161
11 5 11 1 -0.0069262
11 5 11 2 -0.0000000
11 5 11 3 -0.0044414
11 5 11 4 0.0075038
11 5 11 5 0.0294978
11 5 11 6 -0.0000000
11 5 11 7 -0.0122348
11 5 11 8 0.0000000
11 5 11 9 -0.0013372
11 5 11 10 0.0065291
11 5 11 11 -0.0094955
11 6 0 0 0.0000000
11 6 1 0 -0.0000000
11 6 1 1 -0.0000000
11 6 2 0 -0.0057823
11 6 2 1 -0.0184013
11 6 2 2 0.0000000
11 6 3 0 0.0000000
11 6 3 1 0.0000000
11 6 3 2 0.0123062
11 6 3 3 -0.0000000
11 6 4 0 -0.0000000
11 6 4 1 -0.0000000
11 6 4 2 0.0067184
11 6 4 3 0.0000000
11 6 4 4 -0.0000000
11 6 5 0 0.0000000
11 6 5 1 0.0000000
11 6 5 2 0.0056665
11 6 5 3 -0.0000000
11 6 5 4 0.0000000
11 6 5 5 -0.0000000
11 6 6 0 0.0079458
11 6 6 1 0.0012087
11 6 6 2 -0.0000000
11 6 6 3 -0.0113895
11 6 6 4 0.0142497
11 6 6 5 -0.0104286
11 6 6 6 0.0000000
11 6 7 0 0.0000000
11 6 7 1 0.0000000
11 6 7 2 -0.0186441
11 6 7 3 0.0000000
11 6 7 4 0.0000000
11 6 7 5 0.0000000
11 6 7 6 0.0179276
11 6 7 7 0.0000000
11 6 8 0 0.0001344
11 6 8 1 0.0054282
11 6 8 2 -0.0000000
11 6 8 3 0.0015224
11 6 8 4 0.0001815
11 6 8 5 0.0037128
11 6 8 6 -0.0000000
11 6 8 7 -0.0021316
11 6 8 8 0.0000000
11 6 9 0 -0.0000000
11 6 9 1 0.0000000
11 6 9 2 -0.0003724
11 6 9 3 0.0000000
11 6 9 4 0.0000000
11 6 9 5 0.0000000
11 6 9 6 -0.0004819
11 6 9 7 -0.0000000
11 6 9 8 0.0001170
11 6 9 9 0.0000000
11 6 10 0 -0.0000000
11 6 10 1 -0.0000000
11 6 10 2 0.0048240
11 6 10 3 -0.0000000
11 6 10 4 -0.0000000
11 6 10 5 -0.0000000
11 6 10 6 -0.0036895
11 6 10 7 0.0000000
11 6 10 8 0.0086189
11 6 10 9 0.0000000
11 6 10 10 0.0000000
11 6 11 0 0.0000000
11 6 11 1 0.0000000
11 6 11 2 -0.0166857
11 6 11 3 0.0000000
11 6 11 4 -0.0000000
11 6 11 5 -0.0000000
11 6 11 6 0.0207994
11 6 11 7 0.0000000
11 6 11 8 0.0058492
11 6 11 9 0.0000000
11 6 11 10 -0.0000000
11 6 11 11 0.0000000
11 7 0 0 0.2545679
11 7 1 0 -0.0094203
11 7 1 1 0.0136458
11 7 2 0 0.0000000
11 7 2 1 -0.0000000
11 7 2 2 0.0792971
11 7 3 0 0.0045537
11 7 3 1 -0.0363306
11 7 3 2 0.0000000
11 7 3 3 0.1010330
11 7 4 0 -0.0044659
11 7 4 1 -0.0250754
11 7 4 2 0.0000000
11 7 4 3 -0.0735148
11 7 4 4 -0.0197341
11 7 5 0 0.0108769
11 7 5 1 -0.0856883
11 7 5 2 -0.0000000
11 7 5 3 -0.0712794
11 7 5 4 -0.0463868
11 7 5 5 0.0263481
11 7 6 0 -0.0000000
11 7 6 1 0.0000000
11 7 6 2 -0.0864073
11 7 6 3 0.0000000
11 7 6 4 0.0000000
11 7 6 5 0.0000000
11 7 6 6 0.0867979
11 7 7 0 0.0073430
11 7 7 1 0.0051594
11 7 7 2 -0.0000000
11 7 7 3 -0.0264658
11 7 7 4 0.0107922
11 7 7 5 -0.0011038
11 7 7 6 0.0000000
11 7 7 7 -0.0050324
11 7 8 0 0.0000000
11 7 8 1 -0.0000000
11 7 8 2 -0.0365599
11 7 8 3 0.0000000
11 7 8 4 0.0000000
11 7 8 5 -0.0000000
11 7 8 6 -0.0219354
11 7 8 7 0.0000000
11 7 8 8 -0.1510897
11 7 9 0 0.0004469
11 7 9 1 0.0035195
11 7 9 2 -0.0000000
11 7 9 3 -0.0011891
11 7 9 4 -0.0051310
11 7 9 5 -0.0017151
11 7 9 6 0.0000000
11 7 9 7 -0.0011144
11 7 9 8 0.0000000
11 7 9 9 -0.2608285
11 7 10 0 -0.0005053
11 7 10 1 0.0163500
11 7 10 2 0.0000000
11 7 10 3 0.0054744
11 7 10 4 -0.0085458
11 7 10 5 0.0079249
11 7 10 6 -0.0000000
11 7 10 7 -0.0287847
11 7 10 8 -0.0000000
11 7 10 9 0.0193252
11 7 10 10 -0.1626473
11 7 11 0 0.0071453
11 7 11 1 0.0006164
11 7 11 2 -0.0000000
11 7 11 3 -0.0061794
11 7 11 4 0.0046327
11 7 11 5 -0.0122348
11 7 11 6 0.0000000
11 7 11 7 0.2035810
11 7 11 8 0.0000000
11 7 11 9 0.0030652
11 7 11 10 -0.0593325
11 7 11 11 0.0251513
11 8 0 0 -0.0000000
11 8 1 0 -0.0000000
11 8 1 1 -0.0000000
11 8 2 0 -0.0005467
11 8 2 1 -0.0074270
11 8 2 2 0.0000000
11 8 3 0 0.0000000
11 8 3 1 0.0000000
11 8 3 2 0.0006740
11 8 3 3 -0.0000000
11 8 4 0 -0.0000000
11 8 4 1 0.0000000
11 8 4 2 0.0073250
11 8 4 3 -0.0000000
11 8 4 4 -0.0000000
11 8 5 0 0.0000000
11 8 5 1 -0.0000000
11 8 5 2 0.0005791
11 8 5 3 -0.0000000
11 8 5 4 0.0000000
11 8 5 5 -0.0000000
11 8 6 0 0.0007432
11 8 6 1 -0.0031051
11 8 6 2 0.0000000
11 8 6 3 -0.0003117
11 8 6 4 0.0084064
11 8 6 5 -0.0042421
11 8 6 6 0.0000000
11 8 7 0 -0.0000000
11 8 7 1 -0.0000000
11 8 7 2 -0.0067062
11 8 7 3 0.0000000
11 8 7 4 -0.0000000
11 8 7 5 -0.0000000
11 8 7 6 -0.0017627
11 8 7 7 0.0000000
11 8 8 0 -0.0000803
11 8 8 1 0.0073663
11 8 8 2 0.0000000
11 8 8 3 0.0037106
11 8 8 4 0.0045801
11 8 8 5 0.0105521
11 8 8 6 -0.0000000
11 8 8 7 -0.0181299
11 8 8 8 -0.0000000
11 8 9 0 0.0000000
11 8 9 1 -0.0000000
11 8 9 2 -0.0006315
11 8 9 3 0.0000000
11 8 9 4 0.0000000
11 8 9 5 -0.0000000
11 8 9 6 -0.0007532
11 8 9 7 -0.0000000
11 8 9 8 -0.0001755
11 8 9 9 0.0000000
11 8 10 0 -0.0000000
11 8 10 1 0.0000000
11 8 10 2 0.0063332
11 8 10 3 -0.0000000
11 8 10 4 -0.0000000
11 8 10 5 0.0000000
11 8 10 6 0.0043030
11 8 10 7 0.0000000
11 8 10 8 0.0253046
11 8 10 9 0.0000000
11 8 10 10 0.0000000
11 8 11 0 -0.0000000
11 8 11 1 -0.0000000
11 8 11 2 0.0007602
11 8 11 3 -0.0000000
11 8 11 4 -0.0000000
11 8 11 5 0.0000000
11 8 11 6 0.0058492
11 8 11 7 0.0000000
11 8 11 8 0.0229396
11 8 11 9 0.0000000
11 8 11 10 -0.0000000
11 8 11 11 0.0000000
11 9 0 0 -0.0046724
11 9 1 0 -0.0000715
11 9 1 1 -0.0061606
11 9 2 0 0.0000000
11 9 2 1 0.0000000
11 9 2 2 -0.0038113
11 9 3 0 0.0000027
11 9 3 1 -0.0010235
11 9 3 2 -0.0000000
11 9 3 3 -0.0047740
11 9 4 0 -0.0000073
11 9 4 1 -0.0026268
11 9 4 2 -0.0000000
11 9 4 3 -0.0018826
11 9 4 4 -0.0069268
11 9 5 0 0.0000836
11 9 5 1 -0.0012875
11 9 5 2 -0.0000000
11 9 5 3 -0.0021381
11 9 5 4 -0.0030736
11 9 5 5 -0.0074076
11 9 6 0 -0.0000000
11 9 6 1 0.0000000
11 9 6 2 -0.0003874
11 9 6 3 0.0000000
11 9 6 4 0.0000000
11 9 6 5 0.0000000
11 9 6 6 -0.0038050
11 9 7 0 0.0000921
11 9 7 1 0.0009381
11 9 7 2 -0.0000000
11 9 7 3 0.0000785
11 9 7 4 0.0010924
11 9 7 5 0.0008590
11 9 7 6 -0.0000000
11 9 7 7 -0.0065729
11 9 8 0 0.0000000
11 9 8 1 -0.0000000
11 9 8 2 -0.0012774
11 9 8 3 0.0000000
11 9 8 4 0.0000000
11 9 8 5 -0.0000000
11 9 8 6 -0.0012334
11 9 8 7 -0.0000000
11 9 8 8 -0.0085153
11 9 9 0 0.0000580
11 9 9 1 -0.0002505
11 9 9 2 -0.0000000
11 9 9 3 -0.0019643
11 9 9 4 -0.0028223
11 9 9 5 -0.0017389
11 9 9 6 0.0000000
11 9 9 7 -0.0066747
11 9 9 8 0.0000000
11 9 9 9 -0.0538242
11 9 10 0 -0.0000286
11 9 10 1 -0.0006897
11 9 10 2 -0.0000000
11 9 10 3 -0.0003127
11 9 10 4 -0.0006259
11 9 10 5 -0.0003500
11 9 10 6 0.0000000
11 9 10 7 -0.0007309
11 9 10 8 0.0000000
11 9 10 9 0.0071200
11 9 10 10 -0.0059737
11 9 11 0 0.0000719
11 9 11 1 0.0000274
11 9 11 2 -0.0000000
11 9 11 3 -0.0004313
11 9 11 4 -0.0009174
11 9 11 5 -0.0013372
11 9 11 6 0.0000000
11 9 11 7 0.0030652
11 9 11 8 0.0000000
11 9 11 9 0.0067783
11 9 11 10 0.0001083
11 9 11 11 -0.0052262
11 10 0 0 -0.0747351
11 10 1 0 0.0015144
11 10 1 1 -0.0238654
11 10 2 0 -0.0000000
11 10 2 1 0.0000000
11 10 2 2 -0.0307730
11 10 3 0 -0.0007821
11 10 3 1 0.0113687
11 10 3 2 -0.0000000
11 10 3 3 -0.0383853
11 10 4 0 0.0008191
11 10 4 1 0.0034726
11 10 4 2 -0.0000000
11 10 4 3 0.0156169
11 10 4 4 -0.0129753
11 10 5 0 -0.0018345
11 10 5 1 0.0248111
11 10 5 2 0.0000000
11 10 5 3 0.0142298
11 10 5 4 0.0124867
11 10 5 5 -0.0198366
11 10 6 0 0.0000000
11 10 6 1 -0.0000000
11 10 6 2 0.0199398
11 10 6 3 -0.0000000
11 10 6 4 -0.0000000
11 10 6 5 -0.0000000
11 10 6 6 -0.0324788
11 10 7 0 -0.0009566
11 10 7 1 -0.0035610
11 10 7 2 0.0000000
11 10 7 3 -0.0005362
11 10 7 4 -0.0147175
11 10 7 5 -0.0109775
11 10 7 6 0.0000000
11 10 7 7 -0.0022261
11 10 8 0 -0.0000000
11 10 8 1 0.0000000
11 10 8 2 0.0149728
11 10 8 3 -0.0000000
11 10 8 4 -0.0000000
11 10 8 5 0.0000000
11 10 8 6 0.0113029
11 10 8 7 0.0000000
11 10 8 8 0.0426908
11 10 9 0 -0.0001561
11 10 9 1 -0.0016024
11 10 9 2 0.0000000
11 10 9 3 0.0009008
11 10 9 4 0.0026329
11 10 9 5 0.0011248
11 10 9 6 -0.0000000
11 10 9 7 0.0002473
11 10 9 8 -0.0000000
11 10 9 9 0.0655089
11 10 10 0 0.0000060
11 10 10 1 -0.0153601
11 10 10 2 -0.0000000
11 10 10 3 -0.0136951
11 10 10 4 -0.0118499
11 10 10 5 -0.0161017
11 10 10 6 0.0000000
11 10 10 7 -0.0364450
11 10 10 8 0.0000000
11 10 10 9 -0.0031837
11 10 10 10 0.0421697
11 10 11 0 -0.0010753
11 10 11 1 0.0066506
11 10 11 2 -0.0000000
11 10 11 3 0.0027763
11 10 11 4 0.0087685
11 10 11 5 0.0065291
11 10 11 6 -0.0000000
11 10 11 7 -0.0593325
11 10 11 8 -0.0000000
11 10 11 9 0.0001083
11 10 11 10 0.0530158
11 10 11 11 0.0051728
11 11 0 0 0.5901270
11 11 1 0 -0.0064731
11 11 1 1 0.4423370
11 11 2 0 0.0000000
11 11 2 1 0.0000000
11 11 2 2 0.4183619
11 11 3 0 0.0096373
11 11 3 1 0.0378638
11 11 3 2 0.0000000
11 11 3 3 0.4354803
11 11 4 0 -0.0055096
11 11 4 1 0.0475144
11 11 4 2 0.0000000
11 11 4 3 0.0100820
11 11 4 4 0.4083581
11 11 5 0 0.0039818
11 11 5 1 -0.0337408
11 11 5 2 -0.0000000
11 11 5 3 -0.0070585
11 11 5 4 0.0366244
11 11 5 5 0.4882151
11 11 6 0 -0.0000000
11 11 6 1 0.0000000
11 11 6 2 -0.0570450
11 11 6 3 0.0000000
11 11 6 4 -0.0000000
11 11 6 5 -0.0000000
11 11 6 6 0.4225558
11 11 7 0 0.0065620
11 11 7 1 -0.0019266
11 11 7 2 0.0000000
11 11 7 3 0.0005631
11 11 7 4 -0.0036909
11 11 7 5 -0.0287712
11 11 7 6 0.0000000
11 11 7 7 0.5013993
11 11 8 0 -0.0000000
11 11 8 1 0.0000000
11 11 8 2 0.0104099
11 11 8 3 -0.0000000
11 11 8 4 -0.0000000
11 11 8 5 0.0000000
11 11 8 6 0.0197166
11 11 8 7 0.0000000
11 11 8 8 0.4338917
11 11 9 0 0.0000682
11 11 9 1 -0.0000812
11 11 9 2 0.0000000
11 11 9 3 0.0017106
11 11 9 4 0.0039311
11 11 9 5 0.0000917
11 11 9 6 0.0000000
11 11 9 7 -0.0002550
11 11 9 8 -0.0000000
11 11 9 9 0.5430553
11 11 10 0 -0.0009731
11 11 10 1 0.0025080
11 11 10 2 0.0000000
11 11 10 3 0.0028875
11 11 10 4 0.0122342
11 11 10 5 0.0081098
11 11 10 6 -0.0000000
11 11 10 7 -0.0364333
11 11 10 8 0.0000000
11 11 10 9 -0.0272587
11 11 10 10 0.4103341
11 11 11 0 0.0067901
11 11 11 1 0.0197365
11 11 11 2 0.0000000
11 11 11 3 0.0122966
11 11 11 4 0.0193463
11 11 11 5 -0.0094955
11 11 11 6 0.0000000
11 11 11 7 0.0251513
11 11 11 8 0.0000000
11 11 11 9 -0.0052262
11 11 11 10 0.0051728
11 11 11 11 0.5093196
