NMONOMER	1
NELEC	8
ENUC	7.351144
NBASIS	12
HOMO	2
LUMO	2
ENT	5
HF_ENERGY	-36.366612
ENERGIES
-11.046521
-0.760205
-0.491211
-0.486246
0.725694
0.728240
0.763918
849736.595452
965066.445790
996478.034753
1070620.663419
1118094.035084

OEI
-18.438524	
-0.259903	-4.463175	
0.000000	0.000000	-4.002958	
-0.019096	-0.023906	0.000000	-4.028916	
0.089097	0.272746	0.000000	-0.781235	-3.463010	
0.000000	0.000000	-0.789167	-0.000000	0.000000	-3.541302	
-0.291103	-0.895936	0.000000	-0.283403	0.053655	0.000000	-3.326450	
-0.113300	0.063557	-0.000000	0.007310	0.035905	0.000000	-0.017018	849733.143371	
-0.000000	-0.000000	-0.082470	-0.000000	0.000000	-0.102638	-0.000000	0.000000	965063.780822	
0.005045	-0.016644	0.000000	-0.013762	-0.006946	-0.000000	-0.016280	0.000757	0.000000	996475.037028	
-0.037412	0.143139	-0.000000	0.150823	-0.104217	-0.000000	-0.115052	-0.157370	-0.000000	-0.124201	1070618.287202	
0.110199	-0.122561	-0.000000	0.040211	0.009444	0.000000	-0.047961	0.878187	0.000000	-0.036398	0.326087	1118090.481301	

ENV_OEI
-4.965665	
-0.503299	-0.485336	
0.000000	0.000000	-0.262692	
-0.033600	-0.206778	0.000000	-0.597001	
0.194283	0.208307	0.000000	0.112490	-0.617069	
0.000000	0.000000	-0.175657	-0.000000	-0.000000	-0.358951	
-0.604402	-0.081343	-0.000000	0.296712	-0.361339	-0.000000	-0.946007	
-0.225442	0.033479	0.000000	-0.032585	-0.022863	-0.000000	-0.012600	-0.685806	
-0.000000	-0.000000	0.070906	0.000000	-0.000000	0.036811	-0.000000	-0.000000	-0.865405	
-0.018218	-0.236948	0.000000	-0.648150	0.878348	0.000000	1.167253	0.147679	-0.000000	-18.814579	
-0.056282	-0.029317	0.000000	-0.042442	0.054724	0.000000	0.073600	0.082914	-0.000000	-1.711422	-0.829601	
0.214978	0.010505	0.000000	-0.006192	-0.002953	-0.000000	0.019085	-0.229559	-0.000000	-0.167420	-0.025269	-0.556289	

OVERLAP
1.000000	
0.248362	1.000000	
0.061767	0.488736	1.000000	
0.061767	0.488736	0.167856	1.000000	
0.000000	0.027047	0.005362	0.005362	1.000000	
0.027047	0.301519	0.096511	0.096511	0.248362	1.000000	
0.000000	0.000000	0.155576	0.155576	-0.045312	-0.338874	1.000000	
0.000000	0.000000	0.380474	-0.380474	0.000000	0.000000	0.000000	1.000000	
0.000000	0.000000	-0.219667	-0.219667	0.000000	0.000000	0.000000	0.000000	1.000000	
0.045312	0.338874	0.109532	0.109532	0.000000	0.000000	-0.315123	0.000000	0.000000	1.000000	
0.000000	0.000000	0.051506	-0.051506	0.000000	0.000000	0.000000	0.166433	0.000000	0.000000	1.000000	
0.000000	0.000000	-0.029737	-0.029737	0.000000	0.000000	0.000000	0.000000	0.166433	0.000000	0.000000	1.000000	

MOCOEFF
0.996705	0.016496	-0.006615	-0.006615	0.001620	-0.008123	-0.009074	-0.000000	-0.025977	-0.002590	0.000000	0.003930	
0.176836	-0.479272	-0.257992	-0.257992	0.023834	-0.023144	0.135353	-0.000000	0.375863	-0.227911	0.000000	-0.077900	
-0.000000	0.000000	0.447175	-0.447175	-0.000000	0.000000	-0.000000	0.555363	0.000000	0.000000	-0.138495	-0.000000	
0.012831	-0.072204	0.246710	0.246710	0.060190	-0.159926	0.569958	0.000000	-0.178688	-0.445072	-0.000000	0.044413	
-0.064595	0.429030	-0.678229	-0.678229	-0.077222	0.470718	0.927217	-0.000000	-0.494537	0.553759	0.000000	0.041970	
-0.000000	0.000000	-0.849691	0.849691	-0.000000	0.000000	0.000000	1.122317	-0.000000	0.000000	-0.099262	0.000000	
0.213403	-1.306701	0.585797	0.585797	-0.102826	0.617782	0.417585	-0.000000	0.369582	0.771059	0.000000	-0.026671	
0.084288	-0.388040	0.000000	0.000000	-0.012324	0.049399	-0.203229	0.000000	-0.573902	-0.025821	0.000000	0.799278	
-0.000000	-0.000000	0.000000	-0.000000	-0.000000	0.000000	0.000000	-0.000000	0.000000	-0.000000	1.000000	-0.000000	
-0.000565	0.002600	0.000000	0.000000	1.025611	-0.216380	0.001361	-0.000000	0.003845	0.105483	0.000000	0.019655	
0.018948	-0.087231	-0.000000	-0.000000	0.019715	0.850777	-0.045686	0.000000	-0.129013	-0.446528	-0.000000	-0.196306	
-0.081637	0.375835	-0.000000	-0.000000	-0.011611	0.229176	0.196837	-0.000000	0.555851	-0.120150	0.000000	0.583417	

ERI
0 0 0 0 3.5239010
1 0 0 0 0.2338791
1 0 1 0 0.0286540
1 0 1 1 -0.0030766
1 1 0 0 0.6926779
1 1 1 0 -0.0030766
1 1 1 1 0.5660193
2 0 0 0 -0.0000000
2 0 1 0 -0.0000000
2 0 1 1 -0.0000000
2 0 2 0 0.0079188
2 0 2 1 -0.0111074
2 0 2 2 -0.0000000
2 1 0 0 -0.0000000
2 1 1 0 -0.0000000
2 1 1 1 0.0000000
2 1 2 0 -0.0111074
2 1 2 1 0.1164603
2 1 2 2 0.0000000
2 2 0 0 0.6234517
2 2 1 0 0.0013845
2 2 1 1 0.5037394
2 2 2 0 -0.0000000
2 2 2 1 0.0000000
2 2 2 2 0.5348832
3 0 0 0 0.0171161
3 0 1 0 0.0019431
3 0 1 1 0.0006898
3 0 2 0 -0.0000000
3 0 2 1 0.0000000
3 0 2 2 0.0033472
3 0 3 0 0.0089460
3 0 3 1 -0.0116283
3 0 3 2 0.0000000
3 0 3 3 -0.0035479
3 1 0 0 0.0130532
3 1 1 0 0.0001679
3 1 1 1 -0.0042604
3 1 2 0 0.0000000
3 1 2 1 0.0000000
3 1 2 2 -0.0503888
3 1 3 0 -0.0116283
3 1 3 1 0.1051827
3 1 3 2 -0.0000000
3 1 3 3 0.0518859
3 2 0 0 -0.0000000
3 2 1 0 -0.0000000
3 2 1 1 0.0000000
3 2 2 0 0.0023782
3 2 2 1 -0.0528946
3 2 2 2 0.0000000
3 2 3 0 0.0000000
3 2 3 1 -0.0000000
3 2 3 2 0.0424933
3 2 3 3 -0.0000000
3 3 0 0 0.6406809
3 3 1 0 0.0017976
3 3 1 1 0.4972063
3 3 2 0 0.0000000
3 3 2 1 -0.0000000
3 3 2 2 0.4446770
3 3 3 0 -0.0035479
3 3 3 1 0.0518859
3 3 3 2 -0.0000000
3 3 3 3 0.5341643
4 0 0 0 -0.0848057
4 0 1 0 -0.0104192
4 0 1 1 0.0013578
4 0 2 0 -0.0000000
4 0 2 1 0.0000000
4 0 2 2 0.0033625
4 0 3 0 0.0118554
4 0 3 1 -0.0153188
4 0 3 2 0.0000000
4 0 3 3 -0.0054069
4 0 4 0 0.0218087
4 0 4 1 -0.0084774
4 0 4 2 0.0000000
4 0 4 3 0.0031776
4 0 4 4 0.0073516
4 1 0 0 -0.0838558
4 1 1 0 -0.0001500
4 1 1 1 -0.0295395
4 1 2 0 0.0000000
4 1 2 1 0.0000000
4 1 2 2 0.0069530
4 1 3 0 -0.0065436
4 1 3 1 -0.0047840
4 1 3 2 0.0000000
4 1 3 3 -0.0370773
4 1 4 0 -0.0084774
4 1 4 1 0.0470384
4 1 4 2 0.0000000
4 1 4 3 -0.0223450
4 1 4 4 -0.0369857
4 2 0 0 -0.0000000
4 2 1 0 -0.0000000
4 2 1 1 -0.0000000
4 2 2 0 -0.0008441
4 2 2 1 0.0547983
4 2 2 2 -0.0000000
4 2 3 0 -0.0000000
4 2 3 1 0.0000000
4 2 3 2 -0.0261053
4 2 3 3 -0.0000000
4 2 4 0 0.0000000
4 2 4 1 0.0000000
4 2 4 2 0.0518087
4 2 4 3 -0.0000000
4 2 4 4 -0.0000000
4 3 0 0 0.2424318
4 3 1 0 0.0055560
4 3 1 1 0.0570456
4 3 2 0 -0.0000000
4 3 2 1 0.0000000
4 3 2 2 0.0567050
4 3 3 0 0.0039126
4 3 3 1 -0.0291330
4 3 3 2 -0.0000000
4 3 3 3 0.0498365
4 3 4 0 0.0031776
4 3 4 1 -0.0223450
4 3 4 2 -0.0000000
4 3 4 3 0.0976047
4 3 4 4 0.0813525
4 4 0 0 0.7252104
4 4 1 0 0.0061603
4 4 1 1 0.4992536
4 4 2 0 -0.0000000
4 4 2 1 0.0000000
4 4 2 2 0.4843306
4 4 3 0 0.0072915
4 4 3 1 -0.0221130
4 4 3 2 -0.0000000
4 4 3 3 0.4946880
4 4 4 0 0.0073516
4 4 4 1 -0.0369857
4 4 4 2 -0.0000000
4 4 4 3 0.0813525
4 4 4 4 0.5330974
5 0 0 0 -0.0000000
5 0 1 0 -0.0000000
5 0 1 1 0.0000000
5 0 2 0 0.0127939
5 0 2 1 -0.0163555
5 0 2 2 -0.0000000
5 0 3 0 0.0000000
5 0 3 1 -0.0000000
5 0 3 2 0.0032291
5 0 3 3 0.0000000
5 0 4 0 0.0000000
5 0 4 1 0.0000000
5 0 4 2 -0.0016853
5 0 4 3 0.0000000
5 0 4 4 -0.0000000
5 0 5 0 0.0207896
5 0 5 1 -0.0097558
5 0 5 2 -0.0000000
5 0 5 3 -0.0048145
5 0 5 4 0.0041664
5 0 5 5 0.0000000
5 1 0 0 -0.0000000
5 1 1 0 -0.0000000
5 1 1 1 -0.0000000
5 1 2 0 -0.0064923
5 1 2 1 -0.0102997
5 1 2 2 -0.0000000
5 1 3 0 -0.0000000
5 1 3 1 -0.0000000
5 1 3 2 0.0252063
5 1 3 3 0.0000000
5 1 4 0 0.0000000
5 1 4 1 0.0000000
5 1 4 2 -0.0265231
5 1 4 3 -0.0000000
5 1 4 4 -0.0000000
5 1 5 0 -0.0097558
5 1 5 1 0.0434090
5 1 5 2 -0.0000000
5 1 5 3 -0.0121226
5 1 5 4 0.0327267
5 1 5 5 0.0000000
5 2 0 0 0.2508081
5 2 1 0 0.0058096
5 2 1 1 0.0503133
5 2 2 0 0.0000000
5 2 2 1 -0.0000000
5 2 2 2 0.0296337
5 2 3 0 -0.0020625
5 2 3 1 0.0476352
5 2 3 2 -0.0000000
5 2 3 3 0.0715258
5 2 4 0 -0.0054861
5 2 4 1 -0.0350292
5 2 4 2 -0.0000000
5 2 4 3 0.0586630
5 2 4 4 0.0493408
5 2 5 0 -0.0000000
5 2 5 1 -0.0000000
5 2 5 2 0.1203413
5 2 5 3 0.0000000
5 2 5 4 -0.0000000
5 2 5 5 0.0592742
5 3 0 0 0.0000000
5 3 1 0 0.0000000
5 3 1 1 0.0000000
5 3 2 0 -0.0029256
5 3 2 1 0.0474479
5 3 2 2 0.0000000
5 3 3 0 -0.0000000
5 3 3 1 0.0000000
5 3 3 2 -0.0167331
5 3 3 3 0.0000000
5 3 4 0 0.0000000
5 3 4 1 -0.0000000
5 3 4 2 0.0379399
5 3 4 3 0.0000000
5 3 4 4 0.0000000
5 3 5 0 -0.0048145
5 3 5 1 -0.0121226
5 3 5 2 0.0000000
5 3 5 3 0.0348658
5 3 5 4 -0.0239931
5 3 5 5 0.0000000
5 4 0 0 -0.0000000
5 4 1 0 -0.0000000
5 4 1 1 -0.0000000
5 4 2 0 0.0029450
5 4 2 1 -0.0608940
5 4 2 2 -0.0000000
5 4 3 0 0.0000000
5 4 3 1 -0.0000000
5 4 3 2 0.0462444
5 4 3 3 0.0000000
5 4 4 0 0.0000000
5 4 4 1 -0.0000000
5 4 4 2 -0.0375550
5 4 4 3 -0.0000000
5 4 4 4 -0.0000000
5 4 5 0 0.0041664
5 4 5 1 0.0327267
5 4 5 2 -0.0000000
5 4 5 3 -0.0239931
5 4 5 4 0.0611247
5 4 5 5 0.0000000
5 5 0 0 0.7462380
5 5 1 0 0.0072722
5 5 1 1 0.5038214
5 5 2 0 0.0000000
5 5 2 1 -0.0000000
5 5 2 2 0.5298703
5 5 3 0 0.0001173
5 5 3 1 -0.0267494
5 5 3 2 0.0000000
5 5 3 3 0.4645437
5 5 4 0 -0.0033093
5 5 4 1 0.0070750
5 5 4 2 -0.0000000
5 5 4 3 0.0713342
5 5 4 4 0.4993358
5 5 5 0 0.0000000
5 5 5 1 0.0000000
5 5 5 2 0.0592742
5 5 5 3 0.0000000
5 5 5 4 0.0000000
5 5 5 5 0.5617289
6 0 0 0 0.2777364
6 0 1 0 0.0337641
6 0 1 1 -0.0016147
6 0 2 0 -0.0000000
6 0 2 1 0.0000000
6 0 2 2 0.0028365
6 0 3 0 0.0057308
6 0 3 1 -0.0039911
6 0 3 2 0.0000000
6 0 3 3 0.0008725
6 0 4 0 -0.0074239
6 0 4 1 -0.0028576
6 0 4 2 -0.0000000
6 0 4 3 0.0072526
6 0 4 4 0.0092639
6 0 5 0 -0.0000000
6 0 5 1 -0.0000000
6 0 5 2 0.0052176
6 0 5 3 0.0000000
6 0 5 4 0.0000000
6 0 5 5 0.0075699
6 0 6 0 0.0412876
6 0 6 1 0.0011415
6 0 6 2 -0.0000000
6 0 6 3 0.0001708
6 0 6 4 -0.0024517
6 0 6 5 -0.0000000
6 0 6 6 -0.0000165
6 1 0 0 0.2678815
6 1 1 0 0.0006497
6 1 1 1 0.1061083
6 1 2 0 0.0000000
6 1 2 1 -0.0000000
6 1 2 2 0.0605429
6 1 3 0 -0.0014371
6 1 3 1 0.0053440
6 1 3 2 0.0000000
6 1 3 3 0.0582623
6 1 4 0 -0.0026794
6 1 4 1 -0.0220977
6 1 4 2 -0.0000000
6 1 4 3 0.0636268
6 1 4 4 0.0625343
6 1 5 0 -0.0000000
6 1 5 1 -0.0000000
6 1 5 2 0.0654830
6 1 5 3 0.0000000
6 1 5 4 -0.0000000
6 1 5 5 0.0746875
6 1 6 0 0.0011415
6 1 6 1 0.0956896
6 1 6 2 -0.0000000
6 1 6 3 0.0315210
6 1 6 4 -0.0112451
6 1 6 5 -0.0000000
6 1 6 6 0.0767640
6 2 0 0 -0.0000000
6 2 1 0 -0.0000000
6 2 1 1 -0.0000000
6 2 2 0 -0.0052398
6 2 2 1 -0.0178882
6 2 2 2 -0.0000000
6 2 3 0 -0.0000000
6 2 3 1 0.0000000
6 2 3 2 0.0267555
6 2 3 3 0.0000000
6 2 4 0 0.0000000
6 2 4 1 -0.0000000
6 2 4 2 -0.0289514
6 2 4 3 -0.0000000
6 2 4 4 -0.0000000
6 2 5 0 -0.0078152
6 2 5 1 0.0391672
6 2 5 2 -0.0000000
6 2 5 3 -0.0149303
6 2 5 4 0.0353108
6 2 5 5 0.0000000
6 2 6 0 -0.0000000
6 2 6 1 -0.0000000
6 2 6 2 0.0384644
6 2 6 3 -0.0000000
6 2 6 4 0.0000000
6 2 6 5 -0.0136589
6 2 6 6 0.0000000
6 3 0 0 0.0844300
6 3 1 0 0.0016975
6 3 1 1 0.0268059
6 3 2 0 -0.0000000
6 3 2 1 0.0000000
6 3 2 2 0.0537702
6 3 3 0 -0.0045884
6 3 3 1 -0.0323302
6 3 3 2 0.0000000
6 3 3 3 -0.0087785
6 3 4 0 -0.0066292
6 3 4 1 0.0347201
6 3 4 2 -0.0000000
6 3 4 3 0.0382730
6 3 4 4 0.0142855
6 3 5 0 -0.0000000
6 3 5 1 0.0000000
6 3 5 2 -0.0074879
6 3 5 3 0.0000000
6 3 5 4 -0.0000000
6 3 5 5 0.0614000
6 3 6 0 0.0001708
6 3 6 1 0.0315210
6 3 6 2 -0.0000000
6 3 6 3 0.0708148
6 3 6 4 -0.0485223
6 3 6 5 -0.0000000
6 3 6 6 -0.0120746
6 4 0 0 -0.0073295
6 4 1 0 0.0014826
6 4 1 1 -0.0219326
6 4 2 0 0.0000000
6 4 2 1 -0.0000000
6 4 2 2 -0.0560654
6 4 3 0 -0.0099555
6 4 3 1 0.0888307
6 4 3 2 -0.0000000
6 4 3 3 0.0483998
6 4 4 0 -0.0139295
6 4 4 1 -0.0167415
6 4 4 2 -0.0000000
6 4 4 3 -0.0249121
6 4 4 4 -0.0164930
6 4 5 0 0.0000000
6 4 5 1 -0.0000000
6 4 5 2 0.0501615
6 4 5 3 -0.0000000
6 4 5 4 0.0000000
6 4 5 5 -0.0394478
6 4 6 0 -0.0024517
6 4 6 1 -0.0112451
6 4 6 2 0.0000000
6 4 6 3 -0.0485223
6 4 6 4 0.0987605
6 4 6 5 0.0000000
6 4 6 6 0.0448343
6 5 0 0 -0.0000000
6 5 1 0 0.0000000
6 5 1 1 -0.0000000
6 5 2 0 -0.0109069
6 5 2 1 0.0870389
6 5 2 2 0.0000000
6 5 3 0 -0.0000000
6 5 3 1 0.0000000
6 5 3 2 -0.0359834
6 5 3 3 -0.0000000
6 5 4 0 0.0000000
6 5 4 1 -0.0000000
6 5 4 2 0.0486509
6 5 4 3 -0.0000000
6 5 4 4 0.0000000
6 5 5 0 -0.0167998
6 5 5 1 -0.0073448
6 5 5 2 0.0000000
6 5 5 3 0.0438467
6 5 5 4 -0.0475771
6 5 5 5 -0.0000000
6 5 6 0 -0.0000000
6 5 6 1 -0.0000000
6 5 6 2 -0.0136589
6 5 6 3 -0.0000000
6 5 6 4 0.0000000
6 5 6 5 0.0774464
6 5 6 6 0.0000000
6 6 0 0 0.6941985
6 6 1 0 0.0010986
6 6 1 1 0.5175460
6 6 2 0 0.0000000
6 6 2 1 -0.0000000
6 6 2 2 0.4474859
6 6 3 0 -0.0057273
6 6 3 1 0.0563169
6 6 3 2 -0.0000000
6 6 3 3 0.5090818
6 6 4 0 -0.0088373
6 6 4 1 -0.0335375
6 6 4 2 -0.0000000
6 6 4 3 0.0197947
6 6 4 4 0.4804513
6 6 5 0 -0.0000000
6 6 5 1 -0.0000000
6 6 5 2 0.0649693
6 6 5 3 0.0000000
6 6 5 4 0.0000000
6 6 5 5 0.4698579
6 6 6 0 -0.0000165
6 6 6 1 0.0767640
6 6 6 2 0.0000000
6 6 6 3 -0.0120746
6 6 6 4 0.0448343
6 6 6 5 0.0000000
6 6 6 6 0.5449749
7 0 0 0 0.0850199
7 0 1 0 0.0046213
7 0 1 1 0.0097885
7 0 2 0 -0.0000000
7 0 2 1 -0.0000000
7 0 2 2 0.0006898
7 0 3 0 0.0004166
7 0 3 1 0.0005509
7 0 3 2 -0.0000000
7 0 3 3 0.0008217
7 0 4 0 -0.0020321
7 0 4 1 -0.0025079
7 0 4 2 0.0000000
7 0 4 3 -0.0017840
7 0 4 4 0.0003702
7 0 5 0 -0.0000000
7 0 5 1 -0.0000000
7 0 5 2 -0.0016165
7 0 5 3 -0.0000000
7 0 5 4 0.0000000
7 0 5 5 -0.0008737
7 0 6 0 0.0065383
7 0 6 1 0.0079778
7 0 6 2 0.0000000
7 0 6 3 -0.0000633
7 0 6 4 -0.0028416
7 0 6 5 -0.0000000
7 0 6 6 0.0096960
7 0 7 0 0.0112629
7 0 7 1 -0.0023539
7 0 7 2 -0.0000000
7 0 7 3 0.0006072
7 0 7 4 0.0010667
7 0 7 5 0.0000000
7 0 7 6 -0.0041213
7 0 7 7 -0.0059253
7 1 0 0 -0.0040275
7 1 1 0 0.0028933
7 1 1 1 -0.0145454
7 1 2 0 -0.0000000
7 1 2 1 0.0000000
7 1 2 2 0.0049207
7 1 3 0 0.0003615
7 1 3 1 -0.0043011
7 1 3 2 0.0000000
7 1 3 3 -0.0021869
7 1 4 0 -0.0005888
7 1 4 1 0.0055272
7 1 4 2 -0.0000000
7 1 4 3 0.0054617
7 1 4 4 0.0006294
7 1 5 0 -0.0000000
7 1 5 1 0.0000000
7 1 5 2 0.0023366
7 1 5 3 0.0000000
7 1 5 4 -0.0000000
7 1 5 5 0.0053170
7 1 6 0 0.0031281
7 1 6 1 -0.0098559
7 1 6 2 -0.0000000
7 1 6 3 0.0052043
7 1 6 4 -0.0013250
7 1 6 5 -0.0000000
7 1 6 6 -0.0157378
7 1 7 0 -0.0023539
7 1 7 1 0.0099371
7 1 7 2 -0.0000000
7 1 7 3 0.0006931
7 1 7 4 -0.0077025
7 1 7 5 -0.0000000
7 1 7 6 0.0012112
7 1 7 7 -0.0042455
7 2 0 0 0.0000000
7 2 1 0 0.0000000
7 2 1 1 -0.0000000
7 2 2 0 -0.0042551
7 2 2 1 0.0219024
7 2 2 2 0.0000000
7 2 3 0 0.0000000
7 2 3 1 0.0000000
7 2 3 2 -0.0090187
7 2 3 3 -0.0000000
7 2 4 0 0.0000000
7 2 4 1 -0.0000000
7 2 4 2 0.0074871
7 2 4 3 0.0000000
7 2 4 4 0.0000000
7 2 5 0 -0.0067789
7 2 5 1 0.0049031
7 2 5 2 -0.0000000
7 2 5 3 0.0078219
7 2 5 4 -0.0078683
7 2 5 5 -0.0000000
7 2 6 0 0.0000000
7 2 6 1 -0.0000000
7 2 6 2 0.0010110
7 2 6 3 0.0000000
7 2 6 4 -0.0000000
7 2 6 5 0.0187503
7 2 6 6 -0.0000000
7 2 7 0 -0.0000000
7 2 7 1 -0.0000000
7 2 7 2 0.0160102
7 2 7 3 -0.0000000
7 2 7 4 -0.0000000
7 2 7 5 0.0167779
7 2 7 6 0.0000000
7 2 7 7 -0.0000000
7 3 0 0 -0.0049489
7 3 1 0 -0.0004684
7 3 1 1 0.0024525
7 3 2 0 0.0000000
7 3 2 1 0.0000000
7 3 2 2 -0.0102619
7 3 3 0 -0.0043185
7 3 3 1 0.0199002
7 3 3 2 -0.0000000
7 3 3 3 0.0053032
7 3 4 0 -0.0059103
7 3 4 1 0.0037251
7 3 4 2 0.0000000
7 3 4 3 -0.0118191
7 3 4 4 -0.0111455
7 3 5 0 -0.0000000
7 3 5 1 0.0000000
7 3 5 2 0.0038640
7 3 5 3 -0.0000000
7 3 5 4 -0.0000000
7 3 5 5 -0.0044000
7 3 6 0 -0.0020217
7 3 6 1 0.0024826
7 3 6 2 0.0000000
7 3 6 3 -0.0036039
7 3 6 4 0.0163124
7 3 6 5 0.0000000
7 3 6 6 0.0125423
7 3 7 0 0.0006072
7 3 7 1 0.0006931
7 3 7 2 -0.0000000
7 3 7 3 0.0215471
7 3 7 4 0.0073215
7 3 7 5 0.0000000
7 3 7 6 -0.0085629
7 3 7 7 0.0068484
7 4 0 0 -0.0105279
7 4 1 0 -0.0012532
7 4 1 1 -0.0014080
7 4 2 0 0.0000000
7 4 2 1 -0.0000000
7 4 2 2 -0.0087290
7 4 3 0 -0.0054165
7 4 3 1 0.0186524
7 4 3 2 -0.0000000
7 4 3 3 0.0022939
7 4 4 0 -0.0071192
7 4 4 1 0.0067261
7 4 4 2 0.0000000
7 4 4 3 -0.0112840
7 4 4 4 -0.0150239
7 4 5 0 0.0000000
7 4 5 1 -0.0000000
7 4 5 2 0.0029945
7 4 5 3 -0.0000000
7 4 5 4 -0.0000000
7 4 5 5 -0.0032576
7 4 6 0 -0.0033778
7 4 6 1 0.0010841
7 4 6 2 -0.0000000
7 4 6 3 0.0002073
7 4 6 4 0.0147490
7 4 6 5 -0.0000000
7 4 6 6 0.0103264
7 4 7 0 0.0010667
7 4 7 1 -0.0077025
7 4 7 2 -0.0000000
7 4 7 3 0.0073215
7 4 7 4 0.0276384
7 4 7 5 0.0000000
7 4 7 6 0.0136097
7 4 7 7 0.0028808
7 5 0 0 -0.0000000
7 5 1 0 -0.0000000
7 5 1 1 -0.0000000
7 5 2 0 -0.0054813
7 5 2 1 0.0189020
7 5 2 2 -0.0000000
7 5 3 0 -0.0000000
7 5 3 1 0.0000000
7 5 3 2 -0.0042761
7 5 3 3 -0.0000000
7 5 4 0 0.0000000
7 5 4 1 -0.0000000
7 5 4 2 0.0046805
7 5 4 3 -0.0000000
7 5 4 4 -0.0000000
7 5 5 0 -0.0087240
7 5 5 1 0.0089990
7 5 5 2 0.0000000
7 5 5 3 0.0070931
7 5 5 4 -0.0031192
7 5 5 5 -0.0000000
7 5 6 0 -0.0000000
7 5 6 1 0.0000000
7 5 6 2 0.0063817
7 5 6 3 0.0000000
7 5 6 4 -0.0000000
7 5 6 5 0.0179281
7 5 6 6 0.0000000
7 5 7 0 0.0000000
7 5 7 1 -0.0000000
7 5 7 2 0.0167779
7 5 7 3 0.0000000
7 5 7 4 0.0000000
7 5 7 5 0.0203743
7 5 7 6 0.0000000
7 5 7 7 0.0000000
7 6 0 0 0.0180487
7 6 1 0 0.0049824
7 6 1 1 -0.0182594
7 6 2 0 0.0000000
7 6 2 1 -0.0000000
7 6 2 2 0.0002048
7 6 3 0 -0.0012752
7 6 3 1 0.0055171
7 6 3 2 -0.0000000
7 6 3 3 0.0055597
7 6 4 0 -0.0037437
7 6 4 1 0.0048195
7 6 4 2 -0.0000000
7 6 4 3 0.0099862
7 6 4 4 0.0028052
7 6 5 0 -0.0000000
7 6 5 1 0.0000000
7 6 5 2 0.0133846
7 6 5 3 0.0000000
7 6 5 4 -0.0000000
7 6 5 5 0.0091972
7 6 6 0 0.0045567
7 6 6 1 -0.0098289
7 6 6 2 -0.0000000
7 6 6 3 0.0033093
7 6 6 4 0.0104990
7 6 6 5 0.0000000
7 6 6 6 -0.0107669
7 6 7 0 -0.0041213
7 6 7 1 0.0012112
7 6 7 2 0.0000000
7 6 7 3 -0.0085629
7 6 7 4 0.0136097
7 6 7 5 0.0000000
7 6 7 6 0.0273866
7 6 7 7 0.0158721
7 7 0 0 0.5614960
7 7 1 0 0.0090296
7 7 1 1 0.3884938
7 7 2 0 0.0000000
7 7 2 1 -0.0000000
7 7 2 2 0.3625051
7 7 3 0 -0.0012753
7 7 3 1 0.0579868
7 7 3 2 -0.0000000
7 7 3 3 0.4429246
7 7 4 0 -0.0054835
7 7 4 1 -0.0425773
7 7 4 2 -0.0000000
7 7 4 3 0.0266924
7 7 4 4 0.4197722
7 7 5 0 -0.0000000
7 7 5 1 -0.0000000
7 7 5 2 0.0880242
7 7 5 3 0.0000000
7 7 5 4 0.0000000
7 7 5 5 0.3889656
7 7 6 0 0.0083552
7 7 6 1 0.0268013
7 7 6 2 0.0000000
7 7 6 3 -0.0418659
7 7 6 4 0.0768537
7 7 6 5 0.0000000
7 7 6 6 0.4404335
7 7 7 0 -0.0059253
7 7 7 1 -0.0042455
7 7 7 2 -0.0000000
7 7 7 3 0.0068484
7 7 7 4 0.0028808
7 7 7 5 0.0000000
7 7 7 6 0.0158721
7 7 7 7 0.5146545
8 0 0 0 -0.0000000
8 0 1 0 -0.0000000
8 0 1 1 0.0000000
8 0 2 0 0.0002279
8 0 2 1 -0.0004308
8 0 2 2 -0.0000000
8 0 3 0 0.0000000
8 0 3 1 -0.0000000
8 0 3 2 0.0000232
8 0 3 3 0.0000000
8 0 4 0 -0.0000000
8 0 4 1 0.0000000
8 0 4 2 -0.0000786
8 0 4 3 0.0000000
8 0 4 4 -0.0000000
8 0 5 0 0.0003662
8 0 5 1 -0.0002683
8 0 5 2 0.0000000
8 0 5 3 -0.0001806
8 0 5 4 0.0000423
8 0 5 5 0.0000000
8 0 6 0 -0.0000000
8 0 6 1 0.0000000
8 0 6 2 -0.0002122
8 0 6 3 -0.0000000
8 0 6 4 0.0000000
8 0 6 5 -0.0004347
8 0 6 6 0.0000000
8 0 7 0 0.0000000
8 0 7 1 0.0000000
8 0 7 2 -0.0001346
8 0 7 3 -0.0000000
8 0 7 4 0.0000000
8 0 7 5 -0.0001773
8 0 7 6 0.0000000
8 0 7 7 0.0000000
8 0 8 0 0.0000104
8 0 8 1 -0.0000263
8 0 8 2 -0.0000000
8 0 8 3 0.0000395
8 0 8 4 -0.0001087
8 0 8 5 -0.0000000
8 0 8 6 -0.0001629
8 0 8 7 0.0000323
8 0 8 8 0.0000000
8 1 0 0 -0.0000000
8 1 1 0 0.0000000
8 1 1 1 -0.0000000
8 1 2 0 -0.0013407
8 1 2 1 0.0134315
8 1 2 2 0.0000000
8 1 3 0 -0.0000000
8 1 3 1 0.0000000
8 1 3 2 -0.0012199
8 1 3 3 -0.0000000
8 1 4 0 0.0000000
8 1 4 1 -0.0000000
8 1 4 2 0.0068729
8 1 4 3 -0.0000000
8 1 4 4 0.0000000
8 1 5 0 -0.0019883
8 1 5 1 0.0036629
8 1 5 2 -0.0000000
8 1 5 3 0.0077841
8 1 5 4 -0.0027583
8 1 5 5 -0.0000000
8 1 6 0 0.0000000
8 1 6 1 -0.0000000
8 1 6 2 0.0019016
8 1 6 3 0.0000000
8 1 6 4 -0.0000000
8 1 6 5 0.0100748
8 1 6 6 -0.0000000
8 1 7 0 -0.0000000
8 1 7 1 -0.0000000
8 1 7 2 0.0031525
8 1 7 3 0.0000000
8 1 7 4 -0.0000000
8 1 7 5 0.0031243
8 1 7 6 -0.0000000
8 1 7 7 0.0000000
8 1 8 0 -0.0000263
8 1 8 1 0.0093410
8 1 8 2 -0.0000000
8 1 8 3 0.0135347
8 1 8 4 -0.0088574
8 1 8 5 -0.0000000
8 1 8 6 -0.0129145
8 1 8 7 -0.0010504
8 1 8 8 0.0000000
8 2 0 0 0.0217895
8 2 1 0 0.0000050
8 2 1 1 0.0134270
8 2 2 0 0.0000000
8 2 2 1 -0.0000000
8 2 2 2 0.0168191
8 2 3 0 -0.0001040
8 2 3 1 -0.0052209
8 2 3 2 0.0000000
8 2 3 3 0.0051271
8 2 4 0 -0.0001241
8 2 4 1 0.0043372
8 2 4 2 -0.0000000
8 2 4 3 0.0093962
8 2 4 4 0.0079874
8 2 5 0 0.0000000
8 2 5 1 -0.0000000
8 2 5 2 0.0030292
8 2 5 3 0.0000000
8 2 5 4 -0.0000000
8 2 5 5 0.0171302
8 2 6 0 0.0000199
8 2 6 1 0.0089523
8 2 6 2 -0.0000000
8 2 6 3 0.0119270
8 2 6 4 -0.0099933
8 2 6 5 -0.0000000
8 2 6 6 0.0017839
8 2 7 0 -0.0000131
8 2 7 1 0.0014660
8 2 7 2 -0.0000000
8 2 7 3 -0.0010183
8 2 7 4 -0.0006041
8 2 7 5 -0.0000000
8 2 7 6 0.0006670
8 2 7 7 -0.0087610
8 2 8 0 -0.0000000
8 2 8 1 -0.0000000
8 2 8 2 0.0048370
8 2 8 3 -0.0000000
8 2 8 4 0.0000000
8 2 8 5 0.0032528
8 2 8 6 0.0000000
8 2 8 7 -0.0000000
8 2 8 8 -0.0309938
8 3 0 0 0.0000000
8 3 1 0 0.0000000
8 3 1 1 0.0000000
8 3 2 0 -0.0011836
8 3 2 1 0.0106316
8 3 2 2 0.0000000
8 3 3 0 -0.0000000
8 3 3 1 0.0000000
8 3 3 2 0.0013766
8 3 3 3 0.0000000
8 3 4 0 0.0000000
8 3 4 1 -0.0000000
8 3 4 2 0.0061320
8 3 4 3 0.0000000
8 3 4 4 0.0000000
8 3 5 0 -0.0017920
8 3 5 1 0.0055238
8 3 5 2 0.0000000
8 3 5 3 0.0082355
8 3 5 4 0.0001230
8 3 5 5 0.0000000
8 3 6 0 0.0000000
8 3 6 1 0.0000000
8 3 6 2 0.0037125
8 3 6 3 0.0000000
8 3 6 4 -0.0000000
8 3 6 5 0.0086389
8 3 6 6 0.0000000
8 3 7 0 -0.0000000
8 3 7 1 0.0000000
8 3 7 2 0.0030313
8 3 7 3 0.0000000
8 3 7 4 -0.0000000
8 3 7 5 0.0032414
8 3 7 6 0.0000000
8 3 7 7 -0.0000000
8 3 8 0 0.0000395
8 3 8 1 0.0135347
8 3 8 2 -0.0000000
8 3 8 3 0.0217159
8 3 8 4 -0.0154235
8 3 8 5 -0.0000000
8 3 8 6 -0.0222769
8 3 8 7 0.0006431
8 3 8 8 -0.0000000
8 4 0 0 -0.0000000
8 4 1 0 -0.0000000
8 4 1 1 -0.0000000
8 4 2 0 0.0001598
8 4 2 1 -0.0018192
8 4 2 2 -0.0000000
8 4 3 0 0.0000000
8 4 3 1 -0.0000000
8 4 3 2 -0.0002130
8 4 3 3 -0.0000000
8 4 4 0 0.0000000
8 4 4 1 0.0000000
8 4 4 2 -0.0013407
8 4 4 3 -0.0000000
8 4 4 4 -0.0000000
8 4 5 0 0.0002042
8 4 5 1 -0.0016094
8 4 5 2 -0.0000000
8 4 5 3 -0.0015343
8 4 5 4 -0.0003388
8 4 5 5 -0.0000000
8 4 6 0 -0.0000000
8 4 6 1 -0.0000000
8 4 6 2 -0.0018416
8 4 6 3 -0.0000000
8 4 6 4 0.0000000
8 4 6 5 -0.0013971
8 4 6 6 -0.0000000
8 4 7 0 0.0000000
8 4 7 1 -0.0000000
8 4 7 2 -0.0005974
8 4 7 3 -0.0000000
8 4 7 4 -0.0000000
8 4 7 5 -0.0003771
8 4 7 6 -0.0000000
8 4 7 7 -0.0000000
8 4 8 0 -0.0001087
8 4 8 1 -0.0088574
8 4 8 2 0.0000000
8 4 8 3 -0.0154235
8 4 8 4 0.0135574
8 4 8 5 0.0000000
8 4 8 6 0.0189752
8 4 8 7 0.0012656
8 4 8 8 0.0000000
8 5 0 0 0.0243401
8 5 1 0 0.0001737
8 5 1 1 0.0120133
8 5 2 0 0.0000000
8 5 2 1 -0.0000000
8 5 2 2 0.0119837
8 5 3 0 -0.0005194
8 5 3 1 0.0017130
8 5 3 2 0.0000000
8 5 3 3 0.0106289
8 5 4 0 -0.0007441
8 5 4 1 0.0012940
8 5 4 2 -0.0000000
8 5 4 3 0.0078587
8 5 4 4 0.0085300
8 5 5 0 -0.0000000
8 5 5 1 -0.0000000
8 5 5 2 0.0075963
8 5 5 3 0.0000000
8 5 5 4 -0.0000000
8 5 5 5 0.0146082
8 5 6 0 0.0000119
8 5 6 1 0.0080683
8 5 6 2 -0.0000000
8 5 6 3 0.0067536
8 5 6 4 -0.0018857
8 5 6 5 -0.0000000
8 5 6 6 0.0069782
8 5 7 0 -0.0001000
8 5 7 1 0.0009443
8 5 7 2 -0.0000000
8 5 7 3 -0.0001471
8 5 7 4 0.0007439
8 5 7 5 0.0000000
8 5 7 6 0.0018152
8 5 7 7 0.0002007
8 5 8 0 -0.0000000
8 5 8 1 -0.0000000
8 5 8 2 0.0032528
8 5 8 3 -0.0000000
8 5 8 4 0.0000000
8 5 8 5 0.0027851
8 5 8 6 0.0000000
8 5 8 7 0.0000000
8 5 8 8 -0.0147001
8 6 0 0 -0.0000000
8 6 1 0 -0.0000000
8 6 1 1 -0.0000000
8 6 2 0 0.0001461
8 6 2 1 -0.0056261
8 6 2 2 -0.0000000
8 6 3 0 0.0000000
8 6 3 1 -0.0000000
8 6 3 2 0.0012266
8 6 3 3 0.0000000
8 6 4 0 -0.0000000
8 6 4 1 0.0000000
8 6 4 2 -0.0050283
8 6 4 3 -0.0000000
8 6 4 4 -0.0000000
8 6 5 0 0.0001905
8 6 5 1 -0.0004200
8 6 5 2 -0.0000000
8 6 5 3 -0.0042106
8 6 5 4 0.0016952
8 6 5 5 0.0000000
8 6 6 0 -0.0000000
8 6 6 1 -0.0000000
8 6 6 2 -0.0004436
8 6 6 3 -0.0000000
8 6 6 4 0.0000000
8 6 6 5 -0.0042317
8 6 6 6 0.0000000
8 6 7 0 0.0000000
8 6 7 1 -0.0000000
8 6 7 2 -0.0014747
8 6 7 3 -0.0000000
8 6 7 4 0.0000000
8 6 7 5 -0.0009963
8 6 7 6 -0.0000000
8 6 7 7 -0.0000000
8 6 8 0 -0.0001629
8 6 8 1 -0.0129145
8 6 8 2 0.0000000
8 6 8 3 -0.0222769
8 6 8 4 0.0189752
8 6 8 5 0.0000000
8 6 8 6 0.0271631
8 6 8 7 0.0003968
8 6 8 8 0.0000000
8 7 0 0 0.0000000
8 7 1 0 0.0000000
8 7 1 1 -0.0000000
8 7 2 0 -0.0002440
8 7 2 1 0.0022387
8 7 2 2 0.0000000
8 7 3 0 -0.0000000
8 7 3 1 0.0000000
8 7 3 2 -0.0005346
8 7 3 3 -0.0000000
8 7 4 0 0.0000000
8 7 4 1 -0.0000000
8 7 4 2 0.0007149
8 7 4 3 0.0000000
8 7 4 4 0.0000000
8 7 5 0 -0.0003639
8 7 5 1 0.0002414
8 7 5 2 0.0000000
8 7 5 3 0.0005293
8 7 5 4 -0.0007261
8 7 5 5 -0.0000000
8 7 6 0 0.0000000
8 7 6 1 -0.0000000
8 7 6 2 0.0000329
8 7 6 3 0.0000000
8 7 6 4 -0.0000000
8 7 6 5 0.0016582
8 7 6 6 -0.0000000
8 7 7 0 0.0000000
8 7 7 1 0.0000000
8 7 7 2 -0.0014299
8 7 7 3 -0.0000000
8 7 7 4 0.0000000
8 7 7 5 -0.0006050
8 7 7 6 0.0000000
8 7 7 7 -0.0000000
8 7 8 0 0.0000323
8 7 8 1 -0.0010504
8 7 8 2 -0.0000000
8 7 8 3 0.0006431
8 7 8 4 0.0012656
8 7 8 5 0.0000000
8 7 8 6 0.0003968
8 7 8 7 0.0210482
8 7 8 8 -0.0000000
8 8 0 0 0.3244287
8 8 1 0 -0.0012782
8 8 1 1 0.3389121
8 8 2 0 0.0000000
8 8 2 1 -0.0000000
8 8 2 2 0.2740223
8 8 3 0 -0.0046664
8 8 3 1 0.1090150
8 8 3 2 -0.0000000
8 8 3 3 0.4130730
8 8 4 0 -0.0061621
8 8 4 1 -0.0474521
8 8 4 2 0.0000000
8 8 4 3 -0.0637078
8 8 4 4 0.3434660
8 8 5 0 -0.0000000
8 8 5 1 -0.0000000
8 8 5 2 0.0461639
8 8 5 3 -0.0000000
8 8 5 4 0.0000000
8 8 5 5 0.2813398
8 8 6 0 -0.0031067
8 8 6 1 -0.0242629
8 8 6 2 0.0000000
8 8 6 3 -0.1064857
8 8 6 4 0.1295423
8 8 6 5 0.0000000
8 8 6 6 0.4395722
8 8 7 0 0.0015445
8 8 7 1 -0.0139824
8 8 7 2 -0.0000000
8 8 7 3 0.0229270
8 8 7 4 0.0162668
8 8 7 5 0.0000000
8 8 7 6 -0.0028508
8 8 7 7 0.4670423
8 8 8 0 0.0000000
8 8 8 1 0.0000000
8 8 8 2 -0.0309938
8 8 8 3 -0.0000000
8 8 8 4 0.0000000
8 8 8 5 -0.0147001
8 8 8 6 0.0000000
8 8 8 7 -0.0000000
8 8 8 8 0.6728327
9 0 0 0 -0.0028002
9 0 1 0 -0.0001309
9 0 1 1 -0.0005177
9 0 2 0 -0.0000000
9 0 2 1 -0.0000000
9 0 2 2 -0.0004277
9 0 3 0 0.0000095
9 0 3 1 0.0000735
9 0 3 2 -0.0000000
9 0 3 3 -0.0002832
9 0 4 0 0.0000768
9 0 4 1 0.0000117
9 0 4 2 0.0000000
9 0 4 3 -0.0003356
9 0 4 4 -0.0003820
9 0 5 0 0.0000000
9 0 5 1 -0.0000000
9 0 5 2 -0.0002086
9 0 5 3 -0.0000000
9 0 5 4 0.0000000
9 0 5 5 -0.0005306
9 0 6 0 -0.0001547
9 0 6 1 -0.0004186
9 0 6 2 0.0000000
9 0 6 3 -0.0002790
9 0 6 4 0.0001959
9 0 6 5 0.0000000
9 0 6 6 -0.0003318
9 0 7 0 -0.0001226
9 0 7 1 0.0000054
9 0 7 2 -0.0000000
9 0 7 3 0.0000108
9 0 7 4 0.0000140
9 0 7 5 0.0000000
9 0 7 6 0.0000286
9 0 7 7 0.0000568
9 0 8 0 0.0000000
9 0 8 1 0.0000000
9 0 8 2 -0.0000800
9 0 8 3 -0.0000000
9 0 8 4 0.0000000
9 0 8 5 -0.0000595
9 0 8 6 0.0000000
9 0 8 7 0.0000000
9 0 8 8 0.0004525
9 0 9 0 0.0000068
9 0 9 1 0.0000183
9 0 9 2 -0.0000000
9 0 9 3 0.0000824
9 0 9 4 -0.0001194
9 0 9 5 -0.0000000
9 0 9 6 -0.0001654
9 0 9 7 0.0000228
9 0 9 8 0.0000000
9 0 9 9 0.0031051
9 1 0 0 0.0035916
9 1 1 0 -0.0001013
9 1 1 1 0.0028213
9 1 2 0 0.0000000
9 1 2 1 0.0000000
9 1 2 2 0.0025695
9 1 3 0 -0.0000379
9 1 3 1 -0.0008282
9 1 3 2 0.0000000
9 1 3 3 0.0005894
9 1 4 0 -0.0000078
9 1 4 1 0.0007012
9 1 4 2 -0.0000000
9 1 4 3 0.0017951
9 1 4 4 0.0009739
9 1 5 0 -0.0000000
9 1 5 1 0.0000000
9 1 5 2 0.0004293
9 1 5 3 0.0000000
9 1 5 4 -0.0000000
9 1 5 5 0.0025636
9 1 6 0 -0.0001034
9 1 6 1 0.0022745
9 1 6 2 -0.0000000
9 1 6 3 0.0024049
9 1 6 4 -0.0020456
9 1 6 5 -0.0000000
9 1 6 6 0.0002723
9 1 7 0 0.0000868
9 1 7 1 0.0001122
9 1 7 2 -0.0000000
9 1 7 3 0.0002858
9 1 7 4 -0.0003309
9 1 7 5 -0.0000000
9 1 7 6 -0.0006024
9 1 7 7 -0.0003743
9 1 8 0 -0.0000000
9 1 8 1 -0.0000000
9 1 8 2 0.0005007
9 1 8 3 0.0000000
9 1 8 4 -0.0000000
9 1 8 5 0.0003228
9 1 8 6 -0.0000000
9 1 8 7 -0.0000000
9 1 8 8 -0.0018974
9 1 9 0 0.0000183
9 1 9 1 0.0014624
9 1 9 2 -0.0000000
9 1 9 3 0.0026703
9 1 9 4 -0.0030509
9 1 9 5 -0.0000000
9 1 9 6 -0.0040934
9 1 9 7 -0.0008750
9 1 9 8 0.0000000
9 1 9 9 0.0172114
9 2 0 0 -0.0000000
9 2 1 0 0.0000000
9 2 1 1 -0.0000000
9 2 2 0 -0.0000681
9 2 2 1 0.0006144
9 2 2 2 -0.0000000
9 2 3 0 -0.0000000
9 2 3 1 0.0000000
9 2 3 2 -0.0000700
9 2 3 3 -0.0000000
9 2 4 0 0.0000000
9 2 4 1 -0.0000000
9 2 4 2 0.0003376
9 2 4 3 -0.0000000
9 2 4 4 -0.0000000
9 2 5 0 -0.0000991
9 2 5 1 0.0001570
9 2 5 2 -0.0000000
9 2 5 3 0.0003179
9 2 5 4 -0.0000986
9 2 5 5 -0.0000000
9 2 6 0 0.0000000
9 2 6 1 -0.0000000
9 2 6 2 0.0001499
9 2 6 3 -0.0000000
9 2 6 4 0.0000000
9 2 6 5 0.0004868
9 2 6 6 0.0000000
9 2 7 0 -0.0000000
9 2 7 1 -0.0000000
9 2 7 2 0.0000685
9 2 7 3 -0.0000000
9 2 7 4 -0.0000000
9 2 7 5 0.0000801
9 2 7 6 0.0000000
9 2 7 7 -0.0000000
9 2 8 0 -0.0000021
9 2 8 1 0.0004133
9 2 8 2 -0.0000000
9 2 8 3 0.0006225
9 2 8 4 -0.0004789
9 2 8 5 -0.0000000
9 2 8 6 -0.0006665
9 2 8 7 -0.0000050
9 2 8 8 -0.0000000
9 2 9 0 -0.0000000
9 2 9 1 -0.0000000
9 2 9 2 0.0002371
9 2 9 3 -0.0000000
9 2 9 4 0.0000000
9 2 9 5 0.0001631
9 2 9 6 0.0000000
9 2 9 7 -0.0000000
9 2 9 8 -0.0017752
9 2 9 9 -0.0000000
9 3 0 0 0.0028086
9 3 1 0 -0.0000112
9 3 1 1 0.0016611
9 3 2 0 -0.0000000
9 3 2 1 0.0000000
9 3 2 2 0.0019547
9 3 3 0 -0.0000432
9 3 3 1 -0.0008052
9 3 3 2 0.0000000
9 3 3 3 0.0000240
9 3 4 0 -0.0000493
9 3 4 1 0.0008129
9 3 4 2 -0.0000000
9 3 4 3 0.0019248
9 3 4 4 0.0005371
9 3 5 0 -0.0000000
9 3 5 1 0.0000000
9 3 5 2 0.0005195
9 3 5 3 0.0000000
9 3 5 4 -0.0000000
9 3 5 5 0.0020458
9 3 6 0 -0.0000192
9 3 6 1 0.0017993
9 3 6 2 -0.0000000
9 3 6 3 0.0024264
9 3 6 4 -0.0017631
9 3 6 5 -0.0000000
9 3 6 6 -0.0005289
9 3 7 0 0.0000135
9 3 7 1 0.0000563
9 3 7 2 -0.0000000
9 3 7 3 0.0001252
9 3 7 4 -0.0000768
9 3 7 5 -0.0000000
9 3 7 6 -0.0001290
9 3 7 7 0.0013993
9 3 8 0 -0.0000000
9 3 8 1 0.0000000
9 3 8 2 0.0001513
9 3 8 3 0.0000000
9 3 8 4 -0.0000000
9 3 8 5 0.0000959
9 3 8 6 -0.0000000
9 3 8 7 -0.0000000
9 3 8 8 0.0008171
9 3 9 0 0.0000824
9 3 9 1 0.0026703
9 3 9 2 -0.0000000
9 3 9 3 0.0056991
9 3 9 4 -0.0066028
9 3 9 5 -0.0000000
9 3 9 6 -0.0090442
9 3 9 7 0.0001137
9 3 9 8 -0.0000000
9 3 9 9 0.0616004
9 4 0 0 0.0015423
9 4 1 0 0.0000433
9 4 1 1 0.0008423
9 4 2 0 0.0000000
9 4 2 1 -0.0000000
9 4 2 2 0.0004453
9 4 3 0 -0.0000702
9 4 3 1 0.0010224
9 4 3 2 -0.0000000
9 4 3 3 0.0021635
9 4 4 0 -0.0001002
9 4 4 1 -0.0003456
9 4 4 2 -0.0000000
9 4 4 3 -0.0002907
9 4 4 4 0.0011927
9 4 5 0 -0.0000000
9 4 5 1 -0.0000000
9 4 5 2 0.0003716
9 4 5 3 -0.0000000
9 4 5 4 0.0000000
9 4 5 5 0.0007137
9 4 6 0 0.0000218
9 4 6 1 -0.0003280
9 4 6 2 0.0000000
9 4 6 3 -0.0007264
9 4 6 4 0.0009404
9 4 6 5 0.0000000
9 4 6 6 0.0015288
9 4 7 0 -0.0000408
9 4 7 1 0.0001206
9 4 7 2 0.0000000
9 4 7 3 -0.0004703
9 4 7 4 0.0001862
9 4 7 5 0.0000000
9 4 7 6 0.0006600
9 4 7 7 -0.0021515
9 4 8 0 0.0000000
9 4 8 1 -0.0000000
9 4 8 2 0.0005644
9 4 8 3 0.0000000
9 4 8 4 -0.0000000
9 4 8 5 0.0004728
9 4 8 6 0.0000000
9 4 8 7 0.0000000
9 4 8 8 -0.0041617
9 4 9 0 -0.0001194
9 4 9 1 -0.0030509
9 4 9 2 0.0000000
9 4 9 3 -0.0066028
9 4 9 4 0.0080445
9 4 9 5 0.0000000
9 4 9 6 0.0108979
9 4 9 7 0.0009401
9 4 9 8 0.0000000
9 4 9 9 -0.0917011
9 5 0 0 0.0000000
9 5 1 0 0.0000000
9 5 1 1 0.0000000
9 5 2 0 -0.0000616
9 5 2 1 0.0003169
9 5 2 2 0.0000000
9 5 3 0 -0.0000000
9 5 3 1 0.0000000
9 5 3 2 0.0000800
9 5 3 3 0.0000000
9 5 4 0 -0.0000000
9 5 4 1 -0.0000000
9 5 4 2 0.0001456
9 5 4 3 -0.0000000
9 5 4 4 0.0000000
9 5 5 0 -0.0000935
9 5 5 1 0.0002647
9 5 5 2 0.0000000
9 5 5 3 0.0002284
9 5 5 4 0.0000851
9 5 5 5 0.0000000
9 5 6 0 0.0000000
9 5 6 1 -0.0000000
9 5 6 2 0.0002233
9 5 6 3 -0.0000000
9 5 6 4 0.0000000
9 5 6 5 0.0003033
9 5 6 6 0.0000000
9 5 7 0 -0.0000000
9 5 7 1 0.0000000
9 5 7 2 0.0000557
9 5 7 3 -0.0000000
9 5 7 4 0.0000000
9 5 7 5 0.0000645
9 5 7 6 0.0000000
9 5 7 7 -0.0000000
9 5 8 0 -0.0000025
9 5 8 1 0.0003101
9 5 8 2 0.0000000
9 5 8 3 0.0004831
9 5 8 4 -0.0003477
9 5 8 5 0.0000000
9 5 8 6 -0.0004693
9 5 8 7 -0.0000535
9 5 8 8 -0.0000000
9 5 9 0 -0.0000000
9 5 9 1 -0.0000000
9 5 9 2 0.0001631
9 5 9 3 -0.0000000
9 5 9 4 0.0000000
9 5 9 5 0.0001148
9 5 9 6 0.0000000
9 5 9 7 0.0000000
9 5 9 8 -0.0012229
9 5 9 9 -0.0000000
9 6 0 0 0.0031634
9 6 1 0 -0.0000745
9 6 1 1 0.0025017
9 6 2 0 0.0000000
9 6 2 1 -0.0000000
9 6 2 2 0.0010537
9 6 3 0 -0.0001249
9 6 3 1 0.0017423
9 6 3 2 -0.0000000
9 6 3 3 0.0037692
9 6 4 0 -0.0001241
9 6 4 1 -0.0007931
9 6 4 2 -0.0000000
9 6 4 3 -0.0005413
9 6 4 4 0.0021721
9 6 5 0 -0.0000000
9 6 5 1 -0.0000000
9 6 5 2 0.0007311
9 6 5 3 0.0000000
9 6 5 4 0.0000000
9 6 5 5 0.0014303
9 6 6 0 -0.0001152
9 6 6 1 0.0002647
9 6 6 2 0.0000000
9 6 6 3 -0.0011453
9 6 6 4 0.0014482
9 6 6 5 0.0000000
9 6 6 6 0.0034870
9 6 7 0 0.0000619
9 6 7 1 0.0000367
9 6 7 2 0.0000000
9 6 7 3 -0.0002905
9 6 7 4 0.0001496
9 6 7 5 0.0000000
9 6 7 6 0.0003075
9 6 7 7 -0.0025499
9 6 8 0 0.0000000
9 6 8 1 -0.0000000
9 6 8 2 0.0007528
9 6 8 3 0.0000000
9 6 8 4 -0.0000000
9 6 8 5 0.0006513
9 6 8 6 -0.0000000
9 6 8 7 0.0000000
9 6 8 8 -0.0050435
9 6 9 0 -0.0001654
9 6 9 1 -0.0040934
9 6 9 2 0.0000000
9 6 9 3 -0.0090442
9 6 9 4 0.0108979
9 6 9 5 0.0000000
9 6 9 6 0.0148650
9 6 9 7 0.0004393
9 6 9 8 0.0000000
9 6 9 9 -0.1209563
9 7 0 0 -0.0009797
9 7 1 0 -0.0000910
9 7 1 1 0.0007314
9 7 2 0 0.0000000
9 7 2 1 -0.0000000
9 7 2 2 0.0000868
9 7 3 0 -0.0000347
9 7 3 1 0.0002040
9 7 3 2 0.0000000
9 7 3 3 -0.0001255
9 7 4 0 0.0000015
9 7 4 1 -0.0000113
9 7 4 2 0.0000000
9 7 4 3 -0.0004045
9 7 4 4 -0.0000872
9 7 5 0 -0.0000000
9 7 5 1 -0.0000000
9 7 5 2 -0.0004746
9 7 5 3 -0.0000000
9 7 5 4 0.0000000
9 7 5 5 -0.0000975
9 7 6 0 -0.0000812
9 7 6 1 -0.0001258
9 7 6 2 -0.0000000
9 7 6 3 0.0001754
9 7 6 4 -0.0001608
9 7 6 5 -0.0000000
9 7 6 6 0.0000462
9 7 7 0 0.0000505
9 7 7 1 -0.0007752
9 7 7 2 0.0000000
9 7 7 3 -0.0011435
9 7 7 4 0.0013633
9 7 7 5 0.0000000
9 7 7 6 0.0015385
9 7 7 7 -0.0001770
9 7 8 0 -0.0000000
9 7 8 1 -0.0000000
9 7 8 2 0.0000820
9 7 8 3 0.0000000
9 7 8 4 0.0000000
9 7 8 5 -0.0000234
9 7 8 6 0.0000000
9 7 8 7 0.0000000
9 7 8 8 0.0000623
9 7 9 0 0.0000228
9 7 9 1 -0.0008750
9 7 9 2 -0.0000000
9 7 9 3 0.0001137
9 7 9 4 0.0009401
9 7 9 5 0.0000000
9 7 9 6 0.0004393
9 7 9 7 0.0091562
9 7 9 8 0.0000000
9 7 9 9 -0.0149381
9 8 0 0 0.0000000
9 8 1 0 0.0000000
9 8 1 1 -0.0000000
9 8 2 0 -0.0001052
9 8 2 1 0.0017364
9 8 2 2 -0.0000000
9 8 3 0 -0.0000000
9 8 3 1 0.0000000
9 8 3 2 0.0000525
9 8 3 3 0.0000000
9 8 4 0 0.0000000
9 8 4 1 -0.0000000
9 8 4 2 0.0006241
9 8 4 3 -0.0000000
9 8 4 4 0.0000000
9 8 5 0 -0.0001558
9 8 5 1 0.0002113
9 8 5 2 -0.0000000
9 8 5 3 0.0009973
9 8 5 4 -0.0006767
9 8 5 5 -0.0000000
9 8 6 0 0.0000000
9 8 6 1 -0.0000000
9 8 6 2 -0.0004997
9 8 6 3 -0.0000000
9 8 6 4 -0.0000000
9 8 6 5 0.0008776
9 8 6 6 -0.0000000
9 8 7 0 -0.0000000
9 8 7 1 -0.0000000
9 8 7 2 0.0003446
9 8 7 3 0.0000000
9 8 7 4 -0.0000000
9 8 7 5 0.0002896
9 8 7 6 -0.0000000
9 8 7 7 0.0000000
9 8 8 0 -0.0000000
9 8 8 1 -0.0005022
9 8 8 2 0.0000000
9 8 8 3 -0.0013690
9 8 8 4 0.0019374
9 8 8 5 0.0000000
9 8 8 6 0.0023185
9 8 8 7 0.0004312
9 8 8 8 0.0000000
9 8 9 0 0.0000000
9 8 9 1 0.0000000
9 8 9 2 -0.0017752
9 8 9 3 -0.0000000
9 8 9 4 0.0000000
9 8 9 5 -0.0012229
9 8 9 6 0.0000000
9 8 9 7 0.0000000
9 8 9 8 0.0145315
9 8 9 9 -0.0000000
9 9 0 0 0.3430336
9 9 1 0 -0.0014559
9 9 1 1 0.3745994
9 9 2 0 0.0000000
9 9 2 1 -0.0000000
9 9 2 2 0.2816581
9 9 3 0 -0.0053764
9 9 3 1 0.1560104
9 9 3 2 -0.0000000
9 9 3 3 0.5032741
9 9 4 0 -0.0076800
9 9 4 1 -0.0840676
9 9 4 2 0.0000000
9 9 4 3 -0.1260413
9 9 4 4 0.4192276
9 9 5 0 -0.0000000
9 9 5 1 -0.0000000
9 9 5 2 0.0525823
9 9 5 3 -0.0000000
9 9 5 4 0.0000000
9 9 5 5 0.2906566
9 9 6 0 -0.0041711
9 9 6 1 -0.0657014
9 9 6 2 0.0000000
9 9 6 3 -0.1960237
9 9 6 4 0.2253496
9 9 6 5 0.0000000
9 9 6 6 0.5792584
9 9 7 0 0.0022778
9 9 7 1 -0.0251612
9 9 7 2 -0.0000000
9 9 7 3 0.0324060
9 9 7 4 0.0225475
9 9 7 5 0.0000000
9 9 7 6 -0.0070145
9 9 7 7 0.6182419
9 9 8 0 0.0000000
9 9 8 1 0.0000000
9 9 8 2 -0.0508110
9 9 8 3 -0.0000000
9 9 8 4 0.0000000
9 9 8 5 -0.0267504
9 9 8 6 0.0000000
9 9 8 7 -0.0000000
9 9 8 8 0.8416887
9 9 9 0 0.0031051
9 9 9 1 0.0172114
9 9 9 2 -0.0000000
9 9 9 3 0.0616004
9 9 9 4 -0.0917011
9 9 9 5 -0.0000000
9 9 9 6 -0.1209563
9 9 9 7 -0.0149381
9 9 9 8 -0.0000000
9 9 9 9 3.4993859
10 0 0 0 0.0250887
10 0 1 0 0.0012410
10 0 1 1 0.0036951
10 0 2 0 -0.0000000
10 0 2 1 0.0000000
10 0 2 2 0.0014309
10 0 3 0 0.0000712
10 0 3 1 -0.0000419
10 0 3 2 0.0000000
10 0 3 3 0.0011191
10 0 4 0 -0.0005849
10 0 4 1 -0.0006211
10 0 4 2 -0.0000000
10 0 4 3 0.0004765
10 0 4 4 0.0012774
10 0 5 0 -0.0000000
10 0 5 1 -0.0000000
10 0 5 2 0.0002351
10 0 5 3 0.0000000
10 0 5 4 -0.0000000
10 0 5 5 0.0013522
10 0 6 0 0.0017022
10 0 6 1 0.0028581
10 0 6 2 -0.0000000
10 0 6 3 0.0006687
10 0 6 4 -0.0010702
10 0 6 5 -0.0000000
10 0 6 6 0.0032311
10 0 7 0 0.0027155
10 0 7 1 -0.0005764
10 0 7 2 -0.0000000
10 0 7 3 0.0000246
10 0 7 4 0.0002763
10 0 7 5 0.0000000
10 0 7 6 -0.0008723
10 0 7 7 -0.0012809
10 0 8 0 -0.0000000
10 0 8 1 -0.0000000
10 0 8 2 0.0002049
10 0 8 3 0.0000000
10 0 8 4 -0.0000000
10 0 8 5 0.0001386
10 0 8 6 -0.0000000
10 0 8 7 0.0000000
10 0 8 8 -0.0007252
10 0 9 0 -0.0000361
10 0 9 1 0.0000519
10 0 9 2 -0.0000000
10 0 9 3 0.0000257
10 0 9 4 0.0000039
10 0 9 5 0.0000000
10 0 9 6 0.0000361
10 0 9 7 0.0000137
10 0 9 8 0.0000000
10 0 9 9 -0.0009796
10 0 10 0 0.0006760
10 0 10 1 -0.0004888
10 0 10 2 0.0000000
10 0 10 3 -0.0002523
10 0 10 4 0.0002060
10 0 10 5 0.0000000
10 0 10 6 -0.0001498
10 0 10 7 0.0000763
10 0 10 8 0.0000000
10 0 10 9 -0.0000201
10 0 10 10 -0.0012383
10 1 0 0 -0.0251540
10 1 1 0 0.0012274
10 1 1 1 -0.0261384
10 1 2 0 -0.0000000
10 1 2 1 0.0000000
10 1 2 2 -0.0158451
10 1 3 0 0.0004340
10 1 3 1 -0.0030244
10 1 3 2 0.0000000
10 1 3 3 -0.0172135
10 1 4 0 0.0001183
10 1 4 1 0.0009417
10 1 4 2 0.0000000
10 1 4 3 -0.0026091
10 1 4 4 -0.0138238
10 1 5 0 0.0000000
10 1 5 1 0.0000000
10 1 5 2 -0.0024898
10 1 5 3 -0.0000000
10 1 5 4 0.0000000
10 1 5 5 -0.0159935
10 1 6 0 0.0013637
10 1 6 1 -0.0114174
10 1 6 2 0.0000000
10 1 6 3 -0.0039802
10 1 6 4 0.0028943
10 1 6 5 0.0000000
10 1 6 6 -0.0192105
10 1 7 0 -0.0010287
10 1 7 1 0.0011856
10 1 7 2 0.0000000
10 1 7 3 -0.0014064
10 1 7 4 0.0000652
10 1 7 5 0.0000000
10 1 7 6 0.0031594
10 1 7 7 0.0006353
10 1 8 0 -0.0000000
10 1 8 1 0.0000000
10 1 8 2 -0.0033031
10 1 8 3 -0.0000000
10 1 8 4 0.0000000
10 1 8 5 -0.0025481
10 1 8 6 0.0000000
10 1 8 7 0.0000000
10 1 8 8 0.0065955
10 1 9 0 0.0000913
10 1 9 1 -0.0003993
10 1 9 2 -0.0000000
10 1 9 3 0.0003505
10 1 9 4 -0.0013503
10 1 9 5 -0.0000000
10 1 9 6 -0.0019769
10 1 9 7 -0.0002574
10 1 9 8 0.0000000
10 1 9 9 0.0246149
10 1 10 0 -0.0004888
10 1 10 1 0.0100432
10 1 10 2 -0.0000000
10 1 10 3 0.0118639
10 1 10 4 -0.0094593
10 1 10 5 -0.0000000
10 1 10 6 -0.0112148
10 1 10 7 -0.0027157
10 1 10 8 0.0000000
10 1 10 9 -0.0000387
10 1 10 10 0.0340333
10 2 0 0 0.0000000
10 2 1 0 -0.0000000
10 2 1 1 0.0000000
10 2 2 0 -0.0007108
10 2 2 1 0.0026783
10 2 2 2 0.0000000
10 2 3 0 -0.0000000
10 2 3 1 0.0000000
10 2 3 2 -0.0014673
10 2 3 3 0.0000000
10 2 4 0 0.0000000
10 2 4 1 -0.0000000
10 2 4 2 0.0008562
10 2 4 3 0.0000000
10 2 4 4 0.0000000
10 2 5 0 -0.0011656
10 2 5 1 0.0009053
10 2 5 2 0.0000000
10 2 5 3 0.0009487
10 2 5 4 -0.0009362
10 2 5 5 0.0000000
10 2 6 0 -0.0000000
10 2 6 1 0.0000000
10 2 6 2 0.0002214
10 2 6 3 0.0000000
10 2 6 4 -0.0000000
10 2 6 5 0.0026720
10 2 6 6 0.0000000
10 2 7 0 0.0000000
10 2 7 1 0.0000000
10 2 7 2 0.0033870
10 2 7 3 0.0000000
10 2 7 4 -0.0000000
10 2 7 5 0.0035118
10 2 7 6 -0.0000000
10 2 7 7 0.0000000
10 2 8 0 0.0000333
10 2 8 1 0.0006346
10 2 8 2 0.0000000
10 2 8 3 0.0015642
10 2 8 4 -0.0017713
10 2 8 5 0.0000000
10 2 8 6 -0.0026110
10 2 8 7 -0.0001079
10 2 8 8 -0.0000000
10 2 9 0 -0.0000000
10 2 9 1 0.0000000
10 2 9 2 0.0000566
10 2 9 3 -0.0000000
10 2 9 4 0.0000000
10 2 9 5 0.0000409
10 2 9 6 0.0000000
10 2 9 7 0.0000000
10 2 9 8 -0.0002007
10 2 9 9 -0.0000000
10 2 10 0 0.0000000
10 2 10 1 -0.0000000
10 2 10 2 0.0020506
10 2 10 3 -0.0000000
10 2 10 4 0.0000000
10 2 10 5 0.0016832
10 2 10 6 0.0000000
10 2 10 7 -0.0000000
10 2 10 8 -0.0113240
10 2 10 9 0.0000000
10 2 10 10 -0.0000000
10 3 0 0 -0.0245842
10 3 1 0 0.0003819
10 3 1 1 -0.0235985
10 3 2 0 -0.0000000
10 3 2 1 0.0000000
10 3 2 2 -0.0181669
10 3 3 0 -0.0003495
10 3 3 1 -0.0033441
10 3 3 2 0.0000000
10 3 3 3 -0.0225440
10 3 4 0 -0.0006644
10 3 4 1 0.0022620
10 3 4 2 0.0000000
10 3 4 3 -0.0020595
10 3 4 4 -0.0192741
10 3 5 0 -0.0000000
10 3 5 1 0.0000000
10 3 5 2 -0.0030948
10 3 5 3 -0.0000000
10 3 5 4 -0.0000000
10 3 5 5 -0.0177012
10 3 6 0 0.0002514
10 3 6 1 -0.0056544
10 3 6 2 0.0000000
10 3 6 3 -0.0004754
10 3 6 4 0.0002561
10 3 6 5 0.0000000
10 3 6 6 -0.0197503
10 3 7 0 -0.0003245
10 3 7 1 -0.0020298
10 3 7 2 0.0000000
10 3 7 3 0.0001774
10 3 7 4 0.0060841
10 3 7 5 0.0000000
10 3 7 6 0.0046415
10 3 7 7 -0.0045450
10 3 8 0 0.0000000
10 3 8 1 0.0000000
10 3 8 2 -0.0031351
10 3 8 3 -0.0000000
10 3 8 4 0.0000000
10 3 8 5 -0.0025714
10 3 8 6 -0.0000000
10 3 8 7 -0.0000000
10 3 8 8 0.0013917
10 3 9 0 0.0000913
10 3 9 1 -0.0001543
10 3 9 2 -0.0000000
10 3 9 3 0.0009448
10 3 9 4 -0.0021905
10 3 9 5 -0.0000000
10 3 9 6 -0.0030908
10 3 9 7 -0.0000126
10 3 9 8 -0.0000000
10 3 9 9 0.0238155
10 3 10 0 -0.0002523
10 3 10 1 0.0118639
10 3 10 2 -0.0000000
10 3 10 3 0.0189495
10 3 10 4 -0.0135332
10 3 10 5 -0.0000000
10 3 10 6 -0.0194419
10 3 10 7 0.0071340
10 3 10 8 -0.0000000
10 3 10 9 -0.0010415
10 3 10 10 0.0374848
10 4 0 0 0.0118701
10 4 1 0 -0.0005467
10 4 1 1 0.0148344
10 4 2 0 0.0000000
10 4 2 1 -0.0000000
10 4 2 2 0.0075962
10 4 3 0 -0.0014638
10 4 3 1 0.0097977
10 4 3 2 -0.0000000
10 4 3 3 0.0173846
10 4 4 0 -0.0018752
10 4 4 1 -0.0003827
10 4 4 2 -0.0000000
10 4 4 3 -0.0039252
10 4 4 4 0.0084448
10 4 5 0 -0.0000000
10 4 5 1 -0.0000000
10 4 5 2 0.0032592
10 4 5 3 -0.0000000
10 4 5 4 0.0000000
10 4 5 5 0.0094091
10 4 6 0 -0.0011496
10 4 6 1 0.0029711
10 4 6 2 0.0000000
10 4 6 3 -0.0024216
10 4 6 4 0.0071424
10 4 6 5 0.0000000
10 4 6 6 0.0183337
10 4 7 0 0.0004737
10 4 7 1 -0.0001339
10 4 7 2 -0.0000000
10 4 7 3 0.0054018
10 4 7 4 0.0032464
10 4 7 5 -0.0000000
10 4 7 6 -0.0014947
10 4 7 7 0.0076486
10 4 8 0 -0.0000000
10 4 8 1 -0.0000000
10 4 8 2 0.0012131
10 4 8 3 -0.0000000
10 4 8 4 -0.0000000
10 4 8 5 0.0015491
10 4 8 6 0.0000000
10 4 8 7 -0.0000000
10 4 8 8 0.0116198
10 4 9 0 -0.0000603
10 4 9 1 -0.0002283
10 4 9 2 0.0000000
10 4 9 3 -0.0012482
10 4 9 4 0.0021722
10 4 9 5 0.0000000
10 4 9 6 0.0030537
10 4 9 7 0.0000697
10 4 9 8 0.0000000
10 4 9 9 -0.0086220
10 4 10 0 0.0002060
10 4 10 1 -0.0094593
10 4 10 2 0.0000000
10 4 10 3 -0.0135332
10 4 10 4 0.0131330
10 4 10 5 0.0000000
10 4 10 6 0.0165703
10 4 10 7 -0.0035547
10 4 10 8 0.0000000
10 4 10 9 0.0010757
10 4 10 10 -0.0217759
10 5 0 0 0.0000000
10 5 1 0 -0.0000000
10 5 1 1 0.0000000
10 5 2 0 -0.0010374
10 5 2 1 0.0038504
10 5 2 2 0.0000000
10 5 3 0 -0.0000000
10 5 3 1 0.0000000
10 5 3 2 -0.0012961
10 5 3 3 0.0000000
10 5 4 0 -0.0000000
10 5 4 1 -0.0000000
10 5 4 2 0.0013107
10 5 4 3 -0.0000000
10 5 4 4 0.0000000
10 5 5 0 -0.0016623
10 5 5 1 0.0011619
10 5 5 2 0.0000000
10 5 5 3 0.0014569
10 5 5 4 -0.0010443
10 5 5 5 0.0000000
10 5 6 0 -0.0000000
10 5 6 1 0.0000000
10 5 6 2 0.0007766
10 5 6 3 -0.0000000
10 5 6 4 0.0000000
10 5 6 5 0.0036367
10 5 6 6 0.0000000
10 5 7 0 0.0000000
10 5 7 1 -0.0000000
10 5 7 2 0.0037001
10 5 7 3 0.0000000
10 5 7 4 -0.0000000
10 5 7 5 0.0044430
10 5 7 6 -0.0000000
10 5 7 7 0.0000000
10 5 8 0 0.0000067
10 5 8 1 0.0006907
10 5 8 2 0.0000000
10 5 8 3 0.0012598
10 5 8 4 -0.0011357
10 5 8 5 0.0000000
10 5 8 6 -0.0018047
10 5 8 7 0.0001823
10 5 8 8 0.0000000
10 5 9 0 -0.0000000
10 5 9 1 -0.0000000
10 5 9 2 0.0000468
10 5 9 3 -0.0000000
10 5 9 4 0.0000000
10 5 9 5 0.0000236
10 5 9 6 0.0000000
10 5 9 7 0.0000000
10 5 9 8 -0.0000332
10 5 9 9 -0.0000000
10 5 10 0 0.0000000
10 5 10 1 -0.0000000
10 5 10 2 0.0016832
10 5 10 3 -0.0000000
10 5 10 4 0.0000000
10 5 10 5 0.0016459
10 5 10 6 0.0000000
10 5 10 7 -0.0000000
10 5 10 8 -0.0082768
10 5 10 9 0.0000000
10 5 10 10 -0.0000000
10 6 0 0 0.0140361
10 6 1 0 0.0010747
10 6 1 1 0.0096449
10 6 2 0 0.0000000
10 6 2 1 -0.0000000
10 6 2 2 0.0094178
10 6 3 0 -0.0005347
10 6 3 1 0.0078649
10 6 3 2 -0.0000000
10 6 3 3 0.0194428
10 6 4 0 -0.0012405
10 6 4 1 -0.0002737
10 6 4 2 -0.0000000
10 6 4 3 -0.0017361
10 6 4 4 0.0128552
10 6 5 0 -0.0000000
10 6 5 1 -0.0000000
10 6 5 2 0.0042453
10 6 5 3 0.0000000
10 6 5 4 0.0000000
10 6 5 5 0.0117056
10 6 6 0 0.0008200
10 6 6 1 -0.0027951
10 6 6 2 0.0000000
10 6 6 3 -0.0038203
10 6 6 4 0.0079478
10 6 6 5 0.0000000
10 6 6 6 0.0139511
10 6 7 0 -0.0009142
10 6 7 1 0.0031230
10 6 7 2 -0.0000000
10 6 7 3 0.0033489
10 6 7 4 -0.0017672
10 6 7 5 -0.0000000
10 6 7 6 -0.0001966
10 6 7 7 0.0114053
10 6 8 0 -0.0000000
10 6 8 1 -0.0000000
10 6 8 2 0.0015633
10 6 8 3 0.0000000
10 6 8 4 -0.0000000
10 6 8 5 0.0018146
10 6 8 6 -0.0000000
10 6 8 7 -0.0000000
10 6 8 8 0.0108944
10 6 9 0 -0.0000621
10 6 9 1 -0.0004305
10 6 9 2 0.0000000
10 6 9 3 -0.0017537
10 6 9 4 0.0029854
10 6 9 5 0.0000000
10 6 9 6 0.0040445
10 6 9 7 -0.0000498
10 6 9 8 0.0000000
10 6 9 9 -0.0179384
10 6 10 0 -0.0001498
10 6 10 1 -0.0112148
10 6 10 2 0.0000000
10 6 10 3 -0.0194419
10 6 10 4 0.0165703
10 6 10 5 0.0000000
10 6 10 6 0.0240798
10 6 10 7 -0.0078694
10 6 10 8 0.0000000
10 6 10 9 0.0010899
10 6 10 10 -0.0325911
10 7 0 0 0.0552024
10 7 1 0 0.0029496
10 7 1 1 0.0033236
10 7 2 0 -0.0000000
10 7 2 1 0.0000000
10 7 2 2 0.0184743
10 7 3 0 0.0006410
10 7 3 1 -0.0114680
10 7 3 2 0.0000000
10 7 3 3 0.0054172
10 7 4 0 -0.0002181
10 7 4 1 0.0022374
10 7 4 2 -0.0000000
10 7 4 3 0.0252447
10 7 4 4 0.0154430
10 7 5 0 -0.0000000
10 7 5 1 0.0000000
10 7 5 2 0.0131573
10 7 5 3 0.0000000
10 7 5 4 -0.0000000
10 7 5 5 0.0244490
10 7 6 0 0.0030871
10 7 6 1 0.0097589
10 7 6 2 -0.0000000
10 7 6 3 0.0165217
10 7 6 4 -0.0111666
10 7 6 5 -0.0000000
10 7 6 6 -0.0055004
10 7 7 0 -0.0024470
10 7 7 1 0.0002404
10 7 7 2 0.0000000
10 7 7 3 -0.0132151
10 7 7 4 0.0102150
10 7 7 5 0.0000000
10 7 7 6 0.0235086
10 7 7 7 0.0054840
10 7 8 0 -0.0000000
10 7 8 1 -0.0000000
10 7 8 2 0.0036527
10 7 8 3 0.0000000
10 7 8 4 -0.0000000
10 7 8 5 0.0034764
10 7 8 6 -0.0000000
10 7 8 7 0.0000000
10 7 8 8 -0.0340621
10 7 9 0 -0.0000878
10 7 9 1 -0.0001094
10 7 9 2 0.0000000
10 7 9 3 -0.0000712
10 7 9 4 0.0010034
10 7 9 5 0.0000000
10 7 9 6 0.0009494
10 7 9 7 0.0002960
10 7 9 8 0.0000000
10 7 9 9 -0.0632204
10 7 10 0 0.0000763
10 7 10 1 -0.0027157
10 7 10 2 -0.0000000
10 7 10 3 0.0071340
10 7 10 4 -0.0035547
10 7 10 5 -0.0000000
10 7 10 6 -0.0078694
10 7 10 7 0.0750992
10 7 10 8 -0.0000000
10 7 10 9 -0.0038251
10 7 10 10 -0.0676361
10 8 0 0 -0.0000000
10 8 1 0 -0.0000000
10 8 1 1 0.0000000
10 8 2 0 0.0009861
10 8 2 1 -0.0133554
10 8 2 2 -0.0000000
10 8 3 0 0.0000000
10 8 3 1 -0.0000000
10 8 3 2 0.0010997
10 8 3 3 0.0000000
10 8 4 0 -0.0000000
10 8 4 1 0.0000000
10 8 4 2 -0.0082664
10 8 4 3 -0.0000000
10 8 4 4 -0.0000000
10 8 5 0 0.0014153
10 8 5 1 -0.0027705
10 8 5 2 -0.0000000
10 8 5 3 -0.0080733
10 8 5 4 0.0031206
10 8 5 5 0.0000000
10 8 6 0 -0.0000000
10 8 6 1 0.0000000
10 8 6 2 -0.0014042
10 8 6 3 -0.0000000
10 8 6 4 0.0000000
10 8 6 5 -0.0095674
10 8 6 6 0.0000000
10 8 7 0 0.0000000
10 8 7 1 0.0000000
10 8 7 2 -0.0030369
10 8 7 3 -0.0000000
10 8 7 4 0.0000000
10 8 7 5 -0.0024351
10 8 7 6 0.0000000
10 8 7 7 -0.0000000
10 8 8 0 -0.0004262
10 8 8 1 -0.0117484
10 8 8 2 0.0000000
10 8 8 3 -0.0223280
10 8 8 4 0.0220852
10 8 8 5 0.0000000
10 8 8 6 0.0319468
10 8 8 7 -0.0012068
10 8 8 8 0.0000000
10 8 9 0 0.0000000
10 8 9 1 0.0000000
10 8 9 2 -0.0007203
10 8 9 3 -0.0000000
10 8 9 4 0.0000000
10 8 9 5 -0.0004549
10 8 9 6 0.0000000
10 8 9 7 -0.0000000
10 8 9 8 -0.0000316
10 8 9 9 -0.0000000
10 8 10 0 0.0000000
10 8 10 1 0.0000000
10 8 10 2 -0.0113240
10 8 10 3 -0.0000000
10 8 10 4 0.0000000
10 8 10 5 -0.0082768
10 8 10 6 0.0000000
10 8 10 7 -0.0000000
10 8 10 8 0.1090353
10 8 10 9 -0.0000000
10 8 10 10 -0.0000000
10 9 0 0 0.0124982
10 9 1 0 -0.0000414
10 9 1 1 0.0146889
10 9 2 0 0.0000000
10 9 2 1 -0.0000000
10 9 2 2 0.0081031
10 9 3 0 -0.0003684
10 9 3 1 0.0121751
10 9 3 2 -0.0000000
10 9 3 3 0.0270932
10 9 4 0 -0.0006059
10 9 4 1 -0.0072350
10 9 4 2 0.0000000
10 9 4 3 -0.0115760
10 9 4 4 0.0212842
10 9 5 0 -0.0000000
10 9 5 1 -0.0000000
10 9 5 2 0.0035308
10 9 5 3 -0.0000000
10 9 5 4 0.0000000
10 9 5 5 0.0089720
10 9 6 0 -0.0003091
10 9 6 1 -0.0069059
10 9 6 2 0.0000000
10 9 6 3 -0.0175738
10 9 6 4 0.0202080
10 9 6 5 0.0000000
10 9 6 6 0.0348456
10 9 7 0 0.0001243
10 9 7 1 -0.0019124
10 9 7 2 -0.0000000
10 9 7 3 0.0020360
10 9 7 4 0.0017865
10 9 7 5 0.0000000
10 9 7 6 -0.0000819
10 9 7 7 0.0335518
10 9 8 0 0.0000000
10 9 8 1 0.0000000
10 9 8 2 -0.0041599
10 9 8 3 -0.0000000
10 9 8 4 0.0000000
10 9 8 5 -0.0020884
10 9 8 6 0.0000000
10 9 8 7 -0.0000000
10 9 8 8 0.0496116
10 9 9 0 0.0003090
10 9 9 1 0.0034947
10 9 9 2 -0.0000000
10 9 9 3 0.0088833
10 9 9 4 -0.0120832
10 9 9 5 -0.0000000
10 9 9 6 -0.0159757
10 9 9 7 -0.0036628
10 9 9 8 -0.0000000
10 9 9 9 0.3648291
10 9 10 0 -0.0000201
10 9 10 1 -0.0000387
10 9 10 2 0.0000000
10 9 10 3 -0.0010415
10 9 10 4 0.0010757
10 9 10 5 0.0000000
10 9 10 6 0.0010899
10 9 10 7 -0.0038251
10 9 10 8 -0.0000000
10 9 10 9 0.0530070
10 9 10 10 0.0389063
10 10 0 0 0.2902262
10 10 1 0 -0.0009712
10 10 1 1 0.3039956
10 10 2 0 0.0000000
10 10 2 1 -0.0000000
10 10 2 2 0.2463120
10 10 3 0 -0.0032877
10 10 3 1 0.0893501
10 10 3 2 -0.0000000
10 10 3 3 0.3634343
10 10 4 0 -0.0043062
10 10 4 1 -0.0457207
10 10 4 2 0.0000000
10 10 4 3 -0.0609103
10 10 4 4 0.3113188
10 10 5 0 -0.0000000
10 10 5 1 -0.0000000
10 10 5 2 0.0359352
10 10 5 3 -0.0000000
10 10 5 4 0.0000000
10 10 5 5 0.2508482
10 10 6 0 -0.0020931
10 10 6 1 -0.0256413
10 10 6 2 0.0000000
10 10 6 3 -0.0998745
10 10 6 4 0.1143191
10 10 6 5 0.0000000
10 10 6 6 0.3971811
10 10 7 0 0.0016031
10 10 7 1 -0.0138193
10 10 7 2 -0.0000000
10 10 7 3 0.0281759
10 10 7 4 0.0058605
10 10 7 5 0.0000000
10 10 7 6 -0.0168330
10 10 7 7 0.4644442
10 10 8 0 0.0000000
10 10 8 1 0.0000000
10 10 8 2 -0.0321953
10 10 8 3 -0.0000000
10 10 8 4 0.0000000
10 10 8 5 -0.0182479
10 10 8 6 0.0000000
10 10 8 7 -0.0000000
10 10 8 8 0.6110801
10 10 9 0 0.0005743
10 10 9 1 -0.0018095
10 10 9 2 -0.0000000
10 10 9 3 0.0024695
10 10 9 4 -0.0085793
10 10 9 5 -0.0000000
10 10 9 6 -0.0107960
10 10 9 7 -0.0004443
10 10 9 8 -0.0000000
10 10 9 9 0.8412154
10 10 10 0 -0.0012383
10 10 10 1 0.0340333
10 10 10 2 -0.0000000
10 10 10 3 0.0374848
10 10 10 4 -0.0217759
10 10 10 5 -0.0000000
10 10 10 6 -0.0325911
10 10 10 7 -0.0676361
10 10 10 8 -0.0000000
10 10 10 9 0.0389063
10 10 10 10 0.7072817
11 0 0 0 -0.0814780
11 0 1 0 -0.0041760
11 0 1 1 -0.0102309
11 0 2 0 0.0000000
11 0 2 1 0.0000000
11 0 2 2 -0.0009752
11 0 3 0 -0.0005025
11 0 3 1 -0.0003556
11 0 3 2 -0.0000000
11 0 3 3 -0.0008158
11 0 4 0 0.0017005
11 0 4 1 0.0025322
11 0 4 2 -0.0000000
11 0 4 3 0.0016885
11 0 4 4 -0.0004085
11 0 5 0 0.0000000
11 0 5 1 0.0000000
11 0 5 2 0.0017107
11 0 5 3 0.0000000
11 0 5 4 -0.0000000
11 0 5 5 0.0007495
11 0 6 0 -0.0060601
11 0 6 1 -0.0082346
11 0 6 2 0.0000000
11 0 6 3 -0.0001053
11 0 6 4 0.0032352
11 0 6 5 0.0000000
11 0 6 6 -0.0096731
11 0 7 0 -0.0111427
11 0 7 1 0.0024508
11 0 7 2 0.0000000
11 0 7 3 -0.0004072
11 0 7 4 -0.0010641
11 0 7 5 -0.0000000
11 0 7 6 0.0041268
11 0 7 7 0.0064037
11 0 8 0 -0.0000000
11 0 8 1 0.0000000
11 0 8 2 -0.0000753
11 0 8 3 -0.0000000
11 0 8 4 -0.0000000
11 0 8 5 0.0000456
11 0 8 6 -0.0000000
11 0 8 7 0.0000000
11 0 8 8 -0.0009269
11 0 9 0 0.0001218
11 0 9 1 -0.0001001
11 0 9 2 0.0000000
11 0 9 3 -0.0000131
11 0 9 4 0.0000218
11 0 9 5 0.0000000
11 0 9 6 -0.0000911
11 0 9 7 -0.0000497
11 0 9 8 0.0000000
11 0 9 9 -0.0008492
11 0 10 0 -0.0026922
11 0 10 1 0.0011783
11 0 10 2 -0.0000000
11 0 10 3 0.0003890
11 0 10 4 -0.0004765
11 0 10 5 -0.0000000
11 0 10 6 0.0009746
11 0 10 7 0.0019785
11 0 10 8 0.0000000
11 0 10 9 -0.0000002
11 0 10 10 -0.0005806
11 0 11 0 0.0110404
11 0 11 1 -0.0037597
11 0 11 2 0.0000000
11 0 11 3 -0.0008897
11 0 11 4 0.0013016
11 0 11 5 0.0000000
11 0 11 6 -0.0041963
11 0 11 7 -0.0071596
11 0 11 8 -0.0000000
11 0 11 9 -0.0000715
11 0 11 10 -0.0010990
11 0 11 11 0.0066827
11 1 0 0 0.0153925
11 1 1 0 -0.0041512
11 1 1 1 0.0335761
11 1 2 0 -0.0000000
11 1 2 1 0.0000000
11 1 2 2 0.0066011
11 1 3 0 0.0000608
11 1 3 1 -0.0028190
11 1 3 2 0.0000000
11 1 3 3 0.0006368
11 1 4 0 0.0016790
11 1 4 1 -0.0049376
11 1 4 2 0.0000000
11 1 4 3 -0.0032743
11 1 4 4 0.0031859
11 1 5 0 0.0000000
11 1 5 1 -0.0000000
11 1 5 2 -0.0061819
11 1 5 3 -0.0000000
11 1 5 4 0.0000000
11 1 5 5 0.0027481
11 1 6 0 -0.0040342
11 1 6 1 0.0220219
11 1 6 2 -0.0000000
11 1 6 3 0.0031830
11 1 6 4 -0.0113466
11 1 6 5 -0.0000000
11 1 6 6 0.0202786
11 1 7 0 0.0036079
11 1 7 1 -0.0063186
11 1 7 2 -0.0000000
11 1 7 3 0.0072488
11 1 7 4 -0.0043426
11 1 7 5 -0.0000000
11 1 7 6 -0.0187246
11 1 7 7 -0.0106648
11 1 8 0 -0.0000000
11 1 8 1 -0.0000000
11 1 8 2 0.0009180
11 1 8 3 0.0000000
11 1 8 4 0.0000000
11 1 8 5 -0.0004485
11 1 8 6 0.0000000
11 1 8 7 0.0000000
11 1 8 8 -0.0035043
11 1 9 0 -0.0000731
11 1 9 1 0.0007811
11 1 9 2 -0.0000000
11 1 9 3 0.0003378
11 1 9 4 -0.0004710
11 1 9 5 -0.0000000
11 1 9 6 -0.0000871
11 1 9 7 -0.0002044
11 1 9 8 0.0000000
11 1 9 9 -0.0074457
11 1 10 0 0.0009707
11 1 10 1 -0.0051176
11 1 10 2 0.0000000
11 1 10 3 -0.0021133
11 1 10 4 0.0007879
11 1 10 5 0.0000000
11 1 10 6 -0.0031501
11 1 10 7 -0.0106936
11 1 10 8 0.0000000
11 1 10 9 -0.0017166
11 1 10 10 0.0061498
11 1 11 0 -0.0037597
11 1 11 1 0.0212700
11 1 11 2 -0.0000000
11 1 11 3 0.0116222
11 1 11 4 -0.0077796
11 1 11 5 -0.0000000
11 1 11 6 0.0043938
11 1 11 7 0.0022646
11 1 11 8 0.0000000
11 1 11 9 0.0000348
11 1 11 10 -0.0063807
11 1 11 11 -0.0141777
11 2 0 0 0.0000000
11 2 1 0 0.0000000
11 2 1 1 -0.0000000
11 2 2 0 0.0040194
11 2 2 1 -0.0182565
11 2 2 2 -0.0000000
11 2 3 0 -0.0000000
11 2 3 1 0.0000000
11 2 3 2 0.0072781
11 2 3 3 0.0000000
11 2 4 0 -0.0000000
11 2 4 1 0.0000000
11 2 4 2 -0.0059755
11 2 4 3 0.0000000
11 2 4 4 -0.0000000
11 2 5 0 0.0064741
11 2 5 1 -0.0055394
11 2 5 2 0.0000000
11 2 5 3 -0.0068204
11 2 5 4 0.0055813
11 2 5 5 0.0000000
11 2 6 0 -0.0000000
11 2 6 1 0.0000000
11 2 6 2 -0.0016089
11 2 6 3 -0.0000000
11 2 6 4 0.0000000
11 2 6 5 -0.0165421
11 2 6 6 0.0000000
11 2 7 0 -0.0000000
11 2 7 1 -0.0000000
11 2 7 2 -0.0157023
11 2 7 3 -0.0000000
11 2 7 4 0.0000000
11 2 7 5 -0.0167814
11 2 7 6 0.0000000
11 2 7 7 0.0000000
11 2 8 0 0.0001257
11 2 8 1 -0.0021935
11 2 8 2 0.0000000
11 2 8 3 -0.0024297
11 2 8 4 -0.0003630
11 2 8 5 0.0000000
11 2 8 6 0.0004070
11 2 8 7 -0.0019537
11 2 8 8 0.0000000
11 2 9 0 -0.0000000
11 2 9 1 -0.0000000
11 2 9 2 -0.0000167
11 2 9 3 -0.0000000
11 2 9 4 0.0000000
11 2 9 5 -0.0000325
11 2 9 6 0.0000000
11 2 9 7 0.0000000
11 2 9 8 -0.0003639
11 2 9 9 0.0000000
11 2 10 0 -0.0000000
11 2 10 1 -0.0000000
11 2 10 2 -0.0032173
11 2 10 3 -0.0000000
11 2 10 4 0.0000000
11 2 10 5 -0.0035670
11 2 10 6 0.0000000
11 2 10 7 0.0000000
11 2 10 8 -0.0004929
11 2 10 9 0.0000000
11 2 10 10 -0.0000000
11 2 11 0 0.0000000
11 2 11 1 -0.0000000
11 2 11 2 0.0165585
11 2 11 3 -0.0000000
11 2 11 4 -0.0000000
11 2 11 5 0.0181844
11 2 11 6 0.0000000
11 2 11 7 0.0000000
11 2 11 8 0.0007711
11 2 11 9 0.0000000
11 2 11 10 0.0000000
11 2 11 11 0.0000000
11 3 0 0 -0.0130500
11 3 1 0 -0.0009983
11 3 1 1 0.0002113
11 3 2 0 -0.0000000
11 3 2 1 0.0000000
11 3 2 2 0.0035119
11 3 3 0 0.0048088
11 3 3 1 -0.0212910
11 3 3 2 0.0000000
11 3 3 3 -0.0176011
11 3 4 0 0.0071699
11 3 4 1 -0.0063736
11 3 4 2 0.0000000
11 3 4 3 0.0000765
11 3 4 4 0.0023453
11 3 5 0 0.0000000
11 3 5 1 -0.0000000
11 3 5 2 -0.0113940
11 3 5 3 -0.0000000
11 3 5 4 0.0000000
11 3 5 5 -0.0073048
11 3 6 0 0.0008960
11 3 6 1 -0.0004793
11 3 6 2 -0.0000000
11 3 6 3 -0.0011089
11 3 6 4 -0.0185804
11 3 6 5 -0.0000000
11 3 6 6 -0.0117705
11 3 7 0 0.0008571
11 3 7 1 0.0051876
11 3 7 2 -0.0000000
11 3 7 3 -0.0055128
11 3 7 4 -0.0263069
11 3 7 5 -0.0000000
11 3 7 6 -0.0202278
11 3 7 7 -0.0105930
11 3 8 0 0.0000000
11 3 8 1 -0.0000000
11 3 8 2 -0.0012131
11 3 8 3 -0.0000000
11 3 8 4 0.0000000
11 3 8 5 -0.0028966
11 3 8 6 0.0000000
11 3 8 7 -0.0000000
11 3 8 8 -0.0114339
11 3 9 0 0.0000157
11 3 9 1 0.0003366
11 3 9 2 -0.0000000
11 3 9 3 0.0003373
11 3 9 4 -0.0010737
11 3 9 5 -0.0000000
11 3 9 6 -0.0011749
11 3 9 7 -0.0008354
11 3 9 8 -0.0000000
11 3 9 9 -0.0038924
11 3 10 0 0.0001014
11 3 10 1 0.0016941
11 3 10 2 -0.0000000
11 3 10 3 -0.0017944
11 3 10 4 -0.0063956
11 3 10 5 -0.0000000
11 3 10 6 -0.0049473
11 3 10 7 -0.0122463
11 3 10 8 -0.0000000
11 3 10 9 -0.0011498
11 3 10 10 0.0118976
11 3 11 0 -0.0008897
11 3 11 1 0.0116222
11 3 11 2 -0.0000000
11 3 11 3 0.0345462
11 3 11 4 0.0096410
11 3 11 5 0.0000000
11 3 11 6 -0.0048849
11 3 11 7 -0.0011308
11 3 11 8 0.0000000
11 3 11 9 -0.0002945
11 3 11 10 -0.0054556
11 3 11 11 -0.0232255
11 4 0 0 -0.0008878
11 4 1 0 0.0015351
11 4 1 1 -0.0077629
11 4 2 0 -0.0000000
11 4 2 1 0.0000000
11 4 2 2 0.0031406
11 4 3 0 0.0053802
11 4 3 1 -0.0160928
11 4 3 2 0.0000000
11 4 3 3 -0.0037801
11 4 4 0 0.0069487
11 4 4 1 -0.0070075
11 4 4 2 0.0000000
11 4 4 3 0.0077863
11 4 4 4 0.0120276
11 4 5 0 -0.0000000
11 4 5 1 0.0000000
11 4 5 2 -0.0037319
11 4 5 3 0.0000000
11 4 5 4 0.0000000
11 4 5 5 -0.0019851
11 4 6 0 0.0035641
11 4 6 1 -0.0089643
11 4 6 2 0.0000000
11 4 6 3 -0.0050759
11 4 6 4 -0.0094310
11 4 6 5 0.0000000
11 4 6 6 -0.0126685
11 4 7 0 -0.0014550
11 4 7 1 0.0003154
11 4 7 2 0.0000000
11 4 7 3 -0.0213476
11 4 7 4 -0.0120559
11 4 7 5 0.0000000
11 4 7 6 0.0075229
11 4 7 7 0.0041215
11 4 8 0 -0.0000000
11 4 8 1 0.0000000
11 4 8 2 -0.0008234
11 4 8 3 0.0000000
11 4 8 4 0.0000000
11 4 8 5 -0.0010438
11 4 8 6 -0.0000000
11 4 8 7 0.0000000
11 4 8 8 -0.0060286
11 4 9 0 0.0000288
11 4 9 1 -0.0005667
11 4 9 2 0.0000000
11 4 9 3 -0.0004479
11 4 9 4 0.0006306
11 4 9 5 0.0000000
11 4 9 6 0.0004935
11 4 9 7 0.0009906
11 4 9 8 0.0000000
11 4 9 9 -0.0070617
11 4 10 0 -0.0003150
11 4 10 1 0.0008514
11 4 10 2 0.0000000
11 4 10 3 -0.0025440
11 4 10 4 -0.0039957
11 4 10 5 0.0000000
11 4 10 6 0.0000729
11 4 10 7 0.0123192
11 4 10 8 -0.0000000
11 4 10 9 0.0003554
11 4 10 10 -0.0159541
11 4 11 0 0.0013016
11 4 11 1 -0.0077796
11 4 11 2 -0.0000000
11 4 11 3 0.0096410
11 4 11 4 0.0253674
11 4 11 5 0.0000000
11 4 11 6 0.0090112
11 4 11 7 -0.0038934
11 4 11 8 -0.0000000
11 4 11 9 0.0009224
11 4 11 10 0.0053970
11 4 11 11 0.0039048
11 5 0 0 -0.0000000
11 5 1 0 0.0000000
11 5 1 1 -0.0000000
11 5 2 0 0.0055715
11 5 2 1 -0.0205860
11 5 2 2 -0.0000000
11 5 3 0 0.0000000
11 5 3 1 -0.0000000
11 5 3 2 0.0045065
11 5 3 3 0.0000000
11 5 4 0 -0.0000000
11 5 4 1 0.0000000
11 5 4 2 -0.0063592
11 5 4 3 0.0000000
11 5 4 4 0.0000000
11 5 5 0 0.0088899
11 5 5 1 -0.0087482
11 5 5 2 -0.0000000
11 5 5 3 -0.0088340
11 5 5 4 0.0034483
11 5 5 5 0.0000000
11 5 6 0 0.0000000
11 5 6 1 -0.0000000
11 5 6 2 -0.0058966
11 5 6 3 -0.0000000
11 5 6 4 0.0000000
11 5 6 5 -0.0195687
11 5 6 6 -0.0000000
11 5 7 0 -0.0000000
11 5 7 1 -0.0000000
11 5 7 2 -0.0175204
11 5 7 3 -0.0000000
11 5 7 4 0.0000000
11 5 7 5 -0.0213615
11 5 7 6 0.0000000
11 5 7 7 0.0000000
11 5 8 0 0.0001763
11 5 8 1 -0.0035385
11 5 8 2 0.0000000
11 5 8 3 -0.0041410
11 5 8 4 0.0003032
11 5 8 5 -0.0000000
11 5 8 6 0.0013832
11 5 8 7 -0.0014414
11 5 8 8 -0.0000000
11 5 9 0 0.0000000
11 5 9 1 -0.0000000
11 5 9 2 -0.0000806
11 5 9 3 -0.0000000
11 5 9 4 0.0000000
11 5 9 5 -0.0000673
11 5 9 6 0.0000000
11 5 9 7 0.0000000
11 5 9 8 -0.0004843
11 5 9 9 -0.0000000
11 5 10 0 -0.0000000
11 5 10 1 0.0000000
11 5 10 2 -0.0035983
11 5 10 3 -0.0000000
11 5 10 4 0.0000000
11 5 10 5 -0.0046556
11 5 10 6 0.0000000
11 5 10 7 0.0000000
11 5 10 8 0.0018303
11 5 10 9 0.0000000
11 5 10 10 -0.0000000
11 5 11 0 0.0000000
11 5 11 1 -0.0000000
11 5 11 2 0.0181844
11 5 11 3 0.0000000
11 5 11 4 0.0000000
11 5 11 5 0.0230859
11 5 11 6 0.0000000
11 5 11 7 -0.0000000
11 5 11 8 0.0022984
11 5 11 9 0.0000000
11 5 11 10 0.0000000
11 5 11 11 0.0000000
11 6 0 0 -0.0034700
11 6 1 0 -0.0047139
11 6 1 1 0.0234669
11 6 2 0 -0.0000000
11 6 2 1 0.0000000
11 6 2 2 0.0048334
11 6 3 0 0.0009707
11 6 3 1 -0.0011976
11 6 3 2 -0.0000000
11 6 3 3 0.0057722
11 6 4 0 0.0032507
11 6 4 1 -0.0061700
11 6 4 2 0.0000000
11 6 4 3 -0.0048414
11 6 4 4 0.0047338
11 6 5 0 0.0000000
11 6 5 1 -0.0000000
11 6 5 2 -0.0075601
11 6 5 3 -0.0000000
11 6 5 4 0.0000000
11 6 5 5 -0.0017486
11 6 6 0 -0.0044420
11 6 6 1 0.0110174
11 6 6 2 0.0000000
11 6 6 3 -0.0026619
11 6 6 4 -0.0071232
11 6 6 5 -0.0000000
11 6 6 6 0.0177693
11 6 7 0 0.0038800
11 6 7 1 -0.0112041
11 6 7 2 0.0000000
11 6 7 3 -0.0108976
11 6 7 4 0.0074853
11 6 7 5 0.0000000
11 6 7 6 0.0014927
11 6 7 7 -0.0090142
11 6 8 0 -0.0000000
11 6 8 1 0.0000000
11 6 8 2 0.0003640
11 6 8 3 0.0000000
11 6 8 4 -0.0000000
11 6 8 5 0.0002398
11 6 8 6 -0.0000000
11 6 8 7 0.0000000
11 6 8 8 0.0028891
11 6 9 0 -0.0000473
11 6 9 1 -0.0001734
11 6 9 2 0.0000000
11 6 9 3 -0.0004780
11 6 9 4 0.0009954
11 6 9 5 0.0000000
11 6 9 6 0.0013972
11 6 9 7 0.0015651
11 6 9 8 0.0000000
11 6 9 9 -0.0039963
11 6 10 0 0.0010839
11 6 10 1 -0.0056547
11 6 10 2 0.0000000
11 6 10 3 -0.0035965
11 6 10 4 0.0026820
11 6 10 5 0.0000000
11 6 10 6 0.0001558
11 6 10 7 0.0089550
11 6 10 8 -0.0000000
11 6 10 9 0.0004715
11 6 10 10 -0.0178821
11 6 11 0 -0.0041963
11 6 11 1 0.0043938
11 6 11 2 0.0000000
11 6 11 3 -0.0048849
11 6 11 4 0.0090112
11 6 11 5 0.0000000
11 6 11 6 0.0227300
11 6 11 7 0.0159318
11 6 11 8 -0.0000000
11 6 11 9 0.0013405
11 6 11 10 0.0078355
11 6 11 11 -0.0043251
11 7 0 0 -0.2546190
11 7 1 0 -0.0101498
11 7 1 1 -0.0627998
11 7 2 0 0.0000000
11 7 2 1 -0.0000000
11 7 2 2 -0.1041395
11 7 3 0 -0.0029290
11 7 3 1 0.0517576
11 7 3 2 -0.0000000
11 7 3 3 -0.0368733
11 7 4 0 -0.0001498
11 7 4 1 -0.0091203
11 7 4 2 0.0000000
11 7 4 3 -0.0964531
11 7 4 4 -0.0833227
11 7 5 0 -0.0000000
11 7 5 1 -0.0000000
11 7 5 2 -0.0459689
11 7 5 3 -0.0000000
11 7 5 4 0.0000000
11 7 5 5 -0.1233534
11 7 6 0 -0.0111717
11 7 6 1 -0.0583444
11 7 6 2 0.0000000
11 7 6 3 -0.0734376
11 7 6 4 0.0586601
11 7 6 5 0.0000000
11 7 6 6 -0.0058962
11 7 7 0 0.0074476
11 7 7 1 -0.0153169
11 7 7 2 -0.0000000
11 7 7 3 0.0147167
11 7 7 4 0.0191884
11 7 7 5 0.0000000
11 7 7 6 -0.0139627
11 7 7 7 0.0050324
11 7 8 0 0.0000000
11 7 8 1 0.0000000
11 7 8 2 -0.0199483
11 7 8 3 -0.0000000
11 7 8 4 0.0000000
11 7 8 5 -0.0137433
11 7 8 6 0.0000000
11 7 8 7 0.0000000
11 7 8 8 0.1510892
11 7 9 0 0.0004646
11 7 9 1 -0.0021581
11 7 9 2 0.0000000
11 7 9 3 -0.0007271
11 7 9 4 -0.0024200
11 7 9 5 -0.0000000
11 7 9 6 -0.0030452
11 7 9 7 0.0011149
11 7 9 8 -0.0000000
11 7 9 9 0.2608277
11 7 10 0 0.0004637
11 7 10 1 0.0088825
11 7 10 2 -0.0000000
11 7 10 3 0.0114861
11 7 10 4 0.0014622
11 7 10 5 0.0000000
11 7 10 6 -0.0055901
11 7 10 7 -0.0287868
11 7 10 8 0.0000000
11 7 10 9 0.0193253
11 7 10 10 0.1626449
11 7 11 0 -0.0071596
11 7 11 1 0.0022646
11 7 11 2 0.0000000
11 7 11 3 -0.0011308
11 7 11 4 -0.0038934
11 7 11 5 -0.0000000
11 7 11 6 0.0159318
11 7 11 7 0.2035800
11 7 11 8 0.0000000
11 7 11 9 0.0030648
11 7 11 10 0.0593355
11 7 11 11 -0.0251493
11 8 0 0 -0.0000000
11 8 1 0 -0.0000000
11 8 1 1 0.0000000
11 8 2 0 0.0004954
11 8 2 1 -0.0038540
11 8 2 2 0.0000000
11 8 3 0 0.0000000
11 8 3 1 -0.0000000
11 8 3 2 -0.0003469
11 8 3 3 -0.0000000
11 8 4 0 -0.0000000
11 8 4 1 0.0000000
11 8 4 2 -0.0029360
11 8 4 3 0.0000000
11 8 4 4 0.0000000
11 8 5 0 0.0007916
11 8 5 1 -0.0018972
11 8 5 2 0.0000000
11 8 5 3 -0.0036141
11 8 5 4 -0.0001951
11 8 5 5 -0.0000000
11 8 6 0 -0.0000000
11 8 6 1 0.0000000
11 8 6 2 -0.0009997
11 8 6 3 -0.0000000
11 8 6 4 0.0000000
11 8 6 5 -0.0034430
11 8 6 6 0.0000000
11 8 7 0 0.0000000
11 8 7 1 0.0000000
11 8 7 2 -0.0041604
11 8 7 3 -0.0000000
11 8 7 4 0.0000000
11 8 7 5 -0.0035967
11 8 7 6 0.0000000
11 8 7 7 0.0000000
11 8 8 0 -0.0000607
11 8 8 1 -0.0048752
11 8 8 2 0.0000000
11 8 8 3 -0.0065652
11 8 8 4 0.0068946
11 8 8 5 0.0000000
11 8 8 6 0.0090819
11 8 8 7 0.0181298
11 8 8 8 0.0000000
11 8 9 0 0.0000000
11 8 9 1 0.0000000
11 8 9 2 -0.0001940
11 8 9 3 -0.0000000
11 8 9 4 0.0000000
11 8 9 5 -0.0001878
11 8 9 6 0.0000000
11 8 9 7 0.0000000
11 8 9 8 0.0001755
11 8 9 9 -0.0000000
11 8 10 0 0.0000000
11 8 10 1 0.0000000
11 8 10 2 -0.0032464
11 8 10 3 -0.0000000
11 8 10 4 0.0000000
11 8 10 5 -0.0023275
11 8 10 6 0.0000000
11 8 10 7 0.0000000
11 8 10 8 0.0253056
11 8 10 9 0.0000000
11 8 10 10 -0.0000000
11 8 11 0 -0.0000000
11 8 11 1 0.0000000
11 8 11 2 0.0007711
11 8 11 3 0.0000000
11 8 11 4 -0.0000000
11 8 11 5 0.0022984
11 8 11 6 -0.0000000
11 8 11 7 0.0000000
11 8 11 8 0.0229402
11 8 11 9 0.0000000
11 8 11 10 0.0000000
11 8 11 11 0.0000000
11 9 0 0 0.0046725
11 9 1 0 -0.0000612
11 9 1 1 0.0051649
11 9 2 0 0.0000000
11 9 2 1 -0.0000000
11 9 2 2 0.0030866
11 9 3 0 -0.0000381
11 9 3 1 0.0019797
11 9 3 2 -0.0000000
11 9 3 3 0.0058868
11 9 4 0 -0.0000398
11 9 4 1 -0.0015723
11 9 4 2 0.0000000
11 9 4 3 -0.0019014
11 9 4 4 0.0053398
11 9 5 0 -0.0000000
11 9 5 1 -0.0000000
11 9 5 2 0.0005210
11 9 5 3 -0.0000000
11 9 5 4 0.0000000
11 9 5 5 0.0030890
11 9 6 0 -0.0000742
11 9 6 1 -0.0005123
11 9 6 2 0.0000000
11 9 6 3 -0.0026974
11 9 6 4 0.0030535
11 9 6 5 0.0000000
11 9 6 6 0.0077301
11 9 7 0 0.0000915
11 9 7 1 -0.0009408
11 9 7 2 0.0000000
11 9 7 3 -0.0005771
11 9 7 4 0.0009239
11 9 7 5 0.0000000
11 9 7 6 0.0007901
11 9 7 7 0.0065731
11 9 8 0 0.0000000
11 9 8 1 0.0000000
11 9 8 2 -0.0005535
11 9 8 3 -0.0000000
11 9 8 4 0.0000000
11 9 8 5 -0.0003339
11 9 8 6 0.0000000
11 9 8 7 0.0000000
11 9 8 8 0.0085152
11 9 9 0 0.0000680
11 9 9 1 -0.0000144
11 9 9 2 -0.0000000
11 9 9 3 0.0017275
11 9 9 4 -0.0014278
11 9 9 5 -0.0000000
11 9 9 6 -0.0025193
11 9 9 7 0.0066747
11 9 9 8 -0.0000000
11 9 9 9 0.0538245
11 9 10 0 0.0000273
11 9 10 1 -0.0005417
11 9 10 2 0.0000000
11 9 10 3 -0.0006406
11 9 10 4 0.0004112
11 9 10 5 0.0000000
11 9 10 6 0.0003943
11 9 10 7 -0.0007309
11 9 10 8 0.0000000
11 9 10 9 0.0071201
11 9 10 10 0.0059734
11 9 11 0 -0.0000715
11 9 11 1 0.0000348
11 9 11 2 0.0000000
11 9 11 3 -0.0002945
11 9 11 4 0.0009224
11 9 11 5 0.0000000
11 9 11 6 0.0013405
11 9 11 7 0.0030648
11 9 11 8 0.0000000
11 9 11 9 0.0067784
11 9 11 10 -0.0001085
11 9 11 11 0.0052265
11 10 0 0 -0.0747481
11 10 1 0 -0.0016626
11 10 1 1 -0.0351227
11 10 2 0 0.0000000
11 10 2 1 -0.0000000
11 10 2 2 -0.0364249
11 10 3 0 -0.0004544
11 10 3 1 0.0091484
11 10 3 2 -0.0000000
11 10 3 3 -0.0231585
11 10 4 0 0.0000405
11 10 4 1 -0.0011722
11 10 4 2 0.0000000
11 10 4 3 -0.0213238
11 10 4 4 -0.0311748
11 10 5 0 -0.0000000
11 10 5 1 -0.0000000
11 10 5 2 -0.0108327
11 10 5 3 -0.0000000
11 10 5 4 0.0000000
11 10 5 5 -0.0403699
11 10 6 0 -0.0018720
11 10 6 1 -0.0198509
11 10 6 2 0.0000000
11 10 6 3 -0.0178938
11 10 6 4 0.0142571
11 10 6 5 0.0000000
11 10 6 6 -0.0174755
11 10 7 0 0.0009590
11 10 7 1 -0.0051273
11 10 7 2 0.0000000
11 10 7 3 -0.0030962
11 10 7 4 0.0132155
11 10 7 5 0.0000000
11 10 7 6 0.0096920
11 10 7 7 -0.0022268
11 10 8 0 0.0000000
11 10 8 1 0.0000000
11 10 8 2 -0.0074918
11 10 8 3 -0.0000000
11 10 8 4 0.0000000
11 10 8 5 -0.0048371
11 10 8 6 0.0000000
11 10 8 7 0.0000000
11 10 8 8 0.0426932
11 10 9 0 0.0001656
11 10 9 1 -0.0010536
11 10 9 2 0.0000000
11 10 9 3 -0.0000750
11 10 9 4 -0.0012271
11 10 9 5 -0.0000000
11 10 9 6 -0.0018772
11 10 9 7 0.0002474
11 10 9 8 -0.0000000
11 10 9 9 0.0655126
11 10 10 0 0.0000232
11 10 10 1 0.0086974
11 10 10 2 -0.0000000
11 10 10 3 0.0185998
11 10 10 4 -0.0097116
11 10 10 5 -0.0000000
11 10 10 6 -0.0175460
11 10 10 7 0.0364430
11 10 10 8 -0.0000000
11 10 10 9 0.0031839
11 10 10 10 0.0421724
11 10 11 0 -0.0010990
11 10 11 1 -0.0063807
11 10 11 2 0.0000000
11 10 11 3 -0.0054556
11 10 11 4 0.0053970
11 10 11 5 0.0000000
11 10 11 6 0.0078355
11 10 11 7 0.0593355
11 10 11 8 0.0000000
11 10 11 9 -0.0001085
11 10 11 10 0.0530170
11 10 11 11 0.0051729
11 11 0 0 0.5900765
11 11 1 0 0.0094237
11 11 1 1 0.3997189
11 11 2 0 0.0000000
11 11 2 1 -0.0000000
11 11 2 2 0.3766191
11 11 3 0 -0.0021884
11 11 3 1 0.0563665
11 11 3 2 -0.0000000
11 11 3 3 0.4521847
11 11 4 0 -0.0067998
11 11 4 1 -0.0375152
11 11 4 2 -0.0000000
11 11 4 3 0.0432901
11 11 4 4 0.4271984
11 11 5 0 -0.0000000
11 11 5 1 -0.0000000
11 11 5 2 0.0960233
11 11 5 3 0.0000000
11 11 5 4 0.0000000
11 11 5 5 0.4071767
11 11 6 0 0.0084180
11 11 6 1 0.0390522
11 11 6 2 0.0000000
11 11 6 3 -0.0256945
11 11 6 4 0.0684991
11 11 6 5 0.0000000
11 11 6 6 0.4399953
11 11 7 0 -0.0065156
11 11 7 1 -0.0037986
11 11 7 2 -0.0000000
11 11 7 3 0.0031461
11 11 7 4 0.0106879
11 11 7 5 0.0000000
11 11 7 6 0.0271680
11 11 7 7 0.5013990
11 11 8 0 0.0000000
11 11 8 1 0.0000000
11 11 8 2 -0.0037234
11 11 8 3 -0.0000000
11 11 8 4 -0.0000000
11 11 8 5 0.0044515
11 11 8 6 -0.0000000
11 11 8 7 0.0000000
11 11 8 8 0.4338929
11 11 9 0 -0.0000488
11 11 9 1 0.0001226
11 11 9 2 -0.0000000
11 11 9 3 0.0015562
11 11 9 4 -0.0011808
11 11 9 5 -0.0000000
11 11 9 6 -0.0013684
11 11 9 7 -0.0002551
11 11 9 8 0.0000000
11 11 9 9 0.5430571
11 11 10 0 -0.0009984
11 11 10 1 -0.0035076
11 11 10 2 0.0000000
11 11 10 3 -0.0037287
11 11 10 4 0.0081042
11 11 10 5 0.0000000
11 11 10 6 0.0095151
11 11 10 7 0.0364347
11 11 10 8 -0.0000000
11 11 10 9 0.0272587
11 11 10 10 0.4103354
11 11 11 0 0.0066827
11 11 11 1 -0.0141777
11 11 11 2 0.0000000
11 11 11 3 -0.0232255
11 11 11 4 0.0039048
11 11 11 5 0.0000000
11 11 11 6 -0.0043251
11 11 11 7 -0.0251493
11 11 11 8 0.0000000
11 11 11 9 0.0052265
11 11 11 10 0.0051729
11 11 11 11 0.5093197
