NMONOMER	1
NELEC	10
ENUC	12.405415
NBASIS	13
HOMO	2
LUMO	2
ENT	5
HF_ENERGY	-40.571521
ENERGIES
-11.021465
-0.899329
-0.497619
-0.495536
-0.491670
0.722146
0.723465
0.724140
0.764366
965064.553942
965066.445215
996490.599318
1073373.504132

OEI
-19.681570	
0.371764	-5.381600	
-0.000751	-0.001510	-4.822134	
0.000000	-0.000000	0.000000	-4.823072	
-0.019830	0.026577	0.007316	0.000000	-4.862941	
0.102657	-0.294795	-0.533098	0.000000	-0.814381	-4.323145	
-0.060224	0.164759	-0.836944	-0.000000	0.539626	-0.065596	-4.343275	
0.000000	-0.000000	0.000000	-0.993218	-0.000000	0.000000	-0.000000	-4.393159	
-0.357112	1.015379	-0.016571	0.000000	-0.359086	-0.001906	-0.019965	0.000000	-4.002422	
-0.000002	-0.000810	-0.104964	-0.000000	-0.010823	-0.079944	-0.099736	0.000000	-0.006129	965061.368206	
0.000000	0.000000	0.000000	-0.105776	-0.000000	0.000000	-0.000000	-0.127693	0.000000	-0.000000	965063.259492	
0.005144	0.017592	0.001866	0.000000	-0.018654	-0.007412	0.006920	-0.000000	-0.017026	0.000013	-0.000000	996487.061948	
0.014209	0.117254	0.020006	0.000000	-0.197698	0.090246	-0.081016	0.000000	0.138905	0.000139	-0.000000	0.145054	1073370.761510	

ENV_OEI
-0.141068	
0.000653	-0.156614	
-0.000710	-0.020939	-0.094784	
-0.000000	-0.000000	-0.000000	-0.088382	
0.004575	0.172200	0.035424	0.000000	-0.437059	
0.007402	-0.082374	-0.044716	-0.000000	0.204682	-0.266311	
-0.006571	0.071694	-0.013088	-0.000000	-0.188631	0.152183	-0.236042	
0.000000	-0.000000	0.000000	-0.042554	0.000000	-0.000000	0.000000	-0.095939	
0.004826	-0.104758	-0.037349	-0.000000	0.339634	-0.306168	0.276960	-0.000000	-0.565656	
0.000120	-0.000594	0.079075	0.000000	0.010216	0.028460	0.038704	-0.000000	-0.002588	-0.846872	
-0.000000	-0.000000	-0.000000	0.079365	0.000000	-0.000000	0.000000	0.044814	-0.000000	-0.000000	-0.824940	
-0.023379	0.148378	0.068152	0.000000	-0.667840	0.714138	-0.640066	0.000000	1.105201	0.007092	-0.000000	-18.759658	
0.000188	-0.024725	-0.007233	-0.000000	0.052706	-0.043224	0.036004	-0.000000	-0.072198	0.027303	-0.000000	1.658625	-0.803063	

OVERLAP
1.000000	
0.248362	1.000000	
0.061767	0.488736	1.000000	
0.061767	0.488736	0.167856	1.000000	
0.061767	0.488736	0.167856	0.167856	1.000000	
0.000000	0.027047	0.005362	0.005362	0.005362	1.000000	
0.027047	0.301519	0.096511	0.096511	0.096511	0.248362	1.000000	
0.000000	0.000000	0.259000	-0.362202	0.259000	-0.015125	-0.113119	1.000000	
0.000000	0.000000	-0.380474	0.000000	0.380474	0.000000	0.000000	0.000000	1.000000	
0.000000	0.000000	0.073326	0.293305	0.073326	-0.042713	-0.319437	0.000000	0.000000	1.000000	
0.015125	0.113119	0.064594	-0.019500	0.064594	0.000000	0.000000	0.112775	0.000000	-0.151526	1.000000	
0.000000	0.000000	-0.051506	0.000000	0.051506	0.000000	0.000000	0.000000	0.166433	0.000000	0.000000	1.000000	
0.042713	0.319437	0.093323	0.123102	0.093323	0.000000	0.000000	-0.151526	0.000000	-0.261465	0.000000	0.000000	1.000000	

MOCOEFF
0.991918	0.037885	-0.006968	-0.006989	-0.006968	0.001724	-0.008938	-0.000016	0.000000	0.000056	-0.000887	-0.000000	-0.002519	
-0.223401	0.648654	0.184376	0.188993	0.184376	-0.015982	-0.005115	-0.005577	0.000000	-0.003815	0.060155	-0.000000	0.167065	
0.000453	0.001574	-0.271837	0.489006	-0.271837	-0.006385	0.016721	-0.549193	0.000000	0.124961	0.146050	-0.000000	-0.002041	
-0.000000	0.000000	0.439696	-0.000000	-0.439696	-0.000000	0.000000	-0.000000	-0.565196	-0.000000	0.000000	0.139361	0.000000	
0.012050	-0.071968	0.144639	0.227210	0.144639	0.062190	-0.162648	0.148145	-0.000000	0.590506	-0.139738	0.000000	-0.437971	
-0.067851	0.452497	-0.122454	-1.041750	-0.122454	-0.062750	0.381817	-0.394390	0.000000	0.977573	0.207297	-0.000000	0.401120	
0.039710	-0.270575	0.694837	-0.458396	0.694837	0.056193	-0.340960	-1.038835	-0.000000	-0.319173	-0.062363	0.000000	-0.405759	
-0.000000	0.000000	-0.853585	0.000000	0.853585	-0.000000	0.000000	0.000000	-1.117397	0.000000	0.000000	0.098042	0.000000	
0.237443	-1.487732	0.551373	0.480330	0.551373	-0.097337	0.583763	0.048238	0.000000	0.295459	0.250564	-0.000000	0.693726	
-0.000000	0.000000	-0.000000	-0.000000	-0.000000	0.000004	-0.000005	0.000000	0.000000	-0.000000	-0.942641	0.000000	0.333809	
0.000000	0.000000	0.000000	-0.000000	-0.000000	-0.000000	0.000000	0.000000	0.000000	0.000000	-0.000000	-1.000000	0.000000	
-0.000000	0.000000	0.000000	0.000000	0.000000	1.025836	-0.215515	-0.000000	-0.000000	-0.000000	0.035062	-0.000000	0.099002	
0.000000	-0.000000	0.000000	0.000000	0.000000	-0.014390	-0.882584	0.000000	0.000000	0.000000	0.154616	-0.000000	0.436606	

ERI
0 0 0 0 3.5008357
1 0 0 0 -0.2964690
1 0 1 0 0.0394331
1 0 1 1 -0.0095054
1 1 0 0 0.7128122
1 1 1 0 -0.0095054
1 1 1 1 0.5058067
2 0 0 0 0.0005743
2 0 1 0 -0.0000160
2 0 1 1 0.0001534
2 0 2 0 0.0085492
2 0 2 1 0.0135658
2 0 2 2 0.0023966
2 1 0 0 0.0005330
2 1 1 0 0.0000840
2 1 1 1 0.0010497
2 1 2 0 0.0135658
2 1 2 1 0.1091129
2 1 2 2 0.0381194
2 2 0 0 0.6267138
2 2 1 0 -0.0038559
2 2 1 1 0.4858443
2 2 2 0 0.0023966
2 2 2 1 0.0381194
2 2 2 2 0.5245618
3 0 0 0 -0.0000000
3 0 1 0 0.0000000
3 0 1 1 -0.0000000
3 0 2 0 0.0000000
3 0 2 1 0.0000000
3 0 2 2 0.0000000
3 0 3 0 0.0085981
3 0 3 1 0.0135845
3 0 3 2 -0.0035773
3 0 3 3 -0.0000000
3 1 0 0 0.0000000
3 1 1 0 -0.0000000
3 1 1 1 -0.0000000
3 1 2 0 0.0000000
3 1 2 1 0.0000000
3 1 2 2 0.0000000
3 1 3 0 0.0135845
3 1 3 1 0.1080999
3 1 3 2 -0.0538655
3 1 3 3 -0.0000000
3 2 0 0 0.0000000
3 2 1 0 0.0000000
3 2 1 1 0.0000000
3 2 2 0 0.0000000
3 2 2 1 0.0000000
3 2 2 2 -0.0000000
3 2 3 0 -0.0035773
3 2 3 1 -0.0538655
3 2 3 2 0.0506023
3 2 3 3 0.0000000
3 3 0 0 0.6276339
3 3 1 0 -0.0039175
3 3 1 1 0.4850276
3 3 2 0 -0.0035419
3 3 2 1 -0.0535103
3 3 2 2 0.4498596
3 3 3 0 -0.0000000
3 3 3 1 -0.0000000
3 3 3 2 0.0000000
3 3 3 3 0.5359604
4 0 0 0 0.0160041
4 0 1 0 -0.0021444
4 0 1 1 0.0009565
4 0 2 0 -0.0001461
4 0 2 1 -0.0001192
4 0 2 2 0.0030429
4 0 3 0 -0.0000000
4 0 3 1 -0.0000000
4 0 3 2 -0.0000000
4 0 3 3 0.0024838
4 0 4 0 0.0096970
4 0 4 1 0.0143795
4 0 4 2 0.0009482
4 0 4 3 0.0000000
4 0 4 4 -0.0049376
4 1 0 0 -0.0127054
4 1 1 0 0.0005589
4 1 1 1 0.0017829
4 1 2 0 -0.0001214
4 1 2 1 0.0010725
4 1 2 2 0.0353443
4 1 3 0 -0.0000000
4 1 3 1 0.0000000
4 1 3 2 -0.0000000
4 1 3 3 0.0261366
4 1 4 0 0.0143795
4 1 4 1 0.1024357
4 1 4 2 0.0136116
4 1 4 3 0.0000000
4 1 4 4 -0.0621972
4 2 0 0 -0.0026675
4 2 1 0 0.0000794
4 2 1 1 0.0003864
4 2 2 0 0.0021062
4 2 2 1 0.0375448
4 2 2 2 0.0253246
4 2 3 0 -0.0000000
4 2 3 1 -0.0000000
4 2 3 2 0.0000000
4 2 3 3 -0.0209843
4 2 4 0 0.0009482
4 2 4 1 0.0136116
4 2 4 2 0.0330272
4 2 4 3 -0.0000000
4 2 4 4 -0.0052609
4 3 0 0 -0.0000000
4 3 1 0 0.0000000
4 3 1 1 -0.0000000
4 3 2 0 -0.0000000
4 3 2 1 -0.0000000
4 3 2 2 0.0000000
4 3 3 0 0.0015374
4 3 3 1 0.0283136
4 3 3 2 -0.0200773
4 3 3 3 0.0000000
4 3 4 0 0.0000000
4 3 4 1 0.0000000
4 3 4 2 -0.0000000
4 3 4 3 0.0228224
4 3 4 4 -0.0000000
4 4 0 0 0.6456134
4 4 1 0 -0.0043564
4 4 1 1 0.4840890
4 4 2 0 0.0010062
4 4 2 1 0.0140128
4 4 2 2 0.4382044
4 4 3 0 0.0000000
4 4 3 1 0.0000000
4 4 3 2 -0.0000000
4 4 3 3 0.4283283
4 4 4 0 -0.0049376
4 4 4 1 -0.0621972
4 4 4 2 -0.0052609
4 4 4 3 -0.0000000
4 4 4 4 0.5467825
5 0 0 0 -0.0886115
5 0 1 0 0.0120513
5 0 1 1 -0.0021774
5 0 2 0 0.0072680
5 0 2 1 0.0105651
5 0 2 2 0.0033053
5 0 3 0 -0.0000000
5 0 3 1 -0.0000000
5 0 3 2 0.0000000
5 0 3 3 -0.0013380
5 0 4 0 0.0103495
5 0 4 1 0.0153354
5 0 4 2 0.0023041
5 0 4 3 0.0000000
5 0 4 4 -0.0054294
5 0 5 0 0.0229179
5 0 5 1 0.0126609
5 0 5 2 -0.0039248
5 0 5 3 -0.0000000
5 0 5 4 0.0018938
5 0 5 5 0.0073669
5 1 0 0 0.0799284
5 1 1 0 -0.0028349
5 1 1 1 0.0241622
5 1 2 0 0.0054181
5 1 2 1 0.0096817
5 1 2 2 0.0016372
5 1 3 0 -0.0000000
5 1 3 1 -0.0000000
5 1 3 2 -0.0000000
5 1 3 3 0.0210032
5 1 4 0 0.0083051
5 1 4 1 0.0166202
5 1 4 2 -0.0108625
5 1 4 3 0.0000000
5 1 4 4 0.0306157
5 1 5 0 0.0126609
5 1 5 1 0.0496365
5 1 5 2 0.0227949
5 1 5 3 -0.0000000
5 1 5 4 0.0232894
5 1 5 5 0.0194863
5 2 0 0 0.1356767
5 2 1 0 -0.0029915
5 2 1 1 0.0424365
5 2 2 0 -0.0010685
5 2 2 1 -0.0484876
5 2 2 2 -0.0024583
5 2 3 0 -0.0000000
5 2 3 1 -0.0000000
5 2 3 2 0.0000000
5 2 3 3 0.0570187
5 2 4 0 -0.0017406
5 2 4 1 -0.0288575
5 2 4 2 -0.0250243
5 2 4 3 -0.0000000
5 2 4 4 0.0444016
5 2 5 0 -0.0039248
5 2 5 1 0.0227949
5 2 5 2 0.0827185
5 2 5 3 -0.0000000
5 2 5 4 0.0415424
5 2 5 5 -0.0105409
5 3 0 0 -0.0000000
5 3 1 0 0.0000000
5 3 1 1 -0.0000000
5 3 2 0 -0.0000000
5 3 2 1 -0.0000000
5 3 2 2 -0.0000000
5 3 3 0 0.0021226
5 3 3 1 0.0014642
5 3 3 2 0.0104686
5 3 3 3 -0.0000000
5 3 4 0 -0.0000000
5 3 4 1 0.0000000
5 3 4 2 -0.0000000
5 3 4 3 0.0062039
5 3 4 4 -0.0000000
5 3 5 0 -0.0000000
5 3 5 1 -0.0000000
5 3 5 2 -0.0000000
5 3 5 3 0.0140131
5 3 5 4 -0.0000000
5 3 5 5 -0.0000000
5 4 0 0 0.2021080
5 4 1 0 -0.0043639
5 4 1 1 0.0689649
5 4 2 0 -0.0021711
5 4 2 1 -0.0286288
5 4 2 2 0.0446274
5 4 3 0 0.0000000
5 4 3 1 0.0000000
5 4 3 2 -0.0000000
5 4 3 3 0.0760814
5 4 4 0 0.0045469
5 4 4 1 0.0307084
5 4 4 2 -0.0039074
5 4 4 3 0.0000000
5 4 4 4 0.0389665
5 4 5 0 0.0018938
5 4 5 1 0.0232894
5 4 5 2 0.0415424
5 4 5 3 -0.0000000
5 4 5 4 0.0784087
5 4 5 5 0.0568979
5 5 0 0 0.7276618
5 5 1 0 -0.0088270
5 5 1 1 0.4923571
5 5 2 0 0.0037936
5 5 2 1 0.0585081
5 5 2 2 0.5134499
5 5 3 0 -0.0000000
5 5 3 1 -0.0000000
5 5 3 2 0.0000000
5 5 3 3 0.4305913
5 5 4 0 0.0067016
5 5 4 1 0.0275844
5 5 4 2 0.0411301
5 5 4 3 -0.0000000
5 5 4 4 0.4824326
5 5 5 0 0.0073669
5 5 5 1 0.0194863
5 5 5 2 -0.0105409
5 5 5 3 -0.0000000
5 5 5 4 0.0568979
5 5 5 5 0.5752082
6 0 0 0 0.0519598
6 0 1 0 -0.0069551
6 0 1 1 0.0014973
6 0 2 0 0.0113846
6 0 2 1 0.0162510
6 0 2 2 0.0014059
6 0 3 0 0.0000000
6 0 3 1 0.0000000
6 0 3 2 -0.0000000
6 0 3 3 -0.0044758
6 0 4 0 -0.0068482
6 0 4 1 -0.0099195
6 0 4 2 0.0015494
6 0 4 3 0.0000000
6 0 4 4 0.0048876
6 0 5 0 -0.0005971
6 0 5 1 0.0015513
6 0 5 2 0.0003523
6 0 5 3 0.0000000
6 0 5 4 -0.0052648
6 0 5 5 0.0011443
6 0 6 0 0.0216608
6 0 6 1 0.0139739
6 0 6 2 -0.0006101
6 0 6 3 0.0000000
6 0 6 4 -0.0000572
6 0 6 5 0.0050214
6 0 6 6 -0.0050266
6 1 0 0 -0.0449533
6 1 1 0 0.0016955
6 1 1 1 -0.0130501
6 1 2 0 0.0084100
6 1 2 1 0.0158953
6 1 2 2 -0.0151737
6 1 3 0 0.0000000
6 1 3 1 0.0000000
6 1 3 2 0.0000000
6 1 3 3 0.0091500
6 1 4 0 -0.0054432
6 1 4 1 -0.0116428
6 1 4 2 -0.0084858
6 1 4 3 -0.0000000
6 1 4 4 -0.0232129
6 1 5 0 0.0015197
6 1 5 1 0.0004595
6 1 5 2 0.0060931
6 1 5 3 0.0000000
6 1 5 4 -0.0109735
6 1 5 5 -0.0390016
6 1 6 0 0.0139739
6 1 6 1 0.0480397
6 1 6 2 -0.0160698
6 1 6 3 -0.0000000
6 1 6 4 0.0084505
6 1 6 5 0.0036769
6 1 6 6 -0.0160870
6 2 0 0 0.2119122
6 2 1 0 -0.0046760
6 2 1 1 0.0681895
6 2 2 0 -0.0017809
6 2 2 1 -0.0091029
6 2 2 2 0.0501726
6 2 3 0 0.0000000
6 2 3 1 0.0000000
6 2 3 2 -0.0000000
6 2 3 3 0.0396492
6 2 4 0 -0.0010704
6 2 4 1 -0.0223829
6 2 4 2 -0.0124792
6 2 4 3 0.0000000
6 2 4 4 0.0670214
6 2 5 0 -0.0042203
6 2 5 1 0.0162721
6 2 5 2 0.0431925
6 2 5 3 -0.0000000
6 2 5 4 0.0349023
6 2 5 5 0.0496412
6 2 6 0 -0.0006101
6 2 6 1 -0.0160698
6 2 6 2 0.0706453
6 2 6 3 0.0000000
6 2 6 4 -0.0224714
6 2 6 5 0.0010181
6 2 6 6 0.0746885
6 3 0 0 0.0000000
6 3 1 0 -0.0000000
6 3 1 1 0.0000000
6 3 2 0 0.0000000
6 3 2 1 0.0000000
6 3 2 2 0.0000000
6 3 3 0 0.0023278
6 3 3 1 0.0543646
6 3 3 2 -0.0332038
6 3 3 3 0.0000000
6 3 4 0 -0.0000000
6 3 4 1 -0.0000000
6 3 4 2 0.0000000
6 3 4 3 0.0169830
6 3 4 4 0.0000000
6 3 5 0 -0.0000000
6 3 5 1 0.0000000
6 3 5 2 0.0000000
6 3 5 3 -0.0052929
6 3 5 4 0.0000000
6 3 5 5 0.0000000
6 3 6 0 0.0000000
6 3 6 1 -0.0000000
6 3 6 2 0.0000000
6 3 6 3 0.0551428
6 3 6 4 -0.0000000
6 3 6 5 0.0000000
6 3 6 6 -0.0000000
6 4 0 0 -0.1331245
6 4 1 0 0.0028566
6 4 1 1 -0.0468104
6 4 2 0 -0.0017798
6 4 2 1 -0.0222451
6 4 2 2 -0.0581223
6 4 3 0 -0.0000000
6 4 3 1 -0.0000000
6 4 3 2 0.0000000
6 4 3 3 -0.0284925
6 4 4 0 -0.0038768
6 4 4 1 -0.0349774
6 4 4 2 -0.0073026
6 4 4 3 0.0000000
6 4 4 4 -0.0205138
6 4 5 0 -0.0050260
6 4 5 1 -0.0116445
6 4 5 2 0.0140334
6 4 5 3 0.0000000
6 4 5 4 -0.0342849
6 4 5 5 -0.0648028
6 4 6 0 -0.0000572
6 4 6 1 0.0084505
6 4 6 2 -0.0224714
6 4 6 3 -0.0000000
6 4 6 4 0.0519518
6 4 6 5 -0.0089105
6 4 6 6 -0.0458442
6 5 0 0 0.0129870
6 5 1 0 -0.0000918
6 5 1 1 0.0065030
6 5 2 0 0.0017825
6 5 2 1 0.0279791
6 5 2 2 0.0386362
6 5 3 0 0.0000000
6 5 3 1 0.0000000
6 5 3 2 -0.0000000
6 5 3 3 -0.0086265
6 5 4 0 -0.0040742
6 5 4 1 0.0017626
6 5 4 2 0.0225241
6 5 4 3 0.0000000
6 5 4 4 -0.0149634
6 5 5 0 -0.0035685
6 5 5 1 -0.0274351
6 5 5 2 -0.0216975
6 5 5 3 0.0000000
6 5 5 4 -0.0112407
6 5 5 5 0.0291755
6 5 6 0 0.0050214
6 5 6 1 0.0036769
6 5 6 2 0.0010181
6 5 6 3 0.0000000
6 5 6 4 -0.0089105
6 5 6 5 0.0414663
6 5 6 6 -0.0032990
6 6 0 0 0.7316793
6 6 1 0 -0.0087601
6 6 1 1 0.4930998
6 6 2 0 -0.0038484
6 6 2 1 -0.0277357
6 6 2 2 0.4762228
6 6 3 0 -0.0000000
6 6 3 1 -0.0000000
6 6 3 2 0.0000000
6 6 3 3 0.4880410
6 6 4 0 0.0027928
6 6 4 1 0.0088849
6 6 4 2 -0.0174017
6 6 4 3 -0.0000000
6 6 4 4 0.4680472
6 6 5 0 -0.0028594
6 6 5 1 0.0240790
6 6 5 2 0.0504502
6 6 5 3 0.0000000
6 6 5 4 0.0690588
6 6 5 5 0.4737859
6 6 6 0 -0.0050266
6 6 6 1 -0.0160870
6 6 6 2 0.0746885
6 6 6 3 -0.0000000
6 6 6 4 -0.0458442
6 6 6 5 -0.0032990
6 6 6 6 0.5220045
7 0 0 0 -0.0000000
7 0 1 0 0.0000000
7 0 1 1 -0.0000000
7 0 2 0 -0.0000000
7 0 2 1 -0.0000000
7 0 2 2 -0.0000000
7 0 3 0 0.0135366
7 0 3 1 0.0193484
7 0 3 2 -0.0044857
7 0 3 3 0.0000000
7 0 4 0 0.0000000
7 0 4 1 0.0000000
7 0 4 2 -0.0000000
7 0 4 3 0.0018160
7 0 4 4 -0.0000000
7 0 5 0 0.0000000
7 0 5 1 -0.0000000
7 0 5 2 -0.0000000
7 0 5 3 0.0031952
7 0 5 4 0.0000000
7 0 5 5 -0.0000000
7 0 6 0 -0.0000000
7 0 6 1 0.0000000
7 0 6 2 0.0000000
7 0 6 3 0.0036689
7 0 6 4 -0.0000000
7 0 6 5 0.0000000
7 0 6 6 0.0000000
7 0 7 0 0.0214446
7 0 7 1 0.0149966
7 0 7 2 0.0046571
7 0 7 3 -0.0000000
7 0 7 4 -0.0034337
7 0 7 5 0.0059052
7 0 7 6 -0.0020082
7 0 7 7 0.0000000
7 1 0 0 0.0000000
7 1 1 0 -0.0000000
7 1 1 1 0.0000000
7 1 2 0 -0.0000000
7 1 2 1 -0.0000000
7 1 2 2 0.0000000
7 1 3 0 0.0100413
7 1 3 1 0.0191464
7 1 3 2 0.0175843
7 1 3 3 -0.0000000
7 1 4 0 0.0000000
7 1 4 1 0.0000000
7 1 4 2 0.0000000
7 1 4 3 -0.0099046
7 1 4 4 0.0000000
7 1 5 0 -0.0000000
7 1 5 1 -0.0000000
7 1 5 2 -0.0000000
7 1 5 3 0.0112103
7 1 5 4 0.0000000
7 1 5 5 0.0000000
7 1 6 0 0.0000000
7 1 6 1 0.0000000
7 1 6 2 0.0000000
7 1 6 3 -0.0126021
7 1 6 4 -0.0000000
7 1 6 5 -0.0000000
7 1 6 6 0.0000000
7 1 7 0 0.0149966
7 1 7 1 0.0488000
7 1 7 2 -0.0052420
7 1 7 3 0.0000000
7 1 7 4 0.0015038
7 1 7 5 0.0061484
7 1 7 6 0.0287180
7 1 7 7 -0.0000000
7 2 0 0 -0.0000000
7 2 1 0 0.0000000
7 2 1 1 -0.0000000
7 2 2 0 0.0000000
7 2 2 1 -0.0000000
7 2 2 2 -0.0000000
7 2 3 0 0.0030006
7 2 3 1 0.0465208
7 2 3 2 -0.0227102
7 2 3 3 -0.0000000
7 2 4 0 0.0000000
7 2 4 1 0.0000000
7 2 4 2 0.0000000
7 2 4 3 0.0179257
7 2 4 4 -0.0000000
7 2 5 0 0.0000000
7 2 5 1 -0.0000000
7 2 5 2 -0.0000000
7 2 5 3 0.0011374
7 2 5 4 -0.0000000
7 2 5 5 -0.0000000
7 2 6 0 0.0000000
7 2 6 1 0.0000000
7 2 6 2 -0.0000000
7 2 6 3 0.0412323
7 2 6 4 0.0000000
7 2 6 5 0.0000000
7 2 6 6 -0.0000000
7 2 7 0 0.0046571
7 2 7 1 -0.0052420
7 2 7 2 0.0387572
7 2 7 3 -0.0000000
7 2 7 4 -0.0146441
7 2 7 5 0.0170134
7 2 7 6 -0.0284208
7 2 7 7 0.0000000
7 3 0 0 0.2518657
7 3 1 0 -0.0055254
7 3 1 1 0.0813023
7 3 2 0 0.0030283
7 3 2 1 0.0467051
7 3 2 2 0.0633750
7 3 3 0 -0.0000000
7 3 3 1 -0.0000000
7 3 3 2 0.0000000
7 3 3 3 0.0317050
7 3 4 0 -0.0013862
7 3 4 1 -0.0267081
7 3 4 2 0.0177301
7 3 4 3 -0.0000000
7 3 4 4 0.0897237
7 3 5 0 -0.0007634
7 3 5 1 0.0200773
7 3 5 2 0.0122188
7 3 5 3 -0.0000000
7 3 5 4 0.0267326
7 3 5 5 0.1020956
7 3 6 0 0.0059718
7 3 6 1 -0.0176891
7 3 6 2 0.0587570
7 3 6 3 0.0000000
7 3 6 4 -0.0348852
7 3 6 5 0.0150038
7 3 6 6 0.0507191
7 3 7 0 -0.0000000
7 3 7 1 0.0000000
7 3 7 2 -0.0000000
7 3 7 3 0.1208275
7 3 7 4 0.0000000
7 3 7 5 -0.0000000
7 3 7 6 0.0000000
7 3 7 7 0.0574249
7 4 0 0 0.0000000
7 4 1 0 -0.0000000
7 4 1 1 0.0000000
7 4 2 0 0.0000000
7 4 2 1 0.0000000
7 4 2 2 0.0000000
7 4 3 0 -0.0022127
7 4 3 1 -0.0264436
7 4 3 2 0.0184206
7 4 3 3 0.0000000
7 4 4 0 0.0000000
7 4 4 1 0.0000000
7 4 4 2 0.0000000
7 4 4 3 0.0010473
7 4 4 4 0.0000000
7 4 5 0 0.0000000
7 4 5 1 0.0000000
7 4 5 2 -0.0000000
7 4 5 3 0.0093573
7 4 5 4 0.0000000
7 4 5 5 0.0000000
7 4 6 0 -0.0000000
7 4 6 1 -0.0000000
7 4 6 2 0.0000000
7 4 6 3 -0.0233193
7 4 6 4 -0.0000000
7 4 6 5 0.0000000
7 4 6 6 0.0000000
7 4 7 0 -0.0034337
7 4 7 1 0.0015038
7 4 7 2 -0.0146441
7 4 7 3 0.0000000
7 4 7 4 0.0208487
7 4 7 5 0.0019321
7 4 7 6 0.0144402
7 4 7 7 0.0000000
7 5 0 0 -0.0000000
7 5 1 0 0.0000000
7 5 1 1 -0.0000000
7 5 2 0 -0.0000000
7 5 2 1 -0.0000000
7 5 2 2 -0.0000000
7 5 3 0 0.0039591
7 5 3 1 0.0241611
7 5 3 2 -0.0060914
7 5 3 3 -0.0000000
7 5 4 0 0.0000000
7 5 4 1 0.0000000
7 5 4 2 -0.0000000
7 5 4 3 0.0129038
7 5 4 4 0.0000000
7 5 5 0 0.0000000
7 5 5 1 0.0000000
7 5 5 2 0.0000000
7 5 5 3 0.0102903
7 5 5 4 0.0000000
7 5 5 5 -0.0000000
7 5 6 0 0.0000000
7 5 6 1 -0.0000000
7 5 6 2 0.0000000
7 5 6 3 0.0136864
7 5 6 4 0.0000000
7 5 6 5 -0.0000000
7 5 6 6 -0.0000000
7 5 7 0 0.0059052
7 5 7 1 0.0061484
7 5 7 2 0.0170134
7 5 7 3 -0.0000000
7 5 7 4 0.0019321
7 5 7 5 0.0175393
7 5 7 6 -0.0098613
7 5 7 7 0.0000000
7 6 0 0 0.0000000
7 6 1 0 -0.0000000
7 6 1 1 0.0000000
7 6 2 0 0.0000000
7 6 2 1 0.0000000
7 6 2 2 -0.0000000
7 6 3 0 -0.0018246
7 6 3 1 -0.0479747
7 6 3 2 0.0491365
7 6 3 3 0.0000000
7 6 4 0 -0.0000000
7 6 4 1 -0.0000000
7 6 4 2 0.0000000
7 6 4 3 -0.0268629
7 6 4 4 -0.0000000
7 6 5 0 0.0000000
7 6 5 1 -0.0000000
7 6 5 2 0.0000000
7 6 5 3 0.0084820
7 6 5 4 0.0000000
7 6 5 5 -0.0000000
7 6 6 0 0.0000000
7 6 6 1 0.0000000
7 6 6 2 -0.0000000
7 6 6 3 -0.0385528
7 6 6 4 0.0000000
7 6 6 5 -0.0000000
7 6 6 6 0.0000000
7 6 7 0 -0.0020082
7 6 7 1 0.0287180
7 6 7 2 -0.0284208
7 6 7 3 0.0000000
7 6 7 4 0.0144402
7 6 7 5 -0.0098613
7 6 7 6 0.0628373
7 6 7 7 -0.0000000
7 7 0 0 0.7416443
7 7 1 0 -0.0088439
7 7 1 1 0.4980423
7 7 2 0 0.0004406
7 7 2 1 -0.0285212
7 7 2 2 0.4641762
7 7 3 0 0.0000000
7 7 3 1 0.0000000
7 7 3 2 -0.0000000
7 7 3 3 0.5303565
7 7 4 0 0.0003213
7 7 4 1 0.0113916
7 7 4 2 -0.0169150
7 7 4 3 0.0000000
7 7 4 4 0.4497693
7 7 5 0 -0.0020124
7 7 5 1 0.0266215
7 7 5 2 0.0629278
7 7 5 3 -0.0000000
7 7 5 4 0.0803161
7 7 5 5 0.4549713
7 7 6 0 0.0026344
7 7 6 1 0.0173873
7 7 6 2 0.0527625
7 7 6 3 0.0000000
7 7 6 4 -0.0370398
7 7 6 5 -0.0027182
7 7 6 6 0.5042202
7 7 7 0 0.0000000
7 7 7 1 -0.0000000
7 7 7 2 0.0000000
7 7 7 3 0.0574249
7 7 7 4 0.0000000
7 7 7 5 0.0000000
7 7 7 6 -0.0000000
7 7 7 7 0.5596793
8 0 0 0 0.3079257
8 0 1 0 -0.0417353
8 0 1 1 0.0094311
8 0 2 0 0.0003012
8 0 2 1 0.0003538
8 0 2 2 0.0044120
8 0 3 0 -0.0000000
8 0 3 1 -0.0000000
8 0 3 2 0.0000000
8 0 3 3 0.0040938
8 0 4 0 0.0062014
8 0 4 1 0.0049181
8 0 4 2 0.0003171
8 0 4 3 0.0000000
8 0 4 4 0.0020105
8 0 5 0 -0.0079361
8 0 5 1 0.0061750
8 0 5 2 0.0018823
8 0 5 3 -0.0000000
8 0 5 4 0.0055502
8 0 5 5 0.0104497
8 0 6 0 0.0048520
8 0 6 1 -0.0034430
8 0 6 2 0.0036086
8 0 6 3 0.0000000
8 0 6 4 -0.0041225
8 0 6 5 -0.0015842
8 0 6 6 0.0085385
8 0 7 0 -0.0000000
8 0 7 1 0.0000000
8 0 7 2 -0.0000000
8 0 7 3 0.0044127
8 0 7 4 0.0000000
8 0 7 5 0.0000000
8 0 7 6 -0.0000000
8 0 7 7 0.0077396
8 0 8 0 0.0458665
8 0 8 1 -0.0086937
8 0 8 2 -0.0001848
8 0 8 3 0.0000000
8 0 8 4 -0.0003416
8 0 8 5 -0.0053056
8 0 8 6 0.0030105
8 0 8 7 -0.0000000
8 0 8 8 0.0080814
8 1 0 0 -0.2737321
8 1 1 0 0.0100061
8 1 1 1 -0.0852425
8 1 2 0 0.0000994
8 1 2 1 -0.0000574
8 1 2 2 -0.0670005
8 1 3 0 -0.0000000
8 1 3 1 -0.0000000
8 1 3 2 -0.0000000
8 1 3 3 -0.0659787
8 1 4 0 0.0023179
8 1 4 1 0.0098956
8 1 4 2 -0.0004157
8 1 4 3 0.0000000
8 1 4 4 -0.0666209
8 1 5 0 0.0060609
8 1 5 1 -0.0098536
8 1 5 2 -0.0357133
8 1 5 3 0.0000000
8 1 5 4 -0.0513301
8 1 5 5 -0.0744067
8 1 6 0 -0.0034895
8 1 6 1 0.0058026
8 1 6 2 -0.0563627
8 1 6 3 -0.0000000
8 1 6 4 0.0341216
8 1 6 5 -0.0103630
8 1 6 6 -0.0778117
8 1 7 0 0.0000000
8 1 7 1 -0.0000000
8 1 7 2 0.0000000
8 1 7 3 -0.0670824
8 1 7 4 -0.0000000
8 1 7 5 0.0000000
8 1 7 6 -0.0000000
8 1 7 7 -0.0842099
8 1 8 0 -0.0086937
8 1 8 1 0.0682985
8 1 8 2 -0.0018647
8 1 8 3 0.0000000
8 1 8 4 -0.0321313
8 1 8 5 -0.0027557
8 1 8 6 -0.0001443
8 1 8 7 0.0000000
8 1 8 8 -0.0630396
8 2 0 0 0.0045741
8 2 1 0 -0.0001555
8 2 1 1 0.0010184
8 2 2 0 -0.0067980
8 2 2 1 0.0014160
8 2 2 2 0.0130955
8 2 3 0 -0.0000000
8 2 3 1 -0.0000000
8 2 3 2 0.0000000
8 2 3 3 -0.0201772
8 2 4 0 -0.0001652
8 2 4 1 -0.0032489
8 2 4 2 0.0167368
8 2 4 3 -0.0000000
8 2 4 4 0.0093130
8 2 5 0 -0.0058980
8 2 5 1 -0.0201408
8 2 5 2 -0.0212253
8 2 5 3 -0.0000000
8 2 5 4 -0.0076365
8 2 5 5 0.0308816
8 2 6 0 -0.0084093
8 2 6 1 -0.0322833
8 2 6 2 0.0036334
8 2 6 3 0.0000000
8 2 6 4 -0.0028920
8 2 6 5 0.0139153
8 2 6 6 -0.0041925
8 2 7 0 0.0000000
8 2 7 1 0.0000000
8 2 7 2 -0.0000000
8 2 7 3 0.0185696
8 2 7 4 0.0000000
8 2 7 5 -0.0000000
8 2 7 6 -0.0000000
8 2 7 7 -0.0265289
8 2 8 0 -0.0001848
8 2 8 1 -0.0018647
8 2 8 2 0.0346178
8 2 8 3 -0.0000000
8 2 8 4 -0.0036292
8 2 8 5 0.0058430
8 2 8 6 -0.0039626
8 2 8 7 0.0000000
8 2 8 8 0.0044785
8 3 0 0 -0.0000000
8 3 1 0 0.0000000
8 3 1 1 -0.0000000
8 3 2 0 -0.0000000
8 3 2 1 -0.0000000
8 3 2 2 -0.0000000
8 3 3 0 -0.0066083
8 3 3 1 0.0046432
8 3 3 2 -0.0217688
8 3 3 3 -0.0000000
8 3 4 0 -0.0000000
8 3 4 1 -0.0000000
8 3 4 2 -0.0000000
8 3 4 3 0.0156454
8 3 4 4 0.0000000
8 3 5 0 0.0000000
8 3 5 1 0.0000000
8 3 5 2 -0.0000000
8 3 5 3 -0.0068608
8 3 5 4 -0.0000000
8 3 5 5 -0.0000000
8 3 6 0 -0.0000000
8 3 6 1 -0.0000000
8 3 6 2 0.0000000
8 3 6 3 0.0254191
8 3 6 4 0.0000000
8 3 6 5 0.0000000
8 3 6 6 -0.0000000
8 3 7 0 -0.0099274
8 3 7 1 -0.0383843
8 3 7 2 0.0181851
8 3 7 3 -0.0000000
8 3 7 4 -0.0057379
8 3 7 5 0.0022686
8 3 7 6 -0.0347426
8 3 7 7 0.0000000
8 3 8 0 0.0000000
8 3 8 1 0.0000000
8 3 8 2 -0.0000000
8 3 8 3 0.0370120
8 3 8 4 -0.0000000
8 3 8 5 0.0000000
8 3 8 6 -0.0000000
8 3 8 7 -0.0051455
8 3 8 8 -0.0000000
8 4 0 0 0.0885495
8 4 1 0 -0.0021885
8 4 1 1 0.0322492
8 4 2 0 -0.0001726
8 4 2 1 -0.0032068
8 4 2 2 0.0450087
8 4 3 0 -0.0000000
8 4 3 1 -0.0000000
8 4 3 2 -0.0000000
8 4 3 3 0.0439302
8 4 4 0 -0.0058915
8 4 4 1 0.0191485
8 4 4 2 0.0075058
8 4 4 3 0.0000000
8 4 4 4 -0.0119096
8 4 5 0 -0.0073358
8 4 5 1 -0.0248023
8 4 5 2 -0.0038769
8 4 5 3 -0.0000000
8 4 5 4 0.0333498
8 4 5 5 0.0248982
8 4 6 0 0.0042753
8 4 6 1 0.0168755
8 4 6 2 0.0038073
8 4 6 3 0.0000000
8 4 6 4 -0.0303093
8 4 6 5 0.0278071
8 4 6 6 0.0297637
8 4 7 0 -0.0000000
8 4 7 1 -0.0000000
8 4 7 2 -0.0000000
8 4 7 3 0.0019413
8 4 7 4 0.0000000
8 4 7 5 -0.0000000
8 4 7 6 0.0000000
8 4 7 7 0.0514406
8 4 8 0 -0.0003416
8 4 8 1 -0.0321313
8 4 8 2 -0.0036292
8 4 8 3 -0.0000000
8 4 8 4 0.0683622
8 4 8 5 -0.0300012
8 4 8 6 0.0295357
8 4 8 7 -0.0000000
8 4 8 8 -0.0041178
8 5 0 0 -0.0008880
8 5 1 0 0.0011081
8 5 1 1 -0.0027991
8 5 2 0 -0.0070783
8 5 2 1 -0.0435755
8 5 2 2 -0.0449118
8 5 3 0 0.0000000
8 5 3 1 0.0000000
8 5 3 2 -0.0000000
8 5 3 3 -0.0050773
8 5 4 0 -0.0098867
8 5 4 1 -0.0707523
8 5 4 2 -0.0224782
8 5 4 3 -0.0000000
8 5 4 4 0.0483662
8 5 5 0 -0.0161509
8 5 5 1 -0.0059778
8 5 5 2 0.0468255
8 5 5 3 0.0000000
8 5 5 4 -0.0096965
8 5 5 5 -0.0407660
8 5 6 0 -0.0023159
8 5 6 1 -0.0088556
8 5 6 2 0.0228889
8 5 6 3 0.0000000
8 5 6 4 0.0407684
8 5 6 5 -0.0223700
8 5 6 6 0.0027656
8 5 7 0 0.0000000
8 5 7 1 0.0000000
8 5 7 2 -0.0000000
8 5 7 3 0.0035173
8 5 7 4 -0.0000000
8 5 7 5 0.0000000
8 5 7 6 -0.0000000
8 5 7 7 -0.0075504
8 5 8 0 -0.0053056
8 5 8 1 -0.0027557
8 5 8 2 0.0058430
8 5 8 3 0.0000000
8 5 8 4 -0.0300012
8 5 8 5 0.0831509
8 5 8 6 -0.0111435
8 5 8 7 0.0000000
8 5 8 8 0.0511497
8 6 0 0 0.0044032
8 6 1 0 -0.0008355
8 6 1 1 0.0029671
8 6 2 0 -0.0111957
8 6 2 1 -0.0726407
8 6 2 2 -0.0002635
8 6 3 0 -0.0000000
8 6 3 1 -0.0000000
8 6 3 2 0.0000000
8 6 3 3 0.0555110
8 6 4 0 0.0066071
8 6 4 1 0.0495290
8 6 4 2 -0.0139494
8 6 4 3 -0.0000000
8 6 4 4 -0.0479365
8 6 5 0 -0.0023716
8 6 5 1 -0.0087177
8 6 5 2 0.0213202
8 6 5 3 0.0000000
8 6 5 4 0.0419051
8 6 5 5 -0.0279319
8 6 6 0 -0.0182530
8 6 6 1 -0.0090375
8 6 6 2 -0.0078073
8 6 6 3 -0.0000000
8 6 6 4 -0.0025313
8 6 6 5 -0.0093670
8 6 6 6 0.0268962
8 6 7 0 -0.0000000
8 6 7 1 -0.0000000
8 6 7 2 -0.0000000
8 6 7 3 -0.0528229
8 6 7 4 0.0000000
8 6 7 5 -0.0000000
8 6 7 6 0.0000000
8 6 7 7 0.0371368
8 6 8 0 0.0030105
8 6 8 1 -0.0001443
8 6 8 2 -0.0039626
8 6 8 3 -0.0000000
8 6 8 4 0.0295357
8 6 8 5 -0.0111435
8 6 8 6 0.0908408
8 6 8 7 -0.0000000
8 6 8 8 -0.0335381
8 7 0 0 -0.0000000
8 7 1 0 0.0000000
8 7 1 1 -0.0000000
8 7 2 0 0.0000000
8 7 2 1 0.0000000
8 7 2 2 -0.0000000
8 7 3 0 -0.0132385
8 7 3 1 -0.0865243
8 7 3 2 0.0435212
8 7 3 3 -0.0000000
8 7 4 0 -0.0000000
8 7 4 1 -0.0000000
8 7 4 2 0.0000000
8 7 4 3 -0.0193297
8 7 4 4 0.0000000
8 7 5 0 0.0000000
8 7 5 1 0.0000000
8 7 5 2 -0.0000000
8 7 5 3 0.0016339
8 7 5 4 -0.0000000
8 7 5 5 0.0000000
8 7 6 0 -0.0000000
8 7 6 1 -0.0000000
8 7 6 2 -0.0000000
8 7 6 3 -0.0521926
8 7 6 4 0.0000000
8 7 6 5 -0.0000000
8 7 6 6 0.0000000
8 7 7 0 -0.0196432
8 7 7 1 -0.0142753
8 7 7 2 -0.0431461
8 7 7 3 0.0000000
8 7 7 4 0.0285052
8 7 7 5 -0.0197188
8 7 7 6 0.0426838
8 7 7 7 -0.0000000
8 7 8 0 -0.0000000
8 7 8 1 0.0000000
8 7 8 2 0.0000000
8 7 8 3 -0.0051455
8 7 8 4 -0.0000000
8 7 8 5 0.0000000
8 7 8 6 -0.0000000
8 7 8 7 0.0817760
8 7 8 8 0.0000000
8 8 0 0 0.6835309
8 8 1 0 -0.0116771
8 8 1 1 0.4640224
8 8 2 0 -0.0003829
8 8 2 1 -0.0022202
8 8 2 2 0.4293512
8 8 3 0 0.0000000
8 8 3 1 0.0000000
8 8 3 2 -0.0000000
8 8 3 3 0.4357968
8 8 4 0 -0.0073698
8 8 4 1 -0.0588265
8 8 4 2 -0.0093157
8 8 4 3 -0.0000000
8 8 4 4 0.4977709
8 8 5 0 -0.0123178
8 8 5 1 0.0152437
8 8 5 2 0.0500801
8 8 5 3 -0.0000000
8 8 5 4 0.0260767
8 8 5 5 0.4542171
8 8 6 0 0.0069190
8 8 6 1 -0.0096700
8 8 6 2 0.0620262
8 8 6 3 0.0000000
8 8 6 4 -0.0057436
8 8 6 5 -0.0045740
8 8 6 6 0.4656755
8 8 7 0 -0.0000000
8 8 7 1 0.0000000
8 8 7 2 -0.0000000
8 8 7 3 0.0731511
8 8 7 4 0.0000000
8 8 7 5 0.0000000
8 8 7 6 -0.0000000
8 8 7 7 0.4612735
8 8 8 0 0.0080814
8 8 8 1 -0.0630396
8 8 8 2 0.0044785
8 8 8 3 -0.0000000
8 8 8 4 -0.0041178
8 8 8 5 0.0511497
8 8 8 6 -0.0335381
8 8 8 7 0.0000000
8 8 8 8 0.4950425
9 0 0 0 0.0000009
9 0 1 0 0.0000018
9 0 1 1 0.0000079
9 0 2 0 0.0002508
9 0 2 1 0.0005465
9 0 2 2 0.0001203
9 0 3 0 0.0000000
9 0 3 1 0.0000000
9 0 3 2 0.0000000
9 0 3 3 -0.0001236
9 0 4 0 0.0000259
9 0 4 1 0.0000570
9 0 4 2 -0.0000047
9 0 4 3 -0.0000000
9 0 4 4 -0.0000014
9 0 5 0 0.0002477
9 0 5 1 0.0002621
9 0 5 2 -0.0001086
9 0 5 3 -0.0000000
9 0 5 4 -0.0001414
9 0 5 5 0.0000802
9 0 6 0 0.0003095
9 0 6 1 0.0003276
9 0 6 2 -0.0000241
9 0 6 3 0.0000000
9 0 6 4 -0.0001655
9 0 6 5 0.0000289
9 0 6 6 -0.0000533
9 0 7 0 -0.0000000
9 0 7 1 -0.0000000
9 0 7 2 -0.0000000
9 0 7 3 0.0001196
9 0 7 4 0.0000000
9 0 7 5 -0.0000000
9 0 7 6 0.0000000
9 0 7 7 0.0000256
9 0 8 0 0.0000188
9 0 8 1 0.0000175
9 0 8 2 -0.0002789
9 0 8 3 -0.0000000
9 0 8 4 -0.0000383
9 0 8 5 -0.0003416
9 0 8 6 -0.0004322
9 0 8 7 0.0000000
9 0 8 8 -0.0000523
9 0 9 0 0.0000116
9 0 9 1 0.0000602
9 0 9 2 0.0000043
9 0 9 3 0.0000000
9 0 9 4 -0.0000087
9 0 9 5 -0.0000822
9 0 9 6 0.0000640
9 0 9 7 -0.0000000
9 0 9 8 -0.0001336
9 0 9 9 -0.0000024
9 1 0 0 0.0001502
9 1 1 0 0.0000095
9 1 1 1 0.0002575
9 1 2 0 0.0014481
9 1 2 1 0.0122464
9 1 2 2 0.0040035
9 1 3 0 0.0000000
9 1 3 1 0.0000000
9 1 3 2 0.0000000
9 1 3 3 -0.0039072
9 1 4 0 0.0001487
9 1 4 1 0.0013072
9 1 4 2 0.0001007
9 1 4 3 -0.0000000
9 1 4 4 0.0000263
9 1 5 0 0.0013150
9 1 5 1 0.0035622
9 1 5 2 -0.0058536
9 1 5 3 -0.0000000
9 1 5 4 -0.0044658
9 1 5 5 0.0030183
9 1 6 0 0.0016455
9 1 6 1 0.0045153
9 1 6 2 0.0005380
9 1 6 3 0.0000000
9 1 6 4 -0.0048735
9 1 6 5 0.0015084
9 1 6 6 -0.0008911
9 1 7 0 -0.0000000
9 1 7 1 -0.0000000
9 1 7 2 -0.0000000
9 1 7 3 0.0040359
9 1 7 4 0.0000000
9 1 7 5 -0.0000000
9 1 7 6 0.0000000
9 1 7 7 -0.0010058
9 1 8 0 0.0001002
9 1 8 1 0.0001938
9 1 8 2 -0.0027282
9 1 8 3 -0.0000000
9 1 8 4 -0.0004935
9 1 8 5 -0.0059782
9 1 8 6 -0.0075531
9 1 8 7 0.0000000
9 1 8 8 -0.0009072
9 1 9 0 0.0000602
9 1 9 1 0.0068776
9 1 9 2 0.0015309
9 1 9 3 0.0000000
9 1 9 4 -0.0120500
9 1 9 5 0.0056695
9 1 9 6 -0.0057864
9 1 9 7 0.0000000
9 1 9 8 0.0100481
9 1 9 9 -0.0001649
9 2 0 0 0.0218115
9 2 1 0 -0.0001271
9 2 1 1 0.0136542
9 2 2 0 0.0002604
9 2 2 1 0.0025018
9 2 2 2 0.0169470
9 2 3 0 0.0000000
9 2 3 1 -0.0000000
9 2 3 2 -0.0000000
9 2 3 3 0.0124172
9 2 4 0 -0.0001139
9 2 4 1 0.0041899
9 2 4 2 0.0015306
9 2 4 3 0.0000000
9 2 4 4 0.0044684
9 2 5 0 0.0000337
9 2 5 1 -0.0023649
9 2 5 2 -0.0003805
9 2 5 3 -0.0000000
9 2 5 4 0.0072033
9 2 5 5 0.0118497
9 2 6 0 0.0003818
9 2 6 1 0.0024600
9 2 6 2 0.0040348
9 2 6 3 0.0000000
9 2 6 4 -0.0080287
9 2 6 5 0.0058593
9 2 6 6 0.0113922
9 2 7 0 -0.0000000
9 2 7 1 -0.0000000
9 2 7 2 -0.0000000
9 2 7 3 0.0035535
9 2 7 4 0.0000000
9 2 7 5 -0.0000000
9 2 7 6 0.0000000
9 2 7 7 0.0138451
9 2 8 0 0.0000908
9 2 8 1 -0.0079583
9 2 8 2 -0.0008977
9 2 8 3 -0.0000000
9 2 8 4 0.0116059
9 2 8 5 -0.0083377
9 2 8 6 0.0049084
9 2 8 7 -0.0000000
9 2 8 8 0.0020473
9 2 9 0 0.0000043
9 2 9 1 0.0015309
9 2 9 2 0.0051371
9 2 9 3 0.0000000
9 2 9 4 -0.0022302
9 2 9 5 0.0034326
9 2 9 6 0.0011271
9 2 9 7 -0.0000000
9 2 9 8 0.0026801
9 2 9 9 -0.0309186
9 3 0 0 0.0000000
9 3 1 0 -0.0000000
9 3 1 1 0.0000000
9 3 2 0 0.0000000
9 3 2 1 0.0000000
9 3 2 2 0.0000000
9 3 3 0 -0.0001054
9 3 3 1 -0.0017123
9 3 3 2 0.0021175
9 3 3 3 0.0000000
9 3 4 0 0.0000000
9 3 4 1 0.0000000
9 3 4 2 0.0000000
9 3 4 3 -0.0002491
9 3 4 4 0.0000000
9 3 5 0 0.0000000
9 3 5 1 0.0000000
9 3 5 2 -0.0000000
9 3 5 3 0.0009017
9 3 5 4 -0.0000000
9 3 5 5 0.0000000
9 3 6 0 0.0000000
9 3 6 1 0.0000000
9 3 6 2 0.0000000
9 3 6 3 -0.0007127
9 3 6 4 -0.0000000
9 3 6 5 0.0000000
9 3 6 6 0.0000000
9 3 7 0 -0.0001174
9 3 7 1 0.0007163
9 3 7 2 -0.0002007
9 3 7 3 0.0000000
9 3 7 4 0.0006693
9 3 7 5 0.0001856
9 3 7 6 0.0018363
9 3 7 7 -0.0000000
9 3 8 0 0.0000000
9 3 8 1 -0.0000000
9 3 8 2 -0.0000000
9 3 8 3 -0.0005694
9 3 8 4 0.0000000
9 3 8 5 -0.0000000
9 3 8 6 0.0000000
9 3 8 7 0.0012116
9 3 8 8 -0.0000000
9 3 9 0 0.0000000
9 3 9 1 0.0000000
9 3 9 2 0.0000000
9 3 9 3 0.0005690
9 3 9 4 -0.0000000
9 3 9 5 0.0000000
9 3 9 6 -0.0000000
9 3 9 7 0.0003286
9 3 9 8 0.0000000
9 3 9 9 -0.0000000
9 4 0 0 0.0022693
9 4 1 0 -0.0000235
9 4 1 1 0.0012604
9 4 2 0 -0.0014064
9 4 2 1 -0.0117733
9 4 2 2 -0.0018508
9 4 3 0 -0.0000000
9 4 3 1 -0.0000000
9 4 3 2 -0.0000000
9 4 3 3 0.0046018
9 4 4 0 -0.0001594
9 4 4 1 -0.0007983
9 4 4 2 0.0020714
9 4 4 3 0.0000000
9 4 4 4 0.0008764
9 4 5 0 -0.0013104
9 4 5 1 -0.0049238
9 4 5 2 0.0059611
9 4 5 3 0.0000000
9 4 5 4 0.0065070
9 4 5 5 0.0002047
9 4 6 0 -0.0016031
9 4 6 1 -0.0056247
9 4 6 2 -0.0012811
9 4 6 3 -0.0000000
9 4 6 4 0.0053829
9 4 6 5 -0.0001523
9 4 6 6 0.0009335
9 4 7 0 0.0000000
9 4 7 1 0.0000000
9 4 7 2 0.0000000
9 4 7 3 -0.0030821
9 4 7 4 -0.0000000
9 4 7 5 -0.0000000
9 4 7 6 0.0000000
9 4 7 7 0.0018450
9 4 8 0 -0.0000899
9 4 8 1 -0.0011510
9 4 8 2 0.0043083
9 4 8 3 -0.0000000
9 4 8 4 0.0020577
9 4 8 5 0.0052658
9 4 8 6 0.0082468
9 4 8 7 -0.0000000
9 4 8 8 0.0011481
9 4 9 0 -0.0000087
9 4 9 1 -0.0120500
9 4 9 2 -0.0022302
9 4 9 3 -0.0000000
9 4 9 4 0.0235170
9 4 9 5 -0.0126135
9 4 9 6 0.0127895
9 4 9 7 -0.0000000
9 4 9 8 -0.0218910
9 4 9 9 -0.0032057
9 5 0 0 0.0151131
9 5 1 0 -0.0001208
9 5 1 1 0.0085801
9 5 2 0 0.0001462
9 5 2 1 0.0010186
9 5 2 2 0.0078743
9 5 3 0 0.0000000
9 5 3 1 -0.0000000
9 5 3 2 0.0000000
9 5 3 3 0.0071730
9 5 4 0 -0.0003289
9 5 4 1 -0.0010014
9 5 4 2 -0.0003506
9 5 4 3 -0.0000000
9 5 4 4 0.0066506
9 5 5 0 -0.0002791
9 5 5 1 0.0002879
9 5 5 2 0.0016172
9 5 5 3 -0.0000000
9 5 5 4 0.0031157
9 5 5 5 0.0060236
9 5 6 0 0.0003861
9 5 6 1 0.0017253
9 5 6 2 0.0042323
9 5 6 3 0.0000000
9 5 6 4 -0.0035179
9 5 6 5 0.0017839
9 5 6 6 0.0077874
9 5 7 0 -0.0000000
9 5 7 1 -0.0000000
9 5 7 2 -0.0000000
9 5 7 3 0.0033374
9 5 7 4 0.0000000
9 5 7 5 -0.0000000
9 5 7 6 0.0000000
9 5 7 7 0.0085567
9 5 8 0 -0.0000113
9 5 8 1 -0.0048568
9 5 8 2 -0.0017363
9 5 8 3 -0.0000000
9 5 8 4 0.0042037
9 5 8 5 -0.0014537
9 5 8 6 0.0006009
9 5 8 7 -0.0000000
9 5 8 8 0.0048323
9 5 9 0 -0.0000822
9 5 9 1 0.0056695
9 5 9 2 0.0034326
9 5 9 3 0.0000000
9 5 9 4 -0.0126135
9 5 9 5 0.0097718
9 5 9 6 -0.0068779
9 5 9 7 0.0000000
9 5 9 8 0.0145659
9 5 9 9 -0.0091809
9 6 0 0 0.0188676
9 6 1 0 -0.0001543
9 6 1 1 0.0106455
9 6 2 0 -0.0002844
9 6 2 1 -0.0033528
9 6 2 2 0.0089870
9 6 3 0 0.0000000
9 6 3 1 0.0000000
9 6 3 2 -0.0000000
9 6 3 3 0.0097330
9 6 4 0 -0.0004598
9 6 4 1 -0.0017441
9 6 4 2 -0.0000458
9 6 4 3 0.0000000
9 6 4 4 0.0083998
9 6 5 0 -0.0007511
9 6 5 1 -0.0019225
9 6 5 2 0.0048956
9 6 5 3 -0.0000000
9 6 5 4 0.0062949
9 6 5 5 0.0076536
9 6 6 0 -0.0000192
9 6 6 1 -0.0007322
9 6 6 2 0.0040943
9 6 6 3 0.0000000
9 6 6 4 -0.0018698
9 6 6 5 0.0022421
9 6 6 6 0.0095841
9 6 7 0 0.0000000
9 6 7 1 0.0000000
9 6 7 2 -0.0000000
9 6 7 3 0.0028252
9 6 7 4 0.0000000
9 6 7 5 -0.0000000
9 6 7 6 0.0000000
9 6 7 7 0.0103451
9 6 8 0 -0.0000448
9 6 8 1 -0.0062126
9 6 8 2 0.0010307
9 6 8 3 -0.0000000
9 6 8 4 0.0057277
9 6 8 5 0.0005419
9 6 8 6 0.0036534
9 6 8 7 -0.0000000
9 6 8 8 0.0064000
9 6 9 0 0.0000640
9 6 9 1 -0.0057864
9 6 9 2 0.0011271
9 6 9 3 -0.0000000
9 6 9 4 0.0127895
9 6 9 5 -0.0068779
9 6 9 6 0.0094174
9 6 9 7 -0.0000000
9 6 9 8 -0.0136470
9 6 9 9 -0.0112197
9 7 0 0 -0.0000000
9 7 1 0 0.0000000
9 7 1 1 -0.0000000
9 7 2 0 0.0000000
9 7 2 1 0.0000000
9 7 2 2 -0.0000000
9 7 3 0 0.0001846
9 7 3 1 0.0019207
9 7 3 2 -0.0000407
9 7 3 3 -0.0000000
9 7 4 0 0.0000000
9 7 4 1 0.0000000
9 7 4 2 -0.0000000
9 7 4 3 0.0003436
9 7 4 4 -0.0000000
9 7 5 0 0.0000000
9 7 5 1 0.0000000
9 7 5 2 -0.0000000
9 7 5 3 0.0003768
9 7 5 4 -0.0000000
9 7 5 5 -0.0000000
9 7 6 0 0.0000000
9 7 6 1 0.0000000
9 7 6 2 -0.0000000
9 7 6 3 0.0016224
9 7 6 4 0.0000000
9 7 6 5 -0.0000000
9 7 6 6 -0.0000000
9 7 7 0 0.0002893
9 7 7 1 0.0007996
9 7 7 2 0.0017564
9 7 7 3 -0.0000000
9 7 7 4 -0.0006163
9 7 7 5 0.0009225
9 7 7 6 0.0000054
9 7 7 7 -0.0000000
9 7 8 0 0.0000000
9 7 8 1 0.0000000
9 7 8 2 -0.0000000
9 7 8 3 0.0000526
9 7 8 4 -0.0000000
9 7 8 5 -0.0000000
9 7 8 6 -0.0000000
9 7 8 7 -0.0016983
9 7 8 8 -0.0000000
9 7 9 0 -0.0000000
9 7 9 1 0.0000000
9 7 9 2 -0.0000000
9 7 9 3 0.0003286
9 7 9 4 -0.0000000
9 7 9 5 0.0000000
9 7 9 6 -0.0000000
9 7 9 7 0.0003963
9 7 9 8 0.0000000
9 7 9 9 0.0000000
9 8 0 0 0.0011439
9 8 1 0 -0.0000083
9 8 1 1 0.0007119
9 8 2 0 0.0001239
9 8 2 1 0.0048600
9 8 2 2 0.0026854
9 8 3 0 0.0000000
9 8 3 1 0.0000000
9 8 3 2 0.0000000
9 8 3 3 -0.0017227
9 8 4 0 -0.0000134
9 8 4 1 0.0004270
9 8 4 2 0.0007042
9 8 4 3 -0.0000000
9 8 4 4 0.0006477
9 8 5 0 0.0000486
9 8 5 1 0.0005535
9 8 5 2 -0.0040865
9 8 5 3 -0.0000000
9 8 5 4 -0.0021987
9 8 5 5 0.0024621
9 8 6 0 0.0001168
9 8 6 1 0.0008227
9 8 6 2 0.0014228
9 8 6 3 0.0000000
9 8 6 4 -0.0026352
9 8 6 5 0.0012975
9 8 6 6 0.0003229
9 8 7 0 -0.0000000
9 8 7 1 -0.0000000
9 8 7 2 -0.0000000
9 8 7 3 0.0023785
9 8 7 4 0.0000000
9 8 7 5 -0.0000000
9 8 7 6 -0.0000000
9 8 7 7 -0.0007920
9 8 8 0 0.0000043
9 8 8 1 -0.0003317
9 8 8 2 -0.0006235
9 8 8 3 -0.0000000
9 8 8 4 0.0001150
9 8 8 5 -0.0022253
9 8 8 6 -0.0027192
9 8 8 7 0.0000000
9 8 8 8 0.0000324
9 8 9 0 -0.0001336
9 8 9 1 0.0100481
9 8 9 2 0.0026801
9 8 9 3 0.0000000
9 8 9 4 -0.0218910
9 8 9 5 0.0145659
9 8 9 6 -0.0136470
9 8 9 7 0.0000000
9 8 9 8 0.0245034
9 8 9 9 -0.0005544
9 9 0 0 0.3243003
9 9 1 0 -0.0000925
9 9 1 1 0.3159882
9 9 2 0 0.0006297
9 9 2 1 0.0116390
9 9 2 2 0.2760939
9 9 3 0 0.0000000
9 9 3 1 0.0000000
9 9 3 2 0.0000000
9 9 3 3 0.2701926
9 9 4 0 -0.0058081
9 9 4 1 -0.1057694
9 9 4 2 -0.0150063
9 9 4 3 -0.0000000
9 9 4 4 0.4243496
9 9 5 0 -0.0057428
9 9 5 1 0.0247817
9 9 5 2 0.0339912
9 9 5 3 -0.0000000
9 9 5 4 -0.0552254
9 9 5 5 0.3190556
9 9 6 0 0.0046881
9 9 6 1 -0.0219237
9 9 6 2 0.0308720
9 9 6 3 0.0000000
9 9 6 4 0.0569338
9 9 6 5 -0.0363728
9 9 6 6 0.3150713
9 9 7 0 -0.0000000
9 9 7 1 0.0000000
9 9 7 2 -0.0000000
9 9 7 3 0.0446514
9 9 7 4 -0.0000000
9 9 7 5 0.0000000
9 9 7 6 -0.0000000
9 9 7 7 0.2769480
9 9 8 0 -0.0022382
9 9 8 1 0.0127423
9 9 8 2 0.0134958
9 9 8 3 0.0000000
9 9 8 4 -0.1022679
9 9 8 5 0.1047483
9 9 8 6 -0.0930832
9 9 8 7 0.0000000
9 9 8 8 0.4198429
9 9 9 0 -0.0000024
9 9 9 1 -0.0001649
9 9 9 2 -0.0309186
9 9 9 3 -0.0000000
9 9 9 4 -0.0032057
9 9 9 5 -0.0091809
9 9 9 6 -0.0112197
9 9 9 7 0.0000000
9 9 9 8 -0.0005544
9 9 9 9 0.6728327
10 0 0 0 -0.0000000
10 0 1 0 -0.0000000
10 0 1 1 -0.0000000
10 0 2 0 -0.0000000
10 0 2 1 -0.0000000
10 0 2 2 0.0000000
10 0 3 0 0.0002531
10 0 3 1 0.0005490
10 0 3 2 -0.0001254
10 0 3 3 -0.0000000
10 0 4 0 0.0000000
10 0 4 1 0.0000000
10 0 4 2 -0.0000000
10 0 4 3 -0.0000316
10 0 4 4 -0.0000000
10 0 5 0 -0.0000000
10 0 5 1 -0.0000000
10 0 5 2 -0.0000000
10 0 5 3 0.0000275
10 0 5 4 0.0000000
10 0 5 5 -0.0000000
10 0 6 0 0.0000000
10 0 6 1 0.0000000
10 0 6 2 0.0000000
10 0 6 3 0.0001472
10 0 6 4 -0.0000000
10 0 6 5 0.0000000
10 0 6 6 -0.0000000
10 0 7 0 0.0003962
10 0 7 1 0.0004202
10 0 7 2 0.0001374
10 0 7 3 -0.0000000
10 0 7 4 -0.0001941
10 0 7 5 0.0000884
10 0 7 6 -0.0000049
10 0 7 7 0.0000000
10 0 8 0 -0.0000000
10 0 8 1 -0.0000000
10 0 8 2 0.0000000
10 0 8 3 -0.0002712
10 0 8 4 -0.0000000
10 0 8 5 0.0000000
10 0 8 6 -0.0000000
10 0 8 7 -0.0005498
10 0 8 8 0.0000000
10 0 9 0 -0.0000000
10 0 9 1 -0.0000000
10 0 9 2 -0.0000000
10 0 9 3 -0.0000035
10 0 9 4 -0.0000000
10 0 9 5 -0.0000000
10 0 9 6 0.0000000
10 0 9 7 0.0000078
10 0 9 8 -0.0000000
10 0 9 9 0.0000000
10 0 10 0 0.0000116
10 0 10 1 0.0000602
10 0 10 2 -0.0000028
10 0 10 3 0.0000000
10 0 10 4 -0.0000095
10 0 10 5 -0.0000726
10 0 10 6 0.0000760
10 0 10 7 -0.0000000
10 0 10 8 -0.0001328
10 0 10 9 0.0000015
10 0 10 10 0.0000000
10 1 0 0 -0.0000000
10 1 1 0 -0.0000000
10 1 1 1 -0.0000000
10 1 2 0 -0.0000000
10 1 2 1 -0.0000000
10 1 2 2 0.0000000
10 1 3 0 0.0014599
10 1 3 1 0.0122593
10 1 3 2 -0.0040053
10 1 3 3 -0.0000000
10 1 4 0 0.0000000
10 1 4 1 0.0000000
10 1 4 2 -0.0000000
10 1 4 3 -0.0007757
10 1 4 4 -0.0000000
10 1 5 0 -0.0000000
10 1 5 1 -0.0000000
10 1 5 2 -0.0000000
10 1 5 3 -0.0012765
10 1 5 4 0.0000000
10 1 5 5 -0.0000000
10 1 6 0 0.0000000
10 1 6 1 0.0000000
10 1 6 2 0.0000000
10 1 6 3 0.0062906
10 1 6 4 -0.0000000
10 1 6 5 0.0000000
10 1 6 6 -0.0000000
10 1 7 0 0.0021037
10 1 7 1 0.0057843
10 1 7 2 0.0045996
10 1 7 3 -0.0000000
10 1 7 4 -0.0057572
10 1 7 5 0.0013701
10 1 7 6 -0.0018937
10 1 7 7 0.0000000
10 1 8 0 -0.0000000
10 1 8 1 -0.0000000
10 1 8 2 0.0000000
10 1 8 3 -0.0024087
10 1 8 4 -0.0000000
10 1 8 5 0.0000000
10 1 8 6 -0.0000000
10 1 8 7 -0.0097576
10 1 8 8 0.0000000
10 1 9 0 -0.0000000
10 1 9 1 0.0000000
10 1 9 2 -0.0000000
10 1 9 3 -0.0002706
10 1 9 4 -0.0000000
10 1 9 5 -0.0000000
10 1 9 6 0.0000000
10 1 9 7 0.0005077
10 1 9 8 -0.0000000
10 1 9 9 0.0000000
10 1 10 0 0.0000602
10 1 10 1 0.0068707
10 1 10 2 0.0009536
10 1 10 3 0.0000000
10 1 10 4 -0.0121082
10 1 10 5 0.0062843
10 1 10 6 -0.0050121
10 1 10 7 0.0000000
10 1 10 8 0.0100921
10 1 10 9 -0.0000613
10 1 10 10 0.0000000
10 2 0 0 -0.0000000
10 2 1 0 0.0000000
10 2 1 1 -0.0000000
10 2 2 0 0.0000000
10 2 2 1 0.0000000
10 2 2 2 -0.0000000
10 2 3 0 0.0000361
10 2 3 1 -0.0005264
10 2 3 2 0.0018049
10 2 3 3 -0.0000000
10 2 4 0 0.0000000
10 2 4 1 -0.0000000
10 2 4 2 0.0000000
10 2 4 3 -0.0005210
10 2 4 4 -0.0000000
10 2 5 0 -0.0000000
10 2 5 1 -0.0000000
10 2 5 2 -0.0000000
10 2 5 3 0.0006084
10 2 5 4 -0.0000000
10 2 5 5 -0.0000000
10 2 6 0 0.0000000
10 2 6 1 0.0000000
10 2 6 2 0.0000000
10 2 6 3 -0.0001541
10 2 6 4 0.0000000
10 2 6 5 -0.0000000
10 2 6 6 0.0000000
10 2 7 0 0.0000881
10 2 7 1 0.0014578
10 2 7 2 0.0003042
10 2 7 3 0.0000000
10 2 7 4 -0.0000943
10 2 7 5 0.0002253
10 2 7 6 0.0018050
10 2 7 7 -0.0000000
10 2 8 0 -0.0000000
10 2 8 1 0.0000000
10 2 8 2 0.0000000
10 2 8 3 -0.0009867
10 2 8 4 -0.0000000
10 2 8 5 0.0000000
10 2 8 6 -0.0000000
10 2 8 7 0.0002352
10 2 8 8 -0.0000000
10 2 9 0 0.0000000
10 2 9 1 0.0000000
10 2 9 2 -0.0000000
10 2 9 3 0.0005234
10 2 9 4 0.0000000
10 2 9 5 -0.0000000
10 2 9 6 0.0000000
10 2 9 7 0.0004093
10 2 9 8 0.0000000
10 2 9 9 0.0000000
10 2 10 0 -0.0000028
10 2 10 1 0.0009536
10 2 10 2 0.0007344
10 2 10 3 0.0000000
10 2 10 4 -0.0019886
10 2 10 5 0.0014903
10 2 10 6 -0.0008050
10 2 10 7 0.0000000
10 2 10 8 0.0019606
10 2 10 9 -0.0027592
10 2 10 10 0.0000000
10 3 0 0 0.0219910
10 3 1 0 -0.0001308
10 3 1 1 0.0137024
10 3 2 0 -0.0000884
10 3 2 1 -0.0021337
10 3 2 2 0.0128522
10 3 3 0 0.0000000
10 3 3 1 0.0000000
10 3 3 2 -0.0000000
10 3 3 3 0.0169780
10 3 4 0 -0.0001522
10 3 4 1 0.0037127
10 3 4 2 0.0003871
10 3 4 3 0.0000000
10 3 4 4 0.0043162
10 3 5 0 -0.0002442
10 3 5 1 -0.0019521
10 3 5 2 0.0020318
10 3 5 3 -0.0000000
10 3 5 4 0.0088915
10 3 5 5 0.0085790
10 3 6 0 0.0000395
10 3 6 1 0.0029956
10 3 6 2 0.0025150
10 3 6 3 0.0000000
10 3 6 4 -0.0065245
10 3 6 5 0.0037160
10 3 6 6 0.0113119
10 3 7 0 0.0000000
10 3 7 1 -0.0000000
10 3 7 2 -0.0000000
10 3 7 3 0.0030982
10 3 7 4 0.0000000
10 3 7 5 -0.0000000
10 3 7 6 0.0000000
10 3 7 7 0.0172034
10 3 8 0 0.0000703
10 3 8 1 -0.0079903
10 3 8 2 -0.0015928
10 3 8 3 -0.0000000
10 3 8 4 0.0117160
10 3 8 5 -0.0065431
10 3 8 6 0.0074114
10 3 8 7 -0.0000000
10 3 8 8 0.0023815
10 3 9 0 -0.0000034
10 3 9 1 -0.0002491
10 3 9 2 0.0037008
10 3 9 3 0.0000000
10 3 9 4 0.0007390
10 3 9 5 0.0014990
10 3 9 6 0.0021115
10 3 9 7 -0.0000000
10 3 9 8 -0.0001749
10 3 9 9 -0.0255564
10 3 10 0 0.0000000
10 3 10 1 0.0000000
10 3 10 2 0.0000000
10 3 10 3 0.0048940
10 3 10 4 -0.0000000
10 3 10 5 0.0000000
10 3 10 6 0.0000000
10 3 10 7 0.0032342
10 3 10 8 0.0000000
10 3 10 9 -0.0000000
10 3 10 10 -0.0311216
10 4 0 0 0.0000000
10 4 1 0 -0.0000000
10 4 1 1 0.0000000
10 4 2 0 0.0000000
10 4 2 1 0.0000000
10 4 2 2 0.0000000
10 4 3 0 -0.0014436
10 4 3 1 -0.0121409
10 4 3 2 0.0033163
10 4 3 3 0.0000000
10 4 4 0 -0.0000000
10 4 4 1 -0.0000000
10 4 4 2 0.0000000
10 4 4 3 0.0026083
10 4 4 4 0.0000000
10 4 5 0 0.0000000
10 4 5 1 0.0000000
10 4 5 2 0.0000000
10 4 5 3 0.0023227
10 4 5 4 -0.0000000
10 4 5 5 0.0000000
10 4 6 0 -0.0000000
10 4 6 1 -0.0000000
10 4 6 2 -0.0000000
10 4 6 3 -0.0064798
10 4 6 4 0.0000000
10 4 6 5 -0.0000000
10 4 6 6 0.0000000
10 4 7 0 -0.0020945
10 4 7 1 -0.0073838
10 4 7 2 -0.0042046
10 4 7 3 0.0000000
10 4 7 4 0.0077458
10 4 7 5 -0.0004713
10 4 7 6 0.0004972
10 4 7 7 0.0000000
10 4 8 0 0.0000000
10 4 8 1 -0.0000000
10 4 8 2 -0.0000000
10 4 8 3 0.0040519
10 4 8 4 0.0000000
10 4 8 5 -0.0000000
10 4 8 6 0.0000000
10 4 8 7 0.0099684
10 4 8 8 -0.0000000
10 4 9 0 -0.0000000
10 4 9 1 -0.0000000
10 4 9 2 0.0000000
10 4 9 3 0.0004065
10 4 9 4 0.0000000
10 4 9 5 0.0000000
10 4 9 6 -0.0000000
10 4 9 7 -0.0006655
10 4 9 8 -0.0000000
10 4 9 9 -0.0000000
10 4 10 0 -0.0000095
10 4 10 1 -0.0121082
10 4 10 2 -0.0019886
10 4 10 3 -0.0000000
10 4 10 4 0.0236214
10 4 10 5 -0.0136982
10 4 10 6 0.0114839
10 4 10 7 -0.0000000
10 4 10 8 -0.0220363
10 4 10 9 -0.0003290
10 4 10 10 -0.0000000
10 5 0 0 -0.0000000
10 5 1 0 0.0000000
10 5 1 1 -0.0000000
10 5 2 0 -0.0000000
10 5 2 1 -0.0000000
10 5 2 2 -0.0000000
10 5 3 0 0.0003391
10 5 3 1 0.0032987
10 5 3 2 -0.0003154
10 5 3 3 -0.0000000
10 5 4 0 0.0000000
10 5 4 1 0.0000000
10 5 4 2 -0.0000000
10 5 4 3 -0.0000739
10 5 4 4 -0.0000000
10 5 5 0 -0.0000000
10 5 5 1 -0.0000000
10 5 5 2 -0.0000000
10 5 5 3 -0.0003252
10 5 5 4 -0.0000000
10 5 5 5 -0.0000000
10 5 6 0 0.0000000
10 5 6 1 0.0000000
10 5 6 2 0.0000000
10 5 6 3 0.0024496
10 5 6 4 -0.0000000
10 5 6 5 0.0000000
10 5 6 6 -0.0000000
10 5 7 0 0.0004871
10 5 7 1 0.0022630
10 5 7 2 0.0017113
10 5 7 3 -0.0000000
10 5 7 4 -0.0018604
10 5 7 5 0.0006710
10 5 7 6 0.0002972
10 5 7 7 -0.0000000
10 5 8 0 -0.0000000
10 5 8 1 0.0000000
10 5 8 2 0.0000000
10 5 8 3 -0.0014663
10 5 8 4 -0.0000000
10 5 8 5 0.0000000
10 5 8 6 -0.0000000
10 5 8 7 -0.0027427
10 5 8 8 -0.0000000
10 5 9 0 -0.0000000
10 5 9 1 -0.0000000
10 5 9 2 -0.0000000
10 5 9 3 0.0001047
10 5 9 4 0.0000000
10 5 9 5 -0.0000000
10 5 9 6 0.0000000
10 5 9 7 0.0005083
10 5 9 8 -0.0000000
10 5 9 9 0.0000000
10 5 10 0 -0.0000726
10 5 10 1 0.0062843
10 5 10 2 0.0014903
10 5 10 3 0.0000000
10 5 10 4 -0.0136982
10 5 10 5 0.0095427
10 5 10 6 -0.0079038
10 5 10 7 0.0000000
10 5 10 8 0.0151409
10 5 10 9 -0.0009070
10 5 10 10 0.0000000
10 6 0 0 0.0000000
10 6 1 0 -0.0000000
10 6 1 1 0.0000000
10 6 2 0 0.0000000
10 6 2 1 0.0000000
10 6 2 2 0.0000000
10 6 3 0 -0.0000464
10 6 3 1 -0.0005142
10 6 3 2 0.0003578
10 6 3 3 0.0000000
10 6 4 0 -0.0000000
10 6 4 1 -0.0000000
10 6 4 2 0.0000000
10 6 4 3 0.0004881
10 6 4 4 0.0000000
10 6 5 0 -0.0000000
10 6 5 1 -0.0000000
10 6 5 2 0.0000000
10 6 5 3 0.0010107
10 6 5 4 0.0000000
10 6 5 5 0.0000000
10 6 6 0 0.0000000
10 6 6 1 0.0000000
10 6 6 2 0.0000000
10 6 6 3 0.0000258
10 6 6 4 -0.0000000
10 6 6 5 0.0000000
10 6 6 6 0.0000000
10 6 7 0 -0.0000325
10 6 7 1 -0.0008629
10 6 7 2 0.0004783
10 6 7 3 0.0000000
10 6 7 4 0.0008775
10 6 7 5 0.0006235
10 6 7 6 -0.0001112
10 6 7 7 0.0000000
10 6 8 0 -0.0000000
10 6 8 1 -0.0000000
10 6 8 2 -0.0000000
10 6 8 3 0.0012823
10 6 8 4 0.0000000
10 6 8 5 -0.0000000
10 6 8 6 0.0000000
10 6 8 7 0.0002756
10 6 8 8 0.0000000
10 6 9 0 0.0000000
10 6 9 1 0.0000000
10 6 9 2 0.0000000
10 6 9 3 0.0003739
10 6 9 4 -0.0000000
10 6 9 5 0.0000000
10 6 9 6 0.0000000
10 6 9 7 0.0000373
10 6 9 8 0.0000000
10 6 9 9 -0.0000000
10 6 10 0 0.0000760
10 6 10 1 -0.0050121
10 6 10 2 -0.0008050
10 6 10 3 0.0000000
10 6 10 4 0.0114839
10 6 10 5 -0.0079038
10 6 10 6 0.0072045
10 6 10 7 -0.0000000
10 6 10 8 -0.0129825
10 6 10 9 -0.0013227
10 6 10 10 -0.0000000
10 7 0 0 0.0241456
10 7 1 0 -0.0001931
10 7 1 1 0.0137076
10 7 2 0 0.0002428
10 7 2 1 0.0020817
10 7 2 2 0.0118171
10 7 3 0 0.0000000
10 7 3 1 0.0000000
10 7 3 2 -0.0000000
10 7 3 3 0.0119687
10 7 4 0 -0.0005262
10 7 4 1 -0.0015683
10 7 4 2 0.0004560
10 7 4 3 -0.0000000
10 7 4 4 0.0108718
10 7 5 0 -0.0003938
10 7 5 1 -0.0003060
10 7 5 2 0.0016219
10 7 5 3 -0.0000000
10 7 5 4 0.0054061
10 7 5 5 0.0109341
10 7 6 0 0.0006853
10 7 6 1 0.0017718
10 7 6 2 0.0044303
10 7 6 3 0.0000000
10 7 6 4 -0.0051719
10 7 6 5 0.0028950
10 7 6 6 0.0105198
10 7 7 0 -0.0000000
10 7 7 1 -0.0000000
10 7 7 2 -0.0000000
10 7 7 3 0.0075913
10 7 7 4 0.0000000
10 7 7 5 -0.0000000
10 7 7 6 0.0000000
10 7 7 7 0.0143241
10 7 8 0 -0.0000144
10 7 8 1 -0.0077998
10 7 8 2 -0.0004882
10 7 8 3 -0.0000000
10 7 8 4 0.0069748
10 7 8 5 -0.0026962
10 7 8 6 0.0003085
10 7 8 7 -0.0000000
10 7 8 8 0.0076705
10 7 9 0 0.0000078
10 7 9 1 0.0005226
10 7 9 2 0.0026154
10 7 9 3 -0.0000000
10 7 9 4 -0.0004347
10 7 9 5 0.0015059
10 7 9 6 0.0012806
10 7 9 7 -0.0000000
10 7 9 8 0.0005893
10 7 9 9 -0.0112274
10 7 10 0 -0.0000000
10 7 10 1 0.0000000
10 7 10 2 0.0000000
10 7 10 3 0.0032342
10 7 10 4 -0.0000000
10 7 10 5 0.0000000
10 7 10 6 -0.0000000
10 7 10 7 0.0027282
10 7 10 8 0.0000000
10 7 10 9 0.0000000
10 7 10 10 -0.0144274
10 8 0 0 -0.0000000
10 8 1 0 0.0000000
10 8 1 1 -0.0000000
10 8 2 0 -0.0000000
10 8 2 1 -0.0000000
10 8 2 2 -0.0000000
10 8 3 0 0.0001398
10 8 3 1 0.0050377
10 8 3 2 -0.0023596
10 8 3 3 -0.0000000
10 8 4 0 0.0000000
10 8 4 1 0.0000000
10 8 4 2 -0.0000000
10 8 4 3 0.0002485
10 8 4 4 -0.0000000
10 8 5 0 -0.0000000
10 8 5 1 -0.0000000
10 8 5 2 -0.0000000
10 8 5 3 -0.0018211
10 8 5 4 0.0000000
10 8 5 5 -0.0000000
10 8 6 0 0.0000000
10 8 6 1 0.0000000
10 8 6 2 0.0000000
10 8 6 3 0.0043555
10 8 6 4 -0.0000000
10 8 6 5 0.0000000
10 8 6 6 -0.0000000
10 8 7 0 0.0001492
10 8 7 1 0.0010596
10 8 7 2 0.0025706
10 8 7 3 -0.0000000
10 8 7 4 -0.0030693
10 8 7 5 0.0003442
10 8 7 6 -0.0018324
10 8 7 7 0.0000000
10 8 8 0 -0.0000000
10 8 8 1 0.0000000
10 8 8 2 -0.0000000
10 8 8 3 -0.0004240
10 8 8 4 -0.0000000
10 8 8 5 0.0000000
10 8 8 6 -0.0000000
10 8 8 7 -0.0038415
10 8 8 8 0.0000000
10 8 9 0 -0.0000000
10 8 9 1 -0.0000000
10 8 9 2 -0.0000000
10 8 9 3 -0.0002796
10 8 9 4 -0.0000000
10 8 9 5 -0.0000000
10 8 9 6 0.0000000
10 8 9 7 0.0005143
10 8 9 8 -0.0000000
10 8 9 9 0.0000000
10 8 10 0 -0.0001328
10 8 10 1 0.0100921
10 8 10 2 0.0019606
10 8 10 3 0.0000000
10 8 10 4 -0.0220363
10 8 10 5 0.0151409
10 8 10 6 -0.0129825
10 8 10 7 0.0000000
10 8 10 8 0.0245938
10 8 10 9 -0.0001964
10 8 10 10 0.0000000
10 9 0 0 -0.0000000
10 9 1 0 -0.0000000
10 9 1 1 0.0000000
10 9 2 0 0.0000000
10 9 2 1 0.0000000
10 9 2 2 -0.0000000
10 9 3 0 -0.0000040
10 9 3 1 -0.0007472
10 9 3 2 0.0023217
10 9 3 3 0.0000000
10 9 4 0 -0.0000000
10 9 4 1 -0.0000000
10 9 4 2 0.0000000
10 9 4 3 0.0001235
10 9 4 4 0.0000000
10 9 5 0 -0.0000000
10 9 5 1 -0.0000000
10 9 5 2 -0.0000000
10 9 5 3 0.0011006
10 9 5 4 0.0000000
10 9 5 5 -0.0000000
10 9 6 0 0.0000000
10 9 6 1 0.0000000
10 9 6 2 0.0000000
10 9 6 3 0.0001743
10 9 6 4 0.0000000
10 9 6 5 0.0000000
10 9 6 6 0.0000000
10 9 7 0 0.0000185
10 9 7 1 0.0012016
10 9 7 2 0.0007731
10 9 7 3 0.0000000
10 9 7 4 0.0000472
10 9 7 5 0.0005997
10 9 7 6 0.0017788
10 9 7 7 -0.0000000
10 9 8 0 -0.0000000
10 9 8 1 -0.0000000
10 9 8 2 0.0000000
10 9 8 3 -0.0006555
10 9 8 4 -0.0000000
10 9 8 5 -0.0000000
10 9 8 6 0.0000000
10 9 8 7 0.0006219
10 9 8 8 -0.0000000
10 9 9 0 0.0000000
10 9 9 1 0.0000000
10 9 9 2 0.0000000
10 9 9 3 -0.0027826
10 9 9 4 -0.0000000
10 9 9 5 0.0000000
10 9 9 6 -0.0000000
10 9 9 7 -0.0016000
10 9 9 8 0.0000000
10 9 9 9 -0.0000000
10 9 10 0 0.0000015
10 9 10 1 -0.0000613
10 9 10 2 -0.0027592
10 9 10 3 -0.0000000
10 9 10 4 -0.0003290
10 9 10 5 -0.0009070
10 9 10 6 -0.0013227
10 9 10 7 0.0000000
10 9 10 8 -0.0001964
10 9 10 9 0.0362686
10 9 10 10 -0.0000000
10 10 0 0 0.3243003
10 10 1 0 -0.0000925
10 10 1 1 0.3159692
10 10 2 0 0.0006215
10 10 2 1 0.0100867
10 10 2 2 0.2715752
10 10 3 0 0.0000000
10 10 3 1 0.0000000
10 10 3 2 0.0000000
10 10 3 3 0.2748335
10 10 4 0 -0.0058090
10 10 4 1 -0.1059386
10 10 4 2 -0.0157213
10 10 4 3 -0.0000000
10 10 4 4 0.4242491
10 10 5 0 -0.0057198
10 10 5 1 0.0262689
10 10 5 2 0.0342116
10 10 5 3 -0.0000000
10 10 5 4 -0.0552378
10 10 5 5 0.3163735
10 10 6 0 0.0047169
10 10 6 1 -0.0200724
10 10 6 2 0.0287732
10 10 6 3 0.0000000
10 10 6 4 0.0566650
10 10 6 5 -0.0384553
10 10 6 6 0.3140742
10 10 7 0 -0.0000000
10 10 7 1 0.0000000
10 10 7 2 -0.0000000
10 10 7 3 0.0462211
10 10 7 4 -0.0000000
10 10 7 5 0.0000000
10 10 7 6 -0.0000000
10 10 7 7 0.2805285
10 10 8 0 -0.0022364
10 10 8 1 0.0128481
10 10 8 2 0.0120448
10 10 8 3 0.0000000
10 10 8 4 -0.1024255
10 10 8 5 0.1052566
10 10 8 6 -0.0923433
10 10 8 7 0.0000000
10 10 8 8 0.4199387
10 10 9 0 0.0000009
10 10 9 1 -0.0002128
10 10 9 2 -0.0253834
10 10 9 3 -0.0000000
10 10 9 4 -0.0027056
10 10 9 5 -0.0069733
10 10 9 6 -0.0088592
10 10 9 7 0.0000000
10 10 9 8 -0.0006458
10 10 9 9 0.6002955
10 10 10 0 0.0000000
10 10 10 1 0.0000000
10 10 10 2 0.0000000
10 10 10 3 -0.0311216
10 10 10 4 -0.0000000
10 10 10 5 0.0000000
10 10 10 6 -0.0000000
10 10 10 7 -0.0144274
10 10 10 8 0.0000000
10 10 10 9 -0.0000000
10 10 10 10 0.6728327
11 0 0 0 -0.0022380
11 0 1 0 0.0001420
11 0 1 1 -0.0004628
11 0 2 0 -0.0000029
11 0 2 1 0.0000065
11 0 2 2 -0.0004281
11 0 3 0 -0.0000000
11 0 3 1 0.0000000
11 0 3 2 0.0000000
11 0 3 3 -0.0004307
11 0 4 0 0.0000170
11 0 4 1 -0.0000581
11 0 4 2 -0.0000149
11 0 4 3 -0.0000000
11 0 4 4 -0.0002778
11 0 5 0 0.0000673
11 0 5 1 -0.0000063
11 0 5 2 -0.0001137
11 0 5 3 0.0000000
11 0 5 4 -0.0003010
11 0 5 5 -0.0004327
11 0 6 0 -0.0000455
11 0 6 1 -0.0000173
11 0 6 2 -0.0002062
11 0 6 3 -0.0000000
11 0 6 4 0.0002277
11 0 6 5 -0.0000996
11 0 6 6 -0.0004595
11 0 7 0 0.0000000
11 0 7 1 0.0000000
11 0 7 2 0.0000000
11 0 7 3 -0.0002326
11 0 7 4 -0.0000000
11 0 7 5 0.0000000
11 0 7 6 -0.0000000
11 0 7 7 -0.0005456
11 0 8 0 -0.0001341
11 0 8 1 0.0003298
11 0 8 2 0.0000176
11 0 8 3 0.0000000
11 0 8 4 -0.0002942
11 0 8 5 0.0001221
11 0 8 6 -0.0001157
11 0 8 7 0.0000000
11 0 8 8 -0.0002571
11 0 9 0 -0.0000000
11 0 9 1 -0.0000006
11 0 9 2 -0.0000828
11 0 9 3 -0.0000000
11 0 9 4 -0.0000086
11 0 9 5 -0.0000393
11 0 9 6 -0.0000489
11 0 9 7 0.0000000
11 0 9 8 -0.0000030
11 0 9 9 0.0004774
11 0 10 0 0.0000000
11 0 10 1 0.0000000
11 0 10 2 0.0000000
11 0 10 3 -0.0000835
11 0 10 4 -0.0000000
11 0 10 5 0.0000000
11 0 10 6 -0.0000000
11 0 10 7 -0.0000626
11 0 10 8 0.0000000
11 0 10 9 0.0000000
11 0 10 10 0.0004774
11 0 11 0 0.0000059
11 0 11 1 -0.0000124
11 0 11 2 -0.0000089
11 0 11 3 -0.0000000
11 0 11 4 0.0000866
11 0 11 5 -0.0001044
11 0 11 6 0.0000934
11 0 11 7 -0.0000000
11 0 11 8 -0.0001621
11 0 11 9 -0.0000000
11 0 11 10 0.0000000
11 0 11 11 0.0032956
11 1 0 0 -0.0032594
11 1 1 0 0.0000026
11 1 1 1 -0.0020740
11 1 2 0 -0.0000072
11 1 2 1 0.0000389
11 1 2 2 -0.0021819
11 1 3 0 -0.0000000
11 1 3 1 0.0000000
11 1 3 2 0.0000000
11 1 3 3 -0.0021996
11 1 4 0 0.0000605
11 1 4 1 -0.0004260
11 1 4 2 -0.0001737
11 1 4 3 -0.0000000
11 1 4 4 -0.0005040
11 1 5 0 0.0000562
11 1 5 1 0.0005130
11 1 5 2 -0.0002319
11 1 5 3 0.0000000
11 1 5 4 -0.0015052
11 1 5 5 -0.0013403
11 1 6 0 -0.0000473
11 1 6 1 -0.0005077
11 1 6 2 -0.0006155
11 1 6 3 -0.0000000
11 1 6 4 0.0012598
11 1 6 5 -0.0008861
11 1 6 6 -0.0015734
11 1 7 0 0.0000000
11 1 7 1 0.0000000
11 1 7 2 0.0000000
11 1 7 3 -0.0006219
11 1 7 4 -0.0000000
11 1 7 5 0.0000000
11 1 7 6 -0.0000000
11 1 7 7 -0.0023481
11 1 8 0 0.0000197
11 1 8 1 0.0014526
11 1 8 2 0.0001934
11 1 8 3 0.0000000
11 1 8 4 -0.0022020
11 1 8 5 0.0011973
11 1 8 6 -0.0010971
11 1 8 7 0.0000000
11 1 8 8 -0.0000316
11 1 9 0 -0.0000000
11 1 9 1 -0.0000058
11 1 9 2 -0.0004877
11 1 9 3 -0.0000000
11 1 9 4 -0.0000464
11 1 9 5 -0.0002191
11 1 9 6 -0.0002673
11 1 9 7 0.0000000
11 1 9 8 -0.0000206
11 1 9 9 0.0020915
11 1 10 0 0.0000000
11 1 10 1 0.0000000
11 1 10 2 0.0000000
11 1 10 3 -0.0004906
11 1 10 4 -0.0000000
11 1 10 5 0.0000000
11 1 10 6 -0.0000000
11 1 10 7 -0.0003452
11 1 10 8 0.0000000
11 1 10 9 -0.0000000
11 1 10 10 0.0020920
11 1 11 0 -0.0000124
11 1 11 1 0.0008293
11 1 11 2 0.0002164
11 1 11 3 0.0000000
11 1 11 4 -0.0021057
11 1 11 5 0.0017821
11 1 11 6 -0.0016032
11 1 11 7 0.0000000
11 1 11 8 0.0028937
11 1 11 9 -0.0000120
11 1 11 10 0.0000000
11 1 11 11 -0.0086500
11 2 0 0 -0.0003046
11 2 1 0 0.0000007
11 2 1 1 -0.0001957
11 2 2 0 -0.0001032
11 2 2 1 -0.0006909
11 2 2 2 -0.0004380
11 2 3 0 0.0000000
11 2 3 1 0.0000000
11 2 3 2 -0.0000000
11 2 3 3 0.0000444
11 2 4 0 -0.0000017
11 2 4 1 -0.0001209
11 2 4 2 -0.0000693
11 2 4 3 0.0000000
11 2 4 4 -0.0000078
11 2 5 0 -0.0000849
11 2 5 1 -0.0001357
11 2 5 2 0.0003140
11 2 5 3 0.0000000
11 2 5 4 0.0000537
11 2 5 5 -0.0002597
11 2 6 0 -0.0001249
11 2 6 1 -0.0003191
11 2 6 2 -0.0001133
11 2 6 3 -0.0000000
11 2 6 4 0.0003745
11 2 6 5 -0.0001818
11 2 6 6 -0.0000977
11 2 7 0 0.0000000
11 2 7 1 0.0000000
11 2 7 2 0.0000000
11 2 7 3 -0.0002704
11 2 7 4 -0.0000000
11 2 7 5 0.0000000
11 2 7 6 -0.0000000
11 2 7 7 -0.0001548
11 2 8 0 -0.0000052
11 2 8 1 0.0001435
11 2 8 2 0.0002374
11 2 8 3 0.0000000
11 2 8 4 -0.0002235
11 2 8 5 0.0004961
11 2 8 6 0.0003459
11 2 8 7 -0.0000000
11 2 8 8 0.0000900
11 2 9 0 -0.0000040
11 2 9 1 -0.0003585
11 2 9 2 -0.0000986
11 2 9 3 -0.0000000
11 2 9 4 0.0006645
11 2 9 5 -0.0003892
11 2 9 6 0.0003599
11 2 9 7 -0.0000000
11 2 9 8 -0.0006370
11 2 9 9 -0.0001256
11 2 10 0 0.0000000
11 2 10 1 0.0000000
11 2 10 2 0.0000000
11 2 10 3 -0.0000020
11 2 10 4 -0.0000000
11 2 10 5 0.0000000
11 2 10 6 -0.0000000
11 2 10 7 -0.0000312
11 2 10 8 0.0000000
11 2 10 9 -0.0000000
11 2 10 10 -0.0000584
11 2 11 0 -0.0000089
11 2 11 1 0.0002164
11 2 11 2 0.0003007
11 2 11 3 0.0000000
11 2 11 4 -0.0005957
11 2 11 5 0.0006692
11 2 11 6 -0.0003824
11 2 11 7 0.0000000
11 2 11 8 0.0009172
11 2 11 9 -0.0017732
11 2 11 10 0.0000000
11 2 11 11 -0.0065469
11 3 0 0 -0.0000000
11 3 1 0 0.0000000
11 3 1 1 -0.0000000
11 3 2 0 0.0000000
11 3 2 1 0.0000000
11 3 2 2 -0.0000000
11 3 3 0 -0.0001040
11 3 3 1 -0.0007024
11 3 3 2 0.0002571
11 3 3 3 -0.0000000
11 3 4 0 -0.0000000
11 3 4 1 -0.0000000
11 3 4 2 0.0000000
11 3 4 3 0.0000050
11 3 4 4 -0.0000000
11 3 5 0 0.0000000
11 3 5 1 0.0000000
11 3 5 2 0.0000000
11 3 5 3 0.0000952
11 3 5 4 -0.0000000
11 3 5 5 -0.0000000
11 3 6 0 -0.0000000
11 3 6 1 -0.0000000
11 3 6 2 -0.0000000
11 3 6 3 -0.0003576
11 3 6 4 0.0000000
11 3 6 5 -0.0000000
11 3 6 6 0.0000000
11 3 7 0 -0.0001516
11 3 7 1 -0.0003301
11 3 7 2 -0.0002392
11 3 7 3 0.0000000
11 3 7 4 0.0002792
11 3 7 5 -0.0000656
11 3 7 6 0.0000980
11 3 7 7 -0.0000000
11 3 8 0 0.0000000
11 3 8 1 0.0000000
11 3 8 2 0.0000000
11 3 8 3 0.0001996
11 3 8 4 -0.0000000
11 3 8 5 0.0000000
11 3 8 6 0.0000000
11 3 8 7 0.0006047
11 3 8 8 0.0000000
11 3 9 0 -0.0000000
11 3 9 1 -0.0000000
11 3 9 2 -0.0000000
11 3 9 3 0.0000146
11 3 9 4 0.0000000
11 3 9 5 -0.0000000
11 3 9 6 -0.0000000
11 3 9 7 -0.0000192
11 3 9 8 -0.0000000
11 3 9 9 -0.0000000
11 3 10 0 -0.0000041
11 3 10 1 -0.0003609
11 3 10 2 -0.0000536
11 3 10 3 -0.0000000
11 3 10 4 0.0006744
11 3 10 5 -0.0004082
11 3 10 6 0.0003422
11 3 10 7 -0.0000000
11 3 10 8 -0.0006429
11 3 10 9 0.0000337
11 3 10 10 -0.0000000
11 3 11 0 -0.0000000
11 3 11 1 0.0000000
11 3 11 2 0.0000000
11 3 11 3 0.0002407
11 3 11 4 -0.0000000
11 3 11 5 0.0000000
11 3 11 6 -0.0000000
11 3 11 7 0.0001640
11 3 11 8 0.0000000
11 3 11 9 -0.0000000
11 3 11 10 -0.0017860
11 3 11 11 -0.0000000
11 4 0 0 0.0030730
11 4 1 0 -0.0000134
11 4 1 1 0.0018832
11 4 2 0 -0.0000012
11 4 2 1 -0.0001221
11 4 2 2 0.0020277
11 4 3 0 -0.0000000
11 4 3 1 -0.0000000
11 4 3 2 0.0000000
11 4 3 3 0.0021036
11 4 4 0 -0.0000880
11 4 4 1 0.0004789
11 4 4 2 0.0002071
11 4 4 3 0.0000000
11 4 4 4 0.0000055
11 4 5 0 -0.0000988
11 4 5 1 -0.0006896
11 4 5 2 0.0002445
11 4 5 3 -0.0000000
11 4 5 4 0.0017301
11 4 5 5 0.0010663
11 4 6 0 0.0000599
11 4 6 1 0.0006102
11 4 6 2 0.0006225
11 4 6 3 0.0000000
11 4 6 4 -0.0014199
11 4 6 5 0.0009823
11 4 6 6 0.0013516
11 4 7 0 -0.0000000
11 4 7 1 -0.0000000
11 4 7 2 -0.0000000
11 4 7 3 0.0005909
11 4 7 4 0.0000000
11 4 7 5 -0.0000000
11 4 7 6 0.0000000
11 4 7 7 0.0022211
11 4 8 0 -0.0000202
11 4 8 1 -0.0015790
11 4 8 2 -0.0002111
11 4 8 3 -0.0000000
11 4 8 4 0.0026024
11 4 8 5 -0.0012761
11 4 8 6 0.0012588
11 4 8 7 -0.0000000
11 4 8 8 -0.0003187
11 4 9 0 -0.0000004
11 4 9 1 -0.0000362
11 4 9 2 0.0001707
11 4 9 3 -0.0000000
11 4 9 4 0.0000883
11 4 9 5 0.0000427
11 4 9 6 0.0001415
11 4 9 7 -0.0000000
11 4 9 8 -0.0000603
11 4 9 9 0.0007841
11 4 10 0 -0.0000000
11 4 10 1 -0.0000000
11 4 10 2 -0.0000000
11 4 10 3 0.0001821
11 4 10 4 0.0000000
11 4 10 5 -0.0000000
11 4 10 6 0.0000000
11 4 10 7 0.0001296
11 4 10 8 -0.0000000
11 4 10 9 0.0000000
11 4 10 10 0.0007914
11 4 11 0 0.0000866
11 4 11 1 -0.0021057
11 4 11 2 -0.0005957
11 4 11 3 -0.0000000
11 4 11 4 0.0060732
11 4 11 5 -0.0055301
11 4 11 6 0.0049945
11 4 11 7 -0.0000000
11 4 11 8 -0.0088880
11 4 11 9 -0.0001854
11 4 11 10 -0.0000000
11 4 11 11 0.0634254
11 5 0 0 0.0013637
11 5 1 0 -0.0000173
11 5 1 1 0.0008730
11 5 2 0 -0.0000594
11 5 2 1 -0.0002474
11 5 2 2 0.0004103
11 5 3 0 0.0000000
11 5 3 1 0.0000000
11 5 3 2 -0.0000000
11 5 3 3 0.0004881
11 5 4 0 -0.0000947
11 5 4 1 -0.0008434
11 5 4 2 -0.0001128
11 5 4 3 -0.0000000
11 5 4 4 0.0019306
11 5 5 0 -0.0001508
11 5 5 1 -0.0000072
11 5 5 2 0.0003147
11 5 5 3 -0.0000000
11 5 5 4 -0.0001558
11 5 5 5 0.0008233
11 5 6 0 -0.0000125
11 5 6 1 -0.0003389
11 5 6 2 0.0001770
11 5 6 3 0.0000000
11 5 6 4 0.0004213
11 5 6 5 -0.0001726
11 5 6 6 0.0008035
11 5 7 0 0.0000000
11 5 7 1 0.0000000
11 5 7 2 -0.0000000
11 5 7 3 0.0001836
11 5 7 4 -0.0000000
11 5 7 5 0.0000000
11 5 7 6 -0.0000000
11 5 7 7 0.0005797
11 5 8 0 -0.0000197
11 5 8 1 -0.0000559
11 5 8 2 0.0002532
11 5 8 3 0.0000000
11 5 8 4 -0.0004687
11 5 8 5 0.0007645
11 5 8 6 -0.0002576
11 5 8 7 0.0000000
11 5 8 8 0.0013761
11 5 9 0 -0.0000032
11 5 9 1 -0.0001808
11 5 9 2 0.0004485
11 5 9 3 -0.0000000
11 5 9 4 0.0003883
11 5 9 5 0.0000669
11 5 9 6 0.0004778
11 5 9 7 -0.0000000
11 5 9 8 -0.0002684
11 5 9 9 -0.0034133
11 5 10 0 0.0000000
11 5 10 1 0.0000000
11 5 10 2 -0.0000000
11 5 10 3 0.0004879
11 5 10 4 -0.0000000
11 5 10 5 -0.0000000
11 5 10 6 0.0000000
11 5 10 7 0.0003750
11 5 10 8 0.0000000
11 5 10 9 0.0000000
11 5 10 10 -0.0034946
11 5 11 0 -0.0001044
11 5 11 1 0.0017821
11 5 11 2 0.0006692
11 5 11 3 0.0000000
11 5 11 4 -0.0055301
11 5 11 5 0.0053200
11 5 11 6 -0.0046827
11 5 11 7 0.0000000
11 5 11 8 0.0084200
11 5 11 9 -0.0007543
11 5 11 10 0.0000000
11 5 11 11 -0.0748053
11 6 0 0 -0.0012654
11 6 1 0 0.0000137
11 6 1 1 -0.0008155
11 6 2 0 -0.0000947
11 6 2 1 -0.0004869
11 6 2 2 -0.0004826
11 6 3 0 -0.0000000
11 6 3 1 -0.0000000
11 6 3 2 0.0000000
11 6 3 3 -0.0003560
11 6 4 0 0.0000700
11 6 4 1 0.0007028
11 6 4 2 0.0001873
11 6 4 3 0.0000000
11 6 4 4 -0.0017626
11 6 5 0 -0.0000047
11 6 5 1 -0.0003696
11 6 5 2 -0.0000476
11 6 5 3 0.0000000
11 6 5 4 0.0004014
11 6 5 5 -0.0007359
11 6 6 0 -0.0001638
11 6 6 1 -0.0001430
11 6 6 2 -0.0001908
11 6 6 3 -0.0000000
11 6 6 4 -0.0001045
11 6 6 5 0.0001844
11 6 6 6 -0.0007436
11 6 7 0 -0.0000000
11 6 7 1 -0.0000000
11 6 7 2 0.0000000
11 6 7 3 -0.0003781
11 6 7 4 0.0000000
11 6 7 5 -0.0000000
11 6 7 6 0.0000000
11 6 7 7 -0.0006336
11 6 8 0 0.0000082
11 6 8 1 0.0000295
11 6 8 2 0.0001729
11 6 8 3 0.0000000
11 6 8 4 0.0005037
11 6 8 5 -0.0002944
11 6 8 6 0.0007745
11 6 8 7 -0.0000000
11 6 8 8 -0.0012227
11 6 9 0 -0.0000040
11 6 9 1 -0.0002324
11 6 9 2 -0.0004715
11 6 9 3 -0.0000000
11 6 9 4 0.0003765
11 6 9 5 -0.0004360
11 6 9 6 -0.0000522
11 6 9 7 -0.0000000
11 6 9 8 -0.0003736
11 6 9 9 0.0030876
11 6 10 0 -0.0000000
11 6 10 1 -0.0000000
11 6 10 2 -0.0000000
11 6 10 3 -0.0004303
11 6 10 4 0.0000000
11 6 10 5 -0.0000000
11 6 10 6 -0.0000000
11 6 10 7 -0.0003612
11 6 10 8 -0.0000000
11 6 10 9 -0.0000000
11 6 10 10 0.0029856
11 6 11 0 0.0000934
11 6 11 1 -0.0016032
11 6 11 2 -0.0003824
11 6 11 3 -0.0000000
11 6 11 4 0.0049945
11 6 11 5 -0.0046827
11 6 11 6 0.0043274
11 6 11 7 -0.0000000
11 6 11 8 -0.0075584
11 6 11 9 -0.0009394
11 6 11 10 -0.0000000
11 6 11 11 0.0668441
11 7 0 0 0.0000000
11 7 1 0 -0.0000000
11 7 1 1 0.0000000
11 7 2 0 0.0000000
11 7 2 1 0.0000000
11 7 2 2 0.0000000
11 7 3 0 -0.0001112
11 7 3 1 -0.0005289
11 7 3 2 0.0000645
11 7 3 3 0.0000000
11 7 4 0 -0.0000000
11 7 4 1 -0.0000000
11 7 4 2 -0.0000000
11 7 4 3 0.0000779
11 7 4 4 0.0000000
11 7 5 0 0.0000000
11 7 5 1 0.0000000
11 7 5 2 0.0000000
11 7 5 3 0.0000209
11 7 5 4 -0.0000000
11 7 5 5 0.0000000
11 7 6 0 -0.0000000
11 7 6 1 -0.0000000
11 7 6 2 0.0000000
11 7 6 3 -0.0002192
11 7 6 4 0.0000000
11 7 6 5 -0.0000000
11 7 6 6 0.0000000
11 7 7 0 -0.0001668
11 7 7 1 -0.0004358
11 7 7 2 -0.0001690
11 7 7 3 0.0000000
11 7 7 4 0.0002543
11 7 7 5 -0.0000496
11 7 7 6 -0.0000819
11 7 7 7 0.0000000
11 7 8 0 -0.0000000
11 7 8 1 -0.0000000
11 7 8 2 -0.0000000
11 7 8 3 0.0002908
11 7 8 4 -0.0000000
11 7 8 5 0.0000000
11 7 8 6 -0.0000000
11 7 8 7 0.0004907
11 7 8 8 0.0000000
11 7 9 0 0.0000000
11 7 9 1 0.0000000
11 7 9 2 0.0000000
11 7 9 3 0.0000011
11 7 9 4 -0.0000000
11 7 9 5 0.0000000
11 7 9 6 0.0000000
11 7 9 7 -0.0000200
11 7 9 8 0.0000000
11 7 9 9 -0.0000000
11 7 10 0 -0.0000051
11 7 10 1 -0.0002936
11 7 10 2 -0.0000535
11 7 10 3 0.0000000
11 7 10 4 0.0005391
11 7 10 5 -0.0003055
11 7 10 6 0.0002476
11 7 10 7 0.0000000
11 7 10 8 -0.0004589
11 7 10 9 -0.0000654
11 7 10 10 -0.0000000
11 7 11 0 -0.0000000
11 7 11 1 0.0000000
11 7 11 2 0.0000000
11 7 11 3 0.0001640
11 7 11 4 -0.0000000
11 7 11 5 0.0000000
11 7 11 6 -0.0000000
11 7 11 7 0.0001145
11 7 11 8 0.0000000
11 7 11 9 0.0000000
11 7 11 10 -0.0012015
11 7 11 11 -0.0000000
11 8 0 0 0.0029914
11 8 1 0 -0.0000154
11 8 1 1 0.0018517
11 8 2 0 0.0000110
11 8 2 1 0.0001377
11 8 2 2 0.0009932
11 8 3 0 0.0000000
11 8 3 1 0.0000000
11 8 3 2 0.0000000
11 8 3 3 0.0009733
11 8 4 0 -0.0001509
11 8 4 1 -0.0016034
11 8 4 2 -0.0002951
11 8 4 3 -0.0000000
11 8 4 4 0.0038823
11 8 5 0 -0.0001464
11 8 5 1 0.0004197
11 8 5 2 0.0005415
11 8 5 3 -0.0000000
11 8 5 4 -0.0004936
11 8 5 5 0.0017992
11 8 6 0 0.0001091
11 8 6 1 -0.0003463
11 8 6 2 0.0005465
11 8 6 3 0.0000000
11 8 6 4 0.0005878
11 8 6 5 -0.0004104
11 8 6 6 0.0017804
11 8 7 0 -0.0000000
11 8 7 1 0.0000000
11 8 7 2 -0.0000000
11 8 7 3 0.0007654
11 8 7 4 -0.0000000
11 8 7 5 0.0000000
11 8 7 6 -0.0000000
11 8 7 7 0.0013750
11 8 8 0 -0.0000442
11 8 8 1 -0.0001955
11 8 8 2 0.0001673
11 8 8 3 0.0000000
11 8 8 4 -0.0010986
11 8 8 5 0.0013094
11 8 8 6 -0.0011171
11 8 8 7 0.0000000
11 8 8 8 0.0029997
11 8 9 0 -0.0000002
11 8 9 1 -0.0000092
11 8 9 2 0.0006878
11 8 9 3 0.0000000
11 8 9 4 0.0000976
11 8 9 5 0.0003600
11 8 9 6 0.0004788
11 8 9 7 -0.0000000
11 8 9 8 0.0000065
11 8 9 9 -0.0045292
11 8 10 0 0.0000000
11 8 10 1 0.0000000
11 8 10 2 -0.0000000
11 8 10 3 0.0006957
11 8 10 4 0.0000000
11 8 10 5 -0.0000000
11 8 10 6 0.0000000
11 8 10 7 0.0005947
11 8 10 8 -0.0000000
11 8 10 9 0.0000000
11 8 10 10 -0.0045354
11 8 11 0 -0.0001621
11 8 11 1 0.0028937
11 8 11 2 0.0009172
11 8 11 3 0.0000000
11 8 11 4 -0.0088880
11 8 11 5 0.0084200
11 8 11 6 -0.0075584
11 8 11 7 0.0000000
11 8 11 8 0.0134494
11 8 11 9 -0.0000569
11 8 11 10 0.0000000
11 8 11 11 -0.1140536
11 9 0 0 -0.0000000
11 9 1 0 -0.0000009
11 9 1 1 -0.0000219
11 9 2 0 -0.0001225
11 9 2 1 -0.0016440
11 9 2 2 -0.0005894
11 9 3 0 -0.0000000
11 9 3 1 -0.0000000
11 9 3 2 -0.0000000
11 9 3 3 0.0005581
11 9 4 0 -0.0000127
11 9 4 1 -0.0001712
11 9 4 2 0.0001965
11 9 4 3 0.0000000
11 9 4 4 0.0000458
11 9 5 0 -0.0001091
11 9 5 1 -0.0003073
11 9 5 2 0.0006438
11 9 5 3 0.0000000
11 9 5 4 0.0005992
11 9 5 5 -0.0007356
11 9 6 0 -0.0001363
11 9 6 1 -0.0003844
11 9 6 2 0.0001780
11 9 6 3 -0.0000000
11 9 6 4 0.0006822
11 9 6 5 -0.0003061
11 9 6 6 0.0003908
11 9 7 0 0.0000000
11 9 7 1 0.0000000
11 9 7 2 -0.0000000
11 9 7 3 -0.0006106
11 9 7 4 -0.0000000
11 9 7 5 0.0000000
11 9 7 6 -0.0000000
11 9 7 7 0.0002675
11 9 8 0 -0.0000083
11 9 8 1 -0.0000248
11 9 8 2 -0.0003559
11 9 8 3 -0.0000000
11 9 8 4 0.0000014
11 9 8 5 0.0005236
11 9 8 6 0.0007040
11 9 8 7 -0.0000000
11 9 8 8 0.0000855
11 9 9 0 -0.0000048
11 9 9 1 0.0003162
11 9 9 2 0.0000902
11 9 9 3 0.0000000
11 9 9 4 -0.0014353
11 9 9 5 0.0016129
11 9 9 6 -0.0012884
11 9 9 7 0.0000000
11 9 9 8 0.0022582
11 9 9 9 0.0000005
11 9 10 0 0.0000000
11 9 10 1 -0.0000000
11 9 10 2 -0.0000000
11 9 10 3 0.0000566
11 9 10 4 0.0000000
11 9 10 5 0.0000000
11 9 10 6 -0.0000000
11 9 10 7 -0.0001100
11 9 10 8 0.0000000
11 9 10 9 0.0000000
11 9 10 10 0.0000006
11 9 11 0 -0.0000000
11 9 11 1 -0.0000120
11 9 11 2 -0.0017732
11 9 11 3 -0.0000000
11 9 11 4 -0.0001854
11 9 11 5 -0.0007543
11 9 11 6 -0.0009394
11 9 11 7 0.0000000
11 9 11 8 -0.0000569
11 9 11 9 0.0145241
11 9 11 10 -0.0000000
11 9 11 11 0.0000078
11 10 0 0 0.0000000
11 10 1 0 0.0000000
11 10 1 1 0.0000000
11 10 2 0 0.0000000
11 10 2 1 0.0000000
11 10 2 2 -0.0000000
11 10 3 0 -0.0001236
11 10 3 1 -0.0016473
11 10 3 2 0.0005388
11 10 3 3 -0.0000000
11 10 4 0 -0.0000000
11 10 4 1 -0.0000000
11 10 4 2 0.0000000
11 10 4 3 0.0003209
11 10 4 4 0.0000000
11 10 5 0 0.0000000
11 10 5 1 0.0000000
11 10 5 2 0.0000000
11 10 5 3 -0.0000594
11 10 5 4 -0.0000000
11 10 5 5 0.0000000
11 10 6 0 -0.0000000
11 10 6 1 -0.0000000
11 10 6 2 -0.0000000
11 10 6 3 -0.0007068
11 10 6 4 0.0000000
11 10 6 5 -0.0000000
11 10 6 6 0.0000000
11 10 7 0 -0.0001745
11 10 7 1 -0.0004965
11 10 7 2 -0.0006919
11 10 7 3 0.0000000
11 10 7 4 0.0007762
11 10 7 5 -0.0003452
11 10 7 6 0.0005625
11 10 7 7 -0.0000000
11 10 8 0 0.0000000
11 10 8 1 0.0000000
11 10 8 2 0.0000000
11 10 8 3 -0.0004107
11 10 8 4 -0.0000000
11 10 8 5 -0.0000000
11 10 8 6 0.0000000
11 10 8 7 0.0009070
11 10 8 8 -0.0000000
11 10 9 0 0.0000000
11 10 9 1 -0.0000000
11 10 9 2 -0.0000000
11 10 9 3 0.0000567
11 10 9 4 0.0000000
11 10 9 5 0.0000000
11 10 9 6 -0.0000000
11 10 9 7 -0.0001100
11 10 9 8 0.0000000
11 10 9 9 -0.0000000
11 10 10 0 -0.0000048
11 10 10 1 0.0003169
11 10 10 2 0.0002035
11 10 10 3 0.0000000
11 10 10 4 -0.0014230
11 10 10 5 0.0014761
11 10 10 6 -0.0014600
11 10 10 7 0.0000000
11 10 10 8 0.0022476
11 10 10 9 -0.0000001
11 10 10 10 -0.0000000
11 10 11 0 0.0000000
11 10 11 1 0.0000000
11 10 11 2 0.0000000
11 10 11 3 -0.0017860
11 10 11 4 -0.0000000
11 10 11 5 0.0000000
11 10 11 6 -0.0000000
11 10 11 7 -0.0012015
11 10 11 8 0.0000000
11 10 11 9 -0.0000000
11 10 11 10 0.0145241
11 10 11 11 -0.0000000
11 11 0 0 0.3429027
11 11 1 0 -0.0002075
11 11 1 1 0.3417261
11 11 2 0 0.0007256
11 11 2 1 0.0150838
11 11 2 2 0.2847567
11 11 3 0 0.0000000
11 11 3 1 0.0000000
11 11 3 2 0.0000000
11 11 3 3 0.2825784
11 11 4 0 -0.0067244
11 11 4 1 -0.1470450
11 11 4 2 -0.0241366
11 11 4 3 -0.0000000
11 11 4 4 0.5204460
11 11 5 0 -0.0071032
11 11 5 1 0.0476510
11 11 5 2 0.0440365
11 11 5 3 0.0000000
11 11 5 4 -0.1081088
11 11 5 5 0.3707840
11 11 6 0 0.0058472
11 11 6 1 -0.0406059
11 11 6 2 0.0305368
11 11 6 3 0.0000000
11 11 6 4 0.1055535
11 11 6 5 -0.0756527
11 11 6 6 0.3603448
11 11 7 0 -0.0000000
11 11 7 1 0.0000000
11 11 7 2 -0.0000000
11 11 7 3 0.0526887
11 11 7 4 -0.0000000
11 11 7 5 0.0000000
11 11 7 6 -0.0000000
11 11 7 7 0.2897429
11 11 8 0 -0.0030695
11 11 8 1 0.0441034
11 11 8 2 0.0220955
11 11 8 3 0.0000000
11 11 8 4 -0.1901579
11 11 8 5 0.1797987
11 11 8 6 -0.1597672
11 11 8 7 0.0000000
11 11 8 8 0.5475611
11 11 9 0 -0.0000014
11 11 9 1 -0.0003410
11 11 9 2 -0.0507190
11 11 9 3 -0.0000000
11 11 9 4 -0.0053205
11 11 9 5 -0.0165458
11 11 9 6 -0.0205842
11 11 9 7 0.0000000
11 11 9 8 -0.0012340
11 11 9 9 0.8418913
11 11 10 0 0.0000000
11 11 10 1 0.0000000
11 11 10 2 0.0000000
11 11 10 3 -0.0510654
11 11 10 4 -0.0000000
11 11 10 5 0.0000000
11 11 10 6 -0.0000000
11 11 10 7 -0.0263090
11 11 10 8 0.0000000
11 11 10 9 -0.0000000
11 11 10 10 0.8418913
11 11 11 0 0.0032956
11 11 11 1 -0.0086500
11 11 11 2 -0.0065469
11 11 11 3 -0.0000000
11 11 11 4 0.0634254
11 11 11 5 -0.0748053
11 11 11 6 0.0668441
11 11 11 7 -0.0000000
11 11 11 8 -0.1140536
11 11 11 9 0.0000078
11 11 11 10 -0.0000000
11 11 11 11 3.5030026
12 0 0 0 -0.0060924
12 0 1 0 0.0003790
12 0 1 1 -0.0013404
12 0 2 0 -0.0000093
12 0 2 1 0.0000081
12 0 2 2 -0.0012190
12 0 3 0 -0.0000000
12 0 3 1 0.0000000
12 0 3 2 0.0000000
12 0 3 3 -0.0012248
12 0 4 0 0.0000590
12 0 4 1 -0.0000660
12 0 4 2 -0.0000259
12 0 4 3 -0.0000000
12 0 4 4 -0.0009532
12 0 5 0 0.0001947
12 0 5 1 -0.0000387
12 0 5 2 -0.0003329
12 0 5 3 0.0000000
12 0 5 4 -0.0007273
12 0 5 5 -0.0012912
12 0 6 0 -0.0001339
12 0 6 1 -0.0000275
12 0 6 2 -0.0005697
12 0 6 3 -0.0000000
12 0 6 4 0.0005349
12 0 6 5 -0.0002169
12 0 6 6 -0.0013582
12 0 7 0 0.0000000
12 0 7 1 0.0000000
12 0 7 2 0.0000000
12 0 7 3 -0.0006550
12 0 7 4 -0.0000000
12 0 7 5 0.0000000
12 0 7 6 -0.0000000
12 0 7 7 -0.0015417
12 0 8 0 -0.0003510
12 0 8 1 0.0008585
12 0 8 2 0.0000334
12 0 8 3 0.0000000
12 0 8 4 -0.0006693
12 0 8 5 0.0001927
12 0 8 6 -0.0001908
12 0 8 7 0.0000000
12 0 8 8 -0.0009585
12 0 9 0 -0.0000000
12 0 9 1 -0.0000013
12 0 9 2 -0.0001944
12 0 9 3 -0.0000000
12 0 9 4 -0.0000203
12 0 9 5 -0.0000962
12 0 9 6 -0.0001201
12 0 9 7 0.0000000
12 0 9 8 -0.0000072
12 0 9 9 0.0009512
12 0 10 0 0.0000000
12 0 10 1 0.0000000
12 0 10 2 0.0000000
12 0 10 3 -0.0001959
12 0 10 4 -0.0000000
12 0 10 5 0.0000000
12 0 10 6 -0.0000000
12 0 10 7 -0.0001536
12 0 10 8 0.0000000
12 0 10 9 0.0000000
12 0 10 10 0.0009512
12 0 11 0 0.0000071
12 0 11 1 0.0000276
12 0 11 2 0.0000025
12 0 11 3 0.0000000
12 0 11 4 -0.0000255
12 0 11 5 -0.0000085
12 0 11 6 0.0000075
12 0 11 7 -0.0000000
12 0 11 8 -0.0000129
12 0 11 9 0.0000000
12 0 11 10 -0.0000000
12 0 11 11 0.0011907
12 0 12 0 0.0000198
12 0 12 1 0.0001579
12 0 12 2 0.0000235
12 0 12 3 0.0000000
12 0 12 4 -0.0002323
12 0 12 5 0.0000745
12 0 12 6 -0.0000683
12 0 12 7 0.0000000
12 0 12 8 0.0001354
12 0 12 9 -0.0000004
12 0 12 10 0.0000000
12 0 12 11 -0.0000180
12 0 12 12 0.0013989
12 1 0 0 -0.0185079
12 1 1 0 0.0000295
12 1 1 1 -0.0139179
12 1 2 0 -0.0000557
12 1 2 1 -0.0003670
12 1 2 2 -0.0120310
12 1 3 0 -0.0000000
12 1 3 1 -0.0000000
12 1 3 2 -0.0000000
12 1 3 3 -0.0120177
12 1 4 0 0.0005016
12 1 4 1 0.0035031
12 1 4 2 0.0002583
12 1 4 3 0.0000000
12 1 4 4 -0.0145815
12 1 5 0 0.0005009
12 1 5 1 0.0007099
12 1 5 2 -0.0020969
12 1 5 3 0.0000000
12 1 5 4 -0.0027001
12 1 5 5 -0.0114259
12 1 6 0 -0.0004138
12 1 6 1 -0.0008818
12 1 6 2 -0.0031658
12 1 6 3 -0.0000000
12 1 6 4 0.0018511
12 1 6 5 -0.0013805
12 1 6 6 -0.0120591
12 1 7 0 0.0000000
12 1 7 1 0.0000000
12 1 7 2 0.0000000
12 1 7 3 -0.0038000
12 1 7 4 -0.0000000
12 1 7 5 0.0000000
12 1 7 6 -0.0000000
12 1 7 7 -0.0131429
12 1 8 0 0.0001929
12 1 8 1 0.0046390
12 1 8 2 0.0001439
12 1 8 3 0.0000000
12 1 8 4 -0.0033473
12 1 8 5 -0.0003298
12 1 8 6 0.0001398
12 1 8 7 -0.0000000
12 1 8 8 -0.0110673
12 1 9 0 -0.0000005
12 1 9 1 -0.0000185
12 1 9 2 -0.0026968
12 1 9 3 -0.0000000
12 1 9 4 -0.0002883
12 1 9 5 -0.0014311
12 1 9 6 -0.0018064
12 1 9 7 0.0000000
12 1 9 8 -0.0000930
12 1 9 9 0.0058071
12 1 10 0 0.0000000
12 1 10 1 0.0000000
12 1 10 2 0.0000000
12 1 10 3 -0.0027180
12 1 10 4 -0.0000000
12 1 10 5 0.0000000
12 1 10 6 -0.0000000
12 1 10 7 -0.0022993
12 1 10 8 0.0000000
12 1 10 9 -0.0000000
12 1 10 10 0.0058089
12 1 11 0 0.0000641
12 1 11 1 0.0002635
12 1 11 2 -0.0000313
12 1 11 3 -0.0000000
12 1 11 4 0.0002883
12 1 11 5 -0.0009586
12 1 11 6 0.0008556
12 1 11 7 -0.0000000
12 1 11 8 -0.0014684
12 1 11 9 0.0000020
12 1 11 10 -0.0000000
12 1 11 11 0.0194383
12 1 12 0 0.0001579
12 1 12 1 0.0057946
12 1 12 2 0.0010890
12 1 12 3 0.0000000
12 1 12 4 -0.0106460
12 1 12 5 0.0059536
12 1 12 6 -0.0053975
12 1 12 7 0.0000000
12 1 12 8 0.0102753
12 1 12 9 -0.0000782
12 1 12 10 0.0000000
12 1 12 11 0.0004051
12 1 12 12 0.0305737
12 2 0 0 -0.0028720
12 2 1 0 0.0000073
12 2 1 1 -0.0022720
12 2 2 0 -0.0002367
12 2 2 1 -0.0014378
12 2 2 2 -0.0023089
12 2 3 0 -0.0000000
12 2 3 1 -0.0000000
12 2 3 2 -0.0000000
12 2 3 3 -0.0012959
12 2 4 0 0.0000699
12 2 4 1 0.0007277
12 2 4 2 0.0000656
12 2 4 3 0.0000000
12 2 4 4 -0.0028517
12 2 5 0 -0.0001173
12 2 5 1 -0.0003826
12 2 5 2 0.0000777
12 2 5 3 0.0000000
12 2 5 4 0.0001772
12 2 5 5 -0.0022598
12 2 6 0 -0.0003434
12 2 6 1 -0.0005503
12 2 6 2 -0.0004497
12 2 6 3 -0.0000000
12 2 6 4 0.0004507
12 2 6 5 -0.0002028
12 2 6 6 -0.0018447
12 2 7 0 0.0000000
12 2 7 1 0.0000000
12 2 7 2 0.0000000
12 2 7 3 -0.0009650
12 2 7 4 -0.0000000
12 2 7 5 0.0000000
12 2 7 6 -0.0000000
12 2 7 7 -0.0019084
12 2 8 0 0.0000167
12 2 8 1 0.0005357
12 2 8 2 0.0002597
12 2 8 3 0.0000000
12 2 8 4 -0.0000855
12 2 8 5 0.0002976
12 2 8 6 0.0011902
12 2 8 7 -0.0000000
12 2 8 8 -0.0020821
12 2 9 0 -0.0000653
12 2 9 1 -0.0000136
12 2 9 2 -0.0002560
12 2 9 3 0.0000000
12 2 9 4 -0.0010440
12 2 9 5 0.0012640
12 2 9 6 -0.0016051
12 2 9 7 0.0000000
12 2 9 8 0.0023054
12 2 9 9 -0.0002525
12 2 10 0 0.0000000
12 2 10 1 0.0000000
12 2 10 2 0.0000000
12 2 10 3 -0.0003503
12 2 10 4 0.0000000
12 2 10 5 -0.0000000
12 2 10 6 -0.0000000
12 2 10 7 -0.0003246
12 2 10 8 -0.0000000
12 2 10 9 -0.0000000
12 2 10 10 0.0000387
12 2 11 0 0.0000102
12 2 11 1 0.0000187
12 2 11 2 -0.0000630
12 2 11 3 -0.0000000
12 2 11 4 0.0001012
12 2 11 5 -0.0002312
12 2 11 6 0.0001656
12 2 11 7 -0.0000000
12 2 11 8 -0.0003308
12 2 11 9 0.0002825
12 2 11 10 -0.0000000
12 2 11 11 0.0024113
12 2 12 0 0.0000235
12 2 12 1 0.0010890
12 2 12 2 0.0015829
12 2 12 3 0.0000000
12 2 12 4 -0.0019171
12 2 12 5 0.0018066
12 2 12 6 -0.0003710
12 2 12 7 0.0000000
12 2 12 8 0.0021277
12 2 12 9 -0.0115853
12 2 12 10 0.0000000
12 2 12 11 0.0001535
12 2 12 12 0.0047853
12 3 0 0 -0.0000000
12 3 1 0 0.0000000
12 3 1 1 -0.0000000
12 3 2 0 -0.0000000
12 3 2 1 -0.0000000
12 3 2 2 -0.0000000
12 3 3 0 -0.0002306
12 3 3 1 -0.0013618
12 3 3 2 0.0005197
12 3 3 3 -0.0000000
12 3 4 0 0.0000000
12 3 4 1 0.0000000
12 3 4 2 0.0000000
12 3 4 3 0.0000700
12 3 4 4 -0.0000000
12 3 5 0 0.0000000
12 3 5 1 0.0000000
12 3 5 2 -0.0000000
12 3 5 3 0.0000233
12 3 5 4 -0.0000000
12 3 5 5 -0.0000000
12 3 6 0 -0.0000000
12 3 6 1 -0.0000000
12 3 6 2 -0.0000000
12 3 6 3 -0.0004962
12 3 6 4 0.0000000
12 3 6 5 -0.0000000
12 3 6 6 -0.0000000
12 3 7 0 -0.0003429
12 3 7 1 -0.0006472
12 3 7 2 -0.0004069
12 3 7 3 -0.0000000
12 3 7 4 0.0004511
12 3 7 5 -0.0001883
12 3 7 6 0.0002024
12 3 7 7 -0.0000000
12 3 8 0 0.0000000
12 3 8 1 0.0000000
12 3 8 2 -0.0000000
12 3 8 3 0.0002519
12 3 8 4 -0.0000000
12 3 8 5 -0.0000000
12 3 8 6 0.0000000
12 3 8 7 0.0011283
12 3 8 8 -0.0000000
12 3 9 0 -0.0000000
12 3 9 1 -0.0000000
12 3 9 2 -0.0000000
12 3 9 3 0.0000066
12 3 9 4 -0.0000000
12 3 9 5 -0.0000000
12 3 9 6 -0.0000000
12 3 9 7 0.0000139
12 3 9 8 0.0000000
12 3 9 9 -0.0000000
12 3 10 0 -0.0000658
12 3 10 1 -0.0000117
12 3 10 2 0.0001116
12 3 10 3 -0.0000000
12 3 10 4 -0.0010120
12 3 10 5 0.0015036
12 3 10 6 -0.0013280
12 3 10 7 0.0000000
12 3 10 8 0.0023389
12 3 10 9 0.0001456
12 3 10 10 -0.0000000
12 3 11 0 0.0000000
12 3 11 1 0.0000000
12 3 11 2 -0.0000000
12 3 11 3 -0.0000526
12 3 11 4 0.0000000
12 3 11 5 -0.0000000
12 3 11 6 0.0000000
12 3 11 7 -0.0000308
12 3 11 8 -0.0000000
12 3 11 9 0.0000000
12 3 11 10 0.0002844
12 3 11 11 0.0000000
12 3 12 0 0.0000000
12 3 12 1 0.0000000
12 3 12 2 0.0000000
12 3 12 3 0.0013936
12 3 12 4 -0.0000000
12 3 12 5 0.0000000
12 3 12 6 -0.0000000
12 3 12 7 0.0009449
12 3 12 8 0.0000000
12 3 12 9 -0.0000000
12 3 12 10 -0.0116685
12 3 12 11 0.0000000
12 3 12 12 0.0000000
12 4 0 0 0.0284451
12 4 1 0 -0.0000861
12 4 1 1 0.0223009
12 4 2 0 0.0000758
12 4 2 1 0.0007279
12 4 2 2 0.0179535
12 4 3 0 0.0000000
12 4 3 1 0.0000000
12 4 3 2 0.0000000
12 4 3 3 0.0179862
12 4 4 0 -0.0009199
12 4 4 1 -0.0085190
12 4 4 2 -0.0010292
12 4 4 3 -0.0000000
12 4 4 4 0.0280241
12 4 5 0 -0.0009578
12 4 5 1 -0.0002302
12 4 5 2 0.0036106
12 4 5 3 -0.0000000
12 4 5 4 0.0018417
12 4 5 5 0.0189492
12 4 6 0 0.0007377
12 4 6 1 0.0004777
12 4 6 2 0.0047732
12 4 6 3 0.0000000
12 4 6 4 -0.0006666
12 4 6 5 0.0004926
12 4 6 6 0.0196756
12 4 7 0 -0.0000000
12 4 7 1 -0.0000000
12 4 7 2 -0.0000000
12 4 7 3 0.0059549
12 4 7 4 0.0000000
12 4 7 5 -0.0000000
12 4 7 6 0.0000000
12 4 7 7 0.0198706
12 4 8 0 -0.0003261
12 4 8 1 -0.0056309
12 4 8 2 0.0001928
12 4 8 3 -0.0000000
12 4 8 4 0.0014686
12 4 8 5 0.0037673
12 4 8 6 -0.0029617
12 4 8 7 0.0000000
12 4 8 8 0.0215511
12 4 9 0 -0.0000067
12 4 9 1 0.0000233
12 4 9 2 0.0035352
12 4 9 3 0.0000000
12 4 9 4 0.0002614
12 4 9 5 0.0022577
12 4 9 6 0.0024835
12 4 9 7 -0.0000000
12 4 9 8 0.0004022
12 4 9 9 0.0007585
12 4 10 0 -0.0000000
12 4 10 1 -0.0000000
12 4 10 2 -0.0000000
12 4 10 3 0.0035534
12 4 10 4 0.0000000
12 4 10 5 -0.0000000
12 4 10 6 0.0000000
12 4 10 7 0.0033590
12 4 10 8 0.0000000
12 4 10 9 0.0000000
12 4 10 10 0.0007901
12 4 11 0 -0.0001011
12 4 11 1 -0.0001943
12 4 11 2 0.0001030
12 4 11 3 0.0000000
12 4 11 4 -0.0010408
12 4 11 5 0.0020803
12 4 11 6 -0.0018655
12 4 11 7 0.0000000
12 4 11 8 0.0032359
12 4 11 9 0.0000295
12 4 11 10 0.0000000
12 4 11 11 -0.0240741
12 4 12 0 -0.0002323
12 4 12 1 -0.0106460
12 4 12 2 -0.0019171
12 4 12 3 -0.0000000
12 4 12 4 0.0203188
12 4 12 5 -0.0119241
12 4 12 6 0.0109459
12 4 12 7 -0.0000000
12 4 12 8 -0.0205039
12 4 12 9 -0.0012133
12 4 12 10 -0.0000000
12 4 12 11 -0.0014928
12 4 12 12 -0.0474038
12 5 0 0 -0.0088077
12 5 1 0 -0.0000200
12 5 1 1 -0.0085780
12 5 2 0 -0.0002005
12 5 2 1 -0.0011959
12 5 2 2 -0.0064739
12 5 3 0 0.0000000
12 5 3 1 -0.0000000
12 5 3 2 -0.0000000
12 5 3 3 -0.0063217
12 5 4 0 0.0002237
12 5 4 1 0.0046559
12 5 4 2 0.0008834
12 5 4 3 0.0000000
12 5 4 4 -0.0135179
12 5 5 0 0.0000841
12 5 5 1 -0.0011166
12 5 5 2 -0.0012728
12 5 5 3 0.0000000
12 5 5 4 0.0017734
12 5 5 5 -0.0078953
12 5 6 0 -0.0004196
12 5 6 1 -0.0000319
12 5 6 2 -0.0013334
12 5 6 3 -0.0000000
12 5 6 4 -0.0013829
12 5 6 5 0.0011248
12 5 6 6 -0.0079384
12 5 7 0 0.0000000
12 5 7 1 0.0000000
12 5 7 2 0.0000000
12 5 7 3 -0.0021729
12 5 7 4 0.0000000
12 5 7 5 -0.0000000
12 5 7 6 0.0000000
12 5 7 7 -0.0070941
12 5 8 0 0.0001431
12 5 8 1 0.0004352
12 5 8 2 0.0000331
12 5 8 3 -0.0000000
12 5 8 4 0.0028534
12 5 8 5 -0.0030876
12 5 8 6 0.0036011
12 5 8 7 -0.0000000
12 5 8 8 -0.0109822
12 5 9 0 -0.0000321
12 5 9 1 -0.0001564
12 5 9 2 -0.0007082
12 5 9 3 0.0000000
12 5 9 4 -0.0002300
12 5 9 5 -0.0001077
12 5 9 6 -0.0012327
12 5 9 7 0.0000000
12 5 9 8 0.0007813
12 5 9 9 -0.0084523
12 5 10 0 0.0000000
12 5 10 1 0.0000000
12 5 10 2 0.0000000
12 5 10 3 -0.0007558
12 5 10 4 -0.0000000
12 5 10 5 0.0000000
12 5 10 6 -0.0000000
12 5 10 7 -0.0010069
12 5 10 8 -0.0000000
12 5 10 9 0.0000000
12 5 10 10 -0.0088040
12 5 11 0 0.0000419
12 5 11 1 -0.0001679
12 5 11 2 -0.0001283
12 5 11 3 -0.0000000
12 5 11 4 0.0011006
12 5 11 5 -0.0014941
12 5 11 6 0.0013363
12 5 11 7 -0.0000000
12 5 11 8 -0.0023463
12 5 11 9 0.0001002
12 5 11 10 -0.0000000
12 5 11 11 0.0070366
12 5 12 0 0.0000745
12 5 12 1 0.0059536
12 5 12 2 0.0018066
12 5 12 3 0.0000000
12 5 12 4 -0.0119241
12 5 12 5 0.0079795
12 5 12 6 -0.0066528
12 5 12 7 0.0000000
12 5 12 8 0.0130996
12 5 12 9 -0.0048222
12 5 12 10 0.0000000
12 5 12 11 0.0010683
12 5 12 12 0.0208994
12 6 0 0 0.0078760
12 6 1 0 0.0000128
12 6 1 1 0.0076821
12 6 2 0 -0.0001949
12 6 2 1 -0.0004575
12 6 2 2 0.0057153
12 6 3 0 -0.0000000
12 6 3 1 -0.0000000
12 6 3 2 0.0000000
12 6 3 3 0.0057659
12 6 4 0 -0.0002384
12 6 4 1 -0.0042973
12 6 4 2 -0.0004582
12 6 4 3 -0.0000000
12 6 4 4 0.0121547
12 6 5 0 -0.0004355
12 6 5 1 0.0000441
12 6 5 2 0.0013963
12 6 5 3 -0.0000000
12 6 5 4 -0.0010460
12 6 5 5 0.0072677
12 6 6 0 -0.0000731
12 6 6 1 -0.0011131
12 6 6 2 0.0012910
12 6 6 3 0.0000000
12 6 6 4 0.0018403
12 6 6 5 -0.0008488
12 6 6 6 0.0071648
12 6 7 0 -0.0000000
12 6 7 1 -0.0000000
12 6 7 2 -0.0000000
12 6 7 3 0.0015241
12 6 7 4 -0.0000000
12 6 7 5 0.0000000
12 6 7 6 -0.0000000
12 6 7 7 0.0059962
12 6 8 0 -0.0001524
12 6 8 1 -0.0004550
12 6 8 2 0.0008686
12 6 8 3 0.0000000
12 6 8 4 -0.0023701
12 6 8 5 0.0036316
12 6 8 6 -0.0020334
12 6 8 7 0.0000000
12 6 8 8 0.0099214
12 6 9 0 -0.0000399
12 6 9 1 -0.0001846
12 6 9 2 0.0007329
12 6 9 3 0.0000000
12 6 9 4 -0.0001174
12 6 9 5 0.0012167
12 6 9 6 0.0001531
12 6 9 7 0.0000000
12 6 9 8 0.0010750
12 6 9 9 0.0077122
12 6 10 0 -0.0000000
12 6 10 1 -0.0000000
12 6 10 2 -0.0000000
12 6 10 3 0.0006878
12 6 10 4 -0.0000000
12 6 10 5 0.0000000
12 6 10 6 0.0000000
12 6 10 7 0.0009063
12 6 10 8 0.0000000
12 6 10 9 -0.0000000
12 6 10 10 0.0072711
12 6 11 0 -0.0000383
12 6 11 1 0.0001466
12 6 11 2 0.0000835
12 6 11 3 0.0000000
12 6 11 4 -0.0009929
12 6 11 5 0.0013473
12 6 11 6 -0.0012108
12 6 11 7 0.0000000
12 6 11 8 0.0021184
12 6 11 9 0.0001246
12 6 11 10 0.0000000
12 6 11 11 -0.0068291
12 6 12 0 -0.0000683
12 6 12 1 -0.0053975
12 6 12 2 -0.0003710
12 6 12 3 -0.0000000
12 6 12 4 0.0109459
12 6 12 5 -0.0066528
12 6 12 6 0.0067401
12 6 12 7 -0.0000000
12 6 12 8 -0.0118267
12 6 12 9 -0.0060084
12 6 12 10 -0.0000000
12 6 12 11 -0.0009328
12 6 12 12 -0.0192739
12 7 0 0 -0.0000000
12 7 1 0 -0.0000000
12 7 1 1 -0.0000000
12 7 2 0 0.0000000
12 7 2 1 0.0000000
12 7 2 2 -0.0000000
12 7 3 0 -0.0002817
12 7 3 1 -0.0011443
12 7 3 2 0.0000302
12 7 3 3 -0.0000000
12 7 4 0 0.0000000
12 7 4 1 0.0000000
12 7 4 2 0.0000000
12 7 4 3 0.0002605
12 7 4 4 -0.0000000
12 7 5 0 0.0000000
12 7 5 1 -0.0000000
12 7 5 2 -0.0000000
12 7 5 3 -0.0001155
12 7 5 4 0.0000000
12 7 5 5 -0.0000000
12 7 6 0 -0.0000000
12 7 6 1 0.0000000
12 7 6 2 -0.0000000
12 7 6 3 -0.0003162
12 7 6 4 -0.0000000
12 7 6 5 0.0000000
12 7 6 6 -0.0000000
12 7 7 0 -0.0004287
12 7 7 1 -0.0011122
12 7 7 2 -0.0003395
12 7 7 3 -0.0000000
12 7 7 4 0.0005511
12 7 7 5 -0.0001501
12 7 7 6 -0.0003078
12 7 7 7 -0.0000000
12 7 8 0 0.0000000
12 7 8 1 0.0000000
12 7 8 2 -0.0000000
12 7 8 3 0.0006570
12 7 8 4 0.0000000
12 7 8 5 -0.0000000
12 7 8 6 0.0000000
12 7 8 7 0.0010689
12 7 8 8 -0.0000000
12 7 9 0 0.0000000
12 7 9 1 0.0000000
12 7 9 2 -0.0000000
12 7 9 3 -0.0000196
12 7 9 4 0.0000000
12 7 9 5 -0.0000000
12 7 9 6 -0.0000000
12 7 9 7 -0.0000137
12 7 9 8 -0.0000000
12 7 9 9 -0.0000000
12 7 10 0 -0.0000511
12 7 10 1 -0.0002430
12 7 10 2 0.0000069
12 7 10 3 -0.0000000
12 7 10 4 -0.0002459
12 7 10 5 0.0008049
12 7 10 6 -0.0007414
12 7 10 7 -0.0000000
12 7 10 8 0.0013174
12 7 10 9 -0.0002828
12 7 10 10 -0.0000000
12 7 11 0 0.0000000
12 7 11 1 -0.0000000
12 7 11 2 -0.0000000
12 7 11 3 -0.0000238
12 7 11 4 0.0000000
12 7 11 5 -0.0000000
12 7 11 6 0.0000000
12 7 11 7 -0.0000032
12 7 11 8 -0.0000000
12 7 11 9 -0.0000000
12 7 11 10 0.0001593
12 7 11 11 0.0000000
12 7 12 0 0.0000000
12 7 12 1 0.0000000
12 7 12 2 0.0000000
12 7 12 3 0.0009449
12 7 12 4 -0.0000000
12 7 12 5 0.0000000
12 7 12 6 -0.0000000
12 7 12 7 0.0006772
12 7 12 8 0.0000000
12 7 12 9 0.0000000
12 7 12 10 -0.0076831
12 7 12 11 0.0000000
12 7 12 12 0.0000000
12 8 0 0 -0.0127796
12 8 1 0 0.0000071
12 8 1 1 -0.0131497
12 8 2 0 -0.0000501
12 8 2 1 -0.0007440
12 8 2 2 -0.0101460
12 8 3 0 -0.0000000
12 8 3 1 -0.0000000
12 8 3 2 -0.0000000
12 8 3 3 -0.0100476
12 8 4 0 0.0003405
12 8 4 1 0.0067313
12 8 4 2 0.0010415
12 8 4 3 0.0000000
12 8 4 4 -0.0201953
12 8 5 0 0.0003650
12 8 5 1 -0.0007022
12 8 5 2 -0.0017030
12 8 5 3 0.0000000
12 8 5 4 0.0021608
12 8 5 5 -0.0120524
12 8 6 0 -0.0003283
12 8 6 1 0.0004526
12 8 6 2 -0.0016289
12 8 6 3 -0.0000000
12 8 6 4 -0.0022500
12 8 6 5 0.0014189
12 8 6 6 -0.0120117
12 8 7 0 0.0000000
12 8 7 1 -0.0000000
12 8 7 2 0.0000000
12 8 7 3 -0.0023958
12 8 7 4 0.0000000
12 8 7 5 -0.0000000
12 8 7 6 0.0000000
12 8 7 7 -0.0106414
12 8 8 0 0.0001865
12 8 8 1 0.0005558
12 8 8 2 -0.0004597
12 8 8 3 -0.0000000
12 8 8 4 0.0036036
12 8 8 5 -0.0045324
12 8 8 6 0.0040169
12 8 8 7 -0.0000000
12 8 8 8 -0.0159057
12 8 9 0 -0.0000025
12 8 9 1 -0.0000229
12 8 9 2 -0.0016446
12 8 9 3 -0.0000000
12 8 9 4 -0.0001824
12 8 9 5 -0.0011118
12 8 9 6 -0.0014700
12 8 9 7 0.0000000
12 8 9 8 -0.0000252
12 8 9 9 -0.0098174
12 8 10 0 0.0000000
12 8 10 1 0.0000000
12 8 10 2 0.0000000
12 8 10 3 -0.0016613
12 8 10 4 -0.0000000
12 8 10 5 0.0000000
12 8 10 6 -0.0000000
12 8 10 7 -0.0018387
12 8 10 8 0.0000000
12 8 10 9 0.0000000
12 8 10 10 -0.0098446
12 8 11 0 0.0000746
12 8 11 1 -0.0002151
12 8 11 2 -0.0001841
12 8 11 3 -0.0000000
12 8 11 4 0.0017756
12 8 11 5 -0.0024918
12 8 11 6 0.0022314
12 8 11 7 -0.0000000
12 8 11 8 -0.0038909
12 8 11 9 0.0000076
12 8 11 10 -0.0000000
12 8 11 11 0.0189093
12 8 12 0 0.0001354
12 8 12 1 0.0102753
12 8 12 2 0.0021277
12 8 12 3 0.0000000
12 8 12 4 -0.0205039
12 8 12 5 0.0130996
12 8 12 6 -0.0118267
12 8 12 7 0.0000000
12 8 12 8 0.0222828
12 8 12 9 -0.0003614
12 8 12 10 0.0000000
12 8 12 11 0.0012530
12 8 12 12 0.0405730
12 9 0 0 -0.0000004
12 9 1 0 -0.0000089
12 9 1 1 -0.0001837
12 9 2 0 -0.0012320
12 9 2 1 -0.0137165
12 9 2 2 -0.0044927
12 9 3 0 -0.0000000
12 9 3 1 -0.0000000
12 9 3 2 -0.0000000
12 9 3 3 0.0045600
12 9 4 0 -0.0001275
12 9 4 1 -0.0014355
12 9 4 2 0.0000789
12 9 4 3 0.0000000
12 9 4 4 0.0000442
12 9 5 0 -0.0010800
12 9 5 1 -0.0034070
12 9 5 2 0.0081553
12 9 5 3 0.0000000
12 9 5 4 0.0055778
12 9 5 5 -0.0036814
12 9 6 0 -0.0013493
12 9 6 1 -0.0043051
12 9 6 2 -0.0013649
12 9 6 3 -0.0000000
12 9 6 4 0.0057536
12 9 6 5 -0.0019677
12 9 6 6 0.0009060
12 9 7 0 0.0000000
12 9 7 1 0.0000000
12 9 7 2 0.0000000
12 9 7 3 -0.0049087
12 9 7 4 -0.0000000
12 9 7 5 0.0000000
12 9 7 6 0.0000000
12 9 7 7 0.0018724
12 9 8 0 -0.0000817
12 9 8 1 -0.0002369
12 9 8 2 0.0024622
12 9 8 3 0.0000000
12 9 8 4 0.0006062
12 9 8 5 0.0062212
12 9 8 6 0.0079967
12 9 8 7 -0.0000000
12 9 8 8 0.0009731
12 9 9 0 0.0004150
12 9 9 1 -0.0099475
12 9 9 2 -0.0030288
12 9 9 3 -0.0000000
12 9 9 4 0.0241592
12 9 9 5 -0.0184653
12 9 9 6 0.0180993
12 9 9 7 -0.0000000
12 9 9 8 -0.0312695
12 9 9 9 0.0000007
12 9 10 0 0.0000000
12 9 10 1 -0.0000000
12 9 10 2 -0.0000000
12 9 10 3 0.0005594
12 9 10 4 0.0000000
12 9 10 5 0.0000000
12 9 10 6 -0.0000000
12 9 10 7 -0.0010861
12 9 10 8 0.0000000
12 9 10 9 -0.0000000
12 9 10 10 -0.0000001
12 9 11 0 0.0000000
12 9 11 1 0.0000052
12 9 11 2 0.0007643
12 9 11 3 0.0000000
12 9 11 4 0.0000799
12 9 11 5 0.0003371
12 9 11 6 0.0004200
12 9 11 7 -0.0000000
12 9 11 8 0.0000255
12 9 11 9 -0.0001295
12 9 11 10 -0.0000000
12 9 11 11 -0.0000013
12 9 12 0 -0.0000004
12 9 12 1 -0.0000782
12 9 12 2 -0.0115853
12 9 12 3 -0.0000000
12 9 12 4 -0.0012133
12 9 12 5 -0.0048222
12 9 12 6 -0.0060084
12 9 12 7 0.0000000
12 9 12 8 -0.0003614
12 9 12 9 0.1160615
12 9 12 10 -0.0000000
12 9 12 11 -0.0000002
12 9 12 12 -0.0000008
12 10 0 0 0.0000000
12 10 1 0 0.0000000
12 10 1 1 0.0000000
12 10 2 0 0.0000000
12 10 2 1 0.0000000
12 10 2 2 -0.0000000
12 10 3 0 -0.0012431
12 10 3 1 -0.0137489
12 10 3 2 0.0045649
12 10 3 3 0.0000000
12 10 4 0 -0.0000000
12 10 4 1 -0.0000000
12 10 4 2 0.0000000
12 10 4 3 0.0010704
12 10 4 4 0.0000000
12 10 5 0 0.0000000
12 10 5 1 0.0000000
12 10 5 2 0.0000000
12 10 5 3 0.0025656
12 10 5 4 -0.0000000
12 10 5 5 0.0000000
12 10 6 0 -0.0000000
12 10 6 1 -0.0000000
12 10 6 2 -0.0000000
12 10 6 3 -0.0084433
12 10 6 4 0.0000000
12 10 6 5 -0.0000000
12 10 6 6 0.0000000
12 10 7 0 -0.0017272
12 10 7 1 -0.0055235
12 10 7 2 -0.0056290
12 10 7 3 0.0000000
12 10 7 4 0.0069577
12 10 7 5 -0.0012566
12 10 7 6 0.0027692
12 10 7 7 -0.0000000
12 10 8 0 0.0000000
12 10 8 1 0.0000000
12 10 8 2 0.0000000
12 10 8 3 0.0020623
12 10 8 4 0.0000000
12 10 8 5 -0.0000000
12 10 8 6 0.0000000
12 10 8 7 0.0103424
12 10 8 8 -0.0000000
12 10 9 0 0.0000000
12 10 9 1 -0.0000000
12 10 9 2 -0.0000000
12 10 9 3 0.0005594
12 10 9 4 0.0000000
12 10 9 5 0.0000000
12 10 9 6 -0.0000000
12 10 9 7 -0.0010861
12 10 9 8 0.0000000
12 10 9 9 0.0000000
12 10 10 0 0.0004150
12 10 10 1 -0.0099407
12 10 10 2 -0.0019109
12 10 10 3 -0.0000000
12 10 10 4 0.0242805
12 10 10 5 -0.0198159
12 10 10 6 0.0164050
12 10 10 7 -0.0000000
12 10 10 8 -0.0313738
12 10 10 9 0.0000004
12 10 10 10 -0.0000000
12 10 11 0 -0.0000000
12 10 11 1 -0.0000000
12 10 11 2 -0.0000000
12 10 11 3 0.0007699
12 10 11 4 0.0000000
12 10 11 5 -0.0000000
12 10 11 6 0.0000000
12 10 11 7 0.0005372
12 10 11 8 -0.0000000
12 10 11 9 -0.0000000
12 10 11 10 -0.0001295
12 10 11 11 0.0000000
12 10 12 0 0.0000000
12 10 12 1 0.0000000
12 10 12 2 0.0000000
12 10 12 3 -0.0116685
12 10 12 4 -0.0000000
12 10 12 5 0.0000000
12 10 12 6 -0.0000000
12 10 12 7 -0.0076831
12 10 12 8 0.0000000
12 10 12 9 -0.0000000
12 10 12 10 0.1160615
12 10 12 11 0.0000000
12 10 12 12 0.0000000
12 11 0 0 -0.0131489
12 11 1 0 0.0000330
12 11 1 1 -0.0132192
12 11 2 0 -0.0000480
12 11 2 1 -0.0011362
12 11 2 2 -0.0089244
12 11 3 0 -0.0000000
12 11 3 1 -0.0000000
12 11 3 2 -0.0000000
12 11 3 3 -0.0087326
12 11 4 0 0.0004434
12 11 4 1 0.0110889
12 11 4 2 0.0020570
12 11 4 3 0.0000000
12 11 4 4 -0.0289450
12 11 5 0 0.0005237
12 11 5 1 -0.0043520
12 11 5 2 -0.0031498
12 11 5 3 -0.0000000
12 11 5 4 0.0099823
12 11 5 5 -0.0172988
12 11 6 0 -0.0004330
12 11 6 1 0.0037504
12 11 6 2 -0.0016986
12 11 6 3 -0.0000000
12 11 6 4 -0.0095155
12 11 6 5 0.0072989
12 11 6 6 -0.0161037
12 11 7 0 0.0000000
12 11 7 1 -0.0000000
12 11 7 2 0.0000000
12 11 7 3 -0.0034044
12 11 7 4 0.0000000
12 11 7 5 -0.0000000
12 11 7 6 0.0000000
12 11 7 7 -0.0093774
12 11 8 0 0.0002563
12 11 8 1 -0.0045955
12 11 8 2 -0.0019158
12 11 8 3 -0.0000000
12 11 8 4 0.0170656
12 11 8 5 -0.0158698
12 11 8 6 0.0141425
12 11 8 7 -0.0000000
12 11 8 8 -0.0327974
12 11 9 0 0.0000001
12 11 9 1 0.0000277
12 11 9 2 0.0041161
12 11 9 3 0.0000000
12 11 9 4 0.0004318
12 11 9 5 0.0013095
12 11 9 6 0.0016287
12 11 9 7 -0.0000000
12 11 9 8 0.0000977
12 11 9 9 -0.0498535
12 11 10 0 -0.0000000
12 11 10 1 -0.0000000
12 11 10 2 -0.0000000
12 11 10 3 0.0041441
12 11 10 4 0.0000000
12 11 10 5 -0.0000000
12 11 10 6 0.0000000
12 11 10 7 0.0020817
12 11 10 8 -0.0000000
12 11 10 9 0.0000000
12 11 10 10 -0.0498535
12 11 11 0 -0.0003315
12 11 11 1 0.0021589
12 11 11 2 0.0009502
12 11 11 3 0.0000000
12 11 11 4 -0.0092455
12 11 11 5 0.0096881
12 11 11 6 -0.0086789
12 11 11 7 0.0000000
12 11 11 8 0.0150901
12 11 11 9 -0.0000010
12 11 11 10 0.0000000
12 11 11 11 -0.3628151
12 11 12 0 -0.0000180
12 11 12 1 0.0004051
12 11 12 2 0.0001535
12 11 12 3 0.0000000
12 11 12 4 -0.0014928
12 11 12 5 0.0010683
12 11 12 6 -0.0009328
12 11 12 7 0.0000000
12 11 12 8 0.0012530
12 11 12 9 -0.0000002
12 11 12 10 0.0000000
12 11 12 11 0.0525107
12 11 12 12 -0.0397102
12 12 0 0 0.2722821
12 12 1 0 0.0000021
12 12 1 1 0.2719157
12 12 2 0 0.0004691
12 12 2 1 0.0091025
12 12 2 2 0.2379871
12 12 3 0 0.0000000
12 12 3 1 0.0000000
12 12 3 2 0.0000000
12 12 3 3 0.2368351
12 12 4 0 -0.0043607
12 12 4 1 -0.0886441
12 12 4 2 -0.0131547
12 12 4 3 -0.0000000
12 12 4 4 0.3668455
12 12 5 0 -0.0042035
12 12 5 1 0.0250824
12 12 5 2 0.0274705
12 12 5 3 0.0000000
12 12 5 4 -0.0555152
12 12 5 5 0.2787643
12 12 6 0 0.0034467
12 12 6 1 -0.0212047
12 12 6 2 0.0216229
12 12 6 3 0.0000000
12 12 6 4 0.0554447
12 12 6 5 -0.0366671
12 12 6 6 0.2747635
12 12 7 0 -0.0000000
12 12 7 1 0.0000000
12 12 7 2 -0.0000000
12 12 7 3 0.0347980
12 12 7 4 -0.0000000
12 12 7 5 0.0000000
12 12 7 6 -0.0000000
12 12 7 7 0.2400637
12 12 8 0 -0.0016060
12 12 8 1 0.0210496
12 12 8 2 0.0120320
12 12 8 3 0.0000000
12 12 8 4 -0.1005743
12 12 8 5 0.0954225
12 12 8 6 -0.0845953
12 12 8 7 0.0000000
12 12 8 8 0.3736620
12 12 9 0 -0.0000010
12 12 9 1 -0.0002290
12 12 9 2 -0.0340509
12 12 9 3 -0.0000000
12 12 9 4 -0.0035709
12 12 9 5 -0.0118213
12 12 9 6 -0.0147133
12 12 9 7 0.0000000
12 12 9 8 -0.0008825
12 12 9 9 0.6206838
12 12 10 0 0.0000000
12 12 10 1 0.0000000
12 12 10 2 0.0000000
12 12 10 3 -0.0342863
12 12 10 4 -0.0000000
12 12 10 5 0.0000000
12 12 10 6 -0.0000000
12 12 10 7 -0.0188076
12 12 10 8 0.0000000
12 12 10 9 -0.0000000
12 12 10 10 0.6206838
12 12 11 0 0.0006505
12 12 11 1 0.0026687
12 12 11 2 -0.0002486
12 12 11 3 -0.0000000
12 12 11 4 0.0022797
12 12 11 5 -0.0071464
12 12 11 6 0.0063360
12 12 11 7 -0.0000000
12 12 11 8 -0.0102181
12 12 11 9 0.0000007
12 12 11 10 -0.0000000
12 12 11 11 0.8534747
12 12 12 0 0.0013989
12 12 12 1 0.0305737
12 12 12 2 0.0047853
12 12 12 3 0.0000000
12 12 12 4 -0.0474038
12 12 12 5 0.0208994
12 12 12 6 -0.0192739
12 12 12 7 0.0000000
12 12 12 8 0.0405730
12 12 12 9 -0.0000008
12 12 12 10 0.0000000
12 12 12 11 -0.0397102
12 12 12 12 0.7224718
