NMONOMER	1
NELEC	8
ENUC	8.148059
NBASIS	8
HOMO	2
LUMO	2
ENT	5
HF_ENERGY	-36.059067
ENERGIES
-11.065675
-0.803706
-0.585500
-0.543065
0.648407
0.675167
0.721520
1000000.503517

OEI
-18.472021	
0.257154	-4.485372	
-0.000000	0.000000	-4.152474	
-0.013728	0.019362	0.000000	-4.099313	
-0.000000	-0.000000	-0.801808	-0.000000	-3.544292	
-0.072544	0.242080	-0.000000	0.768761	0.000000	-3.535547	
-0.301045	0.895903	-0.000000	-0.222153	0.000000	-0.006161	-3.441307	
-0.159935	-0.149601	-0.000000	0.006199	-0.000000	0.001867	0.002009	999996.062209	

ENV_OEI
-4.859808	
0.497310	-0.311621	
-0.000000	-0.000000	-0.260647	
-0.027968	-0.004764	0.000000	-0.216252	
-0.000000	-0.000000	-0.161549	-0.000000	-0.316400	
-0.149635	0.052221	-0.000000	0.145798	0.000000	-0.300731	
-0.629755	0.228260	-0.000000	-0.055599	0.000000	-0.031885	-0.362986	
-0.307014	0.014551	0.000000	0.008940	0.000000	-0.007867	-0.038105	-0.417261	

OVERLAP
1.000000	
0.248362	1.000000	
0.061767	0.488736	1.000000	
0.061767	0.488736	0.167856	1.000000	
0.061767	0.488736	0.167856	0.167856	1.000000	
0.000000	0.000000	-0.155576	-0.155576	-0.155576	1.000000	
0.000000	0.000000	0.380474	0.000000	-0.380474	0.000000	1.000000	
0.000000	0.000000	-0.219667	0.439334	-0.219667	0.000000	0.000000	1.000000	

MOCOEFF
-0.996671	-0.016877	0.006554	0.006463	0.006554	0.027079	-0.000000	0.000121	
0.173884	-0.453947	-0.263754	-0.222507	-0.263754	0.380801	-0.000000	0.017518	
-0.000000	0.000000	-0.411867	0.000000	0.411867	-0.000000	-0.589865	0.000000	
-0.009755	0.034132	-0.238414	0.485726	-0.238414	-0.021699	0.000000	0.580949	
-0.000000	0.000000	0.867074	-0.000000	-0.867074	-0.000000	-1.088861	0.000000	
-0.052190	0.321997	-0.652782	0.802856	-0.652782	-0.119035	-0.000000	-1.066541	
-0.219289	1.373831	-0.614374	-0.959908	-0.614374	-0.501485	0.000000	0.241331	
-0.117784	0.542251	-0.000000	-0.000000	-0.000000	0.850774	-0.000000	0.000000	

ERI
0 0 0 0 3.5237670
1 0 0 0 -0.2299998
1 0 1 0 0.0275513
1 0 1 1 0.0030424
1 1 0 0 0.6835468
1 1 1 0 0.0030424
1 1 1 1 0.5620152
2 0 0 0 0.0000000
2 0 1 0 -0.0000000
2 0 1 1 0.0000000
2 0 2 0 0.0087657
2 0 2 1 0.0119076
2 0 2 2 -0.0000000
2 1 0 0 -0.0000000
2 1 1 0 0.0000000
2 1 1 1 0.0000000
2 1 2 0 0.0119076
2 1 2 1 0.1179244
2 1 2 2 0.0000000
2 2 0 0 0.6418691
2 2 1 0 -0.0016490
2 2 1 1 0.5066930
2 2 2 0 -0.0000000
2 2 2 1 0.0000000
2 2 2 2 0.5392861
3 0 0 0 0.0128080
3 0 1 0 -0.0012547
3 0 1 1 0.0007486
3 0 2 0 -0.0000000
3 0 2 1 -0.0000000
3 0 2 2 0.0028665
3 0 3 0 0.0086364
3 0 3 1 0.0114273
3 0 3 2 -0.0000000
3 0 3 3 -0.0038212
3 1 0 0 -0.0065382
3 1 1 0 0.0002335
3 1 1 1 0.0054516
3 1 2 0 -0.0000000
3 1 2 1 0.0000000
3 1 2 2 0.0465910
3 1 3 0 0.0114273
3 1 3 1 0.1077290
3 1 3 2 -0.0000000
3 1 3 3 -0.0587590
3 2 0 0 -0.0000000
3 2 1 0 0.0000000
3 2 1 1 0.0000000
3 2 2 0 0.0022553
3 2 2 1 0.0474152
3 2 2 2 -0.0000000
3 2 3 0 -0.0000000
3 2 3 1 -0.0000000
3 2 3 2 0.0397575
3 2 3 3 0.0000000
3 3 0 0 0.6383505
3 3 1 0 -0.0017817
3 3 1 1 0.4961881
3 3 2 0 -0.0000000
3 3 2 1 -0.0000000
3 3 2 2 0.4485057
3 3 3 0 -0.0038212
3 3 3 1 -0.0587590
3 3 3 2 0.0000000
3 3 3 3 0.5462830
4 0 0 0 0.0000000
4 0 1 0 -0.0000000
4 0 1 1 0.0000000
4 0 2 0 0.0130059
4 0 2 1 0.0160886
4 0 2 2 -0.0000000
4 0 3 0 0.0000000
4 0 3 1 0.0000000
4 0 3 2 0.0027743
4 0 3 3 -0.0000000
4 0 4 0 0.0194042
4 0 4 1 0.0084856
4 0 4 2 -0.0000000
4 0 4 3 -0.0046069
4 0 4 4 -0.0000000
4 1 0 0 0.0000000
4 1 1 0 0.0000000
4 1 1 1 -0.0000000
4 1 2 0 0.0061367
4 1 2 1 -0.0147046
4 1 2 2 -0.0000000
4 1 3 0 0.0000000
4 1 3 1 -0.0000000
4 1 3 2 -0.0270183
4 1 3 3 0.0000000
4 1 4 0 0.0084856
4 1 4 1 0.0449135
4 1 4 2 0.0000000
4 1 4 3 0.0149143
4 1 4 4 -0.0000000
4 2 0 0 0.2522024
4 2 1 0 -0.0058864
4 2 1 1 0.0471957
4 2 2 0 -0.0000000
4 2 2 1 -0.0000000
4 2 2 2 0.0386532
4 2 3 0 -0.0023559
4 2 3 1 -0.0477134
4 2 3 2 0.0000000
4 2 3 3 0.0741326
4 2 4 0 -0.0000000
4 2 4 1 0.0000000
4 2 4 2 0.1214107
4 2 4 3 0.0000000
4 2 4 4 0.0490715
4 3 0 0 0.0000000
4 3 1 0 -0.0000000
4 3 1 1 0.0000000
4 3 2 0 -0.0030879
4 3 2 1 -0.0491284
4 3 2 2 0.0000000
4 3 3 0 0.0000000
4 3 3 1 0.0000000
4 3 3 2 -0.0143946
4 3 3 3 0.0000000
4 3 4 0 -0.0046069
4 3 4 1 0.0149143
4 3 4 2 0.0000000
4 3 4 3 0.0356857
4 3 4 4 0.0000000
4 4 0 0 0.7220749
4 4 1 0 -0.0065347
4 4 1 1 0.4977539
4 4 2 0 -0.0000000
4 4 2 1 0.0000000
4 4 2 2 0.5303018
4 4 3 0 0.0000599
4 4 3 1 0.0317298
4 4 3 2 -0.0000000
4 4 3 3 0.4569258
4 4 4 0 -0.0000000
4 4 4 1 -0.0000000
4 4 4 2 0.0490715
4 4 4 3 0.0000000
4 4 4 4 0.5512302
5 0 0 0 0.0682119
5 0 1 0 -0.0085330
5 0 1 1 -0.0016470
5 0 2 0 0.0000000
5 0 2 1 0.0000000
5 0 2 2 -0.0028914
5 0 3 0 -0.0121461
5 0 3 1 -0.0153032
5 0 3 2 0.0000000
5 0 3 3 0.0055094
5 0 4 0 -0.0000000
5 0 4 1 -0.0000000
5 0 4 2 0.0055426
5 0 4 3 -0.0000000
5 0 4 4 0.0025047
5 0 5 0 0.0210713
5 0 5 1 0.0084887
5 0 5 2 0.0000000
5 0 5 3 0.0035779
5 0 5 4 0.0000000
5 0 5 5 -0.0063608
5 1 0 0 -0.0731232
5 1 1 0 0.0001363
5 1 1 1 -0.0252800
5 1 2 0 0.0000000
5 1 2 1 0.0000000
5 1 2 2 0.0078659
5 1 3 0 -0.0063010
5 1 3 1 0.0079371
5 1 3 2 -0.0000000
5 1 3 3 -0.0405085
5 1 4 0 -0.0000000
5 1 4 1 -0.0000000
5 1 4 2 -0.0324983
5 1 4 3 0.0000000
5 1 4 4 0.0131845
5 1 5 0 0.0084887
5 1 5 1 0.0470343
5 1 5 2 -0.0000000
5 1 5 3 0.0148128
5 1 5 4 0.0000000
5 1 5 5 -0.0389058
5 2 0 0 0.0000000
5 2 1 0 -0.0000000
5 2 1 1 0.0000000
5 2 2 0 0.0012646
5 2 2 1 0.0520001
5 2 2 2 -0.0000000
5 2 3 0 -0.0000000
5 2 3 1 -0.0000000
5 2 3 2 0.0203424
5 2 3 3 0.0000000
5 2 4 0 0.0021149
5 2 4 1 -0.0258205
5 2 4 2 0.0000000
5 2 4 3 -0.0364456
5 2 4 4 0.0000000
5 2 5 0 0.0000000
5 2 5 1 -0.0000000
5 2 5 2 0.0463623
5 2 5 3 -0.0000000
5 2 5 4 -0.0331470
5 2 5 5 -0.0000000
5 3 0 0 -0.2419088
5 3 1 0 0.0054866
5 3 1 1 -0.0524498
5 3 2 0 -0.0000000
5 3 2 1 -0.0000000
5 3 2 2 -0.0628175
5 3 3 0 -0.0037913
5 3 3 1 -0.0381989
5 3 3 2 0.0000000
5 3 3 3 -0.0382755
5 3 4 0 -0.0000000
5 3 4 1 0.0000000
5 3 4 2 -0.0564320
5 3 4 3 -0.0000000
5 3 4 4 -0.0675770
5 3 5 0 0.0035779
5 3 5 1 0.0148128
5 3 5 2 -0.0000000
5 3 5 3 0.1051654
5 3 5 4 0.0000000
5 3 5 5 -0.0736803
5 4 0 0 -0.0000000
5 4 1 0 0.0000000
5 4 1 1 -0.0000000
5 4 2 0 -0.0023967
5 4 2 1 -0.0576263
5 4 2 2 0.0000000
5 4 3 0 -0.0000000
5 4 3 1 0.0000000
5 4 3 2 -0.0429109
5 4 3 3 -0.0000000
5 4 4 0 -0.0030501
5 4 4 1 0.0365773
5 4 4 2 -0.0000000
5 4 4 3 0.0243516
5 4 4 4 -0.0000000
5 4 5 0 0.0000000
5 4 5 1 0.0000000
5 4 5 2 -0.0331470
5 4 5 3 0.0000000
5 4 5 4 0.0592616
5 4 5 5 0.0000000
5 5 0 0 0.7271914
5 5 1 0 -0.0061671
5 5 1 1 0.4983535
5 5 2 0 0.0000000
5 5 2 1 -0.0000000
5 5 2 2 0.4838916
5 5 3 0 0.0059282
5 5 3 1 0.0113922
5 5 3 2 -0.0000000
5 5 3 3 0.5057371
5 5 4 0 0.0000000
5 5 4 1 0.0000000
5 5 4 2 0.0548157
5 5 4 3 0.0000000
5 5 4 4 0.4921842
5 5 5 0 -0.0063608
5 5 5 1 -0.0389058
5 5 5 2 -0.0000000
5 5 5 3 -0.0736803
5 5 5 4 0.0000000
5 5 5 5 0.5371571
6 0 0 0 0.2860395
6 0 1 0 -0.0339881
6 0 1 1 -0.0015897
6 0 2 0 0.0000000
6 0 2 1 -0.0000000
6 0 2 2 0.0030464
6 0 3 0 0.0047330
6 0 3 1 0.0035407
6 0 3 2 -0.0000000
6 0 3 3 0.0010639
6 0 4 0 0.0000000
6 0 4 1 0.0000000
6 0 4 2 0.0055481
6 0 4 3 0.0000000
6 0 4 4 0.0072096
6 0 5 0 0.0058906
6 0 5 1 -0.0025778
6 0 5 2 0.0000000
6 0 5 3 -0.0073516
6 0 5 4 -0.0000000
6 0 5 5 0.0090623
6 0 6 0 0.0432811
6 0 6 1 -0.0014412
6 0 6 2 0.0000000
6 0 6 3 0.0001167
6 0 6 4 0.0000000
6 0 6 5 0.0021629
6 0 6 6 0.0008029
6 1 0 0 -0.2685317
6 1 1 0 0.0007288
6 1 1 1 -0.1026194
6 1 2 0 -0.0000000
6 1 2 1 0.0000000
6 1 2 2 -0.0648463
6 1 3 0 0.0011342
6 1 3 1 0.0023723
6 1 3 2 0.0000000
6 1 3 3 -0.0549824
6 1 4 0 -0.0000000
6 1 4 1 -0.0000000
6 1 4 2 -0.0674696
6 1 4 3 -0.0000000
6 1 4 4 -0.0668268
6 1 5 0 -0.0020734
6 1 5 1 0.0184971
6 1 5 2 -0.0000000
6 1 5 3 0.0669995
6 1 5 4 -0.0000000
6 1 5 5 -0.0601041
6 1 6 0 -0.0014412
6 1 6 1 0.0984925
6 1 6 2 0.0000000
6 1 6 3 -0.0280590
6 1 6 4 -0.0000000
6 1 6 5 -0.0094233
6 1 6 6 -0.0798559
6 2 0 0 0.0000000
6 2 1 0 -0.0000000
6 2 1 1 0.0000000
6 2 2 0 -0.0060488
6 2 2 1 0.0153087
6 2 2 2 0.0000000
6 2 3 0 0.0000000
6 2 3 1 0.0000000
6 2 3 2 0.0248625
6 2 3 3 -0.0000000
6 2 4 0 -0.0083009
6 2 4 1 -0.0410014
6 2 4 2 -0.0000000
6 2 4 3 -0.0155194
6 2 4 4 0.0000000
6 2 5 0 -0.0000000
6 2 5 1 -0.0000000
6 2 5 2 0.0255971
6 2 5 3 -0.0000000
6 2 5 4 -0.0358543
6 2 5 5 -0.0000000
6 2 6 0 0.0000000
6 2 6 1 0.0000000
6 2 6 2 0.0406256
6 2 6 3 0.0000000
6 2 6 4 -0.0153808
6 2 6 5 0.0000000
6 2 6 6 0.0000000
6 3 0 0 0.0691385
6 3 1 0 -0.0014840
6 3 1 1 0.0201029
6 3 2 0 0.0000000
6 3 2 1 0.0000000
6 3 2 2 0.0485012
6 3 3 0 -0.0046440
6 3 3 1 0.0352419
6 3 3 2 -0.0000000
6 3 3 3 -0.0213639
6 3 4 0 0.0000000
6 3 4 1 -0.0000000
6 3 4 2 -0.0099422
6 3 4 3 0.0000000
6 3 4 4 0.0563654
6 3 5 0 0.0066404
6 3 5 1 0.0394173
6 3 5 2 -0.0000000
6 3 5 3 -0.0418979
6 3 5 4 0.0000000
6 3 5 5 0.0006047
6 3 6 0 0.0001167
6 3 6 1 -0.0280590
6 3 6 2 0.0000000
6 3 6 3 0.0708182
6 3 6 4 -0.0000000
6 3 6 5 0.0505341
6 3 6 6 -0.0114964
6 4 0 0 -0.0000000
6 4 1 0 -0.0000000
6 4 1 1 -0.0000000
6 4 2 0 -0.0115580
6 4 2 1 -0.0916624
6 4 2 2 -0.0000000
6 4 3 0 -0.0000000
6 4 3 1 -0.0000000
6 4 3 2 -0.0356665
6 4 3 3 0.0000000
6 4 4 0 -0.0163216
6 4 4 1 0.0153409
6 4 4 2 0.0000000
6 4 4 3 0.0464474
6 4 4 4 -0.0000000
6 4 5 0 0.0000000
6 4 5 1 -0.0000000
6 4 5 2 -0.0497219
6 4 5 3 0.0000000
6 4 5 4 0.0496531
6 4 5 5 0.0000000
6 4 6 0 0.0000000
6 4 6 1 -0.0000000
6 4 6 2 -0.0153808
6 4 6 3 -0.0000000
6 4 6 4 0.0850594
6 4 6 5 -0.0000000
6 4 6 6 0.0000000
6 5 0 0 0.0002856
6 5 1 0 0.0015608
6 5 1 1 0.0173461
6 5 2 0 -0.0000000
6 5 2 1 -0.0000000
6 5 2 2 0.0496122
6 5 3 0 0.0104304
6 5 3 1 0.0946269
6 5 3 2 -0.0000000
6 5 3 3 -0.0601198
6 5 4 0 0.0000000
6 5 4 1 -0.0000000
6 5 4 2 -0.0531877
6 5 4 3 0.0000000
6 5 4 4 0.0408166
6 5 5 0 -0.0148368
6 5 5 1 0.0208072
6 5 5 2 -0.0000000
6 5 5 3 -0.0339453
6 5 5 4 0.0000000
6 5 5 5 0.0020808
6 5 6 0 0.0021629
6 5 6 1 -0.0094233
6 5 6 2 0.0000000
6 5 6 3 0.0505341
6 5 6 4 -0.0000000
6 5 6 5 0.1058178
6 5 6 6 -0.0414548
6 6 0 0 0.7078078
6 6 1 0 -0.0012861
6 6 1 1 0.5234283
6 6 2 0 0.0000000
6 6 2 1 0.0000000
6 6 2 2 0.4630591
6 6 3 0 -0.0049880
6 6 3 1 -0.0482880
6 6 3 2 0.0000000
6 6 3 3 0.5137272
6 6 4 0 0.0000000
6 6 4 1 0.0000000
6 6 4 2 0.0624017
6 6 4 3 -0.0000000
6 6 4 4 0.4744962
6 6 5 0 0.0076180
6 6 5 1 -0.0308579
6 6 5 2 0.0000000
6 6 5 3 -0.0179378
6 6 5 4 -0.0000000
6 6 5 5 0.4941580
6 6 6 0 0.0008029
6 6 6 1 -0.0798559
6 6 6 2 0.0000000
6 6 6 3 -0.0114964
6 6 6 4 0.0000000
6 6 6 5 -0.0414548
6 6 6 6 0.5473483
7 0 0 0 0.1189974
7 0 1 0 -0.0062898
7 0 1 1 0.0141233
7 0 2 0 0.0000000
7 0 2 1 -0.0000000
7 0 2 2 0.0012352
7 0 3 0 0.0003620
7 0 3 1 -0.0006647
7 0 3 2 0.0000000
7 0 3 3 0.0013095
7 0 4 0 0.0000000
7 0 4 1 -0.0000000
7 0 4 2 -0.0023472
7 0 4 3 -0.0000000
7 0 4 4 -0.0007071
7 0 5 0 0.0022089
7 0 5 1 -0.0027334
7 0 5 2 -0.0000000
7 0 5 3 0.0024274
7 0 5 4 0.0000000
7 0 5 5 0.0001132
7 0 6 0 0.0092772
7 0 6 1 -0.0117780
7 0 6 2 0.0000000
7 0 6 3 0.0001218
7 0 6 4 0.0000000
7 0 6 5 0.0036383
7 0 6 6 0.0146957
7 0 7 0 0.0226240
7 0 7 1 0.0064611
7 0 7 2 -0.0000000
7 0 7 3 -0.0003664
7 0 7 4 -0.0000000
7 0 7 5 -0.0020628
7 0 7 6 -0.0086799
7 0 7 7 -0.0195292
7 1 0 0 0.0159372
7 1 1 0 0.0050811
7 1 1 1 0.0381594
7 1 2 0 -0.0000000
7 1 2 1 -0.0000000
7 1 2 2 0.0033610
7 1 3 0 -0.0004933
7 1 3 1 -0.0027127
7 1 3 2 -0.0000000
7 1 3 3 0.0045434
7 1 4 0 -0.0000000
7 1 4 1 -0.0000000
7 1 4 2 -0.0059160
7 1 4 3 -0.0000000
7 1 4 4 0.0011711
7 1 5 0 -0.0009755
7 1 5 1 -0.0054281
7 1 5 2 -0.0000000
7 1 5 3 0.0067528
7 1 5 4 0.0000000
7 1 5 5 0.0024016
7 1 6 0 -0.0054894
7 1 6 1 -0.0245476
7 1 6 2 0.0000000
7 1 6 3 -0.0002080
7 1 6 4 0.0000000
7 1 6 5 0.0057499
7 1 6 6 0.0299181
7 1 7 0 0.0064611
7 1 7 1 0.0239967
7 1 7 2 0.0000000
7 1 7 3 -0.0000025
7 1 7 4 0.0000000
7 1 7 5 -0.0059190
7 1 7 6 -0.0193665
7 1 7 7 -0.0183425
7 2 0 0 -0.0000000
7 2 1 0 -0.0000000
7 2 1 1 -0.0000000
7 2 2 0 -0.0064214
7 2 2 1 -0.0295294
7 2 2 2 -0.0000000
7 2 3 0 0.0000000
7 2 3 1 0.0000000
7 2 3 2 -0.0103515
7 2 3 3 0.0000000
7 2 4 0 -0.0094457
7 2 4 1 -0.0065235
7 2 4 2 0.0000000
7 2 4 3 0.0109403
7 2 4 4 0.0000000
7 2 5 0 -0.0000000
7 2 5 1 -0.0000000
7 2 5 2 -0.0096307
7 2 5 3 0.0000000
7 2 5 4 0.0081219
7 2 5 5 0.0000000
7 2 6 0 0.0000000
7 2 6 1 0.0000000
7 2 6 2 0.0030029
7 2 6 3 -0.0000000
7 2 6 4 0.0263779
7 2 6 5 0.0000000
7 2 6 6 -0.0000000
7 2 7 0 -0.0000000
7 2 7 1 0.0000000
7 2 7 2 0.0349249
7 2 7 3 -0.0000000
7 2 7 4 0.0351100
7 2 7 5 0.0000000
7 2 7 6 -0.0000000
7 2 7 7 0.0000000
7 3 0 0 -0.0005019
7 3 1 0 -0.0005001
7 3 1 1 -0.0042751
7 3 2 0 0.0000000
7 3 2 1 0.0000000
7 3 2 2 -0.0116308
7 3 3 0 -0.0062610
7 3 3 1 -0.0279396
7 3 3 2 0.0000000
7 3 3 3 0.0139147
7 3 4 0 -0.0000000
7 3 4 1 -0.0000000
7 3 4 2 0.0106723
7 3 4 3 -0.0000000
7 3 4 4 -0.0019774
7 3 5 0 0.0092447
7 3 5 1 0.0076853
7 3 5 2 0.0000000
7 3 5 3 0.0091576
7 3 5 4 -0.0000000
7 3 5 5 -0.0105166
7 3 6 0 -0.0017457
7 3 6 1 -0.0003659
7 3 6 2 -0.0000000
7 3 6 3 -0.0019616
7 3 6 4 0.0000000
7 3 6 5 -0.0254583
7 3 6 6 0.0106947
7 3 7 0 -0.0003664
7 3 7 1 -0.0000025
7 3 7 2 -0.0000000
7 3 7 3 0.0343857
7 3 7 4 0.0000000
7 3 7 5 -0.0339519
7 3 7 6 0.0086564
7 3 7 7 0.0012679
7 4 0 0 0.0000000
7 4 1 0 -0.0000000
7 4 1 1 -0.0000000
7 4 2 0 -0.0079388
7 4 2 1 -0.0275722
7 4 2 2 0.0000000
7 4 3 0 -0.0000000
7 4 3 1 -0.0000000
7 4 3 2 -0.0047388
7 4 3 3 0.0000000
7 4 4 0 -0.0116125
7 4 4 1 -0.0107747
7 4 4 2 0.0000000
7 4 4 3 0.0110182
7 4 4 4 0.0000000
7 4 5 0 0.0000000
7 4 5 1 0.0000000
7 4 5 2 -0.0081634
7 4 5 3 0.0000000
7 4 5 4 0.0030205
7 4 5 5 -0.0000000
7 4 6 0 0.0000000
7 4 6 1 0.0000000
7 4 6 2 0.0093601
7 4 6 3 -0.0000000
7 4 6 4 0.0258560
7 4 6 5 -0.0000000
7 4 6 6 -0.0000000
7 4 7 0 -0.0000000
7 4 7 1 0.0000000
7 4 7 2 0.0351100
7 4 7 3 0.0000000
7 4 7 4 0.0405095
7 4 7 5 -0.0000000
7 4 7 6 -0.0000000
7 4 7 7 0.0000000
7 5 0 0 0.0040557
7 5 1 0 -0.0013977
7 5 1 1 -0.0045953
7 5 2 0 -0.0000000
7 5 2 1 -0.0000000
7 5 2 2 0.0060763
7 5 3 0 0.0077937
7 5 3 1 0.0266620
7 5 3 2 -0.0000000
7 5 3 3 -0.0083162
7 5 4 0 0.0000000
7 5 4 1 0.0000000
7 5 4 2 -0.0069828
7 5 4 3 0.0000000
7 5 4 4 -0.0010304
7 5 5 0 -0.0107612
7 5 5 1 -0.0105446
7 5 5 2 -0.0000000
7 5 5 3 -0.0138856
7 5 5 4 -0.0000000
7 5 5 5 0.0157240
7 5 6 0 0.0043139
7 5 6 1 0.0062453
7 5 6 2 0.0000000
7 5 6 3 -0.0039537
7 5 6 4 -0.0000000
7 5 6 5 0.0207565
7 5 6 6 -0.0165672
7 5 7 0 -0.0020628
7 5 7 1 -0.0059190
7 5 7 2 0.0000000
7 5 7 3 -0.0339519
7 5 7 4 -0.0000000
7 5 7 5 0.0403978
7 5 7 6 -0.0033795
7 5 7 7 0.0105647
7 6 0 0 0.0178975
7 6 1 0 -0.0070237
7 6 1 1 -0.0282850
7 6 2 0 0.0000000
7 6 2 1 0.0000000
7 6 2 2 -0.0002544
7 6 3 0 -0.0013405
7 6 3 1 -0.0045032
7 6 3 2 0.0000000
7 6 3 3 0.0025232
7 6 4 0 0.0000000
7 6 4 1 0.0000000
7 6 4 2 0.0156461
7 6 4 3 -0.0000000
7 6 4 4 0.0083402
7 6 5 0 0.0043110
7 6 5 1 0.0060604
7 6 5 2 0.0000000
7 6 5 3 -0.0108263
7 6 5 4 -0.0000000
7 6 5 5 0.0030257
7 6 6 0 0.0070346
7 6 6 1 0.0160192
7 6 6 2 -0.0000000
7 6 6 3 0.0031040
7 6 6 4 -0.0000000
7 6 6 5 -0.0120671
7 6 6 6 -0.0204847
7 6 7 0 -0.0086799
7 6 7 1 -0.0193665
7 6 7 2 -0.0000000
7 6 7 3 0.0086564
7 6 7 4 -0.0000000
7 6 7 5 -0.0033795
7 6 7 6 0.0243500
7 6 7 7 0.0449789
7 7 0 0 0.8421352
7 7 1 0 -0.0191088
7 7 1 1 0.4587274
7 7 2 0 0.0000000
7 7 2 1 0.0000000
7 7 2 2 0.4899401
7 7 3 0 0.0010311
7 7 3 1 -0.0007389
7 7 3 2 -0.0000000
7 7 3 3 0.4878171
7 7 4 0 0.0000000
7 7 4 1 0.0000000
7 7 4 2 0.1408452
7 7 4 3 0.0000000
7 7 4 4 0.5151096
7 7 5 0 0.0048584
7 7 5 1 -0.0279294
7 7 5 2 0.0000000
7 7 5 3 -0.1359845
7 7 5 4 -0.0000000
7 7 5 5 0.5148595
7 7 6 0 0.0202696
7 7 6 1 -0.0954139
7 7 6 2 -0.0000000
7 7 6 3 0.0355344
7 7 6 4 -0.0000000
7 7 6 5 -0.0128339
7 7 6 6 0.4528491
7 7 7 0 -0.0195292
7 7 7 1 -0.0183425
7 7 7 2 0.0000000
7 7 7 3 0.0012679
7 7 7 4 0.0000000
7 7 7 5 0.0105647
7 7 7 6 0.0449789
7 7 7 7 0.7504107
