NMONOMER	1
NELEC	8
ENUC	7.351144
NBASIS	12
HOMO	2
LUMO	2
ENT	5
HF_ENERGY	-35.320321
ENERGIES
-10.857751
-0.518105
-0.450982
-0.259440
0.564619
0.777261
0.880866
849736.620994
965066.547214
996478.249618
1070620.658083
1118094.105250

OEI
-18.411101	
0.269021	-4.306175	
0.000000	-0.000000	-3.773027	
0.108971	-0.153539	-0.000000	-4.094883	
-0.267861	0.182967	0.000000	0.483390	-3.067235	
0.000000	0.000000	-0.853784	0.000000	-0.000000	-3.657804	
0.198978	-0.804361	-0.000000	0.411774	-0.100091	0.000000	-3.217110	
0.104947	0.066063	0.000000	0.109844	0.458949	-0.000000	-0.064980	849733.076862	
0.000000	0.000000	0.073577	-0.000000	-0.000000	0.117171	-0.000000	-0.000000	965063.873395	
0.005101	0.021025	0.000000	-0.004175	0.002445	0.000000	0.017208	-0.002810	-0.000000	996475.245774	
-0.035705	-0.192584	-0.000000	0.041044	-0.105578	0.000000	0.171246	0.192562	0.000000	-0.125589	1070618.282154	
0.101407	0.076334	0.000000	0.215420	0.459726	0.000000	-0.025823	-0.956629	0.000000	-0.034649	0.332305	1118090.444413	

ENV_OEI
-4.939314	
0.503354	-0.643565	
0.000000	-0.000000	-0.148589	
0.217182	0.096357	0.000000	-0.428529	
-0.473604	0.094710	0.000000	0.123971	-0.194681	
0.000000	0.000000	-0.199872	-0.000000	0.000000	-0.359626	
0.389414	0.158105	0.000000	-0.228779	0.006236	-0.000000	-1.096900	
0.225323	0.014643	0.000000	0.068955	0.069798	0.000000	0.009629	-0.601630	
0.000000	0.000000	-0.065054	-0.000000	0.000000	-0.036018	0.000000	0.000000	-0.772832	
-0.018280	0.491185	0.000000	-0.455761	-0.055158	-0.000000	-1.463272	-0.126828	-0.000000	-18.606008	
-0.055496	0.050854	0.000000	-0.013739	-0.021196	-0.000000	-0.086722	-0.242248	-0.000000	-1.671315	-0.841023	
0.213965	0.016534	0.000000	-0.000542	0.082533	-0.000000	-0.050196	0.158847	-0.000000	-0.177389	0.095215	-0.421831	

OVERLAP
1.000000	
0.248362	1.000000	
0.061767	0.488736	1.000000	
0.061767	0.488736	0.167856	1.000000	
0.000000	0.027047	0.005362	0.005362	1.000000	
0.027047	0.301519	0.096511	0.096511	0.248362	1.000000	
0.000000	0.000000	0.155576	0.155576	-0.045312	-0.338874	1.000000	
0.000000	0.000000	0.380474	-0.380474	0.000000	0.000000	0.000000	1.000000	
0.000000	0.000000	0.219667	0.219667	0.000000	0.000000	0.000000	0.000000	1.000000	
0.045312	0.338874	0.109532	0.109532	0.000000	0.000000	-0.315123	0.000000	0.000000	1.000000	
0.000000	0.000000	0.051506	-0.051506	0.000000	0.000000	0.000000	0.166433	0.000000	0.000000	1.000000	
0.000000	0.000000	0.029737	0.029737	0.000000	0.000000	0.000000	0.000000	0.166433	0.000000	0.000000	1.000000	

MOCOEFF
-0.996525	-0.018343	0.008855	0.008855	-0.001629	0.008260	0.009038	0.000000	0.018604	0.002758	-0.000000	-0.003623	
0.177378	-0.549232	-0.051935	-0.051935	0.047522	-0.089116	0.340076	0.000000	0.349162	-0.395981	-0.000000	-0.055023	
0.000000	-0.000000	-0.522649	0.522649	0.000000	-0.000000	0.000000	-0.450916	0.000000	-0.000000	0.128887	-0.000000	
0.077772	-0.228471	-0.260587	-0.260587	-0.041669	0.122022	-0.503308	-0.000000	0.606148	0.287148	0.000000	-0.085385	
-0.157568	1.043506	-0.922804	-0.922804	-0.004641	0.037796	0.510605	0.000000	0.249044	0.008699	-0.000000	0.013434	
0.000000	-0.000000	0.805467	-0.805467	-0.000000	0.000000	0.000000	-1.168203	-0.000000	0.000000	0.111454	0.000000	
0.138448	-0.826816	0.091511	0.091511	-0.129272	0.777868	0.864634	0.000000	-0.057756	0.954925	-0.000000	0.004170	
0.084288	-0.388041	0.000000	0.000000	-0.012324	0.049398	-0.203229	-0.000000	-0.573902	-0.025821	-0.000000	0.799278	
0.000000	0.000000	-0.000000	0.000000	0.000000	-0.000000	0.000000	-0.000000	0.000000	0.000000	1.000000	0.000000	
0.000565	-0.002600	-0.000000	-0.000000	-1.025611	0.216380	-0.001361	0.000000	-0.003845	-0.105483	0.000000	-0.019655	
-0.018948	0.087232	-0.000000	-0.000000	-0.019716	-0.850777	0.045686	0.000000	0.129015	0.446528	-0.000000	0.196307	
0.081636	-0.375835	0.000000	0.000000	0.011611	-0.229178	-0.196837	-0.000000	-0.555850	0.120151	-0.000000	-0.583417	

ERI
0 0 0 0 3.5227503
1 0 0 0 -0.2338543
1 0 1 0 0.0303325
1 0 1 1 0.0060402
1 1 0 0 0.7235978
1 1 1 0 0.0060402
1 1 1 1 0.6496996
2 0 0 0 -0.0000000
2 0 1 0 0.0000000
2 0 1 1 0.0000000
2 0 2 0 0.0055841
2 0 2 1 0.0055869
2 0 2 2 0.0000000
2 1 0 0 0.0000000
2 1 1 0 0.0000000
2 1 1 1 0.0000000
2 1 2 0 0.0055869
2 1 2 1 0.0316542
2 1 2 2 -0.0000000
2 2 0 0 0.5785489
2 2 1 0 -0.0061907
2 2 1 1 0.4064223
2 2 2 0 0.0000000
2 2 2 1 -0.0000000
2 2 2 2 0.5279247
3 0 0 0 -0.0995167
3 0 1 0 0.0109718
3 0 1 1 -0.0049170
3 0 2 0 0.0000000
3 0 2 1 -0.0000000
3 0 2 2 -0.0023315
3 0 3 0 0.0180085
3 0 3 1 0.0128408
3 0 3 2 0.0000000
3 0 3 3 0.0075208
3 1 0 0 0.0631469
3 1 1 0 -0.0011813
3 1 1 1 -0.0283354
3 1 2 0 -0.0000000
3 1 2 1 -0.0000000
3 1 2 2 0.0249336
3 1 3 0 0.0128408
3 1 3 1 0.0847638
3 1 3 2 0.0000000
3 1 3 3 0.0436350
3 2 0 0 0.0000000
3 2 1 0 -0.0000000
3 2 1 1 -0.0000000
3 2 2 0 0.0036590
3 2 2 1 0.0269501
3 2 2 2 0.0000000
3 2 3 0 0.0000000
3 2 3 1 0.0000000
3 2 3 2 0.0511807
3 2 3 3 0.0000000
3 3 0 0 0.7401157
3 3 1 0 -0.0051989
3 3 1 1 0.5125400
3 3 2 0 -0.0000000
3 3 2 1 0.0000000
3 3 2 2 0.4562986
3 3 3 0 0.0075208
3 3 3 1 0.0436350
3 3 3 2 0.0000000
3 3 3 3 0.5714875
4 0 0 0 0.2144433
4 0 1 0 -0.0174971
4 0 1 1 0.0175433
4 0 2 0 -0.0000000
4 0 2 1 0.0000000
4 0 2 2 -0.0000117
4 0 3 0 -0.0126408
4 0 3 1 -0.0012228
4 0 3 2 -0.0000000
4 0 3 3 0.0041097
4 0 4 0 0.0249628
4 0 4 1 -0.0025980
4 0 4 2 -0.0000000
4 0 4 3 -0.0003245
4 0 4 4 -0.0019286
4 1 0 0 -0.0618072
4 1 1 0 0.0015958
4 1 1 1 -0.0233468
4 1 2 0 0.0000000
4 1 2 1 -0.0000000
4 1 2 2 0.0021853
4 1 3 0 -0.0020106
4 1 3 1 -0.0134038
4 1 3 2 -0.0000000
4 1 3 3 -0.0316875
4 1 4 0 -0.0025980
4 1 4 1 0.0091768
4 1 4 2 -0.0000000
4 1 4 3 0.0206115
4 1 4 4 0.0027569
4 2 0 0 -0.0000000
4 2 1 0 0.0000000
4 2 1 1 -0.0000000
4 2 2 0 -0.0015112
4 2 2 1 0.0284392
4 2 2 2 0.0000000
4 2 3 0 0.0000000
4 2 3 1 -0.0000000
4 2 3 2 0.0550517
4 2 3 3 0.0000000
4 2 4 0 -0.0000000
4 2 4 1 -0.0000000
4 2 4 2 0.1242115
4 2 4 3 0.0000000
4 2 4 4 0.0000000
4 3 0 0 -0.1401062
4 3 1 0 0.0029919
4 3 1 1 -0.0512507
4 3 2 0 0.0000000
4 3 2 1 -0.0000000
4 3 2 2 0.0072111
4 3 3 0 -0.0102195
4 3 3 1 -0.0339404
4 3 3 2 -0.0000000
4 3 3 3 -0.0860915
4 3 4 0 -0.0003245
4 3 4 1 0.0206115
4 3 4 2 0.0000000
4 3 4 3 0.0686430
4 3 4 4 -0.0007016
4 4 0 0 0.5957377
4 4 1 0 -0.0131852
4 4 1 1 0.3647557
4 4 2 0 -0.0000000
4 4 2 1 -0.0000000
4 4 2 2 0.5116726
4 4 3 0 0.0010108
4 4 3 1 0.0363679
4 4 3 2 0.0000000
4 4 3 3 0.4572577
4 4 4 0 -0.0019286
4 4 4 1 0.0027569
4 4 4 2 0.0000000
4 4 4 3 -0.0007016
4 4 4 4 0.5404705
5 0 0 0 -0.0000000
5 0 1 0 0.0000000
5 0 1 1 -0.0000000
5 0 2 0 0.0113709
5 0 2 1 0.0121488
5 0 2 2 0.0000000
5 0 3 0 0.0000000
5 0 3 1 -0.0000000
5 0 3 2 0.0093928
5 0 3 3 -0.0000000
5 0 4 0 -0.0000000
5 0 4 1 -0.0000000
5 0 4 2 0.0017705
5 0 4 3 0.0000000
5 0 4 4 -0.0000000
5 0 5 0 0.0234182
5 0 5 1 0.0170352
5 0 5 2 0.0000000
5 0 5 3 0.0059743
5 0 5 4 -0.0152319
5 0 5 5 0.0000000
5 1 0 0 -0.0000000
5 1 1 0 -0.0000000
5 1 1 1 -0.0000000
5 1 2 0 0.0084883
5 1 2 1 0.0347413
5 1 2 2 0.0000000
5 1 3 0 -0.0000000
5 1 3 1 0.0000000
5 1 3 2 0.0181539
5 1 3 3 -0.0000000
5 1 4 0 -0.0000000
5 1 4 1 0.0000000
5 1 4 2 0.0008043
5 1 4 3 0.0000000
5 1 4 4 0.0000000
5 1 5 0 0.0170352
5 1 5 1 0.0510646
5 1 5 2 -0.0000000
5 1 5 3 0.0160622
5 1 5 4 -0.0203262
5 1 5 5 0.0000000
5 2 0 0 0.2357893
5 2 1 0 -0.0012749
5 2 1 1 0.1211314
5 2 2 0 0.0000000
5 2 2 1 0.0000000
5 2 2 2 0.0088457
5 2 3 0 0.0001757
5 2 3 1 0.0096362
5 2 3 2 0.0000000
5 2 3 3 0.0907297
5 2 4 0 0.0066369
5 2 4 1 -0.0219329
5 2 4 2 -0.0000000
5 2 4 3 -0.0586555
5 2 4 4 -0.0249181
5 2 5 0 0.0000000
5 2 5 1 -0.0000000
5 2 5 2 0.1114064
5 2 5 3 0.0000000
5 2 5 4 -0.0000000
5 2 5 5 0.0761564
5 3 0 0 -0.0000000
5 3 1 0 0.0000000
5 3 1 1 0.0000000
5 3 2 0 0.0036741
5 3 2 1 0.0041987
5 3 2 2 -0.0000000
5 3 3 0 0.0000000
5 3 3 1 -0.0000000
5 3 3 2 0.0042504
5 3 3 3 -0.0000000
5 3 4 0 0.0000000
5 3 4 1 0.0000000
5 3 4 2 -0.0372184
5 3 4 3 -0.0000000
5 3 4 4 -0.0000000
5 3 5 0 0.0059743
5 3 5 1 0.0160622
5 3 5 2 0.0000000
5 3 5 3 0.0332544
5 3 5 4 0.0163013
5 3 5 5 -0.0000000
5 4 0 0 -0.0000000
5 4 1 0 0.0000000
5 4 1 1 0.0000000
5 4 2 0 -0.0057188
5 4 2 1 -0.0384371
5 4 2 2 -0.0000000
5 4 3 0 0.0000000
5 4 3 1 0.0000000
5 4 3 2 -0.0666623
5 4 3 3 -0.0000000
5 4 4 0 -0.0000000
5 4 4 1 0.0000000
5 4 4 2 -0.1047023
5 4 4 3 -0.0000000
5 4 4 4 0.0000000
5 4 5 0 -0.0152319
5 4 5 1 -0.0203262
5 4 5 2 -0.0000000
5 4 5 3 0.0163013
5 4 5 4 0.1163970
5 4 5 5 -0.0000000
5 5 0 0 0.7907947
5 5 1 0 -0.0067530
5 5 1 1 0.5000191
5 5 2 0 0.0000000
5 5 2 1 0.0000000
5 5 2 2 0.5209354
5 5 3 0 -0.0024794
5 5 3 1 0.0344308
5 5 3 2 0.0000000
5 5 3 3 0.5153554
5 5 4 0 0.0085901
5 5 4 1 -0.0147433
5 5 4 2 -0.0000000
5 5 4 3 -0.0294621
5 5 4 4 0.5007511
5 5 5 0 0.0000000
5 5 5 1 0.0000000
5 5 5 2 0.0761564
5 5 5 3 -0.0000000
5 5 5 4 -0.0000000
5 5 5 5 0.5865572
6 0 0 0 -0.1808802
6 0 1 0 0.0250529
6 0 1 1 0.0090028
6 0 2 0 0.0000000
6 0 2 1 0.0000000
6 0 2 2 -0.0044008
6 0 3 0 -0.0008948
6 0 3 1 -0.0096623
6 0 3 2 -0.0000000
6 0 3 3 -0.0101872
6 0 4 0 -0.0101310
6 0 4 1 0.0030111
6 0 4 2 -0.0000000
6 0 4 3 0.0100572
6 0 4 4 -0.0141368
6 0 5 0 -0.0000000
6 0 5 1 -0.0000000
6 0 5 2 -0.0011063
6 0 5 3 -0.0000000
6 0 5 4 0.0000000
6 0 5 5 -0.0046981
6 0 6 0 0.0278233
6 0 6 1 0.0032074
6 0 6 2 -0.0000000
6 0 6 3 0.0032716
6 0 6 4 -0.0033030
6 0 6 5 -0.0000000
6 0 6 6 0.0085034
6 1 0 0 0.2382103
6 1 1 0 -0.0000591
6 1 1 1 0.0669617
6 1 2 0 -0.0000000
6 1 2 1 -0.0000000
6 1 2 2 0.0682070
6 1 3 0 -0.0052241
6 1 3 1 0.0415181
6 1 3 2 0.0000000
6 1 3 3 0.0706358
6 1 4 0 0.0102597
6 1 4 1 -0.0086981
6 1 4 2 -0.0000000
6 1 4 3 -0.0162341
6 1 4 4 0.0578815
6 1 5 0 -0.0000000
6 1 5 1 -0.0000000
6 1 5 2 0.0416690
6 1 5 3 -0.0000000
6 1 5 4 0.0000000
6 1 5 5 0.1063178
6 1 6 0 0.0032074
6 1 6 1 0.1161602
6 1 6 2 0.0000000
6 1 6 3 -0.0572751
6 1 6 4 0.0000142
6 1 6 5 -0.0000000
6 1 6 6 -0.0012348
6 2 0 0 0.0000000
6 2 1 0 -0.0000000
6 2 1 1 -0.0000000
6 2 2 0 0.0035003
6 2 2 1 0.0135436
6 2 2 2 0.0000000
6 2 3 0 -0.0000000
6 2 3 1 0.0000000
6 2 3 2 -0.0006904
6 2 3 3 0.0000000
6 2 4 0 0.0000000
6 2 4 1 0.0000000
6 2 4 2 -0.0016404
6 2 4 3 0.0000000
6 2 4 4 0.0000000
6 2 5 0 0.0068523
6 2 5 1 0.0200311
6 2 5 2 0.0000000
6 2 5 3 0.0016223
6 2 5 4 -0.0022594
6 2 5 5 0.0000000
6 2 6 0 -0.0000000
6 2 6 1 0.0000000
6 2 6 2 0.0124408
6 2 6 3 -0.0000000
6 2 6 4 -0.0000000
6 2 6 5 0.0165136
6 2 6 6 -0.0000000
6 3 0 0 -0.1232842
6 3 1 0 0.0054785
6 3 1 1 0.0159870
6 3 2 0 0.0000000
6 3 2 1 0.0000000
6 3 2 2 -0.0530870
6 3 3 0 0.0034859
6 3 3 1 -0.0218897
6 3 3 2 -0.0000000
6 3 3 3 -0.0510725
6 3 4 0 0.0007042
6 3 4 1 0.0027758
6 3 4 2 0.0000000
6 3 4 3 0.0129757
6 3 4 4 -0.0647536
6 3 5 0 -0.0000000
6 3 5 1 -0.0000000
6 3 5 2 -0.0059347
6 3 5 3 0.0000000
6 3 5 4 -0.0000000
6 3 5 5 -0.0544373
6 3 6 0 0.0032716
6 3 6 1 -0.0572751
6 3 6 2 -0.0000000
6 3 6 3 0.0636643
6 3 6 4 -0.0056670
6 3 6 5 0.0000000
6 3 6 6 0.0313787
6 4 0 0 0.0195484
6 4 1 0 -0.0001991
6 4 1 1 0.0044568
6 4 2 0 0.0000000
6 4 2 1 0.0000000
6 4 2 2 0.0012918
6 4 3 0 0.0045307
6 4 3 1 0.0076622
6 4 3 2 0.0000000
6 4 3 3 0.0210019
6 4 4 0 -0.0026430
6 4 4 1 -0.0028197
6 4 4 2 0.0000000
6 4 4 3 -0.0191171
6 4 4 4 0.0082649
6 4 5 0 0.0000000
6 4 5 1 -0.0000000
6 4 5 2 0.0090833
6 4 5 3 -0.0000000
6 4 5 4 -0.0000000
6 4 5 5 0.0043053
6 4 6 0 -0.0033030
6 4 6 1 0.0000142
6 4 6 2 -0.0000000
6 4 6 3 -0.0056670
6 4 6 4 0.0087007
6 4 6 5 0.0000000
6 4 6 6 0.0042480
6 5 0 0 -0.0000000
6 5 1 0 -0.0000000
6 5 1 1 0.0000000
6 5 2 0 0.0061623
6 5 2 1 0.0256847
6 5 2 2 -0.0000000
6 5 3 0 -0.0000000
6 5 3 1 -0.0000000
6 5 3 2 0.0129863
6 5 3 3 -0.0000000
6 5 4 0 0.0000000
6 5 4 1 -0.0000000
6 5 4 2 0.0163989
6 5 4 3 0.0000000
6 5 4 4 -0.0000000
6 5 5 0 0.0129561
6 5 5 1 0.0334245
6 5 5 2 0.0000000
6 5 5 3 -0.0013116
6 5 5 4 -0.0243092
6 5 5 5 -0.0000000
6 5 6 0 -0.0000000
6 5 6 1 -0.0000000
6 5 6 2 0.0165136
6 5 6 3 0.0000000
6 5 6 4 0.0000000
6 5 6 5 0.0294116
6 5 6 6 0.0000000
6 6 0 0 0.6925912
6 6 1 0 -0.0003099
6 6 1 1 0.6002587
6 6 2 0 -0.0000000
6 6 2 1 0.0000000
6 6 2 2 0.3867787
6 6 3 0 -0.0127875
6 6 3 1 -0.0766930
6 6 3 2 -0.0000000
6 6 3 3 0.4794037
6 6 4 0 0.0156537
6 6 4 1 -0.0147432
6 6 4 2 -0.0000000
6 6 4 3 -0.0339636
6 6 4 4 0.3527852
6 6 5 0 -0.0000000
6 6 5 1 -0.0000000
6 6 5 2 0.1008231
6 6 5 3 0.0000000
6 6 5 4 0.0000000
6 6 5 5 0.4589955
6 6 6 0 0.0085034
6 6 6 1 -0.0012348
6 6 6 2 -0.0000000
6 6 6 3 0.0313787
6 6 6 4 0.0042480
6 6 6 5 0.0000000
6 6 6 6 0.6509567
7 0 0 0 -0.0837469
7 0 1 0 0.0042860
7 0 1 1 -0.0095035
7 0 2 0 0.0000000
7 0 2 1 -0.0000000
7 0 2 2 0.0038700
7 0 3 0 -0.0002536
7 0 3 1 -0.0049682
7 0 3 2 -0.0000000
7 0 3 3 -0.0020376
7 0 4 0 -0.0127187
7 0 4 1 0.0023583
7 0 4 2 0.0000000
7 0 4 3 0.0027297
7 0 4 4 0.0046196
7 0 5 0 0.0000000
7 0 5 1 -0.0000000
7 0 5 2 -0.0013532
7 0 5 3 -0.0000000
7 0 5 4 0.0000000
7 0 5 5 -0.0004743
7 0 6 0 0.0050199
7 0 6 1 -0.0041720
7 0 6 2 -0.0000000
7 0 6 3 -0.0047108
7 0 6 4 0.0005670
7 0 6 5 -0.0000000
7 0 6 6 -0.0028570
7 0 7 0 0.0112923
7 0 7 1 0.0020184
7 0 7 2 0.0000000
7 0 7 3 0.0014073
7 0 7 4 -0.0041606
7 0 7 5 0.0000000
7 0 7 6 0.0029448
7 0 7 7 0.0062524
7 1 0 0 -0.0105747
7 1 1 0 -0.0020690
7 1 1 1 -0.0110674
7 1 2 0 -0.0000000
7 1 2 1 -0.0000000
7 1 2 2 0.0088631
7 1 3 0 -0.0034382
7 1 3 1 -0.0103323
7 1 3 2 -0.0000000
7 1 3 3 -0.0076665
7 1 4 0 -0.0001065
7 1 4 1 0.0033694
7 1 4 2 -0.0000000
7 1 4 3 0.0086335
7 1 4 4 0.0050325
7 1 5 0 -0.0000000
7 1 5 1 -0.0000000
7 1 5 2 -0.0045302
7 1 5 3 0.0000000
7 1 5 4 0.0000000
7 1 5 5 0.0012346
7 1 6 0 0.0001592
7 1 6 1 -0.0025900
7 1 6 2 -0.0000000
7 1 6 3 -0.0058874
7 1 6 4 -0.0023360
7 1 6 5 -0.0000000
7 1 6 6 -0.0034233
7 1 7 0 0.0020184
7 1 7 1 0.0131788
7 1 7 2 -0.0000000
7 1 7 3 -0.0027844
7 1 7 4 0.0004718
7 1 7 5 -0.0000000
7 1 7 6 -0.0049716
7 1 7 7 -0.0018644
7 2 0 0 -0.0000000
7 2 1 0 -0.0000000
7 2 1 1 -0.0000000
7 2 2 0 0.0039243
7 2 2 1 0.0214647
7 2 2 2 0.0000000
7 2 3 0 -0.0000000
7 2 3 1 -0.0000000
7 2 3 2 0.0302041
7 2 3 3 0.0000000
7 2 4 0 -0.0000000
7 2 4 1 -0.0000000
7 2 4 2 0.0422673
7 2 4 3 0.0000000
7 2 4 4 -0.0000000
7 2 5 0 0.0092338
7 2 5 1 0.0131811
7 2 5 2 0.0000000
7 2 5 3 -0.0076831
7 2 5 4 -0.0499133
7 2 5 5 0.0000000
7 2 6 0 -0.0000000
7 2 6 1 -0.0000000
7 2 6 2 0.0052300
7 2 6 3 0.0000000
7 2 6 4 0.0000000
7 2 6 5 0.0150198
7 2 6 6 -0.0000000
7 2 7 0 0.0000000
7 2 7 1 -0.0000000
7 2 7 2 0.0332420
7 2 7 3 -0.0000000
7 2 7 4 -0.0000000
7 2 7 5 0.0046053
7 2 7 6 -0.0000000
7 2 7 7 0.0000000
7 3 0 0 -0.0276110
7 3 1 0 -0.0028133
7 3 1 1 -0.0382382
7 3 2 0 -0.0000000
7 3 2 1 -0.0000000
7 3 2 2 0.0205514
7 3 3 0 0.0040025
7 3 3 1 0.0104884
7 3 3 2 0.0000000
7 3 3 3 0.0003700
7 3 4 0 -0.0040141
7 3 4 1 0.0038990
7 3 4 2 0.0000000
7 3 4 3 -0.0025171
7 3 4 4 0.0307829
7 3 5 0 -0.0000000
7 3 5 1 0.0000000
7 3 5 2 -0.0180987
7 3 5 3 -0.0000000
7 3 5 4 -0.0000000
7 3 5 5 0.0024301
7 3 6 0 -0.0057828
7 3 6 1 -0.0051127
7 3 6 2 0.0000000
7 3 6 3 -0.0122623
7 3 6 4 0.0072543
7 3 6 5 -0.0000000
7 3 6 6 -0.0362901
7 3 7 0 0.0014073
7 3 7 1 -0.0027844
7 3 7 2 -0.0000000
7 3 7 3 0.0262138
7 3 7 4 -0.0010715
7 3 7 5 -0.0000000
7 3 7 6 -0.0017228
7 3 7 7 -0.0162638
7 4 0 0 -0.1313275
7 4 1 0 0.0075669
7 4 1 1 -0.0272942
7 4 2 0 0.0000000
7 4 2 1 -0.0000000
7 4 2 2 -0.0125853
7 4 3 0 0.0020192
7 4 3 1 -0.0015714
7 4 3 2 0.0000000
7 4 3 3 -0.0430672
7 4 4 0 -0.0004389
7 4 4 1 0.0057117
7 4 4 2 0.0000000
7 4 4 3 0.0249082
7 4 4 4 -0.0178211
7 4 5 0 0.0000000
7 4 5 1 0.0000000
7 4 5 2 -0.0328104
7 4 5 3 0.0000000
7 4 5 4 0.0000000
7 4 5 5 -0.0301071
7 4 6 0 0.0063198
7 4 6 1 -0.0146688
7 4 6 2 0.0000000
7 4 6 3 0.0182994
7 4 6 4 -0.0077750
7 4 6 5 -0.0000000
7 4 6 6 -0.0326452
7 4 7 0 -0.0041606
7 4 7 1 0.0004718
7 4 7 2 -0.0000000
7 4 7 3 -0.0010715
7 4 7 4 0.0279133
7 4 7 5 0.0000000
7 4 7 6 -0.0007705
7 4 7 7 -0.0381303
7 5 0 0 0.0000000
7 5 1 0 -0.0000000
7 5 1 1 -0.0000000
7 5 2 0 0.0033786
7 5 2 1 0.0033465
7 5 2 2 0.0000000
7 5 3 0 -0.0000000
7 5 3 1 -0.0000000
7 5 3 2 -0.0034938
7 5 3 3 -0.0000000
7 5 4 0 0.0000000
7 5 4 1 0.0000000
7 5 4 2 -0.0161304
7 5 4 3 0.0000000
7 5 4 4 -0.0000000
7 5 5 0 0.0057412
7 5 5 1 0.0069202
7 5 5 2 0.0000000
7 5 5 3 0.0047795
7 5 5 4 0.0054016
7 5 5 5 0.0000000
7 5 6 0 -0.0000000
7 5 6 1 -0.0000000
7 5 6 2 0.0051467
7 5 6 3 -0.0000000
7 5 6 4 -0.0000000
7 5 6 5 0.0045411
7 5 6 6 0.0000000
7 5 7 0 0.0000000
7 5 7 1 -0.0000000
7 5 7 2 0.0046053
7 5 7 3 -0.0000000
7 5 7 4 0.0000000
7 5 7 5 0.0107589
7 5 7 6 0.0000000
7 5 7 7 0.0000000
7 6 0 0 0.0201213
7 6 1 0 -0.0021555
7 6 1 1 0.0021887
7 6 2 0 -0.0000000
7 6 2 1 -0.0000000
7 6 2 2 0.0102955
7 6 3 0 -0.0074246
7 6 3 1 -0.0205758
7 6 3 2 -0.0000000
7 6 3 3 -0.0024164
7 6 4 0 0.0018334
7 6 4 1 0.0015758
7 6 4 2 0.0000000
7 6 4 3 0.0146548
7 6 4 4 0.0014267
7 6 5 0 -0.0000000
7 6 5 1 -0.0000000
7 6 5 2 0.0022169
7 6 5 3 -0.0000000
7 6 5 4 -0.0000000
7 6 5 5 0.0081203
7 6 6 0 0.0029778
7 6 6 1 0.0014502
7 6 6 2 -0.0000000
7 6 6 3 -0.0086373
7 6 6 4 -0.0065424
7 6 6 5 0.0000000
7 6 6 6 0.0176540
7 6 7 0 0.0029448
7 6 7 1 -0.0049716
7 6 7 2 -0.0000000
7 6 7 3 -0.0017228
7 6 7 4 -0.0007705
7 6 7 5 0.0000000
7 6 7 6 0.0411840
7 6 7 7 0.0176477
7 7 0 0 0.5615982
7 7 1 0 -0.0085458
7 7 1 1 0.4502675
7 7 2 0 -0.0000000
7 7 2 1 0.0000000
7 7 2 2 0.3835024
7 7 3 0 -0.0075180
7 7 3 1 -0.0435121
7 7 3 2 -0.0000000
7 7 3 3 0.4186615
7 7 4 0 0.0026056
7 7 4 1 -0.0061684
7 7 4 2 -0.0000000
7 7 4 3 -0.0206038
7 7 4 4 0.3693583
7 7 5 0 -0.0000000
7 7 5 1 -0.0000000
7 7 5 2 0.0551104
7 7 5 3 0.0000000
7 7 5 4 -0.0000000
7 7 5 5 0.4070198
7 7 6 0 -0.0031170
7 7 6 1 -0.0140050
7 7 6 2 -0.0000000
7 7 6 3 0.0071445
7 7 6 4 0.0054436
7 7 6 5 0.0000000
7 7 6 6 0.5082070
7 7 7 0 0.0062524
7 7 7 1 -0.0018644
7 7 7 2 0.0000000
7 7 7 3 -0.0162638
7 7 7 4 -0.0381303
7 7 7 5 0.0000000
7 7 7 6 0.0176477
7 7 7 7 0.5146545
8 0 0 0 0.0000000
8 0 1 0 0.0000000
8 0 1 1 0.0000000
8 0 2 0 -0.0001907
8 0 2 1 -0.0002919
8 0 2 2 -0.0000000
8 0 3 0 -0.0000000
8 0 3 1 0.0000000
8 0 3 2 -0.0001354
8 0 3 3 -0.0000000
8 0 4 0 0.0000000
8 0 4 1 0.0000000
8 0 4 2 0.0000242
8 0 4 3 0.0000000
8 0 4 4 0.0000000
8 0 5 0 -0.0003893
8 0 5 1 -0.0004541
8 0 5 2 -0.0000000
8 0 5 3 -0.0001048
8 0 5 4 0.0002271
8 0 5 5 -0.0000000
8 0 6 0 0.0000000
8 0 6 1 0.0000000
8 0 6 2 -0.0001857
8 0 6 3 -0.0000000
8 0 6 4 -0.0000000
8 0 6 5 -0.0003508
8 0 6 6 0.0000000
8 0 7 0 0.0000000
8 0 7 1 0.0000000
8 0 7 2 -0.0001590
8 0 7 3 -0.0000000
8 0 7 4 0.0000000
8 0 7 5 -0.0001176
8 0 7 6 0.0000000
8 0 7 7 -0.0000000
8 0 8 0 0.0000104
8 0 8 1 0.0000032
8 0 8 2 -0.0000000
8 0 8 3 0.0000472
8 0 8 4 0.0000015
8 0 8 5 0.0000000
8 0 8 6 0.0002019
8 0 8 7 -0.0000279
8 0 8 8 -0.0000000
8 1 0 0 0.0000000
8 1 1 0 0.0000000
8 1 1 1 0.0000000
8 1 2 0 -0.0013449
8 1 2 1 -0.0113806
8 1 2 2 -0.0000000
8 1 3 0 -0.0000000
8 1 3 1 0.0000000
8 1 3 2 -0.0049378
8 1 3 3 0.0000000
8 1 4 0 0.0000000
8 1 4 1 0.0000000
8 1 4 2 -0.0078145
8 1 4 3 -0.0000000
8 1 4 4 0.0000000
8 1 5 0 -0.0029151
8 1 5 1 -0.0146581
8 1 5 2 -0.0000000
8 1 5 3 0.0014375
8 1 5 4 0.0087099
8 1 5 5 0.0000000
8 1 6 0 0.0000000
8 1 6 1 0.0000000
8 1 6 2 -0.0069498
8 1 6 3 -0.0000000
8 1 6 4 -0.0000000
8 1 6 5 -0.0096181
8 1 6 6 0.0000000
8 1 7 0 0.0000000
8 1 7 1 0.0000000
8 1 7 2 -0.0056898
8 1 7 3 0.0000000
8 1 7 4 -0.0000000
8 1 7 5 -0.0015565
8 1 7 6 0.0000000
8 1 7 7 -0.0000000
8 1 8 0 0.0000032
8 1 8 1 0.0221080
8 1 8 2 0.0000000
8 1 8 3 -0.0127664
8 1 8 4 0.0007306
8 1 8 5 -0.0000000
8 1 8 6 -0.0260512
8 1 8 7 -0.0007259
8 1 8 8 -0.0000000
8 2 0 0 -0.0194690
8 2 1 0 0.0001142
8 2 1 1 -0.0055307
8 2 2 0 -0.0000000
8 2 2 1 -0.0000000
8 2 2 2 -0.0152377
8 2 3 0 0.0002144
8 2 3 1 -0.0053494
8 2 3 2 -0.0000000
8 2 3 3 -0.0098581
8 2 4 0 -0.0001510
8 2 4 1 0.0000863
8 2 4 2 -0.0000000
8 2 4 3 0.0002086
8 2 4 4 -0.0136274
8 2 5 0 -0.0000000
8 2 5 1 -0.0000000
8 2 5 2 -0.0022803
8 2 5 3 0.0000000
8 2 5 4 0.0000000
8 2 5 5 -0.0161505
8 2 6 0 0.0000103
8 2 6 1 -0.0141128
8 2 6 2 -0.0000000
8 2 6 3 0.0090852
8 2 6 4 0.0000368
8 2 6 5 0.0000000
8 2 6 6 0.0063921
8 2 7 0 -0.0001630
8 2 7 1 -0.0009568
8 2 7 2 -0.0000000
8 2 7 3 -0.0017959
8 2 7 4 0.0010144
8 2 7 5 -0.0000000
8 2 7 6 -0.0012347
8 2 7 7 0.0077192
8 2 8 0 -0.0000000
8 2 8 1 0.0000000
8 2 8 2 0.0042304
8 2 8 3 -0.0000000
8 2 8 4 0.0000000
8 2 8 5 0.0033848
8 2 8 6 -0.0000000
8 2 8 7 -0.0000000
8 2 8 8 0.0295273
8 3 0 0 -0.0000000
8 3 1 0 -0.0000000
8 3 1 1 -0.0000000
8 3 2 0 0.0003733
8 3 2 1 0.0036464
8 3 2 2 0.0000000
8 3 3 0 0.0000000
8 3 3 1 -0.0000000
8 3 3 2 0.0001952
8 3 3 3 -0.0000000
8 3 4 0 -0.0000000
8 3 4 1 -0.0000000
8 3 4 2 0.0022591
8 3 4 3 0.0000000
8 3 4 4 -0.0000000
8 3 5 0 0.0007983
8 3 5 1 0.0050887
8 3 5 2 0.0000000
8 3 5 3 -0.0018985
8 3 5 4 -0.0019589
8 3 5 5 -0.0000000
8 3 6 0 -0.0000000
8 3 6 1 -0.0000000
8 3 6 2 0.0031417
8 3 6 3 0.0000000
8 3 6 4 0.0000000
8 3 6 5 0.0035351
8 3 6 6 -0.0000000
8 3 7 0 -0.0000000
8 3 7 1 -0.0000000
8 3 7 2 0.0016775
8 3 7 3 0.0000000
8 3 7 4 0.0000000
8 3 7 5 0.0007882
8 3 7 6 -0.0000000
8 3 7 7 0.0000000
8 3 8 0 0.0000472
8 3 8 1 -0.0127664
8 3 8 2 -0.0000000
8 3 8 3 0.0082177
8 3 8 4 -0.0002862
8 3 8 5 0.0000000
8 3 8 6 0.0171032
8 3 8 7 -0.0012118
8 3 8 8 0.0000000
8 4 0 0 0.0000000
8 4 1 0 0.0000000
8 4 1 1 0.0000000
8 4 2 0 0.0000030
8 4 2 1 -0.0013812
8 4 2 2 -0.0000000
8 4 3 0 -0.0000000
8 4 3 1 0.0000000
8 4 3 2 -0.0015030
8 4 3 3 0.0000000
8 4 4 0 0.0000000
8 4 4 1 0.0000000
8 4 4 2 -0.0035864
8 4 4 3 -0.0000000
8 4 4 4 0.0000000
8 4 5 0 -0.0001216
8 4 5 1 -0.0005664
8 4 5 2 -0.0000000
8 4 5 3 0.0009222
8 4 5 4 0.0028480
8 4 5 5 0.0000000
8 4 6 0 0.0000000
8 4 6 1 0.0000000
8 4 6 2 -0.0002740
8 4 6 3 -0.0000000
8 4 6 4 -0.0000000
8 4 6 5 -0.0006739
8 4 6 6 0.0000000
8 4 7 0 0.0000000
8 4 7 1 0.0000000
8 4 7 2 -0.0013326
8 4 7 3 -0.0000000
8 4 7 4 -0.0000000
8 4 7 5 0.0003081
8 4 7 6 -0.0000000
8 4 7 7 -0.0000000
8 4 8 0 0.0000015
8 4 8 1 0.0007306
8 4 8 2 0.0000000
8 4 8 3 -0.0002862
8 4 8 4 0.0002250
8 4 8 5 -0.0000000
8 4 8 6 -0.0003157
8 4 8 7 0.0003272
8 4 8 8 -0.0000000
8 5 0 0 -0.0262422
8 5 1 0 -0.0002673
8 5 1 1 -0.0162937
8 5 2 0 -0.0000000
8 5 2 1 -0.0000000
8 5 2 2 -0.0120653
8 5 3 0 0.0003032
8 5 3 1 -0.0027283
8 5 3 2 -0.0000000
8 5 3 3 -0.0135973
8 5 4 0 -0.0006247
8 5 4 1 0.0012228
8 5 4 2 0.0000000
8 5 4 3 0.0026833
8 5 4 4 -0.0090970
8 5 5 0 0.0000000
8 5 5 1 0.0000000
8 5 5 2 -0.0074711
8 5 5 3 0.0000000
8 5 5 4 -0.0000000
8 5 5 5 -0.0175059
8 5 6 0 -0.0004260
8 5 6 1 -0.0126964
8 5 6 2 -0.0000000
8 5 6 3 0.0059240
8 5 6 4 -0.0001310
8 5 6 5 0.0000000
8 5 6 6 -0.0048394
8 5 7 0 0.0001249
8 5 7 1 -0.0006065
8 5 7 2 0.0000000
8 5 7 3 0.0002739
8 5 7 4 0.0020303
8 5 7 5 0.0000000
8 5 7 6 -0.0003042
8 5 7 7 0.0021751
8 5 8 0 0.0000000
8 5 8 1 -0.0000000
8 5 8 2 0.0033848
8 5 8 3 0.0000000
8 5 8 4 -0.0000000
8 5 8 5 0.0033917
8 5 8 6 0.0000000
8 5 8 7 0.0000000
8 5 8 8 0.0174598
8 6 0 0 0.0000000
8 6 1 0 0.0000000
8 6 1 1 0.0000000
8 6 2 0 0.0001433
8 6 2 1 0.0036018
8 6 2 2 0.0000000
8 6 3 0 -0.0000000
8 6 3 1 0.0000000
8 6 3 2 0.0023248
8 6 3 3 0.0000000
8 6 4 0 0.0000000
8 6 4 1 -0.0000000
8 6 4 2 0.0044547
8 6 4 3 -0.0000000
8 6 4 4 0.0000000
8 6 5 0 0.0003929
8 6 5 1 0.0048223
8 6 5 2 0.0000000
8 6 5 3 -0.0013998
8 6 5 4 -0.0035660
8 6 5 5 0.0000000
8 6 6 0 -0.0000000
8 6 6 1 0.0000000
8 6 6 2 0.0037983
8 6 6 3 -0.0000000
8 6 6 4 0.0000000
8 6 6 5 0.0031769
8 6 6 6 -0.0000000
8 6 7 0 -0.0000000
8 6 7 1 -0.0000000
8 6 7 2 0.0020450
8 6 7 3 0.0000000
8 6 7 4 -0.0000000
8 6 7 5 0.0004063
8 6 7 6 -0.0000000
8 6 7 7 -0.0000000
8 6 8 0 0.0002019
8 6 8 1 -0.0260512
8 6 8 2 -0.0000000
8 6 8 3 0.0171032
8 6 8 4 -0.0003157
8 6 8 5 0.0000000
8 6 8 6 0.0412266
8 6 8 7 0.0010754
8 6 8 8 -0.0000000
8 7 0 0 0.0000000
8 7 1 0 0.0000000
8 7 1 1 0.0000000
8 7 2 0 -0.0002004
8 7 2 1 -0.0010856
8 7 2 2 -0.0000000
8 7 3 0 -0.0000000
8 7 3 1 0.0000000
8 7 3 2 -0.0010938
8 7 3 3 -0.0000000
8 7 4 0 0.0000000
8 7 4 1 0.0000000
8 7 4 2 -0.0004703
8 7 4 3 0.0000000
8 7 4 4 -0.0000000
8 7 5 0 -0.0003979
8 7 5 1 -0.0016004
8 7 5 2 -0.0000000
8 7 5 3 -0.0003171
8 7 5 4 0.0009592
8 7 5 5 -0.0000000
8 7 6 0 0.0000000
8 7 6 1 0.0000000
8 7 6 2 -0.0005199
8 7 6 3 0.0000000
8 7 6 4 -0.0000000
8 7 6 5 -0.0007421
8 7 6 6 0.0000000
8 7 7 0 -0.0000000
8 7 7 1 -0.0000000
8 7 7 2 0.0010931
8 7 7 3 0.0000000
8 7 7 4 -0.0000000
8 7 7 5 0.0011577
8 7 7 6 -0.0000000
8 7 7 7 -0.0000000
8 7 8 0 -0.0000279
8 7 8 1 -0.0007259
8 7 8 2 -0.0000000
8 7 8 3 -0.0012118
8 7 8 4 0.0003272
8 7 8 5 0.0000000
8 7 8 6 0.0010754
8 7 8 7 0.0210482
8 7 8 8 -0.0000000
8 8 0 0 0.3244165
8 8 1 0 0.0030086
8 8 1 1 0.4422361
8 8 2 0 0.0000000
8 8 2 1 0.0000000
8 8 2 2 0.2657150
8 8 3 0 -0.0037670
8 8 3 1 -0.0876078
8 8 3 2 -0.0000000
8 8 3 3 0.3218248
8 8 4 0 0.0041277
8 8 4 1 -0.0023415
8 8 4 2 -0.0000000
8 8 4 3 -0.0070364
8 8 4 4 0.2380159
8 8 5 0 0.0000000
8 8 5 1 -0.0000000
8 8 5 2 0.0447360
8 8 5 3 0.0000000
8 8 5 4 -0.0000000
8 8 5 5 0.2896470
8 8 6 0 0.0059520
8 8 6 1 -0.0983710
8 8 6 2 -0.0000000
8 8 6 3 0.0868802
8 8 6 4 0.0000313
8 8 6 5 0.0000000
8 8 6 6 0.5329586
8 8 7 0 -0.0013673
8 8 7 1 -0.0043079
8 8 7 2 0.0000000
8 8 7 3 -0.0325939
8 8 7 4 -0.0039003
8 8 7 5 0.0000000
8 8 7 6 0.0082992
8 8 7 7 0.4670422
8 8 8 0 -0.0000000
8 8 8 1 -0.0000000
8 8 8 2 0.0295273
8 8 8 3 0.0000000
8 8 8 4 -0.0000000
8 8 8 5 0.0174598
8 8 8 6 -0.0000000
8 8 8 7 -0.0000000
8 8 8 8 0.6728327
9 0 0 0 -0.0027899
9 0 1 0 0.0001208
9 0 1 1 -0.0004523
9 0 2 0 0.0000000
9 0 2 1 -0.0000000
9 0 2 2 -0.0003384
9 0 3 0 0.0000567
9 0 3 1 -0.0001932
9 0 3 2 -0.0000000
9 0 3 3 -0.0004761
9 0 4 0 -0.0002066
9 0 4 1 0.0000680
9 0 4 2 0.0000000
9 0 4 3 0.0001413
9 0 4 4 -0.0003353
9 0 5 0 0.0000000
9 0 5 1 -0.0000000
9 0 5 2 -0.0002282
9 0 5 3 0.0000000
9 0 5 4 0.0000000
9 0 5 5 -0.0005809
9 0 6 0 0.0000909
9 0 6 1 -0.0004798
9 0 6 2 -0.0000000
9 0 6 3 0.0002227
9 0 6 4 -0.0000130
9 0 6 5 0.0000000
9 0 6 6 -0.0001452
9 0 7 0 0.0001214
9 0 7 1 0.0000154
9 0 7 2 0.0000000
9 0 7 3 0.0000172
9 0 7 4 0.0000853
9 0 7 5 0.0000000
9 0 7 6 0.0000201
9 0 7 7 0.0000578
9 0 8 0 -0.0000000
9 0 8 1 -0.0000000
9 0 8 2 0.0000722
9 0 8 3 0.0000000
9 0 8 4 -0.0000000
9 0 8 5 0.0000693
9 0 8 6 -0.0000000
9 0 8 7 0.0000000
9 0 8 8 0.0004527
9 0 9 0 0.0000067
9 0 9 1 -0.0000531
9 0 9 2 -0.0000000
9 0 9 3 0.0000646
9 0 9 4 0.0000078
9 0 9 5 0.0000000
9 0 9 6 0.0002073
9 0 9 7 -0.0000200
9 0 9 8 -0.0000000
9 0 9 9 0.0031140
9 1 0 0 -0.0045777
9 1 1 0 -0.0001239
9 1 1 1 -0.0021927
9 1 2 0 -0.0000000
9 1 2 1 0.0000000
9 1 2 2 -0.0025322
9 1 3 0 -0.0000341
9 1 3 1 -0.0019099
9 1 3 2 -0.0000000
9 1 3 3 -0.0021952
9 1 4 0 -0.0001019
9 1 4 1 0.0001852
9 1 4 2 0.0000000
9 1 4 3 0.0005178
9 1 4 4 -0.0021670
9 1 5 0 0.0000000
9 1 5 1 -0.0000000
9 1 5 2 -0.0010452
9 1 5 3 0.0000000
9 1 5 4 0.0000000
9 1 5 5 -0.0033786
9 1 6 0 -0.0000895
9 1 6 1 -0.0043877
9 1 6 2 -0.0000000
9 1 6 3 0.0022168
9 1 6 4 0.0000030
9 1 6 5 0.0000000
9 1 6 6 0.0021221
9 1 7 0 0.0000885
9 1 7 1 -0.0002226
9 1 7 2 -0.0000000
9 1 7 3 0.0003307
9 1 7 4 0.0002302
9 1 7 5 0.0000000
9 1 7 6 0.0006830
9 1 7 7 -0.0003013
9 1 8 0 -0.0000000
9 1 8 1 -0.0000000
9 1 8 2 0.0004509
9 1 8 3 0.0000000
9 1 8 4 -0.0000000
9 1 8 5 0.0004364
9 1 8 6 0.0000000
9 1 8 7 0.0000000
9 1 8 8 0.0013246
9 1 9 0 -0.0000531
9 1 9 1 0.0043256
9 1 9 2 0.0000000
9 1 9 3 -0.0031371
9 1 9 4 -0.0001782
9 1 9 5 -0.0000000
9 1 9 6 -0.0094871
9 1 9 7 -0.0007766
9 1 9 8 -0.0000000
9 1 9 9 -0.0422074
9 2 0 0 -0.0000000
9 2 1 0 -0.0000000
9 2 1 1 -0.0000000
9 2 2 0 -0.0000373
9 2 2 1 -0.0002393
9 2 2 2 -0.0000000
9 2 3 0 -0.0000000
9 2 3 1 -0.0000000
9 2 3 2 -0.0000262
9 2 3 3 -0.0000000
9 2 4 0 -0.0000000
9 2 4 1 0.0000000
9 2 4 2 -0.0000090
9 2 4 3 0.0000000
9 2 4 4 -0.0000000
9 2 5 0 -0.0000740
9 2 5 1 -0.0003744
9 2 5 2 -0.0000000
9 2 5 3 -0.0000542
9 2 5 4 0.0000231
9 2 5 5 -0.0000000
9 2 6 0 -0.0000000
9 2 6 1 -0.0000000
9 2 6 2 -0.0002393
9 2 6 3 0.0000000
9 2 6 4 0.0000000
9 2 6 5 -0.0002777
9 2 6 6 0.0000000
9 2 7 0 0.0000000
9 2 7 1 -0.0000000
9 2 7 2 -0.0000259
9 2 7 3 0.0000000
9 2 7 4 0.0000000
9 2 7 5 -0.0000378
9 2 7 6 0.0000000
9 2 7 7 -0.0000000
9 2 8 0 0.0000011
9 2 8 1 0.0005535
9 2 8 2 0.0000000
9 2 8 3 -0.0003293
9 2 8 4 -0.0000008
9 2 8 5 -0.0000000
9 2 8 6 -0.0007486
9 2 8 7 -0.0000535
9 2 8 8 0.0000000
9 2 9 0 -0.0000000
9 2 9 1 0.0000000
9 2 9 2 0.0002044
9 2 9 3 -0.0000000
9 2 9 4 -0.0000000
9 2 9 5 0.0001720
9 2 9 6 -0.0000000
9 2 9 7 -0.0000000
9 2 9 8 0.0016629
9 2 9 9 -0.0000000
9 3 0 0 0.0006238
9 3 1 0 -0.0000381
9 3 1 1 -0.0003529
9 3 2 0 -0.0000000
9 3 2 1 -0.0000000
9 3 2 2 0.0008120
9 3 3 0 -0.0000609
9 3 3 1 0.0003406
9 3 3 2 0.0000000
9 3 3 3 0.0001296
9 3 4 0 -0.0000072
9 3 4 1 0.0000789
9 3 4 2 0.0000000
9 3 4 3 0.0000974
9 3 4 4 0.0007534
9 3 5 0 -0.0000000
9 3 5 1 0.0000000
9 3 5 2 -0.0000309
9 3 5 3 -0.0000000
9 3 5 4 0.0000000
9 3 5 5 0.0006697
9 3 6 0 -0.0000005
9 3 6 1 0.0011991
9 3 6 2 0.0000000
9 3 6 3 -0.0010206
9 3 6 4 -0.0000000
9 3 6 5 -0.0000000
9 3 6 6 -0.0011770
9 3 7 0 0.0000431
9 3 7 1 -0.0000040
9 3 7 2 -0.0000000
9 3 7 3 0.0000662
9 3 7 4 -0.0000515
9 3 7 5 0.0000000
9 3 7 6 0.0002601
9 3 7 7 0.0012954
9 3 8 0 0.0000000
9 3 8 1 0.0000000
9 3 8 2 0.0000644
9 3 8 3 -0.0000000
9 3 8 4 -0.0000000
9 3 8 5 0.0000707
9 3 8 6 -0.0000000
9 3 8 7 -0.0000000
9 3 8 8 0.0014084
9 3 9 0 0.0000646
9 3 9 1 -0.0031371
9 3 9 2 -0.0000000
9 3 9 3 0.0025755
9 3 9 4 0.0001438
9 3 9 5 0.0000000
9 3 9 6 0.0075382
9 3 9 7 -0.0006009
9 3 9 8 0.0000000
9 3 9 9 0.0454306
9 4 0 0 -0.0008053
9 4 1 0 0.0000513
9 4 1 1 -0.0000442
9 4 2 0 0.0000000
9 4 2 1 0.0000000
9 4 2 2 -0.0001743
9 4 3 0 0.0000226
9 4 3 1 -0.0000658
9 4 3 2 -0.0000000
9 4 3 3 -0.0001652
9 4 4 0 -0.0000135
9 4 4 1 -0.0000023
9 4 4 2 0.0000000
9 4 4 3 0.0001011
9 4 4 4 -0.0002021
9 4 5 0 0.0000000
9 4 5 1 0.0000000
9 4 5 2 -0.0001315
9 4 5 3 0.0000000
9 4 5 4 -0.0000000
9 4 5 5 -0.0002097
9 4 6 0 0.0000397
9 4 6 1 -0.0002936
9 4 6 2 -0.0000000
9 4 6 3 0.0002628
9 4 6 4 -0.0000487
9 4 6 5 0.0000000
9 4 6 6 0.0002148
9 4 7 0 -0.0000203
9 4 7 1 0.0000022
9 4 7 2 0.0000000
9 4 7 3 -0.0000973
9 4 7 4 0.0001494
9 4 7 5 -0.0000000
9 4 7 6 -0.0000736
9 4 7 7 0.0001930
9 4 8 0 -0.0000000
9 4 8 1 -0.0000000
9 4 8 2 0.0000936
9 4 8 3 0.0000000
9 4 8 4 -0.0000000
9 4 8 5 0.0000758
9 4 8 6 0.0000000
9 4 8 7 0.0000000
9 4 8 8 0.0006188
9 4 9 0 0.0000078
9 4 9 1 -0.0001782
9 4 9 2 -0.0000000
9 4 9 3 0.0001438
9 4 9 4 0.0000233
9 4 9 5 0.0000000
9 4 9 6 0.0005260
9 4 9 7 0.0001994
9 4 9 8 -0.0000000
9 4 9 9 0.0067998
9 5 0 0 -0.0000000
9 5 1 0 0.0000000
9 5 1 1 -0.0000000
9 5 2 0 -0.0000727
9 5 2 1 -0.0004459
9 5 2 2 -0.0000000
9 5 3 0 0.0000000
9 5 3 1 0.0000000
9 5 3 2 -0.0002458
9 5 3 3 -0.0000000
9 5 4 0 -0.0000000
9 5 4 1 0.0000000
9 5 4 2 -0.0002634
9 5 4 3 0.0000000
9 5 4 4 -0.0000000
9 5 5 0 -0.0001568
9 5 5 1 -0.0006285
9 5 5 2 -0.0000000
9 5 5 3 -0.0000370
9 5 5 4 0.0003466
9 5 5 5 -0.0000000
9 5 6 0 0.0000000
9 5 6 1 0.0000000
9 5 6 2 -0.0002926
9 5 6 3 -0.0000000
9 5 6 4 -0.0000000
9 5 6 5 -0.0004548
9 5 6 6 -0.0000000
9 5 7 0 0.0000000
9 5 7 1 0.0000000
9 5 7 2 -0.0001830
9 5 7 3 -0.0000000
9 5 7 4 0.0000000
9 5 7 5 -0.0000154
9 5 7 6 -0.0000000
9 5 7 7 0.0000000
9 5 8 0 0.0000036
9 5 8 1 0.0006074
9 5 8 2 0.0000000
9 5 8 3 -0.0003348
9 5 8 4 0.0000053
9 5 8 5 0.0000000
9 5 8 6 -0.0006987
9 5 8 7 0.0000287
9 5 8 8 0.0000000
9 5 9 0 0.0000000
9 5 9 1 -0.0000000
9 5 9 2 0.0001720
9 5 9 3 0.0000000
9 5 9 4 0.0000000
9 5 9 5 0.0001489
9 5 9 6 0.0000000
9 5 9 7 0.0000000
9 5 9 8 0.0013697
9 5 9 9 0.0000000
9 6 0 0 -0.0033298
9 6 1 0 -0.0000907
9 6 1 1 -0.0044877
9 6 2 0 -0.0000000
9 6 2 1 -0.0000000
9 6 2 2 -0.0009556
9 6 3 0 0.0001091
9 6 3 1 0.0017681
9 6 3 2 0.0000000
9 6 3 3 -0.0026095
9 6 4 0 -0.0001273
9 6 4 1 0.0001653
9 6 4 2 0.0000000
9 6 4 3 0.0002331
9 6 4 4 -0.0008376
9 6 5 0 0.0000000
9 6 5 1 0.0000000
9 6 5 2 -0.0006972
9 6 5 3 -0.0000000
9 6 5 4 -0.0000000
9 6 5 5 -0.0017026
9 6 6 0 -0.0001499
9 6 6 1 0.0011668
9 6 6 2 0.0000000
9 6 6 3 -0.0010869
9 6 6 4 -0.0000664
9 6 6 5 -0.0000000
9 6 6 6 -0.0049466
9 6 7 0 0.0000217
9 6 7 1 0.0001306
9 6 7 2 0.0000000
9 6 7 3 -0.0004673
9 6 7 4 0.0003161
9 6 7 5 -0.0000000
9 6 7 6 -0.0006939
9 6 7 7 0.0033592
9 6 8 0 -0.0000000
9 6 8 1 -0.0000000
9 6 8 2 0.0008710
9 6 8 3 0.0000000
9 6 8 4 -0.0000000
9 6 8 5 0.0008639
9 6 8 6 -0.0000000
9 6 8 7 -0.0000000
9 6 8 8 0.0065381
9 6 9 0 0.0002073
9 6 9 1 -0.0094871
9 6 9 2 -0.0000000
9 6 9 3 0.0075382
9 6 9 4 0.0005260
9 6 9 5 0.0000000
9 6 9 6 0.0231443
9 6 9 7 0.0009189
9 6 9 8 -0.0000000
9 6 9 9 0.1524404
9 7 0 0 0.0009808
9 7 1 0 -0.0001031
9 7 1 1 -0.0007365
9 7 2 0 -0.0000000
9 7 2 1 -0.0000000
9 7 2 2 0.0007244
9 7 3 0 -0.0000292
9 7 3 1 -0.0001662
9 7 3 2 -0.0000000
9 7 3 3 0.0004057
9 7 4 0 -0.0000178
9 7 4 1 0.0001297
9 7 4 2 0.0000000
9 7 4 3 0.0001280
9 7 4 4 0.0009211
9 7 5 0 -0.0000000
9 7 5 1 0.0000000
9 7 5 2 -0.0003224
9 7 5 3 -0.0000000
9 7 5 4 0.0000000
9 7 5 5 0.0004356
9 7 6 0 -0.0000594
9 7 6 1 0.0001229
9 7 6 2 0.0000000
9 7 6 3 -0.0001063
9 7 6 4 -0.0000402
9 7 6 5 -0.0000000
9 7 6 6 0.0001668
9 7 7 0 0.0000504
9 7 7 1 0.0012053
9 7 7 2 0.0000000
9 7 7 3 -0.0006397
9 7 7 4 -0.0001977
9 7 7 5 -0.0000000
9 7 7 6 -0.0020571
9 7 7 7 0.0001770
9 7 8 0 -0.0000000
9 7 8 1 0.0000000
9 7 8 2 -0.0000011
9 7 8 3 0.0000000
9 7 8 4 -0.0000000
9 7 8 5 0.0001150
9 7 8 6 -0.0000000
9 7 8 7 0.0000000
9 7 8 8 -0.0000624
9 7 9 0 -0.0000200
9 7 9 1 -0.0007766
9 7 9 2 -0.0000000
9 7 9 3 -0.0006009
9 7 9 4 0.0001994
9 7 9 5 0.0000000
9 7 9 6 0.0009189
9 7 9 7 0.0091562
9 7 9 8 -0.0000000
9 7 9 9 0.0149379
9 8 0 0 -0.0000000
9 8 1 0 -0.0000000
9 8 1 1 -0.0000000
9 8 2 0 0.0000756
9 8 2 1 0.0012477
9 8 2 2 0.0000000
9 8 3 0 0.0000000
9 8 3 1 -0.0000000
9 8 3 2 0.0004406
9 8 3 3 0.0000000
9 8 4 0 -0.0000000
9 8 4 1 -0.0000000
9 8 4 2 0.0010903
9 8 4 3 0.0000000
9 8 4 4 0.0000000
9 8 5 0 0.0001849
9 8 5 1 0.0011451
9 8 5 2 0.0000000
9 8 5 3 -0.0002431
9 8 5 4 -0.0010369
9 8 5 5 0.0000000
9 8 6 0 -0.0000000
9 8 6 1 -0.0000000
9 8 6 2 -0.0000759
9 8 6 3 0.0000000
9 8 6 4 0.0000000
9 8 6 5 0.0003016
9 8 6 6 -0.0000000
9 8 7 0 -0.0000000
9 8 7 1 -0.0000000
9 8 7 2 0.0005029
9 8 7 3 0.0000000
9 8 7 4 -0.0000000
9 8 7 5 0.0000328
9 8 7 6 -0.0000000
9 8 7 7 -0.0000000
9 8 8 0 -0.0000000
9 8 8 1 0.0010574
9 8 8 2 0.0000000
9 8 8 3 -0.0009484
9 8 8 4 -0.0002599
9 8 8 5 -0.0000000
9 8 8 6 -0.0030277
9 8 8 7 -0.0004312
9 8 8 8 -0.0000000
9 8 9 0 -0.0000000
9 8 9 1 -0.0000000
9 8 9 2 0.0016629
9 8 9 3 0.0000000
9 8 9 4 -0.0000000
9 8 9 5 0.0013697
9 8 9 6 -0.0000000
9 8 9 7 -0.0000000
9 8 9 8 0.0145315
9 8 9 9 -0.0000000
9 9 0 0 0.3430191
9 9 1 0 0.0034398
9 9 1 1 0.5256124
9 9 2 0 0.0000000
9 9 2 1 0.0000000
9 9 2 2 0.2721437
9 9 3 0 -0.0043567
9 9 3 1 -0.1349145
9 9 3 2 -0.0000000
9 9 3 3 0.3647029
9 9 4 0 0.0049383
9 9 4 1 -0.0043581
9 9 4 2 -0.0000000
9 9 4 3 -0.0079105
9 9 4 4 0.2415065
9 9 5 0 0.0000000
9 9 5 1 -0.0000000
9 9 5 2 0.0509439
9 9 5 3 0.0000000
9 9 5 4 -0.0000000
9 9 5 5 0.3001016
9 9 6 0 0.0076909
9 9 6 1 -0.1960166
9 9 6 2 -0.0000000
9 9 6 3 0.1583821
9 9 6 4 0.0021066
9 9 6 5 0.0000000
9 9 6 6 0.7444667
9 9 7 0 -0.0020445
9 9 7 1 -0.0109090
9 9 7 2 0.0000000
9 9 7 3 -0.0479276
9 9 7 4 -0.0026527
9 9 7 5 0.0000000
9 9 7 6 0.0088248
9 9 7 7 0.6182417
9 9 8 0 -0.0000000
9 9 8 1 -0.0000000
9 9 8 2 0.0481713
9 9 8 3 0.0000000
9 9 8 4 -0.0000000
9 9 8 5 0.0312549
9 9 8 6 -0.0000000
9 9 8 7 -0.0000000
9 9 8 8 0.8416886
9 9 9 0 0.0031140
9 9 9 1 -0.0422074
9 9 9 2 -0.0000000
9 9 9 3 0.0454306
9 9 9 4 0.0067998
9 9 9 5 0.0000000
9 9 9 6 0.1524404
9 9 9 7 0.0149379
9 9 9 8 -0.0000000
9 9 9 9 3.4993852
10 0 0 0 0.0247555
10 0 1 0 -0.0011476
10 0 1 1 0.0034627
10 0 2 0 -0.0000000
10 0 2 1 0.0000000
10 0 2 2 0.0001767
10 0 3 0 -0.0000336
10 0 3 1 0.0015929
10 0 3 2 0.0000000
10 0 3 3 0.0018579
10 0 4 0 0.0031958
10 0 4 1 -0.0006932
10 0 4 2 -0.0000000
10 0 4 3 -0.0009895
10 0 4 4 -0.0000098
10 0 5 0 -0.0000000
10 0 5 1 0.0000000
10 0 5 2 0.0009290
10 0 5 3 0.0000000
10 0 5 4 -0.0000000
10 0 5 5 0.0017773
10 0 6 0 -0.0012614
10 0 6 1 0.0021303
10 0 6 2 0.0000000
10 0 6 3 0.0004903
10 0 6 4 -0.0000665
10 0 6 5 -0.0000000
10 0 6 6 0.0012673
10 0 7 0 -0.0027185
10 0 7 1 -0.0005588
10 0 7 2 -0.0000000
10 0 7 3 -0.0003077
10 0 7 4 0.0006776
10 0 7 5 -0.0000000
10 0 7 6 -0.0005703
10 0 7 7 -0.0013609
10 0 8 0 0.0000000
10 0 8 1 0.0000000
10 0 8 2 -0.0001509
10 0 8 3 -0.0000000
10 0 8 4 0.0000000
10 0 8 5 -0.0002069
10 0 8 6 0.0000000
10 0 8 7 -0.0000000
10 0 8 8 -0.0007612
10 0 9 0 -0.0000357
10 0 9 1 -0.0000590
10 0 9 2 -0.0000000
10 0 9 3 -0.0000043
10 0 9 4 0.0000000
10 0 9 5 -0.0000000
10 0 9 6 -0.0000277
10 0 9 7 -0.0000134
10 0 9 8 -0.0000000
10 0 9 9 -0.0010081
10 0 10 0 0.0006751
10 0 10 1 0.0005550
10 0 10 2 0.0000000
10 0 10 3 0.0000270
10 0 10 4 -0.0001505
10 0 10 5 -0.0000000
10 0 10 6 0.0000086
10 0 10 7 -0.0000524
10 0 10 8 -0.0000000
10 0 10 9 -0.0000224
10 0 10 10 -0.0012462
10 1 0 0 0.0350553
10 1 1 0 0.0014427
10 1 1 1 0.0386064
10 1 2 0 0.0000000
10 1 2 1 0.0000000
10 1 2 2 0.0148431
10 1 3 0 0.0008236
10 1 3 1 0.0030576
10 1 3 2 0.0000000
10 1 3 3 0.0251179
10 1 4 0 0.0009104
10 1 4 1 -0.0022134
10 1 4 2 0.0000000
10 1 4 3 -0.0056179
10 1 4 4 0.0129084
10 1 5 0 0.0000000
10 1 5 1 -0.0000000
10 1 5 2 0.0091090
10 1 5 3 -0.0000000
10 1 5 4 -0.0000000
10 1 5 5 0.0235792
10 1 6 0 0.0009045
10 1 6 1 0.0109146
10 1 6 2 0.0000000
10 1 6 3 0.0009021
10 1 6 4 0.0008827
10 1 6 5 0.0000000
10 1 6 6 0.0219635
10 1 7 0 -0.0011098
10 1 7 1 0.0000497
10 1 7 2 0.0000000
10 1 7 3 -0.0021266
10 1 7 4 -0.0016888
10 1 7 5 -0.0000000
10 1 7 6 -0.0052233
10 1 7 7 0.0018082
10 1 8 0 0.0000000
10 1 8 1 0.0000000
10 1 8 2 -0.0036344
10 1 8 3 0.0000000
10 1 8 4 0.0000000
10 1 8 5 -0.0044316
10 1 8 6 0.0000000
10 1 8 7 -0.0000000
10 1 8 8 -0.0061147
10 1 9 0 -0.0001234
10 1 9 1 -0.0001058
10 1 9 2 -0.0000000
10 1 9 3 -0.0008307
10 1 9 4 -0.0001935
10 1 9 5 -0.0000000
10 1 9 6 -0.0037985
10 1 9 7 -0.0002428
10 1 9 8 -0.0000000
10 1 9 9 -0.0319157
10 1 10 0 0.0005550
10 1 10 1 0.0211876
10 1 10 2 0.0000000
10 1 10 3 -0.0098688
10 1 10 4 0.0007935
10 1 10 5 -0.0000000
10 1 10 6 -0.0238037
10 1 10 7 0.0004589
10 1 10 8 -0.0000000
10 1 10 9 0.0005261
10 1 10 10 -0.0465723
10 2 0 0 0.0000000
10 2 1 0 0.0000000
10 2 1 1 0.0000000
10 2 2 0 -0.0007615
10 2 2 1 -0.0043249
10 2 2 2 0.0000000
10 2 3 0 0.0000000
10 2 3 1 0.0000000
10 2 3 2 -0.0065950
10 2 3 3 0.0000000
10 2 4 0 0.0000000
10 2 4 1 0.0000000
10 2 4 2 -0.0097880
10 2 4 3 -0.0000000
10 2 4 4 0.0000000
10 2 5 0 -0.0018395
10 2 5 1 -0.0021370
10 2 5 2 0.0000000
10 2 5 3 0.0021728
10 2 5 4 0.0112035
10 2 5 5 0.0000000
10 2 6 0 0.0000000
10 2 6 1 0.0000000
10 2 6 2 -0.0010151
10 2 6 3 -0.0000000
10 2 6 4 -0.0000000
10 2 6 5 -0.0029186
10 2 6 6 0.0000000
10 2 7 0 -0.0000000
10 2 7 1 0.0000000
10 2 7 2 -0.0074206
10 2 7 3 -0.0000000
10 2 7 4 -0.0000000
10 2 7 5 -0.0009515
10 2 7 6 -0.0000000
10 2 7 7 0.0000000
10 2 8 0 -0.0000210
10 2 8 1 0.0019393
10 2 8 2 -0.0000000
10 2 8 3 -0.0012669
10 2 8 4 0.0002467
10 2 8 5 -0.0000000
10 2 8 6 -0.0033801
10 2 8 7 0.0001665
10 2 8 8 -0.0000000
10 2 9 0 -0.0000000
10 2 9 1 -0.0000000
10 2 9 2 0.0000531
10 2 9 3 -0.0000000
10 2 9 4 -0.0000000
10 2 9 5 0.0000751
10 2 9 6 -0.0000000
10 2 9 7 -0.0000000
10 2 9 8 0.0000973
10 2 9 9 -0.0000000
10 2 10 0 0.0000000
10 2 10 1 0.0000000
10 2 10 2 0.0028132
10 2 10 3 -0.0000000
10 2 10 4 0.0000000
10 2 10 5 0.0010523
10 2 10 6 -0.0000000
10 2 10 7 0.0000000
10 2 10 8 0.0113465
10 2 10 9 0.0000000
10 2 10 10 -0.0000000
10 3 0 0 -0.0021329
10 3 1 0 0.0003686
10 3 1 1 -0.0066731
10 3 2 0 0.0000000
10 3 2 1 0.0000000
10 3 2 2 -0.0096550
10 3 3 0 -0.0006358
10 3 3 1 0.0015275
10 3 3 2 -0.0000000
10 3 3 3 -0.0076926
10 3 4 0 0.0006103
10 3 4 1 -0.0009124
10 3 4 2 -0.0000000
10 3 4 3 0.0009327
10 3 4 4 -0.0107826
10 3 5 0 0.0000000
10 3 5 1 -0.0000000
10 3 5 2 0.0019059
10 3 5 3 0.0000000
10 3 5 4 0.0000000
10 3 5 5 -0.0073495
10 3 6 0 0.0008254
10 3 6 1 0.0028684
10 3 6 2 0.0000000
10 3 6 3 -0.0004622
10 3 6 4 -0.0016775
10 3 6 5 -0.0000000
10 3 6 6 -0.0064598
10 3 7 0 -0.0001847
10 3 7 1 -0.0022011
10 3 7 2 -0.0000000
10 3 7 3 -0.0035425
10 3 7 4 0.0006259
10 3 7 5 0.0000000
10 3 7 6 0.0059043
10 3 7 7 -0.0018882
10 3 8 0 -0.0000000
10 3 8 1 -0.0000000
10 3 8 2 0.0010514
10 3 8 3 -0.0000000
10 3 8 4 -0.0000000
10 3 8 5 0.0012225
10 3 8 6 -0.0000000
10 3 8 7 0.0000000
10 3 8 8 0.0000039
10 3 9 0 0.0000314
10 3 9 1 -0.0003494
10 3 9 2 -0.0000000
10 3 9 3 0.0005612
10 3 9 4 0.0000958
10 3 9 5 0.0000000
10 3 9 6 0.0022182
10 3 9 7 -0.0001130
10 3 9 8 0.0000000
10 3 9 9 0.0119065
10 3 10 0 0.0000270
10 3 10 1 -0.0098688
10 3 10 2 -0.0000000
10 3 10 3 0.0077822
10 3 10 4 -0.0004246
10 3 10 5 0.0000000
10 3 10 6 0.0142455
10 3 10 7 -0.0081745
10 3 10 8 0.0000000
10 3 10 9 -0.0007831
10 3 10 10 0.0189970
10 4 0 0 0.0299447
10 4 1 0 -0.0017123
10 4 1 1 0.0065801
10 4 2 0 -0.0000000
10 4 2 1 0.0000000
10 4 2 2 0.0027517
10 4 3 0 -0.0005380
10 4 3 1 0.0000401
10 4 3 2 -0.0000000
10 4 3 3 0.0095761
10 4 4 0 0.0001554
10 4 4 1 -0.0012183
10 4 4 2 -0.0000000
10 4 4 3 -0.0055507
10 4 4 4 0.0037889
10 4 5 0 -0.0000000
10 4 5 1 -0.0000000
10 4 5 2 0.0075764
10 4 5 3 -0.0000000
10 4 5 4 0.0000000
10 4 5 5 0.0067292
10 4 6 0 -0.0013798
10 4 6 1 0.0035146
10 4 6 2 -0.0000000
10 4 6 3 -0.0042008
10 4 6 4 0.0017430
10 4 6 5 0.0000000
10 4 6 6 0.0074623
10 4 7 0 0.0009378
10 4 7 1 0.0000422
10 4 7 2 0.0000000
10 4 7 3 0.0001684
10 4 7 4 -0.0063907
10 4 7 5 -0.0000000
10 4 7 6 0.0000510
10 4 7 7 0.0082403
10 4 8 0 0.0000000
10 4 8 1 0.0000000
10 4 8 2 -0.0003611
10 4 8 3 0.0000000
10 4 8 4 0.0000000
10 4 8 5 -0.0005948
10 4 8 6 0.0000000
10 4 8 7 0.0000000
10 4 8 8 0.0003526
10 4 9 0 -0.0000208
10 4 9 1 -0.0001061
10 4 9 2 -0.0000000
10 4 9 3 0.0000318
10 4 9 4 -0.0000378
10 4 9 5 -0.0000000
10 4 9 6 -0.0000440
10 4 9 7 0.0000435
10 4 9 8 -0.0000000
10 4 9 9 -0.0000297
10 4 10 0 -0.0001505
10 4 10 1 0.0007935
10 4 10 2 0.0000000
10 4 10 3 -0.0004246
10 4 10 4 0.0014897
10 4 10 5 -0.0000000
10 4 10 6 -0.0007772
10 4 10 7 -0.0009906
10 4 10 8 -0.0000000
10 4 10 9 0.0000357
10 4 10 10 -0.0001727
10 5 0 0 -0.0000000
10 5 1 0 0.0000000
10 5 1 1 -0.0000000
10 5 2 0 -0.0004879
10 5 2 1 0.0006870
10 5 2 2 -0.0000000
10 5 3 0 0.0000000
10 5 3 1 0.0000000
10 5 3 2 0.0016305
10 5 3 3 -0.0000000
10 5 4 0 -0.0000000
10 5 4 1 -0.0000000
10 5 4 2 0.0040932
10 5 4 3 -0.0000000
10 5 4 4 -0.0000000
10 5 5 0 -0.0007217
10 5 5 1 0.0005346
10 5 5 2 -0.0000000
10 5 5 3 -0.0005829
10 5 5 4 -0.0022294
10 5 5 5 -0.0000000
10 5 6 0 -0.0000000
10 5 6 1 0.0000000
10 5 6 2 -0.0005302
10 5 6 3 -0.0000000
10 5 6 4 0.0000000
10 5 6 5 0.0002611
10 5 6 6 -0.0000000
10 5 7 0 -0.0000000
10 5 7 1 -0.0000000
10 5 7 2 -0.0005143
10 5 7 3 0.0000000
10 5 7 4 0.0000000
10 5 7 5 -0.0023529
10 5 7 6 0.0000000
10 5 7 7 -0.0000000
10 5 8 0 -0.0000293
10 5 8 1 0.0000152
10 5 8 2 0.0000000
10 5 8 3 -0.0004963
10 5 8 4 -0.0001506
10 5 8 5 0.0000000
10 5 8 6 -0.0017955
10 5 8 7 -0.0002760
10 5 8 8 -0.0000000
10 5 9 0 0.0000000
10 5 9 1 -0.0000000
10 5 9 2 0.0000302
10 5 9 3 0.0000000
10 5 9 4 0.0000000
10 5 9 5 0.0000005
10 5 9 6 0.0000000
10 5 9 7 0.0000000
10 5 9 8 0.0002048
10 5 9 9 0.0000000
10 5 10 0 -0.0000000
10 5 10 1 -0.0000000
10 5 10 2 0.0010523
10 5 10 3 0.0000000
10 5 10 4 -0.0000000
10 5 10 5 0.0013824
10 5 10 6 0.0000000
10 5 10 7 -0.0000000
10 5 10 8 0.0080049
10 5 10 9 -0.0000000
10 5 10 10 0.0000000
10 6 0 0 -0.0216365
10 6 1 0 0.0001480
10 6 1 1 -0.0294957
10 6 2 0 -0.0000000
10 6 2 1 -0.0000000
10 6 2 2 -0.0135382
10 6 3 0 0.0018796
10 6 3 1 0.0110452
10 6 3 2 0.0000000
10 6 3 3 -0.0168645
10 6 4 0 -0.0007622
10 6 4 1 0.0000255
10 6 4 2 -0.0000000
10 6 4 3 -0.0021377
10 6 4 4 -0.0096021
10 6 5 0 -0.0000000
10 6 5 1 0.0000000
10 6 5 2 -0.0045757
10 6 5 3 -0.0000000
10 6 5 4 0.0000000
10 6 5 5 -0.0160700
10 6 6 0 -0.0012743
10 6 6 1 0.0029265
10 6 6 2 0.0000000
10 6 6 3 -0.0037660
10 6 6 4 0.0013708
10 6 6 5 -0.0000000
10 6 6 6 -0.0317741
10 6 7 0 -0.0005041
10 6 7 1 -0.0046084
10 6 7 2 -0.0000000
10 6 7 3 0.0049208
10 6 7 4 0.0010044
10 6 7 5 0.0000000
10 6 7 6 0.0005007
10 6 7 7 -0.0146041
10 6 8 0 0.0000000
10 6 8 1 -0.0000000
10 6 8 2 0.0017918
10 6 8 3 0.0000000
10 6 8 4 -0.0000000
10 6 8 5 0.0026842
10 6 8 6 -0.0000000
10 6 8 7 0.0000000
10 6 8 8 -0.0159744
10 6 9 0 0.0000897
10 6 9 1 -0.0013450
10 6 9 2 -0.0000000
10 6 9 3 0.0016639
10 6 9 4 0.0002330
10 6 9 5 0.0000000
10 6 9 6 0.0063511
10 6 9 7 0.0000009
10 6 9 8 -0.0000000
10 6 9 9 0.0195100
10 6 10 0 0.0000086
10 6 10 1 -0.0238037
10 6 10 2 -0.0000000
10 6 10 3 0.0142455
10 6 10 4 -0.0007772
10 6 10 5 0.0000000
10 6 10 6 0.0368295
10 6 10 7 -0.0083787
10 6 10 8 -0.0000000
10 6 10 9 -0.0015547
10 6 10 10 0.0394401
10 7 0 0 -0.0552405
10 7 1 0 0.0031685
10 7 1 1 0.0053597
10 7 2 0 0.0000000
10 7 2 1 0.0000000
10 7 2 2 -0.0317132
10 7 3 0 0.0014777
10 7 3 1 -0.0068304
10 7 3 2 -0.0000000
10 7 3 3 -0.0215032
10 7 4 0 0.0004793
10 7 4 1 -0.0000243
10 7 4 2 -0.0000000
10 7 4 3 0.0002772
10 7 4 4 -0.0349115
10 7 5 0 0.0000000
10 7 5 1 -0.0000000
10 7 5 2 0.0002228
10 7 5 3 0.0000000
10 7 5 4 -0.0000000
10 7 5 5 -0.0286960
10 7 6 0 0.0021710
10 7 6 1 -0.0202042
10 7 6 2 -0.0000000
10 7 6 3 0.0231295
10 7 6 4 -0.0011010
10 7 6 5 0.0000000
10 7 6 6 0.0091433
10 7 7 0 -0.0024795
10 7 7 1 0.0052678
10 7 7 2 0.0000000
10 7 7 3 -0.0112761
10 7 7 4 0.0073097
10 7 7 5 -0.0000000
10 7 7 6 -0.0255808
10 7 7 7 -0.0054839
10 7 8 0 -0.0000000
10 7 8 1 -0.0000000
10 7 8 2 0.0044594
10 7 8 3 0.0000000
10 7 8 4 -0.0000000
10 7 8 5 0.0020403
10 7 8 6 -0.0000000
10 7 8 7 0.0000000
10 7 8 8 0.0340626
10 7 9 0 0.0000888
10 7 9 1 -0.0001465
10 7 9 2 -0.0000000
10 7 9 3 -0.0000459
10 7 9 4 0.0001864
10 7 9 5 0.0000000
10 7 9 6 0.0013615
10 7 9 7 0.0002960
10 7 9 8 -0.0000000
10 7 9 9 0.0632212
10 7 10 0 -0.0000524
10 7 10 1 0.0004589
10 7 10 2 0.0000000
10 7 10 3 -0.0081745
10 7 10 4 -0.0009906
10 7 10 5 -0.0000000
10 7 10 6 -0.0083787
10 7 10 7 0.0750994
10 7 10 8 0.0000000
10 7 10 9 0.0038252
10 7 10 10 0.0676368
10 8 0 0 0.0000000
10 8 1 0 0.0000000
10 8 1 1 0.0000000
10 8 2 0 -0.0007390
10 8 2 1 -0.0087169
10 8 2 2 -0.0000000
10 8 3 0 -0.0000000
10 8 3 1 0.0000000
10 8 3 2 -0.0045079
10 8 3 3 -0.0000000
10 8 4 0 0.0000000
10 8 4 1 0.0000000
10 8 4 2 -0.0079380
10 8 4 3 -0.0000000
10 8 4 4 -0.0000000
10 8 5 0 -0.0016568
10 8 5 1 -0.0101971
10 8 5 2 -0.0000000
10 8 5 3 0.0014546
10 8 5 4 0.0074029
10 8 5 5 -0.0000000
10 8 6 0 0.0000000
10 8 6 1 0.0000000
10 8 6 2 -0.0053710
10 8 6 3 -0.0000000
10 8 6 4 -0.0000000
10 8 6 5 -0.0063995
10 8 6 6 0.0000000
10 8 7 0 0.0000000
10 8 7 1 0.0000000
10 8 7 2 -0.0040214
10 8 7 3 -0.0000000
10 8 7 4 0.0000000
10 8 7 5 -0.0008232
10 8 7 6 0.0000000
10 8 7 7 0.0000000
10 8 8 0 -0.0004316
10 8 8 1 0.0201363
10 8 8 2 0.0000000
10 8 8 3 -0.0144546
10 8 8 4 0.0003323
10 8 8 5 -0.0000000
10 8 8 6 -0.0391172
10 8 8 7 0.0012069
10 8 8 8 0.0000000
10 8 9 0 -0.0000000
10 8 9 1 -0.0000000
10 8 9 2 0.0006175
10 8 9 3 0.0000000
10 8 9 4 -0.0000000
10 8 9 5 0.0006086
10 8 9 6 -0.0000000
10 8 9 7 -0.0000000
10 8 9 8 -0.0000316
10 8 9 9 -0.0000000
10 8 10 0 -0.0000000
10 8 10 1 -0.0000000
10 8 10 2 0.0113465
10 8 10 3 0.0000000
10 8 10 4 -0.0000000
10 8 10 5 0.0080049
10 8 10 6 -0.0000000
10 8 10 7 0.0000000
10 8 10 8 0.1090352
10 8 10 9 0.0000000
10 8 10 10 -0.0000000
10 9 0 0 0.0124982
10 9 1 0 0.0001789
10 9 1 1 0.0268210
10 9 2 0 0.0000000
10 9 2 1 0.0000000
10 9 2 2 0.0079936
10 9 3 0 -0.0003458
10 9 3 1 -0.0115557
10 9 3 2 -0.0000000
10 9 3 3 0.0157181
10 9 4 0 0.0003276
10 9 4 1 -0.0003727
10 9 4 2 -0.0000000
10 9 4 3 -0.0002082
10 9 4 4 0.0062063
10 9 5 0 0.0000000
10 9 5 1 -0.0000000
10 9 5 2 0.0029610
10 9 5 3 0.0000000
10 9 5 4 -0.0000000
10 9 5 5 0.0096952
10 9 6 0 0.0005993
10 9 6 1 -0.0181961
10 9 6 2 -0.0000000
10 9 6 3 0.0140057
10 9 6 4 0.0003411
10 9 6 5 0.0000000
10 9 6 6 0.0499445
10 9 7 0 -0.0001094
10 9 7 1 -0.0009843
10 9 7 2 -0.0000000
10 9 7 3 -0.0031644
10 9 7 4 -0.0000831
10 9 7 5 0.0000000
10 9 7 6 0.0010585
10 9 7 7 0.0335518
10 9 8 0 -0.0000000
10 9 8 1 -0.0000000
10 9 8 2 0.0038951
10 9 8 3 0.0000000
10 9 8 4 -0.0000000
10 9 8 5 0.0025469
10 9 8 6 -0.0000000
10 9 8 7 -0.0000000
10 9 8 8 0.0496117
10 9 9 0 0.0003112
10 9 9 1 -0.0069978
10 9 9 2 -0.0000000
10 9 9 3 0.0061229
10 9 9 4 0.0007323
10 9 9 5 0.0000000
10 9 9 6 0.0201332
10 9 9 7 0.0036628
10 9 9 8 -0.0000000
10 9 9 9 0.3648303
10 9 10 0 -0.0000224
10 9 10 1 0.0005261
10 9 10 2 0.0000000
10 9 10 3 -0.0007831
10 9 10 4 0.0000357
10 9 10 5 -0.0000000
10 9 10 6 -0.0015547
10 9 10 7 0.0038252
10 9 10 8 0.0000000
10 9 10 9 0.0530073
10 9 10 10 0.0389064
10 10 0 0 0.2902138
10 10 1 0 0.0021692
10 10 1 1 0.3886821
10 10 2 0 0.0000000
10 10 2 1 0.0000000
10 10 2 2 0.2370924
10 10 3 0 -0.0025518
10 10 3 1 -0.0704847
10 10 3 2 -0.0000000
10 10 3 3 0.2882053
10 10 4 0 0.0031895
10 10 4 1 -0.0024887
10 10 4 2 -0.0000000
10 10 4 3 -0.0083739
10 10 4 4 0.2156428
10 10 5 0 0.0000000
10 10 5 1 -0.0000000
10 10 5 2 0.0372319
10 10 5 3 0.0000000
10 10 5 4 -0.0000000
10 10 5 5 0.2567423
10 10 6 0 0.0040719
10 10 6 1 -0.0950743
10 10 6 2 -0.0000000
10 10 6 3 0.0812695
10 10 6 4 0.0000551
10 10 6 5 0.0000000
10 10 6 6 0.4793223
10 10 7 0 -0.0014352
10 10 7 1 -0.0018546
10 10 7 2 0.0000000
10 10 7 3 -0.0367455
10 10 7 4 -0.0037930
10 10 7 5 -0.0000000
10 10 7 6 -0.0092705
10 10 7 7 0.4644442
10 10 8 0 -0.0000000
10 10 8 1 -0.0000000
10 10 8 2 0.0308936
10 10 8 3 0.0000000
10 10 8 4 -0.0000000
10 10 8 5 0.0203428
10 10 8 6 -0.0000000
10 10 8 7 0.0000000
10 10 8 8 0.6110799
10 10 9 0 0.0005752
10 10 9 1 0.0005348
10 10 9 2 0.0000000
10 10 9 3 0.0027477
10 10 9 4 0.0010317
10 10 9 5 0.0000000
10 10 9 6 0.0138015
10 10 9 7 0.0004442
10 10 9 8 -0.0000000
10 10 9 9 0.8412154
10 10 10 0 -0.0012462
10 10 10 1 -0.0465723
10 10 10 2 -0.0000000
10 10 10 3 0.0189970
10 10 10 4 -0.0001727
10 10 10 5 0.0000000
10 10 10 6 0.0394401
10 10 10 7 0.0676368
10 10 10 8 -0.0000000
10 10 10 9 0.0389064
10 10 10 10 0.7072812
11 0 0 0 -0.0800723
11 0 1 0 0.0038842
11 0 1 1 -0.0096290
11 0 2 0 0.0000000
11 0 2 1 -0.0000000
11 0 2 2 0.0037603
11 0 3 0 -0.0005939
11 0 3 1 -0.0053299
11 0 3 2 -0.0000000
11 0 3 3 -0.0021663
11 0 4 0 -0.0123078
11 0 4 1 0.0023587
11 0 4 2 0.0000000
11 0 4 3 0.0028633
11 0 4 4 0.0045037
11 0 5 0 0.0000000
11 0 5 1 -0.0000000
11 0 5 2 -0.0013381
11 0 5 3 -0.0000000
11 0 5 4 0.0000000
11 0 5 5 -0.0005688
11 0 6 0 0.0048299
11 0 6 1 -0.0043949
11 0 6 2 -0.0000000
11 0 6 3 -0.0047075
11 0 6 4 0.0004829
11 0 6 5 -0.0000000
11 0 6 6 -0.0023645
11 0 7 0 0.0111721
11 0 7 1 0.0021935
11 0 7 2 0.0000000
11 0 7 3 0.0012414
11 0 7 4 -0.0042267
11 0 7 5 0.0000000
11 0 7 6 0.0029584
11 0 7 7 0.0067578
11 0 8 0 0.0000000
11 0 8 1 0.0000000
11 0 8 2 -0.0000904
11 0 8 3 -0.0000000
11 0 8 4 -0.0000000
11 0 8 5 0.0001811
11 0 8 6 -0.0000000
11 0 8 7 0.0000000
11 0 8 8 -0.0007558
11 0 9 0 0.0001203
11 0 9 1 0.0000990
11 0 9 2 0.0000000
11 0 9 3 0.0000491
11 0 9 4 -0.0000182
11 0 9 5 0.0000000
11 0 9 6 0.0000525
11 0 9 7 0.0000496
11 0 9 8 -0.0000000
11 0 9 9 -0.0006611
11 0 10 0 -0.0026943
11 0 10 1 -0.0012552
11 0 10 2 -0.0000000
11 0 10 3 -0.0002023
11 0 10 4 0.0009552
11 0 10 5 -0.0000000
11 0 10 6 -0.0005675
11 0 10 7 -0.0020119
11 0 10 8 0.0000000
11 0 10 9 0.0000113
11 0 10 10 -0.0004448
11 0 11 0 0.0110694
11 0 11 1 0.0039623
11 0 11 2 0.0000000
11 0 11 3 0.0006790
11 0 11 4 -0.0042429
11 0 11 5 0.0000000
11 0 11 6 0.0028493
11 0 11 7 0.0073602
11 0 11 8 0.0000000
11 0 11 9 -0.0000670
11 0 11 10 -0.0011711
11 0 11 11 0.0070795
11 1 0 0 -0.0148312
11 1 1 0 -0.0036221
11 1 1 1 -0.0226199
11 1 2 0 -0.0000000
11 1 2 1 -0.0000000
11 1 2 2 0.0149325
11 1 3 0 -0.0055632
11 1 3 1 -0.0264931
11 1 3 2 -0.0000000
11 1 3 3 -0.0080366
11 1 4 0 -0.0006483
11 1 4 1 0.0052475
11 1 4 2 -0.0000000
11 1 4 3 0.0162497
11 1 4 4 0.0111346
11 1 5 0 -0.0000000
11 1 5 1 -0.0000000
11 1 5 2 -0.0107202
11 1 5 3 0.0000000
11 1 5 4 0.0000000
11 1 5 5 -0.0004228
11 1 6 0 0.0001842
11 1 6 1 -0.0129326
11 1 6 2 -0.0000000
11 1 6 3 -0.0101368
11 1 6 4 -0.0030979
11 1 6 5 -0.0000000
11 1 6 6 0.0055644
11 1 7 0 0.0038092
11 1 7 1 0.0020346
11 1 7 2 -0.0000000
11 1 7 3 0.0071252
11 1 7 4 0.0003180
11 1 7 5 0.0000000
11 1 7 6 0.0292130
11 1 7 7 0.0129370
11 1 8 0 0.0000000
11 1 8 1 0.0000000
11 1 8 2 -0.0008803
11 1 8 3 -0.0000000
11 1 8 4 0.0000000
11 1 8 5 0.0007657
11 1 8 6 -0.0000000
11 1 8 7 0.0000000
11 1 8 8 0.0066958
11 1 9 0 0.0000659
11 1 9 1 0.0010437
11 1 9 2 0.0000000
11 1 9 3 0.0000953
11 1 9 4 -0.0000657
11 1 9 5 -0.0000000
11 1 9 6 -0.0009668
11 1 9 7 -0.0005335
11 1 9 8 -0.0000000
11 1 9 9 0.0070087
11 1 10 0 -0.0009817
11 1 10 1 -0.0053468
11 1 10 2 0.0000000
11 1 10 3 0.0001798
11 1 10 4 -0.0000737
11 1 10 5 -0.0000000
11 1 10 6 -0.0047789
11 1 10 7 -0.0150986
11 1 10 8 0.0000000
11 1 10 9 0.0019676
11 1 10 10 -0.0116388
11 1 11 0 0.0039623
11 1 11 1 0.0338046
11 1 11 2 0.0000000
11 1 11 3 -0.0096708
11 1 11 4 -0.0002264
11 1 11 5 -0.0000000
11 1 11 6 -0.0010274
11 1 11 7 0.0014907
11 1 11 8 0.0000000
11 1 11 9 0.0000601
11 1 11 10 0.0084404
11 1 11 11 0.0212152
11 2 0 0 -0.0000000
11 2 1 0 -0.0000000
11 2 1 1 -0.0000000
11 2 2 0 0.0038981
11 2 2 1 0.0219117
11 2 2 2 0.0000000
11 2 3 0 -0.0000000
11 2 3 1 -0.0000000
11 2 3 2 0.0300342
11 2 3 3 0.0000000
11 2 4 0 -0.0000000
11 2 4 1 -0.0000000
11 2 4 2 0.0441951
11 2 4 3 0.0000000
11 2 4 4 0.0000000
11 2 5 0 0.0092489
11 2 5 1 0.0128106
11 2 5 2 0.0000000
11 2 5 3 -0.0090391
11 2 5 4 -0.0512090
11 2 5 5 0.0000000
11 2 6 0 -0.0000000
11 2 6 1 -0.0000000
11 2 6 2 0.0056094
11 2 6 3 -0.0000000
11 2 6 4 0.0000000
11 2 6 5 0.0153207
11 2 6 6 -0.0000000
11 2 7 0 0.0000000
11 2 7 1 -0.0000000
11 2 7 2 0.0340337
11 2 7 3 0.0000000
11 2 7 4 -0.0000000
11 2 7 5 0.0045306
11 2 7 6 0.0000000
11 2 7 7 0.0000000
11 2 8 0 -0.0001560
11 2 8 1 -0.0057379
11 2 8 2 -0.0000000
11 2 8 3 0.0020953
11 2 8 4 -0.0015255
11 2 8 5 0.0000000
11 2 8 6 0.0016146
11 2 8 7 -0.0020544
11 2 8 8 0.0000000
11 2 9 0 0.0000000
11 2 9 1 0.0000000
11 2 9 2 -0.0000090
11 2 9 3 0.0000000
11 2 9 4 -0.0000000
11 2 9 5 -0.0001656
11 2 9 6 -0.0000000
11 2 9 7 -0.0000000
11 2 9 8 0.0006801
11 2 9 9 0.0000000
11 2 10 0 -0.0000000
11 2 10 1 0.0000000
11 2 10 2 -0.0074986
11 2 10 3 -0.0000000
11 2 10 4 0.0000000
11 2 10 5 -0.0004201
11 2 10 6 -0.0000000
11 2 10 7 -0.0000000
11 2 10 8 -0.0022082
11 2 10 9 0.0000000
11 2 10 10 -0.0000000
11 2 11 0 0.0000000
11 2 11 1 0.0000000
11 2 11 2 0.0357875
11 2 11 3 -0.0000000
11 2 11 4 -0.0000000
11 2 11 5 0.0046558
11 2 11 6 -0.0000000
11 2 11 7 0.0000000
11 2 11 8 -0.0024441
11 2 11 9 0.0000000
11 2 11 10 0.0000000
11 2 11 11 0.0000000
11 3 0 0 -0.0539819
11 3 1 0 -0.0022678
11 3 1 1 -0.0476150
11 3 2 0 -0.0000000
11 3 2 1 -0.0000000
11 3 2 2 0.0038597
11 3 3 0 0.0049888
11 3 3 1 0.0120481
11 3 3 2 0.0000000
11 3 3 3 -0.0169983
11 3 4 0 -0.0042080
11 3 4 1 0.0049286
11 3 4 2 0.0000000
11 3 4 3 -0.0027422
11 3 4 4 0.0148330
11 3 5 0 -0.0000000
11 3 5 1 0.0000000
11 3 5 2 -0.0204975
11 3 5 3 -0.0000000
11 3 5 4 -0.0000000
11 3 5 5 -0.0147753
11 3 6 0 -0.0059083
11 3 6 1 -0.0164084
11 3 6 2 -0.0000000
11 3 6 3 -0.0008279
11 3 6 4 0.0073174
11 3 6 5 -0.0000000
11 3 6 6 -0.0401692
11 3 7 0 0.0006764
11 3 7 1 0.0049451
11 3 7 2 0.0000000
11 3 7 3 0.0192607
11 3 7 4 0.0013505
11 3 7 5 -0.0000000
11 3 7 6 -0.0232235
11 3 7 7 -0.0140556
11 3 8 0 -0.0000000
11 3 8 1 -0.0000000
11 3 8 2 0.0018826
11 3 8 3 0.0000000
11 3 8 4 -0.0000000
11 3 8 5 0.0029050
11 3 8 6 -0.0000000
11 3 8 7 -0.0000000
11 3 8 8 -0.0143591
11 3 9 0 0.0000824
11 3 9 1 0.0001360
11 3 9 2 0.0000000
11 3 9 3 0.0001479
11 3 9 4 0.0000498
11 3 9 5 0.0000000
11 3 9 6 0.0014331
11 3 9 7 0.0006537
11 3 9 8 0.0000000
11 3 9 9 -0.0063428
11 3 10 0 -0.0003954
11 3 10 1 -0.0049137
11 3 10 2 -0.0000000
11 3 10 3 -0.0039915
11 3 10 4 -0.0004148
11 3 10 5 0.0000000
11 3 10 6 0.0074998
11 3 10 7 0.0065759
11 3 10 8 -0.0000000
11 3 10 9 -0.0006360
11 3 10 10 0.0034426
11 3 11 0 0.0006790
11 3 11 1 -0.0096708
11 3 11 2 -0.0000000
11 3 11 3 0.0328040
11 3 11 4 0.0021400
11 3 11 5 -0.0000000
11 3 11 6 -0.0048208
11 3 11 7 -0.0023024
11 3 11 8 -0.0000000
11 3 11 9 -0.0004038
11 3 11 10 -0.0000400
11 3 11 11 -0.0251676
11 4 0 0 -0.1293314
11 4 1 0 0.0073482
11 4 1 1 -0.0305655
11 4 2 0 0.0000000
11 4 2 1 -0.0000000
11 4 2 2 -0.0102490
11 4 3 0 0.0023253
11 4 3 1 0.0015748
11 4 3 2 0.0000000
11 4 3 3 -0.0425207
11 4 4 0 -0.0005821
11 4 4 1 0.0057456
11 4 4 2 0.0000000
11 4 4 3 0.0243620
11 4 4 4 -0.0147074
11 4 5 0 0.0000000
11 4 5 1 0.0000000
11 4 5 2 -0.0336304
11 4 5 3 0.0000000
11 4 5 4 0.0000000
11 4 5 5 -0.0284043
11 4 6 0 0.0058873
11 4 6 1 -0.0118179
11 4 6 2 0.0000000
11 4 6 3 0.0160032
11 4 6 4 -0.0074416
11 4 6 5 -0.0000000
11 4 6 6 -0.0385246
11 4 7 0 -0.0041625
11 4 7 1 0.0007306
11 4 7 2 -0.0000000
11 4 7 3 -0.0000392
11 4 7 4 0.0278426
11 4 7 5 -0.0000000
11 4 7 6 -0.0018775
11 4 7 7 -0.0429073
11 4 8 0 0.0000000
11 4 8 1 0.0000000
11 4 8 2 0.0002770
11 4 8 3 -0.0000000
11 4 8 4 -0.0000000
11 4 8 5 0.0016387
11 4 8 6 -0.0000000
11 4 8 7 0.0000000
11 4 8 8 -0.0116140
11 4 9 0 0.0000711
11 4 9 1 0.0001217
11 4 9 2 0.0000000
11 4 9 3 -0.0000667
11 4 9 4 0.0001311
11 4 9 5 0.0000000
11 4 9 6 0.0002490
11 4 9 7 -0.0000369
11 4 9 8 -0.0000000
11 4 9 9 -0.0162603
11 4 10 0 0.0007049
11 4 10 1 -0.0013105
11 4 10 2 -0.0000000
11 4 10 3 0.0002858
11 4 10 4 -0.0063536
11 4 10 5 0.0000000
11 4 10 6 0.0010628
11 4 10 7 0.0074529
11 4 10 8 -0.0000000
11 4 10 9 -0.0011922
11 4 10 10 -0.0115066
11 4 11 0 -0.0042429
11 4 11 1 -0.0002264
11 4 11 2 -0.0000000
11 4 11 3 0.0021400
11 4 11 4 0.0281552
11 4 11 5 -0.0000000
11 4 11 6 -0.0015998
11 4 11 7 -0.0304278
11 4 11 8 0.0000000
11 4 11 9 -0.0005085
11 4 11 10 0.0073878
11 4 11 11 -0.0442930
11 5 0 0 0.0000000
11 5 1 0 -0.0000000
11 5 1 1 -0.0000000
11 5 2 0 0.0031732
11 5 2 1 0.0018015
11 5 2 2 0.0000000
11 5 3 0 -0.0000000
11 5 3 1 -0.0000000
11 5 3 2 -0.0051694
11 5 3 3 -0.0000000
11 5 4 0 0.0000000
11 5 4 1 0.0000000
11 5 4 2 -0.0171540
11 5 4 3 0.0000000
11 5 4 4 -0.0000000
11 5 5 0 0.0052889
11 5 5 1 0.0047586
11 5 5 2 0.0000000
11 5 5 3 0.0036353
11 5 5 4 0.0069951
11 5 5 5 0.0000000
11 5 6 0 -0.0000000
11 5 6 1 -0.0000000
11 5 6 2 0.0047182
11 5 6 3 -0.0000000
11 5 6 4 -0.0000000
11 5 6 5 0.0035471
11 5 6 6 -0.0000000
11 5 7 0 0.0000000
11 5 7 1 0.0000000
11 5 7 2 0.0039956
11 5 7 3 -0.0000000
11 5 7 4 0.0000000
11 5 7 5 0.0108793
11 5 7 6 -0.0000000
11 5 7 7 0.0000000
11 5 8 0 -0.0001096
11 5 8 1 -0.0002800
11 5 8 2 -0.0000000
11 5 8 3 0.0005925
11 5 8 4 0.0003369
11 5 8 5 -0.0000000
11 5 8 6 -0.0010290
11 5 8 7 -0.0012433
11 5 8 8 0.0000000
11 5 9 0 0.0000000
11 5 9 1 -0.0000000
11 5 9 2 -0.0000035
11 5 9 3 0.0000000
11 5 9 4 0.0000000
11 5 9 5 0.0000315
11 5 9 6 0.0000000
11 5 9 7 0.0000000
11 5 9 8 -0.0000421
11 5 9 9 0.0000000
11 5 10 0 -0.0000000
11 5 10 1 -0.0000000
11 5 10 2 -0.0006761
11 5 10 3 0.0000000
11 5 10 4 0.0000000
11 5 10 5 -0.0023795
11 5 10 6 0.0000000
11 5 10 7 0.0000000
11 5 10 8 0.0026384
11 5 10 9 -0.0000000
11 5 10 10 0.0000000
11 5 11 0 0.0000000
11 5 11 1 -0.0000000
11 5 11 2 0.0046558
11 5 11 3 -0.0000000
11 5 11 4 -0.0000000
11 5 11 5 0.0119041
11 5 11 6 0.0000000
11 5 11 7 0.0000000
11 5 11 8 0.0005466
11 5 11 9 -0.0000000
11 5 11 10 -0.0000000
11 5 11 11 -0.0000000
11 6 0 0 0.0157999
11 6 1 0 -0.0018568
11 6 1 1 -0.0007239
11 6 2 0 -0.0000000
11 6 2 1 -0.0000000
11 6 2 2 0.0035023
11 6 3 0 -0.0068554
11 6 3 1 -0.0135247
11 6 3 2 -0.0000000
11 6 3 3 -0.0073276
11 6 4 0 0.0017907
11 6 4 1 0.0015038
11 6 4 2 0.0000000
11 6 4 3 0.0115933
11 6 4 4 -0.0050717
11 6 5 0 -0.0000000
11 6 5 1 -0.0000000
11 6 5 2 0.0041471
11 6 5 3 -0.0000000
11 6 5 4 -0.0000000
11 6 5 5 0.0035310
11 6 6 0 0.0028689
11 6 6 1 0.0052337
11 6 6 2 0.0000000
11 6 6 3 -0.0066580
11 6 6 4 -0.0070600
11 6 6 5 -0.0000000
11 6 6 6 0.0085392
11 6 7 0 0.0024906
11 6 7 1 0.0167147
11 6 7 2 0.0000000
11 6 7 3 -0.0174813
11 6 7 4 -0.0016789
11 6 7 5 -0.0000000
11 6 7 6 -0.0038242
11 6 7 7 0.0083875
11 6 8 0 0.0000000
11 6 8 1 0.0000000
11 6 8 2 -0.0003110
11 6 8 3 -0.0000000
11 6 8 4 -0.0000000
11 6 8 5 -0.0004864
11 6 8 6 0.0000000
11 6 8 7 0.0000000
11 6 8 8 0.0027127
11 6 9 0 0.0000120
11 6 9 1 -0.0007542
11 6 9 2 -0.0000000
11 6 9 3 0.0003352
11 6 9 4 0.0000972
11 6 9 5 0.0000000
11 6 9 6 0.0018206
11 6 9 7 0.0018581
11 6 9 8 -0.0000000
11 6 9 9 0.0092730
11 6 10 0 -0.0007057
11 6 10 1 -0.0051871
11 6 10 2 -0.0000000
11 6 10 3 0.0024276
11 6 10 4 0.0005112
11 6 10 5 0.0000000
11 6 10 6 -0.0001741
11 6 10 7 0.0142401
11 6 10 8 -0.0000000
11 6 10 9 -0.0004773
11 6 10 10 0.0253524
11 6 11 0 0.0028493
11 6 11 1 -0.0010274
11 6 11 2 -0.0000000
11 6 11 3 -0.0048208
11 6 11 4 -0.0015998
11 6 11 5 0.0000000
11 6 11 6 0.0329773
11 6 11 7 0.0127067
11 6 11 8 -0.0000000
11 6 11 9 -0.0015810
11 6 11 10 -0.0102735
11 6 11 11 0.0049034
11 7 0 0 0.2547310
11 7 1 0 -0.0112208
11 7 1 1 0.0197837
11 7 2 0 -0.0000000
11 7 2 1 -0.0000000
11 7 2 2 0.1312899
11 7 3 0 -0.0040817
11 7 3 1 0.0471005
11 7 3 2 0.0000000
11 7 3 3 0.1057603
11 7 4 0 -0.0011243
11 7 4 1 -0.0035651
11 7 4 2 -0.0000000
11 7 4 3 -0.0142405
11 7 4 4 0.1409888
11 7 5 0 -0.0000000
11 7 5 1 0.0000000
11 7 5 2 0.0156535
11 7 5 3 -0.0000000
11 7 5 4 0.0000000
11 7 5 5 0.1333554
11 7 6 0 -0.0085501
11 7 6 1 0.0965868
11 7 6 2 0.0000000
11 7 6 3 -0.0854287
11 7 6 4 0.0048668
11 7 6 5 -0.0000000
11 7 6 6 -0.0249627
11 7 7 0 0.0075961
11 7 7 1 0.0081161
11 7 7 2 0.0000000
11 7 7 3 0.0177005
11 7 7 4 -0.0361010
11 7 7 5 -0.0000000
11 7 7 6 0.0021411
11 7 7 7 -0.0050322
11 7 8 0 0.0000000
11 7 8 1 0.0000000
11 7 8 2 -0.0193593
11 7 8 3 -0.0000000
11 7 8 4 0.0000000
11 7 8 5 -0.0143543
11 7 8 6 0.0000000
11 7 8 7 -0.0000000
11 7 8 8 -0.1510891
11 7 9 0 -0.0004632
11 7 9 1 -0.0022620
11 7 9 2 -0.0000000
11 7 9 3 -0.0002626
11 7 9 4 -0.0005429
11 7 9 5 -0.0000000
11 7 9 6 -0.0038595
11 7 9 7 0.0011149
11 7 9 8 0.0000000
11 7 9 9 -0.2608275
11 7 10 0 -0.0005071
11 7 10 1 0.0128857
11 7 10 2 0.0000000
11 7 10 3 -0.0056390
11 7 10 4 0.0086182
11 7 10 5 -0.0000000
11 7 10 6 -0.0042866
11 7 10 7 -0.0287873
11 7 10 8 -0.0000000
11 7 10 9 -0.0193253
11 7 10 10 -0.1626444
11 7 11 0 0.0073602
11 7 11 1 0.0014907
11 7 11 2 0.0000000
11 7 11 3 -0.0023024
11 7 11 4 -0.0304278
11 7 11 5 0.0000000
11 7 11 6 0.0127067
11 7 11 7 0.2035798
11 7 11 8 -0.0000000
11 7 11 9 -0.0030648
11 7 11 10 -0.0593362
11 7 11 11 0.0251487
11 8 0 0 0.0000000
11 8 1 0 0.0000000
11 8 1 1 0.0000000
11 8 2 0 -0.0003688
11 8 2 1 -0.0037941
11 8 2 2 -0.0000000
11 8 3 0 -0.0000000
11 8 3 1 0.0000000
11 8 3 2 -0.0016441
11 8 3 3 -0.0000000
11 8 4 0 0.0000000
11 8 4 1 0.0000000
11 8 4 2 -0.0053941
11 8 4 3 -0.0000000
11 8 4 4 -0.0000000
11 8 5 0 -0.0008976
11 8 5 1 -0.0028221
11 8 5 2 -0.0000000
11 8 5 3 0.0021858
11 8 5 4 0.0049625
11 8 5 5 -0.0000000
11 8 6 0 0.0000000
11 8 6 1 0.0000000
11 8 6 2 -0.0022400
11 8 6 3 -0.0000000
11 8 6 4 -0.0000000
11 8 6 5 -0.0029412
11 8 6 6 0.0000000
11 8 7 0 0.0000000
11 8 7 1 0.0000000
11 8 7 2 -0.0050595
11 8 7 3 -0.0000000
11 8 7 4 0.0000000
11 8 7 5 -0.0020436
11 8 7 6 0.0000000
11 8 7 7 -0.0000000
11 8 8 0 -0.0000660
11 8 8 1 0.0072447
11 8 8 2 0.0000000
11 8 8 3 -0.0035001
11 8 8 4 0.0000444
11 8 8 5 -0.0000000
11 8 8 6 -0.0115065
11 8 8 7 -0.0181298
11 8 8 8 0.0000000
11 8 9 0 -0.0000000
11 8 9 1 -0.0000000
11 8 9 2 0.0002164
11 8 9 3 0.0000000
11 8 9 4 -0.0000000
11 8 9 5 0.0001425
11 8 9 6 -0.0000000
11 8 9 7 -0.0000000
11 8 9 8 0.0001755
11 8 9 9 -0.0000000
11 8 10 0 -0.0000000
11 8 10 1 -0.0000000
11 8 10 2 0.0032297
11 8 10 3 0.0000000
11 8 10 4 -0.0000000
11 8 10 5 0.0022919
11 8 10 6 -0.0000000
11 8 10 7 -0.0000000
11 8 10 8 0.0253059
11 8 10 9 0.0000000
11 8 10 10 -0.0000000
11 8 11 0 0.0000000
11 8 11 1 0.0000000
11 8 11 2 -0.0024441
11 8 11 3 -0.0000000
11 8 11 4 0.0000000
11 8 11 5 0.0005466
11 8 11 6 -0.0000000
11 8 11 7 -0.0000000
11 8 11 8 0.0229403
11 8 11 9 0.0000000
11 8 11 10 0.0000000
11 8 11 11 -0.0000000
11 9 0 0 0.0046707
11 9 1 0 0.0000756
11 9 1 1 0.0070191
11 9 2 0 0.0000000
11 9 2 1 0.0000000
11 9 2 2 0.0020975
11 9 3 0 0.0000245
11 9 3 1 -0.0012205
11 9 3 2 -0.0000000
11 9 3 3 0.0041887
11 9 4 0 0.0001069
11 9 4 1 -0.0003325
11 9 4 2 -0.0000000
11 9 4 3 -0.0006448
11 9 4 4 0.0017356
11 9 5 0 0.0000000
11 9 5 1 -0.0000000
11 9 5 2 0.0012500
11 9 5 3 0.0000000
11 9 5 4 -0.0000000
11 9 5 5 0.0030342
11 9 6 0 0.0000712
11 9 6 1 -0.0026653
11 9 6 2 -0.0000000
11 9 6 3 0.0023942
11 9 6 4 0.0002282
11 9 6 5 0.0000000
11 9 6 6 0.0098541
11 9 7 0 -0.0000869
11 9 7 1 -0.0011361
11 9 7 2 -0.0000000
11 9 7 3 -0.0000565
11 9 7 4 -0.0002027
11 9 7 5 0.0000000
11 9 7 6 0.0012273
11 9 7 7 0.0065732
11 9 8 0 -0.0000000
11 9 8 1 -0.0000000
11 9 8 2 0.0006140
11 9 8 3 0.0000000
11 9 8 4 -0.0000000
11 9 8 5 0.0002393
11 9 8 6 -0.0000000
11 9 8 7 -0.0000000
11 9 8 8 0.0085152
11 9 9 0 0.0000663
11 9 9 1 -0.0007065
11 9 9 2 -0.0000000
11 9 9 3 0.0015888
11 9 9 4 -0.0000335
11 9 9 5 0.0000000
11 9 9 6 0.0028891
11 9 9 7 -0.0066747
11 9 9 8 -0.0000000
11 9 9 9 0.0538252
11 9 10 0 0.0000260
11 9 10 1 0.0007809
11 9 10 2 0.0000000
11 9 10 3 -0.0002811
11 9 10 4 0.0000579
11 9 10 5 -0.0000000
11 9 10 6 -0.0005808
11 9 10 7 0.0007309
11 9 10 8 0.0000000
11 9 10 9 0.0071203
11 9 10 10 0.0059734
11 9 11 0 -0.0000670
11 9 11 1 0.0000601
11 9 11 2 0.0000000
11 9 11 3 -0.0004038
11 9 11 4 -0.0005085
11 9 11 5 -0.0000000
11 9 11 6 -0.0015810
11 9 11 7 -0.0030648
11 9 11 8 0.0000000
11 9 11 9 0.0067784
11 9 11 10 -0.0001085
11 9 11 11 0.0052265
11 10 0 0 -0.0747613
11 10 1 0 0.0018335
11 10 1 1 -0.0272547
11 10 2 0 0.0000000
11 10 2 1 0.0000000
11 10 2 2 -0.0365648
11 10 3 0 0.0005920
11 10 3 1 -0.0126257
11 10 3 2 -0.0000000
11 10 3 3 -0.0373375
11 10 4 0 -0.0002557
11 10 4 1 0.0021233
11 10 4 2 0.0000000
11 10 4 3 0.0064900
11 10 4 4 -0.0374127
11 10 5 0 0.0000000
11 10 5 1 -0.0000000
11 10 5 2 -0.0088358
11 10 5 3 0.0000000
11 10 5 4 -0.0000000
11 10 5 5 -0.0418845
11 10 6 0 0.0014444
11 10 6 1 -0.0265362
11 10 6 2 -0.0000000
11 10 6 3 0.0171459
11 10 6 4 -0.0013195
11 10 6 5 0.0000000
11 10 6 6 -0.0080122
11 10 7 0 -0.0010031
11 10 7 1 -0.0059951
11 10 7 2 -0.0000000
11 10 7 3 0.0012178
11 10 7 4 0.0094836
11 10 7 5 0.0000000
11 10 7 6 0.0150864
11 10 7 7 -0.0022271
11 10 8 0 -0.0000000
11 10 8 1 -0.0000000
11 10 8 2 0.0065024
11 10 8 3 0.0000000
11 10 8 4 -0.0000000
11 10 8 5 0.0062974
11 10 8 6 -0.0000000
11 10 8 7 -0.0000000
11 10 8 8 0.0426938
11 10 9 0 0.0001644
11 10 9 1 0.0010009
11 10 9 2 0.0000000
11 10 9 3 0.0004132
11 10 9 4 0.0001727
11 10 9 5 0.0000000
11 10 9 6 0.0022265
11 10 9 7 -0.0002474
11 10 9 8 -0.0000000
11 10 9 9 0.0655136
11 10 10 0 0.0000322
11 10 10 1 -0.0157831
11 10 10 2 -0.0000000
11 10 10 3 0.0125748
11 10 10 4 -0.0029442
11 10 10 5 0.0000000
11 10 10 6 0.0202668
11 10 10 7 -0.0364425
11 10 10 8 -0.0000000
11 10 10 9 0.0031839
11 10 10 10 0.0421731
11 10 11 0 -0.0011711
11 10 11 1 0.0084404
11 10 11 2 0.0000000
11 10 11 3 -0.0000400
11 10 11 4 0.0073878
11 10 11 5 -0.0000000
11 10 11 6 -0.0102735
11 10 11 7 -0.0593362
11 10 11 8 0.0000000
11 10 11 9 -0.0001085
11 10 11 10 0.0530173
11 10 11 11 0.0051729
11 11 0 0 0.5901886
11 11 1 0 -0.0085891
11 11 1 1 0.4602032
11 11 2 0 -0.0000000
11 11 2 1 0.0000000
11 11 2 2 0.4027213
11 11 3 0 -0.0088037
11 11 3 1 -0.0413006
11 11 3 2 -0.0000000
11 11 3 3 0.4340381
11 11 4 0 0.0030606
11 11 4 1 -0.0066337
11 11 4 2 -0.0000000
11 11 4 3 -0.0191015
11 11 4 4 0.3869873
11 11 5 0 -0.0000000
11 11 5 1 -0.0000000
11 11 5 2 0.0573807
11 11 5 3 0.0000000
11 11 5 4 -0.0000000
11 11 5 5 0.4272622
11 11 6 0 -0.0023568
11 11 6 1 0.0074085
11 11 6 2 -0.0000000
11 11 6 3 -0.0085745
11 11 6 4 0.0042727
11 11 6 5 0.0000000
11 11 6 6 0.5023066
11 11 7 0 0.0068654
11 11 7 1 -0.0031408
11 11 7 2 -0.0000000
11 11 7 3 -0.0135210
11 11 7 4 -0.0401852
11 11 7 5 0.0000000
11 11 7 6 0.0316427
11 11 7 7 0.5013991
11 11 8 0 -0.0000000
11 11 8 1 -0.0000000
11 11 8 2 0.0025117
11 11 8 3 0.0000000
11 11 8 4 -0.0000000
11 11 8 5 -0.0016262
11 11 8 6 0.0000000
11 11 8 7 -0.0000000
11 11 8 8 0.4338933
11 11 9 0 -0.0000480
11 11 9 1 -0.0008147
11 11 9 2 -0.0000000
11 11 9 3 0.0012477
11 11 9 4 0.0000380
11 11 9 5 0.0000000
11 11 9 6 0.0018366
11 11 9 7 0.0002551
11 11 9 8 -0.0000000
11 11 9 9 0.5430577
11 11 10 0 -0.0010943
11 11 10 1 0.0053389
11 11 10 2 0.0000000
11 11 10 3 0.0011506
11 11 10 4 0.0086243
11 11 10 5 -0.0000000
11 11 10 6 -0.0134421
11 11 10 7 -0.0364350
11 11 10 8 0.0000000
11 11 10 9 0.0272588
11 11 10 10 0.4103358
11 11 11 0 0.0070795
11 11 11 1 0.0212152
11 11 11 2 0.0000000
11 11 11 3 -0.0251676
11 11 11 4 -0.0442930
11 11 11 5 -0.0000000
11 11 11 6 0.0049034
11 11 11 7 0.0251487
11 11 11 8 -0.0000000
11 11 11 9 0.0052265
11 11 11 10 0.0051729
11 11 11 11 0.5093198
