NMONOMER	1
NELEC	8
ENUC	7.676927
NBASIS	12
HOMO	2
LUMO	2
ENT	5
HF_ENERGY	-36.367843
ENERGIES
-10.922278
-0.890581
-0.491306
-0.279430
0.510182
0.695022
0.764332
849736.518503
965066.298916
996477.981286
1070620.594623
1118093.950408

OEI
-18.494986	
0.210302	-4.569838	
0.000000	-0.000000	-4.164705	
-0.195197	0.124356	-0.000000	-4.231650	
0.123533	-0.155509	0.000000	0.450465	-3.118349	
-0.248987	0.918073	-0.000000	0.142242	0.005319	-3.884666	
-0.000000	0.000000	0.776870	0.000000	-0.000000	-0.000000	-3.481184	
-0.115589	-0.051851	0.000000	0.040044	-0.000182	-0.018567	0.000000	849732.933753	
-0.000000	0.000000	0.127361	-0.000000	-0.000000	-0.000000	0.021634	0.000000	965063.431549	
0.004962	0.022304	-0.000000	0.000818	-0.005298	-0.013595	-0.000000	0.001146	-0.000000	996474.734203	
-0.037799	-0.201913	0.000000	-0.068326	-0.130298	-0.117390	0.000000	-0.144211	0.000000	-0.138801	1070618.047853	
0.112290	0.072963	0.000000	-0.130776	-0.000083	0.001678	-0.000000	0.823877	-0.000000	-0.038416	0.316821	1118090.265324	

ENV_OEI
-5.022077	
0.396642	-0.612576	
0.000000	0.000000	-0.428406	
-0.380782	-0.122835	0.000000	-0.620322	
0.248529	-0.329092	0.000000	-0.200271	-0.805007	
-0.509066	0.034946	0.000000	-0.225099	-0.344379	-0.851340	
-0.000000	0.000000	0.125297	0.000000	0.000000	0.000000	-0.457749	
-0.221146	-0.007423	-0.000000	0.038060	0.004248	-0.052319	-0.000000	-0.758012	
0.000000	-0.000000	-0.154739	-0.000000	-0.000000	0.000000	-0.162407	0.000000	-0.866184	
-0.015041	0.328006	-0.000000	0.692560	1.435135	0.760352	-0.000000	0.147935	0.000000	-18.794498	
-0.055584	0.046613	-0.000000	0.029148	0.054172	0.069027	-0.000000	0.066858	0.000000	-1.707061	-0.833524	
0.211001	-0.019848	-0.000000	0.021407	0.003438	0.029435	0.000000	-0.150665	0.000000	-0.166794	-0.006093	-0.637766	

OVERLAP
1.000000	
0.248362	1.000000	
0.061767	0.488736	1.000000	
0.061767	0.488736	0.167856	1.000000	
0.000000	0.027047	0.038545	0.038545	1.000000	
0.027047	0.301519	0.378700	0.378700	0.248362	1.000000	
0.000000	0.000000	-0.259000	-0.259000	-0.045312	-0.338874	1.000000	
0.000000	0.000000	-0.380474	0.380474	0.000000	0.000000	0.000000	1.000000	
0.000000	0.000000	-0.073326	-0.073326	0.000000	0.000000	0.000000	0.000000	1.000000	
0.045312	0.338874	0.278171	0.278171	0.000000	0.000000	-0.315123	0.000000	0.000000	1.000000	
0.000000	0.000000	-0.268260	0.268260	0.000000	0.000000	0.000000	0.166433	0.000000	0.000000	1.000000	
0.000000	0.000000	-0.051700	-0.051700	0.000000	0.000000	0.000000	0.000000	0.166433	0.000000	0.000000	1.000000	

MOCOEFF
0.996698	0.016177	-0.006488	-0.006488	0.001354	-0.006655	-0.016640	0.000000	-0.023168	-0.002263	0.000000	0.003185	
-0.138831	0.317250	0.250164	0.250164	-0.033614	-0.013286	-0.321289	0.000000	-0.213564	0.360939	-0.000000	0.061411	
-0.000000	0.000000	-0.442023	0.442023	0.000000	-0.000000	0.000000	0.613965	-0.000000	-0.000000	-0.339337	0.000000	
0.132588	-0.524523	-0.153941	-0.153941	-0.061669	0.271245	-0.500143	0.000000	0.509540	0.393778	-0.000000	-0.100722	
-0.084723	0.525641	-0.830229	-0.830229	-0.124774	0.755340	0.230482	-0.000000	-0.286836	0.691170	-0.000000	-0.038107	
0.178872	-1.098550	0.535408	0.535408	-0.067942	0.417601	0.997933	0.000000	0.065363	0.650796	0.000000	0.044482	
0.000000	-0.000000	-0.948973	0.948973	0.000000	-0.000000	-0.000000	-1.083746	0.000000	-0.000000	-0.328771	0.000000	
0.084288	-0.388040	0.000000	0.000000	-0.012324	0.049399	-0.203229	0.000000	-0.573902	-0.025821	-0.000000	0.799278	
0.000000	-0.000000	-0.000000	0.000000	-0.000000	0.000000	0.000000	-0.000000	0.000000	-0.000000	-1.000000	-0.000000	
-0.000565	0.002600	0.000000	0.000000	1.025611	-0.216380	0.001361	0.000000	0.003845	0.105482	-0.000000	0.019655	
0.018948	-0.087231	-0.000000	-0.000000	0.019715	0.850777	-0.045686	0.000000	-0.129013	-0.446528	0.000000	-0.196306	
-0.081637	0.375835	0.000000	0.000000	-0.011611	0.229176	0.196837	-0.000000	0.555851	-0.120150	-0.000000	0.583417	

ERI
0 0 0 0 3.5237952
1 0 0 0 -0.1850133
1 0 1 0 0.0194242
1 0 1 1 0.0060538
1 1 0 0 0.6379891
1 1 1 0 0.0060538
1 1 1 1 0.5955312
2 0 0 0 -0.0000000
2 0 1 0 0.0000000
2 0 1 1 -0.0000000
2 0 2 0 0.0093841
2 0 2 1 0.0106394
2 0 2 2 0.0000000
2 1 0 0 0.0000000
2 1 1 0 0.0000000
2 1 1 1 0.0000000
2 1 2 0 0.0106394
2 1 2 1 0.0991905
2 1 2 2 0.0000000
2 2 0 0 0.6510349
2 2 1 0 -0.0006661
2 2 1 1 0.5078055
2 2 2 0 0.0000000
2 2 2 1 0.0000000
2 2 2 2 0.5388188
3 0 0 0 0.1729775
3 0 1 0 -0.0129718
3 0 1 1 0.0083596
3 0 2 0 -0.0000000
3 0 2 1 0.0000000
3 0 2 2 0.0037450
3 0 3 0 0.0248895
3 0 3 1 0.0072558
3 0 3 2 0.0000000
3 0 3 3 -0.0087557
3 1 0 0 -0.0585273
3 1 1 0 0.0010155
3 1 1 1 0.0216888
3 1 2 0 0.0000000
3 1 2 1 0.0000000
3 1 2 2 -0.0232696
3 1 3 0 0.0072558
3 1 3 1 0.0610323
3 1 3 2 -0.0000000
3 1 3 3 -0.0390514
3 2 0 0 -0.0000000
3 2 1 0 0.0000000
3 2 1 1 0.0000000
3 2 2 0 -0.0077817
3 2 2 1 -0.0436276
3 2 2 2 0.0000000
3 2 3 0 0.0000000
3 2 3 1 -0.0000000
3 2 3 2 0.0415178
3 2 3 3 -0.0000000
3 3 0 0 0.7622850
3 3 1 0 -0.0060580
3 3 1 1 0.4858912
3 3 2 0 -0.0000000
3 3 2 1 -0.0000000
3 3 2 2 0.4834955
3 3 3 0 -0.0087557
3 3 3 1 -0.0390514
3 3 3 2 -0.0000000
3 3 3 3 0.6163129
4 0 0 0 -0.1113486
4 0 1 0 0.0088566
4 0 1 1 -0.0038469
4 0 2 0 0.0000000
4 0 2 1 -0.0000000
4 0 2 2 -0.0024421
4 0 3 0 -0.0142457
4 0 3 1 -0.0030339
4 0 3 2 0.0000000
4 0 3 3 0.0035444
4 0 4 0 0.0083531
4 0 4 1 0.0000552
4 0 4 2 0.0000000
4 0 4 3 -0.0031976
4 0 4 4 -0.0001290
4 1 0 0 0.0430841
4 1 1 0 0.0007797
4 1 1 1 0.0343817
4 1 2 0 -0.0000000
4 1 2 1 -0.0000000
4 1 2 2 -0.0251022
4 1 3 0 -0.0001451
4 1 3 1 0.0264697
4 1 3 2 -0.0000000
4 1 3 3 0.0391626
4 1 4 0 0.0000552
4 1 4 1 0.0663582
4 1 4 2 -0.0000000
4 1 4 3 0.0144194
4 1 4 4 0.0163409
4 2 0 0 -0.0000000
4 2 1 0 -0.0000000
4 2 1 1 -0.0000000
4 2 2 0 -0.0017523
4 2 2 1 -0.0710882
4 2 2 2 -0.0000000
4 2 3 0 -0.0000000
4 2 3 1 -0.0000000
4 2 3 2 0.0212669
4 2 3 3 0.0000000
4 2 4 0 0.0000000
4 2 4 1 -0.0000000
4 2 4 2 0.0768643
4 2 4 3 0.0000000
4 2 4 4 0.0000000
4 3 0 0 -0.1665650
4 3 1 0 0.0058446
4 3 1 1 0.0286150
4 3 2 0 -0.0000000
4 3 2 1 -0.0000000
4 3 2 2 -0.0215943
4 3 3 0 0.0076682
4 3 3 1 0.0553939
4 3 3 2 0.0000000
4 3 3 3 -0.0978880
4 3 4 0 -0.0031976
4 3 4 1 0.0144194
4 3 4 2 0.0000000
4 3 4 3 0.0990097
4 3 4 4 0.0371351
4 4 0 0 0.5068926
4 4 1 0 0.0010050
4 4 1 1 0.5118621
4 4 2 0 -0.0000000
4 4 2 1 -0.0000000
4 4 2 2 0.4680731
4 4 3 0 0.0003223
4 4 3 1 0.0214936
4 4 3 2 0.0000000
4 4 3 3 0.4527326
4 4 4 0 -0.0001290
4 4 4 1 0.0163409
4 4 4 2 0.0000000
4 4 4 3 0.0371351
4 4 4 4 0.5156376
5 0 0 0 0.2351121
5 0 1 0 -0.0271008
5 0 1 1 -0.0120644
5 0 2 0 -0.0000000
5 0 2 1 0.0000000
5 0 2 2 -0.0004982
5 0 3 0 0.0097896
5 0 3 1 -0.0055653
5 0 3 2 -0.0000000
5 0 3 3 0.0147717
5 0 4 0 -0.0081380
5 0 4 1 -0.0005840
5 0 4 2 0.0000000
5 0 4 3 -0.0131468
5 0 4 4 -0.0012041
5 0 5 0 0.0423321
5 0 5 1 0.0040983
5 0 5 2 0.0000000
5 0 5 3 -0.0032304
5 0 5 4 0.0018687
5 0 5 5 -0.0099565
5 1 0 0 -0.2735889
5 1 1 0 -0.0006466
5 1 1 1 -0.0719695
5 1 2 0 0.0000000
5 1 2 1 -0.0000000
5 1 2 2 -0.0679531
5 1 3 0 -0.0079640
5 1 3 1 0.0262586
5 1 3 2 0.0000000
5 1 3 3 -0.0918566
5 1 4 0 0.0040921
5 1 4 1 -0.0056622
5 1 4 2 -0.0000000
5 1 4 3 0.0549141
5 1 4 4 0.0020729
5 1 5 0 0.0040983
5 1 5 1 0.1089910
5 1 5 2 -0.0000000
5 1 5 3 0.0250536
5 1 5 4 0.0146996
5 1 5 5 -0.1023818
5 2 0 0 0.0000000
5 2 1 0 -0.0000000
5 2 1 1 -0.0000000
5 2 2 0 -0.0056692
5 2 2 1 0.0033945
5 2 2 2 0.0000000
5 2 3 0 -0.0000000
5 2 3 1 -0.0000000
5 2 3 2 -0.0017370
5 2 3 3 0.0000000
5 2 4 0 0.0000000
5 2 4 1 -0.0000000
5 2 4 2 -0.0225432
5 2 4 3 -0.0000000
5 2 4 4 -0.0000000
5 2 5 0 0.0000000
5 2 5 1 -0.0000000
5 2 5 2 0.0286660
5 2 5 3 -0.0000000
5 2 5 4 -0.0000000
5 2 5 5 0.0000000
5 3 0 0 -0.0555321
5 3 1 0 0.0034412
5 3 1 1 0.0219369
5 3 2 0 -0.0000000
5 3 2 1 -0.0000000
5 3 2 2 -0.0121484
5 3 3 0 -0.0031418
5 3 3 1 0.0030144
5 3 3 2 0.0000000
5 3 3 3 -0.0164436
5 3 4 0 0.0013760
5 3 4 1 0.0259167
5 3 4 2 -0.0000000
5 3 4 3 0.0329703
5 3 4 4 0.0227341
5 3 5 0 -0.0032304
5 3 5 1 0.0250536
5 3 5 2 -0.0000000
5 3 5 3 0.0439913
5 3 5 4 0.0113091
5 3 5 5 -0.0001043
5 4 0 0 -0.0015268
5 4 1 0 -0.0014811
5 4 1 1 0.0041407
5 4 2 0 0.0000000
5 4 2 1 0.0000000
5 4 2 2 -0.0247986
5 4 3 0 0.0004842
5 4 3 1 0.0353947
5 4 3 2 -0.0000000
5 4 3 3 0.0178387
5 4 4 0 -0.0003323
5 4 4 1 0.0482086
5 4 4 2 -0.0000000
5 4 4 3 0.0189483
5 4 4 4 0.0089991
5 4 5 0 0.0018687
5 4 5 1 0.0146996
5 4 5 2 -0.0000000
5 4 5 3 0.0113091
5 4 5 4 0.0562688
5 4 5 5 0.0147206
5 5 0 0 0.8042239
5 5 1 0 0.0011937
5 5 1 1 0.5812112
5 5 2 0 -0.0000000
5 5 2 1 -0.0000000
5 5 2 2 0.5089080
5 5 3 0 0.0182811
5 5 3 1 0.0256474
5 5 3 2 0.0000000
5 5 3 3 0.5074918
5 5 4 0 -0.0091174
5 5 4 1 0.0376810
5 5 4 2 -0.0000000
5 5 4 3 0.0064889
5 5 4 4 0.4976781
5 5 5 0 -0.0099565
5 5 5 1 -0.1023818
5 5 5 2 0.0000000
5 5 5 3 -0.0001043
5 5 5 4 0.0147206
5 5 5 5 0.6220150
6 0 0 0 0.0000000
6 0 1 0 -0.0000000
6 0 1 1 -0.0000000
6 0 2 0 -0.0132913
6 0 2 1 -0.0135234
6 0 2 2 -0.0000000
6 0 3 0 -0.0000000
6 0 3 1 -0.0000000
6 0 3 2 0.0103440
6 0 3 3 0.0000000
6 0 4 0 0.0000000
6 0 4 1 0.0000000
6 0 4 2 0.0021393
6 0 4 3 -0.0000000
6 0 4 4 0.0000000
6 0 5 0 0.0000000
6 0 5 1 -0.0000000
6 0 5 2 0.0070597
6 0 5 3 0.0000000
6 0 5 4 -0.0000000
6 0 5 5 0.0000000
6 0 6 0 0.0189321
6 0 6 1 0.0045719
6 0 6 2 0.0000000
6 0 6 3 -0.0096627
6 0 6 4 0.0088291
6 0 6 5 -0.0107703
6 0 6 6 -0.0000000
6 1 0 0 -0.0000000
6 1 1 0 0.0000000
6 1 1 1 -0.0000000
6 1 2 0 -0.0035659
6 1 2 1 0.0302300
6 1 2 2 -0.0000000
6 1 3 0 -0.0000000
6 1 3 1 0.0000000
6 1 3 2 -0.0047221
6 1 3 3 -0.0000000
6 1 4 0 0.0000000
6 1 4 1 -0.0000000
6 1 4 2 -0.0454478
6 1 4 3 -0.0000000
6 1 4 4 -0.0000000
6 1 5 0 -0.0000000
6 1 5 1 0.0000000
6 1 5 2 0.0282365
6 1 5 3 0.0000000
6 1 5 4 -0.0000000
6 1 5 5 -0.0000000
6 1 6 0 0.0045719
6 1 6 1 0.0399268
6 1 6 2 0.0000000
6 1 6 3 -0.0134091
6 1 6 4 -0.0483504
6 1 6 5 0.0269638
6 1 6 6 0.0000000
6 2 0 0 -0.2545072
6 2 1 0 0.0060564
6 2 1 1 -0.0116567
6 2 2 0 -0.0000000
6 2 2 1 -0.0000000
6 2 2 2 -0.0447378
6 2 3 0 -0.0014899
6 2 3 1 0.0193270
6 2 3 2 0.0000000
6 2 3 3 -0.1047659
6 2 4 0 0.0017018
6 2 4 1 -0.0279084
6 2 4 2 -0.0000000
6 2 4 3 0.0668137
6 2 4 4 0.0265642
6 2 5 0 -0.0087119
6 2 5 1 0.0746580
6 2 5 2 -0.0000000
6 2 5 3 0.0226698
6 2 5 4 -0.0241524
6 2 5 5 -0.0492631
6 2 6 0 0.0000000
6 2 6 1 0.0000000
6 2 6 2 0.1208057
6 2 6 3 0.0000000
6 2 6 4 -0.0000000
6 2 6 5 0.0000000
6 2 6 6 -0.0434118
6 3 0 0 -0.0000000
6 3 1 0 0.0000000
6 3 1 1 -0.0000000
6 3 2 0 0.0070839
6 3 2 1 0.0114735
6 3 2 2 0.0000000
6 3 3 0 -0.0000000
6 3 3 1 -0.0000000
6 3 3 2 -0.0266628
6 3 3 3 -0.0000000
6 3 4 0 -0.0000000
6 3 4 1 -0.0000000
6 3 4 2 0.0121575
6 3 4 3 0.0000000
6 3 4 4 -0.0000000
6 3 5 0 0.0000000
6 3 5 1 0.0000000
6 3 5 2 -0.0074967
6 3 5 3 -0.0000000
6 3 5 4 -0.0000000
6 3 5 5 -0.0000000
6 3 6 0 -0.0096627
6 3 6 1 -0.0134091
6 3 6 2 0.0000000
6 3 6 3 0.0307822
6 3 6 4 -0.0067378
6 3 6 5 0.0001618
6 3 6 6 -0.0000000
6 4 0 0 0.0000000
6 4 1 0 -0.0000000
6 4 1 1 -0.0000000
6 4 2 0 -0.0064919
6 4 2 1 -0.0827361
6 4 2 2 0.0000000
6 4 3 0 -0.0000000
6 4 3 1 -0.0000000
6 4 3 2 0.0411532
6 4 3 3 0.0000000
6 4 4 0 0.0000000
6 4 4 1 -0.0000000
6 4 4 2 0.0776096
6 4 4 3 0.0000000
6 4 4 4 0.0000000
6 4 5 0 0.0000000
6 4 5 1 -0.0000000
6 4 5 2 -0.0275350
6 4 5 3 -0.0000000
6 4 5 4 -0.0000000
6 4 5 5 0.0000000
6 4 6 0 0.0088291
6 4 6 1 -0.0483504
6 4 6 2 -0.0000000
6 4 6 3 -0.0067378
6 4 6 4 0.0999988
6 4 6 5 -0.0649237
6 4 6 6 -0.0000000
6 5 0 0 -0.0000000
6 5 1 0 0.0000000
6 5 1 1 0.0000000
6 5 2 0 0.0082758
6 5 2 1 0.0682831
6 5 2 2 0.0000000
6 5 3 0 0.0000000
6 5 3 1 0.0000000
6 5 3 2 -0.0238639
6 5 3 3 -0.0000000
6 5 4 0 -0.0000000
6 5 4 1 -0.0000000
6 5 4 2 -0.0561696
6 5 4 3 -0.0000000
6 5 4 4 -0.0000000
6 5 5 0 -0.0000000
6 5 5 1 -0.0000000
6 5 5 2 0.0057479
6 5 5 3 -0.0000000
6 5 5 4 0.0000000
6 5 5 5 -0.0000000
6 5 6 0 -0.0107703
6 5 6 1 0.0269638
6 5 6 2 0.0000000
6 5 6 3 0.0001618
6 5 6 4 -0.0649237
6 5 6 5 0.0586736
6 5 6 6 0.0000000
6 6 0 0 0.7124185
6 6 1 0 -0.0053674
6 6 1 1 0.4947839
6 6 2 0 0.0000000
6 6 2 1 0.0000000
6 6 2 2 0.5303310
6 6 3 0 0.0043118
6 6 3 1 -0.0222167
6 6 3 2 -0.0000000
6 6 3 3 0.4904492
6 6 4 0 -0.0030090
6 6 4 1 -0.0283651
6 6 4 2 -0.0000000
6 6 4 3 -0.0306526
6 6 4 4 0.4742169
6 6 5 0 0.0063158
6 6 5 1 -0.0580195
6 6 5 2 0.0000000
6 6 5 3 -0.0187398
6 6 5 4 -0.0297451
6 6 5 5 0.5110918
6 6 6 0 -0.0000000
6 6 6 1 0.0000000
6 6 6 2 -0.0434118
6 6 6 3 -0.0000000
6 6 6 4 -0.0000000
6 6 6 5 0.0000000
6 6 6 6 0.5514135
7 0 0 0 0.0850754
7 0 1 0 -0.0036399
7 0 1 1 0.0065901
7 0 2 0 -0.0000000
7 0 2 1 0.0000000
7 0 2 2 0.0005719
7 0 3 0 0.0034942
7 0 3 1 -0.0050073
7 0 3 2 -0.0000000
7 0 3 3 0.0049173
7 0 4 0 -0.0026132
7 0 4 1 0.0029120
7 0 4 2 0.0000000
7 0 4 3 -0.0018738
7 0 4 4 0.0028776
7 0 5 0 0.0057334
7 0 5 1 -0.0045430
7 0 5 2 -0.0000000
7 0 5 3 0.0061185
7 0 5 4 -0.0032088
7 0 5 5 0.0054891
7 0 6 0 0.0000000
7 0 6 1 -0.0000000
7 0 6 2 0.0017001
7 0 6 3 0.0000000
7 0 6 4 -0.0000000
7 0 6 5 0.0000000
7 0 6 6 -0.0005769
7 0 7 0 0.0112578
7 0 7 1 0.0014223
7 0 7 2 0.0000000
7 0 7 3 -0.0026671
7 0 7 4 0.0011028
7 0 7 5 -0.0032876
7 0 7 6 -0.0000000
7 0 7 7 -0.0059806
7 1 0 0 0.0069649
7 1 1 0 0.0006285
7 1 1 1 -0.0008058
7 1 2 0 0.0000000
7 1 2 1 0.0000000
7 1 2 2 -0.0055040
7 1 3 0 -0.0031703
7 1 3 1 -0.0066397
7 1 3 2 -0.0000000
7 1 3 3 0.0112308
7 1 4 0 0.0016204
7 1 4 1 0.0064972
7 1 4 2 0.0000000
7 1 4 3 -0.0078027
7 1 4 4 -0.0011415
7 1 5 0 0.0006261
7 1 5 1 -0.0030212
7 1 5 2 -0.0000000
7 1 5 3 0.0053186
7 1 5 4 0.0012334
7 1 5 5 -0.0009631
7 1 6 0 0.0000000
7 1 6 1 -0.0000000
7 1 6 2 -0.0032101
7 1 6 3 0.0000000
7 1 6 4 0.0000000
7 1 6 5 -0.0000000
7 1 6 6 -0.0045458
7 1 7 0 0.0014223
7 1 7 1 0.0107852
7 1 7 2 -0.0000000
7 1 7 3 0.0054722
7 1 7 4 0.0069973
7 1 7 5 -0.0009697
7 1 7 6 -0.0000000
7 1 7 7 0.0021437
7 2 0 0 -0.0000000
7 2 1 0 0.0000000
7 2 1 1 0.0000000
7 2 2 0 -0.0050077
7 2 2 1 -0.0216256
7 2 2 2 -0.0000000
7 2 3 0 -0.0000000
7 2 3 1 -0.0000000
7 2 3 2 0.0133133
7 2 3 3 0.0000000
7 2 4 0 0.0000000
7 2 4 1 0.0000000
7 2 4 2 0.0127026
7 2 4 3 0.0000000
7 2 4 4 0.0000000
7 2 5 0 -0.0000000
7 2 5 1 -0.0000000
7 2 5 2 0.0028411
7 2 5 3 0.0000000
7 2 5 4 -0.0000000
7 2 5 5 0.0000000
7 2 6 0 0.0069465
7 2 6 1 -0.0013340
7 2 6 2 0.0000000
7 2 6 3 -0.0095523
7 2 6 4 0.0169418
7 2 6 5 -0.0147524
7 2 6 6 -0.0000000
7 2 7 0 0.0000000
7 2 7 1 -0.0000000
7 2 7 2 0.0184246
7 2 7 3 -0.0000000
7 2 7 4 -0.0000000
7 2 7 5 0.0000000
7 2 7 6 -0.0158556
7 2 7 7 0.0000000
7 3 0 0 0.0076938
7 3 1 0 -0.0043202
7 3 1 1 -0.0266520
7 3 2 0 -0.0000000
7 3 2 1 -0.0000000
7 3 2 2 -0.0002533
7 3 3 0 -0.0019758
7 3 3 1 -0.0020086
7 3 3 2 0.0000000
7 3 3 3 0.0085478
7 3 4 0 0.0006931
7 3 4 1 -0.0092778
7 3 4 2 0.0000000
7 3 4 3 -0.0182294
7 3 4 4 -0.0129780
7 3 5 0 0.0078781
7 3 5 1 0.0030227
7 3 5 2 0.0000000
7 3 5 3 -0.0171385
7 3 5 4 0.0021735
7 3 5 5 -0.0221248
7 3 6 0 0.0000000
7 3 6 1 0.0000000
7 3 6 2 -0.0155412
7 3 6 3 -0.0000000
7 3 6 4 0.0000000
7 3 6 5 -0.0000000
7 3 6 6 0.0049207
7 3 7 0 -0.0026671
7 3 7 1 0.0054722
7 3 7 2 -0.0000000
7 3 7 3 0.0262056
7 3 7 4 0.0007597
7 3 7 5 0.0001404
7 3 7 6 -0.0000000
7 3 7 7 -0.0052502
7 4 0 0 -0.0062656
7 4 1 0 0.0021072
7 4 1 1 0.0086227
7 4 2 0 0.0000000
7 4 2 1 0.0000000
7 4 2 2 0.0043892
7 4 3 0 0.0009855
7 4 3 1 0.0010949
7 4 3 2 0.0000000
7 4 3 3 -0.0074765
7 4 4 0 -0.0002818
7 4 4 1 -0.0007305
7 4 4 2 -0.0000000
7 4 4 3 0.0060769
7 4 4 4 0.0032551
7 4 5 0 -0.0039762
7 4 5 1 -0.0021575
7 4 5 2 -0.0000000
7 4 5 3 0.0037903
7 4 5 4 -0.0045547
7 4 5 5 0.0076155
7 4 6 0 -0.0000000
7 4 6 1 -0.0000000
7 4 6 2 0.0061784
7 4 6 3 0.0000000
7 4 6 4 -0.0000000
7 4 6 5 0.0000000
7 4 6 6 0.0002461
7 4 7 0 0.0011028
7 4 7 1 0.0069973
7 4 7 2 -0.0000000
7 4 7 3 0.0007597
7 4 7 4 0.0212774
7 4 7 5 0.0159928
7 4 7 6 0.0000000
7 4 7 7 -0.0032683
7 5 0 0 0.0114752
7 5 1 0 -0.0011479
7 5 1 1 0.0033424
7 5 2 0 -0.0000000
7 5 2 1 -0.0000000
7 5 2 2 0.0045618
7 5 3 0 0.0076791
7 5 3 1 0.0182497
7 5 3 2 0.0000000
7 5 3 3 -0.0158888
7 5 4 0 -0.0038341
7 5 4 1 0.0000680
7 5 4 2 -0.0000000
7 5 4 3 0.0140655
7 5 4 4 -0.0011350
7 5 5 0 -0.0024371
7 5 5 1 -0.0011416
7 5 5 2 0.0000000
7 5 5 3 -0.0084895
7 5 5 4 0.0070981
7 5 5 5 0.0141749
7 5 6 0 0.0000000
7 5 6 1 0.0000000
7 5 6 2 -0.0039029
7 5 6 3 -0.0000000
7 5 6 4 0.0000000
7 5 6 5 -0.0000000
7 5 6 6 0.0019338
7 5 7 0 -0.0032876
7 5 7 1 -0.0009697
7 5 7 2 0.0000000
7 5 7 3 0.0001404
7 5 7 4 0.0159928
7 5 7 5 0.0288693
7 5 7 6 -0.0000000
7 5 7 7 0.0190522
7 6 0 0 0.0000000
7 6 1 0 -0.0000000
7 6 1 1 -0.0000000
7 6 2 0 0.0055534
7 6 2 1 0.0118624
7 6 2 2 0.0000000
7 6 3 0 0.0000000
7 6 3 1 0.0000000
7 6 3 2 -0.0118643
7 6 3 3 -0.0000000
7 6 4 0 -0.0000000
7 6 4 1 -0.0000000
7 6 4 2 -0.0014050
7 6 4 3 0.0000000
7 6 4 4 -0.0000000
7 6 5 0 0.0000000
7 6 5 1 0.0000000
7 6 5 2 -0.0061532
7 6 5 3 -0.0000000
7 6 5 4 0.0000000
7 6 5 5 -0.0000000
7 6 6 0 -0.0077613
7 6 6 1 -0.0051958
7 6 6 2 -0.0000000
7 6 6 3 0.0121265
7 6 6 4 -0.0067381
7 6 6 5 0.0071769
7 6 6 6 0.0000000
7 6 7 0 -0.0000000
7 6 7 1 -0.0000000
7 6 7 2 -0.0158556
7 6 7 3 -0.0000000
7 6 7 4 0.0000000
7 6 7 5 -0.0000000
7 6 7 6 0.0196821
7 6 7 7 0.0000000
7 7 0 0 0.5615295
7 7 1 0 -0.0063076
7 7 1 1 0.4373251
7 7 2 0 -0.0000000
7 7 2 1 -0.0000000
7 7 2 2 0.4038564
7 7 3 0 0.0084585
7 7 3 1 0.0420816
7 7 3 2 -0.0000000
7 7 3 3 0.4230004
7 7 4 0 -0.0047691
7 7 4 1 0.0486406
7 7 4 2 -0.0000000
7 7 4 3 0.0190399
7 7 4 4 0.4215705
7 7 5 0 0.0053079
7 7 5 1 -0.0200815
7 7 5 2 0.0000000
7 7 5 3 0.0074819
7 7 5 4 0.0557303
7 7 5 5 0.4688721
7 7 6 0 0.0000000
7 7 6 1 -0.0000000
7 7 6 2 -0.0464469
7 7 6 3 -0.0000000
7 7 6 4 0.0000000
7 7 6 5 -0.0000000
7 7 6 6 0.4116417
7 7 7 0 -0.0059806
7 7 7 1 0.0021437
7 7 7 2 0.0000000
7 7 7 3 -0.0052502
7 7 7 4 -0.0032683
7 7 7 5 0.0190522
7 7 7 6 0.0000000
7 7 7 7 0.5146545
8 0 0 0 0.0000000
8 0 1 0 -0.0000000
8 0 1 1 -0.0000000
8 0 2 0 -0.0002469
8 0 2 1 -0.0003046
8 0 2 2 -0.0000000
8 0 3 0 -0.0000000
8 0 3 1 -0.0000000
8 0 3 2 0.0001883
8 0 3 3 0.0000000
8 0 4 0 0.0000000
8 0 4 1 0.0000000
8 0 4 2 -0.0000620
8 0 4 3 -0.0000000
8 0 4 4 0.0000000
8 0 5 0 -0.0000000
8 0 5 1 -0.0000000
8 0 5 2 0.0003024
8 0 5 3 0.0000000
8 0 5 4 -0.0000000
8 0 5 5 0.0000000
8 0 6 0 0.0003400
8 0 6 1 0.0002416
8 0 6 2 0.0000000
8 0 6 3 -0.0002016
8 0 6 4 0.0000190
8 0 6 5 -0.0002064
8 0 6 6 -0.0000000
8 0 7 0 0.0000000
8 0 7 1 0.0000000
8 0 7 2 0.0001297
8 0 7 3 0.0000000
8 0 7 4 -0.0000000
8 0 7 5 0.0000000
8 0 7 6 -0.0001564
8 0 7 7 -0.0000000
8 0 8 0 0.0000107
8 0 8 1 -0.0000504
8 0 8 2 0.0000000
8 0 8 3 -0.0000913
8 0 8 4 -0.0001083
8 0 8 5 -0.0002013
8 0 8 6 -0.0000000
8 0 8 7 0.0000300
8 0 8 8 -0.0000000
8 1 0 0 -0.0000000
8 1 1 0 -0.0000000
8 1 1 1 -0.0000000
8 1 2 0 -0.0021287
8 1 2 1 -0.0334261
8 1 2 2 -0.0000000
8 1 3 0 -0.0000000
8 1 3 1 -0.0000000
8 1 3 2 0.0103475
8 1 3 3 0.0000000
8 1 4 0 0.0000000
8 1 4 1 0.0000000
8 1 4 2 0.0295244
8 1 4 3 0.0000000
8 1 4 4 0.0000000
8 1 5 0 -0.0000000
8 1 5 1 0.0000000
8 1 5 2 -0.0049289
8 1 5 3 0.0000000
8 1 5 4 -0.0000000
8 1 5 5 0.0000000
8 1 6 0 0.0026829
8 1 6 1 -0.0173141
8 1 6 2 -0.0000000
8 1 6 3 0.0008568
8 1 6 4 0.0336047
8 1 6 5 -0.0245319
8 1 6 6 -0.0000000
8 1 7 0 -0.0000000
8 1 7 1 0.0000000
8 1 7 2 0.0068980
8 1 7 3 0.0000000
8 1 7 4 -0.0000000
8 1 7 5 0.0000000
8 1 7 6 -0.0010835
8 1 7 7 0.0000000
8 1 8 0 -0.0000504
8 1 8 1 0.0278297
8 1 8 2 -0.0000000
8 1 8 3 0.0132131
8 1 8 4 0.0085234
8 1 8 5 0.0258106
8 1 8 6 0.0000000
8 1 8 7 0.0003958
8 1 8 8 0.0000000
8 2 0 0 -0.0339969
8 2 1 0 -0.0001732
8 2 1 1 -0.0166962
8 2 2 0 0.0000000
8 2 2 1 0.0000000
8 2 2 2 -0.0294161
8 2 3 0 -0.0002945
8 2 3 1 0.0130076
8 2 3 2 -0.0000000
8 2 3 3 -0.0149628
8 2 4 0 0.0000942
8 2 4 1 0.0204548
8 2 4 2 -0.0000000
8 2 4 3 0.0140468
8 2 4 4 -0.0069995
8 2 5 0 0.0003492
8 2 5 1 0.0169526
8 2 5 2 -0.0000000
8 2 5 3 0.0124928
8 2 5 4 0.0222437
8 2 5 5 -0.0111060
8 2 6 0 -0.0000000
8 2 6 1 0.0000000
8 2 6 2 0.0027463
8 2 6 3 -0.0000000
8 2 6 4 -0.0000000
8 2 6 5 0.0000000
8 2 6 6 -0.0292461
8 2 7 0 -0.0000057
8 2 7 1 0.0025169
8 2 7 2 -0.0000000
8 2 7 3 -0.0033364
8 2 7 4 -0.0011366
8 2 7 5 0.0012726
8 2 7 6 0.0000000
8 2 7 7 0.0202271
8 2 8 0 0.0000000
8 2 8 1 -0.0000000
8 2 8 2 0.0205896
8 2 8 3 0.0000000
8 2 8 4 -0.0000000
8 2 8 5 -0.0000000
8 2 8 6 0.0165707
8 2 8 7 0.0000000
8 2 8 8 0.0584543
8 3 0 0 -0.0000000
8 3 1 0 -0.0000000
8 3 1 1 -0.0000000
8 3 2 0 -0.0002104
8 3 2 1 -0.0056905
8 3 2 2 -0.0000000
8 3 3 0 -0.0000000
8 3 3 1 0.0000000
8 3 3 2 0.0003070
8 3 3 3 -0.0000000
8 3 4 0 0.0000000
8 3 4 1 0.0000000
8 3 4 2 0.0065857
8 3 4 3 0.0000000
8 3 4 4 0.0000000
8 3 5 0 0.0000000
8 3 5 1 0.0000000
8 3 5 2 0.0002385
8 3 5 3 0.0000000
8 3 5 4 0.0000000
8 3 5 5 -0.0000000
8 3 6 0 0.0002315
8 3 6 1 -0.0035537
8 3 6 2 0.0000000
8 3 6 3 0.0017091
8 3 6 4 0.0066923
8 3 6 5 -0.0040338
8 3 6 6 -0.0000000
8 3 7 0 0.0000000
8 3 7 1 0.0000000
8 3 7 2 0.0011798
8 3 7 3 -0.0000000
8 3 7 4 -0.0000000
8 3 7 5 0.0000000
8 3 7 6 0.0000579
8 3 7 7 0.0000000
8 3 8 0 -0.0000913
8 3 8 1 0.0132131
8 3 8 2 0.0000000
8 3 8 3 0.0095254
8 3 8 4 0.0108340
8 3 8 5 0.0145834
8 3 8 6 0.0000000
8 3 8 7 -0.0010635
8 3 8 8 0.0000000
8 4 0 0 0.0000000
8 4 1 0 -0.0000000
8 4 1 1 0.0000000
8 4 2 0 0.0003318
8 4 2 1 0.0102272
8 4 2 2 -0.0000000
8 4 3 0 0.0000000
8 4 3 1 0.0000000
8 4 3 2 -0.0031398
8 4 3 3 -0.0000000
8 4 4 0 -0.0000000
8 4 4 1 0.0000000
8 4 4 2 -0.0087680
8 4 4 3 -0.0000000
8 4 4 4 -0.0000000
8 4 5 0 0.0000000
8 4 5 1 0.0000000
8 4 5 2 0.0066792
8 4 5 3 0.0000000
8 4 5 4 0.0000000
8 4 5 5 0.0000000
8 4 6 0 -0.0005329
8 4 6 1 0.0076711
8 4 6 2 -0.0000000
8 4 6 3 0.0002004
8 4 6 4 -0.0104559
8 4 6 5 0.0100956
8 4 6 6 0.0000000
8 4 7 0 -0.0000000
8 4 7 1 0.0000000
8 4 7 2 -0.0013877
8 4 7 3 -0.0000000
8 4 7 4 0.0000000
8 4 7 5 0.0000000
8 4 7 6 0.0011382
8 4 7 7 0.0000000
8 4 8 0 -0.0001083
8 4 8 1 0.0085234
8 4 8 2 -0.0000000
8 4 8 3 0.0108340
8 4 8 4 0.0190065
8 4 8 5 0.0124862
8 4 8 6 0.0000000
8 4 8 7 0.0013457
8 4 8 8 0.0000000
8 5 0 0 -0.0000000
8 5 1 0 -0.0000000
8 5 1 1 -0.0000000
8 5 2 0 -0.0004696
8 5 2 1 -0.0209226
8 5 2 2 0.0000000
8 5 3 0 -0.0000000
8 5 3 1 -0.0000000
8 5 3 2 0.0072212
8 5 3 3 0.0000000
8 5 4 0 0.0000000
8 5 4 1 -0.0000000
8 5 4 2 0.0248864
8 5 4 3 0.0000000
8 5 4 4 0.0000000
8 5 5 0 -0.0000000
8 5 5 1 0.0000000
8 5 5 2 -0.0083575
8 5 5 3 -0.0000000
8 5 5 4 -0.0000000
8 5 5 5 0.0000000
8 5 6 0 0.0006466
8 5 6 1 -0.0171800
8 5 6 2 -0.0000000
8 5 6 3 0.0026880
8 5 6 4 0.0291006
8 5 6 5 -0.0178330
8 5 6 6 -0.0000000
8 5 7 0 0.0000000
8 5 7 1 0.0000000
8 5 7 2 0.0041114
8 5 7 3 0.0000000
8 5 7 4 0.0000000
8 5 7 5 -0.0000000
8 5 7 6 0.0012638
8 5 7 7 -0.0000000
8 5 8 0 -0.0002013
8 5 8 1 0.0258106
8 5 8 2 -0.0000000
8 5 8 3 0.0145834
8 5 8 4 0.0124862
8 5 8 5 0.0294039
8 5 8 6 -0.0000000
8 5 8 7 0.0006251
8 5 8 8 -0.0000000
8 6 0 0 -0.0004584
8 6 1 0 -0.0001923
8 6 1 1 -0.0046258
8 6 2 0 -0.0000000
8 6 2 1 -0.0000000
8 6 2 2 -0.0134140
8 6 3 0 0.0003117
8 6 3 1 0.0101543
8 6 3 2 -0.0000000
8 6 3 3 0.0014219
8 6 4 0 -0.0002494
8 6 4 1 0.0204099
8 6 4 2 -0.0000000
8 6 4 3 0.0069955
8 6 4 4 -0.0037259
8 6 5 0 0.0001396
8 6 5 1 0.0030025
8 6 5 2 -0.0000000
8 6 5 3 0.0079616
8 6 5 4 0.0218372
8 6 5 5 0.0022840
8 6 6 0 0.0000000
8 6 6 1 -0.0000000
8 6 6 2 -0.0102946
8 6 6 3 -0.0000000
8 6 6 4 0.0000000
8 6 6 5 -0.0000000
8 6 6 6 -0.0172923
8 6 7 0 -0.0001251
8 6 7 1 0.0024235
8 6 7 2 0.0000000
8 6 7 3 -0.0018416
8 6 7 4 -0.0001010
8 6 7 5 0.0033338
8 6 7 6 -0.0000000
8 6 7 7 0.0252850
8 6 8 0 -0.0000000
8 6 8 1 0.0000000
8 6 8 2 0.0165707
8 6 8 3 0.0000000
8 6 8 4 0.0000000
8 6 8 5 -0.0000000
8 6 8 6 0.0159244
8 6 8 7 -0.0000000
8 6 8 8 0.0443229
8 7 0 0 0.0000000
8 7 1 0 0.0000000
8 7 1 1 0.0000000
8 7 2 0 0.0002709
8 7 2 1 0.0030514
8 7 2 2 0.0000000
8 7 3 0 0.0000000
8 7 3 1 0.0000000
8 7 3 2 -0.0016368
8 7 3 3 -0.0000000
8 7 4 0 -0.0000000
8 7 4 1 0.0000000
8 7 4 2 -0.0018505
8 7 4 3 -0.0000000
8 7 4 4 -0.0000000
8 7 5 0 0.0000000
8 7 5 1 -0.0000000
8 7 5 2 0.0010165
8 7 5 3 0.0000000
8 7 5 4 0.0000000
8 7 5 5 -0.0000000
8 7 6 0 -0.0003237
8 7 6 1 0.0022035
8 7 6 2 0.0000000
8 7 6 3 0.0000463
8 7 6 4 -0.0022830
8 7 6 5 0.0028994
8 7 6 6 0.0000000
8 7 7 0 -0.0000000
8 7 7 1 0.0000000
8 7 7 2 0.0035844
8 7 7 3 0.0000000
8 7 7 4 0.0000000
8 7 7 5 -0.0000000
8 7 7 6 0.0040312
8 7 7 7 -0.0000000
8 7 8 0 0.0000300
8 7 8 1 0.0003958
8 7 8 2 0.0000000
8 7 8 3 -0.0010635
8 7 8 4 0.0013457
8 7 8 5 0.0006251
8 7 8 6 -0.0000000
8 7 8 7 0.0210482
8 7 8 8 -0.0000000
8 8 0 0 0.3245191
8 8 1 0 0.0031147
8 8 1 1 0.4479366
8 8 2 0 -0.0000000
8 8 2 1 -0.0000000
8 8 2 2 0.3524216
8 8 3 0 0.0037999
8 8 3 1 0.0761451
8 8 3 2 -0.0000000
8 8 3 3 0.3377820
8 8 4 0 -0.0017837
8 8 4 1 0.0684875
8 8 4 2 -0.0000000
8 8 4 3 0.0993142
8 8 4 4 0.4537437
8 8 5 0 -0.0067279
8 8 5 1 0.0633702
8 8 5 2 -0.0000000
8 8 5 3 0.0647010
8 8 5 4 0.0701479
8 8 5 5 0.4454290
8 8 6 0 0.0000000
8 8 6 1 -0.0000000
8 8 6 2 0.0511662
8 8 6 3 -0.0000000
8 8 6 4 -0.0000000
8 8 6 5 -0.0000000
8 8 6 6 0.3547023
8 8 7 0 0.0013987
8 8 7 1 0.0012952
8 8 7 2 0.0000000
8 8 7 3 -0.0300066
8 8 7 4 0.0036626
8 8 7 5 0.0111454
8 8 7 6 -0.0000000
8 8 7 7 0.4670423
8 8 8 0 -0.0000000
8 8 8 1 0.0000000
8 8 8 2 0.0584543
8 8 8 3 0.0000000
8 8 8 4 0.0000000
8 8 8 5 -0.0000000
8 8 8 6 0.0443229
8 8 8 7 -0.0000000
8 8 8 8 0.6728328
9 0 0 0 -0.0028042
9 0 1 0 0.0000953
9 0 1 1 -0.0003424
9 0 2 0 0.0000000
9 0 2 1 -0.0000000
9 0 2 2 -0.0003849
9 0 3 0 -0.0001171
9 0 3 1 0.0001908
9 0 3 2 0.0000000
9 0 3 3 -0.0004891
9 0 4 0 0.0000741
9 0 4 1 0.0000415
9 0 4 2 -0.0000000
9 0 4 3 0.0003028
9 0 4 4 -0.0000728
9 0 5 0 -0.0001144
9 0 5 1 0.0004571
9 0 5 2 -0.0000000
9 0 5 3 0.0001078
9 0 5 4 0.0001620
9 0 5 5 -0.0004668
9 0 6 0 -0.0000000
9 0 6 1 0.0000000
9 0 6 2 0.0003012
9 0 6 3 0.0000000
9 0 6 4 -0.0000000
9 0 6 5 -0.0000000
9 0 6 6 -0.0004100
9 0 7 0 -0.0001227
9 0 7 1 -0.0000085
9 0 7 2 -0.0000000
9 0 7 3 -0.0000024
9 0 7 4 -0.0000051
9 0 7 5 0.0000355
9 0 7 6 0.0000000
9 0 7 7 0.0000326
9 0 8 0 -0.0000000
9 0 8 1 0.0000000
9 0 8 2 0.0001425
9 0 8 3 0.0000000
9 0 8 4 0.0000000
9 0 8 5 -0.0000000
9 0 8 6 0.0000852
9 0 8 7 0.0000000
9 0 8 8 0.0004255
9 0 9 0 0.0000059
9 0 9 1 -0.0000219
9 0 9 2 0.0000000
9 0 9 3 -0.0000843
9 0 9 4 -0.0001704
9 0 9 5 -0.0000903
9 0 9 6 0.0000000
9 0 9 7 0.0000183
9 0 9 8 -0.0000000
9 0 9 9 0.0027305
9 1 0 0 -0.0047417
9 1 1 0 -0.0000872
9 1 1 1 -0.0023952
9 1 2 0 -0.0000000
9 1 2 1 -0.0000000
9 1 2 2 -0.0040863
9 1 3 0 0.0000173
9 1 3 1 0.0025045
9 1 3 2 -0.0000000
9 1 3 3 -0.0019316
9 1 4 0 -0.0000143
9 1 4 1 0.0033669
9 1 4 2 -0.0000000
9 1 4 3 0.0028279
9 1 4 4 0.0002080
9 1 5 0 0.0001188
9 1 5 1 0.0029128
9 1 5 2 -0.0000000
9 1 5 3 0.0018350
9 1 5 4 0.0039007
9 1 5 5 -0.0016476
9 1 6 0 0.0000000
9 1 6 1 -0.0000000
9 1 6 2 -0.0000398
9 1 6 3 -0.0000000
9 1 6 4 -0.0000000
9 1 6 5 -0.0000000
9 1 6 6 -0.0041526
9 1 7 0 -0.0000745
9 1 7 1 0.0003754
9 1 7 2 -0.0000000
9 1 7 3 0.0001421
9 1 7 4 0.0002653
9 1 7 5 0.0006315
9 1 7 6 -0.0000000
9 1 7 7 0.0007892
9 1 8 0 -0.0000000
9 1 8 1 0.0000000
9 1 8 2 0.0016971
9 1 8 3 0.0000000
9 1 8 4 0.0000000
9 1 8 5 0.0000000
9 1 8 6 0.0014560
9 1 8 7 0.0000000
9 1 8 8 0.0028443
9 1 9 0 -0.0000219
9 1 9 1 0.0033493
9 1 9 2 -0.0000000
9 1 9 3 0.0034776
9 1 9 4 0.0061484
9 1 9 5 0.0049631
9 1 9 6 -0.0000000
9 1 9 7 0.0007005
9 1 9 8 0.0000000
9 1 9 9 -0.0223414
9 2 0 0 0.0000000
9 2 1 0 -0.0000000
9 2 1 1 -0.0000000
9 2 2 0 -0.0001424
9 2 2 1 -0.0020288
9 2 2 2 0.0000000
9 2 3 0 -0.0000000
9 2 3 1 -0.0000000
9 2 3 2 0.0008536
9 2 3 3 0.0000000
9 2 4 0 0.0000000
9 2 4 1 -0.0000000
9 2 4 2 0.0021114
9 2 4 3 0.0000000
9 2 4 4 0.0000000
9 2 5 0 0.0000000
9 2 5 1 -0.0000000
9 2 5 2 -0.0001665
9 2 5 3 -0.0000000
9 2 5 4 -0.0000000
9 2 5 5 0.0000000
9 2 6 0 0.0001756
9 2 6 1 -0.0009826
9 2 6 2 -0.0000000
9 2 6 3 0.0001819
9 2 6 4 0.0023462
9 2 6 5 -0.0013953
9 2 6 6 -0.0000000
9 2 7 0 -0.0000000
9 2 7 1 0.0000000
9 2 7 2 0.0003544
9 2 7 3 0.0000000
9 2 7 4 -0.0000000
9 2 7 5 0.0000000
9 2 7 6 -0.0000061
9 2 7 7 0.0000000
9 2 8 0 -0.0000022
9 2 8 1 0.0018473
9 2 8 2 -0.0000000
9 2 8 3 0.0011167
9 2 8 4 0.0012760
9 2 8 5 0.0018762
9 2 8 6 -0.0000000
9 2 8 7 -0.0000212
9 2 8 8 0.0000000
9 2 9 0 0.0000000
9 2 9 1 -0.0000000
9 2 9 2 0.0013322
9 2 9 3 -0.0000000
9 2 9 4 -0.0000000
9 2 9 5 -0.0000000
9 2 9 6 0.0012647
9 2 9 7 0.0000000
9 2 9 8 0.0041286
9 2 9 9 0.0000000
9 3 0 0 0.0002430
9 3 1 0 0.0000568
9 3 1 1 0.0008050
9 3 2 0 -0.0000000
9 3 2 1 -0.0000000
9 3 2 2 -0.0001911
9 3 3 0 -0.0000456
9 3 3 1 0.0003227
9 3 3 2 -0.0000000
9 3 3 3 0.0007090
9 3 4 0 0.0000335
9 3 4 1 0.0010309
9 3 4 2 0.0000000
9 3 4 3 0.0006365
9 3 4 4 0.0010458
9 3 5 0 -0.0000540
9 3 5 1 0.0000088
9 3 5 2 -0.0000000
9 3 5 3 0.0005689
9 3 5 4 0.0005189
9 3 5 5 0.0003311
9 3 6 0 0.0000000
9 3 6 1 -0.0000000
9 3 6 2 -0.0003339
9 3 6 3 -0.0000000
9 3 6 4 0.0000000
9 3 6 5 -0.0000000
9 3 6 6 -0.0002931
9 3 7 0 0.0000525
9 3 7 1 -0.0000955
9 3 7 2 0.0000000
9 3 7 3 0.0000076
9 3 7 4 -0.0000561
9 3 7 5 -0.0002735
9 3 7 6 -0.0000000
9 3 7 7 -0.0023607
9 3 8 0 0.0000000
9 3 8 1 0.0000000
9 3 8 2 -0.0008619
9 3 8 3 0.0000000
9 3 8 4 0.0000000
9 3 8 5 0.0000000
9 3 8 6 -0.0007000
9 3 8 7 0.0000000
9 3 8 8 -0.0032468
9 3 9 0 -0.0000843
9 3 9 1 0.0034776
9 3 9 2 -0.0000000
9 3 9 3 0.0049890
9 3 9 4 0.0091549
9 3 9 5 0.0062326
9 3 9 6 -0.0000000
9 3 9 7 -0.0005883
9 3 9 8 0.0000000
9 3 9 9 -0.0723478
9 4 0 0 0.0015811
9 4 1 0 0.0000021
9 4 1 1 0.0018501
9 4 2 0 -0.0000000
9 4 2 1 -0.0000000
9 4 2 2 0.0012277
9 4 3 0 0.0000814
9 4 3 1 0.0003878
9 4 3 2 0.0000000
9 4 3 3 0.0010846
9 4 4 0 -0.0000136
9 4 4 1 -0.0002134
9 4 4 2 0.0000000
9 4 4 3 0.0003406
9 4 4 4 0.0018131
9 4 5 0 -0.0000299
9 4 5 1 -0.0004471
9 4 5 2 0.0000000
9 4 5 3 -0.0005600
9 4 5 4 -0.0008859
9 4 5 5 0.0007572
9 4 6 0 0.0000000
9 4 6 1 -0.0000000
9 4 6 2 -0.0001687
9 4 6 3 -0.0000000
9 4 6 4 0.0000000
9 4 6 5 -0.0000000
9 4 6 6 0.0014426
9 4 7 0 -0.0000436
9 4 7 1 -0.0002792
9 4 7 2 -0.0000000
9 4 7 3 0.0009050
9 4 7 4 0.0004358
9 4 7 5 0.0000404
9 4 7 6 -0.0000000
9 4 7 7 -0.0056466
9 4 8 0 0.0000000
9 4 8 1 0.0000000
9 4 8 2 -0.0029177
9 4 8 3 -0.0000000
9 4 8 4 -0.0000000
9 4 8 5 0.0000000
9 4 8 6 -0.0025482
9 4 8 7 -0.0000000
9 4 8 8 -0.0084963
9 4 9 0 -0.0001704
9 4 9 1 0.0061484
9 4 9 2 -0.0000000
9 4 9 3 0.0091549
9 4 9 4 0.0174473
9 4 9 5 0.0114634
9 4 9 6 -0.0000000
9 4 9 7 0.0006035
9 4 9 8 0.0000000
9 4 9 9 -0.1563363
9 5 0 0 0.0029336
9 5 1 0 0.0001017
9 5 1 1 0.0029122
9 5 2 0 -0.0000000
9 5 2 1 -0.0000000
9 5 2 2 0.0000081
9 5 3 0 0.0001007
9 5 3 1 0.0018021
9 5 3 2 -0.0000000
9 5 3 3 0.0025438
9 5 4 0 -0.0000313
9 5 4 1 0.0034204
9 5 4 2 -0.0000000
9 5 4 3 0.0015543
9 5 4 4 0.0025679
9 5 5 0 -0.0001793
9 5 5 1 -0.0006578
9 5 5 2 -0.0000000
9 5 5 3 0.0010621
9 5 5 4 0.0027187
9 5 5 5 0.0028452
9 5 6 0 0.0000000
9 5 6 1 -0.0000000
9 5 6 2 -0.0017484
9 5 6 3 -0.0000000
9 5 6 4 -0.0000000
9 5 6 5 -0.0000000
9 5 6 6 -0.0005685
9 5 7 0 0.0000467
9 5 7 1 0.0002883
9 5 7 2 -0.0000000
9 5 7 3 0.0002415
9 5 7 4 0.0004427
9 5 7 5 0.0004092
9 5 7 6 -0.0000000
9 5 7 7 -0.0001675
9 5 8 0 0.0000000
9 5 8 1 -0.0000000
9 5 8 2 -0.0003950
9 5 8 3 -0.0000000
9 5 8 4 -0.0000000
9 5 8 5 -0.0000000
9 5 8 6 0.0000558
9 5 8 7 0.0000000
9 5 8 8 -0.0020519
9 5 9 0 -0.0000903
9 5 9 1 0.0049631
9 5 9 2 -0.0000000
9 5 9 3 0.0062326
9 5 9 4 0.0114634
9 5 9 5 0.0084090
9 5 9 6 -0.0000000
9 5 9 7 0.0008228
9 5 9 8 -0.0000000
9 5 9 9 -0.0744092
9 6 0 0 -0.0000000
9 6 1 0 0.0000000
9 6 1 1 -0.0000000
9 6 2 0 -0.0000726
9 6 2 1 -0.0020373
9 6 2 2 -0.0000000
9 6 3 0 -0.0000000
9 6 3 1 -0.0000000
9 6 3 2 0.0008456
9 6 3 3 0.0000000
9 6 4 0 0.0000000
9 6 4 1 0.0000000
9 6 4 2 0.0024550
9 6 4 3 0.0000000
9 6 4 4 0.0000000
9 6 5 0 -0.0000000
9 6 5 1 0.0000000
9 6 5 2 -0.0006496
9 6 5 3 0.0000000
9 6 5 4 0.0000000
9 6 5 5 0.0000000
9 6 6 0 0.0000946
9 6 6 1 -0.0014920
9 6 6 2 -0.0000000
9 6 6 3 0.0002745
9 6 6 4 0.0028454
9 6 6 5 -0.0016292
9 6 6 6 -0.0000000
9 6 7 0 0.0000000
9 6 7 1 0.0000000
9 6 7 2 0.0004306
9 6 7 3 -0.0000000
9 6 7 4 -0.0000000
9 6 7 5 0.0000000
9 6 7 6 -0.0000287
9 6 7 7 0.0000000
9 6 8 0 -0.0000114
9 6 8 1 0.0020481
9 6 8 2 0.0000000
9 6 8 3 0.0012090
9 6 8 4 0.0012216
9 6 8 5 0.0022870
9 6 8 6 0.0000000
9 6 8 7 -0.0001150
9 6 8 8 0.0000000
9 6 9 0 0.0000000
9 6 9 1 -0.0000000
9 6 9 2 0.0012647
9 6 9 3 -0.0000000
9 6 9 4 -0.0000000
9 6 9 5 -0.0000000
9 6 9 6 0.0012250
9 6 9 7 -0.0000000
9 6 9 8 0.0037941
9 6 9 9 0.0000000
9 7 0 0 -0.0009793
9 7 1 0 0.0000842
9 7 1 1 0.0008398
9 7 2 0 0.0000000
9 7 2 1 0.0000000
9 7 2 2 0.0002035
9 7 3 0 -0.0000353
9 7 3 1 -0.0003137
9 7 3 2 0.0000000
9 7 3 3 -0.0003299
9 7 4 0 0.0000319
9 7 4 1 -0.0001244
9 7 4 2 0.0000000
9 7 4 3 -0.0000313
9 7 4 4 0.0002784
9 7 5 0 -0.0000885
9 7 5 1 0.0003637
9 7 5 2 -0.0000000
9 7 5 3 0.0000985
9 7 5 4 -0.0004584
9 7 5 5 0.0002176
9 7 6 0 -0.0000000
9 7 6 1 0.0000000
9 7 6 2 0.0007364
9 7 6 3 0.0000000
9 7 6 4 -0.0000000
9 7 6 5 0.0000000
9 7 6 6 0.0002925
9 7 7 0 0.0000534
9 7 7 1 0.0010046
9 7 7 2 -0.0000000
9 7 7 3 0.0008611
9 7 7 4 0.0019725
9 7 7 5 0.0011269
9 7 7 6 -0.0000000
9 7 7 7 -0.0001770
9 7 8 0 0.0000000
9 7 8 1 -0.0000000
9 7 8 2 -0.0002514
9 7 8 3 -0.0000000
9 7 8 4 -0.0000000
9 7 8 5 0.0000000
9 7 8 6 -0.0003936
9 7 8 7 0.0000000
9 7 8 8 0.0000623
9 7 9 0 0.0000183
9 7 9 1 0.0007005
9 7 9 2 0.0000000
9 7 9 3 -0.0005883
9 7 9 4 0.0006035
9 7 9 5 0.0008228
9 7 9 6 -0.0000000
9 7 9 7 0.0091562
9 7 9 8 0.0000000
9 7 9 9 -0.0149381
9 8 0 0 0.0000000
9 8 1 0 0.0000000
9 8 1 1 0.0000000
9 8 2 0 0.0001090
9 8 2 1 0.0031937
9 8 2 2 -0.0000000
9 8 3 0 0.0000000
9 8 3 1 0.0000000
9 8 3 2 -0.0003332
9 8 3 3 -0.0000000
9 8 4 0 -0.0000000
9 8 4 1 0.0000000
9 8 4 2 -0.0017242
9 8 4 3 -0.0000000
9 8 4 4 -0.0000000
9 8 5 0 0.0000000
9 8 5 1 0.0000000
9 8 5 2 0.0017997
9 8 5 3 0.0000000
9 8 5 4 0.0000000
9 8 5 5 -0.0000000
9 8 6 0 -0.0001538
9 8 6 1 0.0025029
9 8 6 2 0.0000000
9 8 6 3 0.0003958
9 8 6 4 -0.0023576
9 8 6 5 0.0031984
9 8 6 6 0.0000000
9 8 7 0 0.0000000
9 8 7 1 -0.0000000
9 8 7 2 -0.0004593
9 8 7 3 -0.0000000
9 8 7 4 0.0000000
9 8 7 5 -0.0000000
9 8 7 6 0.0000554
9 8 7 7 -0.0000000
9 8 8 0 0.0000159
9 8 8 1 0.0003096
9 8 8 2 -0.0000000
9 8 8 3 0.0016448
9 8 8 4 0.0043320
9 8 8 5 0.0007074
9 8 8 6 -0.0000000
9 8 8 7 0.0004312
9 8 8 8 -0.0000000
9 8 9 0 -0.0000000
9 8 9 1 0.0000000
9 8 9 2 0.0041286
9 8 9 3 0.0000000
9 8 9 4 0.0000000
9 8 9 5 -0.0000000
9 8 9 6 0.0037941
9 8 9 7 0.0000000
9 8 9 8 0.0145315
9 8 9 9 -0.0000000
9 9 0 0 0.3431402
9 9 1 0 0.0037874
9 9 1 1 0.5175682
9 9 2 0 -0.0000000
9 9 2 1 -0.0000000
9 9 2 2 0.3698898
9 9 3 0 0.0044052
9 9 3 1 0.1279284
9 9 3 2 -0.0000000
9 9 3 3 0.3977784
9 9 4 0 -0.0025438
9 9 4 1 0.1530354
9 9 4 2 -0.0000000
9 9 4 3 0.1768650
9 9 4 4 0.5838057
9 9 5 0 -0.0082251
9 9 5 1 0.1093223
9 9 5 2 -0.0000000
9 9 5 3 0.1213217
9 9 5 4 0.1716652
9 9 5 5 0.5381311
9 9 6 0 0.0000000
9 9 6 1 -0.0000000
9 9 6 2 0.0551116
9 9 6 3 -0.0000000
9 9 6 4 -0.0000000
9 9 6 5 -0.0000000
9 9 6 6 0.3656798
9 9 7 0 0.0020265
9 9 7 1 0.0082251
9 9 7 2 0.0000000
9 9 7 3 -0.0469467
9 9 7 4 -0.0010695
9 9 7 5 0.0172209
9 9 7 6 -0.0000000
9 9 7 7 0.6182419
9 9 8 0 -0.0000000
9 9 8 1 0.0000000
9 9 8 2 0.1064665
9 9 8 3 0.0000000
9 9 8 4 0.0000000
9 9 8 5 -0.0000000
9 9 8 6 0.0925744
9 9 8 7 -0.0000000
9 9 8 8 0.8416887
9 9 9 0 0.0027305
9 9 9 1 -0.0223414
9 9 9 2 0.0000000
9 9 9 3 -0.0723478
9 9 9 4 -0.1563363
9 9 9 5 -0.0744092
9 9 9 6 0.0000000
9 9 9 7 -0.0149381
9 9 9 8 -0.0000000
9 9 9 9 3.4993859
10 0 0 0 0.0250952
10 0 1 0 -0.0009615
10 0 1 1 0.0025439
10 0 2 0 -0.0000000
10 0 2 1 0.0000000
10 0 2 2 0.0012873
10 0 3 0 0.0009723
10 0 3 1 -0.0015735
10 0 3 2 -0.0000000
10 0 3 3 0.0025621
10 0 4 0 -0.0007045
10 0 4 1 0.0006264
10 0 4 2 0.0000000
10 0 4 3 -0.0011644
10 0 4 4 0.0010498
10 0 5 0 0.0014533
10 0 5 1 -0.0022023
10 0 5 2 -0.0000000
10 0 5 3 0.0011161
10 0 5 4 -0.0010223
10 0 5 5 0.0026162
10 0 6 0 0.0000000
10 0 6 1 -0.0000000
10 0 6 2 -0.0004559
10 0 6 3 0.0000000
10 0 6 4 -0.0000000
10 0 6 5 0.0000000
10 0 6 6 0.0010715
10 0 7 0 0.0027166
10 0 7 1 0.0003877
10 0 7 2 0.0000000
10 0 7 3 -0.0005277
10 0 7 4 0.0003659
10 0 7 5 -0.0007720
10 0 7 6 -0.0000000
10 0 7 7 -0.0012111
10 0 8 0 0.0000000
10 0 8 1 -0.0000000
10 0 8 2 -0.0003463
10 0 8 3 -0.0000000
10 0 8 4 -0.0000000
10 0 8 5 -0.0000000
10 0 8 6 -0.0002009
10 0 8 7 -0.0000000
10 0 8 8 -0.0006583
10 0 9 0 -0.0000359
10 0 9 1 -0.0000585
10 0 9 2 -0.0000000
10 0 9 3 0.0000181
10 0 9 4 0.0000165
10 0 9 5 0.0000225
10 0 9 6 -0.0000000
10 0 9 7 0.0000114
10 0 9 8 -0.0000000
10 0 9 9 -0.0008062
10 0 10 0 0.0006749
10 0 10 1 0.0005180
10 0 10 2 -0.0000000
10 0 10 3 -0.0001086
10 0 10 4 0.0001735
10 0 10 5 -0.0000831
10 0 10 6 -0.0000000
10 0 10 7 0.0000138
10 0 10 8 -0.0000000
10 0 10 9 -0.0000062
10 0 10 10 -0.0010804
10 1 0 0 0.0337809
10 1 1 0 0.0009433
10 1 1 1 0.0328889
10 1 2 0 0.0000000
10 1 2 1 0.0000000
10 1 2 2 0.0256575
10 1 3 0 -0.0006700
10 1 3 1 -0.0054809
10 1 3 2 0.0000000
10 1 3 3 0.0265380
10 1 4 0 0.0003958
10 1 4 1 -0.0014665
10 1 4 2 0.0000000
10 1 4 3 -0.0032128
10 1 4 4 0.0249571
10 1 5 0 -0.0010199
10 1 5 1 -0.0114537
10 1 5 2 0.0000000
10 1 5 3 -0.0000294
10 1 5 4 -0.0079663
10 1 5 5 0.0251482
10 1 6 0 -0.0000000
10 1 6 1 -0.0000000
10 1 6 2 -0.0005666
10 1 6 3 0.0000000
10 1 6 4 -0.0000000
10 1 6 5 0.0000000
10 1 6 6 0.0258258
10 1 7 0 0.0009236
10 1 7 1 -0.0010800
10 1 7 2 0.0000000
10 1 7 3 -0.0006105
10 1 7 4 -0.0007638
10 1 7 5 -0.0053245
10 1 7 6 -0.0000000
10 1 7 7 -0.0016968
10 1 8 0 0.0000000
10 1 8 1 -0.0000000
10 1 8 2 -0.0113624
10 1 8 3 -0.0000000
10 1 8 4 -0.0000000
10 1 8 5 0.0000000
10 1 8 6 -0.0096718
10 1 8 7 0.0000000
10 1 8 8 -0.0109961
10 1 9 0 -0.0001170
10 1 9 1 -0.0008889
10 1 9 2 -0.0000000
10 1 9 3 0.0016046
10 1 9 4 0.0039959
10 1 9 5 0.0016579
10 1 9 6 -0.0000000
10 1 9 7 0.0003031
10 1 9 8 0.0000000
10 1 9 9 -0.0407141
10 1 10 0 0.0005180
10 1 10 1 0.0227078
10 1 10 2 -0.0000000
10 1 10 3 0.0108342
10 1 10 4 0.0135426
10 1 10 5 0.0190322
10 1 10 6 -0.0000000
10 1 10 7 0.0010892
10 1 10 8 0.0000000
10 1 10 9 -0.0000830
10 1 10 10 -0.0540541
10 2 0 0 -0.0000000
10 2 1 0 0.0000000
10 2 1 1 -0.0000000
10 2 2 0 -0.0007164
10 2 2 1 -0.0000396
10 2 2 2 -0.0000000
10 2 3 0 -0.0000000
10 2 3 1 -0.0000000
10 2 3 2 0.0008618
10 2 3 3 -0.0000000
10 2 4 0 0.0000000
10 2 4 1 0.0000000
10 2 4 2 -0.0005143
10 2 4 3 -0.0000000
10 2 4 4 -0.0000000
10 2 5 0 -0.0000000
10 2 5 1 0.0000000
10 2 5 2 0.0015630
10 2 5 3 0.0000000
10 2 5 4 -0.0000000
10 2 5 5 -0.0000000
10 2 6 0 0.0010142
10 2 6 1 0.0015539
10 2 6 2 0.0000000
10 2 6 3 -0.0018316
10 2 6 4 -0.0003978
10 2 6 5 0.0002205
10 2 6 6 -0.0000000
10 2 7 0 0.0000000
10 2 7 1 0.0000000
10 2 7 2 0.0034846
10 2 7 3 0.0000000
10 2 7 4 0.0000000
10 2 7 5 0.0000000
10 2 7 6 -0.0032509
10 2 7 7 -0.0000000
10 2 8 0 -0.0000845
10 2 8 1 0.0004617
10 2 8 2 0.0000000
10 2 8 3 0.0023217
10 2 8 4 0.0045074
10 2 8 5 0.0031557
10 2 8 6 0.0000000
10 2 8 7 0.0006462
10 2 8 8 -0.0000000
10 2 9 0 0.0000000
10 2 9 1 0.0000000
10 2 9 2 0.0004441
10 2 9 3 -0.0000000
10 2 9 4 -0.0000000
10 2 9 5 -0.0000000
10 2 9 6 0.0005665
10 2 9 7 0.0000000
10 2 9 8 0.0008854
10 2 9 9 0.0000000
10 2 10 0 -0.0000000
10 2 10 1 -0.0000000
10 2 10 2 0.0068142
10 2 10 3 -0.0000000
10 2 10 4 -0.0000000
10 2 10 5 -0.0000000
10 2 10 6 0.0043025
10 2 10 7 0.0000000
10 2 10 8 0.0227309
10 2 10 9 -0.0000000
10 2 10 10 0.0000000
10 3 0 0 0.0091168
10 3 1 0 -0.0007111
10 3 1 1 0.0099008
10 3 2 0 -0.0000000
10 3 2 1 -0.0000000
10 3 2 2 0.0079375
10 3 3 0 -0.0001443
10 3 3 1 0.0039297
10 3 3 2 -0.0000000
10 3 3 3 0.0107686
10 3 4 0 0.0000013
10 3 4 1 0.0024469
10 3 4 2 -0.0000000
10 3 4 3 0.0026993
10 3 4 4 0.0136272
10 3 5 0 0.0012300
10 3 5 1 0.0019888
10 3 5 2 0.0000000
10 3 5 3 -0.0007481
10 3 5 4 0.0038952
10 3 5 5 0.0078689
10 3 6 0 0.0000000
10 3 6 1 0.0000000
10 3 6 2 -0.0014610
10 3 6 3 -0.0000000
10 3 6 4 0.0000000
10 3 6 5 -0.0000000
10 3 6 6 0.0093261
10 3 7 0 -0.0004822
10 3 7 1 -0.0016454
10 3 7 2 0.0000000
10 3 7 3 0.0020084
10 3 7 4 -0.0057332
10 3 7 5 -0.0037784
10 3 7 6 -0.0000000
10 3 7 7 0.0078624
10 3 8 0 -0.0000000
10 3 8 1 0.0000000
10 3 8 2 -0.0021606
10 3 8 3 0.0000000
10 3 8 4 0.0000000
10 3 8 5 0.0000000
10 3 8 6 -0.0022007
10 3 8 7 0.0000000
10 3 8 8 0.0059195
10 3 9 0 -0.0000263
10 3 9 1 0.0003029
10 3 9 2 -0.0000000
10 3 9 3 0.0012285
10 3 9 4 0.0026639
10 3 9 5 0.0014530
10 3 9 6 -0.0000000
10 3 9 7 -0.0001922
10 3 9 8 0.0000000
10 3 9 9 -0.0056398
10 3 10 0 -0.0001086
10 3 10 1 0.0108342
10 3 10 2 -0.0000000
10 3 10 3 0.0097911
10 3 10 4 0.0105321
10 3 10 5 0.0117450
10 3 10 6 0.0000000
10 3 10 7 -0.0101435
10 3 10 8 0.0000000
10 3 10 9 0.0013307
10 3 10 10 -0.0146746
10 4 0 0 0.0139196
10 4 1 0 0.0009871
10 4 1 1 0.0251870
10 4 2 0 0.0000000
10 4 2 1 -0.0000000
10 4 2 2 0.0105042
10 4 3 0 0.0003096
10 4 3 1 0.0062300
10 4 3 2 -0.0000000
10 4 3 3 0.0155453
10 4 4 0 -0.0001281
10 4 4 1 0.0117867
10 4 4 2 -0.0000000
10 4 4 3 0.0096581
10 4 4 4 0.0226731
10 4 5 0 -0.0016775
10 4 5 1 -0.0016029
10 4 5 2 -0.0000000
10 4 5 3 0.0072275
10 4 5 4 0.0079185
10 4 5 5 0.0215758
10 4 6 0 -0.0000000
10 4 6 1 -0.0000000
10 4 6 2 -0.0005495
10 4 6 3 -0.0000000
10 4 6 4 -0.0000000
10 4 6 5 0.0000000
10 4 6 6 0.0081708
10 4 7 0 0.0006771
10 4 7 1 -0.0016157
10 4 7 2 0.0000000
10 4 7 3 -0.0062638
10 4 7 4 -0.0032082
10 4 7 5 -0.0017924
10 4 7 6 0.0000000
10 4 7 7 0.0179695
10 4 8 0 -0.0000000
10 4 8 1 -0.0000000
10 4 8 2 0.0006372
10 4 8 3 0.0000000
10 4 8 4 0.0000000
10 4 8 5 -0.0000000
10 4 8 6 0.0008883
10 4 8 7 0.0000000
10 4 8 8 0.0230076
10 4 9 0 -0.0000410
10 4 9 1 0.0009677
10 4 9 2 -0.0000000
10 4 9 3 0.0019826
10 4 9 4 0.0037086
10 4 9 5 0.0026814
10 4 9 6 -0.0000000
10 4 9 7 -0.0002042
10 4 9 8 0.0000000
10 4 9 9 0.0132814
10 4 10 0 0.0001735
10 4 10 1 0.0135426
10 4 10 2 -0.0000000
10 4 10 3 0.0105321
10 4 10 4 0.0161263
10 4 10 5 0.0148444
10 4 10 6 -0.0000000
10 4 10 7 -0.0117655
10 4 10 8 0.0000000
10 4 10 9 0.0030352
10 4 10 10 -0.0040039
10 5 0 0 0.0127192
10 5 1 0 -0.0001985
10 5 1 1 0.0181619
10 5 2 0 -0.0000000
10 5 2 1 -0.0000000
10 5 2 2 0.0156928
10 5 3 0 0.0018742
10 5 3 1 0.0051559
10 5 3 2 0.0000000
10 5 3 3 0.0075284
10 5 4 0 -0.0009413
10 5 4 1 -0.0027663
10 5 4 2 -0.0000000
10 5 4 3 0.0070329
10 5 4 4 0.0194391
10 5 5 0 -0.0007947
10 5 5 1 -0.0000072
10 5 5 2 0.0000000
10 5 5 3 -0.0024524
10 5 5 4 -0.0022610
10 5 5 5 0.0159806
10 5 6 0 0.0000000
10 5 6 1 0.0000000
10 5 6 2 0.0036850
10 5 6 3 -0.0000000
10 5 6 4 0.0000000
10 5 6 5 0.0000000
10 5 6 6 0.0170370
10 5 7 0 -0.0008277
10 5 7 1 -0.0042273
10 5 7 2 0.0000000
10 5 7 3 -0.0017090
10 5 7 4 0.0001231
10 5 7 5 0.0030334
10 5 7 6 -0.0000000
10 5 7 7 0.0040657
10 5 8 0 0.0000000
10 5 8 1 -0.0000000
10 5 8 2 -0.0070187
10 5 8 3 -0.0000000
10 5 8 4 -0.0000000
10 5 8 5 0.0000000
10 5 8 6 -0.0068041
10 5 8 7 -0.0000000
10 5 8 8 0.0036271
10 5 9 0 -0.0000599
10 5 9 1 0.0000548
10 5 9 2 -0.0000000
10 5 9 3 0.0019293
10 5 9 4 0.0046583
10 5 9 5 0.0020962
10 5 9 6 -0.0000000
10 5 9 7 0.0001623
10 5 9 8 -0.0000000
10 5 9 9 -0.0309477
10 5 10 0 -0.0000831
10 5 10 1 0.0190322
10 5 10 2 -0.0000000
10 5 10 3 0.0117450
10 5 10 4 0.0148444
10 5 10 5 0.0220997
10 5 10 6 -0.0000000
10 5 10 7 -0.0013396
10 5 10 8 -0.0000000
10 5 10 9 -0.0002249
10 5 10 10 -0.0427071
10 6 0 0 -0.0000000
10 6 1 0 -0.0000000
10 6 1 1 -0.0000000
10 6 2 0 0.0013345
10 6 2 1 0.0081747
10 6 2 2 0.0000000
10 6 3 0 0.0000000
10 6 3 1 0.0000000
10 6 3 2 -0.0044870
10 6 3 3 -0.0000000
10 6 4 0 -0.0000000
10 6 4 1 -0.0000000
10 6 4 2 -0.0059657
10 6 4 3 -0.0000000
10 6 4 4 -0.0000000
10 6 5 0 0.0000000
10 6 5 1 0.0000000
10 6 5 2 0.0014951
10 6 5 3 -0.0000000
10 6 5 4 -0.0000000
10 6 5 5 -0.0000000
10 6 6 0 -0.0018959
10 6 6 1 0.0032071
10 6 6 2 -0.0000000
10 6 6 3 0.0021132
10 6 6 4 -0.0083737
10 6 6 5 0.0066975
10 6 6 6 0.0000000
10 6 7 0 -0.0000000
10 6 7 1 -0.0000000
10 6 7 2 -0.0043902
10 6 7 3 -0.0000000
10 6 7 4 0.0000000
10 6 7 5 -0.0000000
10 6 7 6 0.0044892
10 6 7 7 -0.0000000
10 6 8 0 -0.0000995
10 6 8 1 -0.0029968
10 6 8 2 -0.0000000
10 6 8 3 0.0010041
10 6 8 4 0.0045326
10 6 8 5 -0.0001648
10 6 8 6 -0.0000000
10 6 8 7 0.0013623
10 6 8 8 -0.0000000
10 6 9 0 0.0000000
10 6 9 1 -0.0000000
10 6 9 2 0.0002990
10 6 9 3 -0.0000000
10 6 9 4 -0.0000000
10 6 9 5 -0.0000000
10 6 9 6 0.0002917
10 6 9 7 0.0000000
10 6 9 8 0.0014435
10 6 9 9 -0.0000000
10 6 10 0 -0.0000000
10 6 10 1 -0.0000000
10 6 10 2 0.0043025
10 6 10 3 0.0000000
10 6 10 4 -0.0000000
10 6 10 5 -0.0000000
10 6 10 6 0.0058587
10 6 10 7 0.0000000
10 6 10 8 0.0159382
10 6 10 9 -0.0000000
10 6 10 10 -0.0000000
10 7 0 0 0.0551940
10 7 1 0 -0.0025764
10 7 1 1 -0.0077701
10 7 2 0 -0.0000000
10 7 2 1 0.0000000
10 7 2 2 0.0128305
10 7 3 0 0.0016590
10 7 3 1 -0.0041003
10 7 3 2 0.0000000
10 7 3 3 0.0154162
10 7 4 0 -0.0009006
10 7 4 1 -0.0073261
10 7 4 2 0.0000000
10 7 4 3 -0.0211606
10 7 4 4 -0.0128932
10 7 5 0 0.0029150
10 7 5 1 -0.0189139
10 7 5 2 0.0000000
10 7 5 3 -0.0169560
10 7 5 4 -0.0038961
10 7 5 5 0.0049684
10 7 6 0 0.0000000
10 7 6 1 -0.0000000
10 7 6 2 -0.0229902
10 7 6 3 -0.0000000
10 7 6 4 0.0000000
10 7 6 5 -0.0000000
10 7 6 6 0.0138729
10 7 7 0 -0.0023852
10 7 7 1 0.0039306
10 7 7 2 -0.0000000
10 7 7 3 0.0169720
10 7 7 4 0.0192810
10 7 7 5 0.0151228
10 7 7 6 -0.0000000
10 7 7 7 0.0054840
10 7 8 0 0.0000000
10 7 8 1 -0.0000000
10 7 8 2 -0.0057033
10 7 8 3 -0.0000000
10 7 8 4 0.0000000
10 7 8 5 -0.0000000
10 7 8 6 -0.0007545
10 7 8 7 0.0000000
10 7 8 8 -0.0340621
10 7 9 0 -0.0000873
10 7 9 1 -0.0000455
10 7 9 2 -0.0000000
10 7 9 3 0.0001879
10 7 9 4 0.0013021
10 7 9 5 0.0007957
10 7 9 6 -0.0000000
10 7 9 7 0.0002960
10 7 9 8 0.0000000
10 7 9 9 -0.0632204
10 7 10 0 0.0000138
10 7 10 1 0.0010892
10 7 10 2 0.0000000
10 7 10 3 -0.0101435
10 7 10 4 -0.0117655
10 7 10 5 -0.0013396
10 7 10 6 0.0000000
10 7 10 7 0.0750992
10 7 10 8 -0.0000000
10 7 10 9 -0.0038251
10 7 10 10 -0.0676361
10 8 0 0 -0.0000000
10 8 1 0 -0.0000000
10 8 1 1 -0.0000000
10 8 2 0 -0.0010795
10 8 2 1 -0.0249081
10 8 2 2 0.0000000
10 8 3 0 -0.0000000
10 8 3 1 -0.0000000
10 8 3 2 0.0075649
10 8 3 3 0.0000000
10 8 4 0 0.0000000
10 8 4 1 -0.0000000
10 8 4 2 0.0251835
10 8 4 3 0.0000000
10 8 4 4 0.0000000
10 8 5 0 -0.0000000
10 8 5 1 0.0000000
10 8 5 2 -0.0069945
10 8 5 3 -0.0000000
10 8 5 4 -0.0000000
10 8 5 5 0.0000000
10 8 6 0 0.0012526
10 8 6 1 -0.0182466
10 8 6 2 -0.0000000
10 8 6 3 0.0015140
10 8 6 4 0.0292787
10 8 6 5 -0.0202287
10 8 6 6 -0.0000000
10 8 7 0 -0.0000000
10 8 7 1 0.0000000
10 8 7 2 0.0048778
10 8 7 3 0.0000000
10 8 7 4 0.0000000
10 8 7 5 0.0000000
10 8 7 6 0.0014213
10 8 7 7 0.0000000
10 8 8 0 -0.0004833
10 8 8 1 0.0220695
10 8 8 2 -0.0000000
10 8 8 3 0.0165304
10 8 8 4 0.0182452
10 8 8 5 0.0328249
10 8 8 6 -0.0000000
10 8 8 7 -0.0012068
10 8 8 8 0.0000000
10 8 9 0 -0.0000000
10 8 9 1 0.0000000
10 8 9 2 0.0024880
10 8 9 3 0.0000000
10 8 9 4 0.0000000
10 8 9 5 -0.0000000
10 8 9 6 0.0033300
10 8 9 7 0.0000000
10 8 9 8 -0.0000316
10 8 9 9 -0.0000000
10 8 10 0 -0.0000000
10 8 10 1 0.0000000
10 8 10 2 0.0227309
10 8 10 3 0.0000000
10 8 10 4 0.0000000
10 8 10 5 -0.0000000
10 8 10 6 0.0159382
10 8 10 7 -0.0000000
10 8 10 8 0.1090353
10 8 10 9 0.0000000
10 8 10 10 0.0000000
10 9 0 0 0.0125060
10 9 1 0 0.0002316
10 9 1 1 0.0250213
10 9 2 0 -0.0000000
10 9 2 1 -0.0000000
10 9 2 2 0.0135198
10 9 3 0 0.0003452
10 9 3 1 0.0115619
10 9 3 2 -0.0000000
10 9 3 3 0.0187268
10 9 4 0 -0.0002372
10 9 4 1 0.0154088
10 9 4 2 -0.0000000
10 9 4 3 0.0161864
10 9 4 4 0.0347472
10 9 5 0 -0.0005956
10 9 5 1 0.0087367
10 9 5 2 -0.0000000
10 9 5 3 0.0107685
10 9 5 4 0.0181804
10 9 5 5 0.0283505
10 9 6 0 0.0000000
10 9 6 1 -0.0000000
10 9 6 2 0.0028015
10 9 6 3 -0.0000000
10 9 6 4 -0.0000000
10 9 6 5 -0.0000000
10 9 6 6 0.0125468
10 9 7 0 0.0001043
10 9 7 1 0.0009073
10 9 7 2 0.0000000
10 9 7 3 -0.0031521
10 9 7 4 -0.0001407
10 9 7 5 0.0017630
10 9 7 6 -0.0000000
10 9 7 7 0.0335518
10 9 8 0 -0.0000000
10 9 8 1 0.0000000
10 9 8 2 0.0093834
10 9 8 3 0.0000000
10 9 8 4 0.0000000
10 9 8 5 -0.0000000
10 9 8 6 0.0091230
10 9 8 7 -0.0000000
10 9 8 8 0.0496116
10 9 9 0 0.0002713
10 9 9 1 -0.0048964
10 9 9 2 0.0000000
10 9 9 3 -0.0092337
10 9 9 4 -0.0190666
10 9 9 5 -0.0108530
10 9 9 6 0.0000000
10 9 9 7 -0.0036628
10 9 9 8 -0.0000000
10 9 9 9 0.3648292
10 9 10 0 -0.0000062
10 9 10 1 -0.0000830
10 9 10 2 -0.0000000
10 9 10 3 0.0013307
10 9 10 4 0.0030352
10 9 10 5 -0.0002249
10 9 10 6 -0.0000000
10 9 10 7 -0.0038251
10 9 10 8 0.0000000
10 9 10 9 0.0530070
10 9 10 10 0.0389063
10 10 0 0 0.2902877
10 10 1 0 0.0022794
10 10 1 1 0.3908183
10 10 2 0 -0.0000000
10 10 2 1 -0.0000000
10 10 2 2 0.3072398
10 10 3 0 0.0026476
10 10 3 1 0.0636535
10 10 3 2 -0.0000000
10 10 3 3 0.3050316
10 10 4 0 -0.0013259
10 10 4 1 0.0680945
10 10 4 2 -0.0000000
10 10 4 3 0.0853974
10 10 4 4 0.3965048
10 10 5 0 -0.0045583
10 10 5 1 0.0616528
10 10 5 2 -0.0000000
10 10 5 3 0.0626979
10 10 5 4 0.0714736
10 10 5 5 0.3943443
10 10 6 0 0.0000000
10 10 6 1 -0.0000000
10 10 6 2 0.0398795
10 10 6 3 -0.0000000
10 10 6 4 -0.0000000
10 10 6 5 -0.0000000
10 10 6 6 0.3083833
10 10 7 0 0.0014275
10 10 7 1 0.0008031
10 10 7 2 0.0000000
10 10 7 3 -0.0375345
10 10 7 4 -0.0125582
10 10 7 5 0.0014864
10 10 7 6 0.0000000
10 10 7 7 0.4644442
10 10 8 0 -0.0000000
10 10 8 1 0.0000000
10 10 8 2 0.0646590
10 10 8 3 0.0000000
10 10 8 4 0.0000000
10 10 8 5 -0.0000000
10 10 8 6 0.0512123
10 10 8 7 -0.0000000
10 10 8 8 0.6110801
10 10 9 0 0.0005258
10 10 9 1 0.0032961
10 10 9 2 0.0000000
10 10 9 3 -0.0061503
10 10 9 4 -0.0165634
10 10 9 5 -0.0052791
10 10 9 6 0.0000000
10 10 9 7 -0.0004443
10 10 9 8 -0.0000000
10 10 9 9 0.8412154
10 10 10 0 -0.0010804
10 10 10 1 -0.0540541
10 10 10 2 0.0000000
10 10 10 3 -0.0146746
10 10 10 4 -0.0040039
10 10 10 5 -0.0427071
10 10 10 6 -0.0000000
10 10 10 7 -0.0676361
10 10 10 8 0.0000000
10 10 10 9 0.0389063
10 10 10 10 0.7072817
11 0 0 0 -0.0814048
11 0 1 0 0.0033366
11 0 1 1 -0.0067022
11 0 2 0 0.0000000
11 0 2 1 -0.0000000
11 0 2 2 -0.0006764
11 0 3 0 -0.0030377
11 0 3 1 0.0053282
11 0 3 2 0.0000000
11 0 3 3 -0.0051361
11 0 4 0 0.0023438
11 0 4 1 -0.0028489
11 0 4 2 -0.0000000
11 0 4 3 0.0021390
11 0 4 4 -0.0028193
11 0 5 0 -0.0054443
11 0 5 1 0.0046820
11 0 5 2 0.0000000
11 0 5 3 -0.0061961
11 0 5 4 0.0034444
11 0 5 5 -0.0052413
11 0 6 0 -0.0000000
11 0 6 1 0.0000000
11 0 6 2 -0.0017012
11 0 6 3 -0.0000000
11 0 6 4 0.0000000
11 0 6 5 -0.0000000
11 0 6 6 0.0005652
11 0 7 0 -0.0111438
11 0 7 1 -0.0015535
11 0 7 2 -0.0000000
11 0 7 3 0.0025594
11 0 7 4 -0.0012233
11 0 7 5 0.0034675
11 0 7 6 0.0000000
11 0 7 7 0.0064489
11 0 8 0 -0.0000000
11 0 8 1 0.0000000
11 0 8 2 0.0001464
11 0 8 3 0.0000000
11 0 8 4 0.0000000
11 0 8 5 -0.0000000
11 0 8 6 0.0002329
11 0 8 7 -0.0000000
11 0 8 8 -0.0008637
11 0 9 0 0.0001215
11 0 9 1 0.0000914
11 0 9 2 0.0000000
11 0 9 3 -0.0000666
11 0 9 4 0.0000132
11 0 9 5 -0.0000581
11 0 9 6 -0.0000000
11 0 9 7 -0.0000475
11 0 9 8 -0.0000000
11 0 9 9 -0.0008110
11 0 10 0 -0.0026927
11 0 10 1 -0.0010894
11 0 10 2 -0.0000000
11 0 10 3 0.0005244
11 0 10 4 -0.0006307
11 0 10 5 0.0008496
11 0 10 6 0.0000000
11 0 10 7 0.0020164
11 0 10 8 -0.0000000
11 0 10 9 0.0000016
11 0 10 10 -0.0005744
11 0 11 0 0.0110465
11 0 11 1 0.0032942
11 0 11 2 0.0000000
11 0 11 3 -0.0020929
11 0 11 4 0.0020153
11 0 11 5 -0.0037867
11 0 11 6 -0.0000000
11 0 11 7 -0.0071439
11 0 11 8 -0.0000000
11 0 11 9 -0.0000719
11 0 11 10 -0.0010759
11 0 11 11 0.0067886
11 1 0 0 -0.0084331
11 1 1 0 -0.0016923
11 1 1 1 -0.0059732
11 1 2 0 -0.0000000
11 1 2 1 -0.0000000
11 1 2 2 0.0019912
11 1 3 0 0.0050526
11 1 3 1 0.0221049
11 1 3 2 0.0000000
11 1 3 3 -0.0157286
11 1 4 0 -0.0025323
11 1 4 1 -0.0031127
11 1 4 2 -0.0000000
11 1 4 3 0.0138953
11 1 4 4 0.0007306
11 1 5 0 -0.0002892
11 1 5 1 0.0075083
11 1 5 2 0.0000000
11 1 5 3 -0.0115512
11 1 5 4 0.0084958
11 1 5 5 0.0031995
11 1 6 0 0.0000000
11 1 6 1 0.0000000
11 1 6 2 -0.0012973
11 1 6 3 -0.0000000
11 1 6 4 0.0000000
11 1 6 5 -0.0000000
11 1 6 6 0.0002533
11 1 7 0 -0.0030973
11 1 7 1 -0.0008625
11 1 7 2 -0.0000000
11 1 7 3 0.0071733
11 1 7 4 0.0128474
11 1 7 5 0.0243067
11 1 7 6 0.0000000
11 1 7 7 0.0122406
11 1 8 0 -0.0000000
11 1 8 1 -0.0000000
11 1 8 2 0.0000163
11 1 8 3 -0.0000000
11 1 8 4 0.0000000
11 1 8 5 -0.0000000
11 1 8 6 0.0016856
11 1 8 7 0.0000000
11 1 8 8 0.0084889
11 1 9 0 0.0000509
11 1 9 1 0.0007652
11 1 9 2 -0.0000000
11 1 9 3 0.0000049
11 1 9 4 0.0009186
11 1 9 5 0.0005898
11 1 9 6 -0.0000000
11 1 9 7 0.0004385
11 1 9 8 0.0000000
11 1 9 9 0.0084916
11 1 10 0 -0.0008071
11 1 10 1 -0.0034566
11 1 10 2 -0.0000000
11 1 10 3 0.0003410
11 1 10 4 -0.0000416
11 1 10 5 0.0063928
11 1 10 6 0.0000000
11 1 10 7 0.0126673
11 1 10 8 0.0000000
11 1 10 9 0.0020273
11 1 10 10 -0.0098992
11 1 11 0 0.0032942
11 1 11 1 0.0293022
11 1 11 2 -0.0000000
11 1 11 3 0.0104353
11 1 11 4 0.0130002
11 1 11 5 -0.0088950
11 1 11 6 -0.0000000
11 1 11 7 -0.0003344
11 1 11 8 -0.0000000
11 1 11 9 0.0000271
11 1 11 10 0.0070259
11 1 11 11 0.0203927
11 2 0 0 -0.0000000
11 2 1 0 -0.0000000
11 2 1 1 -0.0000000
11 2 2 0 0.0047202
11 2 2 1 0.0171253
11 2 2 2 -0.0000000
11 2 3 0 0.0000000
11 2 3 1 0.0000000
11 2 3 2 -0.0104848
11 2 3 3 -0.0000000
11 2 4 0 -0.0000000
11 2 4 1 -0.0000000
11 2 4 2 -0.0091261
11 2 4 3 -0.0000000
11 2 4 4 -0.0000000
11 2 5 0 0.0000000
11 2 5 1 0.0000000
11 2 5 2 -0.0040897
11 2 5 3 -0.0000000
11 2 5 4 0.0000000
11 2 5 5 -0.0000000
11 2 6 0 -0.0066301
11 2 6 1 -0.0015426
11 2 6 2 -0.0000000
11 2 6 3 0.0089870
11 2 6 4 -0.0116731
11 2 6 5 0.0118675
11 2 6 6 0.0000000
11 2 7 0 -0.0000000
11 2 7 1 -0.0000000
11 2 7 2 -0.0167108
11 2 7 3 -0.0000000
11 2 7 4 -0.0000000
11 2 7 5 -0.0000000
11 2 7 6 0.0182173
11 2 7 7 -0.0000000
11 2 8 0 -0.0001357
11 2 8 1 -0.0040800
11 2 8 2 0.0000000
11 2 8 3 -0.0007150
11 2 8 4 0.0026758
11 2 8 5 -0.0006601
11 2 8 6 -0.0000000
11 2 8 7 0.0036323
11 2 8 8 -0.0000000
11 2 9 0 0.0000000
11 2 9 1 0.0000000
11 2 9 2 -0.0000570
11 2 9 3 -0.0000000
11 2 9 4 -0.0000000
11 2 9 5 -0.0000000
11 2 9 6 -0.0000795
11 2 9 7 -0.0000000
11 2 9 8 0.0005483
11 2 9 9 -0.0000000
11 2 10 0 -0.0000000
11 2 10 1 -0.0000000
11 2 10 2 -0.0022813
11 2 10 3 0.0000000
11 2 10 4 -0.0000000
11 2 10 5 -0.0000000
11 2 10 6 0.0054789
11 2 10 7 -0.0000000
11 2 10 8 0.0035473
11 2 10 9 -0.0000000
11 2 10 10 0.0000000
11 2 11 0 0.0000000
11 2 11 1 -0.0000000
11 2 11 2 0.0200258
11 2 11 3 -0.0000000
11 2 11 4 -0.0000000
11 2 11 5 0.0000000
11 2 11 6 -0.0166817
11 2 11 7 -0.0000000
11 2 11 8 0.0007892
11 2 11 9 -0.0000000
11 2 11 10 -0.0000000
11 2 11 11 -0.0000000
11 3 0 0 0.0191738
11 3 1 0 0.0039590
11 3 1 1 0.0349489
11 3 2 0 0.0000000
11 3 2 1 0.0000000
11 3 2 2 0.0128918
11 3 3 0 0.0028279
11 3 3 1 0.0021875
11 3 3 2 -0.0000000
11 3 3 3 0.0053293
11 3 4 0 -0.0010612
11 3 4 1 0.0061768
11 3 4 2 -0.0000000
11 3 4 3 0.0098392
11 3 4 4 0.0143814
11 3 5 0 -0.0078373
11 3 5 1 -0.0152118
11 3 5 2 -0.0000000
11 3 5 3 0.0075626
11 3 5 4 -0.0060555
11 3 5 5 0.0332267
11 3 6 0 -0.0000000
11 3 6 1 -0.0000000
11 3 6 2 0.0060593
11 3 6 3 0.0000000
11 3 6 4 -0.0000000
11 3 6 5 0.0000000
11 3 6 6 0.0062500
11 3 7 0 0.0020383
11 3 7 1 0.0033403
11 3 7 2 -0.0000000
11 3 7 3 -0.0137482
11 3 7 4 0.0181379
11 3 7 5 0.0161819
11 3 7 6 0.0000000
11 3 7 7 0.0015455
11 3 8 0 -0.0000000
11 3 8 1 -0.0000000
11 3 8 2 -0.0036200
11 3 8 3 -0.0000000
11 3 8 4 0.0000000
11 3 8 5 -0.0000000
11 3 8 6 -0.0015592
11 3 8 7 0.0000000
11 3 8 8 0.0095925
11 3 9 0 -0.0000642
11 3 9 1 -0.0001755
11 3 9 2 -0.0000000
11 3 9 3 0.0005048
11 3 9 4 0.0012542
11 3 9 5 0.0009659
11 3 9 6 -0.0000000
11 3 9 7 0.0009213
11 3 9 8 0.0000000
11 3 9 9 -0.0004951
11 3 10 0 0.0006543
11 3 10 1 0.0048902
11 3 10 2 -0.0000000
11 3 10 3 -0.0035967
11 3 10 4 0.0037603
11 3 10 5 0.0059216
11 3 10 6 0.0000000
11 3 10 7 0.0064985
11 3 10 8 0.0000000
11 3 10 9 0.0001517
11 3 10 10 -0.0094478
11 3 11 0 -0.0020929
11 3 11 1 0.0104353
11 3 11 2 -0.0000000
11 3 11 3 0.0289171
11 3 11 4 0.0001030
11 3 11 5 -0.0040706
11 3 11 6 -0.0000000
11 3 11 7 0.0063539
11 3 11 8 -0.0000000
11 3 11 9 0.0005103
11 3 11 10 0.0031185
11 3 11 11 0.0121624
11 4 0 0 0.0063298
11 4 1 0 -0.0025654
11 4 1 1 -0.0089864
11 4 2 0 -0.0000000
11 4 2 1 -0.0000000
11 4 2 2 -0.0029138
11 4 3 0 0.0000990
11 4 3 1 0.0074363
11 4 3 2 0.0000000
11 4 3 3 0.0055838
11 4 4 0 -0.0001909
11 4 4 1 0.0014865
11 4 4 2 0.0000000
11 4 4 3 -0.0032016
11 4 4 4 -0.0013200
11 4 5 0 0.0039571
11 4 5 1 0.0045352
11 4 5 2 0.0000000
11 4 5 3 -0.0084550
11 4 5 4 0.0081030
11 4 5 5 -0.0040810
11 4 6 0 0.0000000
11 4 6 1 0.0000000
11 4 6 2 -0.0068846
11 4 6 3 -0.0000000
11 4 6 4 0.0000000
11 4 6 5 -0.0000000
11 4 6 6 0.0009405
11 4 7 0 -0.0020672
11 4 7 1 0.0073840
11 4 7 2 -0.0000000
11 4 7 3 0.0170462
11 4 7 4 0.0096493
11 4 7 5 0.0095995
11 4 7 6 -0.0000000
11 4 7 7 0.0104796
11 4 8 0 0.0000000
11 4 8 1 0.0000000
11 4 8 2 0.0011814
11 4 8 3 0.0000000
11 4 8 4 0.0000000
11 4 8 5 0.0000000
11 4 8 6 0.0017896
11 4 8 7 0.0000000
11 4 8 8 -0.0003697
11 4 9 0 0.0000206
11 4 9 1 0.0008237
11 4 9 2 -0.0000000
11 4 9 3 0.0002364
11 4 9 4 0.0011439
11 4 9 5 0.0009639
11 4 9 6 -0.0000000
11 4 9 7 0.0014320
11 4 9 8 -0.0000000
11 4 9 9 -0.0041390
11 4 10 0 -0.0004275
11 4 10 1 0.0001786
11 4 10 2 0.0000000
11 4 10 3 0.0007247
11 4 10 4 -0.0022137
11 4 10 5 0.0017572
11 4 10 6 -0.0000000
11 4 10 7 0.0193567
11 4 10 8 0.0000000
11 4 10 9 0.0005953
11 4 10 10 -0.0180755
11 4 11 0 0.0020153
11 4 11 1 0.0130002
11 4 11 2 -0.0000000
11 4 11 3 0.0001030
11 4 11 4 0.0190582
11 4 11 5 0.0089692
11 4 11 6 0.0000000
11 4 11 7 -0.0033440
11 4 11 8 0.0000000
11 4 11 9 0.0010559
11 4 11 10 0.0092220
11 4 11 11 0.0169726
11 5 0 0 -0.0103221
11 5 1 0 0.0012467
11 5 1 1 -0.0005047
11 5 2 0 0.0000000
11 5 2 1 0.0000000
11 5 2 2 -0.0045311
11 5 3 0 -0.0077420
11 5 3 1 -0.0143628
11 5 3 2 -0.0000000
11 5 3 3 0.0172877
11 5 4 0 0.0039052
11 5 4 1 0.0050547
11 5 4 2 0.0000000
11 5 4 3 -0.0123552
11 5 4 4 0.0044282
11 5 5 0 0.0022915
11 5 5 1 0.0019029
11 5 5 2 -0.0000000
11 5 5 3 0.0102148
11 5 5 4 -0.0025842
11 5 5 5 -0.0106136
11 5 6 0 -0.0000000
11 5 6 1 -0.0000000
11 5 6 2 0.0020902
11 5 6 3 0.0000000
11 5 6 4 -0.0000000
11 5 6 5 0.0000000
11 5 6 6 -0.0036282
11 5 7 0 0.0034590
11 5 7 1 0.0138713
11 5 7 2 -0.0000000
11 5 7 3 0.0117260
11 5 7 4 0.0049304
11 5 7 5 -0.0128948
11 5 7 6 0.0000000
11 5 7 7 -0.0113273
11 5 8 0 -0.0000000
11 5 8 1 -0.0000000
11 5 8 2 0.0004761
11 5 8 3 0.0000000
11 5 8 4 -0.0000000
11 5 8 5 -0.0000000
11 5 8 6 -0.0004911
11 5 8 7 -0.0000000
11 5 8 8 -0.0027883
11 5 9 0 -0.0000241
11 5 9 1 0.0002578
11 5 9 2 -0.0000000
11 5 9 3 0.0004234
11 5 9 4 0.0008542
11 5 9 5 0.0007215
11 5 9 6 -0.0000000
11 5 9 7 0.0011815
11 5 9 8 0.0000000
11 5 9 9 -0.0062754
11 5 10 0 0.0009059
11 5 10 1 0.0058686
11 5 10 2 -0.0000000
11 5 10 3 0.0020288
11 5 10 4 0.0008342
11 5 10 5 -0.0020609
11 5 10 6 0.0000000
11 5 10 7 0.0050155
11 5 10 8 -0.0000000
11 5 10 9 0.0003430
11 5 10 10 -0.0162201
11 5 11 0 -0.0037867
11 5 11 1 -0.0088950
11 5 11 2 0.0000000
11 5 11 3 -0.0040706
11 5 11 4 0.0089692
11 5 11 5 0.0278694
11 5 11 6 -0.0000000
11 5 11 7 0.0125726
11 5 11 8 -0.0000000
11 5 11 9 0.0012003
11 5 11 10 0.0052247
11 5 11 11 -0.0123838
11 6 0 0 -0.0000000
11 6 1 0 0.0000000
11 6 1 1 0.0000000
11 6 2 0 -0.0057632
11 6 2 1 -0.0178386
11 6 2 2 -0.0000000
11 6 3 0 -0.0000000
11 6 3 1 -0.0000000
11 6 3 2 0.0133470
11 6 3 3 0.0000000
11 6 4 0 0.0000000
11 6 4 1 0.0000000
11 6 4 2 0.0073055
11 6 4 3 -0.0000000
11 6 4 4 0.0000000
11 6 5 0 -0.0000000
11 6 5 1 -0.0000000
11 6 5 2 0.0046480
11 6 5 3 0.0000000
11 6 5 4 -0.0000000
11 6 5 5 0.0000000
11 6 6 0 0.0080045
11 6 6 1 0.0010952
11 6 6 2 0.0000000
11 6 6 3 -0.0112193
11 6 6 4 0.0133515
11 6 6 5 -0.0119540
11 6 6 6 -0.0000000
11 6 7 0 0.0000000
11 6 7 1 0.0000000
11 6 7 2 0.0186380
11 6 7 3 0.0000000
11 6 7 4 -0.0000000
11 6 7 5 0.0000000
11 6 7 6 -0.0181098
11 6 7 7 -0.0000000
11 6 8 0 0.0001349
11 6 8 1 0.0055531
11 6 8 2 -0.0000000
11 6 8 3 0.0014606
11 6 8 4 0.0004364
11 6 8 5 0.0035618
11 6 8 6 -0.0000000
11 6 8 7 0.0021137
11 6 8 8 0.0000000
11 6 9 0 -0.0000000
11 6 9 1 -0.0000000
11 6 9 2 0.0003750
11 6 9 3 0.0000000
11 6 9 4 -0.0000000
11 6 9 5 -0.0000000
11 6 9 6 0.0004805
11 6 9 7 -0.0000000
11 6 9 8 -0.0001197
11 6 9 9 0.0000000
11 6 10 0 0.0000000
11 6 10 1 0.0000000
11 6 10 2 0.0048173
11 6 10 3 0.0000000
11 6 10 4 -0.0000000
11 6 10 5 0.0000000
11 6 10 6 -0.0037406
11 6 10 7 -0.0000000
11 6 10 8 0.0086016
11 6 10 9 -0.0000000
11 6 10 10 0.0000000
11 6 11 0 -0.0000000
11 6 11 1 -0.0000000
11 6 11 2 -0.0166817
11 6 11 3 -0.0000000
11 6 11 4 0.0000000
11 6 11 5 -0.0000000
11 6 11 6 0.0209643
11 6 11 7 0.0000000
11 6 11 8 0.0058456
11 6 11 9 -0.0000000
11 6 11 10 -0.0000000
11 6 11 11 -0.0000000
11 7 0 0 -0.2545710
11 7 1 0 0.0091828
11 7 1 1 -0.0074755
11 7 2 0 0.0000000
11 7 2 1 -0.0000000
11 7 2 2 -0.0784429
11 7 3 0 -0.0049741
11 7 3 1 0.0399208
11 7 3 2 -0.0000000
11 7 3 3 -0.0926835
11 7 4 0 0.0030705
11 7 4 1 0.0378521
11 7 4 2 -0.0000000
11 7 4 3 0.0863672
11 7 4 4 0.0210083
11 7 5 0 -0.0113413
11 7 5 1 0.0834170
11 7 5 2 -0.0000000
11 7 5 3 0.0614022
11 7 5 4 0.0319432
11 7 5 5 -0.0421378
11 7 6 0 -0.0000000
11 7 6 1 0.0000000
11 7 6 2 0.0863657
11 7 6 3 0.0000000
11 7 6 4 -0.0000000
11 7 6 5 0.0000000
11 7 6 6 -0.0876516
11 7 7 0 0.0073384
11 7 7 1 0.0045334
11 7 7 2 0.0000000
11 7 7 3 -0.0261587
11 7 7 4 0.0116831
11 7 7 5 -0.0018667
11 7 7 6 -0.0000000
11 7 7 7 0.0050324
11 7 8 0 -0.0000000
11 7 8 1 0.0000000
11 7 8 2 0.0366677
11 7 8 3 0.0000000
11 7 8 4 0.0000000
11 7 8 5 -0.0000000
11 7 8 6 0.0217544
11 7 8 7 -0.0000000
11 7 8 8 0.1510892
11 7 9 0 0.0004466
11 7 9 1 0.0033393
11 7 9 2 0.0000000
11 7 9 3 -0.0015740
11 7 9 4 -0.0053202
11 7 9 5 -0.0010664
11 7 9 6 0.0000000
11 7 9 7 0.0011149
11 7 9 8 -0.0000000
11 7 9 9 0.2608277
11 7 10 0 0.0005056
11 7 10 1 -0.0164432
11 7 10 2 0.0000000
11 7 10 3 -0.0047907
11 7 10 4 0.0081024
11 7 10 5 -0.0086111
11 7 10 6 -0.0000000
11 7 10 7 -0.0287868
11 7 10 8 0.0000000
11 7 10 9 0.0193253
11 7 10 10 0.1626449
11 7 11 0 -0.0071439
11 7 11 1 -0.0003344
11 7 11 2 -0.0000000
11 7 11 3 0.0063539
11 7 11 4 -0.0033440
11 7 11 5 0.0125726
11 7 11 6 0.0000000
11 7 11 7 0.2035800
11 7 11 8 0.0000000
11 7 11 9 0.0030648
11 7 11 10 0.0593355
11 7 11 11 -0.0251493
11 8 0 0 -0.0000000
11 8 1 0 -0.0000000
11 8 1 1 -0.0000000
11 8 2 0 -0.0005426
11 8 2 1 -0.0072438
11 8 2 2 0.0000000
11 8 3 0 -0.0000000
11 8 3 1 -0.0000000
11 8 3 2 0.0012502
11 8 3 3 0.0000000
11 8 4 0 0.0000000
11 8 4 1 0.0000000
11 8 4 2 0.0075031
11 8 4 3 0.0000000
11 8 4 4 0.0000000
11 8 5 0 -0.0000000
11 8 5 1 0.0000000
11 8 5 2 -0.0003042
11 8 5 3 0.0000000
11 8 5 4 -0.0000000
11 8 5 5 0.0000000
11 8 6 0 0.0007456
11 8 6 1 -0.0029565
11 8 6 2 -0.0000000
11 8 6 3 0.0000195
11 8 6 4 0.0078489
11 8 6 5 -0.0052207
11 8 6 6 -0.0000000
11 8 7 0 -0.0000000
11 8 7 1 0.0000000
11 8 7 2 0.0067149
11 8 7 3 0.0000000
11 8 7 4 0.0000000
11 8 7 5 0.0000000
11 8 7 6 0.0017295
11 8 7 7 0.0000000
11 8 8 0 -0.0000804
11 8 8 1 0.0077410
11 8 8 2 -0.0000000
11 8 8 3 0.0039679
11 8 8 4 0.0055135
11 8 8 5 0.0097111
11 8 8 6 -0.0000000
11 8 8 7 0.0181298
11 8 8 8 0.0000000
11 8 9 0 -0.0000000
11 8 9 1 0.0000000
11 8 9 2 0.0006353
11 8 9 3 0.0000000
11 8 9 4 0.0000000
11 8 9 5 -0.0000000
11 8 9 6 0.0007501
11 8 9 7 0.0000000
11 8 9 8 0.0001755
11 8 9 9 0.0000000
11 8 10 0 -0.0000000
11 8 10 1 0.0000000
11 8 10 2 0.0063547
11 8 10 3 0.0000000
11 8 10 4 0.0000000
11 8 10 5 -0.0000000
11 8 10 6 0.0042717
11 8 10 7 -0.0000000
11 8 10 8 0.0253056
11 8 10 9 0.0000000
11 8 10 10 0.0000000
11 8 11 0 -0.0000000
11 8 11 1 -0.0000000
11 8 11 2 0.0007892
11 8 11 3 -0.0000000
11 8 11 4 0.0000000
11 8 11 5 -0.0000000
11 8 11 6 0.0058456
11 8 11 7 0.0000000
11 8 11 8 0.0229402
11 8 11 9 0.0000000
11 8 11 10 0.0000000
11 8 11 11 0.0000000
11 9 0 0 0.0046731
11 9 1 0 0.0000701
11 9 1 1 0.0063872
11 9 2 0 -0.0000000
11 9 2 1 -0.0000000
11 9 2 2 0.0038154
11 9 3 0 -0.0000073
11 9 3 1 0.0012072
11 9 3 2 -0.0000000
11 9 3 3 0.0049994
11 9 4 0 -0.0000046
11 9 4 1 0.0028510
11 9 4 2 -0.0000000
11 9 4 3 0.0022129
11 9 4 4 0.0073665
11 9 5 0 -0.0000845
11 9 5 1 0.0010559
11 9 5 2 -0.0000000
11 9 5 3 0.0020170
11 9 5 4 0.0028361
11 9 5 5 0.0065172
11 9 6 0 -0.0000000
11 9 6 1 -0.0000000
11 9 6 2 0.0003872
11 9 6 3 -0.0000000
11 9 6 4 -0.0000000
11 9 6 5 -0.0000000
11 9 6 6 0.0038015
11 9 7 0 0.0000919
11 9 7 1 0.0009770
11 9 7 2 -0.0000000
11 9 7 3 0.0001194
11 9 7 4 0.0011647
11 9 7 5 0.0007015
11 9 7 6 -0.0000000
11 9 7 7 0.0065731
11 9 8 0 -0.0000000
11 9 8 1 0.0000000
11 9 8 2 0.0012834
11 9 8 3 0.0000000
11 9 8 4 0.0000000
11 9 8 5 -0.0000000
11 9 8 6 0.0012270
11 9 8 7 0.0000000
11 9 8 8 0.0085152
11 9 9 0 0.0000579
11 9 9 1 -0.0004017
11 9 9 2 0.0000000
11 9 9 3 -0.0021245
11 9 9 4 -0.0029153
11 9 9 5 -0.0013180
11 9 9 6 0.0000000
11 9 9 7 0.0066747
11 9 9 8 -0.0000000
11 9 9 9 0.0538246
11 9 10 0 0.0000286
11 9 10 1 0.0007183
11 9 10 2 -0.0000000
11 9 10 3 0.0003264
11 9 10 4 0.0006337
11 9 10 5 0.0002526
11 9 10 6 -0.0000000
11 9 10 7 -0.0007309
11 9 10 8 0.0000000
11 9 10 9 0.0071202
11 9 10 10 0.0059734
11 9 11 0 -0.0000719
11 9 11 1 0.0000271
11 9 11 2 -0.0000000
11 9 11 3 0.0005103
11 9 11 4 0.0010559
11 9 11 5 0.0012003
11 9 11 6 -0.0000000
11 9 11 7 0.0030648
11 9 11 8 0.0000000
11 9 11 9 0.0067784
11 9 11 10 -0.0001085
11 9 11 11 0.0052265
11 10 0 0 -0.0747400
11 10 1 0 0.0014756
11 10 1 1 -0.0221939
11 10 2 0 0.0000000
11 10 2 1 -0.0000000
11 10 2 2 -0.0305775
11 10 3 0 -0.0008470
11 10 3 1 0.0123563
11 10 3 2 0.0000000
11 10 3 3 -0.0369133
11 10 4 0 0.0005853
11 10 4 1 0.0069862
11 10 4 2 -0.0000000
11 10 4 3 0.0182799
11 10 4 4 -0.0119481
11 10 5 0 -0.0019205
11 10 5 1 0.0245239
11 10 5 2 -0.0000000
11 10 5 3 0.0120567
11 10 5 4 0.0096023
11 10 5 5 -0.0240105
11 10 6 0 -0.0000000
11 10 6 1 0.0000000
11 10 6 2 0.0199318
11 10 6 3 0.0000000
11 10 6 4 -0.0000000
11 10 6 5 0.0000000
11 10 6 6 -0.0326775
11 10 7 0 0.0009560
11 10 7 1 0.0040676
11 10 7 2 -0.0000000
11 10 7 3 0.0013713
11 10 7 4 0.0158446
11 10 7 5 0.0089773
11 10 7 6 -0.0000000
11 10 7 7 -0.0022269
11 10 8 0 -0.0000000
11 10 8 1 0.0000000
11 10 8 2 0.0150292
11 10 8 3 0.0000000
11 10 8 4 0.0000000
11 10 8 5 -0.0000000
11 10 8 6 0.0112291
11 10 8 7 -0.0000000
11 10 8 8 0.0426933
11 10 9 0 0.0001559
11 10 9 1 0.0014971
11 10 9 2 0.0000000
11 10 9 3 -0.0010984
11 10 9 4 -0.0027424
11 10 9 5 -0.0007804
11 10 9 6 0.0000000
11 10 9 7 0.0002474
11 10 9 8 -0.0000000
11 10 9 9 0.0655127
11 10 10 0 0.0000058
11 10 10 1 -0.0162916
11 10 10 2 0.0000000
11 10 10 3 -0.0141433
11 10 10 4 -0.0127614
11 10 10 5 -0.0139617
11 10 10 6 0.0000000
11 10 10 7 0.0364429
11 10 10 8 0.0000000
11 10 10 9 0.0031839
11 10 10 10 0.0421725
11 10 11 0 -0.0010759
11 10 11 1 0.0070259
11 10 11 2 -0.0000000
11 10 11 3 0.0031185
11 10 11 4 0.0092220
11 10 11 5 0.0052247
11 10 11 6 -0.0000000
11 10 11 7 0.0593355
11 10 11 8 0.0000000
11 10 11 9 -0.0001085
11 10 11 10 0.0530171
11 10 11 11 0.0051729
11 11 0 0 0.5901294
11 11 1 0 -0.0062062
11 11 1 1 0.4458244
11 11 2 0 -0.0000000
11 11 2 1 -0.0000000
11 11 2 2 0.4177972
11 11 3 0 0.0096916
11 11 3 1 0.0386730
11 11 3 2 -0.0000000
11 11 3 3 0.4334372
11 11 4 0 -0.0052640
11 11 4 1 0.0413283
11 11 4 2 -0.0000000
11 11 4 3 0.0071772
11 11 4 4 0.4160170
11 11 5 0 0.0044793
11 11 5 1 -0.0390946
11 11 5 2 0.0000000
11 11 5 3 -0.0042544
11 11 5 4 0.0458936
11 11 5 5 0.4791049
11 11 6 0 0.0000000
11 11 6 1 -0.0000000
11 11 6 2 -0.0570209
11 11 6 3 -0.0000000
11 11 6 4 0.0000000
11 11 6 5 -0.0000000
11 11 6 6 0.4231187
11 11 7 0 -0.0065616
11 11 7 1 0.0024286
11 11 7 2 -0.0000000
11 11 7 3 0.0003861
11 11 7 4 0.0072210
11 11 7 5 0.0280582
11 11 7 6 -0.0000000
11 11 7 7 0.5013990
11 11 8 0 -0.0000000
11 11 8 1 0.0000000
11 11 8 2 0.0105077
11 11 8 3 0.0000000
11 11 8 4 0.0000000
11 11 8 5 -0.0000000
11 11 8 6 0.0196652
11 11 8 7 0.0000000
11 11 8 8 0.4338929
11 11 9 0 -0.0000682
11 11 9 1 -0.0000614
11 11 9 2 0.0000000
11 11 9 3 -0.0018809
11 11 9 4 -0.0038283
11 11 9 5 0.0004450
11 11 9 6 0.0000000
11 11 9 7 -0.0002551
11 11 9 8 -0.0000000
11 11 9 9 0.5430571
11 11 10 0 -0.0009735
11 11 10 1 0.0029909
11 11 10 2 -0.0000000
11 11 10 3 0.0035621
11 11 10 4 0.0129399
11 11 10 5 0.0064012
11 11 10 6 -0.0000000
11 11 10 7 0.0364347
11 11 10 8 0.0000000
11 11 10 9 0.0272587
11 11 10 10 0.4103354
11 11 11 0 0.0067886
11 11 11 1 0.0203927
11 11 11 2 -0.0000000
11 11 11 3 0.0121624
11 11 11 4 0.0169726
11 11 11 5 -0.0123838
11 11 11 6 -0.0000000
11 11 11 7 -0.0251493
11 11 11 8 0.0000000
11 11 11 9 0.0052265
11 11 11 10 0.0051729
11 11 11 11 0.5093197
