NMONOMER	1
NELEC	8
ENUC	8.148059
NBASIS	8
HOMO	2
LUMO	2
ENT	5
HF_ENERGY	-36.202735
ENERGIES
-11.071758
-0.820610
-0.606120
-0.566565
0.628274
0.657582
0.703038
1000000.473163

OEI
-18.480994	
0.257294	-4.500938	
0.000000	-0.000000	-4.180771	
-0.007872	0.017228	-0.000000	-4.120935	
-0.000000	0.000000	0.803711	0.000000	-3.556161	
0.041122	-0.130573	0.000000	-0.790562	-0.000000	-3.555065	
-0.307702	0.919106	-0.000000	-0.120923	0.000000	0.010021	-3.465456	
0.159945	0.149682	0.000000	-0.002674	0.000000	0.002088	-0.002259	999996.030208	

ENV_OEI
-4.868699	
0.496595	-0.328447	
0.000000	0.000000	-0.282547	
-0.015978	-0.000366	0.000000	-0.240808	
-0.000000	0.000000	0.166809	0.000000	-0.334666	
0.084718	-0.023732	0.000000	-0.150372	-0.000000	-0.314590	
-0.642164	0.231837	-0.000000	-0.033664	0.000000	0.019093	-0.388680	
0.307307	-0.017743	0.000000	-0.000859	-0.000000	0.003426	0.040852	-0.449262	

OVERLAP
1.000000	
0.248362	1.000000	
0.061767	0.488736	1.000000	
0.061767	0.488736	0.167856	1.000000	
0.061767	0.488736	0.167856	0.167856	1.000000	
0.000000	0.000000	-0.155576	-0.155576	-0.155576	1.000000	
0.000000	0.000000	0.380474	0.000000	-0.380474	0.000000	1.000000	
0.000000	0.000000	-0.219667	0.439334	-0.219667	0.000000	0.000000	1.000000	

MOCOEFF
-0.996643	-0.017011	0.006564	0.006553	0.006564	0.027143	-0.000000	0.000002	
0.173781	-0.452442	-0.260096	-0.233237	-0.260096	0.380398	-0.000000	0.003765	
0.000000	-0.000000	0.407520	-0.000000	-0.407520	0.000000	0.595311	-0.000000	
-0.005757	0.022603	-0.244033	0.483163	-0.244033	-0.012792	0.000000	0.579502	
-0.000000	0.000000	0.869126	-0.000000	-0.869126	-0.000000	-1.085894	-0.000000	
0.029324	-0.178493	0.585016	-0.897532	0.585016	0.066886	-0.000000	1.086614	
-0.223844	1.400446	-0.678632	-0.870649	-0.678632	-0.511657	0.000000	0.130357	
0.117784	-0.542251	0.000000	-0.000000	0.000000	-0.850774	0.000000	0.000000	

ERI
0 0 0 0 3.5236177
1 0 0 0 -0.2299427
1 0 1 0 0.0275219
1 0 1 1 0.0030179
1 1 0 0 0.6829900
1 1 1 0 0.0030179
1 1 1 1 0.5610403
2 0 0 0 -0.0000000
2 0 1 0 0.0000000
2 0 1 1 -0.0000000
2 0 2 0 0.0088988
2 0 2 1 0.0119670
2 0 2 2 0.0000000
2 1 0 0 0.0000000
2 1 1 0 -0.0000000
2 1 1 1 -0.0000000
2 1 2 0 0.0119670
2 1 2 1 0.1158496
2 1 2 2 0.0000000
2 2 0 0 0.6443957
2 2 1 0 -0.0017753
2 2 1 1 0.5049805
2 2 2 0 0.0000000
2 2 2 1 0.0000000
2 2 2 2 0.5400721
3 0 0 0 0.0075900
3 0 1 0 -0.0008261
3 0 1 1 0.0003085
3 0 2 0 0.0000000
3 0 2 1 -0.0000000
3 0 2 2 0.0028030
3 0 3 0 0.0085513
3 0 3 1 0.0114802
3 0 3 2 0.0000000
3 0 3 3 -0.0033475
3 1 0 0 -0.0054849
3 1 1 0 0.0000726
3 1 1 1 0.0021917
3 1 2 0 -0.0000000
3 1 2 1 -0.0000000
3 1 2 2 0.0474192
3 1 3 0 0.0114802
3 1 3 1 0.1103917
3 1 3 2 0.0000000
3 1 3 3 -0.0552538
3 2 0 0 0.0000000
3 2 1 0 -0.0000000
3 2 1 1 -0.0000000
3 2 2 0 0.0025266
3 2 2 1 0.0487965
3 2 2 2 0.0000000
3 2 3 0 0.0000000
3 2 3 1 0.0000000
3 2 3 2 0.0416838
3 2 3 3 -0.0000000
3 3 0 0 0.6372928
3 3 1 0 -0.0016747
3 3 1 1 0.4984251
3 3 2 0 0.0000000
3 3 2 1 0.0000000
3 3 2 2 0.4509934
3 3 3 0 -0.0033475
3 3 3 1 -0.0552538
3 3 3 2 -0.0000000
3 3 3 3 0.5412323
4 0 0 0 0.0000000
4 0 1 0 -0.0000000
4 0 1 1 0.0000000
4 0 2 0 -0.0130618
4 0 2 1 -0.0160050
4 0 2 2 -0.0000000
4 0 3 0 -0.0000000
4 0 3 1 -0.0000000
4 0 3 2 -0.0031055
4 0 3 3 0.0000000
4 0 4 0 0.0192779
4 0 4 1 0.0084504
4 0 4 2 0.0000000
4 0 4 3 -0.0044038
4 0 4 4 -0.0000000
4 1 0 0 -0.0000000
4 1 1 0 0.0000000
4 1 1 1 -0.0000000
4 1 2 0 -0.0061698
4 1 2 1 0.0136720
4 1 2 2 -0.0000000
4 1 3 0 -0.0000000
4 1 3 1 -0.0000000
4 1 3 2 0.0272326
4 1 3 3 -0.0000000
4 1 4 0 0.0084504
4 1 4 1 0.0445207
4 1 4 2 0.0000000
4 1 4 3 0.0155997
4 1 4 4 0.0000000
4 2 0 0 -0.2525906
4 2 1 0 0.0058504
4 2 1 1 -0.0489991
4 2 2 0 -0.0000000
4 2 2 1 0.0000000
4 2 2 2 -0.0398231
4 2 3 0 0.0024950
4 2 3 1 0.0483580
4 2 3 2 0.0000000
4 2 3 3 -0.0719619
4 2 4 0 0.0000000
4 2 4 1 0.0000000
4 2 4 2 0.1215036
4 2 4 3 0.0000000
4 2 4 4 -0.0479571
4 3 0 0 -0.0000000
4 3 1 0 0.0000000
4 3 1 1 -0.0000000
4 3 2 0 0.0029764
4 3 2 1 0.0492717
4 3 2 2 0.0000000
4 3 3 0 -0.0000000
4 3 3 1 0.0000000
4 3 3 2 0.0161064
4 3 3 3 -0.0000000
4 3 4 0 -0.0044038
4 3 4 1 0.0155997
4 3 4 2 0.0000000
4 3 4 3 0.0364278
4 3 4 4 0.0000000
4 4 0 0 0.7195450
4 4 1 0 -0.0064741
4 4 1 1 0.4957256
4 4 2 0 0.0000000
4 4 2 1 0.0000000
4 4 2 2 0.5303947
4 4 3 0 -0.0000570
4 4 3 1 0.0331750
4 4 3 2 0.0000000
4 4 3 3 0.4572804
4 4 4 0 -0.0000000
4 4 4 1 0.0000000
4 4 4 2 -0.0479571
4 4 4 3 0.0000000
4 4 4 4 0.5502583
5 0 0 0 -0.0382973
5 0 1 0 0.0046803
5 0 1 1 0.0007880
5 0 2 0 -0.0000000
5 0 2 1 -0.0000000
5 0 2 2 0.0031547
5 0 3 0 0.0126649
5 0 3 1 0.0157152
5 0 3 2 0.0000000
5 0 3 3 -0.0046792
5 0 4 0 -0.0000000
5 0 4 1 -0.0000000
5 0 4 2 0.0049657
5 0 4 3 -0.0000000
5 0 4 4 -0.0016882
5 0 5 0 0.0201397
5 0 5 1 0.0087852
5 0 5 2 0.0000000
5 0 5 3 0.0038441
5 0 5 4 -0.0000000
5 0 5 5 0.0040624
5 1 0 0 0.0394262
5 1 1 0 -0.0000754
5 1 1 1 0.0136493
5 1 2 0 -0.0000000
5 1 2 1 0.0000000
5 1 2 2 -0.0157355
5 1 3 0 0.0062960
5 1 3 1 -0.0090777
5 1 3 2 0.0000000
5 1 3 3 0.0335122
5 1 4 0 0.0000000
5 1 4 1 0.0000000
5 1 4 2 -0.0240848
5 1 4 3 -0.0000000
5 1 4 4 -0.0218632
5 1 5 0 0.0087852
5 1 5 1 0.0436429
5 1 5 2 -0.0000000
5 1 5 3 0.0018118
5 1 5 4 -0.0000000
5 1 5 5 0.0354713
5 2 0 0 -0.0000000
5 2 1 0 0.0000000
5 2 1 1 0.0000000
5 2 2 0 -0.0018783
5 2 2 1 -0.0492784
5 2 2 2 -0.0000000
5 2 3 0 0.0000000
5 2 3 1 0.0000000
5 2 3 2 -0.0182821
5 2 3 3 -0.0000000
5 2 4 0 0.0029263
5 2 4 1 -0.0207941
5 2 4 2 0.0000000
5 2 4 3 -0.0349807
5 2 4 4 -0.0000000
5 2 5 0 0.0000000
5 2 5 1 -0.0000000
5 2 5 2 0.0406219
5 2 5 3 -0.0000000
5 2 5 4 0.0239176
5 2 5 5 -0.0000000
5 3 0 0 0.2485564
5 3 1 0 -0.0056810
5 3 1 1 0.0525545
5 3 2 0 -0.0000000
5 3 2 1 0.0000000
5 3 2 2 0.0678150
5 3 3 0 0.0033147
5 3 3 1 0.0420250
5 3 3 2 0.0000000
5 3 3 3 0.0379085
5 3 4 0 0.0000000
5 3 4 1 -0.0000000
5 3 4 2 -0.0555460
5 3 4 3 -0.0000000
5 3 4 4 0.0720963
5 3 5 0 0.0038441
5 3 5 1 0.0018118
5 3 5 2 -0.0000000
5 3 5 3 0.1136783
5 3 5 4 -0.0000000
5 3 5 5 0.0657542
5 4 0 0 0.0000000
5 4 1 0 -0.0000000
5 4 1 1 0.0000000
5 4 2 0 -0.0012066
5 4 2 1 -0.0470323
5 4 2 2 -0.0000000
5 4 3 0 -0.0000000
5 4 3 1 -0.0000000
5 4 3 2 -0.0399444
5 4 3 3 0.0000000
5 4 4 0 0.0013564
5 4 4 1 -0.0347467
5 4 4 2 -0.0000000
5 4 4 3 -0.0204814
5 4 4 4 -0.0000000
5 4 5 0 -0.0000000
5 4 5 1 -0.0000000
5 4 5 2 0.0239176
5 4 5 3 -0.0000000
5 4 5 4 0.0494152
5 4 5 5 0.0000000
5 5 0 0 0.7277018
5 5 1 0 -0.0065361
5 5 1 1 0.4953680
5 5 2 0 -0.0000000
5 5 2 1 -0.0000000
5 5 2 2 0.4742624
5 5 3 0 0.0035384
5 5 3 1 -0.0092059
5 5 3 2 -0.0000000
5 5 3 3 0.5178618
5 5 4 0 0.0000000
5 5 4 1 -0.0000000
5 5 4 2 -0.0661105
5 5 4 3 -0.0000000
5 5 4 4 0.4830782
5 5 5 0 0.0040624
5 5 5 1 0.0354713
5 5 5 2 -0.0000000
5 5 5 3 0.0657542
5 5 5 4 0.0000000
5 5 5 5 0.5406016
6 0 0 0 0.2920908
6 0 1 0 -0.0347687
6 0 1 1 -0.0018362
6 0 2 0 -0.0000000
6 0 2 1 0.0000000
6 0 2 2 0.0028086
6 0 3 0 0.0026683
6 0 3 1 0.0018739
6 0 3 2 0.0000000
6 0 3 3 0.0016948
6 0 4 0 0.0000000
6 0 4 1 -0.0000000
6 0 4 2 -0.0061291
6 0 4 3 0.0000000
6 0 4 4 0.0073931
6 0 5 0 -0.0034841
6 0 5 1 0.0013500
6 0 5 2 -0.0000000
6 0 5 3 0.0070401
6 0 5 4 -0.0000000
6 0 5 5 0.0082059
6 0 6 0 0.0444069
6 0 6 1 -0.0018203
6 0 6 2 -0.0000000
6 0 6 3 0.0000394
6 0 6 4 0.0000000
6 0 6 5 -0.0013112
6 0 6 6 0.0018039
6 1 0 0 -0.2755577
6 1 1 0 0.0007459
6 1 1 1 -0.1047898
6 1 2 0 0.0000000
6 1 2 1 -0.0000000
6 1 2 2 -0.0652043
6 1 3 0 0.0006199
6 1 3 1 0.0016393
6 1 3 2 -0.0000000
6 1 3 3 -0.0581237
6 1 4 0 -0.0000000
6 1 4 1 0.0000000
6 1 4 2 0.0702385
6 1 4 3 0.0000000
6 1 4 4 -0.0653825
6 1 5 0 0.0011762
6 1 5 1 -0.0103800
6 1 5 2 0.0000000
6 1 5 3 -0.0712502
6 1 5 4 0.0000000
6 1 5 5 -0.0623936
6 1 6 0 -0.0018203
6 1 6 1 0.1025073
6 1 6 2 -0.0000000
6 1 6 3 -0.0156711
6 1 6 4 -0.0000000
6 1 6 5 0.0059383
6 1 6 6 -0.0841889
6 2 0 0 0.0000000
6 2 1 0 -0.0000000
6 2 1 1 -0.0000000
6 2 2 0 -0.0059993
6 2 2 1 0.0193207
6 2 2 2 0.0000000
6 2 3 0 -0.0000000
6 2 3 1 -0.0000000
6 2 3 2 0.0269304
6 2 3 3 0.0000000
6 2 4 0 0.0081095
6 2 4 1 0.0431232
6 2 4 2 -0.0000000
6 2 4 3 0.0200163
6 2 4 4 0.0000000
6 2 5 0 0.0000000
6 2 5 1 0.0000000
6 2 5 2 -0.0250986
6 2 5 3 0.0000000
6 2 5 4 -0.0365728
6 2 5 5 0.0000000
6 2 6 0 -0.0000000
6 2 6 1 -0.0000000
6 2 6 2 0.0457339
6 2 6 3 -0.0000000
6 2 6 4 0.0240293
6 2 6 5 0.0000000
6 2 6 6 -0.0000000
6 3 0 0 0.0376451
6 3 1 0 -0.0007754
6 3 1 1 0.0109245
6 3 2 0 -0.0000000
6 3 2 1 -0.0000000
6 3 2 2 0.0401368
6 3 3 0 -0.0050103
6 3 3 1 0.0320550
6 3 3 2 0.0000000
6 3 3 3 -0.0253226
6 3 4 0 0.0000000
6 3 4 1 -0.0000000
6 3 4 2 0.0172095
6 3 4 3 0.0000000
6 3 4 4 0.0477844
6 3 5 0 -0.0069851
6 3 5 1 -0.0437157
6 3 5 2 0.0000000
6 3 5 3 0.0350792
6 3 5 4 -0.0000000
6 3 5 5 -0.0180741
6 3 6 0 0.0000394
6 3 6 1 -0.0156711
6 3 6 2 -0.0000000
6 3 6 3 0.0618352
6 3 6 4 -0.0000000
6 3 6 5 -0.0460669
6 3 6 6 -0.0052585
6 4 0 0 -0.0000000
6 4 1 0 0.0000000
6 4 1 1 -0.0000000
6 4 2 0 0.0118141
6 4 2 1 0.0963846
6 4 2 2 0.0000000
6 4 3 0 0.0000000
6 4 3 1 -0.0000000
6 4 3 2 0.0419414
6 4 3 3 0.0000000
6 4 4 0 -0.0164724
6 4 4 1 0.0188211
6 4 4 2 0.0000000
6 4 4 3 0.0493983
6 4 4 4 0.0000000
6 4 5 0 -0.0000000
6 4 5 1 0.0000000
6 4 5 2 -0.0503780
6 4 5 3 -0.0000000
6 4 5 4 -0.0462581
6 4 5 5 -0.0000000
6 4 6 0 0.0000000
6 4 6 1 -0.0000000
6 4 6 2 0.0240293
6 4 6 3 -0.0000000
6 4 6 4 0.0953303
6 4 6 5 0.0000000
6 4 6 6 -0.0000000
6 5 0 0 -0.0022425
6 5 1 0 -0.0007667
6 5 1 1 -0.0101307
6 5 2 0 0.0000000
6 5 2 1 0.0000000
6 5 2 2 -0.0500709
6 5 3 0 -0.0113391
6 5 3 1 -0.1002010
6 5 3 2 -0.0000000
6 5 3 3 0.0554525
6 5 4 0 -0.0000000
6 5 4 1 0.0000000
6 5 4 2 -0.0528065
6 5 4 3 -0.0000000
6 5 4 4 -0.0421742
6 5 5 0 -0.0162171
6 5 5 1 0.0209813
6 5 5 2 -0.0000000
6 5 5 3 -0.0436406
6 5 5 4 0.0000000
6 5 5 5 0.0162180
6 5 6 0 -0.0013112
6 5 6 1 0.0059383
6 5 6 2 0.0000000
6 5 6 3 -0.0460669
6 5 6 4 0.0000000
6 5 6 5 0.1108316
6 5 6 6 0.0229943
6 6 0 0 0.7089850
6 6 1 0 -0.0009648
6 6 1 1 0.5279963
6 6 2 0 -0.0000000
6 6 2 1 -0.0000000
6 6 2 2 0.4743042
6 6 3 0 -0.0027463
6 6 3 1 -0.0274418
6 6 3 2 -0.0000000
6 6 3 3 0.5000766
6 6 4 0 0.0000000
6 6 4 1 -0.0000000
6 6 4 2 -0.0515592
6 6 4 3 -0.0000000
6 6 4 4 0.4828880
6 6 5 0 -0.0042646
6 6 5 1 0.0174492
6 6 5 2 0.0000000
6 6 5 3 0.0259094
6 6 5 4 0.0000000
6 6 5 5 0.4997011
6 6 6 0 0.0018039
6 6 6 1 -0.0841889
6 6 6 2 -0.0000000
6 6 6 3 -0.0052585
6 6 6 4 -0.0000000
6 6 6 5 0.0229943
6 6 6 6 0.5342596
7 0 0 0 -0.1189949
7 0 1 0 0.0062871
7 0 1 1 -0.0141151
7 0 2 0 0.0000000
7 0 2 1 -0.0000000
7 0 2 2 -0.0012129
7 0 3 0 -0.0002216
7 0 3 1 0.0003645
7 0 3 2 0.0000000
7 0 3 3 -0.0012919
7 0 4 0 -0.0000000
7 0 4 1 0.0000000
7 0 4 2 -0.0023597
7 0 4 3 -0.0000000
7 0 4 4 0.0006842
7 0 5 0 0.0012329
7 0 5 1 -0.0015659
7 0 5 2 -0.0000000
7 0 5 3 0.0023638
7 0 5 4 0.0000000
7 0 5 5 0.0004825
7 0 6 0 -0.0094721
7 0 6 1 0.0120035
7 0 6 2 0.0000000
7 0 6 3 -0.0000954
7 0 6 4 -0.0000000
7 0 6 5 0.0020808
7 0 6 6 -0.0153269
7 0 7 0 0.0226262
7 0 7 1 0.0064555
7 0 7 2 0.0000000
7 0 7 3 -0.0002186
7 0 7 4 -0.0000000
7 0 7 5 0.0011568
7 0 7 6 -0.0088580
7 0 7 7 0.0195339
7 1 0 0 -0.0159654
7 1 1 0 -0.0050821
7 1 1 1 -0.0381984
7 1 2 0 -0.0000000
7 1 2 1 -0.0000000
7 1 2 2 -0.0035600
7 1 3 0 0.0002296
7 1 3 1 0.0012937
7 1 3 2 -0.0000000
7 1 3 3 -0.0041747
7 1 4 0 0.0000000
7 1 4 1 0.0000000
7 1 4 2 -0.0061484
7 1 4 3 -0.0000000
7 1 4 4 -0.0012847
7 1 5 0 -0.0006237
7 1 5 1 -0.0032096
7 1 5 2 -0.0000000
7 1 5 3 0.0064275
7 1 5 4 0.0000000
7 1 5 5 -0.0016323
7 1 6 0 0.0055398
7 1 6 1 0.0249656
7 1 6 2 0.0000000
7 1 6 3 0.0000641
7 1 6 4 -0.0000000
7 1 6 5 0.0034438
7 1 6 6 -0.0307091
7 1 7 0 0.0064555
7 1 7 1 0.0239384
7 1 7 2 -0.0000000
7 1 7 3 -0.0002401
7 1 7 4 -0.0000000
7 1 7 5 0.0031068
7 1 7 6 -0.0199830
7 1 7 7 0.0182943
7 2 0 0 -0.0000000
7 2 1 0 -0.0000000
7 2 1 1 -0.0000000
7 2 2 0 0.0065109
7 2 2 1 0.0294752
7 2 2 2 0.0000000
7 2 3 0 0.0000000
7 2 3 1 -0.0000000
7 2 3 2 0.0109830
7 2 3 3 0.0000000
7 2 4 0 -0.0094741
7 2 4 1 -0.0066239
7 2 4 2 -0.0000000
7 2 4 3 0.0108750
7 2 4 4 0.0000000
7 2 5 0 -0.0000000
7 2 5 1 -0.0000000
7 2 5 2 -0.0098588
7 2 5 3 0.0000000
7 2 5 4 -0.0053911
7 2 5 5 -0.0000000
7 2 6 0 0.0000000
7 2 6 1 0.0000000
7 2 6 2 -0.0021938
7 2 6 3 -0.0000000
7 2 6 4 0.0272195
7 2 6 5 0.0000000
7 2 6 6 -0.0000000
7 2 7 0 0.0000000
7 2 7 1 -0.0000000
7 2 7 2 0.0352767
7 2 7 3 0.0000000
7 2 7 4 -0.0351362
7 2 7 5 -0.0000000
7 2 7 6 0.0000000
7 2 7 7 0.0000000
7 3 0 0 0.0001660
7 3 1 0 0.0002327
7 3 1 1 0.0021592
7 3 2 0 0.0000000
7 3 2 1 -0.0000000
7 3 2 2 0.0114411
7 3 3 0 0.0062530
7 3 3 1 0.0282848
7 3 3 2 0.0000000
7 3 3 3 -0.0127968
7 3 4 0 -0.0000000
7 3 4 1 -0.0000000
7 3 4 2 0.0105562
7 3 4 3 0.0000000
7 3 4 4 0.0020704
7 3 5 0 0.0093564
7 3 5 1 0.0073873
7 3 5 2 0.0000000
7 3 5 3 0.0096639
7 3 5 4 -0.0000000
7 3 5 5 0.0050498
7 3 6 0 0.0009170
7 3 6 1 0.0001674
7 3 6 2 -0.0000000
7 3 6 3 0.0009941
7 3 6 4 0.0000000
7 3 6 5 -0.0269810
7 3 6 6 -0.0059113
7 3 7 0 -0.0002186
7 3 7 1 -0.0002401
7 3 7 2 0.0000000
7 3 7 3 0.0342711
7 3 7 4 -0.0000000
7 3 7 5 0.0347305
7 3 7 6 0.0046703
7 3 7 7 -0.0008133
7 4 0 0 -0.0000000
7 4 1 0 0.0000000
7 4 1 1 0.0000000
7 4 2 0 -0.0079673
7 4 2 1 -0.0273676
7 4 2 2 -0.0000000
7 4 3 0 -0.0000000
7 4 3 1 -0.0000000
7 4 3 2 -0.0052553
7 4 3 3 -0.0000000
7 4 4 0 0.0115288
7 4 4 1 0.0108048
7 4 4 2 0.0000000
7 4 4 3 -0.0107180
7 4 4 4 -0.0000000
7 4 5 0 0.0000000
7 4 5 1 -0.0000000
7 4 5 2 0.0089983
7 4 5 3 -0.0000000
7 4 5 4 0.0003435
7 4 5 5 -0.0000000
7 4 6 0 -0.0000000
7 4 6 1 -0.0000000
7 4 6 2 0.0086142
7 4 6 3 0.0000000
7 4 6 4 -0.0258795
7 4 6 5 -0.0000000
7 4 6 6 0.0000000
7 4 7 0 -0.0000000
7 4 7 1 -0.0000000
7 4 7 2 -0.0351362
7 4 7 3 -0.0000000
7 4 7 4 0.0401577
7 4 7 5 0.0000000
7 4 7 6 -0.0000000
7 4 7 7 -0.0000000
7 5 0 0 0.0021512
7 5 1 0 -0.0008528
7 5 1 1 -0.0028807
7 5 2 0 -0.0000000
7 5 2 1 -0.0000000
7 5 2 2 0.0059958
7 5 3 0 0.0078660
7 5 3 1 0.0271080
7 5 3 2 0.0000000
7 5 3 3 -0.0073935
7 5 4 0 0.0000000
7 5 4 1 0.0000000
7 5 4 2 0.0086124
7 5 4 3 -0.0000000
7 5 4 4 -0.0018010
7 5 5 0 0.0114827
7 5 5 1 0.0112528
7 5 5 2 0.0000000
7 5 5 3 0.0124907
7 5 5 4 -0.0000000
7 5 5 5 0.0105653
7 5 6 0 0.0024103
7 5 6 1 0.0035819
7 5 6 2 -0.0000000
7 5 6 3 -0.0054681
7 5 6 4 -0.0000000
7 5 6 5 -0.0245173
7 5 6 6 -0.0095970
7 5 7 0 0.0011568
7 5 7 1 0.0031068
7 5 7 2 -0.0000000
7 5 7 3 0.0347305
7 5 7 4 0.0000000
7 5 7 5 0.0410263
7 5 7 6 0.0016791
7 5 7 7 0.0058715
7 6 0 0 -0.0182069
7 6 1 0 0.0071161
7 6 1 1 0.0285181
7 6 2 0 0.0000000
7 6 2 1 0.0000000
7 6 2 2 -0.0005050
7 6 3 0 0.0006969
7 6 3 1 0.0024424
7 6 3 2 0.0000000
7 6 3 3 -0.0015310
7 6 4 0 -0.0000000
7 6 4 1 -0.0000000
7 6 4 2 0.0148996
7 6 4 3 0.0000000
7 6 4 4 -0.0080353
7 6 5 0 0.0024088
7 6 5 1 0.0035111
7 6 5 2 0.0000000
7 6 5 3 -0.0123220
7 6 5 4 -0.0000000
7 6 5 5 -0.0063979
7 6 6 0 -0.0077523
7 6 6 1 -0.0169948
7 6 6 2 -0.0000000
7 6 6 3 -0.0017970
7 6 6 4 0.0000000
7 6 6 5 -0.0069727
7 6 6 6 0.0239075
7 6 7 0 -0.0088580
7 6 7 1 -0.0199830
7 6 7 2 0.0000000
7 6 7 3 0.0046703
7 6 7 4 -0.0000000
7 6 7 5 0.0016791
7 6 7 6 0.0238922
7 6 7 7 -0.0458560
7 7 0 0 0.8421295
7 7 1 0 -0.0191142
7 7 1 1 0.4584703
7 7 2 0 -0.0000000
7 7 2 1 0.0000000
7 7 2 2 0.4913514
7 7 3 0 0.0005989
7 7 3 1 -0.0013977
7 7 3 2 0.0000000
7 7 3 3 0.4873308
7 7 4 0 0.0000000
7 7 4 1 -0.0000000
7 7 4 2 -0.1409642
7 7 4 3 -0.0000000
7 7 4 4 0.5136983
7 7 5 0 -0.0027391
7 7 5 1 0.0147999
7 7 5 2 -0.0000000
7 7 5 3 0.1392396
7 7 5 4 0.0000000
7 7 5 5 0.5172612
7 7 6 0 0.0207147
7 7 6 1 -0.0982565
7 7 6 2 0.0000000
7 7 6 3 0.0191647
7 7 6 4 -0.0000000
7 7 6 5 0.0062517
7 7 6 6 0.4511964
7 7 7 0 0.0195339
7 7 7 1 0.0182943
7 7 7 2 0.0000000
7 7 7 3 -0.0008133
7 7 7 4 -0.0000000
7 7 7 5 0.0058715
7 7 7 6 -0.0458560
7 7 7 7 0.7504107
