NMONOMER	1
NELEC	8
ENUC	7.676927
NBASIS	12
HOMO	2
LUMO	2
ENT	5
HF_ENERGY	-35.701586
ENERGIES
-10.847781
-0.815811
-0.383215
-0.221765
0.590760
0.791929
0.859196
849736.596693
965066.397852
996478.172931
1070621.084127
1118093.741016

OEI
-18.411473	
0.220968	-4.502379	
0.000000	-0.000000	-4.003909	
-0.190207	0.159588	-0.000000	-4.192179	
0.145531	-0.290873	0.000000	0.379424	-3.013361	
0.230753	-0.876064	0.000000	-0.243639	-0.145058	-3.761158	
0.000000	-0.000000	-0.769738	0.000000	0.000000	-0.000000	-3.442610	
-0.115879	-0.054221	0.000000	0.035754	0.004571	0.016155	-0.000000	849733.022969	
0.000000	0.000000	-0.129939	-0.000000	0.000000	-0.000000	0.018233	-0.000000	965063.543111	
-0.004977	-0.022668	-0.000000	-0.002430	0.003073	-0.013540	-0.000000	-0.000991	-0.000000	996474.953493	
0.037923	0.197204	-0.000000	0.075244	0.119425	-0.132296	0.000000	0.144307	0.000000	-0.136007	1070618.547949	
0.112653	0.082359	0.000000	-0.124765	-0.006139	-0.001081	-0.000000	0.827043	-0.000000	0.038061	-0.317539	1118090.066122	

ENV_OEI
-4.938329	
0.415523	-0.513875	
0.000000	-0.000000	-0.314641	
-0.370408	-0.062995	-0.000000	-0.554796	
0.293696	-0.313397	0.000000	-0.161803	-0.660248	
0.471503	-0.012706	0.000000	0.237336	0.313435	-0.825139	
0.000000	-0.000000	-0.094562	-0.000000	-0.000000	0.000000	-0.372143	
-0.226949	-0.019558	0.000000	0.049314	0.051132	-0.006567	0.000000	-0.596308	
0.000000	0.000000	0.151525	-0.000000	0.000000	0.000000	-0.138742	0.000000	-0.754622	
0.015028	-0.272991	-0.000000	-0.645501	-1.361216	0.931931	-0.000000	-0.125470	-0.000000	-18.585239	
0.056117	-0.042716	0.000000	-0.009932	-0.036550	0.076081	-0.000000	-0.247655	0.000000	-1.671137	-0.822926	
0.216018	0.021989	-0.000000	0.040409	0.033297	-0.022170	0.000000	-0.154334	0.000000	0.179188	-0.104841	-0.409928	

OVERLAP
1.000000	
0.248362	1.000000	
0.061767	0.488736	1.000000	
0.061767	0.488736	0.167856	1.000000	
0.000000	0.027047	0.038545	0.038545	1.000000	
0.027047	0.301519	0.378700	0.378700	0.248362	1.000000	
0.000000	0.000000	-0.155576	-0.155576	-0.015125	-0.113119	1.000000	
0.000000	0.000000	0.380474	-0.380474	0.000000	0.000000	0.000000	1.000000	
0.000000	0.000000	-0.219667	-0.219667	-0.042713	-0.319437	0.000000	0.000000	1.000000	
0.015125	0.113119	0.044121	0.044121	0.000000	0.000000	0.112775	0.000000	-0.151526	1.000000	
0.000000	0.000000	0.268260	-0.268260	0.000000	0.000000	0.000000	0.166433	0.000000	0.000000	1.000000	
0.042713	0.319437	0.279473	0.279473	0.000000	0.000000	-0.151526	0.000000	-0.261465	0.000000	0.000000	1.000000	

MOCOEFF
-0.996613	-0.016510	0.006516	0.006516	-0.001355	0.006668	0.027590	-0.000000	0.007783	-0.002281	-0.000000	0.003211	
0.146195	-0.344721	-0.265247	-0.265247	0.028820	0.035741	0.325574	0.000000	0.195276	-0.174193	-0.000000	-0.289227	
0.000000	-0.000000	0.475364	-0.475364	0.000000	-0.000000	0.000000	0.575186	-0.000000	0.000000	-0.350771	-0.000000	
-0.130574	0.543460	0.089876	0.089876	0.057912	-0.235911	-0.308341	0.000000	0.658657	-0.040151	0.000000	-0.395762	
0.101374	-0.636306	0.895456	0.895456	0.118523	-0.709098	0.228836	-0.000000	-0.158022	-0.163916	-0.000000	-0.606409	
0.165823	-1.019708	0.426551	0.426551	-0.082978	0.508850	0.364954	-0.000000	0.954242	0.281852	-0.000000	0.676505	
0.000000	-0.000000	-0.932719	0.932719	0.000000	-0.000000	0.000000	1.104816	0.000000	-0.000000	0.316543	-0.000000	
-0.084288	0.388040	-0.000000	-0.000000	0.012325	-0.049401	0.608823	0.000000	-0.000000	-0.744813	-0.000000	0.291146	
-0.000000	0.000000	-0.000000	0.000000	0.000000	0.000000	0.000000	0.000000	0.000000	-0.000000	1.000000	0.000000	
-0.000564	0.002599	0.000000	0.000000	1.025611	-0.216380	0.004077	-0.000000	-0.000000	0.053739	-0.000000	0.092871	
0.018947	-0.087226	-0.000000	-0.000000	0.019715	0.850780	-0.136854	0.000000	-0.000000	-0.334096	-0.000000	-0.355391	
0.081637	-0.375837	0.000000	0.000000	0.011610	-0.229166	-0.589676	-0.000000	-0.000000	-0.509850	-0.000000	0.308002	

ERI
0 0 0 0 3.5233472
1 0 0 0 -0.1948612
1 0 1 0 0.0209590
1 0 1 1 0.0054346
1 1 0 0 0.6449808
1 1 1 0 0.0054346
1 1 1 1 0.5896537
2 0 0 0 -0.0000000
2 0 1 0 0.0000000
2 0 1 1 0.0000000
2 0 2 0 0.0084631
2 0 2 1 0.0104802
2 0 2 2 -0.0000000
2 1 0 0 0.0000000
2 1 1 0 0.0000000
2 1 1 1 0.0000000
2 1 2 0 0.0104802
2 1 2 1 0.1074482
2 1 2 2 -0.0000000
2 2 0 0 0.6330880
2 2 1 0 -0.0004628
2 2 1 1 0.5099528
2 2 2 0 -0.0000000
2 2 2 1 -0.0000000
2 2 2 2 0.5330680
3 0 0 0 0.1705890
3 0 1 0 -0.0140000
3 0 1 1 0.0078724
3 0 2 0 -0.0000000
3 0 2 1 0.0000000
3 0 2 2 0.0037646
3 0 3 0 0.0249932
3 0 3 1 0.0082706
3 0 3 2 0.0000000
3 0 3 3 -0.0089770
3 1 0 0 -0.0701922
3 1 1 0 0.0011993
3 1 1 1 0.0171422
3 1 2 0 -0.0000000
3 1 2 1 -0.0000000
3 1 2 2 -0.0191086
3 1 3 0 0.0082706
3 1 3 1 0.0656567
3 1 3 2 0.0000000
3 1 3 3 -0.0475369
3 2 0 0 -0.0000000
3 2 1 0 -0.0000000
3 2 1 1 -0.0000000
3 2 2 0 -0.0065199
3 2 2 1 -0.0354082
3 2 2 2 0.0000000
3 2 3 0 0.0000000
3 2 3 1 0.0000000
3 2 3 2 0.0328503
3 2 3 3 -0.0000000
3 3 0 0 0.7693117
3 3 1 0 -0.0059326
3 3 1 1 0.4905556
3 3 2 0 -0.0000000
3 3 2 1 0.0000000
3 3 2 2 0.4751529
3 3 3 0 -0.0089770
3 3 3 1 -0.0475369
3 3 3 2 -0.0000000
3 3 3 3 0.6238741
4 0 0 0 -0.1334426
4 0 1 0 0.0125711
4 0 1 1 -0.0015673
4 0 2 0 -0.0000000
4 0 2 1 -0.0000000
4 0 2 2 -0.0019905
4 0 3 0 -0.0141213
4 0 3 1 -0.0020389
4 0 3 2 0.0000000
4 0 3 3 0.0010194
4 0 4 0 0.0096857
4 0 4 1 -0.0003139
4 0 4 2 0.0000000
4 0 4 3 -0.0012221
4 0 4 4 -0.0000609
4 1 0 0 0.0845260
4 1 1 0 0.0005937
4 1 1 1 0.0398912
4 1 2 0 -0.0000000
4 1 2 1 0.0000000
4 1 2 2 -0.0186549
4 1 3 0 0.0009321
4 1 3 1 0.0182590
4 1 3 2 0.0000000
4 1 3 3 0.0560864
4 1 4 0 -0.0003139
4 1 4 1 0.0703707
4 1 4 2 -0.0000000
4 1 4 3 0.0092497
4 1 4 4 0.0058401
4 2 0 0 -0.0000000
4 2 1 0 0.0000000
4 2 1 1 -0.0000000
4 2 2 0 -0.0014966
4 2 2 1 -0.0788984
4 2 2 2 0.0000000
4 2 3 0 -0.0000000
4 2 3 1 0.0000000
4 2 3 2 0.0154620
4 2 3 3 -0.0000000
4 2 4 0 0.0000000
4 2 4 1 -0.0000000
4 2 4 2 0.0885485
4 2 4 3 0.0000000
4 2 4 4 0.0000000
4 3 0 0 -0.1406093
4 3 1 0 0.0045808
4 3 1 1 0.0198443
4 3 2 0 0.0000000
4 3 2 1 0.0000000
4 3 2 2 -0.0169112
4 3 3 0 0.0079148
4 3 3 1 0.0592609
4 3 3 2 -0.0000000
4 3 3 3 -0.0844715
4 3 4 0 -0.0012221
4 3 4 1 0.0092497
4 3 4 2 0.0000000
4 3 4 3 0.0792589
4 3 4 4 0.0346987
4 4 0 0 0.4981070
4 4 1 0 0.0018492
4 4 1 1 0.5128715
4 4 2 0 -0.0000000
4 4 2 1 -0.0000000
4 4 2 2 0.4751920
4 4 3 0 0.0014491
4 4 3 1 0.0224446
4 4 3 2 0.0000000
4 4 3 3 0.4398219
4 4 4 0 -0.0000609
4 4 4 1 0.0058401
4 4 4 2 0.0000000
4 4 4 3 0.0346987
4 4 4 4 0.5209334
5 0 0 0 -0.2179478
5 0 1 0 0.0260992
5 0 1 1 0.0116921
5 0 2 0 -0.0000000
5 0 2 1 -0.0000000
5 0 2 2 0.0014205
5 0 3 0 -0.0070864
5 0 3 1 0.0074060
5 0 3 2 0.0000000
5 0 3 3 -0.0156005
5 0 4 0 0.0119426
5 0 4 1 0.0008333
5 0 4 2 0.0000000
5 0 4 3 0.0121751
5 0 4 4 0.0031564
5 0 5 0 0.0396041
5 0 5 1 0.0048041
5 0 5 2 0.0000000
5 0 5 3 -0.0047071
5 0 5 4 0.0028617
5 0 5 5 0.0104630
5 1 0 0 0.2604258
5 1 1 0 0.0003126
5 1 1 1 0.0720064
5 1 2 0 -0.0000000
5 1 2 1 0.0000000
5 1 2 2 0.0643564
5 1 3 0 0.0080415
5 1 3 1 -0.0297675
5 1 3 2 0.0000000
5 1 3 3 0.0851666
5 1 4 0 -0.0030409
5 1 4 1 0.0146896
5 1 4 2 -0.0000000
5 1 4 3 -0.0446871
5 1 4 4 -0.0004667
5 1 5 0 0.0048041
5 1 5 1 0.1017156
5 1 5 2 -0.0000000
5 1 5 3 0.0361645
5 1 5 4 0.0335440
5 1 5 5 0.0904618
5 2 0 0 -0.0000000
5 2 1 0 0.0000000
5 2 1 1 -0.0000000
5 2 2 0 0.0052864
5 2 2 1 0.0023691
5 2 2 2 -0.0000000
5 2 3 0 0.0000000
5 2 3 1 0.0000000
5 2 3 2 -0.0007824
5 2 3 3 -0.0000000
5 2 4 0 -0.0000000
5 2 4 1 -0.0000000
5 2 4 2 0.0182211
5 2 4 3 0.0000000
5 2 4 4 0.0000000
5 2 5 0 0.0000000
5 2 5 1 -0.0000000
5 2 5 2 0.0235172
5 2 5 3 -0.0000000
5 2 5 4 0.0000000
5 2 5 5 -0.0000000
5 3 0 0 0.0897596
5 3 1 0 -0.0043638
5 3 1 1 -0.0202055
5 3 2 0 0.0000000
5 3 2 1 0.0000000
5 3 2 2 0.0148393
5 3 3 0 0.0022301
5 3 3 1 -0.0126284
5 3 3 2 -0.0000000
5 3 3 3 0.0372157
5 3 4 0 -0.0016235
5 3 4 1 -0.0186198
5 3 4 2 -0.0000000
5 3 4 3 -0.0395711
5 3 4 4 -0.0281356
5 3 5 0 -0.0047071
5 3 5 1 0.0361645
5 3 5 2 -0.0000000
5 3 5 3 0.0560354
5 3 5 4 0.0187309
5 3 5 5 0.0012978
5 4 0 0 0.0448533
5 4 1 0 0.0011509
5 4 1 1 0.0090022
5 4 2 0 -0.0000000
5 4 2 1 -0.0000000
5 4 2 2 0.0313844
5 4 3 0 0.0021177
5 4 3 1 -0.0311049
5 4 3 2 0.0000000
5 4 3 3 -0.0100698
5 4 4 0 -0.0004471
5 4 4 1 -0.0413145
5 4 4 2 0.0000000
5 4 4 3 -0.0259397
5 4 4 4 -0.0015542
5 4 5 0 0.0028617
5 4 5 1 0.0335440
5 4 5 2 0.0000000
5 4 5 3 0.0187309
5 4 5 4 0.0558709
5 4 5 5 -0.0114859
5 5 0 0 0.7992023
5 5 1 0 -0.0002947
5 5 1 1 0.5756346
5 5 2 0 -0.0000000
5 5 2 1 -0.0000000
5 5 2 2 0.4981394
5 5 3 0 0.0185585
5 5 3 1 0.0346063
5 5 3 2 0.0000000
5 5 3 3 0.5140034
5 5 4 0 -0.0068790
5 5 4 1 0.0628847
5 5 4 2 -0.0000000
5 5 4 3 0.0159683
5 5 4 4 0.4972688
5 5 5 0 0.0104630
5 5 5 1 0.0904618
5 5 5 2 -0.0000000
5 5 5 3 0.0012978
5 5 5 4 -0.0114859
5 5 5 5 0.6284832
6 0 0 0 -0.0000000
6 0 1 0 0.0000000
6 0 1 1 0.0000000
6 0 2 0 0.0129297
6 0 2 1 0.0143434
6 0 2 2 -0.0000000
6 0 3 0 -0.0000000
6 0 3 1 -0.0000000
6 0 3 2 -0.0093618
6 0 3 3 -0.0000000
6 0 4 0 -0.0000000
6 0 4 1 -0.0000000
6 0 4 2 -0.0020079
6 0 4 3 0.0000000
6 0 4 4 -0.0000000
6 0 5 0 0.0000000
6 0 5 1 -0.0000000
6 0 5 2 0.0070595
6 0 5 3 0.0000000
6 0 5 4 -0.0000000
6 0 5 5 -0.0000000
6 0 6 0 0.0198728
6 0 6 1 0.0057323
6 0 6 2 -0.0000000
6 0 6 3 -0.0105315
6 0 6 4 0.0098513
6 0 6 5 0.0100198
6 0 6 6 0.0000000
6 1 0 0 0.0000000
6 1 1 0 -0.0000000
6 1 1 1 0.0000000
6 1 2 0 0.0041290
6 1 2 1 -0.0282914
6 1 2 2 0.0000000
6 1 3 0 0.0000000
6 1 3 1 -0.0000000
6 1 3 2 -0.0020186
6 1 3 3 0.0000000
6 1 4 0 -0.0000000
6 1 4 1 0.0000000
6 1 4 2 0.0487889
6 1 4 3 -0.0000000
6 1 4 4 0.0000000
6 1 5 0 -0.0000000
6 1 5 1 0.0000000
6 1 5 2 0.0235615
6 1 5 3 0.0000000
6 1 5 4 -0.0000000
6 1 5 5 0.0000000
6 1 6 0 0.0057323
6 1 6 1 0.0401475
6 1 6 2 0.0000000
6 1 6 3 -0.0106607
6 1 6 4 -0.0469423
6 1 6 5 -0.0181978
6 1 6 6 -0.0000000
6 2 0 0 0.2516911
6 2 1 0 -0.0059756
6 2 1 1 0.0143210
6 2 2 0 0.0000000
6 2 2 1 -0.0000000
6 2 2 2 0.0363872
6 2 3 0 0.0013290
6 2 3 1 -0.0266810
6 2 3 2 0.0000000
6 2 3 3 0.1071944
6 2 4 0 -0.0027280
6 2 4 1 0.0399741
6 2 4 2 -0.0000000
6 2 4 3 -0.0534906
6 2 4 4 -0.0369331
6 2 5 0 -0.0081557
6 2 5 1 0.0687218
6 2 5 2 -0.0000000
6 2 5 3 0.0357861
6 2 5 4 -0.0119118
6 2 5 5 0.0541140
6 2 6 0 -0.0000000
6 2 6 1 0.0000000
6 2 6 2 0.1203307
6 2 6 3 -0.0000000
6 2 6 4 -0.0000000
6 2 6 5 -0.0000000
6 2 6 6 0.0510952
6 3 0 0 -0.0000000
6 3 1 0 0.0000000
6 3 1 1 0.0000000
6 3 2 0 -0.0071634
6 3 2 1 -0.0208594
6 3 2 2 -0.0000000
6 3 3 0 0.0000000
6 3 3 1 0.0000000
6 3 3 2 0.0284244
6 3 3 3 -0.0000000
6 3 4 0 0.0000000
6 3 4 1 0.0000000
6 3 4 2 -0.0029094
6 3 4 3 0.0000000
6 3 4 4 0.0000000
6 3 5 0 0.0000000
6 3 5 1 -0.0000000
6 3 5 2 -0.0033931
6 3 5 3 -0.0000000
6 3 5 4 -0.0000000
6 3 5 5 0.0000000
6 3 6 0 -0.0105315
6 3 6 1 -0.0106607
6 3 6 2 -0.0000000
6 3 6 3 0.0325028
6 3 6 4 -0.0158287
6 3 6 5 -0.0041513
6 3 6 6 -0.0000000
6 4 0 0 -0.0000000
6 4 1 0 0.0000000
6 4 1 1 0.0000000
6 4 2 0 0.0067740
6 4 2 1 0.0917681
6 4 2 2 -0.0000000
6 4 3 0 -0.0000000
6 4 3 1 0.0000000
6 4 3 2 -0.0311685
6 4 3 3 -0.0000000
6 4 4 0 -0.0000000
6 4 4 1 0.0000000
6 4 4 2 -0.0889938
6 4 4 3 0.0000000
6 4 4 4 -0.0000000
6 4 5 0 0.0000000
6 4 5 1 -0.0000000
6 4 5 2 -0.0188655
6 4 5 3 -0.0000000
6 4 5 4 -0.0000000
6 4 5 5 -0.0000000
6 4 6 0 0.0098513
6 4 6 1 -0.0469423
6 4 6 2 -0.0000000
6 4 6 3 -0.0158287
6 4 6 4 0.1073501
6 4 6 5 0.0550588
6 4 6 6 0.0000000
6 5 0 0 0.0000000
6 5 1 0 0.0000000
6 5 1 1 0.0000000
6 5 2 0 0.0072029
6 5 2 1 0.0593700
6 5 2 2 -0.0000000
6 5 3 0 0.0000000
6 5 3 1 -0.0000000
6 5 3 2 -0.0123478
6 5 3 3 -0.0000000
6 5 4 0 -0.0000000
6 5 4 1 -0.0000000
6 5 4 2 -0.0475231
6 5 4 3 0.0000000
6 5 4 4 -0.0000000
6 5 5 0 0.0000000
6 5 5 1 0.0000000
6 5 5 2 0.0027414
6 5 5 3 0.0000000
6 5 5 4 -0.0000000
6 5 5 5 -0.0000000
6 5 6 0 0.0100198
6 5 6 1 -0.0181978
6 5 6 2 -0.0000000
6 5 6 3 -0.0041513
6 5 6 4 0.0550588
6 5 6 5 0.0432357
6 5 6 6 0.0000000
6 6 0 0 0.7303562
6 6 1 0 -0.0060641
6 6 1 1 0.4989134
6 6 2 0 0.0000000
6 6 2 1 0.0000000
6 6 2 2 0.5298560
6 6 3 0 0.0043622
6 6 3 1 -0.0227150
6 6 3 2 -0.0000000
6 6 3 3 0.4982045
6 6 4 0 -0.0038324
6 6 4 1 -0.0171357
6 6 4 2 -0.0000000
6 6 4 3 -0.0329239
6 6 4 4 0.4763524
6 6 5 0 -0.0064372
6 6 5 1 0.0641918
6 6 5 2 -0.0000000
6 6 5 3 0.0268441
6 6 5 4 0.0342456
6 6 5 5 0.5069258
6 6 6 0 0.0000000
6 6 6 1 -0.0000000
6 6 6 2 0.0510952
6 6 6 3 -0.0000000
6 6 6 4 0.0000000
6 6 6 5 0.0000000
6 6 6 6 0.5581144
7 0 0 0 0.0850682
7 0 1 0 -0.0038378
7 0 1 1 0.0071555
7 0 2 0 -0.0000000
7 0 2 1 0.0000000
7 0 2 2 0.0006907
7 0 3 0 0.0034893
7 0 3 1 -0.0050679
7 0 3 2 -0.0000000
7 0 3 3 0.0046331
7 0 4 0 -0.0031816
7 0 4 1 0.0033961
7 0 4 2 0.0000000
7 0 4 3 -0.0024311
7 0 4 4 0.0035352
7 0 5 0 -0.0053282
7 0 5 1 0.0044282
7 0 5 2 0.0000000
7 0 5 3 -0.0057462
7 0 5 4 0.0031584
7 0 5 5 0.0045751
7 0 6 0 -0.0000000
7 0 6 1 0.0000000
7 0 6 2 -0.0016604
7 0 6 3 -0.0000000
7 0 6 4 0.0000000
7 0 6 5 0.0000000
7 0 6 6 -0.0006987
7 0 7 0 0.0112606
7 0 7 1 0.0015729
7 0 7 2 0.0000000
7 0 7 3 -0.0026718
7 0 7 4 0.0013883
7 0 7 5 0.0031040
7 0 7 6 0.0000000
7 0 7 7 -0.0059796
7 1 0 0 0.0065171
7 1 1 0 0.0010457
7 1 1 1 0.0014437
7 1 2 0 -0.0000000
7 1 2 1 -0.0000000
7 1 2 2 -0.0056779
7 1 3 0 -0.0030772
7 1 3 1 -0.0074435
7 1 3 2 0.0000000
7 1 3 3 0.0106949
7 1 4 0 0.0013968
7 1 4 1 0.0074730
7 1 4 2 0.0000000
7 1 4 3 -0.0064920
7 1 4 4 -0.0012432
7 1 5 0 -0.0003947
7 1 5 1 0.0025505
7 1 5 2 -0.0000000
7 1 5 3 -0.0051428
7 1 5 4 -0.0013064
7 1 5 5 0.0005216
7 1 6 0 -0.0000000
7 1 6 1 0.0000000
7 1 6 2 0.0022828
7 1 6 3 -0.0000000
7 1 6 4 -0.0000000
7 1 6 5 -0.0000000
7 1 6 6 -0.0046742
7 1 7 0 0.0015729
7 1 7 1 0.0100743
7 1 7 2 0.0000000
7 1 7 3 0.0041263
7 1 7 4 0.0071534
7 1 7 5 0.0002529
7 1 7 6 0.0000000
7 1 7 7 0.0024747
7 2 0 0 -0.0000000
7 2 1 0 -0.0000000
7 2 1 1 -0.0000000
7 2 2 0 -0.0045749
7 2 2 1 -0.0220544
7 2 2 2 0.0000000
7 2 3 0 -0.0000000
7 2 3 1 0.0000000
7 2 3 2 0.0105900
7 2 3 3 -0.0000000
7 2 4 0 0.0000000
7 2 4 1 0.0000000
7 2 4 2 0.0132536
7 2 4 3 -0.0000000
7 2 4 4 0.0000000
7 2 5 0 0.0000000
7 2 5 1 0.0000000
7 2 5 2 -0.0036826
7 2 5 3 -0.0000000
7 2 5 4 0.0000000
7 2 5 5 0.0000000
7 2 6 0 -0.0068388
7 2 6 1 0.0003081
7 2 6 2 0.0000000
7 2 6 3 0.0105788
7 2 6 4 -0.0174254
7 2 6 5 -0.0123412
7 2 6 6 -0.0000000
7 2 7 0 0.0000000
7 2 7 1 0.0000000
7 2 7 2 0.0173035
7 2 7 3 0.0000000
7 2 7 4 -0.0000000
7 2 7 5 -0.0000000
7 2 7 6 0.0157713
7 2 7 7 -0.0000000
7 3 0 0 0.0085664
7 3 1 0 -0.0042712
7 3 1 1 -0.0264924
7 3 2 0 -0.0000000
7 3 2 1 0.0000000
7 3 2 2 -0.0018821
7 3 3 0 -0.0023230
7 3 3 1 -0.0038166
7 3 3 2 -0.0000000
7 3 3 3 0.0104982
7 3 4 0 -0.0004288
7 3 4 1 -0.0084214
7 3 4 2 -0.0000000
7 3 4 3 -0.0157165
7 3 4 4 -0.0158081
7 3 5 0 -0.0081112
7 3 5 1 -0.0029291
7 3 5 2 -0.0000000
7 3 5 3 0.0194888
7 3 5 4 -0.0027105
7 3 5 5 -0.0213377
7 3 6 0 -0.0000000
7 3 6 1 -0.0000000
7 3 6 2 0.0158131
7 3 6 3 -0.0000000
7 3 6 4 -0.0000000
7 3 6 5 -0.0000000
7 3 6 6 0.0057719
7 3 7 0 -0.0026718
7 3 7 1 0.0041263
7 3 7 2 0.0000000
7 3 7 3 0.0266525
7 3 7 4 0.0017487
7 3 7 5 0.0004899
7 3 7 6 0.0000000
7 3 7 7 -0.0047184
7 4 0 0 -0.0071973
7 4 1 0 0.0020240
7 4 1 1 0.0068834
7 4 2 0 0.0000000
7 4 2 1 0.0000000
7 4 2 2 0.0041016
7 4 3 0 -0.0000638
7 4 3 1 -0.0006785
7 4 3 2 -0.0000000
7 4 3 3 -0.0051589
7 4 4 0 0.0006811
7 4 4 1 -0.0010610
7 4 4 2 0.0000000
7 4 4 3 0.0021069
7 4 4 4 0.0042798
7 4 5 0 0.0031580
7 4 5 1 0.0022085
7 4 5 2 0.0000000
7 4 5 3 -0.0045656
7 4 5 4 0.0051560
7 4 5 5 0.0031816
7 4 6 0 0.0000000
7 4 6 1 0.0000000
7 4 6 2 -0.0056407
7 4 6 3 -0.0000000
7 4 6 4 0.0000000
7 4 6 5 0.0000000
7 4 6 6 -0.0002017
7 4 7 0 0.0013883
7 4 7 1 0.0071534
7 4 7 2 -0.0000000
7 4 7 3 0.0017487
7 4 7 4 0.0176298
7 4 7 5 -0.0145151
7 4 7 6 -0.0000000
7 4 7 7 -0.0058986
7 5 0 0 -0.0105492
7 5 1 0 0.0012903
7 5 1 1 -0.0022863
7 5 2 0 0.0000000
7 5 2 1 0.0000000
7 5 2 2 -0.0048609
7 5 3 0 -0.0078488
7 5 3 1 -0.0192836
7 5 3 2 -0.0000000
7 5 3 3 0.0161332
7 5 4 0 0.0030446
7 5 4 1 -0.0002961
7 5 4 2 0.0000000
7 5 4 3 -0.0151027
7 5 4 4 0.0004148
7 5 5 0 -0.0034657
7 5 5 1 -0.0012022
7 5 5 2 0.0000000
7 5 5 3 -0.0059960
7 5 5 4 0.0038549
7 5 5 5 -0.0165694
7 5 6 0 0.0000000
7 5 6 1 0.0000000
7 5 6 2 -0.0031134
7 5 6 3 -0.0000000
7 5 6 4 0.0000000
7 5 6 5 0.0000000
7 5 6 6 -0.0021360
7 5 7 0 0.0031040
7 5 7 1 0.0002529
7 5 7 2 -0.0000000
7 5 7 3 0.0004899
7 5 7 4 -0.0145151
7 5 7 5 0.0327781
7 5 7 6 -0.0000000
7 5 7 7 -0.0185111
7 6 0 0 -0.0000000
7 6 1 0 0.0000000
7 6 1 1 0.0000000
7 6 2 0 -0.0054462
7 6 2 1 -0.0131433
7 6 2 2 0.0000000
7 6 3 0 -0.0000000
7 6 3 1 -0.0000000
7 6 3 2 0.0110571
7 6 3 3 0.0000000
7 6 4 0 0.0000000
7 6 4 1 0.0000000
7 6 4 2 0.0018139
7 6 4 3 -0.0000000
7 6 4 4 0.0000000
7 6 5 0 0.0000000
7 6 5 1 0.0000000
7 6 5 2 -0.0061181
7 6 5 3 -0.0000000
7 6 5 4 0.0000000
7 6 5 5 0.0000000
7 6 6 0 -0.0082068
7 6 6 1 -0.0063020
7 6 6 2 -0.0000000
7 6 6 3 0.0129707
7 6 6 4 -0.0075933
7 6 6 5 -0.0068507
7 6 6 6 -0.0000000
7 6 7 0 0.0000000
7 6 7 1 0.0000000
7 6 7 2 0.0157713
7 6 7 3 0.0000000
7 6 7 4 -0.0000000
7 6 7 5 -0.0000000
7 6 7 6 0.0208032
7 6 7 7 -0.0000000
7 7 0 0 0.5615200
7 7 1 0 -0.0068040
7 7 1 1 0.4314796
7 7 2 0 -0.0000000
7 7 2 1 0.0000000
7 7 2 2 0.4005773
7 7 3 0 0.0084123
7 7 3 1 0.0397351
7 7 3 2 0.0000000
7 7 3 3 0.4259308
7 7 4 0 -0.0050438
7 7 4 1 0.0518751
7 7 4 2 -0.0000000
7 7 4 3 0.0224170
7 7 4 4 0.4113348
7 7 5 0 -0.0046094
7 7 5 1 0.0149600
7 7 5 2 -0.0000000
7 7 5 3 -0.0068288
7 7 5 4 -0.0482330
7 7 5 5 0.4820320
7 7 6 0 -0.0000000
7 7 6 1 0.0000000
7 7 6 2 0.0460546
7 7 6 3 0.0000000
7 7 6 4 -0.0000000
7 7 6 5 -0.0000000
7 7 6 6 0.4149206
7 7 7 0 -0.0059796
7 7 7 1 0.0024747
7 7 7 2 -0.0000000
7 7 7 3 -0.0047184
7 7 7 4 -0.0058986
7 7 7 5 -0.0185111
7 7 7 6 -0.0000000
7 7 7 7 0.5146546
8 0 0 0 -0.0000000
8 0 1 0 0.0000000
8 0 1 1 0.0000000
8 0 2 0 0.0002351
8 0 2 1 0.0003080
8 0 2 2 -0.0000000
8 0 3 0 0.0000000
8 0 3 1 -0.0000000
8 0 3 2 -0.0001701
8 0 3 3 -0.0000000
8 0 4 0 -0.0000000
8 0 4 1 -0.0000000
8 0 4 2 0.0000907
8 0 4 3 0.0000000
8 0 4 4 -0.0000000
8 0 5 0 -0.0000000
8 0 5 1 -0.0000000
8 0 5 2 0.0002837
8 0 5 3 0.0000000
8 0 5 4 -0.0000000
8 0 5 5 -0.0000000
8 0 6 0 0.0003489
8 0 6 1 0.0002639
8 0 6 2 0.0000000
8 0 6 3 -0.0001965
8 0 6 4 0.0000420
8 0 6 5 0.0002121
8 0 6 6 0.0000000
8 0 7 0 0.0000000
8 0 7 1 -0.0000000
8 0 7 2 -0.0001246
8 0 7 3 -0.0000000
8 0 7 4 0.0000000
8 0 7 5 0.0000000
8 0 7 6 -0.0001610
8 0 7 7 -0.0000000
8 0 8 0 0.0000107
8 0 8 1 -0.0000431
8 0 8 2 0.0000000
8 0 8 3 -0.0000907
8 0 8 4 -0.0000872
8 0 8 5 0.0002127
8 0 8 6 -0.0000000
8 0 8 7 0.0000305
8 0 8 8 -0.0000000
8 1 0 0 0.0000000
8 1 1 0 0.0000000
8 1 1 1 0.0000000
8 1 2 0 0.0020240
8 1 2 1 0.0344730
8 1 2 2 -0.0000000
8 1 3 0 0.0000000
8 1 3 1 -0.0000000
8 1 3 2 -0.0066869
8 1 3 3 0.0000000
8 1 4 0 -0.0000000
8 1 4 1 0.0000000
8 1 4 2 -0.0309100
8 1 4 3 0.0000000
8 1 4 4 -0.0000000
8 1 5 0 -0.0000000
8 1 5 1 0.0000000
8 1 5 2 -0.0020336
8 1 5 3 0.0000000
8 1 5 4 -0.0000000
8 1 5 5 -0.0000000
8 1 6 0 0.0027429
8 1 6 1 -0.0161711
8 1 6 2 -0.0000000
8 1 6 3 -0.0024936
8 1 6 4 0.0347538
8 1 6 5 0.0198568
8 1 6 6 0.0000000
8 1 7 0 0.0000000
8 1 7 1 -0.0000000
8 1 7 2 -0.0067799
8 1 7 3 0.0000000
8 1 7 4 0.0000000
8 1 7 5 0.0000000
8 1 7 6 -0.0013355
8 1 7 7 -0.0000000
8 1 8 0 -0.0000431
8 1 8 1 0.0260240
8 1 8 2 -0.0000000
8 1 8 3 0.0139895
8 1 8 4 0.0054230
8 1 8 5 -0.0255149
8 1 8 6 -0.0000000
8 1 8 7 0.0004486
8 1 8 8 -0.0000000
8 2 0 0 0.0339917
8 2 1 0 0.0001625
8 2 1 1 0.0187841
8 2 2 0 -0.0000000
8 2 2 1 -0.0000000
8 2 2 2 0.0297043
8 2 3 0 0.0002960
8 2 3 1 -0.0121566
8 2 3 2 0.0000000
8 2 3 3 0.0145836
8 2 4 0 -0.0000245
8 2 4 1 -0.0186140
8 2 4 2 0.0000000
8 2 4 3 -0.0137793
8 2 4 4 0.0112737
8 2 5 0 0.0003642
8 2 5 1 0.0184298
8 2 5 2 0.0000000
8 2 5 3 0.0144857
8 2 5 4 0.0236360
8 2 5 5 0.0052565
8 2 6 0 -0.0000000
8 2 6 1 -0.0000000
8 2 6 2 0.0023751
8 2 6 3 -0.0000000
8 2 6 4 -0.0000000
8 2 6 5 0.0000000
8 2 6 6 0.0300089
8 2 7 0 0.0000088
8 2 7 1 -0.0028099
8 2 7 2 0.0000000
8 2 7 3 0.0031586
8 2 7 4 0.0014518
8 2 7 5 0.0012541
8 2 7 6 0.0000000
8 2 7 7 -0.0211102
8 2 8 0 0.0000000
8 2 8 1 -0.0000000
8 2 8 2 0.0217571
8 2 8 3 -0.0000000
8 2 8 4 0.0000000
8 2 8 5 0.0000000
8 2 8 6 -0.0163639
8 2 8 7 0.0000000
8 2 8 8 -0.0599878
8 3 0 0 0.0000000
8 3 1 0 0.0000000
8 3 1 1 0.0000000
8 3 2 0 0.0003452
8 3 2 1 0.0087499
8 3 2 2 -0.0000000
8 3 3 0 0.0000000
8 3 3 1 0.0000000
8 3 3 2 -0.0002240
8 3 3 3 0.0000000
8 3 4 0 -0.0000000
8 3 4 1 0.0000000
8 3 4 2 -0.0093754
8 3 4 3 0.0000000
8 3 4 4 -0.0000000
8 3 5 0 -0.0000000
8 3 5 1 0.0000000
8 3 5 2 0.0004701
8 3 5 3 -0.0000000
8 3 5 4 -0.0000000
8 3 5 5 -0.0000000
8 3 6 0 0.0004387
8 3 6 1 -0.0050339
8 3 6 2 -0.0000000
8 3 6 3 0.0008934
8 3 6 4 0.0099632
8 3 6 5 0.0049824
8 3 6 6 0.0000000
8 3 7 0 -0.0000000
8 3 7 1 -0.0000000
8 3 7 2 -0.0017052
8 3 7 3 -0.0000000
8 3 7 4 0.0000000
8 3 7 5 -0.0000000
8 3 7 6 -0.0001111
8 3 7 7 0.0000000
8 3 8 0 -0.0000907
8 3 8 1 0.0139895
8 3 8 2 -0.0000000
8 3 8 3 0.0104020
8 3 8 4 0.0090551
8 3 8 5 -0.0169596
8 3 8 6 0.0000000
8 3 8 7 -0.0010977
8 3 8 8 0.0000000
8 4 0 0 -0.0000000
8 4 1 0 0.0000000
8 4 1 1 -0.0000000
8 4 2 0 -0.0003357
8 4 2 1 -0.0127523
8 4 2 2 0.0000000
8 4 3 0 -0.0000000
8 4 3 1 -0.0000000
8 4 3 2 0.0024504
8 4 3 3 -0.0000000
8 4 4 0 0.0000000
8 4 4 1 -0.0000000
8 4 4 2 0.0126215
8 4 4 3 -0.0000000
8 4 4 4 0.0000000
8 4 5 0 0.0000000
8 4 5 1 -0.0000000
8 4 5 2 0.0065348
8 4 5 3 0.0000000
8 4 5 4 0.0000000
8 4 5 5 -0.0000000
8 4 6 0 -0.0005815
8 4 6 1 0.0090436
8 4 6 2 -0.0000000
8 4 6 3 0.0014240
8 4 6 4 -0.0141666
8 4 6 5 -0.0097806
8 4 6 6 -0.0000000
8 4 7 0 0.0000000
8 4 7 1 -0.0000000
8 4 7 2 0.0017252
8 4 7 3 0.0000000
8 4 7 4 -0.0000000
8 4 7 5 0.0000000
8 4 7 6 0.0010203
8 4 7 7 -0.0000000
8 4 8 0 -0.0000872
8 4 8 1 0.0054230
8 4 8 2 0.0000000
8 4 8 3 0.0090551
8 4 8 4 0.0170564
8 4 8 5 -0.0118272
8 4 8 6 0.0000000
8 4 8 7 0.0012033
8 4 8 8 -0.0000000
8 5 0 0 -0.0000000
8 5 1 0 -0.0000000
8 5 1 1 -0.0000000
8 5 2 0 -0.0004068
8 5 2 1 -0.0205832
8 5 2 2 0.0000000
8 5 3 0 -0.0000000
8 5 3 1 -0.0000000
8 5 3 2 0.0042983
8 5 3 3 -0.0000000
8 5 4 0 0.0000000
8 5 4 1 -0.0000000
8 5 4 2 0.0254516
8 5 4 3 -0.0000000
8 5 4 4 0.0000000
8 5 5 0 0.0000000
8 5 5 1 -0.0000000
8 5 5 2 0.0048972
8 5 5 3 0.0000000
8 5 5 4 0.0000000
8 5 5 5 0.0000000
8 5 6 0 -0.0005905
8 5 6 1 0.0156872
8 5 6 2 0.0000000
8 5 6 3 0.0000354
8 5 6 4 -0.0284382
8 5 6 5 -0.0126425
8 5 6 6 -0.0000000
8 5 7 0 0.0000000
8 5 7 1 -0.0000000
8 5 7 2 0.0039504
8 5 7 3 0.0000000
8 5 7 4 0.0000000
8 5 7 5 0.0000000
8 5 7 6 -0.0012576
8 5 7 7 -0.0000000
8 5 8 0 0.0002127
8 5 8 1 -0.0255149
8 5 8 2 0.0000000
8 5 8 3 -0.0169596
8 5 8 4 -0.0118272
8 5 8 5 0.0322830
8 5 8 6 -0.0000000
8 5 8 7 -0.0007972
8 5 8 8 -0.0000000
8 6 0 0 0.0007459
8 6 1 0 -0.0002050
8 6 1 1 -0.0054800
8 6 2 0 -0.0000000
8 6 2 1 -0.0000000
8 6 2 2 -0.0131038
8 6 3 0 0.0003259
8 6 3 1 0.0082194
8 6 3 2 0.0000000
8 6 3 3 0.0024448
8 6 4 0 -0.0002516
8 6 4 1 0.0192919
8 6 4 2 0.0000000
8 6 4 3 0.0073705
8 6 4 4 -0.0076534
8 6 5 0 -0.0000926
8 6 5 1 -0.0041568
8 6 5 2 0.0000000
8 6 5 3 -0.0075629
8 6 5 4 -0.0200264
8 6 5 5 0.0078091
8 6 6 0 -0.0000000
8 6 6 1 0.0000000
8 6 6 2 0.0104968
8 6 6 3 0.0000000
8 6 6 4 -0.0000000
8 6 6 5 -0.0000000
8 6 6 6 -0.0155051
8 6 7 0 -0.0001240
8 6 7 1 0.0024314
8 6 7 2 0.0000000
8 6 7 3 -0.0015357
8 6 7 4 -0.0005401
8 6 7 5 -0.0032637
8 6 7 6 -0.0000000
8 6 7 7 0.0245526
8 6 8 0 -0.0000000
8 6 8 1 -0.0000000
8 6 8 2 -0.0163639
8 6 8 3 0.0000000
8 6 8 4 0.0000000
8 6 8 5 -0.0000000
8 6 8 6 0.0147569
8 6 8 7 0.0000000
8 6 8 8 0.0422243
8 7 0 0 0.0000000
8 7 1 0 -0.0000000
8 7 1 1 -0.0000000
8 7 2 0 -0.0002601
8 7 2 1 -0.0032348
8 7 2 2 0.0000000
8 7 3 0 -0.0000000
8 7 3 1 0.0000000
8 7 3 2 0.0013300
8 7 3 3 0.0000000
8 7 4 0 0.0000000
8 7 4 1 -0.0000000
8 7 4 2 0.0021040
8 7 4 3 -0.0000000
8 7 4 4 0.0000000
8 7 5 0 0.0000000
8 7 5 1 -0.0000000
8 7 5 2 0.0008760
8 7 5 3 -0.0000000
8 7 5 4 0.0000000
8 7 5 5 0.0000000
8 7 6 0 -0.0003331
8 7 6 1 0.0020999
8 7 6 2 0.0000000
8 7 6 3 0.0003757
8 7 6 4 -0.0025295
8 7 6 5 -0.0025583
8 7 6 6 -0.0000000
8 7 7 0 -0.0000000
8 7 7 1 -0.0000000
8 7 7 2 -0.0037250
8 7 7 3 0.0000000
8 7 7 4 -0.0000000
8 7 7 5 -0.0000000
8 7 7 6 0.0039017
8 7 7 7 -0.0000000
8 7 8 0 0.0000305
8 7 8 1 0.0004486
8 7 8 2 0.0000000
8 7 8 3 -0.0010977
8 7 8 4 0.0012033
8 7 8 5 -0.0007972
8 7 8 6 0.0000000
8 7 8 7 0.0210483
8 7 8 8 -0.0000000
8 8 0 0 0.3245178
8 8 1 0 0.0028989
8 8 1 1 0.4373257
8 8 2 0 -0.0000000
8 8 2 1 -0.0000000
8 8 2 2 0.3560474
8 8 3 0 0.0040066
8 8 3 1 0.0787861
8 8 3 2 0.0000000
8 8 3 3 0.3385766
8 8 4 0 -0.0006895
8 8 4 1 0.0584058
8 8 4 2 0.0000000
8 8 4 3 0.0895896
8 8 4 4 0.4463612
8 8 5 0 0.0069226
8 8 5 1 -0.0658153
8 8 5 2 0.0000000
8 8 5 3 -0.0779808
8 8 5 4 -0.0732020
8 8 5 5 0.4626290
8 8 6 0 0.0000000
8 8 6 1 0.0000000
8 8 6 2 -0.0511185
8 8 6 3 0.0000000
8 8 6 4 0.0000000
8 8 6 5 -0.0000000
8 8 6 6 0.3510765
8 8 7 0 0.0014087
8 8 7 1 0.0030705
8 8 7 2 -0.0000000
8 8 7 3 -0.0298905
8 8 7 4 0.0006830
8 8 7 5 -0.0116764
8 8 7 6 -0.0000000
8 8 7 7 0.4670424
8 8 8 0 -0.0000000
8 8 8 1 -0.0000000
8 8 8 2 -0.0599878
8 8 8 3 0.0000000
8 8 8 4 -0.0000000
8 8 8 5 -0.0000000
8 8 8 6 0.0422243
8 8 8 7 -0.0000000
8 8 8 8 0.6728328
9 0 0 0 0.0028048
9 0 1 0 -0.0001021
9 0 1 1 0.0003674
9 0 2 0 -0.0000000
9 0 2 1 0.0000000
9 0 2 2 0.0003641
9 0 3 0 0.0001167
9 0 3 1 -0.0002001
9 0 3 2 -0.0000000
9 0 3 3 0.0004934
9 0 4 0 -0.0000831
9 0 4 1 0.0000261
9 0 4 2 -0.0000000
9 0 4 3 -0.0002686
9 0 4 4 0.0000918
9 0 5 0 -0.0001033
9 0 5 1 0.0004470
9 0 5 2 -0.0000000
9 0 5 3 0.0001624
9 0 5 4 0.0002175
9 0 5 5 0.0004203
9 0 6 0 -0.0000000
9 0 6 1 0.0000000
9 0 6 2 0.0002997
9 0 6 3 -0.0000000
9 0 6 4 -0.0000000
9 0 6 5 0.0000000
9 0 6 6 0.0004318
9 0 7 0 0.0001227
9 0 7 1 0.0000082
9 0 7 2 0.0000000
9 0 7 3 0.0000022
9 0 7 4 0.0000096
9 0 7 5 0.0000348
9 0 7 6 0.0000000
9 0 7 7 -0.0000328
9 0 8 0 -0.0000000
9 0 8 1 0.0000000
9 0 8 2 0.0001457
9 0 8 3 -0.0000000
9 0 8 4 0.0000000
9 0 8 5 0.0000000
9 0 8 6 -0.0000802
9 0 8 7 -0.0000000
9 0 8 8 -0.0004261
9 0 9 0 0.0000059
9 0 9 1 -0.0000154
9 0 9 2 -0.0000000
9 0 9 3 -0.0000778
9 0 9 4 -0.0001621
9 0 9 5 0.0001109
9 0 9 6 -0.0000000
9 0 9 7 0.0000186
9 0 9 8 -0.0000000
9 0 9 9 -0.0027336
9 1 0 0 0.0047608
9 1 1 0 0.0000915
9 1 1 1 0.0028032
9 1 2 0 0.0000000
9 1 2 1 -0.0000000
9 1 2 2 0.0040780
9 1 3 0 -0.0000159
9 1 3 1 -0.0022762
9 1 3 2 -0.0000000
9 1 3 3 0.0019425
9 1 4 0 0.0000315
9 1 4 1 -0.0028455
9 1 4 2 -0.0000000
9 1 4 3 -0.0026807
9 1 4 4 0.0005510
9 1 5 0 0.0001192
9 1 5 1 0.0031251
9 1 5 2 0.0000000
9 1 5 3 0.0021338
9 1 5 4 0.0041009
9 1 5 5 0.0006813
9 1 6 0 0.0000000
9 1 6 1 -0.0000000
9 1 6 2 -0.0000196
9 1 6 3 -0.0000000
9 1 6 4 -0.0000000
9 1 6 5 0.0000000
9 1 6 6 0.0041368
9 1 7 0 0.0000771
9 1 7 1 -0.0003714
9 1 7 2 0.0000000
9 1 7 3 -0.0001507
9 1 7 4 -0.0001912
9 1 7 5 0.0006744
9 1 7 6 0.0000000
9 1 7 7 -0.0009746
9 1 8 0 0.0000000
9 1 8 1 0.0000000
9 1 8 2 0.0018215
9 1 8 3 0.0000000
9 1 8 4 0.0000000
9 1 8 5 0.0000000
9 1 8 6 -0.0014518
9 1 8 7 0.0000000
9 1 8 8 -0.0031024
9 1 9 0 -0.0000154
9 1 9 1 0.0028454
9 1 9 2 0.0000000
9 1 9 3 0.0030448
9 1 9 4 0.0050155
9 1 9 5 -0.0051272
9 1 9 6 0.0000000
9 1 9 7 0.0007296
9 1 9 8 -0.0000000
9 1 9 9 0.0166744
9 2 0 0 -0.0000000
9 2 1 0 0.0000000
9 2 1 1 -0.0000000
9 2 2 0 0.0001388
9 2 2 1 0.0022025
9 2 2 2 -0.0000000
9 2 3 0 0.0000000
9 2 3 1 0.0000000
9 2 3 2 -0.0006393
9 2 3 3 -0.0000000
9 2 4 0 -0.0000000
9 2 4 1 0.0000000
9 2 4 2 -0.0023140
9 2 4 3 0.0000000
9 2 4 4 -0.0000000
9 2 5 0 -0.0000000
9 2 5 1 -0.0000000
9 2 5 2 0.0000445
9 2 5 3 -0.0000000
9 2 5 4 -0.0000000
9 2 5 5 -0.0000000
9 2 6 0 0.0001840
9 2 6 1 -0.0009855
9 2 6 2 -0.0000000
9 2 6 3 -0.0000354
9 2 6 4 0.0025247
9 2 6 5 0.0011338
9 2 6 6 0.0000000
9 2 7 0 0.0000000
9 2 7 1 0.0000000
9 2 7 2 -0.0003689
9 2 7 3 -0.0000000
9 2 7 4 0.0000000
9 2 7 5 -0.0000000
9 2 7 6 -0.0000203
9 2 7 7 0.0000000
9 2 8 0 -0.0000025
9 2 8 1 0.0018340
9 2 8 2 -0.0000000
9 2 8 3 0.0012256
9 2 8 4 0.0011386
9 2 8 5 -0.0021041
9 2 8 6 0.0000000
9 2 8 7 -0.0000253
9 2 8 8 0.0000000
9 2 9 0 -0.0000000
9 2 9 1 0.0000000
9 2 9 2 0.0014217
9 2 9 3 0.0000000
9 2 9 4 0.0000000
9 2 9 5 -0.0000000
9 2 9 6 -0.0012577
9 2 9 7 -0.0000000
9 2 9 8 -0.0042604
9 2 9 9 0.0000000
9 3 0 0 0.0000892
9 3 1 0 -0.0000551
9 3 1 1 -0.0005218
9 3 2 0 -0.0000000
9 3 2 1 -0.0000000
9 3 2 2 0.0005227
9 3 3 0 0.0000465
9 3 3 1 -0.0004029
9 3 3 2 -0.0000000
9 3 3 3 -0.0005491
9 3 4 0 -0.0000368
9 3 4 1 -0.0012188
9 3 4 2 0.0000000
9 3 4 3 -0.0007763
9 3 4 4 -0.0008712
9 3 5 0 -0.0000426
9 3 5 1 0.0003007
9 3 5 2 0.0000000
9 3 5 3 0.0007865
9 3 5 4 0.0009401
9 3 5 5 -0.0004393
9 3 6 0 -0.0000000
9 3 6 1 -0.0000000
9 3 6 2 -0.0003504
9 3 6 3 -0.0000000
9 3 6 4 -0.0000000
9 3 6 5 0.0000000
9 3 6 6 0.0005966
9 3 7 0 -0.0000506
9 3 7 1 0.0000528
9 3 7 2 0.0000000
9 3 7 3 0.0000302
9 3 7 4 0.0000292
9 3 7 5 -0.0002374
9 3 7 6 -0.0000000
9 3 7 7 0.0020198
9 3 8 0 0.0000000
9 3 8 1 -0.0000000
9 3 8 2 -0.0006299
9 3 8 3 -0.0000000
9 3 8 4 -0.0000000
9 3 8 5 0.0000000
9 3 8 6 0.0004578
9 3 8 7 0.0000000
9 3 8 8 0.0026564
9 3 9 0 -0.0000778
9 3 9 1 0.0030448
9 3 9 2 0.0000000
9 3 9 3 0.0046005
9 3 9 4 0.0081749
9 3 9 5 -0.0070645
9 3 9 6 0.0000000
9 3 9 7 -0.0005656
9 3 9 8 0.0000000
9 3 9 9 0.0663461
9 4 0 0 -0.0011558
9 4 1 0 0.0000128
9 4 1 1 -0.0014616
9 4 2 0 0.0000000
9 4 2 1 0.0000000
9 4 2 2 -0.0011640
9 4 3 0 -0.0000655
9 4 3 1 -0.0002651
9 4 3 2 -0.0000000
9 4 3 3 -0.0007646
9 4 4 0 0.0000036
9 4 4 1 0.0005134
9 4 4 2 -0.0000000
9 4 4 3 -0.0001956
9 4 4 4 -0.0018143
9 4 5 0 -0.0000097
9 4 5 1 -0.0003498
9 4 5 2 -0.0000000
9 4 5 3 -0.0005831
9 4 5 4 -0.0010088
9 4 5 5 -0.0001216
9 4 6 0 0.0000000
9 4 6 1 -0.0000000
9 4 6 2 0.0000467
9 4 6 3 -0.0000000
9 4 6 4 0.0000000
9 4 6 5 0.0000000
9 4 6 6 -0.0014380
9 4 7 0 0.0000475
9 4 7 1 0.0003687
9 4 7 2 -0.0000000
9 4 7 3 -0.0008268
9 4 7 4 -0.0004157
9 4 7 5 0.0000240
9 4 7 6 -0.0000000
9 4 7 7 0.0056850
9 4 8 0 -0.0000000
9 4 8 1 0.0000000
9 4 8 2 -0.0029547
9 4 8 3 0.0000000
9 4 8 4 -0.0000000
9 4 8 5 -0.0000000
9 4 8 6 0.0024483
9 4 8 7 -0.0000000
9 4 8 8 0.0082924
9 4 9 0 -0.0001621
9 4 9 1 0.0050155
9 4 9 2 0.0000000
9 4 9 3 0.0081749
9 4 9 4 0.0153643
9 4 9 5 -0.0126211
9 4 9 6 0.0000000
9 4 9 7 0.0004709
9 4 9 8 -0.0000000
9 4 9 9 0.1493960
9 5 0 0 0.0031040
9 5 1 0 0.0000941
9 5 1 1 0.0028433
9 5 2 0 0.0000000
9 5 2 1 0.0000000
9 5 2 2 0.0000356
9 5 3 0 0.0001163
9 5 3 1 0.0016600
9 5 3 2 0.0000000
9 5 3 3 0.0027137
9 5 4 0 -0.0000029
9 5 4 1 0.0034259
9 5 4 2 -0.0000000
9 5 4 3 0.0017065
9 5 4 4 0.0023503
9 5 5 0 0.0001845
9 5 5 1 0.0003724
9 5 5 2 -0.0000000
9 5 5 3 -0.0010318
9 5 5 4 -0.0025350
9 5 5 5 0.0035520
9 5 6 0 0.0000000
9 5 6 1 0.0000000
9 5 6 2 0.0017688
9 5 6 3 0.0000000
9 5 6 4 0.0000000
9 5 6 5 -0.0000000
9 5 6 6 -0.0002588
9 5 7 0 0.0000404
9 5 7 1 0.0002254
9 5 7 2 -0.0000000
9 5 7 3 0.0003482
9 5 7 4 0.0004590
9 5 7 5 -0.0004713
9 5 7 6 0.0000000
9 5 7 7 -0.0008711
9 5 8 0 -0.0000000
9 5 8 1 0.0000000
9 5 8 2 0.0007653
9 5 8 3 0.0000000
9 5 8 4 0.0000000
9 5 8 5 -0.0000000
9 5 8 6 -0.0002364
9 5 8 7 -0.0000000
9 5 8 8 -0.0030957
9 5 9 0 0.0001109
9 5 9 1 -0.0051272
9 5 9 2 -0.0000000
9 5 9 3 -0.0070645
9 5 9 4 -0.0126211
9 5 9 5 0.0113844
9 5 9 6 -0.0000000
9 5 9 7 -0.0008967
9 5 9 8 -0.0000000
9 5 9 9 -0.0933385
9 6 0 0 -0.0000000
9 6 1 0 0.0000000
9 6 1 1 -0.0000000
9 6 2 0 -0.0000646
9 6 2 1 -0.0020795
9 6 2 2 0.0000000
9 6 3 0 -0.0000000
9 6 3 1 0.0000000
9 6 3 2 0.0005661
9 6 3 3 0.0000000
9 6 4 0 0.0000000
9 6 4 1 0.0000000
9 6 4 2 0.0025608
9 6 4 3 0.0000000
9 6 4 4 0.0000000
9 6 5 0 0.0000000
9 6 5 1 -0.0000000
9 6 5 2 0.0003850
9 6 5 3 -0.0000000
9 6 5 4 -0.0000000
9 6 5 5 0.0000000
9 6 6 0 -0.0000907
9 6 6 1 0.0014178
9 6 6 2 0.0000000
9 6 6 3 -0.0000006
9 6 6 4 -0.0028435
9 6 6 5 -0.0012050
9 6 6 6 -0.0000000
9 6 7 0 0.0000000
9 6 7 1 0.0000000
9 6 7 2 0.0004165
9 6 7 3 -0.0000000
9 6 7 4 -0.0000000
9 6 7 5 -0.0000000
9 6 7 6 0.0000432
9 6 7 7 0.0000000
9 6 8 0 0.0000113
9 6 8 1 -0.0018969
9 6 8 2 -0.0000000
9 6 8 3 -0.0012496
9 6 8 4 -0.0009650
9 6 8 5 0.0023468
9 6 8 6 0.0000000
9 6 8 7 0.0001142
9 6 8 8 0.0000000
9 6 9 0 -0.0000000
9 6 9 1 0.0000000
9 6 9 2 -0.0012577
9 6 9 3 0.0000000
9 6 9 4 0.0000000
9 6 9 5 -0.0000000
9 6 9 6 0.0011355
9 6 9 7 0.0000000
9 6 9 8 0.0036454
9 6 9 9 0.0000000
9 7 0 0 0.0009786
9 7 1 0 -0.0000863
9 7 1 1 -0.0008749
9 7 2 0 -0.0000000
9 7 2 1 0.0000000
9 7 2 2 -0.0002559
9 7 3 0 0.0000330
9 7 3 1 0.0002302
9 7 3 2 0.0000000
9 7 3 3 0.0003540
9 7 4 0 -0.0000420
9 7 4 1 0.0001746
9 7 4 2 -0.0000000
9 7 4 3 0.0000968
9 7 4 4 -0.0003823
9 7 5 0 -0.0000835
9 7 5 1 0.0003441
9 7 5 2 -0.0000000
9 7 5 3 0.0001386
9 7 5 4 -0.0004267
9 7 5 5 -0.0001028
9 7 6 0 -0.0000000
9 7 6 1 0.0000000
9 7 6 2 0.0007375
9 7 6 3 0.0000000
9 7 6 4 -0.0000000
9 7 6 5 -0.0000000
9 7 6 6 -0.0002404
9 7 7 0 -0.0000535
9 7 7 1 -0.0009348
9 7 7 2 -0.0000000
9 7 7 3 -0.0008311
9 7 7 4 -0.0018662
9 7 7 5 0.0013653
9 7 7 6 -0.0000000
9 7 7 7 0.0001771
9 7 8 0 -0.0000000
9 7 8 1 -0.0000000
9 7 8 2 -0.0002653
9 7 8 3 0.0000000
9 7 8 4 -0.0000000
9 7 8 5 -0.0000000
9 7 8 6 0.0003845
9 7 8 7 -0.0000000
9 7 8 8 -0.0000619
9 7 9 0 0.0000186
9 7 9 1 0.0007296
9 7 9 2 -0.0000000
9 7 9 3 -0.0005656
9 7 9 4 0.0004709
9 7 9 5 -0.0008967
9 7 9 6 0.0000000
9 7 9 7 0.0091562
9 7 9 8 0.0000000
9 7 9 9 0.0149403
9 8 0 0 -0.0000000
9 8 1 0 0.0000000
9 8 1 1 0.0000000
9 8 2 0 0.0001039
9 8 2 1 0.0033068
9 8 2 2 -0.0000000
9 8 3 0 0.0000000
9 8 3 1 -0.0000000
9 8 3 2 -0.0000070
9 8 3 3 -0.0000000
9 8 4 0 -0.0000000
9 8 4 1 0.0000000
9 8 4 2 -0.0020128
9 8 4 3 0.0000000
9 8 4 4 -0.0000000
9 8 5 0 -0.0000000
9 8 5 1 0.0000000
9 8 5 2 -0.0016720
9 8 5 3 0.0000000
9 8 5 4 -0.0000000
9 8 5 5 -0.0000000
9 8 6 0 0.0001577
9 8 6 1 -0.0023757
9 8 6 2 -0.0000000
9 8 6 3 -0.0007026
9 8 6 4 0.0026235
9 8 6 5 0.0028159
9 8 6 6 0.0000000
9 8 7 0 0.0000000
9 8 7 1 -0.0000000
9 8 7 2 -0.0004571
9 8 7 3 -0.0000000
9 8 7 4 0.0000000
9 8 7 5 0.0000000
9 8 7 6 -0.0000716
9 8 7 7 0.0000000
9 8 8 0 -0.0000159
9 8 8 1 -0.0001755
9 8 8 2 -0.0000000
9 8 8 3 -0.0014453
9 8 8 4 -0.0042894
9 8 8 5 0.0012445
9 8 8 6 -0.0000000
9 8 8 7 -0.0004312
9 8 8 8 0.0000000
9 8 9 0 -0.0000000
9 8 9 1 -0.0000000
9 8 9 2 -0.0042604
9 8 9 3 0.0000000
9 8 9 4 -0.0000000
9 8 9 5 -0.0000000
9 8 9 6 0.0036454
9 8 9 7 0.0000000
9 8 9 8 0.0145315
9 8 9 9 0.0000000
9 9 0 0 0.3431387
9 9 1 0 0.0035412
9 9 1 1 0.4993980
9 9 2 0 -0.0000000
9 9 2 1 0.0000000
9 9 2 2 0.3737868
9 9 3 0 0.0046749
9 9 3 1 0.1264749
9 9 3 2 0.0000000
9 9 3 3 0.3978320
9 9 4 0 -0.0012141
9 9 4 1 0.1341868
9 9 4 2 0.0000000
9 9 4 3 0.1624295
9 9 4 4 0.5590618
9 9 5 0 0.0085070
9 9 5 1 -0.1169203
9 9 5 2 0.0000000
9 9 5 3 -0.1421602
9 9 5 4 -0.1797621
9 9 5 5 0.5809930
9 9 6 0 0.0000000
9 9 6 1 0.0000000
9 9 6 2 -0.0548242
9 9 6 3 0.0000000
9 9 6 4 0.0000000
9 9 6 5 -0.0000000
9 9 6 6 0.3617828
9 9 7 0 0.0020424
9 9 7 1 0.0110445
9 9 7 2 -0.0000000
9 9 7 3 -0.0460494
9 9 7 4 -0.0055721
9 9 7 5 -0.0171958
9 9 7 6 -0.0000000
9 9 7 7 0.6182421
9 9 8 0 -0.0000000
9 9 8 1 -0.0000000
9 9 8 2 -0.1096792
9 9 8 3 0.0000000
9 9 8 4 -0.0000000
9 9 8 5 -0.0000000
9 9 8 6 0.0887446
9 9 8 7 -0.0000000
9 9 8 8 0.8416888
9 9 9 0 -0.0027336
9 9 9 1 0.0166744
9 9 9 2 0.0000000
9 9 9 3 0.0663461
9 9 9 4 0.1493960
9 9 9 5 -0.0933385
9 9 9 6 0.0000000
9 9 9 7 0.0149403
9 9 9 8 0.0000000
9 9 9 9 3.4993865
10 0 0 0 -0.0250970
10 0 1 0 0.0010168
10 0 1 1 -0.0027303
10 0 2 0 0.0000000
10 0 2 1 -0.0000000
10 0 2 2 -0.0012575
10 0 3 0 -0.0009711
10 0 3 1 0.0016171
10 0 3 2 0.0000000
10 0 3 3 -0.0025122
10 0 4 0 0.0008442
10 0 4 1 -0.0009087
10 0 4 2 0.0000000
10 0 4 3 0.0011986
10 0 4 4 -0.0012228
10 0 5 0 0.0013446
10 0 5 1 -0.0021442
10 0 5 2 0.0000000
10 0 5 3 0.0008901
10 0 5 4 -0.0011528
10 0 5 5 -0.0023218
10 0 6 0 0.0000000
10 0 6 1 -0.0000000
10 0 6 2 -0.0004622
10 0 6 3 0.0000000
10 0 6 4 -0.0000000
10 0 6 5 -0.0000000
10 0 6 6 -0.0011060
10 0 7 0 -0.0027171
10 0 7 1 -0.0004162
10 0 7 2 -0.0000000
10 0 7 3 0.0005311
10 0 7 4 -0.0004382
10 0 7 5 -0.0007158
10 0 7 6 -0.0000000
10 0 7 7 0.0012118
10 0 8 0 0.0000000
10 0 8 1 -0.0000000
10 0 8 2 -0.0003542
10 0 8 3 0.0000000
10 0 8 4 -0.0000000
10 0 8 5 -0.0000000
10 0 8 6 0.0001892
10 0 8 7 0.0000000
10 0 8 8 0.0006595
10 0 9 0 -0.0000359
10 0 9 1 -0.0000598
10 0 9 2 0.0000000
10 0 9 3 0.0000140
10 0 9 4 0.0000140
10 0 9 5 -0.0000244
10 0 9 6 0.0000000
10 0 9 7 0.0000115
10 0 9 8 -0.0000000
10 0 9 9 0.0008089
10 0 10 0 0.0006751
10 0 10 1 0.0005237
10 0 10 2 -0.0000000
10 0 10 3 -0.0000871
10 0 10 4 0.0001826
10 0 10 5 0.0000586
10 0 10 6 0.0000000
10 0 10 7 0.0000159
10 0 10 8 0.0000000
10 0 10 9 0.0000063
10 0 10 10 0.0010842
10 1 0 0 -0.0330488
10 1 1 0 -0.0010145
10 1 1 1 -0.0327281
10 1 2 0 0.0000000
10 1 2 1 0.0000000
10 1 2 2 -0.0250075
10 1 3 0 0.0006346
10 1 3 1 0.0053611
10 1 3 2 -0.0000000
10 1 3 3 -0.0253962
10 1 4 0 -0.0005064
10 1 4 1 0.0002310
10 1 4 2 -0.0000000
10 1 4 3 0.0035353
10 1 4 4 -0.0256239
10 1 5 0 -0.0010181
10 1 5 1 -0.0115074
10 1 5 2 0.0000000
10 1 5 3 -0.0007787
10 1 5 4 -0.0081727
10 1 5 5 -0.0223386
10 1 6 0 -0.0000000
10 1 6 1 -0.0000000
10 1 6 2 -0.0004698
10 1 6 3 0.0000000
10 1 6 4 -0.0000000
10 1 6 5 -0.0000000
10 1 6 6 -0.0251763
10 1 7 0 -0.0009457
10 1 7 1 0.0009160
10 1 7 2 -0.0000000
10 1 7 3 0.0007750
10 1 7 4 -0.0002100
10 1 7 5 -0.0050794
10 1 7 6 -0.0000000
10 1 7 7 0.0023106
10 1 8 0 -0.0000000
10 1 8 1 -0.0000000
10 1 8 2 -0.0115430
10 1 8 3 0.0000000
10 1 8 4 -0.0000000
10 1 8 5 -0.0000000
10 1 8 6 0.0091216
10 1 8 7 0.0000000
10 1 8 8 0.0115146
10 1 9 0 -0.0001151
10 1 9 1 -0.0010330
10 1 9 2 0.0000000
10 1 9 3 0.0012758
10 1 9 4 0.0036327
10 1 9 5 -0.0020065
10 1 9 6 0.0000000
10 1 9 7 0.0003157
10 1 9 8 -0.0000000
10 1 9 9 0.0403874
10 1 10 0 0.0005237
10 1 10 1 0.0211358
10 1 10 2 -0.0000000
10 1 10 3 0.0109760
10 1 10 4 0.0110851
10 1 10 5 -0.0196080
10 1 10 6 0.0000000
10 1 10 7 0.0017921
10 1 10 8 -0.0000000
10 1 10 9 0.0001868
10 1 10 10 0.0530171
10 2 0 0 0.0000000
10 2 1 0 0.0000000
10 2 1 1 0.0000000
10 2 2 0 0.0006350
10 2 2 1 -0.0002752
10 2 2 2 0.0000000
10 2 3 0 0.0000000
10 2 3 1 -0.0000000
10 2 3 2 -0.0007130
10 2 3 3 0.0000000
10 2 4 0 -0.0000000
10 2 4 1 -0.0000000
10 2 4 2 0.0009127
10 2 4 3 -0.0000000
10 2 4 4 0.0000000
10 2 5 0 -0.0000000
10 2 5 1 0.0000000
10 2 5 2 0.0015186
10 2 5 3 0.0000000
10 2 5 4 0.0000000
10 2 5 5 -0.0000000
10 2 6 0 0.0009702
10 2 6 1 0.0017658
10 2 6 2 0.0000000
10 2 6 3 -0.0016353
10 2 6 4 -0.0007866
10 2 6 5 -0.0003232
10 2 6 6 0.0000000
10 2 7 0 -0.0000000
10 2 7 1 -0.0000000
10 2 7 2 -0.0032151
10 2 7 3 0.0000000
10 2 7 4 0.0000000
10 2 7 5 0.0000000
10 2 7 6 -0.0032054
10 2 7 7 -0.0000000
10 2 8 0 -0.0000883
10 2 8 1 0.0001743
10 2 8 2 0.0000000
10 2 8 3 0.0021683
10 2 8 4 0.0043473
10 2 8 5 -0.0037038
10 2 8 6 0.0000000
10 2 8 7 0.0006942
10 2 8 8 -0.0000000
10 2 9 0 0.0000000
10 2 9 1 0.0000000
10 2 9 2 0.0004745
10 2 9 3 0.0000000
10 2 9 4 0.0000000
10 2 9 5 -0.0000000
10 2 9 6 -0.0005600
10 2 9 7 -0.0000000
10 2 9 8 -0.0009360
10 2 9 9 -0.0000000
10 2 10 0 -0.0000000
10 2 10 1 -0.0000000
10 2 10 2 0.0071176
10 2 10 3 -0.0000000
10 2 10 4 0.0000000
10 2 10 5 0.0000000
10 2 10 6 -0.0042581
10 2 10 7 -0.0000000
10 2 10 8 -0.0232813
10 2 10 9 -0.0000000
10 2 10 10 -0.0000000
10 3 0 0 -0.0105574
10 3 1 0 0.0006949
10 3 1 1 -0.0103434
10 3 2 0 0.0000000
10 3 2 1 0.0000000
10 3 2 2 -0.0089981
10 3 3 0 0.0002054
10 3 3 1 -0.0031707
10 3 3 2 -0.0000000
10 3 3 3 -0.0117693
10 3 4 0 0.0001542
10 3 4 1 -0.0015317
10 3 4 2 0.0000000
10 3 4 3 -0.0022661
10 3 4 4 -0.0135682
10 3 5 0 0.0012353
10 3 5 1 0.0015912
10 3 5 2 0.0000000
10 3 5 3 -0.0009676
10 3 5 4 0.0035561
10 3 5 5 -0.0092926
10 3 6 0 0.0000000
10 3 6 1 -0.0000000
10 3 6 2 -0.0013617
10 3 6 3 -0.0000000
10 3 6 4 -0.0000000
10 3 6 5 0.0000000
10 3 6 6 -0.0107241
10 3 7 0 0.0004702
10 3 7 1 0.0017594
10 3 7 2 0.0000000
10 3 7 3 -0.0023967
10 3 7 4 0.0049420
10 3 7 5 -0.0046516
10 3 7 6 0.0000000
10 3 7 7 -0.0068660
10 3 8 0 0.0000000
10 3 8 1 -0.0000000
10 3 8 2 -0.0030496
10 3 8 3 0.0000000
10 3 8 4 -0.0000000
10 3 8 5 -0.0000000
10 3 8 6 0.0027915
10 3 8 7 -0.0000000
10 3 8 8 -0.0041103
10 3 9 0 -0.0000319
10 3 9 1 0.0001023
10 3 9 2 0.0000000
10 3 9 3 0.0011260
10 3 9 4 0.0026180
10 3 9 5 -0.0017685
10 3 9 6 0.0000000
10 3 9 7 -0.0001611
10 3 9 8 0.0000000
10 3 9 9 0.0090990
10 3 10 0 -0.0000871
10 3 10 1 0.0109760
10 3 10 2 -0.0000000
10 3 10 3 0.0102769
10 3 10 4 0.0096365
10 3 10 5 -0.0135651
10 3 10 6 0.0000000
10 3 10 7 -0.0094615
10 3 10 8 0.0000000
10 3 10 9 -0.0011641
10 3 10 10 0.0181599
10 4 0 0 -0.0130090
10 4 1 0 -0.0009737
10 4 1 1 -0.0226204
10 4 2 0 -0.0000000
10 4 2 1 -0.0000000
10 4 2 2 -0.0090220
10 4 3 0 -0.0000964
10 4 3 1 -0.0054135
10 4 3 2 0.0000000
10 4 3 3 -0.0152003
10 4 4 0 -0.0002018
10 4 4 1 -0.0120661
10 4 4 2 0.0000000
10 4 4 3 -0.0083754
10 4 4 4 -0.0199370
10 4 5 0 -0.0014979
10 4 5 1 -0.0006558
10 4 5 2 0.0000000
10 4 5 3 0.0080756
10 4 5 4 0.0084987
10 4 5 5 -0.0220310
10 4 6 0 -0.0000000
10 4 6 1 -0.0000000
10 4 6 2 -0.0011754
10 4 6 3 -0.0000000
10 4 6 4 -0.0000000
10 4 6 5 -0.0000000
10 4 6 6 -0.0067746
10 4 7 0 -0.0007618
10 4 7 1 0.0007749
10 4 7 2 0.0000000
10 4 7 3 0.0057911
10 4 7 4 0.0034745
10 4 7 5 -0.0028081
10 4 7 6 0.0000000
10 4 7 7 -0.0176712
10 4 8 0 -0.0000000
10 4 8 1 -0.0000000
10 4 8 2 0.0013397
10 4 8 3 -0.0000000
10 4 8 4 0.0000000
10 4 8 5 0.0000000
10 4 8 6 -0.0014777
10 4 8 7 0.0000000
10 4 8 8 -0.0225162
10 4 9 0 -0.0000357
10 4 9 1 0.0008205
10 4 9 2 0.0000000
10 4 9 3 0.0017140
10 4 9 4 0.0030211
10 4 9 5 -0.0028698
10 4 9 6 0.0000000
10 4 9 7 -0.0002295
10 4 9 8 -0.0000000
10 4 9 9 -0.0163470
10 4 10 0 0.0001826
10 4 10 1 0.0110851
10 4 10 2 0.0000000
10 4 10 3 0.0096365
10 4 10 4 0.0136508
10 4 10 5 -0.0144549
10 4 10 6 0.0000000
10 4 10 7 -0.0119950
10 4 10 8 -0.0000000
10 4 10 9 -0.0031027
10 4 10 10 -0.0001053
10 5 0 0 0.0143766
10 5 1 0 -0.0001742
10 5 1 1 0.0204799
10 5 2 0 -0.0000000
10 5 2 1 -0.0000000
10 5 2 2 0.0171451
10 5 3 0 0.0019287
10 5 3 1 0.0065631
10 5 3 2 0.0000000
10 5 3 3 0.0093405
10 5 4 0 -0.0007171
10 5 4 1 -0.0013921
10 5 4 2 0.0000000
10 5 4 3 0.0075895
10 5 4 4 0.0231854
10 5 5 0 0.0011315
10 5 5 1 0.0003878
10 5 5 2 0.0000000
10 5 5 3 0.0003849
10 5 5 4 0.0008456
10 5 5 5 0.0183241
10 5 6 0 -0.0000000
10 5 6 1 -0.0000000
10 5 6 2 -0.0036194
10 5 6 3 0.0000000
10 5 6 4 0.0000000
10 5 6 5 -0.0000000
10 5 6 6 0.0176635
10 5 7 0 -0.0007313
10 5 7 1 -0.0042308
10 5 7 2 0.0000000
10 5 7 3 -0.0027122
10 5 7 4 -0.0007852
10 5 7 5 -0.0027464
10 5 7 6 0.0000000
10 5 7 7 0.0062752
10 5 8 0 -0.0000000
10 5 8 1 -0.0000000
10 5 8 2 0.0071133
10 5 8 3 -0.0000000
10 5 8 4 0.0000000
10 5 8 5 0.0000000
10 5 8 6 -0.0063876
10 5 8 7 0.0000000
10 5 8 8 0.0064803
10 5 9 0 0.0000648
10 5 9 1 -0.0000032
10 5 9 2 -0.0000000
10 5 9 3 -0.0019336
10 5 9 4 -0.0048421
10 5 9 5 0.0030304
10 5 9 6 -0.0000000
10 5 9 7 -0.0001364
10 5 9 8 -0.0000000
10 5 9 9 -0.0290246
10 5 10 0 0.0000586
10 5 10 1 -0.0196080
10 5 10 2 0.0000000
10 5 10 3 -0.0135651
10 5 10 4 -0.0144549
10 5 10 5 0.0256608
10 5 10 6 -0.0000000
10 5 10 7 0.0027717
10 5 10 8 -0.0000000
10 5 10 9 0.0001560
10 5 10 10 -0.0428559
10 6 0 0 -0.0000000
10 6 1 0 -0.0000000
10 6 1 1 -0.0000000
10 6 2 0 0.0012918
10 6 2 1 0.0085774
10 6 2 2 -0.0000000
10 6 3 0 0.0000000
10 6 3 1 -0.0000000
10 6 3 2 -0.0035866
10 6 3 3 -0.0000000
10 6 4 0 -0.0000000
10 6 4 1 -0.0000000
10 6 4 2 -0.0065282
10 6 4 3 -0.0000000
10 6 4 4 -0.0000000
10 6 5 0 -0.0000000
10 6 5 1 0.0000000
10 6 5 2 -0.0009004
10 6 5 3 0.0000000
10 6 5 4 0.0000000
10 6 5 5 -0.0000000
10 6 6 0 0.0019789
10 6 6 1 -0.0027734
10 6 6 2 -0.0000000
10 6 6 3 -0.0029908
10 6 6 4 0.0087502
10 6 6 5 0.0055325
10 6 6 6 0.0000000
10 6 7 0 -0.0000000
10 6 7 1 -0.0000000
10 6 7 2 -0.0043448
10 6 7 3 0.0000000
10 6 7 4 0.0000000
10 6 7 5 -0.0000000
10 6 7 6 -0.0047582
10 6 7 7 -0.0000000
10 6 8 0 0.0000967
10 6 8 1 0.0030953
10 6 8 2 0.0000000
10 6 8 3 -0.0005117
10 6 8 4 -0.0043786
10 6 8 5 0.0002733
10 6 8 6 -0.0000000
10 6 8 7 -0.0013386
10 6 8 8 -0.0000000
10 6 9 0 -0.0000000
10 6 9 1 0.0000000
10 6 9 2 -0.0002926
10 6 9 3 0.0000000
10 6 9 4 0.0000000
10 6 9 5 -0.0000000
10 6 9 6 0.0002612
10 6 9 7 -0.0000000
10 6 9 8 0.0014113
10 6 9 9 -0.0000000
10 6 10 0 0.0000000
10 6 10 1 0.0000000
10 6 10 2 -0.0042581
10 6 10 3 0.0000000
10 6 10 4 0.0000000
10 6 10 5 -0.0000000
10 6 10 6 0.0055551
10 6 10 7 -0.0000000
10 6 10 8 0.0151231
10 6 10 9 -0.0000000
10 6 10 10 -0.0000000
10 7 0 0 -0.0551876
10 7 1 0 0.0026766
10 7 1 1 0.0070800
10 7 2 0 0.0000000
10 7 2 1 -0.0000000
10 7 2 2 -0.0112027
10 7 3 0 -0.0015889
10 7 3 1 0.0051860
10 7 3 2 0.0000000
10 7 3 3 -0.0165495
10 7 4 0 0.0012066
10 7 4 1 0.0039462
10 7 4 2 0.0000000
10 7 4 3 0.0176911
10 7 4 4 0.0136002
10 7 5 0 0.0027682
10 7 5 1 -0.0184191
10 7 5 2 0.0000000
10 7 5 3 -0.0203799
10 7 5 4 -0.0071449
10 7 5 5 -0.0038521
10 7 6 0 0.0000000
10 7 6 1 -0.0000000
10 7 6 2 -0.0228943
10 7 6 3 0.0000000
10 7 6 4 0.0000000
10 7 6 5 0.0000000
10 7 6 6 -0.0154980
10 7 7 0 0.0023881
10 7 7 1 -0.0027413
10 7 7 2 -0.0000000
10 7 7 3 -0.0163449
10 7 7 4 -0.0180993
10 7 7 5 0.0173688
10 7 7 6 -0.0000000
10 7 7 7 -0.0054842
10 7 8 0 0.0000000
10 7 8 1 -0.0000000
10 7 8 2 -0.0057259
10 7 8 3 -0.0000000
10 7 8 4 0.0000000
10 7 8 5 0.0000000
10 7 8 6 0.0005517
10 7 8 7 0.0000000
10 7 8 8 0.0340599
10 7 9 0 -0.0000872
10 7 9 1 -0.0000672
10 7 9 2 0.0000000
10 7 9 3 0.0001274
10 7 9 4 0.0011980
10 7 9 5 -0.0009538
10 7 9 6 0.0000000
10 7 9 7 0.0002962
10 7 9 8 0.0000000
10 7 9 9 0.0632169
10 7 10 0 0.0000159
10 7 10 1 0.0017921
10 7 10 2 -0.0000000
10 7 10 3 -0.0094615
10 7 10 4 -0.0119950
10 7 10 5 0.0027717
10 7 10 6 -0.0000000
10 7 10 7 0.0750982
10 7 10 8 0.0000000
10 7 10 9 0.0038249
10 7 10 10 0.0676330
10 8 0 0 0.0000000
10 8 1 0 -0.0000000
10 8 1 1 -0.0000000
10 8 2 0 -0.0010380
10 8 2 1 -0.0261527
10 8 2 2 0.0000000
10 8 3 0 -0.0000000
10 8 3 1 0.0000000
10 8 3 2 0.0046327
10 8 3 3 0.0000000
10 8 4 0 0.0000000
10 8 4 1 -0.0000000
10 8 4 2 0.0270498
10 8 4 3 -0.0000000
10 8 4 4 0.0000000
10 8 5 0 0.0000000
10 8 5 1 -0.0000000
10 8 5 2 0.0043800
10 8 5 3 -0.0000000
10 8 5 4 0.0000000
10 8 5 5 0.0000000
10 8 6 0 -0.0012908
10 8 6 1 0.0176088
10 8 6 2 0.0000000
10 8 6 3 0.0014779
10 8 6 4 -0.0305069
10 8 6 5 -0.0162245
10 8 6 6 -0.0000000
10 8 7 0 -0.0000000
10 8 7 1 0.0000000
10 8 7 2 0.0049252
10 8 7 3 -0.0000000
10 8 7 4 -0.0000000
10 8 7 5 0.0000000
10 8 7 6 -0.0012476
10 8 7 7 0.0000000
10 8 8 0 0.0004837
10 8 8 1 -0.0208727
10 8 8 2 0.0000000
10 8 8 3 -0.0172513
10 8 8 4 -0.0150030
10 8 8 5 0.0348184
10 8 8 6 0.0000000
10 8 8 7 0.0012063
10 8 8 8 0.0000000
10 8 9 0 -0.0000000
10 8 9 1 -0.0000000
10 8 9 2 -0.0026045
10 8 9 3 0.0000000
10 8 9 4 -0.0000000
10 8 9 5 -0.0000000
10 8 9 6 0.0032398
10 8 9 7 0.0000000
10 8 9 8 -0.0000316
10 8 9 9 0.0000000
10 8 10 0 0.0000000
10 8 10 1 -0.0000000
10 8 10 2 -0.0232813
10 8 10 3 0.0000000
10 8 10 4 -0.0000000
10 8 10 5 -0.0000000
10 8 10 6 0.0151231
10 8 10 7 0.0000000
10 8 10 8 0.1090359
10 8 10 9 -0.0000000
10 8 10 10 0.0000000
10 9 0 0 0.0125061
10 9 1 0 0.0002124
10 9 1 1 0.0233726
10 9 2 0 -0.0000000
10 9 2 1 0.0000000
10 9 2 2 0.0137170
10 9 3 0 0.0003648
10 9 3 1 0.0110640
10 9 3 2 0.0000000
10 9 3 3 0.0186735
10 9 4 0 -0.0001395
10 9 4 1 0.0137768
10 9 4 2 0.0000000
10 9 4 3 0.0150941
10 9 4 4 0.0318669
10 9 5 0 0.0006228
10 9 5 1 -0.0096214
10 9 5 2 -0.0000000
10 9 5 3 -0.0124622
10 9 5 4 -0.0190894
10 9 5 5 0.0329332
10 9 6 0 0.0000000
10 9 6 1 0.0000000
10 9 6 2 -0.0027600
10 9 6 3 0.0000000
10 9 6 4 0.0000000
10 9 6 5 -0.0000000
10 9 6 6 0.0123498
10 9 7 0 0.0001054
10 9 7 1 0.0010962
10 9 7 2 -0.0000000
10 9 7 3 -0.0030599
10 9 7 4 -0.0005154
10 9 7 5 -0.0017480
10 9 7 6 -0.0000000
10 9 7 7 0.0335518
10 9 8 0 -0.0000000
10 9 8 1 -0.0000000
10 9 8 2 -0.0097006
10 9 8 3 0.0000000
10 9 8 4 -0.0000000
10 9 8 5 -0.0000000
10 9 8 6 0.0087849
10 9 8 7 -0.0000000
10 9 8 8 0.0496115
10 9 9 0 -0.0002714
10 9 9 1 0.0041756
10 9 9 2 0.0000000
10 9 9 3 0.0086512
10 9 9 4 0.0180394
10 9 9 5 -0.0131475
10 9 9 6 0.0000000
10 9 9 7 0.0036630
10 9 9 8 0.0000000
10 9 9 9 0.3648282
10 9 10 0 0.0000063
10 9 10 1 0.0001868
10 9 10 2 -0.0000000
10 9 10 3 -0.0011641
10 9 10 4 -0.0031027
10 9 10 5 0.0001560
10 9 10 6 -0.0000000
10 9 10 7 0.0038249
10 9 10 8 -0.0000000
10 9 10 9 0.0530068
10 9 10 10 0.0389062
10 10 0 0 0.2902847
10 10 1 0 0.0021303
10 10 1 1 0.3817962
10 10 2 0 -0.0000000
10 10 2 1 -0.0000000
10 10 2 2 0.3100642
10 10 3 0 0.0028054
10 10 3 1 0.0650042
10 10 3 2 0.0000000
10 10 3 3 0.3055464
10 10 4 0 -0.0005782
10 10 4 1 0.0583493
10 10 4 2 0.0000000
10 10 4 3 0.0772264
10 10 4 4 0.3875409
10 10 5 0 0.0047061
10 10 5 1 -0.0643512
10 10 5 2 0.0000000
10 10 5 3 -0.0739986
10 10 5 4 -0.0735599
10 10 5 5 0.4118141
10 10 6 0 0.0000000
10 10 6 1 0.0000000
10 10 6 2 -0.0398205
10 10 6 3 0.0000000
10 10 6 4 0.0000000
10 10 6 5 -0.0000000
10 10 6 6 0.3055572
10 10 7 0 0.0014383
10 10 7 1 0.0031652
10 10 7 2 -0.0000000
10 10 7 3 -0.0367090
10 10 7 4 -0.0145530
10 10 7 5 -0.0000713
10 10 7 6 -0.0000000
10 10 7 7 0.4644440
10 10 8 0 -0.0000000
10 10 8 1 -0.0000000
10 10 8 2 -0.0664331
10 10 8 3 0.0000000
10 10 8 4 -0.0000000
10 10 8 5 -0.0000000
10 10 8 6 0.0488898
10 10 8 7 -0.0000000
10 10 8 8 0.6110813
10 10 9 0 -0.0005266
10 10 9 1 -0.0037933
10 10 9 2 0.0000000
10 10 9 3 0.0051496
10 10 9 4 0.0160189
10 10 9 5 -0.0073071
10 10 9 6 0.0000000
10 10 9 7 0.0004448
10 10 9 8 0.0000000
10 10 9 9 0.8412170
10 10 10 0 0.0010842
10 10 10 1 0.0530171
10 10 10 2 -0.0000000
10 10 10 3 0.0181599
10 10 10 4 -0.0001053
10 10 10 5 -0.0428559
10 10 10 6 -0.0000000
10 10 10 7 0.0676330
10 10 10 8 0.0000000
10 10 10 9 0.0389062
10 10 10 10 0.7072844
11 0 0 0 -0.0814076
11 0 1 0 0.0035085
11 0 1 1 -0.0073120
11 0 2 0 0.0000000
11 0 2 1 -0.0000000
11 0 2 2 -0.0007995
11 0 3 0 -0.0030338
11 0 3 1 0.0053932
11 0 3 2 0.0000000
11 0 3 3 -0.0048469
11 0 4 0 0.0028977
11 0 4 1 -0.0033516
11 0 4 2 -0.0000000
11 0 4 3 0.0027025
11 0 4 4 -0.0035052
11 0 5 0 0.0050782
11 0 5 1 -0.0045775
11 0 5 2 -0.0000000
11 0 5 3 0.0057861
11 0 5 4 -0.0033640
11 0 5 5 -0.0042722
11 0 6 0 0.0000000
11 0 6 1 -0.0000000
11 0 6 2 0.0016560
11 0 6 3 0.0000000
11 0 6 4 -0.0000000
11 0 6 5 -0.0000000
11 0 6 6 0.0006826
11 0 7 0 -0.0111469
11 0 7 1 -0.0016963
11 0 7 2 -0.0000000
11 0 7 3 0.0025649
11 0 7 4 -0.0015372
11 0 7 5 -0.0032690
11 0 7 6 -0.0000000
11 0 7 7 0.0064523
11 0 8 0 -0.0000000
11 0 8 1 -0.0000000
11 0 8 2 -0.0001559
11 0 8 3 0.0000000
11 0 8 4 -0.0000000
11 0 8 5 -0.0000000
11 0 8 6 0.0002285
11 0 8 7 0.0000000
11 0 8 8 -0.0008652
11 0 9 0 -0.0001215
11 0 9 1 -0.0000955
11 0 9 2 0.0000000
11 0 9 3 0.0000623
11 0 9 4 -0.0000179
11 0 9 5 -0.0000556
11 0 9 6 -0.0000000
11 0 9 7 0.0000476
11 0 9 8 -0.0000000
11 0 9 9 -0.0008095
11 0 10 0 0.0026935
11 0 10 1 0.0011164
11 0 10 2 0.0000000
11 0 10 3 -0.0004999
11 0 10 4 0.0007183
11 0 10 5 0.0007577
11 0 10 6 0.0000000
11 0 10 7 -0.0020187
11 0 10 8 0.0000000
11 0 10 9 0.0000019
11 0 10 10 -0.0005747
11 0 11 0 0.0110499
11 0 11 1 0.0034025
11 0 11 2 0.0000000
11 0 11 3 -0.0020396
11 0 11 4 0.0024067
11 0 11 5 0.0034845
11 0 11 6 0.0000000
11 0 11 7 -0.0071469
11 0 11 8 -0.0000000
11 0 11 9 0.0000720
11 0 11 10 0.0010746
11 0 11 11 0.0067909
11 1 0 0 -0.0096088
11 1 1 0 -0.0021890
11 1 1 1 -0.0106073
11 1 2 0 0.0000000
11 1 2 1 0.0000000
11 1 2 2 0.0011183
11 1 3 0 0.0048815
11 1 3 1 0.0224046
11 1 3 2 -0.0000000
11 1 3 3 -0.0149908
11 1 4 0 -0.0022344
11 1 4 1 -0.0043242
11 1 4 2 -0.0000000
11 1 4 3 0.0139691
11 1 4 4 -0.0009162
11 1 5 0 0.0001829
11 1 5 1 -0.0082642
11 1 5 2 -0.0000000
11 1 5 3 0.0099433
11 1 5 4 -0.0078033
11 1 5 5 0.0035401
11 1 6 0 -0.0000000
11 1 6 1 -0.0000000
11 1 6 2 0.0016517
11 1 6 3 0.0000000
11 1 6 4 -0.0000000
11 1 6 5 -0.0000000
11 1 6 6 -0.0000151
11 1 7 0 -0.0032000
11 1 7 1 -0.0016996
11 1 7 2 -0.0000000
11 1 7 3 0.0074333
11 1 7 4 0.0089909
11 1 7 5 -0.0244658
11 1 7 6 -0.0000000
11 1 7 7 0.0120466
11 1 8 0 0.0000000
11 1 8 1 0.0000000
11 1 8 2 -0.0002878
11 1 8 3 0.0000000
11 1 8 4 -0.0000000
11 1 8 5 -0.0000000
11 1 8 6 0.0017538
11 1 8 7 -0.0000000
11 1 8 8 0.0078984
11 1 9 0 -0.0000548
11 1 9 1 -0.0007612
11 1 9 2 -0.0000000
11 1 9 3 0.0000179
11 1 9 4 -0.0007646
11 1 9 5 0.0006251
11 1 9 6 -0.0000000
11 1 9 7 -0.0003703
11 1 9 8 0.0000000
11 1 9 9 0.0085417
11 1 10 0 0.0008427
11 1 10 1 0.0037762
11 1 10 2 0.0000000
11 1 10 3 -0.0004070
11 1 10 4 0.0010230
11 1 10 5 0.0059220
11 1 10 6 0.0000000
11 1 10 7 -0.0120971
11 1 10 8 0.0000000
11 1 10 9 0.0020096
11 1 10 10 -0.0091606
11 1 11 0 0.0034025
11 1 11 1 0.0278461
11 1 11 2 0.0000000
11 1 11 3 0.0095981
11 1 11 4 0.0145546
11 1 11 5 0.0070264
11 1 11 6 0.0000000
11 1 11 7 -0.0006955
11 1 11 8 0.0000000
11 1 11 9 0.0000127
11 1 11 10 -0.0067508
11 1 11 11 0.0194919
11 2 0 0 0.0000000
11 2 1 0 0.0000000
11 2 1 1 0.0000000
11 2 2 0 0.0042907
11 2 2 1 0.0170472
11 2 2 2 -0.0000000
11 2 3 0 0.0000000
11 2 3 1 -0.0000000
11 2 3 2 -0.0082481
11 2 3 3 0.0000000
11 2 4 0 -0.0000000
11 2 4 1 -0.0000000
11 2 4 2 -0.0090418
11 2 4 3 0.0000000
11 2 4 4 -0.0000000
11 2 5 0 -0.0000000
11 2 5 1 -0.0000000
11 2 5 2 0.0045942
11 2 5 3 0.0000000
11 2 5 4 -0.0000000
11 2 5 5 -0.0000000
11 2 6 0 0.0065033
11 2 6 1 0.0025403
11 2 6 2 -0.0000000
11 2 6 3 -0.0094671
11 2 6 4 0.0117967
11 2 6 5 0.0100432
11 2 6 6 0.0000000
11 2 7 0 -0.0000000
11 2 7 1 -0.0000000
11 2 7 2 -0.0154078
11 2 7 3 0.0000000
11 2 7 4 0.0000000
11 2 7 5 0.0000000
11 2 7 6 -0.0181215
11 2 7 7 0.0000000
11 2 8 0 0.0001309
11 2 8 1 0.0038543
11 2 8 2 -0.0000000
11 2 8 3 0.0010367
11 2 8 4 -0.0026556
11 2 8 5 -0.0001883
11 2 8 6 -0.0000000
11 2 8 7 -0.0037049
11 2 8 8 -0.0000000
11 2 9 0 -0.0000000
11 2 9 1 -0.0000000
11 2 9 2 0.0000459
11 2 9 3 -0.0000000
11 2 9 4 -0.0000000
11 2 9 5 0.0000000
11 2 9 6 -0.0000608
11 2 9 7 -0.0000000
11 2 9 8 0.0005438
11 2 9 9 -0.0000000
11 2 10 0 0.0000000
11 2 10 1 0.0000000
11 2 10 2 0.0019184
11 2 10 3 0.0000000
11 2 10 4 -0.0000000
11 2 10 5 -0.0000000
11 2 10 6 0.0054140
11 2 10 7 -0.0000000
11 2 10 8 0.0038496
11 2 10 9 -0.0000000
11 2 10 10 -0.0000000
11 2 11 0 0.0000000
11 2 11 1 0.0000000
11 2 11 2 0.0188459
11 2 11 3 0.0000000
11 2 11 4 -0.0000000
11 2 11 5 -0.0000000
11 2 11 6 0.0166068
11 2 11 7 -0.0000000
11 2 11 8 -0.0009957
11 2 11 9 -0.0000000
11 2 11 10 -0.0000000
11 2 11 11 0.0000000
11 3 0 0 0.0181385
11 3 1 0 0.0038172
11 3 1 1 0.0343906
11 3 2 0 0.0000000
11 3 2 1 0.0000000
11 3 2 2 0.0135059
11 3 3 0 0.0032269
11 3 3 1 0.0042338
11 3 3 2 -0.0000000
11 3 3 3 0.0038180
11 3 4 0 0.0000698
11 3 4 1 0.0075877
11 3 4 2 0.0000000
11 3 4 3 0.0094238
11 3 4 4 0.0174388
11 3 5 0 0.0081060
11 3 5 1 0.0144970
11 3 5 2 0.0000000
11 3 5 3 -0.0083888
11 3 5 4 0.0078857
11 3 5 5 0.0314617
11 3 6 0 0.0000000
11 3 6 1 0.0000000
11 3 6 2 -0.0060769
11 3 6 3 0.0000000
11 3 6 4 0.0000000
11 3 6 5 0.0000000
11 3 6 6 0.0057151
11 3 7 0 0.0019952
11 3 7 1 0.0037501
11 3 7 2 0.0000000
11 3 7 3 -0.0145211
11 3 7 4 0.0154037
11 3 7 5 -0.0192275
11 3 7 6 0.0000000
11 3 7 7 0.0016093
11 3 8 0 0.0000000
11 3 8 1 0.0000000
11 3 8 2 0.0037148
11 3 8 3 0.0000000
11 3 8 4 0.0000000
11 3 8 5 -0.0000000
11 3 8 6 -0.0014194
11 3 8 7 0.0000000
11 3 8 8 0.0100567
11 3 9 0 0.0000623
11 3 9 1 0.0002080
11 3 9 2 -0.0000000
11 3 9 3 -0.0004317
11 3 9 4 -0.0011474
11 3 9 5 0.0011067
11 3 9 6 -0.0000000
11 3 9 7 -0.0008854
11 3 9 8 0.0000000
11 3 9 9 0.0001531
11 3 10 0 -0.0006376
11 3 10 1 -0.0049005
11 3 10 2 0.0000000
11 3 10 3 0.0034086
11 3 10 4 -0.0029160
11 3 10 5 0.0066377
11 3 10 6 -0.0000000
11 3 10 7 -0.0063083
11 3 10 8 -0.0000000
11 3 10 9 0.0002463
11 3 10 10 -0.0092774
11 3 11 0 -0.0020396
11 3 11 1 0.0095981
11 3 11 2 0.0000000
11 3 11 3 0.0299304
11 3 11 4 0.0022512
11 3 11 5 0.0048231
11 3 11 6 0.0000000
11 3 11 7 0.0066285
11 3 11 8 0.0000000
11 3 11 9 -0.0004704
11 3 11 10 -0.0031199
11 3 11 11 0.0123374
11 4 0 0 0.0084816
11 4 1 0 -0.0025880
11 4 1 1 -0.0082326
11 4 2 0 -0.0000000
11 4 2 1 -0.0000000
11 4 2 2 -0.0021024
11 4 3 0 0.0012054
11 4 3 1 0.0088205
11 4 3 2 0.0000000
11 4 3 3 0.0044008
11 4 4 0 -0.0011304
11 4 4 1 0.0010507
11 4 4 2 0.0000000
11 4 4 3 0.0007964
11 4 4 4 -0.0030966
11 4 5 0 -0.0030946
11 4 5 1 -0.0041054
11 4 5 2 -0.0000000
11 4 5 3 0.0096114
11 4 5 4 -0.0073890
11 4 5 5 0.0012047
11 4 6 0 -0.0000000
11 4 6 1 -0.0000000
11 4 6 2 0.0066506
11 4 6 3 0.0000000
11 4 6 4 -0.0000000
11 4 6 5 -0.0000000
11 4 6 6 0.0021924
11 4 7 0 -0.0024163
11 4 7 1 0.0047332
11 4 7 2 0.0000000
11 4 7 3 0.0146947
11 4 7 4 0.0091841
11 4 7 5 -0.0133431
11 4 7 6 0.0000000
11 4 7 7 0.0120274
11 4 8 0 -0.0000000
11 4 8 1 -0.0000000
11 4 8 2 -0.0009857
11 4 8 3 -0.0000000
11 4 8 4 -0.0000000
11 4 8 5 0.0000000
11 4 8 6 0.0017390
11 4 8 7 -0.0000000
11 4 8 8 0.0005732
11 4 9 0 -0.0000209
11 4 9 1 -0.0007595
11 4 9 2 -0.0000000
11 4 9 3 -0.0002074
11 4 9 4 -0.0009915
11 4 9 5 0.0010517
11 4 9 6 -0.0000000
11 4 9 7 -0.0013209
11 4 9 8 -0.0000000
11 4 9 9 -0.0032383
11 4 10 0 0.0005135
11 4 10 1 0.0003529
11 4 10 2 -0.0000000
11 4 10 3 -0.0003918
11 4 10 4 0.0023757
11 4 10 5 0.0020870
11 4 10 6 -0.0000000
11 4 10 7 -0.0190096
11 4 10 8 0.0000000
11 4 10 9 0.0005759
11 4 10 10 -0.0164425
11 4 11 0 0.0024067
11 4 11 1 0.0145546
11 4 11 2 -0.0000000
11 4 11 3 0.0022512
11 4 11 4 0.0173531
11 4 11 5 -0.0072856
11 4 11 6 -0.0000000
11 4 11 7 -0.0045816
11 4 11 8 -0.0000000
11 4 11 9 -0.0009203
11 4 11 10 -0.0087100
11 4 11 11 0.0192279
11 5 0 0 0.0095373
11 5 1 0 -0.0013254
11 5 1 1 0.0002521
11 5 2 0 -0.0000000
11 5 2 1 -0.0000000
11 5 2 2 0.0048448
11 5 3 0 0.0077746
11 5 3 1 0.0145358
11 5 3 2 0.0000000
11 5 3 3 -0.0175841
11 5 4 0 -0.0030790
11 5 4 1 -0.0048346
11 5 4 2 0.0000000
11 5 4 3 0.0128397
11 5 4 4 -0.0029888
11 5 5 0 0.0033218
11 5 5 1 0.0028239
11 5 5 2 -0.0000000
11 5 5 3 0.0072953
11 5 5 4 0.0009735
11 5 5 5 0.0114087
11 5 6 0 -0.0000000
11 5 6 1 -0.0000000
11 5 6 2 0.0012122
11 5 6 3 0.0000000
11 5 6 4 -0.0000000
11 5 6 5 -0.0000000
11 5 6 6 0.0035954
11 5 7 0 -0.0031531
11 5 7 1 -0.0137717
11 5 7 2 0.0000000
11 5 7 3 -0.0142704
11 5 7 4 -0.0083286
11 5 7 5 -0.0108166
11 5 7 6 -0.0000000
11 5 7 7 0.0098964
11 5 8 0 -0.0000000
11 5 8 1 -0.0000000
11 5 8 2 0.0006319
11 5 8 3 -0.0000000
11 5 8 4 -0.0000000
11 5 8 5 0.0000000
11 5 8 6 0.0002721
11 5 8 7 -0.0000000
11 5 8 8 0.0028524
11 5 9 0 -0.0000209
11 5 9 1 0.0003265
11 5 9 2 -0.0000000
11 5 9 3 0.0004270
11 5 9 4 0.0008992
11 5 9 5 -0.0009507
11 5 9 6 0.0000000
11 5 9 7 0.0013497
11 5 9 8 -0.0000000
11 5 9 9 0.0067383
11 5 10 0 0.0008402
11 5 10 1 0.0056717
11 5 10 2 -0.0000000
11 5 10 3 0.0024166
11 5 10 4 0.0009273
11 5 10 5 0.0017661
11 5 10 6 -0.0000000
11 5 10 7 0.0074176
11 5 10 8 0.0000000
11 5 10 9 -0.0004175
11 5 10 10 0.0183489
11 5 11 0 0.0034845
11 5 11 1 0.0070264
11 5 11 2 -0.0000000
11 5 11 3 0.0048231
11 5 11 4 -0.0072856
11 5 11 5 0.0300144
11 5 11 6 -0.0000000
11 5 11 7 -0.0120118
11 5 11 8 -0.0000000
11 5 11 9 0.0013222
11 5 11 10 0.0063472
11 5 11 11 0.0101641
11 6 0 0 0.0000000
11 6 1 0 -0.0000000
11 6 1 1 -0.0000000
11 6 2 0 0.0056382
11 6 2 1 0.0192147
11 6 2 2 -0.0000000
11 6 3 0 0.0000000
11 6 3 1 0.0000000
11 6 3 2 -0.0117850
11 6 3 3 -0.0000000
11 6 4 0 -0.0000000
11 6 4 1 -0.0000000
11 6 4 2 -0.0079655
11 6 4 3 0.0000000
11 6 4 4 -0.0000000
11 6 5 0 -0.0000000
11 6 5 1 -0.0000000
11 6 5 2 0.0052549
11 6 5 3 0.0000000
11 6 5 4 -0.0000000
11 6 5 5 -0.0000000
11 6 6 0 0.0084455
11 6 6 1 0.0024219
11 6 6 2 0.0000000
11 6 6 3 -0.0126940
11 6 6 4 0.0143382
11 6 6 5 0.0106490
11 6 6 6 0.0000000
11 6 7 0 -0.0000000
11 6 7 1 -0.0000000
11 6 7 2 -0.0185423
11 6 7 3 0.0000000
11 6 7 4 0.0000000
11 6 7 5 -0.0000000
11 6 7 6 -0.0194129
11 6 7 7 0.0000000
11 6 8 0 0.0001400
11 6 8 1 0.0055896
11 6 8 2 -0.0000000
11 6 8 3 0.0018458
11 6 8 4 0.0000221
11 6 8 5 -0.0035961
11 6 8 6 0.0000000
11 6 8 7 0.0019837
11 6 8 8 0.0000000
11 6 9 0 -0.0000000
11 6 9 1 -0.0000000
11 6 9 2 0.0003937
11 6 9 3 -0.0000000
11 6 9 4 -0.0000000
11 6 9 5 0.0000000
11 6 9 6 -0.0004693
11 6 9 7 -0.0000000
11 6 9 8 0.0001391
11 6 9 9 -0.0000000
11 6 10 0 0.0000000
11 6 10 1 0.0000000
11 6 10 2 0.0047524
11 6 10 3 0.0000000
11 6 10 4 -0.0000000
11 6 10 5 -0.0000000
11 6 10 6 0.0041031
11 6 10 7 -0.0000000
11 6 10 8 -0.0084705
11 6 10 9 0.0000000
11 6 10 10 -0.0000000
11 6 11 0 0.0000000
11 6 11 1 0.0000000
11 6 11 2 0.0166068
11 6 11 3 0.0000000
11 6 11 4 -0.0000000
11 6 11 5 -0.0000000
11 6 11 6 0.0221444
11 6 11 7 -0.0000000
11 6 11 8 0.0058138
11 6 11 9 -0.0000000
11 6 11 10 -0.0000000
11 6 11 11 0.0000000
11 7 0 0 -0.2545637
11 7 1 0 0.0094822
11 7 1 1 -0.0131828
11 7 2 0 0.0000000
11 7 2 1 -0.0000000
11 7 2 2 -0.0723393
11 7 3 0 -0.0047326
11 7 3 1 0.0432607
11 7 3 2 0.0000000
11 7 3 3 -0.0948233
11 7 4 0 0.0043329
11 7 4 1 0.0242205
11 7 4 2 0.0000000
11 7 4 3 0.0742993
11 7 4 4 0.0203091
11 7 5 0 0.0108300
11 7 5 1 -0.0825585
11 7 5 2 0.0000000
11 7 5 3 -0.0752337
11 7 5 4 -0.0431210
11 7 5 5 -0.0336001
11 7 6 0 0.0000000
11 7 6 1 -0.0000000
11 7 6 2 -0.0858232
11 7 6 3 0.0000000
11 7 6 4 0.0000000
11 7 6 5 -0.0000000
11 7 6 6 -0.0937557
11 7 7 0 0.0073492
11 7 7 1 0.0060124
11 7 7 2 0.0000000
11 7 7 3 -0.0264199
11 7 7 4 0.0105093
11 7 7 5 0.0002260
11 7 7 6 0.0000000
11 7 7 7 0.0050326
11 7 8 0 0.0000000
11 7 8 1 -0.0000000
11 7 8 2 -0.0374155
11 7 8 3 0.0000000
11 7 8 4 -0.0000000
11 7 8 5 -0.0000000
11 7 8 6 0.0204417
11 7 8 7 -0.0000000
11 7 8 8 0.1510897
11 7 9 0 -0.0004471
11 7 9 1 -0.0034701
11 7 9 2 0.0000000
11 7 9 3 0.0011099
11 7 9 4 0.0051797
11 7 9 5 -0.0017224
11 7 9 6 0.0000000
11 7 9 7 -0.0011144
11 7 9 8 0.0000000
11 7 9 9 0.2608285
11 7 10 0 -0.0005054
11 7 10 1 0.0161831
11 7 10 2 -0.0000000
11 7 10 3 0.0062738
11 7 10 4 -0.0086922
11 7 10 5 -0.0075047
11 7 10 6 -0.0000000
11 7 10 7 0.0287846
11 7 10 8 0.0000000
11 7 10 9 0.0193252
11 7 10 10 0.1626474
11 7 11 0 -0.0071469
11 7 11 1 -0.0006955
11 7 11 2 -0.0000000
11 7 11 3 0.0066285
11 7 11 4 -0.0045816
11 7 11 5 -0.0120118
11 7 11 6 -0.0000000
11 7 11 7 0.2035809
11 7 11 8 -0.0000000
11 7 11 9 -0.0030651
11 7 11 10 -0.0593324
11 7 11 11 -0.0251516
11 8 0 0 -0.0000000
11 8 1 0 0.0000000
11 8 1 1 0.0000000
11 8 2 0 0.0005166
11 8 2 1 0.0074661
11 8 2 2 -0.0000000
11 8 3 0 0.0000000
11 8 3 1 -0.0000000
11 8 3 2 -0.0004035
11 8 3 3 -0.0000000
11 8 4 0 -0.0000000
11 8 4 1 -0.0000000
11 8 4 2 -0.0077495
11 8 4 3 0.0000000
11 8 4 4 -0.0000000
11 8 5 0 -0.0000000
11 8 5 1 0.0000000
11 8 5 2 0.0004892
11 8 5 3 0.0000000
11 8 5 4 -0.0000000
11 8 5 5 -0.0000000
11 8 6 0 0.0007650
11 8 6 1 -0.0027484
11 8 6 2 -0.0000000
11 8 6 3 -0.0006334
11 8 6 4 0.0081354
11 8 6 5 0.0042033
11 8 6 6 0.0000000
11 8 7 0 0.0000000
11 8 7 1 -0.0000000
11 8 7 2 -0.0067719
11 8 7 3 0.0000000
11 8 7 4 0.0000000
11 8 7 5 0.0000000
11 8 7 6 0.0014905
11 8 7 7 -0.0000000
11 8 8 0 -0.0000800
11 8 8 1 0.0074392
11 8 8 2 -0.0000000
11 8 8 3 0.0042506
11 8 8 4 0.0045186
11 8 8 5 -0.0103213
11 8 8 6 -0.0000000
11 8 8 7 0.0181299
11 8 8 8 -0.0000000
11 8 9 0 0.0000000
11 8 9 1 0.0000000
11 8 9 2 0.0006614
11 8 9 3 -0.0000000
11 8 9 4 0.0000000
11 8 9 5 0.0000000
11 8 9 6 -0.0007271
11 8 9 7 -0.0000000
11 8 9 8 -0.0001755
11 8 9 9 -0.0000000
11 8 10 0 -0.0000000
11 8 10 1 0.0000000
11 8 10 2 0.0065017
11 8 10 3 -0.0000000
11 8 10 4 0.0000000
11 8 10 5 0.0000000
11 8 10 6 -0.0040438
11 8 10 7 0.0000000
11 8 10 8 -0.0253045
11 8 10 9 0.0000000
11 8 10 10 -0.0000000
11 8 11 0 -0.0000000
11 8 11 1 0.0000000
11 8 11 2 -0.0009957
11 8 11 3 0.0000000
11 8 11 4 -0.0000000
11 8 11 5 -0.0000000
11 8 11 6 0.0058138
11 8 11 7 -0.0000000
11 8 11 8 0.0229395
11 8 11 9 -0.0000000
11 8 11 10 0.0000000
11 8 11 11 -0.0000000
11 9 0 0 -0.0046724
11 9 1 0 -0.0000708
11 9 1 1 -0.0061931
11 9 2 0 0.0000000
11 9 2 1 -0.0000000
11 9 2 2 -0.0038425
11 9 3 0 0.0000035
11 9 3 1 -0.0011335
11 9 3 2 -0.0000000
11 9 3 3 -0.0049569
11 9 4 0 -0.0000066
11 9 4 1 -0.0026266
11 9 4 2 -0.0000000
11 9 4 3 -0.0020322
11 9 4 4 -0.0068932
11 9 5 0 -0.0000845
11 9 5 1 0.0012398
11 9 5 2 0.0000000
11 9 5 3 0.0022236
11 9 5 4 0.0029741
11 9 5 5 -0.0072257
11 9 6 0 -0.0000000
11 9 6 1 -0.0000000
11 9 6 2 0.0003859
11 9 6 3 -0.0000000
11 9 6 4 -0.0000000
11 9 6 5 0.0000000
11 9 6 6 -0.0037738
11 9 7 0 -0.0000922
11 9 7 1 -0.0009585
11 9 7 2 -0.0000000
11 9 7 3 -0.0001263
11 9 7 4 -0.0010815
11 9 7 5 0.0008444
11 9 7 6 -0.0000000
11 9 7 7 -0.0065729
11 9 8 0 0.0000000
11 9 8 1 0.0000000
11 9 8 2 0.0013261
11 9 8 3 -0.0000000
11 9 8 4 0.0000000
11 9 8 5 0.0000000
11 9 8 6 -0.0011808
11 9 8 7 -0.0000000
11 9 8 8 -0.0085153
11 9 9 0 0.0000582
11 9 9 1 -0.0002492
11 9 9 2 -0.0000000
11 9 9 3 -0.0020084
11 9 9 4 -0.0028344
11 9 9 5 0.0016675
11 9 9 6 -0.0000000
11 9 9 7 0.0066747
11 9 9 8 -0.0000000
11 9 9 9 -0.0538241
11 9 10 0 0.0000287
11 9 10 1 0.0006921
11 9 10 2 0.0000000
11 9 10 3 0.0003390
11 9 10 4 0.0006203
11 9 10 5 -0.0003303
11 9 10 6 0.0000000
11 9 10 7 -0.0007309
11 9 10 8 0.0000000
11 9 10 9 -0.0071200
11 9 10 10 -0.0059736
11 9 11 0 0.0000720
11 9 11 1 0.0000127
11 9 11 2 -0.0000000
11 9 11 3 -0.0004704
11 9 11 4 -0.0009203
11 9 11 5 0.0013222
11 9 11 6 -0.0000000
11 9 11 7 -0.0030651
11 9 11 8 -0.0000000
11 9 11 9 0.0067783
11 9 11 10 -0.0001083
11 9 11 11 -0.0052262
11 10 0 0 0.0747343
11 10 1 0 -0.0015260
11 10 1 1 0.0238498
11 10 2 0 -0.0000000
11 10 2 1 0.0000000
11 10 2 2 0.0291673
11 10 3 0 0.0008161
11 10 3 1 -0.0129641
11 10 3 2 0.0000000
11 10 3 3 0.0369161
11 10 4 0 -0.0007977
11 10 4 1 -0.0033937
11 10 4 2 -0.0000000
11 10 4 3 -0.0157856
11 10 4 4 0.0128155
11 10 5 0 -0.0018242
11 10 5 1 0.0241500
11 10 5 2 -0.0000000
11 10 5 3 0.0152772
11 10 5 4 0.0117299
11 10 5 5 0.0214818
11 10 6 0 -0.0000000
11 10 6 1 0.0000000
11 10 6 2 0.0198060
11 10 6 3 -0.0000000
11 10 6 4 -0.0000000
11 10 6 5 0.0000000
11 10 6 6 0.0340844
11 10 7 0 -0.0009577
11 10 7 1 -0.0038488
11 10 7 2 -0.0000000
11 10 7 3 -0.0009075
11 10 7 4 -0.0146716
11 10 7 5 0.0109172
11 10 7 6 -0.0000000
11 10 7 7 0.0022261
11 10 8 0 -0.0000000
11 10 8 1 0.0000000
11 10 8 2 0.0154168
11 10 8 3 -0.0000000
11 10 8 4 0.0000000
11 10 8 5 0.0000000
11 10 8 6 -0.0106893
11 10 8 7 0.0000000
11 10 8 8 -0.0426908
11 10 9 0 0.0001563
11 10 9 1 0.0015824
11 10 9 2 -0.0000000
11 10 9 3 -0.0008743
11 10 9 4 -0.0026578
11 10 9 5 0.0011154
11 10 9 6 -0.0000000
11 10 9 7 0.0002473
11 10 9 8 -0.0000000
11 10 9 9 -0.0655088
11 10 10 0 0.0000064
11 10 10 1 -0.0153003
11 10 10 2 0.0000000
11 10 10 3 -0.0145856
11 10 10 4 -0.0117760
11 10 10 5 0.0154161
11 10 10 6 -0.0000000
11 10 10 7 0.0364451
11 10 10 8 0.0000000
11 10 10 9 -0.0031837
11 10 10 10 -0.0421696
11 10 11 0 0.0010746
11 10 11 1 -0.0067508
11 10 11 2 -0.0000000
11 10 11 3 -0.0031199
11 10 11 4 -0.0087100
11 10 11 5 0.0063472
11 10 11 6 -0.0000000
11 10 11 7 -0.0593324
11 10 11 8 0.0000000
11 10 11 9 -0.0001083
11 10 11 10 0.0530158
11 10 11 11 -0.0051727
11 11 0 0 0.5901216
11 11 1 0 -0.0067759
11 11 1 1 0.4405163
11 11 2 0 -0.0000000
11 11 2 1 0.0000000
11 11 2 2 0.4137673
11 11 3 0 0.0096674
11 11 3 1 0.0364587
11 11 3 2 0.0000000
11 11 3 3 0.4368780
11 11 4 0 -0.0053654
11 11 4 1 0.0476008
11 11 4 2 -0.0000000
11 11 4 3 0.0125048
11 11 4 4 0.4073832
11 11 5 0 -0.0037182
11 11 5 1 0.0338104
11 11 5 2 -0.0000000
11 11 5 3 0.0068857
11 11 5 4 -0.0358937
11 11 5 5 0.4896187
11 11 6 0 -0.0000000
11 11 6 1 0.0000000
11 11 6 2 0.0566900
11 11 6 3 0.0000000
11 11 6 4 -0.0000000
11 11 6 5 -0.0000000
11 11 6 6 0.4271505
11 11 7 0 -0.0065615
11 11 7 1 0.0023325
11 11 7 2 -0.0000000
11 11 7 3 0.0004866
11 11 7 4 0.0036430
11 11 7 5 -0.0287487
11 11 7 6 -0.0000000
11 11 7 7 0.5013992
11 11 8 0 -0.0000000
11 11 8 1 -0.0000000
11 11 8 2 -0.0111973
11 11 8 3 0.0000000
11 11 8 4 -0.0000000
11 11 8 5 -0.0000000
11 11 8 6 0.0192803
11 11 8 7 -0.0000000
11 11 8 8 0.4338916
11 11 9 0 0.0000681
11 11 9 1 -0.0000820
11 11 9 2 0.0000000
11 11 9 3 0.0016781
11 11 9 4 0.0039460
11 11 9 5 -0.0000357
11 11 9 6 0.0000000
11 11 9 7 0.0002550
11 11 9 8 0.0000000
11 11 9 9 0.5430551
11 11 10 0 0.0009726
11 11 10 1 -0.0026669
11 11 10 2 -0.0000000
11 11 10 3 -0.0031445
11 11 10 4 -0.0122227
11 11 10 5 0.0079800
11 11 10 6 -0.0000000
11 11 10 7 -0.0364333
11 11 10 8 0.0000000
11 11 10 9 0.0272587
11 11 10 10 0.4103339
11 11 11 0 0.0067909
11 11 11 1 0.0194919
11 11 11 2 0.0000000
11 11 11 3 0.0123374
11 11 11 4 0.0192279
11 11 11 5 0.0101641
11 11 11 6 0.0000000
11 11 11 7 -0.0251516
11 11 11 8 -0.0000000
11 11 11 9 -0.0052262
11 11 11 10 -0.0051727
11 11 11 11 0.5093196
