NMONOMER	1
NELEC	8
ENUC	7.676927
NBASIS	12
HOMO	2
LUMO	2
ENT	5
HF_ENERGY	-35.682799
ENERGIES
-10.838587
-0.820021
-0.384510
-0.221945
0.583264
0.787600
0.858994
849736.587567
965066.382940
996478.144032
1070621.072707
1118093.732032

OEI
-18.397499	
0.218883	-4.500148	
0.000000	-0.000000	-4.002310	
-0.192187	0.161724	0.000000	-4.180706	
0.140945	-0.264994	0.000000	0.393750	-3.022433	
0.233234	-0.880032	-0.000000	-0.225155	-0.110655	-3.785022	
-0.000000	-0.000000	0.765029	-0.000000	-0.000000	-0.000000	-3.442469	
0.115884	0.053962	0.000000	-0.036823	-0.003774	-0.016855	0.000000	849733.011243	
-0.000000	-0.000000	-0.128773	0.000000	0.000000	0.000000	-0.017345	0.000000	965063.521671	
-0.004966	-0.022428	0.000000	-0.002086	0.003499	-0.013732	0.000000	0.001011	-0.000000	996474.911005	
-0.037892	-0.198351	-0.000000	-0.076107	-0.121333	0.127774	0.000000	0.143246	0.000000	0.137236	1070618.530545	
0.112650	0.081114	0.000000	-0.125679	-0.004774	-0.002198	-0.000000	-0.822446	-0.000000	0.038238	0.316547	1118090.055444	

ENV_OEI
-4.924320	
0.411388	-0.522930	
0.000000	-0.000000	-0.314487	
-0.373832	-0.075395	0.000000	-0.560904	
0.284134	-0.319947	0.000000	-0.177292	-0.678306	
0.476861	-0.009627	-0.000000	0.244881	0.318295	-0.811184	
-0.000000	0.000000	0.089192	0.000000	0.000000	-0.000000	-0.370556	
0.227306	0.019569	0.000000	-0.051190	-0.049090	0.002921	0.000000	-0.608034	
0.000000	-0.000000	0.155781	0.000000	0.000000	-0.000000	0.141677	-0.000000	-0.776062	
0.015078	-0.287417	-0.000000	-0.667375	-1.376133	0.890696	0.000000	0.126091	-0.000000	-18.627728	
-0.056122	0.044268	0.000000	0.010820	0.036689	-0.074701	-0.000000	-0.245242	-0.000000	1.676188	-0.840330	
0.216362	0.020346	-0.000000	0.039891	0.031760	-0.019781	-0.000000	0.170380	0.000000	0.179510	0.097710	-0.420605	

OVERLAP
1.000000	
0.248362	1.000000	
0.061767	0.488736	1.000000	
0.061767	0.488736	0.167856	1.000000	
0.000000	0.027047	0.038545	0.038545	1.000000	
0.027047	0.301519	0.378700	0.378700	0.248362	1.000000	
0.000000	0.000000	-0.155576	-0.155576	-0.015125	-0.113119	1.000000	
0.000000	0.000000	0.380474	-0.380474	0.000000	0.000000	0.000000	1.000000	
0.000000	0.000000	-0.219667	-0.219667	-0.042713	-0.319437	0.000000	0.000000	1.000000	
0.015125	0.113119	0.044121	0.044121	0.000000	0.000000	0.112775	0.000000	-0.151526	1.000000	
0.000000	0.000000	0.268260	-0.268260	0.000000	0.000000	0.000000	0.166433	0.000000	0.000000	1.000000	
0.042713	0.319437	0.279473	0.279473	0.000000	0.000000	-0.151526	0.000000	-0.261465	0.000000	0.000000	1.000000	

MOCOEFF
-0.996601	-0.016565	0.006529	0.006529	-0.001355	0.006676	0.027618	0.000000	0.007793	-0.002282	0.000000	0.003218	
0.144942	-0.338848	-0.262646	-0.262646	0.030120	0.028729	0.322615	0.000000	0.195320	-0.176421	-0.000000	-0.297723	
0.000000	-0.000000	-0.476361	0.476361	0.000000	0.000000	0.000000	-0.574004	-0.000000	-0.000000	0.351110	-0.000000	
-0.131842	0.546805	0.099007	0.099007	0.059776	-0.248751	-0.311039	-0.000000	0.647383	-0.043089	0.000000	-0.406279	
0.098084	-0.615195	0.884269	0.884269	0.119764	-0.719062	0.221798	0.000000	-0.191073	-0.169799	0.000000	-0.617364	
0.167961	-1.032759	0.448892	0.448892	-0.079334	0.488802	0.369606	-0.000000	0.955901	0.276499	-0.000000	0.656378	
-0.000000	0.000000	-0.932209	0.932209	-0.000000	0.000000	-0.000000	1.105431	0.000000	0.000000	0.316168	0.000000	
0.084288	-0.388040	0.000000	0.000000	-0.012325	0.049401	-0.608822	-0.000000	0.000000	0.744813	0.000000	-0.291146	
-0.000000	-0.000000	0.000000	-0.000000	-0.000000	0.000000	-0.000000	-0.000000	0.000000	-0.000000	-1.000000	-0.000000	
-0.000564	0.002599	0.000000	0.000000	1.025611	-0.216380	0.004077	-0.000000	-0.000000	0.053739	-0.000000	0.092871	
-0.018947	0.087225	0.000000	0.000000	-0.019714	-0.850780	0.136854	0.000000	0.000000	0.334096	-0.000000	0.355391	
0.081637	-0.375837	0.000000	0.000000	0.011610	-0.229165	-0.589676	-0.000000	-0.000000	-0.509850	0.000000	0.308002	

ERI
0 0 0 0 3.5232805
1 0 0 0 -0.1932571
1 0 1 0 0.0206378
1 0 1 1 0.0054541
1 1 0 0 0.6423573
1 1 1 0 0.0054541
1 1 1 1 0.5896022
2 0 0 0 -0.0000000
2 0 1 0 0.0000000
2 0 1 1 -0.0000000
2 0 2 0 0.0084366
2 0 2 1 0.0103844
2 0 2 2 0.0000000
2 1 0 0 0.0000000
2 1 1 0 0.0000000
2 1 1 1 -0.0000000
2 1 2 0 0.0103844
2 1 2 1 0.1062829
2 1 2 2 0.0000000
2 2 0 0 0.6325493
2 2 1 0 -0.0004387
2 2 1 1 0.5089070
2 2 2 0 0.0000000
2 2 2 1 0.0000000
2 2 2 2 0.5329128
3 0 0 0 0.1723013
3 0 1 0 -0.0140706
3 0 1 1 0.0077797
3 0 2 0 -0.0000000
3 0 2 1 0.0000000
3 0 2 2 0.0037324
3 0 3 0 0.0249921
3 0 3 1 0.0080201
3 0 3 2 0.0000000
3 0 3 3 -0.0087602
3 1 0 0 -0.0713980
3 1 1 0 0.0011792
3 1 1 1 0.0178738
3 1 2 0 0.0000000
3 1 2 1 0.0000000
3 1 2 2 -0.0201992
3 1 3 0 0.0080201
3 1 3 1 0.0662408
3 1 3 2 0.0000000
3 1 3 3 -0.0464436
3 2 0 0 -0.0000000
3 2 1 0 0.0000000
3 2 1 1 0.0000000
3 2 2 0 -0.0066430
3 2 2 1 -0.0368238
3 2 2 2 -0.0000000
3 2 3 0 0.0000000
3 2 3 1 0.0000000
3 2 3 2 0.0337275
3 2 3 3 -0.0000000
3 3 0 0 0.7655317
3 3 1 0 -0.0057682
3 3 1 1 0.4901513
3 3 2 0 -0.0000000
3 3 2 1 0.0000000
3 3 2 2 0.4745793
3 3 3 0 -0.0087602
3 3 3 1 -0.0464436
3 3 3 2 -0.0000000
3 3 3 3 0.6200568
4 0 0 0 -0.1291102
4 0 1 0 0.0118740
4 0 1 1 -0.0019937
4 0 2 0 -0.0000000
4 0 2 1 -0.0000000
4 0 2 2 -0.0020659
4 0 3 0 -0.0142494
4 0 3 1 -0.0022824
4 0 3 2 0.0000000
4 0 3 3 0.0015679
4 0 4 0 0.0093382
4 0 4 1 -0.0002407
4 0 4 2 0.0000000
4 0 4 3 -0.0016127
4 0 4 4 -0.0001027
4 1 0 0 0.0768440
4 1 1 0 0.0005855
4 1 1 1 0.0383985
4 1 2 0 -0.0000000
4 1 2 1 0.0000000
4 1 2 2 -0.0205474
4 1 3 0 0.0006399
4 1 3 1 0.0198066
4 1 3 2 -0.0000000
4 1 3 3 0.0539375
4 1 4 0 -0.0002407
4 1 4 1 0.0694352
4 1 4 2 -0.0000000
4 1 4 3 0.0101258
4 1 4 4 0.0072228
4 2 0 0 -0.0000000
4 2 1 0 0.0000000
4 2 1 1 0.0000000
4 2 2 0 -0.0016022
4 2 2 1 -0.0786893
4 2 2 2 -0.0000000
4 2 3 0 -0.0000000
4 2 3 1 0.0000000
4 2 3 2 0.0167661
4 2 3 3 -0.0000000
4 2 4 0 0.0000000
4 2 4 1 -0.0000000
4 2 4 2 0.0880514
4 2 4 3 0.0000000
4 2 4 4 0.0000000
4 3 0 0 -0.1466864
4 3 1 0 0.0047655
4 3 1 1 0.0215850
4 3 2 0 0.0000000
4 3 2 1 -0.0000000
4 3 2 2 -0.0171803
4 3 3 0 0.0077719
4 3 3 1 0.0604451
4 3 3 2 0.0000000
4 3 3 3 -0.0859547
4 3 4 0 -0.0016127
4 3 4 1 0.0101258
4 3 4 2 0.0000000
4 3 4 3 0.0839346
4 3 4 4 0.0354687
4 4 0 0 0.4988564
4 4 1 0 0.0016658
4 4 1 1 0.5120423
4 4 2 0 -0.0000000
4 4 2 1 -0.0000000
4 4 2 2 0.4742748
4 4 3 0 0.0011224
4 4 3 1 0.0222670
4 4 3 2 0.0000000
4 4 3 3 0.4429597
4 4 4 0 -0.0001027
4 4 4 1 0.0072228
4 4 4 2 0.0000000
4 4 4 3 0.0354687
4 4 4 4 0.5193278
5 0 0 0 -0.2208049
5 0 1 0 0.0262200
5 0 1 1 0.0118080
5 0 2 0 0.0000000
5 0 2 1 0.0000000
5 0 2 2 0.0014136
5 0 3 0 -0.0076962
5 0 3 1 0.0072614
5 0 3 2 0.0000000
5 0 3 3 -0.0154076
5 0 4 0 0.0110867
5 0 4 1 0.0006660
5 0 4 2 0.0000000
5 0 4 3 0.0125062
5 0 4 4 0.0027248
5 0 5 0 0.0403099
5 0 5 1 0.0048477
5 0 5 2 0.0000000
5 0 5 3 -0.0046133
5 0 5 4 0.0028166
5 0 5 5 0.0105373
5 1 0 0 0.2620623
5 1 1 0 0.0003571
5 1 1 1 0.0718684
5 1 2 0 -0.0000000
5 1 2 1 0.0000000
5 1 2 2 0.0638322
5 1 3 0 0.0080301
5 1 3 1 -0.0299488
5 1 3 2 -0.0000000
5 1 3 3 0.0850901
5 1 4 0 -0.0032789
5 1 4 1 0.0131748
5 1 4 2 -0.0000000
5 1 4 3 -0.0464971
5 1 4 4 -0.0008934
5 1 5 0 0.0048477
5 1 5 1 0.1025606
5 1 5 2 0.0000000
5 1 5 3 0.0342156
5 1 5 4 0.0291124
5 1 5 5 0.0950573
5 2 0 0 0.0000000
5 2 1 0 -0.0000000
5 2 1 1 0.0000000
5 2 2 0 0.0052242
5 2 2 1 0.0004100
5 2 2 2 0.0000000
5 2 3 0 0.0000000
5 2 3 1 -0.0000000
5 2 3 2 -0.0002165
5 2 3 3 0.0000000
5 2 4 0 -0.0000000
5 2 4 1 -0.0000000
5 2 4 2 0.0197263
5 2 4 3 -0.0000000
5 2 4 4 0.0000000
5 2 5 0 0.0000000
5 2 5 1 0.0000000
5 2 5 2 0.0244854
5 2 5 3 0.0000000
5 2 5 4 -0.0000000
5 2 5 5 0.0000000
5 3 0 0 0.0840059
5 3 1 0 -0.0042434
5 3 1 1 -0.0213957
5 3 2 0 -0.0000000
5 3 2 1 -0.0000000
5 3 2 2 0.0139345
5 3 3 0 0.0022582
5 3 3 1 -0.0121194
5 3 3 2 -0.0000000
5 3 3 3 0.0332618
5 3 4 0 -0.0014717
5 3 4 1 -0.0200996
5 3 4 2 -0.0000000
5 3 4 3 -0.0401021
5 3 4 4 -0.0273831
5 3 5 0 -0.0046133
5 3 5 1 0.0342156
5 3 5 2 0.0000000
5 3 5 3 0.0543259
5 3 5 4 0.0164078
5 3 5 5 0.0021429
5 4 0 0 0.0341423
5 4 1 0 0.0012926
5 4 1 1 0.0065557
5 4 2 0 -0.0000000
5 4 2 1 -0.0000000
5 4 2 2 0.0301196
5 4 3 0 0.0016455
5 4 3 1 -0.0316353
5 4 3 2 0.0000000
5 4 3 3 -0.0135822
5 4 4 0 -0.0003478
5 4 4 1 -0.0430262
5 4 4 2 0.0000000
5 4 4 3 -0.0243643
5 4 4 4 -0.0021766
5 4 5 0 0.0028166
5 4 5 1 0.0291124
5 4 5 2 -0.0000000
5 4 5 3 0.0164078
5 4 5 4 0.0549026
5 4 5 5 -0.0115091
5 5 0 0 0.8048891
5 5 1 0 -0.0002407
5 5 1 1 0.5765294
5 5 2 0 -0.0000000
5 5 2 1 0.0000000
5 5 2 2 0.5003795
5 5 3 0 0.0185997
5 5 3 1 0.0321085
5 5 3 2 0.0000000
5 5 3 3 0.5145210
5 5 4 0 -0.0074453
5 5 4 1 0.0575898
5 5 4 2 -0.0000000
5 5 4 3 0.0128884
5 5 4 4 0.4964467
5 5 5 0 0.0105373
5 5 5 1 0.0950573
5 5 5 2 0.0000000
5 5 5 3 0.0021429
5 5 5 4 -0.0115091
5 5 5 5 0.6289696
6 0 0 0 0.0000000
6 0 1 0 -0.0000000
6 0 1 1 0.0000000
6 0 2 0 -0.0129187
6 0 2 1 -0.0142401
6 0 2 2 -0.0000000
6 0 3 0 0.0000000
6 0 3 1 -0.0000000
6 0 3 2 0.0095478
6 0 3 3 -0.0000000
6 0 4 0 0.0000000
6 0 4 1 0.0000000
6 0 4 2 0.0021477
6 0 4 3 -0.0000000
6 0 4 4 0.0000000
6 0 5 0 -0.0000000
6 0 5 1 0.0000000
6 0 5 2 -0.0069869
6 0 5 3 -0.0000000
6 0 5 4 0.0000000
6 0 5 5 0.0000000
6 0 6 0 0.0199021
6 0 6 1 0.0056702
6 0 6 2 0.0000000
6 0 6 3 -0.0105576
6 0 6 4 0.0097015
6 0 6 5 0.0102252
6 0 6 6 -0.0000000
6 1 0 0 0.0000000
6 1 1 0 -0.0000000
6 1 1 1 -0.0000000
6 1 2 0 -0.0040774
6 1 2 1 0.0281578
6 1 2 2 0.0000000
6 1 3 0 0.0000000
6 1 3 1 -0.0000000
6 1 3 2 0.0013114
6 1 3 3 -0.0000000
6 1 4 0 0.0000000
6 1 4 1 -0.0000000
6 1 4 2 -0.0480890
6 1 4 3 -0.0000000
6 1 4 4 -0.0000000
6 1 5 0 -0.0000000
6 1 5 1 0.0000000
6 1 5 2 -0.0245635
6 1 5 3 0.0000000
6 1 5 4 0.0000000
6 1 5 5 -0.0000000
6 1 6 0 0.0056702
6 1 6 1 0.0396878
6 1 6 2 0.0000000
6 1 6 3 -0.0111962
6 1 6 4 -0.0462595
6 1 6 5 -0.0191994
6 1 6 6 0.0000000
6 2 0 0 -0.2515856
6 2 1 0 0.0059395
6 2 1 1 -0.0136677
6 2 2 0 0.0000000
6 2 2 1 0.0000000
6 2 2 2 -0.0361331
6 2 3 0 -0.0014103
6 2 3 1 0.0264563
6 2 3 2 0.0000000
6 2 3 3 -0.1056899
6 2 4 0 0.0025102
6 2 4 1 -0.0379597
6 2 4 2 0.0000000
6 2 4 3 0.0561456
6 2 4 4 0.0352570
6 2 5 0 0.0082322
6 2 5 1 -0.0695330
6 2 5 2 -0.0000000
6 2 5 3 -0.0339964
6 2 5 4 0.0152111
6 2 5 5 -0.0545729
6 2 6 0 0.0000000
6 2 6 1 0.0000000
6 2 6 2 0.1202988
6 2 6 3 -0.0000000
6 2 6 4 -0.0000000
6 2 6 5 -0.0000000
6 2 6 6 -0.0513223
6 3 0 0 0.0000000
6 3 1 0 -0.0000000
6 3 1 1 -0.0000000
6 3 2 0 0.0071692
6 3 2 1 0.0198551
6 3 2 2 0.0000000
6 3 3 0 -0.0000000
6 3 3 1 -0.0000000
6 3 3 2 -0.0283003
6 3 3 3 0.0000000
6 3 4 0 -0.0000000
6 3 4 1 -0.0000000
6 3 4 2 0.0040684
6 3 4 3 -0.0000000
6 3 4 4 -0.0000000
6 3 5 0 -0.0000000
6 3 5 1 0.0000000
6 3 5 2 0.0037741
6 3 5 3 0.0000000
6 3 5 4 0.0000000
6 3 5 5 -0.0000000
6 3 6 0 -0.0105576
6 3 6 1 -0.0111962
6 3 6 2 -0.0000000
6 3 6 3 0.0324234
6 3 6 4 -0.0149312
6 3 6 5 -0.0038966
6 3 6 6 0.0000000
6 4 0 0 0.0000000
6 4 1 0 -0.0000000
6 4 1 1 0.0000000
6 4 2 0 -0.0066466
6 4 2 1 -0.0900307
6 4 2 2 0.0000000
6 4 3 0 0.0000000
6 4 3 1 -0.0000000
6 4 3 2 0.0327127
6 4 3 3 0.0000000
6 4 4 0 0.0000000
6 4 4 1 -0.0000000
6 4 4 2 0.0874271
6 4 4 3 -0.0000000
6 4 4 4 0.0000000
6 4 5 0 -0.0000000
6 4 5 1 0.0000000
6 4 5 2 0.0211324
6 4 5 3 0.0000000
6 4 5 4 0.0000000
6 4 5 5 -0.0000000
6 4 6 0 0.0097015
6 4 6 1 -0.0462595
6 4 6 2 -0.0000000
6 4 6 3 -0.0149312
6 4 6 4 0.1050812
6 4 6 5 0.0563621
6 4 6 6 -0.0000000
6 5 0 0 0.0000000
6 5 1 0 -0.0000000
6 5 1 1 0.0000000
6 5 2 0 -0.0073299
6 5 2 1 -0.0611111
6 5 2 2 -0.0000000
6 5 3 0 0.0000000
6 5 3 1 0.0000000
6 5 3 2 0.0139905
6 5 3 3 0.0000000
6 5 4 0 0.0000000
6 5 4 1 0.0000000
6 5 4 2 0.0497823
6 5 4 3 0.0000000
6 5 4 4 0.0000000
6 5 5 0 -0.0000000
6 5 5 1 -0.0000000
6 5 5 2 -0.0011952
6 5 5 3 -0.0000000
6 5 5 4 -0.0000000
6 5 5 5 0.0000000
6 5 6 0 0.0102252
6 5 6 1 -0.0191994
6 5 6 2 -0.0000000
6 5 6 3 -0.0038966
6 5 6 4 0.0563621
6 5 6 5 0.0458579
6 5 6 6 -0.0000000
6 6 0 0 0.7308937
6 6 1 0 -0.0060370
6 6 1 1 0.4978874
6 6 2 0 0.0000000
6 6 2 1 0.0000000
6 6 2 2 0.5298240
6 6 3 0 0.0044225
6 6 3 1 -0.0237657
6 6 3 2 -0.0000000
6 6 3 3 0.4975535
6 6 4 0 -0.0037021
6 6 4 1 -0.0189008
6 6 4 2 -0.0000000
6 6 4 3 -0.0340120
6 6 4 4 0.4755286
6 6 5 0 -0.0065449
6 6 5 1 0.0639893
6 6 5 2 -0.0000000
6 6 5 3 0.0257975
6 6 5 4 0.0324531
6 6 5 5 0.5097244
6 6 6 0 -0.0000000
6 6 6 1 0.0000000
6 6 6 2 -0.0513223
6 6 6 3 0.0000000
6 6 6 4 -0.0000000
6 6 6 5 -0.0000000
6 6 6 6 0.5583335
7 0 0 0 -0.0850672
7 0 1 0 0.0038034
7 0 1 1 -0.0070703
7 0 2 0 0.0000000
7 0 2 1 -0.0000000
7 0 2 2 -0.0006941
7 0 3 0 -0.0035251
7 0 3 1 0.0050677
7 0 3 2 0.0000000
7 0 3 3 -0.0047461
7 0 4 0 0.0030714
7 0 4 1 -0.0032970
7 0 4 2 -0.0000000
7 0 4 3 0.0023275
7 0 4 4 -0.0034026
7 0 5 0 0.0053976
7 0 5 1 -0.0044538
7 0 5 2 -0.0000000
7 0 5 3 0.0058247
7 0 5 4 -0.0031750
7 0 5 5 -0.0046822
7 0 6 0 -0.0000000
7 0 6 1 0.0000000
7 0 6 2 -0.0016594
7 0 6 3 -0.0000000
7 0 6 4 0.0000000
7 0 6 5 0.0000000
7 0 6 6 0.0007026
7 0 7 0 0.0112610
7 0 7 1 0.0015450
7 0 7 2 0.0000000
7 0 7 3 -0.0026925
7 0 7 4 0.0013343
7 0 7 5 0.0031241
7 0 7 6 -0.0000000
7 0 7 7 0.0059799
7 1 0 0 -0.0065945
7 1 1 0 -0.0010017
7 1 1 1 -0.0012148
7 1 2 0 -0.0000000
7 1 2 1 -0.0000000
7 1 2 2 0.0056581
7 1 3 0 0.0030481
7 1 3 1 0.0072565
7 1 3 2 0.0000000
7 1 3 3 -0.0107144
7 1 4 0 -0.0014264
7 1 4 1 -0.0073740
7 1 4 2 0.0000000
7 1 4 3 0.0065615
7 1 4 4 0.0011830
7 1 5 0 0.0004109
7 1 5 1 -0.0026326
7 1 5 2 -0.0000000
7 1 5 3 0.0051405
7 1 5 4 0.0013351
7 1 5 5 -0.0003211
7 1 6 0 0.0000000
7 1 6 1 0.0000000
7 1 6 2 0.0023897
7 1 6 3 -0.0000000
7 1 6 4 0.0000000
7 1 6 5 -0.0000000
7 1 6 6 0.0046171
7 1 7 0 0.0015450
7 1 7 1 0.0101964
7 1 7 2 -0.0000000
7 1 7 3 0.0043399
7 1 7 4 0.0072048
7 1 7 5 0.0003147
7 1 7 6 -0.0000000
7 1 7 7 -0.0024960
7 2 0 0 0.0000000
7 2 1 0 -0.0000000
7 2 1 1 -0.0000000
7 2 2 0 0.0045626
7 2 2 1 0.0218881
7 2 2 2 0.0000000
7 2 3 0 0.0000000
7 2 3 1 0.0000000
7 2 3 2 -0.0109198
7 2 3 3 -0.0000000
7 2 4 0 -0.0000000
7 2 4 1 -0.0000000
7 2 4 2 -0.0133241
7 2 4 3 0.0000000
7 2 4 4 -0.0000000
7 2 5 0 -0.0000000
7 2 5 1 -0.0000000
7 2 5 2 0.0033314
7 2 5 3 0.0000000
7 2 5 4 -0.0000000
7 2 5 5 0.0000000
7 2 6 0 -0.0068357
7 2 6 1 0.0003511
7 2 6 2 0.0000000
7 2 6 3 0.0104670
7 2 6 4 -0.0172111
7 2 6 5 -0.0126931
7 2 6 6 0.0000000
7 2 7 0 0.0000000
7 2 7 1 -0.0000000
7 2 7 2 0.0172697
7 2 7 3 -0.0000000
7 2 7 4 -0.0000000
7 2 7 5 0.0000000
7 2 7 6 -0.0157675
7 2 7 7 0.0000000
7 3 0 0 -0.0085185
7 3 1 0 0.0042494
7 3 1 1 0.0264990
7 3 2 0 0.0000000
7 3 2 1 0.0000000
7 3 2 2 0.0017840
7 3 3 0 0.0021424
7 3 3 1 0.0035652
7 3 3 2 0.0000000
7 3 3 3 -0.0095816
7 3 4 0 0.0002064
7 3 4 1 0.0084282
7 3 4 2 0.0000000
7 3 4 3 0.0162153
7 3 4 4 0.0151538
7 3 5 0 0.0080870
7 3 5 1 0.0030452
7 3 5 2 0.0000000
7 3 5 3 -0.0193383
7 3 5 4 0.0029117
7 3 5 5 0.0210191
7 3 6 0 0.0000000
7 3 6 1 -0.0000000
7 3 6 2 0.0157441
7 3 6 3 -0.0000000
7 3 6 4 -0.0000000
7 3 6 5 -0.0000000
7 3 6 6 -0.0058553
7 3 7 0 -0.0026925
7 3 7 1 0.0043399
7 3 7 2 -0.0000000
7 3 7 3 0.0266232
7 3 7 4 0.0016807
7 3 7 5 0.0003271
7 3 7 6 -0.0000000
7 3 7 7 0.0046547
7 4 0 0 0.0070582
7 4 1 0 -0.0020273
7 4 1 1 -0.0072231
7 4 2 0 -0.0000000
7 4 2 1 -0.0000000
7 4 2 2 -0.0042830
7 4 3 0 -0.0001415
7 4 3 1 0.0002047
7 4 3 2 0.0000000
7 4 3 3 0.0055963
7 4 4 0 -0.0005065
7 4 4 1 0.0010519
7 4 4 2 -0.0000000
7 4 4 3 -0.0029130
7 4 4 4 -0.0041434
7 4 5 0 -0.0033697
7 4 5 1 -0.0022368
7 4 5 2 -0.0000000
7 4 5 3 0.0045871
7 4 5 4 -0.0051668
7 4 5 5 -0.0040654
7 4 6 0 0.0000000
7 4 6 1 0.0000000
7 4 6 2 -0.0057556
7 4 6 3 -0.0000000
7 4 6 4 0.0000000
7 4 6 5 0.0000000
7 4 6 6 0.0002096
7 4 7 0 0.0013343
7 4 7 1 0.0072048
7 4 7 2 -0.0000000
7 4 7 3 0.0016807
7 4 7 4 0.0182773
7 4 7 5 -0.0148455
7 4 7 6 0.0000000
7 4 7 7 0.0053781
7 5 0 0 0.0106355
7 5 1 0 -0.0012821
7 5 1 1 0.0025958
7 5 2 0 -0.0000000
7 5 2 1 -0.0000000
7 5 2 2 0.0047864
7 5 3 0 0.0078248
7 5 3 1 0.0192475
7 5 3 2 0.0000000
7 5 3 3 -0.0161469
7 5 4 0 -0.0032406
7 5 4 1 0.0002153
7 5 4 2 -0.0000000
7 5 4 3 0.0151780
7 5 4 4 -0.0005482
7 5 5 0 0.0034269
7 5 5 1 0.0012876
7 5 5 2 0.0000000
7 5 5 3 0.0061253
7 5 5 4 -0.0043481
7 5 5 5 0.0165452
7 5 6 0 0.0000000
7 5 6 1 0.0000000
7 5 6 2 -0.0031243
7 5 6 3 -0.0000000
7 5 6 4 0.0000000
7 5 6 5 0.0000000
7 5 6 6 0.0021210
7 5 7 0 0.0031241
7 5 7 1 0.0003147
7 5 7 2 0.0000000
7 5 7 3 0.0003271
7 5 7 4 -0.0148455
7 5 7 5 0.0320374
7 5 7 6 0.0000000
7 5 7 7 0.0186820
7 6 0 0 -0.0000000
7 6 1 0 0.0000000
7 6 1 1 0.0000000
7 6 2 0 -0.0054431
7 6 2 1 -0.0130420
7 6 2 2 -0.0000000
7 6 3 0 0.0000000
7 6 3 1 -0.0000000
7 6 3 2 0.0112245
7 6 3 3 -0.0000000
7 6 4 0 0.0000000
7 6 4 1 0.0000000
7 6 4 2 0.0019133
7 6 4 3 -0.0000000
7 6 4 4 0.0000000
7 6 5 0 0.0000000
7 6 5 1 0.0000000
7 6 5 2 -0.0060333
7 6 5 3 -0.0000000
7 6 5 4 0.0000000
7 6 5 5 0.0000000
7 6 6 0 0.0082207
7 6 6 1 0.0062201
7 6 6 2 0.0000000
7 6 6 3 -0.0130056
7 6 6 4 0.0075624
7 6 6 5 0.0069860
7 6 6 6 -0.0000000
7 6 7 0 -0.0000000
7 6 7 1 -0.0000000
7 6 7 2 -0.0157675
7 6 7 3 -0.0000000
7 6 7 4 0.0000000
7 6 7 5 0.0000000
7 6 7 6 0.0208369
7 6 7 7 -0.0000000
7 7 0 0 0.5615188
7 7 1 0 -0.0067455
7 7 1 1 0.4323862
7 7 2 0 -0.0000000
7 7 2 1 0.0000000
7 7 2 2 0.4004787
7 7 3 0 0.0084450
7 7 3 1 0.0403086
7 7 3 2 0.0000000
7 7 3 3 0.4259789
7 7 4 0 -0.0049996
7 7 4 1 0.0512931
7 7 4 2 -0.0000000
7 7 4 3 0.0222666
7 7 4 4 0.4128574
7 7 5 0 -0.0047007
7 7 5 1 0.0161286
7 7 5 2 0.0000000
7 7 5 3 -0.0072325
7 7 5 4 -0.0495654
7 7 5 5 0.4795559
7 7 6 0 0.0000000
7 7 6 1 -0.0000000
7 7 6 2 -0.0460392
7 7 6 3 -0.0000000
7 7 6 4 0.0000000
7 7 6 5 0.0000000
7 7 6 6 0.4150191
7 7 7 0 0.0059799
7 7 7 1 -0.0024960
7 7 7 2 0.0000000
7 7 7 3 0.0046547
7 7 7 4 0.0053781
7 7 7 5 0.0186820
7 7 7 6 -0.0000000
7 7 7 7 0.5146546
8 0 0 0 0.0000000
8 0 1 0 -0.0000000
8 0 1 1 0.0000000
8 0 2 0 0.0002348
8 0 2 1 0.0003057
8 0 2 2 0.0000000
8 0 3 0 0.0000000
8 0 3 1 -0.0000000
8 0 3 2 -0.0001735
8 0 3 3 -0.0000000
8 0 4 0 -0.0000000
8 0 4 1 -0.0000000
8 0 4 2 0.0000843
8 0 4 3 0.0000000
8 0 4 4 -0.0000000
8 0 5 0 0.0000000
8 0 5 1 0.0000000
8 0 5 2 0.0002858
8 0 5 3 0.0000000
8 0 5 4 -0.0000000
8 0 5 5 0.0000000
8 0 6 0 -0.0003493
8 0 6 1 -0.0002621
8 0 6 2 -0.0000000
8 0 6 3 0.0002000
8 0 6 4 -0.0000378
8 0 6 5 -0.0002130
8 0 6 6 0.0000000
8 0 7 0 -0.0000000
8 0 7 1 0.0000000
8 0 7 2 0.0001245
8 0 7 3 0.0000000
8 0 7 4 -0.0000000
8 0 7 5 0.0000000
8 0 7 6 -0.0001612
8 0 7 7 -0.0000000
8 0 8 0 0.0000107
8 0 8 1 -0.0000451
8 0 8 2 0.0000000
8 0 8 3 -0.0000932
8 0 8 4 -0.0000913
8 0 8 5 0.0002097
8 0 8 6 0.0000000
8 0 8 7 -0.0000306
8 0 8 8 -0.0000000
8 1 0 0 -0.0000000
8 1 1 0 -0.0000000
8 1 1 1 -0.0000000
8 1 2 0 0.0020246
8 1 2 1 0.0344163
8 1 2 2 0.0000000
8 1 3 0 0.0000000
8 1 3 1 0.0000000
8 1 3 2 -0.0073072
8 1 3 3 -0.0000000
8 1 4 0 -0.0000000
8 1 4 1 0.0000000
8 1 4 2 -0.0310761
8 1 4 3 0.0000000
8 1 4 4 -0.0000000
8 1 5 0 0.0000000
8 1 5 1 -0.0000000
8 1 5 2 -0.0027460
8 1 5 3 -0.0000000
8 1 5 4 -0.0000000
8 1 5 5 0.0000000
8 1 6 0 -0.0027488
8 1 6 1 0.0161596
8 1 6 2 0.0000000
8 1 6 3 0.0021144
8 1 6 4 -0.0344367
8 1 6 5 -0.0207012
8 1 6 6 0.0000000
8 1 7 0 0.0000000
8 1 7 1 -0.0000000
8 1 7 2 0.0068009
8 1 7 3 0.0000000
8 1 7 4 -0.0000000
8 1 7 5 0.0000000
8 1 7 6 -0.0013336
8 1 7 7 0.0000000
8 1 8 0 -0.0000451
8 1 8 1 0.0265051
8 1 8 2 -0.0000000
8 1 8 3 0.0142579
8 1 8 4 0.0059868
8 1 8 5 -0.0254560
8 1 8 6 -0.0000000
8 1 8 7 -0.0004489
8 1 8 8 0.0000000
8 2 0 0 0.0339909
8 2 1 0 0.0001632
8 2 1 1 0.0182843
8 2 2 0 0.0000000
8 2 2 1 0.0000000
8 2 2 2 0.0297132
8 2 3 0 0.0002913
8 2 3 1 -0.0126927
8 2 3 2 -0.0000000
8 2 3 3 0.0141997
8 2 4 0 -0.0000378
8 2 4 1 -0.0191911
8 2 4 2 -0.0000000
8 2 4 3 -0.0141910
8 2 4 4 0.0105785
8 2 5 0 0.0003665
8 2 5 1 0.0181131
8 2 5 2 0.0000000
8 2 5 3 0.0142949
8 2 5 4 0.0233370
8 2 5 5 0.0068384
8 2 6 0 -0.0000000
8 2 6 1 0.0000000
8 2 6 2 -0.0023635
8 2 6 3 0.0000000
8 2 6 4 0.0000000
8 2 6 5 -0.0000000
8 2 6 6 0.0300306
8 2 7 0 -0.0000088
8 2 7 1 0.0027881
8 2 7 2 0.0000000
8 2 7 3 -0.0031880
8 2 7 4 -0.0013935
8 2 7 5 -0.0013075
8 2 7 6 0.0000000
8 2 7 7 -0.0211365
8 2 8 0 0.0000000
8 2 8 1 -0.0000000
8 2 8 2 0.0217921
8 2 8 3 0.0000000
8 2 8 4 0.0000000
8 2 8 5 -0.0000000
8 2 8 6 0.0163564
8 2 8 7 -0.0000000
8 2 8 8 -0.0600330
8 3 0 0 0.0000000
8 3 1 0 0.0000000
8 3 1 1 -0.0000000
8 3 2 0 0.0003289
8 3 2 1 0.0084676
8 3 2 2 0.0000000
8 3 3 0 0.0000000
8 3 3 1 -0.0000000
8 3 3 2 -0.0003586
8 3 3 3 0.0000000
8 3 4 0 -0.0000000
8 3 4 1 0.0000000
8 3 4 2 -0.0092533
8 3 4 3 -0.0000000
8 3 4 4 -0.0000000
8 3 5 0 0.0000000
8 3 5 1 0.0000000
8 3 5 2 0.0003165
8 3 5 3 0.0000000
8 3 5 4 0.0000000
8 3 5 5 0.0000000
8 3 6 0 -0.0004163
8 3 6 1 0.0048958
8 3 6 2 0.0000000
8 3 6 3 -0.0010420
8 3 6 4 -0.0096373
8 3 6 5 -0.0050540
8 3 6 6 0.0000000
8 3 7 0 0.0000000
8 3 7 1 0.0000000
8 3 7 2 0.0016655
8 3 7 3 -0.0000000
8 3 7 4 -0.0000000
8 3 7 5 -0.0000000
8 3 7 6 -0.0000803
8 3 7 7 -0.0000000
8 3 8 0 -0.0000932
8 3 8 1 0.0142579
8 3 8 2 0.0000000
8 3 8 3 0.0106854
8 3 8 4 0.0095584
8 3 8 5 -0.0167821
8 3 8 6 -0.0000000
8 3 8 7 0.0010801
8 3 8 8 -0.0000000
8 4 0 0 -0.0000000
8 4 1 0 0.0000000
8 4 1 1 0.0000000
8 4 2 0 -0.0003375
8 4 2 1 -0.0124433
8 4 2 2 0.0000000
8 4 3 0 -0.0000000
8 4 3 1 -0.0000000
8 4 3 2 0.0025562
8 4 3 3 -0.0000000
8 4 4 0 0.0000000
8 4 4 1 -0.0000000
8 4 4 2 0.0120840
8 4 4 3 -0.0000000
8 4 4 4 0.0000000
8 4 5 0 0.0000000
8 4 5 1 0.0000000
8 4 5 2 0.0066971
8 4 5 3 0.0000000
8 4 5 4 0.0000000
8 4 5 5 -0.0000000
8 4 6 0 0.0005838
8 4 6 1 -0.0087514
8 4 6 2 0.0000000
8 4 6 3 -0.0012745
8 4 6 4 0.0134969
8 4 6 5 0.0098911
8 4 6 6 -0.0000000
8 4 7 0 -0.0000000
8 4 7 1 0.0000000
8 4 7 2 -0.0016723
8 4 7 3 -0.0000000
8 4 7 4 0.0000000
8 4 7 5 -0.0000000
8 4 7 6 0.0010607
8 4 7 7 -0.0000000
8 4 8 0 -0.0000913
8 4 8 1 0.0059868
8 4 8 2 0.0000000
8 4 8 3 0.0095584
8 4 8 4 0.0173876
8 4 8 5 -0.0117871
8 4 8 6 -0.0000000
8 4 8 7 -0.0012345
8 4 8 8 -0.0000000
8 5 0 0 -0.0000000
8 5 1 0 -0.0000000
8 5 1 1 0.0000000
8 5 2 0 -0.0004035
8 5 2 1 -0.0205839
8 5 2 2 -0.0000000
8 5 3 0 -0.0000000
8 5 3 1 -0.0000000
8 5 3 2 0.0047476
8 5 3 3 0.0000000
8 5 4 0 0.0000000
8 5 4 1 -0.0000000
8 5 4 2 0.0254865
8 5 4 3 0.0000000
8 5 4 4 0.0000000
8 5 5 0 -0.0000000
8 5 5 1 0.0000000
8 5 5 2 0.0056709
8 5 5 3 -0.0000000
8 5 5 4 -0.0000000
8 5 5 5 -0.0000000
8 5 6 0 0.0005907
8 5 6 1 -0.0157173
8 5 6 2 -0.0000000
8 5 6 3 0.0002807
8 5 6 4 0.0282682
8 5 6 5 0.0134170
8 5 6 6 -0.0000000
8 5 7 0 -0.0000000
8 5 7 1 0.0000000
8 5 7 2 -0.0039521
8 5 7 3 -0.0000000
8 5 7 4 -0.0000000
8 5 7 5 0.0000000
8 5 7 6 -0.0012333
8 5 7 7 0.0000000
8 5 8 0 0.0002097
8 5 8 1 -0.0254560
8 5 8 2 -0.0000000
8 5 8 3 -0.0167821
8 5 8 4 -0.0117871
8 5 8 5 0.0311874
8 5 8 6 0.0000000
8 5 8 7 0.0007730
8 5 8 8 0.0000000
8 6 0 0 -0.0007822
8 6 1 0 0.0002032
8 6 1 1 0.0051350
8 6 2 0 0.0000000
8 6 2 1 0.0000000
8 6 2 2 0.0130944
8 6 3 0 -0.0003256
8 6 3 1 -0.0085935
8 6 3 2 -0.0000000
8 6 3 3 -0.0026333
8 6 4 0 0.0002524
8 6 4 1 -0.0194058
8 6 4 2 0.0000000
8 6 4 3 -0.0074114
8 6 4 4 0.0069584
8 6 5 0 0.0000970
8 6 5 1 0.0037717
8 6 5 2 -0.0000000
8 6 5 3 0.0075715
8 6 5 4 0.0201212
8 6 5 5 -0.0066340
8 6 6 0 -0.0000000
8 6 6 1 0.0000000
8 6 6 2 0.0105019
8 6 6 3 0.0000000
8 6 6 4 0.0000000
8 6 6 5 -0.0000000
8 6 6 6 0.0154505
8 6 7 0 -0.0001240
8 6 7 1 0.0024289
8 6 7 2 0.0000000
8 6 7 3 -0.0015301
8 6 7 4 -0.0004470
8 6 7 5 -0.0032768
8 6 7 6 -0.0000000
8 6 7 7 -0.0245300
8 6 8 0 0.0000000
8 6 8 1 -0.0000000
8 6 8 2 0.0163564
8 6 8 3 -0.0000000
8 6 8 4 -0.0000000
8 6 8 5 0.0000000
8 6 8 6 0.0147219
8 6 8 7 0.0000000
8 6 8 8 -0.0421601
8 7 0 0 0.0000000
8 7 1 0 -0.0000000
8 7 1 1 -0.0000000
8 7 2 0 0.0002598
8 7 2 1 0.0032219
8 7 2 2 0.0000000
8 7 3 0 0.0000000
8 7 3 1 0.0000000
8 7 3 2 -0.0013717
8 7 3 3 -0.0000000
8 7 4 0 -0.0000000
8 7 4 1 0.0000000
8 7 4 2 -0.0020812
8 7 4 3 0.0000000
8 7 4 4 -0.0000000
8 7 5 0 0.0000000
8 7 5 1 -0.0000000
8 7 5 2 -0.0009292
8 7 5 3 -0.0000000
8 7 5 4 -0.0000000
8 7 5 5 0.0000000
8 7 6 0 -0.0003335
8 7 6 1 0.0020997
8 7 6 2 0.0000000
8 7 6 3 0.0003521
8 7 6 4 -0.0024746
8 7 6 5 -0.0026092
8 7 6 6 0.0000000
8 7 7 0 -0.0000000
8 7 7 1 0.0000000
8 7 7 2 -0.0037292
8 7 7 3 -0.0000000
8 7 7 4 -0.0000000
8 7 7 5 0.0000000
8 7 7 6 -0.0038977
8 7 7 7 0.0000000
8 7 8 0 -0.0000306
8 7 8 1 -0.0004489
8 7 8 2 -0.0000000
8 7 8 3 0.0010801
8 7 8 4 -0.0012345
8 7 8 5 0.0007730
8 7 8 6 0.0000000
8 7 8 7 0.0210483
8 7 8 8 -0.0000000
8 8 0 0 0.3245181
8 8 1 0 0.0028963
8 8 1 1 0.4395871
8 8 2 0 0.0000000
8 8 2 1 -0.0000000
8 8 2 2 0.3561568
8 8 3 0 0.0039207
8 8 3 1 0.0800028
8 8 3 2 0.0000000
8 8 3 3 0.3408185
8 8 4 0 -0.0009266
8 8 4 1 0.0601517
8 8 4 2 0.0000000
8 8 4 3 0.0926504
8 8 4 4 0.4473608
8 8 5 0 0.0069482
8 8 5 1 -0.0646425
8 8 5 2 -0.0000000
8 8 5 3 -0.0766584
8 8 5 4 -0.0713368
8 8 5 5 0.4571260
8 8 6 0 0.0000000
8 8 6 1 -0.0000000
8 8 6 2 0.0511130
8 8 6 3 -0.0000000
8 8 6 4 -0.0000000
8 8 6 5 0.0000000
8 8 6 6 0.3509671
8 8 7 0 -0.0014092
8 8 7 1 -0.0029012
8 8 7 2 -0.0000000
8 8 7 3 0.0298058
8 8 7 4 -0.0013292
8 8 7 5 0.0118789
8 8 7 6 0.0000000
8 8 7 7 0.4670424
8 8 8 0 -0.0000000
8 8 8 1 0.0000000
8 8 8 2 -0.0600330
8 8 8 3 -0.0000000
8 8 8 4 -0.0000000
8 8 8 5 0.0000000
8 8 8 6 -0.0421601
8 8 8 7 -0.0000000
8 8 8 8 0.6728328
9 0 0 0 0.0028049
9 0 1 0 -0.0001011
9 0 1 1 0.0003608
9 0 2 0 -0.0000000
9 0 2 1 0.0000000
9 0 2 2 0.0003636
9 0 3 0 0.0001174
9 0 3 1 -0.0002044
9 0 3 2 -0.0000000
9 0 3 3 0.0004874
9 0 4 0 -0.0000814
9 0 4 1 0.0000130
9 0 4 2 -0.0000000
9 0 4 3 -0.0002784
9 0 4 4 0.0000875
9 0 5 0 -0.0001049
9 0 5 1 0.0004478
9 0 5 2 0.0000000
9 0 5 3 0.0001542
9 0 5 4 0.0002029
9 0 5 5 0.0004376
9 0 6 0 0.0000000
9 0 6 1 0.0000000
9 0 6 2 -0.0002997
9 0 6 3 0.0000000
9 0 6 4 0.0000000
9 0 6 5 -0.0000000
9 0 6 6 0.0004325
9 0 7 0 -0.0001227
9 0 7 1 -0.0000081
9 0 7 2 -0.0000000
9 0 7 3 -0.0000019
9 0 7 4 -0.0000087
9 0 7 5 -0.0000350
9 0 7 6 0.0000000
9 0 7 7 -0.0000328
9 0 8 0 0.0000000
9 0 8 1 -0.0000000
9 0 8 2 0.0001459
9 0 8 3 0.0000000
9 0 8 4 0.0000000
9 0 8 5 -0.0000000
9 0 8 6 0.0000801
9 0 8 7 0.0000000
9 0 8 8 -0.0004262
9 0 9 0 0.0000059
9 0 9 1 -0.0000172
9 0 9 2 0.0000000
9 0 9 3 -0.0000806
9 0 9 4 -0.0001639
9 0 9 5 0.0001061
9 0 9 6 0.0000000
9 0 9 7 -0.0000186
9 0 9 8 -0.0000000
9 0 9 9 -0.0027345
9 1 0 0 0.0047426
9 1 1 0 0.0000903
9 1 1 1 0.0026938
9 1 2 0 0.0000000
9 1 2 1 -0.0000000
9 1 2 2 0.0040767
9 1 3 0 -0.0000176
9 1 3 1 -0.0023746
9 1 3 2 -0.0000000
9 1 3 3 0.0018584
9 1 4 0 0.0000280
9 1 4 1 -0.0029663
9 1 4 2 0.0000000
9 1 4 3 -0.0027669
9 1 4 4 0.0004087
9 1 5 0 0.0001191
9 1 5 1 0.0030724
9 1 5 2 0.0000000
9 1 5 3 0.0020963
9 1 5 4 0.0040330
9 1 5 5 0.0009309
9 1 6 0 0.0000000
9 1 6 1 0.0000000
9 1 6 2 0.0000299
9 1 6 3 0.0000000
9 1 6 4 0.0000000
9 1 6 5 -0.0000000
9 1 6 6 0.0041361
9 1 7 0 -0.0000768
9 1 7 1 0.0003754
9 1 7 2 -0.0000000
9 1 7 3 0.0001606
9 1 7 4 0.0002084
9 1 7 5 -0.0006667
9 1 7 6 -0.0000000
9 1 7 7 -0.0009315
9 1 8 0 0.0000000
9 1 8 1 -0.0000000
9 1 8 2 0.0018024
9 1 8 3 0.0000000
9 1 8 4 0.0000000
9 1 8 5 0.0000000
9 1 8 6 0.0014350
9 1 8 7 -0.0000000
9 1 8 8 -0.0030336
9 1 9 0 -0.0000172
9 1 9 1 0.0029805
9 1 9 2 -0.0000000
9 1 9 3 0.0032275
9 1 9 4 0.0052791
9 1 9 5 -0.0051113
9 1 9 6 -0.0000000
9 1 9 7 -0.0007313
9 1 9 8 0.0000000
9 1 9 9 0.0182141
9 2 0 0 0.0000000
9 2 1 0 0.0000000
9 2 1 1 -0.0000000
9 2 2 0 0.0001390
9 2 2 1 0.0021908
9 2 2 2 0.0000000
9 2 3 0 0.0000000
9 2 3 1 0.0000000
9 2 3 2 -0.0006843
9 2 3 3 0.0000000
9 2 4 0 -0.0000000
9 2 4 1 0.0000000
9 2 4 2 -0.0023212
9 2 4 3 -0.0000000
9 2 4 4 -0.0000000
9 2 5 0 0.0000000
9 2 5 1 0.0000000
9 2 5 2 -0.0000123
9 2 5 3 0.0000000
9 2 5 4 -0.0000000
9 2 5 5 0.0000000
9 2 6 0 -0.0001837
9 2 6 1 0.0009791
9 2 6 2 0.0000000
9 2 6 3 0.0000080
9 2 6 4 -0.0025000
9 2 6 5 -0.0011950
9 2 6 6 0.0000000
9 2 7 0 -0.0000000
9 2 7 1 -0.0000000
9 2 7 2 0.0003693
9 2 7 3 0.0000000
9 2 7 4 -0.0000000
9 2 7 5 -0.0000000
9 2 7 6 -0.0000208
9 2 7 7 0.0000000
9 2 8 0 -0.0000021
9 2 8 1 0.0018591
9 2 8 2 0.0000000
9 2 8 3 0.0012438
9 2 8 4 0.0011700
9 2 8 5 -0.0020592
9 2 8 6 -0.0000000
9 2 8 7 0.0000254
9 2 8 8 -0.0000000
9 2 9 0 0.0000000
9 2 9 1 -0.0000000
9 2 9 2 0.0014243
9 2 9 3 0.0000000
9 2 9 4 0.0000000
9 2 9 5 -0.0000000
9 2 9 6 0.0012574
9 2 9 7 -0.0000000
9 2 9 8 -0.0042643
9 2 9 9 0.0000000
9 3 0 0 0.0000140
9 3 1 0 -0.0000561
9 3 1 1 -0.0006025
9 3 2 0 0.0000000
9 3 2 1 0.0000000
9 3 2 2 0.0004784
9 3 3 0 0.0000452
9 3 3 1 -0.0004259
9 3 3 2 -0.0000000
9 3 3 3 -0.0006200
9 3 4 0 -0.0000361
9 3 4 1 -0.0012319
9 3 4 2 -0.0000000
9 3 4 3 -0.0007919
9 3 4 4 -0.0009329
9 3 5 0 -0.0000459
9 3 5 1 0.0002442
9 3 5 2 -0.0000000
9 3 5 3 0.0007576
9 3 5 4 0.0008837
9 3 5 5 -0.0004144
9 3 6 0 -0.0000000
9 3 6 1 0.0000000
9 3 6 2 0.0003643
9 3 6 3 0.0000000
9 3 6 4 0.0000000
9 3 6 5 -0.0000000
9 3 6 6 0.0005495
9 3 7 0 0.0000509
9 3 7 1 -0.0000594
9 3 7 2 0.0000000
9 3 7 3 -0.0000204
9 3 7 4 -0.0000275
9 3 7 5 0.0002373
9 3 7 6 0.0000000
9 3 7 7 0.0021016
9 3 8 0 -0.0000000
9 3 8 1 0.0000000
9 3 8 2 -0.0006855
9 3 8 3 0.0000000
9 3 8 4 -0.0000000
9 3 8 5 -0.0000000
9 3 8 6 -0.0004990
9 3 8 7 0.0000000
9 3 8 8 0.0028034
9 3 9 0 -0.0000806
9 3 9 1 0.0032275
9 3 9 2 0.0000000
9 3 9 3 0.0048674
9 3 9 4 0.0085331
9 3 9 5 -0.0069993
9 3 9 6 -0.0000000
9 3 9 7 0.0005581
9 3 9 8 -0.0000000
9 3 9 9 0.0687521
9 4 0 0 -0.0012558
9 4 1 0 0.0000102
9 4 1 1 -0.0015362
9 4 2 0 0.0000000
9 4 2 1 0.0000000
9 4 2 2 -0.0011881
9 4 3 0 -0.0000688
9 4 3 1 -0.0002772
9 4 3 2 -0.0000000
9 4 3 3 -0.0008265
9 4 4 0 0.0000051
9 4 4 1 0.0004673
9 4 4 2 -0.0000000
9 4 4 3 -0.0002096
9 4 4 4 -0.0018135
9 4 5 0 -0.0000148
9 4 5 1 -0.0003809
9 4 5 2 -0.0000000
9 4 5 3 -0.0005957
9 4 5 4 -0.0010046
9 4 5 5 -0.0002728
9 4 6 0 -0.0000000
9 4 6 1 0.0000000
9 4 6 2 -0.0000062
9 4 6 3 0.0000000
9 4 6 4 -0.0000000
9 4 6 5 0.0000000
9 4 6 6 -0.0014557
9 4 7 0 -0.0000468
9 4 7 1 -0.0003555
9 4 7 2 0.0000000
9 4 7 3 0.0008431
9 4 7 4 0.0004189
9 4 7 5 -0.0000199
9 4 7 6 -0.0000000
9 4 7 7 0.0056846
9 4 8 0 -0.0000000
9 4 8 1 0.0000000
9 4 8 2 -0.0029757
9 4 8 3 0.0000000
9 4 8 4 -0.0000000
9 4 8 5 -0.0000000
9 4 8 6 -0.0024508
9 4 8 7 0.0000000
9 4 8 8 0.0083488
9 4 9 0 -0.0001639
9 4 9 1 0.0052791
9 4 9 2 0.0000000
9 4 9 3 0.0085331
9 4 9 4 0.0157566
9 4 9 5 -0.0123084
9 4 9 6 -0.0000000
9 4 9 7 -0.0004973
9 4 9 8 -0.0000000
9 4 9 9 0.1508374
9 5 0 0 0.0030941
9 5 1 0 0.0000944
9 5 1 1 0.0028630
9 5 2 0 -0.0000000
9 5 2 1 0.0000000
9 5 2 2 0.0000235
9 5 3 0 0.0001127
9 5 3 1 0.0016880
9 5 3 2 0.0000000
9 5 3 3 0.0027290
9 5 4 0 -0.0000095
9 5 4 1 0.0034069
9 5 4 2 -0.0000000
9 5 4 3 0.0016926
9 5 4 4 0.0023582
9 5 5 0 0.0001856
9 5 5 1 0.0004582
9 5 5 2 0.0000000
9 5 5 3 -0.0010204
9 5 5 4 -0.0025255
9 5 5 5 0.0034048
9 5 6 0 0.0000000
9 5 6 1 -0.0000000
9 5 6 2 -0.0017668
9 5 6 3 -0.0000000
9 5 6 4 -0.0000000
9 5 6 5 0.0000000
9 5 6 6 -0.0002695
9 5 7 0 -0.0000415
9 5 7 1 -0.0002400
9 5 7 2 -0.0000000
9 5 7 3 -0.0003339
9 5 7 4 -0.0004545
9 5 7 5 0.0004543
9 5 7 6 0.0000000
9 5 7 7 -0.0007134
9 5 8 0 0.0000000
9 5 8 1 -0.0000000
9 5 8 2 0.0006923
9 5 8 3 -0.0000000
9 5 8 4 -0.0000000
9 5 8 5 0.0000000
9 5 8 6 0.0001755
9 5 8 7 -0.0000000
9 5 8 8 -0.0028745
9 5 9 0 0.0001061
9 5 9 1 -0.0051113
9 5 9 2 -0.0000000
9 5 9 3 -0.0069993
9 5 9 4 -0.0123084
9 5 9 5 0.0105900
9 5 9 6 0.0000000
9 5 9 7 0.0008857
9 5 9 8 0.0000000
9 5 9 9 -0.0888852
9 6 0 0 0.0000000
9 6 1 0 0.0000000
9 6 1 1 0.0000000
9 6 2 0 0.0000635
9 6 2 1 0.0020653
9 6 2 2 0.0000000
9 6 3 0 0.0000000
9 6 3 1 0.0000000
9 6 3 2 -0.0006084
9 6 3 3 0.0000000
9 6 4 0 -0.0000000
9 6 4 1 0.0000000
9 6 4 2 -0.0025524
9 6 4 3 -0.0000000
9 6 4 4 -0.0000000
9 6 5 0 0.0000000
9 6 5 1 0.0000000
9 6 5 2 -0.0004472
9 6 5 3 0.0000000
9 6 5 4 0.0000000
9 6 5 5 0.0000000
9 6 6 0 -0.0000922
9 6 6 1 0.0014080
9 6 6 2 0.0000000
9 6 6 3 -0.0000347
9 6 6 4 -0.0028122
9 6 6 5 -0.0012693
9 6 6 6 0.0000000
9 6 7 0 0.0000000
9 6 7 1 0.0000000
9 6 7 2 0.0004161
9 6 7 3 -0.0000000
9 6 7 4 -0.0000000
9 6 7 5 0.0000000
9 6 7 6 -0.0000435
9 6 7 7 -0.0000000
9 6 8 0 -0.0000108
9 6 8 1 0.0019185
9 6 8 2 0.0000000
9 6 8 3 0.0012645
9 6 8 4 0.0009998
9 6 8 5 -0.0023012
9 6 8 6 0.0000000
9 6 8 7 0.0001141
9 6 8 8 -0.0000000
9 6 9 0 0.0000000
9 6 9 1 -0.0000000
9 6 9 2 0.0012574
9 6 9 3 -0.0000000
9 6 9 4 -0.0000000
9 6 9 5 0.0000000
9 6 9 6 0.0011329
9 6 9 7 0.0000000
9 6 9 8 -0.0036409
9 6 9 9 -0.0000000
9 7 0 0 -0.0009786
9 7 1 0 0.0000859
9 7 1 1 0.0008729
9 7 2 0 0.0000000
9 7 2 1 0.0000000
9 7 2 2 0.0002575
9 7 3 0 -0.0000339
9 7 3 1 -0.0002385
9 7 3 2 0.0000000
9 7 3 3 -0.0003504
9 7 4 0 0.0000399
9 7 4 1 -0.0001677
9 7 4 2 0.0000000
9 7 4 3 -0.0000857
9 7 4 4 0.0003640
9 7 5 0 0.0000847
9 7 5 1 -0.0003463
9 7 5 2 -0.0000000
9 7 5 3 -0.0001379
9 7 5 4 0.0004350
9 7 5 5 0.0001195
9 7 6 0 -0.0000000
9 7 6 1 -0.0000000
9 7 6 2 0.0007375
9 7 6 3 0.0000000
9 7 6 4 -0.0000000
9 7 6 5 -0.0000000
9 7 6 6 0.0002389
9 7 7 0 -0.0000535
9 7 7 1 -0.0009549
9 7 7 2 -0.0000000
9 7 7 3 -0.0008573
9 7 7 4 -0.0018862
9 7 7 5 0.0013065
9 7 7 6 0.0000000
9 7 7 7 -0.0001771
9 7 8 0 0.0000000
9 7 8 1 -0.0000000
9 7 8 2 0.0002657
9 7 8 3 0.0000000
9 7 8 4 0.0000000
9 7 8 5 -0.0000000
9 7 8 6 0.0003842
9 7 8 7 0.0000000
9 7 8 8 0.0000619
9 7 9 0 -0.0000186
9 7 9 1 -0.0007313
9 7 9 2 -0.0000000
9 7 9 3 0.0005581
9 7 9 4 -0.0004973
9 7 9 5 0.0008857
9 7 9 6 0.0000000
9 7 9 7 0.0091562
9 7 9 8 0.0000000
9 7 9 9 -0.0149403
9 8 0 0 0.0000000
9 8 1 0 0.0000000
9 8 1 1 -0.0000000
9 8 2 0 0.0001037
9 8 2 1 0.0033079
9 8 2 2 0.0000000
9 8 3 0 0.0000000
9 8 3 1 0.0000000
9 8 3 2 -0.0000415
9 8 3 3 -0.0000000
9 8 4 0 -0.0000000
9 8 4 1 0.0000000
9 8 4 2 -0.0019862
9 8 4 3 0.0000000
9 8 4 4 -0.0000000
9 8 5 0 0.0000000
9 8 5 1 -0.0000000
9 8 5 2 -0.0017120
9 8 5 3 -0.0000000
9 8 5 4 -0.0000000
9 8 5 5 0.0000000
9 8 6 0 -0.0001578
9 8 6 1 0.0023786
9 8 6 2 0.0000000
9 8 6 3 0.0006766
9 8 6 4 -0.0025672
9 8 6 5 -0.0028645
9 8 6 6 0.0000000
9 8 7 0 0.0000000
9 8 7 1 -0.0000000
9 8 7 2 0.0004570
9 8 7 3 0.0000000
9 8 7 4 -0.0000000
9 8 7 5 -0.0000000
9 8 7 6 -0.0000721
9 8 7 7 -0.0000000
9 8 8 0 -0.0000160
9 8 8 1 -0.0002099
9 8 8 2 -0.0000000
9 8 8 3 -0.0015050
9 8 8 4 -0.0043011
9 8 8 5 0.0011221
9 8 8 6 0.0000000
9 8 8 7 0.0004312
9 8 8 8 -0.0000000
9 8 9 0 -0.0000000
9 8 9 1 0.0000000
9 8 9 2 -0.0042643
9 8 9 3 -0.0000000
9 8 9 4 -0.0000000
9 8 9 5 0.0000000
9 8 9 6 -0.0036409
9 8 9 7 0.0000000
9 8 9 8 0.0145315
9 8 9 9 -0.0000000
9 9 0 0 0.3431390
9 9 1 0 0.0035347
9 9 1 1 0.5034795
9 9 2 0 0.0000000
9 9 2 1 0.0000000
9 9 2 2 0.3739041
9 9 3 0 0.0045650
9 9 3 1 0.1295904
9 9 3 2 0.0000000
9 9 3 3 0.4021491
9 9 4 0 -0.0015025
9 9 4 1 0.1378692
9 9 4 2 0.0000000
9 9 4 3 0.1678349
9 9 4 4 0.5630261
9 9 5 0 0.0085273
9 9 5 1 -0.1145487
9 9 5 2 -0.0000000
9 9 5 3 -0.1400672
9 9 5 4 -0.1760059
9 9 5 5 0.5686299
9 9 6 0 0.0000000
9 9 6 1 -0.0000000
9 9 6 2 0.0548113
9 9 6 3 -0.0000000
9 9 6 4 -0.0000000
9 9 6 5 0.0000000
9 9 6 6 0.3616654
9 9 7 0 -0.0020433
9 9 7 1 -0.0107517
9 9 7 2 -0.0000000
9 9 7 3 0.0460518
9 9 7 4 0.0046210
9 9 7 5 0.0176507
9 9 7 6 -0.0000000
9 9 7 7 0.6182421
9 9 8 0 -0.0000000
9 9 8 1 0.0000000
9 9 8 2 -0.1097741
9 9 8 3 -0.0000000
9 9 8 4 -0.0000000
9 9 8 5 0.0000000
9 9 8 6 -0.0886272
9 9 8 7 -0.0000000
9 9 8 8 0.8416888
9 9 9 0 -0.0027345
9 9 9 1 0.0182141
9 9 9 2 0.0000000
9 9 9 3 0.0687521
9 9 9 4 0.1508374
9 9 9 5 -0.0888852
9 9 9 6 -0.0000000
9 9 9 7 -0.0149403
9 9 9 8 -0.0000000
9 9 9 9 3.4993865
10 0 0 0 0.0250975
10 0 1 0 -0.0010076
10 0 1 1 0.0026955
10 0 2 0 -0.0000000
10 0 2 1 0.0000000
10 0 2 2 0.0012568
10 0 3 0 0.0009800
10 0 3 1 -0.0016269
10 0 3 2 -0.0000000
10 0 3 3 0.0025230
10 0 4 0 -0.0008173
10 0 4 1 0.0008532
10 0 4 2 0.0000000
10 0 4 3 -0.0012003
10 0 4 4 0.0011863
10 0 5 0 -0.0013627
10 0 5 1 0.0021536
10 0 5 2 0.0000000
10 0 5 3 -0.0009292
10 0 5 4 0.0011196
10 0 5 5 0.0023842
10 0 6 0 0.0000000
10 0 6 1 -0.0000000
10 0 6 2 -0.0004625
10 0 6 3 0.0000000
10 0 6 4 0.0000000
10 0 6 5 -0.0000000
10 0 6 6 0.0011072
10 0 7 0 -0.0027173
10 0 7 1 -0.0004109
10 0 7 2 -0.0000000
10 0 7 3 0.0005349
10 0 7 4 -0.0004245
10 0 7 5 -0.0007244
10 0 7 6 0.0000000
10 0 7 7 -0.0012120
10 0 8 0 0.0000000
10 0 8 1 -0.0000000
10 0 8 2 0.0003545
10 0 8 3 0.0000000
10 0 8 4 0.0000000
10 0 8 5 -0.0000000
10 0 8 6 0.0001888
10 0 8 7 0.0000000
10 0 8 8 -0.0006597
10 0 9 0 0.0000359
10 0 9 1 0.0000596
10 0 9 2 0.0000000
10 0 9 3 -0.0000148
10 0 9 4 -0.0000146
10 0 9 5 0.0000242
10 0 9 6 0.0000000
10 0 9 7 0.0000115
10 0 9 8 0.0000000
10 0 9 9 -0.0008090
10 0 10 0 0.0006751
10 0 10 1 0.0005236
10 0 10 2 0.0000000
10 0 10 3 -0.0000895
10 0 10 4 0.0001799
10 0 10 5 0.0000648
10 0 10 6 -0.0000000
10 0 10 7 -0.0000160
10 0 10 8 -0.0000000
10 0 10 9 0.0000063
10 0 10 10 -0.0010844
10 1 0 0 0.0332441
10 1 1 0 0.0010059
10 1 1 1 0.0328068
10 1 2 0 0.0000000
10 1 2 1 0.0000000
10 1 2 2 0.0251863
10 1 3 0 -0.0006373
10 1 3 1 -0.0054551
10 1 3 2 -0.0000000
10 1 3 3 0.0255742
10 1 4 0 0.0004802
10 1 4 1 -0.0004957
10 1 4 2 0.0000000
10 1 4 3 -0.0035056
10 1 4 4 0.0255830
10 1 5 0 0.0010322
10 1 5 1 0.0115307
10 1 5 2 0.0000000
10 1 5 3 0.0006742
10 1 5 4 0.0081005
10 1 5 5 0.0231060
10 1 6 0 -0.0000000
10 1 6 1 0.0000000
10 1 6 2 -0.0004688
10 1 6 3 0.0000000
10 1 6 4 0.0000000
10 1 6 5 -0.0000000
10 1 6 6 0.0253628
10 1 7 0 -0.0009422
10 1 7 1 0.0009788
10 1 7 2 0.0000000
10 1 7 3 0.0008263
10 1 7 4 -0.0000382
10 1 7 5 -0.0051055
10 1 7 6 -0.0000000
10 1 7 7 -0.0021565
10 1 8 0 0.0000000
10 1 8 1 -0.0000000
10 1 8 2 0.0116007
10 1 8 3 0.0000000
10 1 8 4 0.0000000
10 1 8 5 -0.0000000
10 1 8 6 0.0091515
10 1 8 7 -0.0000000
10 1 8 8 -0.0113593
10 1 9 0 0.0001158
10 1 9 1 0.0009943
10 1 9 2 0.0000000
10 1 9 3 -0.0013681
10 1 9 4 -0.0037254
10 1 9 5 0.0019441
10 1 9 6 0.0000000
10 1 9 7 0.0003142
10 1 9 8 -0.0000000
10 1 9 9 -0.0405121
10 1 10 0 0.0005236
10 1 10 1 0.0215679
10 1 10 2 0.0000000
10 1 10 3 0.0112872
10 1 10 4 0.0115539
10 1 10 5 -0.0194081
10 1 10 6 -0.0000000
10 1 10 7 -0.0016583
10 1 10 8 0.0000000
10 1 10 9 0.0001642
10 1 10 10 -0.0533386
10 2 0 0 0.0000000
10 2 1 0 0.0000000
10 2 1 1 0.0000000
10 2 2 0 -0.0006326
10 2 2 1 0.0002944
10 2 2 2 0.0000000
10 2 3 0 -0.0000000
10 2 3 1 -0.0000000
10 2 3 2 0.0007067
10 2 3 3 0.0000000
10 2 4 0 0.0000000
10 2 4 1 0.0000000
10 2 4 2 -0.0008913
10 2 4 3 -0.0000000
10 2 4 4 0.0000000
10 2 5 0 0.0000000
10 2 5 1 0.0000000
10 2 5 2 -0.0015360
10 2 5 3 -0.0000000
10 2 5 4 0.0000000
10 2 5 5 0.0000000
10 2 6 0 0.0009688
10 2 6 1 0.0017542
10 2 6 2 0.0000000
10 2 6 3 -0.0016527
10 2 6 4 -0.0007740
10 2 6 5 -0.0003532
10 2 6 6 0.0000000
10 2 7 0 -0.0000000
10 2 7 1 0.0000000
10 2 7 2 -0.0032070
10 2 7 3 0.0000000
10 2 7 4 0.0000000
10 2 7 5 -0.0000000
10 2 7 6 0.0032038
10 2 7 7 -0.0000000
10 2 8 0 0.0000884
10 2 8 1 -0.0002220
10 2 8 2 0.0000000
10 2 8 3 -0.0022493
10 2 8 4 -0.0044175
10 2 8 5 0.0035735
10 2 8 6 0.0000000
10 2 8 7 0.0006956
10 2 8 8 -0.0000000
10 2 9 0 0.0000000
10 2 9 1 0.0000000
10 2 9 2 -0.0004754
10 2 9 3 -0.0000000
10 2 9 4 -0.0000000
10 2 9 5 0.0000000
10 2 9 6 -0.0005598
10 2 9 7 0.0000000
10 2 9 8 0.0009375
10 2 9 9 -0.0000000
10 2 10 0 0.0000000
10 2 10 1 0.0000000
10 2 10 2 0.0071267
10 2 10 3 0.0000000
10 2 10 4 0.0000000
10 2 10 5 -0.0000000
10 2 10 6 0.0042564
10 2 10 7 -0.0000000
10 2 10 8 -0.0232975
10 2 10 9 -0.0000000
10 2 10 10 -0.0000000
10 3 0 0 0.0105791
10 3 1 0 -0.0006891
10 3 1 1 0.0106103
10 3 2 0 -0.0000000
10 3 2 1 -0.0000000
10 3 2 2 0.0090529
10 3 3 0 -0.0001701
10 3 3 1 0.0033785
10 3 3 2 0.0000000
10 3 3 3 0.0118270
10 3 4 0 -0.0001253
10 3 4 1 0.0017148
10 3 4 2 -0.0000000
10 3 4 3 0.0024581
10 3 4 4 0.0139125
10 3 5 0 -0.0012240
10 3 5 1 -0.0016005
10 3 5 2 -0.0000000
10 3 5 3 0.0009338
10 3 5 4 -0.0035754
10 3 5 5 0.0093490
10 3 6 0 0.0000000
10 3 6 1 -0.0000000
10 3 6 2 -0.0013404
10 3 6 3 -0.0000000
10 3 6 4 -0.0000000
10 3 6 5 0.0000000
10 3 6 6 0.0107606
10 3 7 0 0.0004742
10 3 7 1 0.0018203
10 3 7 2 0.0000000
10 3 7 3 -0.0022272
10 3 7 4 0.0051267
10 3 7 5 -0.0045047
10 3 7 6 -0.0000000
10 3 7 7 0.0071439
10 3 8 0 0.0000000
10 3 8 1 -0.0000000
10 3 8 2 0.0030073
10 3 8 3 0.0000000
10 3 8 4 0.0000000
10 3 8 5 -0.0000000
10 3 8 6 0.0027538
10 3 8 7 0.0000000
10 3 8 8 0.0045176
10 3 9 0 0.0000320
10 3 9 1 -0.0001478
10 3 9 2 -0.0000000
10 3 9 3 -0.0011979
10 3 9 4 -0.0026964
10 3 9 5 0.0017335
10 3 9 6 0.0000000
10 3 9 7 -0.0001651
10 3 9 8 0.0000000
10 3 9 9 -0.0088364
10 3 10 0 -0.0000895
10 3 10 1 0.0112872
10 3 10 2 0.0000000
10 3 10 3 0.0105630
10 3 10 4 0.0100061
10 3 10 5 -0.0134110
10 3 10 6 -0.0000000
10 3 10 7 0.0096391
10 3 10 8 -0.0000000
10 3 10 9 -0.0012035
10 3 10 10 -0.0181070
10 4 0 0 0.0131009
10 4 1 0 0.0009685
10 4 1 1 0.0230482
10 4 2 0 0.0000000
10 4 2 1 0.0000000
10 4 2 2 0.0092371
10 4 3 0 0.0001329
10 4 3 1 0.0057149
10 4 3 2 -0.0000000
10 4 3 3 0.0154340
10 4 4 0 0.0001380
10 4 4 1 0.0120110
10 4 4 2 -0.0000000
10 4 4 3 0.0087714
10 4 4 4 0.0203637
10 4 5 0 0.0015464
10 4 5 1 0.0008957
10 4 5 2 0.0000000
10 4 5 3 -0.0079924
10 4 5 4 -0.0082939
10 4 5 5 0.0217298
10 4 6 0 -0.0000000
10 4 6 1 -0.0000000
10 4 6 2 -0.0010666
10 4 6 3 -0.0000000
10 4 6 4 -0.0000000
10 4 6 5 0.0000000
10 4 6 6 0.0069867
10 4 7 0 -0.0007446
10 4 7 1 0.0009274
10 4 7 2 0.0000000
10 4 7 3 0.0059389
10 4 7 4 0.0034255
10 4 7 5 -0.0025199
10 4 7 6 -0.0000000
10 4 7 7 0.0177505
10 4 8 0 0.0000000
10 4 8 1 0.0000000
10 4 8 2 -0.0012456
10 4 8 3 -0.0000000
10 4 8 4 -0.0000000
10 4 8 5 0.0000000
10 4 8 6 -0.0013858
10 4 8 7 0.0000000
10 4 8 8 0.0226714
10 4 9 0 0.0000365
10 4 9 1 -0.0008623
10 4 9 2 -0.0000000
10 4 9 3 -0.0017977
10 4 9 4 -0.0031444
10 4 9 5 0.0028183
10 4 9 6 0.0000000
10 4 9 7 -0.0002253
10 4 9 8 0.0000000
10 4 9 9 0.0158835
10 4 10 0 0.0001799
10 4 10 1 0.0115539
10 4 10 2 0.0000000
10 4 10 3 0.0100061
10 4 10 4 0.0140549
10 4 10 5 -0.0143690
10 4 10 6 -0.0000000
10 4 10 7 0.0119537
10 4 10 8 -0.0000000
10 4 10 9 -0.0030921
10 4 10 10 -0.0005403
10 5 0 0 -0.0138153
10 5 1 0 0.0001913
10 5 1 1 -0.0197515
10 5 2 0 0.0000000
10 5 2 1 -0.0000000
10 5 2 2 -0.0167385
10 5 3 0 -0.0019139
10 5 3 1 -0.0063427
10 5 3 2 -0.0000000
10 5 3 3 -0.0088192
10 5 4 0 0.0007733
10 5 4 1 0.0017347
10 5 4 2 -0.0000000
10 5 4 3 -0.0074919
10 5 4 4 -0.0222289
10 5 5 0 -0.0010939
10 5 5 1 -0.0003612
10 5 5 2 0.0000000
10 5 5 3 -0.0007373
10 5 5 4 -0.0012200
10 5 5 5 -0.0176573
10 5 6 0 -0.0000000
10 5 6 1 -0.0000000
10 5 6 2 -0.0036616
10 5 6 3 0.0000000
10 5 6 4 0.0000000
10 5 6 5 0.0000000
10 5 6 6 -0.0172842
10 5 7 0 -0.0007509
10 5 7 1 -0.0042008
10 5 7 2 -0.0000000
10 5 7 3 -0.0025309
10 5 7 4 -0.0005351
10 5 7 5 -0.0029296
10 5 7 6 0.0000000
10 5 7 7 -0.0057761
10 5 8 0 -0.0000000
10 5 8 1 0.0000000
10 5 8 2 -0.0070787
10 5 8 3 -0.0000000
10 5 8 4 -0.0000000
10 5 8 5 0.0000000
10 5 8 6 -0.0063547
10 5 8 7 -0.0000000
10 5 8 8 -0.0059181
10 5 9 0 -0.0000631
10 5 9 1 0.0000327
10 5 9 2 0.0000000
10 5 9 3 0.0019548
10 5 9 4 0.0047770
10 5 9 5 -0.0027965
10 5 9 6 -0.0000000
10 5 9 7 -0.0001421
10 5 9 8 -0.0000000
10 5 9 9 0.0291890
10 5 10 0 0.0000648
10 5 10 1 -0.0194081
10 5 10 2 -0.0000000
10 5 10 3 -0.0134110
10 5 10 4 -0.0143690
10 5 10 5 0.0245385
10 5 10 6 0.0000000
10 5 10 7 -0.0023963
10 5 10 8 0.0000000
10 5 10 9 0.0000681
10 5 10 10 0.0424743
10 6 0 0 -0.0000000
10 6 1 0 -0.0000000
10 6 1 1 -0.0000000
10 6 2 0 0.0012906
10 6 2 1 0.0085290
10 6 2 2 -0.0000000
10 6 3 0 -0.0000000
10 6 3 1 -0.0000000
10 6 3 2 -0.0037187
10 6 3 3 -0.0000000
10 6 4 0 -0.0000000
10 6 4 1 -0.0000000
10 6 4 2 -0.0065040
10 6 4 3 -0.0000000
10 6 4 4 -0.0000000
10 6 5 0 -0.0000000
10 6 5 1 -0.0000000
10 6 5 2 -0.0010638
10 6 5 3 0.0000000
10 6 5 4 0.0000000
10 6 5 5 -0.0000000
10 6 6 0 -0.0019816
10 6 6 1 0.0027720
10 6 6 2 0.0000000
10 6 6 3 0.0029166
10 6 6 4 -0.0086460
10 6 6 5 -0.0057173
10 6 6 6 0.0000000
10 6 7 0 0.0000000
10 6 7 1 -0.0000000
10 6 7 2 0.0043431
10 6 7 3 -0.0000000
10 6 7 4 -0.0000000
10 6 7 5 0.0000000
10 6 7 6 -0.0047662
10 6 7 7 -0.0000000
10 6 8 0 0.0000966
10 6 8 1 0.0030718
10 6 8 2 0.0000000
10 6 8 3 -0.0005869
10 6 8 4 -0.0043861
10 6 8 5 0.0001664
10 6 8 6 0.0000000
10 6 8 7 0.0013379
10 6 8 8 -0.0000000
10 6 9 0 -0.0000000
10 6 9 1 0.0000000
10 6 9 2 -0.0002923
10 6 9 3 0.0000000
10 6 9 4 0.0000000
10 6 9 5 -0.0000000
10 6 9 6 -0.0002603
10 6 9 7 0.0000000
10 6 9 8 0.0014103
10 6 9 9 -0.0000000
10 6 10 0 -0.0000000
10 6 10 1 -0.0000000
10 6 10 2 0.0042564
10 6 10 3 -0.0000000
10 6 10 4 -0.0000000
10 6 10 5 0.0000000
10 6 10 6 0.0055460
10 6 10 7 -0.0000000
10 6 10 8 -0.0150982
10 6 10 9 0.0000000
10 6 10 10 0.0000000
10 7 0 0 -0.0551871
10 7 1 0 0.0026589
10 7 1 1 0.0073544
10 7 2 0 0.0000000
10 7 2 1 0.0000000
10 7 2 2 -0.0111537
10 7 3 0 -0.0016183
10 7 3 1 0.0053737
10 7 3 2 0.0000000
10 7 3 3 -0.0158684
10 7 4 0 0.0011440
10 7 4 1 0.0045449
10 7 4 2 0.0000000
10 7 4 3 0.0185624
10 7 4 4 0.0134699
10 7 5 0 0.0027978
10 7 5 1 -0.0183986
10 7 5 2 -0.0000000
10 7 5 3 -0.0199322
10 7 5 4 -0.0062054
10 7 5 5 -0.0046777
10 7 6 0 -0.0000000
10 7 6 1 -0.0000000
10 7 6 2 0.0228896
10 7 6 3 -0.0000000
10 7 6 4 -0.0000000
10 7 6 5 0.0000000
10 7 6 6 -0.0155470
10 7 7 0 -0.0023885
10 7 7 1 0.0030166
10 7 7 2 -0.0000000
10 7 7 3 0.0166795
10 7 7 4 0.0183245
10 7 7 5 -0.0167581
10 7 7 6 -0.0000000
10 7 7 7 -0.0054842
10 7 8 0 -0.0000000
10 7 8 1 0.0000000
10 7 8 2 -0.0057265
10 7 8 3 -0.0000000
10 7 8 4 0.0000000
10 7 8 5 0.0000000
10 7 8 6 -0.0005455
10 7 8 7 -0.0000000
10 7 8 8 0.0340599
10 7 9 0 -0.0000872
10 7 9 1 -0.0000570
10 7 9 2 0.0000000
10 7 9 3 0.0001499
10 7 9 4 0.0012206
10 7 9 5 -0.0009221
10 7 9 6 -0.0000000
10 7 9 7 -0.0002962
10 7 9 8 -0.0000000
10 7 9 9 0.0632169
10 7 10 0 -0.0000160
10 7 10 1 -0.0016583
10 7 10 2 -0.0000000
10 7 10 3 0.0096391
10 7 10 4 0.0119537
10 7 10 5 -0.0023963
10 7 10 6 -0.0000000
10 7 10 7 0.0750982
10 7 10 8 -0.0000000
10 7 10 9 -0.0038249
10 7 10 10 0.0676330
10 8 0 0 0.0000000
10 8 1 0 0.0000000
10 8 1 1 -0.0000000
10 8 2 0 0.0010370
10 8 2 1 0.0260402
10 8 2 2 0.0000000
10 8 3 0 0.0000000
10 8 3 1 0.0000000
10 8 3 2 -0.0051140
10 8 3 3 -0.0000000
10 8 4 0 -0.0000000
10 8 4 1 0.0000000
10 8 4 2 -0.0270148
10 8 4 3 -0.0000000
10 8 4 4 -0.0000000
10 8 5 0 0.0000000
10 8 5 1 -0.0000000
10 8 5 2 -0.0050145
10 8 5 3 -0.0000000
10 8 5 4 -0.0000000
10 8 5 5 0.0000000
10 8 6 0 -0.0012923
10 8 6 1 0.0175334
10 8 6 2 0.0000000
10 8 6 3 0.0011207
10 8 6 4 -0.0301453
10 8 6 5 -0.0169073
10 8 6 6 0.0000000
10 8 7 0 0.0000000
10 8 7 1 -0.0000000
10 8 7 2 0.0049265
10 8 7 3 0.0000000
10 8 7 4 0.0000000
10 8 7 5 -0.0000000
10 8 7 6 0.0012424
10 8 7 7 0.0000000
10 8 8 0 -0.0004840
10 8 8 1 0.0212177
10 8 8 2 -0.0000000
10 8 8 3 0.0175552
10 8 8 4 0.0155857
10 8 8 5 -0.0341965
10 8 8 6 -0.0000000
10 8 8 7 0.0012063
10 8 8 8 0.0000000
10 8 9 0 0.0000000
10 8 9 1 -0.0000000
10 8 9 2 0.0026079
10 8 9 3 0.0000000
10 8 9 4 0.0000000
10 8 9 5 -0.0000000
10 8 9 6 0.0032370
10 8 9 7 -0.0000000
10 8 9 8 0.0000316
10 8 9 9 0.0000000
10 8 10 0 -0.0000000
10 8 10 1 0.0000000
10 8 10 2 -0.0232975
10 8 10 3 -0.0000000
10 8 10 4 -0.0000000
10 8 10 5 0.0000000
10 8 10 6 -0.0150982
10 8 10 7 -0.0000000
10 8 10 8 0.1090359
10 8 10 9 0.0000000
10 8 10 10 0.0000000
10 9 0 0 -0.0125061
10 9 1 0 -0.0002118
10 9 1 1 -0.0237421
10 9 2 0 -0.0000000
10 9 2 1 -0.0000000
10 9 2 2 -0.0137229
10 9 3 0 -0.0003565
10 9 3 1 -0.0113915
10 9 3 2 -0.0000000
10 9 3 3 -0.0190725
10 9 4 0 0.0001607
10 9 4 1 -0.0141180
10 9 4 2 -0.0000000
10 9 4 3 -0.0155690
10 9 4 4 -0.0323458
10 9 5 0 -0.0006229
10 9 5 1 0.0093859
10 9 5 2 0.0000000
10 9 5 3 0.0122862
10 9 5 4 0.0187215
10 9 5 5 -0.0316857
10 9 6 0 -0.0000000
10 9 6 1 0.0000000
10 9 6 2 -0.0027585
10 9 6 3 0.0000000
10 9 6 4 0.0000000
10 9 6 5 -0.0000000
10 9 6 6 -0.0123438
10 9 7 0 0.0001055
10 9 7 1 0.0010788
10 9 7 2 0.0000000
10 9 7 3 -0.0030596
10 9 7 4 -0.0004382
10 9 7 5 -0.0017802
10 9 7 6 0.0000000
10 9 7 7 -0.0335518
10 9 8 0 0.0000000
10 9 8 1 -0.0000000
10 9 8 2 0.0097100
10 9 8 3 0.0000000
10 9 8 4 0.0000000
10 9 8 5 -0.0000000
10 9 8 6 0.0087745
10 9 8 7 0.0000000
10 9 8 8 -0.0496115
10 9 9 0 0.0002715
10 9 9 1 -0.0043745
10 9 9 2 -0.0000000
10 9 9 3 -0.0089407
10 9 9 4 -0.0182443
10 9 9 5 0.0125949
10 9 9 6 0.0000000
10 9 9 7 0.0036630
10 9 9 8 0.0000000
10 9 9 9 -0.3648281
10 9 10 0 0.0000063
10 9 10 1 0.0001642
10 9 10 2 -0.0000000
10 9 10 3 -0.0012035
10 9 10 4 -0.0030921
10 9 10 5 0.0000681
10 9 10 6 0.0000000
10 9 10 7 -0.0038249
10 9 10 8 0.0000000
10 9 10 9 0.0530068
10 9 10 10 -0.0389062
10 10 0 0 0.2902849
10 10 1 0 0.0021288
10 10 1 1 0.3838384
10 10 2 0 0.0000000
10 10 2 1 0.0000000
10 10 2 2 0.3101494
10 10 3 0 0.0027445
10 10 3 1 0.0663084
10 10 3 2 0.0000000
10 10 3 3 0.3076317
10 10 4 0 -0.0007412
10 10 4 1 0.0601193
10 10 4 2 0.0000000
10 10 4 3 0.0799451
10 10 4 4 0.3888691
10 10 5 0 0.0047222
10 10 5 1 -0.0632846
10 10 5 2 -0.0000000
10 10 5 3 -0.0729299
10 10 5 4 -0.0720491
10 10 5 5 0.4063582
10 10 6 0 0.0000000
10 10 6 1 -0.0000000
10 10 6 2 0.0398156
10 10 6 3 -0.0000000
10 10 6 4 -0.0000000
10 10 6 5 0.0000000
10 10 6 6 0.3054720
10 10 7 0 -0.0014390
10 10 7 1 -0.0028292
10 10 7 2 -0.0000000
10 10 7 3 0.0369004
10 10 7 4 0.0141139
10 10 7 5 0.0007215
10 10 7 6 -0.0000000
10 10 7 7 0.4644441
10 10 8 0 -0.0000000
10 10 8 1 0.0000000
10 10 8 2 -0.0664853
10 10 8 3 -0.0000000
10 10 8 4 -0.0000000
10 10 8 5 0.0000000
10 10 8 6 -0.0488187
10 10 8 7 -0.0000000
10 10 8 8 0.6110813
10 10 9 0 -0.0005267
10 10 9 1 -0.0036545
10 10 9 2 -0.0000000
10 10 9 3 0.0054279
10 10 9 4 0.0161522
10 10 9 5 -0.0068698
10 10 9 6 -0.0000000
10 10 9 7 -0.0004448
10 10 9 8 -0.0000000
10 10 9 9 0.8412170
10 10 10 0 -0.0010844
10 10 10 1 -0.0533386
10 10 10 2 -0.0000000
10 10 10 3 -0.0181070
10 10 10 4 -0.0005403
10 10 10 5 0.0424743
10 10 10 6 0.0000000
10 10 10 7 0.0676330
10 10 10 8 0.0000000
10 10 10 9 -0.0389062
10 10 10 10 0.7072844
11 0 0 0 -0.0814072
11 0 1 0 0.0034773
11 0 1 1 -0.0072206
11 0 2 0 0.0000000
11 0 2 1 -0.0000000
11 0 2 2 -0.0008032
11 0 3 0 -0.0030684
11 0 3 1 0.0053957
11 0 3 2 0.0000000
11 0 3 3 -0.0049595
11 0 4 0 0.0027898
11 0 4 1 -0.0032489
11 0 4 2 -0.0000000
11 0 4 3 0.0026011
11 0 4 4 -0.0033691
11 0 5 0 0.0051426
11 0 5 1 -0.0046022
11 0 5 2 -0.0000000
11 0 5 3 0.0058675
11 0 5 4 -0.0033850
11 0 5 5 -0.0043907
11 0 6 0 -0.0000000
11 0 6 1 0.0000000
11 0 6 2 -0.0016547
11 0 6 3 -0.0000000
11 0 6 4 0.0000000
11 0 6 5 0.0000000
11 0 6 6 0.0006861
11 0 7 0 0.0111473
11 0 7 1 0.0016692
11 0 7 2 0.0000000
11 0 7 3 -0.0025862
11 0 7 4 0.0014771
11 0 7 5 0.0032945
11 0 7 6 -0.0000000
11 0 7 7 0.0064531
11 0 8 0 -0.0000000
11 0 8 1 0.0000000
11 0 8 2 -0.0001562
11 0 8 3 -0.0000000
11 0 8 4 -0.0000000
11 0 8 5 0.0000000
11 0 8 6 -0.0002285
11 0 8 7 0.0000000
11 0 8 8 -0.0008651
11 0 9 0 -0.0001215
11 0 9 1 -0.0000948
11 0 9 2 -0.0000000
11 0 9 3 0.0000633
11 0 9 4 -0.0000168
11 0 9 5 -0.0000560
11 0 9 6 0.0000000
11 0 9 7 -0.0000476
11 0 9 8 0.0000000
11 0 9 9 -0.0008092
11 0 10 0 -0.0026936
11 0 10 1 -0.0011126
11 0 10 2 -0.0000000
11 0 10 3 0.0005059
11 0 10 4 -0.0007001
11 0 10 5 -0.0007766
11 0 10 6 0.0000000
11 0 10 7 -0.0020190
11 0 10 8 -0.0000000
11 0 10 9 -0.0000020
11 0 10 10 -0.0005746
11 0 11 0 0.0110504
11 0 11 1 0.0033826
11 0 11 2 0.0000000
11 0 11 3 -0.0020651
11 0 11 4 0.0023275
11 0 11 5 0.0035434
11 0 11 6 -0.0000000
11 0 11 7 0.0071474
11 0 11 8 -0.0000000
11 0 11 9 0.0000720
11 0 11 10 -0.0010745
11 0 11 11 0.0067918
11 1 0 0 -0.0094767
11 1 1 0 -0.0021402
11 1 1 1 -0.0100134
11 1 2 0 -0.0000000
11 1 2 1 -0.0000000
11 1 2 2 0.0011855
11 1 3 0 0.0048651
11 1 3 1 0.0224042
11 1 3 2 0.0000000
11 1 3 3 -0.0150293
11 1 4 0 -0.0022801
11 1 4 1 -0.0041231
11 1 4 2 -0.0000000
11 1 4 3 0.0138996
11 1 4 4 -0.0006849
11 1 5 0 0.0001878
11 1 5 1 -0.0081283
11 1 5 2 -0.0000000
11 1 5 3 0.0101591
11 1 5 4 -0.0078807
11 1 5 5 0.0034218
11 1 6 0 0.0000000
11 1 6 1 0.0000000
11 1 6 2 -0.0016303
11 1 6 3 -0.0000000
11 1 6 4 0.0000000
11 1 6 5 0.0000000
11 1 6 6 0.0000245
11 1 7 0 0.0031816
11 1 7 1 0.0013875
11 1 7 2 0.0000000
11 1 7 3 -0.0077715
11 1 7 4 -0.0097211
11 1 7 5 0.0243209
11 1 7 6 0.0000000
11 1 7 7 0.0120653
11 1 8 0 -0.0000000
11 1 8 1 -0.0000000
11 1 8 2 -0.0002688
11 1 8 3 -0.0000000
11 1 8 4 -0.0000000
11 1 8 5 0.0000000
11 1 8 6 -0.0017490
11 1 8 7 -0.0000000
11 1 8 8 0.0079631
11 1 9 0 -0.0000543
11 1 9 1 -0.0007703
11 1 9 2 -0.0000000
11 1 9 3 0.0000031
11 1 9 4 -0.0007942
11 1 9 5 0.0006186
11 1 9 6 0.0000000
11 1 9 7 0.0003885
11 1 9 8 -0.0000000
11 1 9 9 0.0084990
11 1 10 0 -0.0008366
11 1 10 1 -0.0036907
11 1 10 2 -0.0000000
11 1 10 3 0.0004589
11 1 10 4 -0.0008435
11 1 10 5 -0.0060086
11 1 10 6 -0.0000000
11 1 10 7 -0.0122569
11 1 10 8 0.0000000
11 1 10 9 -0.0020156
11 1 10 10 -0.0093800
11 1 11 0 0.0033826
11 1 11 1 0.0280510
11 1 11 2 0.0000000
11 1 11 3 0.0097149
11 1 11 4 0.0142567
11 1 11 5 0.0074680
11 1 11 6 -0.0000000
11 1 11 7 0.0006123
11 1 11 8 0.0000000
11 1 11 9 -0.0000006
11 1 11 10 0.0068387
11 1 11 11 0.0196198
11 2 0 0 -0.0000000
11 2 1 0 -0.0000000
11 2 1 1 -0.0000000
11 2 2 0 0.0042783
11 2 2 1 0.0169030
11 2 2 2 0.0000000
11 2 3 0 0.0000000
11 2 3 1 0.0000000
11 2 3 2 -0.0084980
11 2 3 3 -0.0000000
11 2 4 0 -0.0000000
11 2 4 1 -0.0000000
11 2 4 2 -0.0091317
11 2 4 3 0.0000000
11 2 4 4 -0.0000000
11 2 5 0 -0.0000000
11 2 5 1 -0.0000000
11 2 5 2 0.0043515
11 2 5 3 0.0000000
11 2 5 4 -0.0000000
11 2 5 5 -0.0000000
11 2 6 0 -0.0064996
11 2 6 1 -0.0024905
11 2 6 2 0.0000000
11 2 6 3 0.0094228
11 2 6 4 -0.0116150
11 2 6 5 -0.0102698
11 2 6 6 0.0000000
11 2 7 0 0.0000000
11 2 7 1 -0.0000000
11 2 7 2 0.0153686
11 2 7 3 -0.0000000
11 2 7 4 -0.0000000
11 2 7 5 0.0000000
11 2 7 6 -0.0181172
11 2 7 7 0.0000000
11 2 8 0 0.0001308
11 2 8 1 0.0038454
11 2 8 2 -0.0000000
11 2 8 3 0.0009755
11 2 8 4 -0.0026787
11 2 8 5 -0.0002278
11 2 8 6 0.0000000
11 2 8 7 0.0037070
11 2 8 8 -0.0000000
11 2 9 0 -0.0000000
11 2 9 1 -0.0000000
11 2 9 2 0.0000455
11 2 9 3 0.0000000
11 2 9 4 0.0000000
11 2 9 5 -0.0000000
11 2 9 6 0.0000603
11 2 9 7 -0.0000000
11 2 9 8 0.0005436
11 2 9 9 0.0000000
11 2 10 0 -0.0000000
11 2 10 1 -0.0000000
11 2 10 2 -0.0019075
11 2 10 3 0.0000000
11 2 10 4 0.0000000
11 2 10 5 -0.0000000
11 2 10 6 0.0054117
11 2 10 7 -0.0000000
11 2 10 8 -0.0038586
11 2 10 9 -0.0000000
11 2 10 10 -0.0000000
11 2 11 0 0.0000000
11 2 11 1 0.0000000
11 2 11 2 0.0188104
11 2 11 3 0.0000000
11 2 11 4 -0.0000000
11 2 11 5 0.0000000
11 2 11 6 -0.0166032
11 2 11 7 0.0000000
11 2 11 8 -0.0010019
11 2 11 9 0.0000000
11 2 11 10 0.0000000
11 2 11 11 0.0000000
11 3 0 0 0.0182298
11 3 1 0 0.0038026
11 3 1 1 0.0343628
11 3 2 0 0.0000000
11 3 2 1 0.0000000
11 3 2 2 0.0134438
11 3 3 0 0.0030463
11 3 3 1 0.0038706
11 3 3 2 0.0000000
11 3 3 3 0.0044277
11 3 4 0 -0.0001603
11 3 4 1 0.0072149
11 3 4 2 0.0000000
11 3 4 3 0.0094539
11 3 4 4 0.0167485
11 3 5 0 0.0080814
11 3 5 1 0.0146891
11 3 5 2 0.0000000
11 3 5 3 -0.0083898
11 3 5 4 0.0076250
11 3 5 5 0.0317365
11 3 6 0 0.0000000
11 3 6 1 -0.0000000
11 3 6 2 0.0060112
11 3 6 3 -0.0000000
11 3 6 4 -0.0000000
11 3 6 5 -0.0000000
11 3 6 6 0.0056982
11 3 7 0 -0.0020162
11 3 7 1 -0.0039746
11 3 7 2 -0.0000000
11 3 7 3 0.0139703
11 3 7 4 -0.0161477
11 3 7 5 0.0188026
11 3 7 6 0.0000000
11 3 7 7 0.0015798
11 3 8 0 0.0000000
11 3 8 1 0.0000000
11 3 8 2 0.0037011
11 3 8 3 0.0000000
11 3 8 4 0.0000000
11 3 8 5 -0.0000000
11 3 8 6 0.0014101
11 3 8 7 0.0000000
11 3 8 8 0.0099790
11 3 9 0 0.0000627
11 3 9 1 0.0001889
11 3 9 2 0.0000000
11 3 9 3 -0.0004622
11 3 9 4 -0.0011842
11 3 9 5 0.0010894
11 3 9 6 0.0000000
11 3 9 7 0.0009092
11 3 9 8 0.0000000
11 3 9 9 -0.0000053
11 3 10 0 0.0006447
11 3 10 1 0.0049866
11 3 10 2 0.0000000
11 3 10 3 -0.0033351
11 3 10 4 0.0030896
11 3 10 5 -0.0065315
11 3 10 6 -0.0000000
11 3 10 7 -0.0065028
11 3 10 8 -0.0000000
11 3 10 9 -0.0002413
11 3 10 10 -0.0095528
11 3 11 0 -0.0020651
11 3 11 1 0.0097149
11 3 11 2 0.0000000
11 3 11 3 0.0297572
11 3 11 4 0.0018908
11 3 11 5 0.0047735
11 3 11 6 -0.0000000
11 3 11 7 -0.0066768
11 3 11 8 -0.0000000
11 3 11 9 -0.0004922
11 3 11 10 0.0032240
11 3 11 11 0.0123335
11 4 0 0 0.0080572
11 4 1 0 -0.0025738
11 4 1 1 -0.0084348
11 4 2 0 -0.0000000
11 4 2 1 -0.0000000
11 4 2 2 -0.0024077
11 4 3 0 0.0009816
11 4 3 1 0.0084071
11 4 3 2 0.0000000
11 4 3 3 0.0045889
11 4 4 0 -0.0009597
11 4 4 1 0.0011656
11 4 4 2 0.0000000
11 4 4 3 -0.0000231
11 4 4 4 -0.0028534
11 4 5 0 -0.0033066
11 4 5 1 -0.0042188
11 4 5 2 -0.0000000
11 4 5 3 0.0094968
11 4 5 4 -0.0076501
11 4 5 5 0.0002478
11 4 6 0 0.0000000
11 4 6 1 0.0000000
11 4 6 2 -0.0066789
11 4 6 3 -0.0000000
11 4 6 4 0.0000000
11 4 6 5 0.0000000
11 4 6 6 0.0020450
11 4 7 0 0.0023458
11 4 7 1 -0.0052522
11 4 7 2 -0.0000000
11 4 7 3 -0.0153695
11 4 7 4 -0.0092823
11 4 7 5 0.0123438
11 4 7 6 0.0000000
11 4 7 7 0.0116996
11 4 8 0 -0.0000000
11 4 8 1 -0.0000000
11 4 8 2 -0.0010471
11 4 8 3 -0.0000000
11 4 8 4 -0.0000000
11 4 8 5 0.0000000
11 4 8 6 -0.0017400
11 4 8 7 0.0000000
11 4 8 8 0.0003448
11 4 9 0 -0.0000209
11 4 9 1 -0.0007772
11 4 9 2 -0.0000000
11 4 9 3 -0.0002278
11 4 9 4 -0.0010176
11 4 9 5 0.0010286
11 4 9 6 0.0000000
11 4 9 7 0.0013425
11 4 9 8 -0.0000000
11 4 9 9 -0.0034468
11 4 10 0 -0.0004961
11 4 10 1 -0.0002495
11 4 10 2 0.0000000
11 4 10 3 0.0004821
11 4 10 4 -0.0023367
11 4 10 5 -0.0019929
11 4 10 6 -0.0000000
11 4 10 7 -0.0190628
11 4 10 8 -0.0000000
11 4 10 9 -0.0005748
11 4 10 10 -0.0167517
11 4 11 0 0.0023275
11 4 11 1 0.0142567
11 4 11 2 -0.0000000
11 4 11 3 0.0018908
11 4 11 4 0.0175612
11 4 11 5 -0.0076128
11 4 11 6 0.0000000
11 4 11 7 0.0043511
11 4 11 8 -0.0000000
11 4 11 9 -0.0009479
11 4 11 10 0.0088016
11 4 11 11 0.0187287
11 5 0 0 0.0098555
11 5 1 0 -0.0013398
11 5 1 1 0.0004266
11 5 2 0 -0.0000000
11 5 2 1 -0.0000000
11 5 2 2 0.0048982
11 5 3 0 0.0077955
11 5 3 1 0.0146913
11 5 3 2 0.0000000
11 5 3 3 -0.0175316
11 5 4 0 -0.0032886
11 5 4 1 -0.0049326
11 5 4 2 -0.0000000
11 5 4 3 0.0129371
11 5 4 4 -0.0032336
11 5 5 0 0.0032819
11 5 5 1 0.0028037
11 5 5 2 0.0000000
11 5 5 3 0.0076583
11 5 5 4 0.0004147
11 5 5 5 0.0118780
11 5 6 0 0.0000000
11 5 6 1 0.0000000
11 5 6 2 -0.0013419
11 5 6 3 -0.0000000
11 5 6 4 0.0000000
11 5 6 5 0.0000000
11 5 6 6 0.0036983
11 5 7 0 0.0032117
11 5 7 1 0.0137101
11 5 7 2 0.0000000
11 5 7 3 0.0138688
11 5 7 4 0.0074090
11 5 7 5 0.0117772
11 5 7 6 -0.0000000
11 5 7 7 0.0102640
11 5 8 0 0.0000000
11 5 8 1 0.0000000
11 5 8 2 0.0006344
11 5 8 3 0.0000000
11 5 8 4 -0.0000000
11 5 8 5 -0.0000000
11 5 8 6 -0.0003133
11 5 8 7 -0.0000000
11 5 8 8 0.0029793
11 5 9 0 -0.0000212
11 5 9 1 0.0003161
11 5 9 2 0.0000000
11 5 9 3 0.0004335
11 5 9 4 0.0008777
11 5 9 5 -0.0008851
11 5 9 6 -0.0000000
11 5 9 7 -0.0013068
11 5 9 8 -0.0000000
11 5 9 9 0.0066904
11 5 10 0 -0.0008517
11 5 10 1 -0.0056694
11 5 10 2 -0.0000000
11 5 10 3 -0.0023839
11 5 10 4 -0.0008667
11 5 10 5 -0.0019638
11 5 10 6 0.0000000
11 5 10 7 0.0068273
11 5 10 8 0.0000000
11 5 10 9 0.0003921
11 5 10 10 0.0178091
11 5 11 0 0.0035434
11 5 11 1 0.0074680
11 5 11 2 0.0000000
11 5 11 3 0.0047735
11 5 11 4 -0.0076128
11 5 11 5 0.0297740
11 5 11 6 0.0000000
11 5 11 7 0.0120748
11 5 11 8 0.0000000
11 5 11 9 0.0012945
11 5 11 10 -0.0060687
11 5 11 11 0.0108326
11 6 0 0 -0.0000000
11 6 1 0 0.0000000
11 6 1 1 0.0000000
11 6 2 0 -0.0056346
11 6 2 1 -0.0190842
11 6 2 2 -0.0000000
11 6 3 0 -0.0000000
11 6 3 1 -0.0000000
11 6 3 2 0.0120619
11 6 3 3 -0.0000000
11 6 4 0 0.0000000
11 6 4 1 0.0000000
11 6 4 2 0.0080602
11 6 4 3 -0.0000000
11 6 4 4 0.0000000
11 6 5 0 0.0000000
11 6 5 1 0.0000000
11 6 5 2 -0.0050299
11 6 5 3 -0.0000000
11 6 5 4 0.0000000
11 6 5 5 -0.0000000
11 6 6 0 0.0084593
11 6 6 1 0.0023635
11 6 6 2 0.0000000
11 6 6 3 -0.0126505
11 6 6 4 0.0142084
11 6 6 5 0.0109376
11 6 6 6 -0.0000000
11 6 7 0 -0.0000000
11 6 7 1 0.0000000
11 6 7 2 -0.0185380
11 6 7 3 0.0000000
11 6 7 4 0.0000000
11 6 7 5 -0.0000000
11 6 7 6 0.0194521
11 6 7 7 -0.0000000
11 6 8 0 -0.0001402
11 6 8 1 -0.0056232
11 6 8 2 0.0000000
11 6 8 3 -0.0018341
11 6 8 4 -0.0000646
11 6 8 5 0.0035562
11 6 8 6 0.0000000
11 6 8 7 0.0019797
11 6 8 8 0.0000000
11 6 9 0 0.0000000
11 6 9 1 0.0000000
11 6 9 2 -0.0003943
11 6 9 3 0.0000000
11 6 9 4 0.0000000
11 6 9 5 -0.0000000
11 6 9 6 -0.0004688
11 6 9 7 -0.0000000
11 6 9 8 -0.0001397
11 6 9 9 0.0000000
11 6 10 0 0.0000000
11 6 10 1 -0.0000000
11 6 10 2 0.0047500
11 6 10 3 0.0000000
11 6 10 4 -0.0000000
11 6 10 5 0.0000000
11 6 10 6 -0.0041139
11 6 10 7 0.0000000
11 6 10 8 -0.0084663
11 6 10 9 0.0000000
11 6 10 10 0.0000000
11 6 11 0 -0.0000000
11 6 11 1 -0.0000000
11 6 11 2 -0.0166032
11 6 11 3 -0.0000000
11 6 11 4 0.0000000
11 6 11 5 0.0000000
11 6 11 6 0.0221800
11 6 11 7 -0.0000000
11 6 11 8 -0.0058127
11 6 11 9 0.0000000
11 6 11 10 -0.0000000
11 6 11 11 -0.0000000
11 7 0 0 0.2545623
11 7 1 0 -0.0094218
11 7 1 1 0.0115972
11 7 2 0 -0.0000000
11 7 2 1 0.0000000
11 7 2 2 0.0721557
11 7 3 0 0.0048440
11 7 3 1 -0.0442644
11 7 3 2 -0.0000000
11 7 3 3 0.0924589
11 7 4 0 -0.0040744
11 7 4 1 -0.0266874
11 7 4 2 -0.0000000
11 7 4 3 -0.0775230
11 7 4 4 -0.0203859
11 7 5 0 -0.0109430
11 7 5 1 0.0821909
11 7 5 2 0.0000000
11 7 5 3 0.0734522
11 7 5 4 0.0397263
11 7 5 5 0.0376282
11 7 6 0 0.0000000
11 7 6 1 0.0000000
11 7 6 2 -0.0858001
11 7 6 3 0.0000000
11 7 6 4 0.0000000
11 7 6 5 -0.0000000
11 7 6 6 0.0939393
11 7 7 0 0.0073502
11 7 7 1 0.0058579
11 7 7 2 0.0000000
11 7 7 3 -0.0263387
11 7 7 4 0.0107938
11 7 7 5 0.0003105
11 7 7 6 -0.0000000
11 7 7 7 -0.0050326
11 7 8 0 0.0000000
11 7 8 1 -0.0000000
11 7 8 2 0.0374373
11 7 8 3 0.0000000
11 7 8 4 0.0000000
11 7 8 5 -0.0000000
11 7 8 6 0.0204017
11 7 8 7 0.0000000
11 7 8 8 -0.1510897
11 7 9 0 0.0004472
11 7 9 1 0.0034321
11 7 9 2 0.0000000
11 7 9 3 -0.0012116
11 7 9 4 -0.0052228
11 7 9 5 0.0015951
11 7 9 6 0.0000000
11 7 9 7 -0.0011144
11 7 9 8 0.0000000
11 7 9 9 -0.2608285
11 7 10 0 -0.0005054
11 7 10 1 0.0162255
11 7 10 2 0.0000000
11 7 10 3 0.0061089
11 7 10 4 -0.0086425
11 7 10 5 -0.0076060
11 7 10 6 0.0000000
11 7 10 7 -0.0287846
11 7 10 8 -0.0000000
11 7 10 9 0.0193252
11 7 10 10 -0.1626474
11 7 11 0 0.0071474
11 7 11 1 0.0006123
11 7 11 2 0.0000000
11 7 11 3 -0.0066768
11 7 11 4 0.0043511
11 7 11 5 0.0120748
11 7 11 6 -0.0000000
11 7 11 7 0.2035810
11 7 11 8 0.0000000
11 7 11 9 0.0030651
11 7 11 10 -0.0593324
11 7 11 11 0.0251516
11 8 0 0 0.0000000
11 8 1 0 -0.0000000
11 8 1 1 -0.0000000
11 8 2 0 0.0005159
11 8 2 1 0.0074306
11 8 2 2 0.0000000
11 8 3 0 0.0000000
11 8 3 1 0.0000000
11 8 3 2 -0.0005554
11 8 3 3 -0.0000000
11 8 4 0 -0.0000000
11 8 4 1 0.0000000
11 8 4 2 -0.0077943
11 8 4 3 -0.0000000
11 8 4 4 -0.0000000
11 8 5 0 0.0000000
11 8 5 1 -0.0000000
11 8 5 2 0.0003144
11 8 5 3 0.0000000
11 8 5 4 -0.0000000
11 8 5 5 0.0000000
11 8 6 0 -0.0007657
11 8 6 1 0.0027291
11 8 6 2 0.0000000
11 8 6 3 0.0005510
11 8 6 4 -0.0080361
11 8 6 5 -0.0043935
11 8 6 6 0.0000000
11 8 7 0 0.0000000
11 8 7 1 -0.0000000
11 8 7 2 0.0067735
11 8 7 3 0.0000000
11 8 7 4 0.0000000
11 8 7 5 -0.0000000
11 8 7 6 0.0014833
11 8 7 7 0.0000000
11 8 8 0 -0.0000800
11 8 8 1 0.0075352
11 8 8 2 0.0000000
11 8 8 3 0.0043321
11 8 8 4 0.0046964
11 8 8 5 -0.0101366
11 8 8 6 -0.0000000
11 8 8 7 -0.0181299
11 8 8 8 -0.0000000
11 8 9 0 0.0000000
11 8 9 1 -0.0000000
11 8 9 2 0.0006622
11 8 9 3 0.0000000
11 8 9 4 0.0000000
11 8 9 5 -0.0000000
11 8 9 6 0.0007264
11 8 9 7 -0.0000000
11 8 9 8 -0.0001755
11 8 9 9 -0.0000000
11 8 10 0 -0.0000000
11 8 10 1 0.0000000
11 8 10 2 -0.0065061
11 8 10 3 -0.0000000
11 8 10 4 -0.0000000
11 8 10 5 0.0000000
11 8 10 6 -0.0040368
11 8 10 7 -0.0000000
11 8 10 8 0.0253045
11 8 10 9 0.0000000
11 8 10 10 -0.0000000
11 8 11 0 -0.0000000
11 8 11 1 0.0000000
11 8 11 2 -0.0010019
11 8 11 3 -0.0000000
11 8 11 4 -0.0000000
11 8 11 5 0.0000000
11 8 11 6 -0.0058127
11 8 11 7 0.0000000
11 8 11 8 0.0229395
11 8 11 9 0.0000000
11 8 11 10 -0.0000000
11 8 11 11 0.0000000
11 9 0 0 -0.0046724
11 9 1 0 -0.0000704
11 9 1 1 -0.0062436
11 9 2 0 -0.0000000
11 9 2 1 -0.0000000
11 9 2 2 -0.0038433
11 9 3 0 0.0000047
11 9 3 1 -0.0011843
11 9 3 2 -0.0000000
11 9 3 3 -0.0050250
11 9 4 0 -0.0000042
11 9 4 1 -0.0026751
11 9 4 2 -0.0000000
11 9 4 3 -0.0021110
11 9 4 4 -0.0069715
11 9 5 0 -0.0000849
11 9 5 1 0.0011959
11 9 5 2 -0.0000000
11 9 5 3 0.0022091
11 9 5 4 0.0029191
11 9 5 5 -0.0070289
11 9 6 0 -0.0000000
11 9 6 1 0.0000000
11 9 6 2 -0.0003858
11 9 6 3 0.0000000
11 9 6 4 0.0000000
11 9 6 5 -0.0000000
11 9 6 6 -0.0037730
11 9 7 0 0.0000922
11 9 7 1 0.0009677
11 9 7 2 0.0000000
11 9 7 3 0.0001388
11 9 7 4 0.0010970
11 9 7 5 -0.0008113
11 9 7 6 -0.0000000
11 9 7 7 -0.0065728
11 9 8 0 0.0000000
11 9 8 1 -0.0000000
11 9 8 2 0.0013274
11 9 8 3 0.0000000
11 9 8 4 0.0000000
11 9 8 5 -0.0000000
11 9 8 6 0.0011794
11 9 8 7 -0.0000000
11 9 8 8 -0.0085153
11 9 9 0 0.0000582
11 9 9 1 -0.0002836
11 9 9 2 0.0000000
11 9 9 3 -0.0020536
11 9 9 4 -0.0028504
11 9 9 5 0.0015774
11 9 9 6 0.0000000
11 9 9 7 -0.0066747
11 9 9 8 0.0000000
11 9 9 9 -0.0538240
11 9 10 0 -0.0000287
11 9 10 1 -0.0006986
11 9 10 2 -0.0000000
11 9 10 3 -0.0003438
11 9 10 4 -0.0006214
11 9 10 5 0.0003087
11 9 10 6 0.0000000
11 9 10 7 -0.0007309
11 9 10 8 0.0000000
11 9 10 9 0.0071200
11 9 10 10 -0.0059736
11 9 11 0 0.0000720
11 9 11 1 -0.0000006
11 9 11 2 0.0000000
11 9 11 3 -0.0004922
11 9 11 4 -0.0009479
11 9 11 5 0.0012945
11 9 11 6 0.0000000
11 9 11 7 0.0030651
11 9 11 8 0.0000000
11 9 11 9 0.0067783
11 9 11 10 0.0001083
11 9 11 11 -0.0052262
11 10 0 0 -0.0747341
11 10 1 0 0.0015159
11 10 1 1 -0.0234127
11 10 2 0 0.0000000
11 10 2 1 -0.0000000
11 10 2 2 -0.0291249
11 10 3 0 -0.0008336
11 10 3 1 0.0132392
11 10 3 2 0.0000000
11 10 3 3 -0.0364825
11 10 4 0 0.0007547
11 10 4 1 0.0040695
11 10 4 2 0.0000000
11 10 4 3 0.0164666
11 10 4 4 -0.0126523
11 10 5 0 0.0018446
11 10 5 1 -0.0241180
11 10 5 2 -0.0000000
11 10 5 3 -0.0148828
11 10 5 4 -0.0110633
11 10 5 5 -0.0225159
11 10 6 0 -0.0000000
11 10 6 1 -0.0000000
11 10 6 2 0.0198007
11 10 6 3 -0.0000000
11 10 6 4 -0.0000000
11 10 6 5 0.0000000
11 10 6 6 -0.0341268
11 10 7 0 -0.0009578
11 10 7 1 -0.0039657
11 10 7 2 -0.0000000
11 10 7 3 -0.0011422
11 10 7 4 -0.0149163
11 10 7 5 0.0105144
11 10 7 6 0.0000000
11 10 7 7 -0.0022261
11 10 8 0 -0.0000000
11 10 8 1 0.0000000
11 10 8 2 -0.0154282
11 10 8 3 -0.0000000
11 10 8 4 -0.0000000
11 10 8 5 0.0000000
11 10 8 6 -0.0106728
11 10 8 7 -0.0000000
11 10 8 8 0.0426908
11 10 9 0 -0.0001563
11 10 9 1 -0.0015596
11 10 9 2 -0.0000000
11 10 9 3 0.0009269
11 10 9 4 0.0026813
11 10 9 5 -0.0010468
11 10 9 6 -0.0000000
11 10 9 7 0.0002473
11 10 9 8 -0.0000000
11 10 9 9 0.0655088
11 10 10 0 0.0000065
11 10 10 1 -0.0155265
11 10 10 2 -0.0000000
11 10 10 3 -0.0147344
11 10 10 4 -0.0119219
11 10 10 5 0.0149287
11 10 10 6 0.0000000
11 10 10 7 -0.0364451
11 10 10 8 0.0000000
11 10 10 9 -0.0031837
11 10 10 10 0.0421696
11 10 11 0 -0.0010745
11 10 11 1 0.0068387
11 10 11 2 0.0000000
11 10 11 3 0.0032240
11 10 11 4 0.0088016
11 10 11 5 -0.0060687
11 10 11 6 -0.0000000
11 10 11 7 -0.0593324
11 10 11 8 -0.0000000
11 10 11 9 0.0001083
11 10 11 10 0.0530157
11 10 11 11 0.0051727
11 11 0 0 0.5901205
11 11 1 0 -0.0067135
11 11 1 1 0.4411695
11 11 2 0 -0.0000000
11 11 2 1 0.0000000
11 11 2 2 0.4136460
11 11 3 0 0.0096890
11 11 3 1 0.0367366
11 11 3 2 0.0000000
11 11 3 3 0.4365134
11 11 4 0 -0.0053592
11 11 4 1 0.0463944
11 11 4 2 -0.0000000
11 11 4 3 0.0117811
11 11 4 4 0.4085763
11 11 5 0 -0.0038080
11 11 5 1 0.0349910
11 11 5 2 0.0000000
11 11 5 3 0.0062306
11 11 5 4 -0.0378833
11 11 5 5 0.4881383
11 11 6 0 0.0000000
11 11 6 1 -0.0000000
11 11 6 2 -0.0566756
11 11 6 3 -0.0000000
11 11 6 4 0.0000000
11 11 6 5 0.0000000
11 11 6 6 0.4272718
11 11 7 0 0.0065621
11 11 7 1 -0.0024783
11 11 7 2 0.0000000
11 11 7 3 -0.0007480
11 11 7 4 -0.0043580
11 11 7 5 0.0286311
11 11 7 6 0.0000000
11 11 7 7 0.5013992
11 11 8 0 -0.0000000
11 11 8 1 0.0000000
11 11 8 2 -0.0112179
11 11 8 3 -0.0000000
11 11 8 4 -0.0000000
11 11 8 5 0.0000000
11 11 8 6 -0.0192683
11 11 8 7 0.0000000
11 11 8 8 0.4338916
11 11 9 0 0.0000681
11 11 9 1 -0.0000526
11 11 9 2 0.0000000
11 11 9 3 0.0017257
11 11 9 4 0.0039253
11 11 9 5 0.0000782
11 11 9 6 -0.0000000
11 11 9 7 -0.0002550
11 11 9 8 -0.0000000
11 11 9 9 0.5430551
11 11 10 0 -0.0009726
11 11 10 1 0.0027773
11 11 10 2 0.0000000
11 11 10 3 0.0033346
11 11 10 4 0.0123715
11 11 10 5 -0.0076281
11 11 10 6 -0.0000000
11 11 10 7 -0.0364333
11 11 10 8 0.0000000
11 11 10 9 -0.0272587
11 11 10 10 0.4103339
11 11 11 0 0.0067918
11 11 11 1 0.0196198
11 11 11 2 0.0000000
11 11 11 3 0.0123335
11 11 11 4 0.0187287
11 11 11 5 0.0108326
11 11 11 6 -0.0000000
11 11 11 7 0.0251516
11 11 11 8 0.0000000
11 11 11 9 -0.0052262
11 11 11 10 0.0051727
11 11 11 11 0.5093196
