NMONOMER	1
NELEC	8
ENUC	7.676927
NBASIS	12
HOMO	2
LUMO	2
ENT	5
HF_ENERGY	-36.392346
ENERGIES
-10.925676
-0.891607
-0.492867
-0.280816
0.509821
0.693552
0.762526
849736.517616
965066.299467
996477.984242
1070620.595295
1118093.949203

OEI
-18.501628	
0.210671	-4.572516	
-0.000000	0.000000	-4.168027	
-0.194996	0.123614	0.000000	-4.236136	
-0.124128	0.158751	-0.000000	-0.449446	-3.117045	
-0.248813	0.918773	-0.000000	0.144979	-0.010067	-3.884200	
0.000000	-0.000000	-0.777970	0.000000	-0.000000	0.000000	-3.482521	
-0.115610	-0.051923	0.000000	0.039839	0.000018	-0.018460	-0.000000	849732.932987	
0.000000	0.000000	-0.127643	0.000000	-0.000000	0.000000	0.021892	0.000000	965063.433660	
0.004967	0.022360	-0.000000	0.000855	0.005256	-0.013571	0.000000	0.001147	0.000000	996474.740159	
-0.037816	-0.201814	0.000000	-0.068022	0.130101	-0.118115	0.000000	-0.144586	-0.000000	-0.138549	1070618.049955	
0.112311	0.073121	-0.000000	-0.130716	0.000381	0.001488	-0.000000	0.825397	0.000000	-0.038381	0.317166	1118090.263979	

ENV_OEI
-5.028730	
0.397328	-0.613112	
-0.000000	-0.000000	-0.430774	
-0.380460	-0.121047	-0.000000	-0.621423	
-0.249792	0.328142	0.000000	0.197214	-0.804157	
-0.508611	0.036012	-0.000000	-0.223683	0.344421	-0.855938	
0.000000	-0.000000	-0.126920	0.000000	-0.000000	0.000000	-0.460040	
-0.220999	-0.007347	0.000000	0.037763	-0.004548	-0.052346	0.000000	-0.758779	
-0.000000	0.000000	0.153871	-0.000000	-0.000000	-0.000000	-0.162007	-0.000000	-0.864073	
-0.015030	0.326049	0.000000	0.688717	-1.434002	0.766387	-0.000000	0.147947	0.000000	-18.788542	
-0.055574	0.046195	0.000000	0.028974	-0.054242	0.069112	-0.000000	0.066127	-0.000000	-1.706241	-0.831422	
0.210858	-0.019864	0.000000	0.021302	-0.003265	0.029665	-0.000000	-0.147505	-0.000000	-0.166647	-0.005291	-0.639111	

OVERLAP
1.000000	
0.248362	1.000000	
0.061767	0.488736	1.000000	
0.061767	0.488736	0.167856	1.000000	
0.000000	0.027047	0.038545	0.038545	1.000000	
0.027047	0.301519	0.378700	0.378700	0.248362	1.000000	
0.000000	0.000000	-0.259000	-0.259000	-0.045312	-0.338874	1.000000	
0.000000	0.000000	-0.380474	0.380474	0.000000	0.000000	0.000000	1.000000	
0.000000	0.000000	-0.073326	-0.073326	0.000000	0.000000	0.000000	0.000000	1.000000	
0.045312	0.338874	0.278171	0.278171	0.000000	0.000000	-0.315123	0.000000	0.000000	1.000000	
0.000000	0.000000	-0.268260	0.268260	0.000000	0.000000	0.000000	0.166433	0.000000	0.000000	1.000000	
0.000000	0.000000	-0.051700	-0.051700	0.000000	0.000000	0.000000	0.000000	0.166433	0.000000	0.000000	1.000000	

MOCOEFF
0.996702	0.016161	-0.006485	-0.006485	0.001354	-0.006654	-0.016639	0.000000	-0.023160	-0.002261	-0.000000	0.003184	
-0.139005	0.318212	0.250275	0.250275	-0.033438	-0.014307	-0.322126	-0.000000	-0.213698	0.359677	0.000000	0.061445	
0.000000	-0.000000	0.441327	-0.441327	-0.000000	0.000000	-0.000000	-0.614758	0.000000	0.000000	0.339096	-0.000000	
0.132425	-0.523862	-0.152910	-0.152910	-0.061341	0.269139	-0.502172	0.000000	0.509912	0.391659	-0.000000	-0.100677	
0.085141	-0.528475	0.832161	0.832161	0.124690	-0.754468	-0.225933	-0.000000	0.286175	-0.690003	-0.000000	0.038416	
0.178638	-1.097227	0.532645	0.532645	-0.068478	0.420497	0.997684	-0.000000	0.064923	0.654004	-0.000000	0.044270	
-0.000000	0.000000	-0.949297	0.949297	0.000000	-0.000000	-0.000000	-1.083296	-0.000000	-0.000000	-0.329020	-0.000000	
0.084288	-0.388040	0.000000	0.000000	-0.012324	0.049399	-0.203229	-0.000000	-0.573902	-0.025821	-0.000000	0.799278	
0.000000	-0.000000	-0.000000	0.000000	-0.000000	0.000000	-0.000000	-0.000000	0.000000	-0.000000	-1.000000	-0.000000	
-0.000565	0.002600	0.000000	0.000000	1.025611	-0.216380	0.001361	0.000000	0.003845	0.105482	-0.000000	0.019655	
0.018948	-0.087231	-0.000000	-0.000000	0.019715	0.850777	-0.045686	0.000000	-0.129013	-0.446528	0.000000	-0.196306	
-0.081637	0.375835	0.000000	0.000000	-0.011611	0.229176	0.196837	-0.000000	0.555851	-0.120150	-0.000000	0.583417	

ERI
0 0 0 0 3.5238143
1 0 0 0 -0.1852336
1 0 1 0 0.0194744
1 0 1 1 0.0060628
1 1 0 0 0.6385062
1 1 1 0 0.0060628
1 1 1 1 0.5956705
2 0 0 0 0.0000000
2 0 1 0 -0.0000000
2 0 1 1 0.0000000
2 0 2 0 0.0094033
2 0 2 1 0.0106617
2 0 2 2 -0.0000000
2 1 0 0 0.0000000
2 1 1 0 -0.0000000
2 1 1 1 0.0000000
2 1 2 0 0.0106617
2 1 2 1 0.0992762
2 1 2 2 -0.0000000
2 2 0 0 0.6514080
2 2 1 0 -0.0006743
2 2 1 1 0.5080071
2 2 2 0 -0.0000000
2 2 2 1 -0.0000000
2 2 2 2 0.5389502
3 0 0 0 0.1727500
3 0 1 0 -0.0129511
3 0 1 1 0.0083934
3 0 2 0 0.0000000
3 0 2 1 -0.0000000
3 0 2 2 0.0037510
3 0 3 0 0.0249020
3 0 3 1 0.0072883
3 0 3 2 -0.0000000
3 0 3 3 -0.0088023
3 1 0 0 -0.0581269
3 1 1 0 0.0010172
3 1 1 1 0.0215929
3 1 2 0 -0.0000000
3 1 2 1 -0.0000000
3 1 2 2 -0.0231140
3 1 3 0 0.0072883
3 1 3 1 0.0608371
3 1 3 2 0.0000000
3 1 3 3 -0.0391544
3 2 0 0 0.0000000
3 2 1 0 -0.0000000
3 2 1 1 -0.0000000
3 2 2 0 -0.0077771
3 2 2 1 -0.0434784
3 2 2 2 0.0000000
3 2 3 0 -0.0000000
3 2 3 1 0.0000000
3 2 3 2 0.0414331
3 2 3 3 0.0000000
3 3 0 0 0.7630446
3 3 1 0 -0.0061007
3 3 1 1 0.4858999
3 3 2 0 0.0000000
3 3 2 1 0.0000000
3 3 2 2 0.4837466
3 3 3 0 -0.0088023
3 3 3 1 -0.0391544
3 3 3 2 0.0000000
3 3 3 3 0.6171106
4 0 0 0 0.1118973
4 0 1 0 -0.0089420
4 0 1 1 0.0037898
4 0 2 0 0.0000000
4 0 2 1 0.0000000
4 0 2 2 0.0024352
4 0 3 0 0.0142355
4 0 3 1 0.0030089
4 0 3 2 -0.0000000
4 0 3 3 -0.0034798
4 0 4 0 0.0083615
4 0 4 1 0.0000375
4 0 4 2 -0.0000000
4 0 4 3 -0.0031336
4 0 4 4 0.0001336
4 1 0 0 -0.0440532
4 1 1 0 -0.0007863
4 1 1 1 -0.0346002
4 1 2 0 0.0000000
4 1 2 1 -0.0000000
4 1 2 2 0.0248194
4 1 3 0 0.0001022
4 1 3 1 -0.0262818
4 1 3 2 -0.0000000
4 1 3 3 -0.0393433
4 1 4 0 0.0000375
4 1 4 1 0.0664200
4 1 4 2 0.0000000
4 1 4 3 0.0142145
4 1 4 4 -0.0161670
4 2 0 0 0.0000000
4 2 1 0 -0.0000000
4 2 1 1 0.0000000
4 2 2 0 0.0017384
4 2 2 1 0.0710670
4 2 2 2 -0.0000000
4 2 3 0 -0.0000000
4 2 3 1 -0.0000000
4 2 3 2 -0.0211305
4 2 3 3 0.0000000
4 2 4 0 -0.0000000
4 2 4 1 0.0000000
4 2 4 2 0.0768933
4 2 4 3 0.0000000
4 2 4 4 -0.0000000
4 3 0 0 0.1658772
4 3 1 0 -0.0058319
4 3 1 1 -0.0283378
4 3 2 0 -0.0000000
4 3 2 1 -0.0000000
4 3 2 2 0.0216124
4 3 3 0 -0.0076926
4 3 3 1 -0.0551286
4 3 3 2 0.0000000
4 3 3 3 0.0979659
4 3 4 0 -0.0031336
4 3 4 1 0.0142145
4 3 4 2 0.0000000
4 3 4 3 0.0982817
4 3 4 4 -0.0372262
4 4 0 0 0.5062993
4 4 1 0 0.0010404
4 4 1 1 0.5119468
4 4 2 0 -0.0000000
4 4 2 1 -0.0000000
4 4 2 2 0.4680820
4 4 3 0 0.0003515
4 4 3 1 0.0214605
4 4 3 2 0.0000000
4 4 3 3 0.4520833
4 4 4 0 0.0001336
4 4 4 1 -0.0161670
4 4 4 2 -0.0000000
4 4 4 3 -0.0372262
4 4 4 4 0.5158565
5 0 0 0 0.2347956
5 0 1 0 -0.0271078
5 0 1 1 -0.0120610
5 0 2 0 0.0000000
5 0 2 1 0.0000000
5 0 2 2 -0.0004892
5 0 3 0 0.0097049
5 0 3 1 -0.0055704
5 0 3 2 -0.0000000
5 0 3 3 0.0148201
5 0 4 0 0.0082598
5 0 4 1 0.0006104
5 0 4 2 0.0000000
5 0 4 3 0.0131038
5 0 4 4 -0.0012688
5 0 5 0 0.0422508
5 0 5 1 0.0040894
5 0 5 2 0.0000000
5 0 5 3 -0.0032428
5 0 5 4 -0.0018732
5 0 5 5 -0.0099496
5 1 0 0 -0.2736498
5 1 1 0 -0.0006420
5 1 1 1 -0.0720488
5 1 2 0 -0.0000000
5 1 2 1 -0.0000000
5 1 2 2 -0.0681573
5 1 3 0 -0.0079749
5 1 3 1 0.0262127
5 1 3 2 0.0000000
5 1 3 3 -0.0920672
5 1 4 0 -0.0040616
5 1 4 1 0.0058528
5 1 4 2 -0.0000000
5 1 4 3 -0.0547520
5 1 4 4 0.0022645
5 1 5 0 0.0040894
5 1 5 1 0.1090387
5 1 5 2 -0.0000000
5 1 5 3 0.0253832
5 1 5 4 -0.0154007
5 1 5 5 -0.1018877
5 2 0 0 0.0000000
5 2 1 0 -0.0000000
5 2 1 1 0.0000000
5 2 2 0 -0.0056871
5 2 2 1 0.0031064
5 2 2 2 0.0000000
5 2 3 0 0.0000000
5 2 3 1 -0.0000000
5 2 3 2 -0.0016195
5 2 3 3 0.0000000
5 2 4 0 -0.0000000
5 2 4 1 -0.0000000
5 2 4 2 0.0223588
5 2 4 3 0.0000000
5 2 4 4 -0.0000000
5 2 5 0 0.0000000
5 2 5 1 -0.0000000
5 2 5 2 0.0285089
5 2 5 3 -0.0000000
5 2 5 4 -0.0000000
5 2 5 5 0.0000000
5 3 0 0 -0.0563391
5 3 1 0 0.0034576
5 3 1 1 0.0217895
5 3 2 0 -0.0000000
5 3 2 1 -0.0000000
5 3 2 2 -0.0122963
5 3 3 0 -0.0031486
5 3 3 1 0.0029770
5 3 3 2 0.0000000
5 3 3 3 -0.0169888
5 3 4 0 -0.0013898
5 3 4 1 -0.0257855
5 3 4 2 -0.0000000
5 3 4 3 -0.0329669
5 3 4 4 0.0228865
5 3 5 0 -0.0032428
5 3 5 1 0.0253832
5 3 5 2 -0.0000000
5 3 5 3 0.0441505
5 3 5 4 -0.0115576
5 3 5 5 -0.0000516
5 4 0 0 0.0030026
5 4 1 0 0.0014680
5 4 1 1 -0.0038518
5 4 2 0 -0.0000000
5 4 2 1 -0.0000000
5 4 2 2 0.0250223
5 4 3 0 -0.0004207
5 4 3 1 -0.0353586
5 4 3 2 0.0000000
5 4 3 3 -0.0173875
5 4 4 0 -0.0003077
5 4 4 1 0.0482204
5 4 4 2 -0.0000000
5 4 4 3 0.0192513
5 4 4 4 -0.0089357
5 4 5 0 -0.0018732
5 4 5 1 -0.0154007
5 4 5 2 -0.0000000
5 4 5 3 -0.0115576
5 4 5 4 0.0564406
5 4 5 5 -0.0147221
5 5 0 0 0.8035312
5 5 1 0 0.0011997
5 5 1 1 0.5812815
5 5 2 0 -0.0000000
5 5 2 1 -0.0000000
5 5 2 2 0.5086503
5 5 3 0 0.0182898
5 5 3 1 0.0260440
5 5 3 2 0.0000000
5 5 3 3 0.5073878
5 5 4 0 0.0090358
5 5 4 1 -0.0384961
5 5 4 2 -0.0000000
5 5 4 3 -0.0068488
5 5 4 4 0.4977841
5 5 5 0 -0.0099496
5 5 5 1 -0.1018877
5 5 5 2 0.0000000
5 5 5 3 -0.0000516
5 5 5 4 -0.0147221
5 5 5 5 0.6218258
6 0 0 0 -0.0000000
6 0 1 0 0.0000000
6 0 1 1 0.0000000
6 0 2 0 0.0132979
6 0 2 1 0.0135316
6 0 2 2 -0.0000000
6 0 3 0 -0.0000000
6 0 3 1 -0.0000000
6 0 3 2 -0.0103239
6 0 3 3 -0.0000000
6 0 4 0 -0.0000000
6 0 4 1 0.0000000
6 0 4 2 0.0021195
6 0 4 3 -0.0000000
6 0 4 4 -0.0000000
6 0 5 0 -0.0000000
6 0 5 1 0.0000000
6 0 5 2 -0.0070724
6 0 5 3 -0.0000000
6 0 5 4 -0.0000000
6 0 5 5 -0.0000000
6 0 6 0 0.0189122
6 0 6 1 0.0045688
6 0 6 2 -0.0000000
6 0 6 3 -0.0096499
6 0 6 4 -0.0088451
6 0 6 5 -0.0107385
6 0 6 6 0.0000000
6 1 0 0 0.0000000
6 1 1 0 0.0000000
6 1 1 1 0.0000000
6 1 2 0 0.0035686
6 1 2 1 -0.0302618
6 1 2 2 0.0000000
6 1 3 0 0.0000000
6 1 3 1 -0.0000000
6 1 3 2 0.0046684
6 1 3 3 0.0000000
6 1 4 0 0.0000000
6 1 4 1 -0.0000000
6 1 4 2 -0.0455520
6 1 4 3 0.0000000
6 1 4 4 0.0000000
6 1 5 0 0.0000000
6 1 5 1 -0.0000000
6 1 5 2 -0.0281050
6 1 5 3 -0.0000000
6 1 5 4 0.0000000
6 1 5 5 0.0000000
6 1 6 0 0.0045688
6 1 6 1 0.0399965
6 1 6 2 0.0000000
6 1 6 3 -0.0133367
6 1 6 4 0.0485355
6 1 6 5 0.0268776
6 1 6 6 -0.0000000
6 2 0 0 0.2545522
6 2 1 0 -0.0060668
6 2 1 1 0.0117714
6 2 2 0 0.0000000
6 2 2 1 -0.0000000
6 2 2 2 0.0449085
6 2 3 0 0.0014773
6 2 3 1 -0.0192590
6 2 3 2 0.0000000
6 2 3 3 0.1050820
6 2 4 0 0.0017316
6 2 4 1 -0.0281532
6 2 4 2 0.0000000
6 2 4 3 0.0665132
6 2 4 4 -0.0269499
6 2 5 0 0.0087066
6 2 5 1 -0.0746234
6 2 5 2 0.0000000
6 2 5 3 -0.0229229
6 2 5 4 -0.0237329
6 2 5 5 0.0492193
6 2 6 0 -0.0000000
6 2 6 1 0.0000000
6 2 6 2 0.1208035
6 2 6 3 -0.0000000
6 2 6 4 0.0000000
6 2 6 5 0.0000000
6 2 6 6 0.0432502
6 3 0 0 -0.0000000
6 3 1 0 -0.0000000
6 3 1 1 -0.0000000
6 3 2 0 -0.0070845
6 3 2 1 -0.0115486
6 3 2 2 0.0000000
6 3 3 0 0.0000000
6 3 3 1 0.0000000
6 3 3 2 0.0267138
6 3 3 3 -0.0000000
6 3 4 0 -0.0000000
6 3 4 1 0.0000000
6 3 4 2 0.0120581
6 3 4 3 -0.0000000
6 3 4 4 -0.0000000
6 3 5 0 -0.0000000
6 3 5 1 -0.0000000
6 3 5 2 0.0074235
6 3 5 3 -0.0000000
6 3 5 4 0.0000000
6 3 5 5 -0.0000000
6 3 6 0 -0.0096499
6 3 6 1 -0.0133367
6 3 6 2 -0.0000000
6 3 6 3 0.0307562
6 3 6 4 0.0067796
6 3 6 5 0.0002079
6 3 6 6 -0.0000000
6 4 0 0 0.0000000
6 4 1 0 -0.0000000
6 4 1 1 -0.0000000
6 4 2 0 -0.0065151
6 4 2 1 -0.0829836
6 4 2 2 0.0000000
6 4 3 0 0.0000000
6 4 3 1 0.0000000
6 4 3 2 0.0410386
6 4 3 3 0.0000000
6 4 4 0 0.0000000
6 4 4 1 -0.0000000
6 4 4 2 -0.0778950
6 4 4 3 0.0000000
6 4 4 4 0.0000000
6 4 5 0 -0.0000000
6 4 5 1 0.0000000
6 4 5 2 -0.0272792
6 4 5 3 0.0000000
6 4 5 4 0.0000000
6 4 5 5 0.0000000
6 4 6 0 -0.0088451
6 4 6 1 0.0485355
6 4 6 2 0.0000000
6 4 6 3 0.0067796
6 4 6 4 0.1004577
6 4 6 5 0.0648827
6 4 6 6 -0.0000000
6 5 0 0 -0.0000000
6 5 1 0 -0.0000000
6 5 1 1 -0.0000000
6 5 2 0 -0.0082641
6 5 2 1 -0.0680763
6 5 2 2 0.0000000
6 5 3 0 -0.0000000
6 5 3 1 -0.0000000
6 5 3 2 0.0236316
6 5 3 3 -0.0000000
6 5 4 0 -0.0000000
6 5 4 1 0.0000000
6 5 4 2 -0.0559262
6 5 4 3 0.0000000
6 5 4 4 -0.0000000
6 5 5 0 0.0000000
6 5 5 1 0.0000000
6 5 5 2 -0.0054935
6 5 5 3 -0.0000000
6 5 5 4 0.0000000
6 5 5 5 0.0000000
6 5 6 0 -0.0107385
6 5 6 1 0.0268776
6 5 6 2 0.0000000
6 5 6 3 0.0002079
6 5 6 4 0.0648827
6 5 6 5 0.0582989
6 5 6 6 -0.0000000
6 6 0 0 0.7120457
6 6 1 0 -0.0053636
6 6 1 1 0.4949353
6 6 2 0 0.0000000
6 6 2 1 0.0000000
6 6 2 2 0.5303288
6 6 3 0 0.0043021
6 6 3 1 -0.0220101
6 6 3 2 -0.0000000
6 6 3 3 0.4904481
6 6 4 0 0.0030215
6 6 4 1 0.0281991
6 6 4 2 0.0000000
6 6 4 3 0.0304460
6 6 4 4 0.4742976
6 6 5 0 0.0062932
6 6 5 1 -0.0580222
6 6 5 2 0.0000000
6 6 5 3 -0.0188282
6 6 5 4 0.0300476
6 6 5 5 0.5106567
6 6 6 0 0.0000000
6 6 6 1 -0.0000000
6 6 6 2 0.0432502
6 6 6 3 -0.0000000
6 6 6 4 -0.0000000
6 6 6 5 -0.0000000
6 6 6 6 0.5512865
7 0 0 0 0.0850757
7 0 1 0 -0.0036450
7 0 1 1 0.0065996
7 0 2 0 0.0000000
7 0 2 1 -0.0000000
7 0 2 2 0.0005695
7 0 3 0 0.0034888
7 0 3 1 -0.0050103
7 0 3 2 0.0000000
7 0 3 3 0.0049023
7 0 4 0 0.0026275
7 0 4 1 -0.0029234
7 0 4 2 0.0000000
7 0 4 3 0.0018874
7 0 4 4 0.0028951
7 0 5 0 0.0057259
7 0 5 1 -0.0045402
7 0 5 2 0.0000000
7 0 5 3 0.0061104
7 0 5 4 0.0032080
7 0 5 5 0.0054761
7 0 6 0 -0.0000000
7 0 6 1 0.0000000
7 0 6 2 -0.0017008
7 0 6 3 -0.0000000
7 0 6 4 -0.0000000
7 0 6 5 -0.0000000
7 0 6 6 -0.0005743
7 0 7 0 0.0112577
7 0 7 1 0.0014261
7 0 7 2 -0.0000000
7 0 7 3 -0.0026638
7 0 7 4 -0.0011094
7 0 7 5 -0.0032863
7 0 7 6 0.0000000
7 0 7 7 -0.0059805
7 1 0 0 0.0069547
7 1 1 0 0.0006302
7 1 1 1 -0.0007970
7 1 2 0 -0.0000000
7 1 2 1 -0.0000000
7 1 2 2 -0.0055064
7 1 3 0 -0.0031808
7 1 3 1 -0.0066715
7 1 3 2 0.0000000
7 1 3 3 0.0112557
7 1 4 0 -0.0016157
7 1 4 1 -0.0065022
7 1 4 2 0.0000000
7 1 4 3 0.0078065
7 1 4 4 -0.0011669
7 1 5 0 0.0006286
7 1 5 1 -0.0030112
7 1 5 2 0.0000000
7 1 5 3 0.0053137
7 1 5 4 -0.0012317
7 1 5 5 -0.0009526
7 1 6 0 -0.0000000
7 1 6 1 0.0000000
7 1 6 2 0.0032032
7 1 6 3 -0.0000000
7 1 6 4 0.0000000
7 1 6 5 -0.0000000
7 1 6 6 -0.0045549
7 1 7 0 0.0014261
7 1 7 1 0.0107725
7 1 7 2 0.0000000
7 1 7 3 0.0054512
7 1 7 4 -0.0069892
7 1 7 5 -0.0009661
7 1 7 6 0.0000000
7 1 7 7 0.0021304
7 2 0 0 0.0000000
7 2 1 0 -0.0000000
7 2 1 1 -0.0000000
7 2 2 0 -0.0050166
7 2 2 1 -0.0216510
7 2 2 2 0.0000000
7 2 3 0 0.0000000
7 2 3 1 0.0000000
7 2 3 2 0.0132887
7 2 3 3 -0.0000000
7 2 4 0 -0.0000000
7 2 4 1 0.0000000
7 2 4 2 -0.0126941
7 2 4 3 0.0000000
7 2 4 4 -0.0000000
7 2 5 0 -0.0000000
7 2 5 1 0.0000000
7 2 5 2 0.0028973
7 2 5 3 0.0000000
7 2 5 4 0.0000000
7 2 5 5 0.0000000
7 2 6 0 -0.0069482
7 2 6 1 0.0013382
7 2 6 2 0.0000000
7 2 6 3 0.0095652
7 2 6 4 0.0169855
7 2 6 5 0.0147136
7 2 6 6 -0.0000000
7 2 7 0 -0.0000000
7 2 7 1 0.0000000
7 2 7 2 0.0184478
7 2 7 3 0.0000000
7 2 7 4 0.0000000
7 2 7 5 0.0000000
7 2 7 6 0.0158565
7 2 7 7 -0.0000000
7 3 0 0 0.0076929
7 3 1 0 -0.0043291
7 3 1 1 -0.0266660
7 3 2 0 0.0000000
7 3 2 1 0.0000000
7 3 2 2 -0.0002485
7 3 3 0 -0.0020049
7 3 3 1 -0.0020154
7 3 3 2 -0.0000000
7 3 3 3 0.0087100
7 3 4 0 -0.0006668
7 3 4 1 0.0092889
7 3 4 2 0.0000000
7 3 4 3 0.0181737
7 3 4 4 -0.0130826
7 3 5 0 0.0078847
7 3 5 1 0.0029963
7 3 5 2 0.0000000
7 3 5 3 -0.0171536
7 3 5 4 -0.0021370
7 3 5 5 -0.0221889
7 3 6 0 -0.0000000
7 3 6 1 -0.0000000
7 3 6 2 0.0155534
7 3 6 3 0.0000000
7 3 6 4 0.0000000
7 3 6 5 0.0000000
7 3 6 6 0.0048924
7 3 7 0 -0.0026638
7 3 7 1 0.0054512
7 3 7 2 0.0000000
7 3 7 3 0.0262078
7 3 7 4 -0.0007537
7 3 7 5 0.0001119
7 3 7 6 -0.0000000
7 3 7 7 -0.0052693
7 4 0 0 0.0062838
7 4 1 0 -0.0021061
7 4 1 1 -0.0085619
7 4 2 0 -0.0000000
7 4 2 1 -0.0000000
7 4 2 2 -0.0043608
7 4 3 0 -0.0009609
7 4 3 1 -0.0010306
7 4 3 2 0.0000000
7 4 3 3 0.0074324
7 4 4 0 -0.0002501
7 4 4 1 -0.0007310
7 4 4 2 0.0000000
7 4 4 3 0.0059611
7 4 4 4 -0.0032858
7 4 5 0 0.0039492
7 4 5 1 0.0021486
7 4 5 2 0.0000000
7 4 5 3 -0.0037959
7 4 5 4 -0.0045737
7 4 5 5 -0.0074994
7 4 6 0 -0.0000000
7 4 6 1 -0.0000000
7 4 6 2 0.0061614
7 4 6 3 0.0000000
7 4 6 4 0.0000000
7 4 6 5 0.0000000
7 4 6 6 -0.0002555
7 4 7 0 -0.0011094
7 4 7 1 -0.0069892
7 4 7 2 0.0000000
7 4 7 3 -0.0007537
7 4 7 4 0.0211825
7 4 7 5 -0.0159744
7 4 7 6 0.0000000
7 4 7 7 0.0033412
7 5 0 0 0.0114714
7 5 1 0 -0.0011452
7 5 1 1 0.0033163
7 5 2 0 -0.0000000
7 5 2 1 -0.0000000
7 5 2 2 0.0045766
7 5 3 0 0.0076865
7 5 3 1 0.0182543
7 5 3 2 0.0000000
7 5 3 3 -0.0159048
7 5 4 0 0.0038095
7 5 4 1 -0.0000879
7 5 4 2 -0.0000000
7 5 4 3 -0.0140534
7 5 4 4 -0.0011347
7 5 5 0 -0.0024417
7 5 5 1 -0.0011319
7 5 5 2 0.0000000
7 5 5 3 -0.0084890
7 5 5 4 -0.0070381
7 5 5 5 0.0141891
7 5 6 0 -0.0000000
7 5 6 1 -0.0000000
7 5 6 2 0.0039054
7 5 6 3 0.0000000
7 5 6 4 0.0000000
7 5 6 5 -0.0000000
7 5 6 6 0.0019316
7 5 7 0 -0.0032863
7 5 7 1 -0.0009661
7 5 7 2 0.0000000
7 5 7 3 0.0001119
7 5 7 4 -0.0159744
7 5 7 5 0.0289749
7 5 7 6 -0.0000000
7 5 7 7 0.0190357
7 6 0 0 -0.0000000
7 6 1 0 0.0000000
7 6 1 1 -0.0000000
7 6 2 0 -0.0055552
7 6 2 1 -0.0118631
7 6 2 2 0.0000000
7 6 3 0 -0.0000000
7 6 3 1 -0.0000000
7 6 3 2 0.0118459
7 6 3 3 0.0000000
7 6 4 0 -0.0000000
7 6 4 1 -0.0000000
7 6 4 2 -0.0013861
7 6 4 3 0.0000000
7 6 4 4 0.0000000
7 6 5 0 -0.0000000
7 6 5 1 -0.0000000
7 6 5 2 0.0061666
7 6 5 3 0.0000000
7 6 5 4 0.0000000
7 6 5 5 0.0000000
7 6 6 0 -0.0077520
7 6 6 1 -0.0051967
7 6 6 2 -0.0000000
7 6 6 3 0.0121116
7 6 6 4 0.0067298
7 6 6 5 0.0071513
7 6 6 6 -0.0000000
7 6 7 0 0.0000000
7 6 7 1 0.0000000
7 6 7 2 0.0158565
7 6 7 3 -0.0000000
7 6 7 4 0.0000000
7 6 7 5 -0.0000000
7 6 7 6 0.0196588
7 6 7 7 -0.0000000
7 7 0 0 0.5615299
7 7 1 0 -0.0063129
7 7 1 1 0.4372573
7 7 2 0 0.0000000
7 7 2 1 0.0000000
7 7 2 2 0.4039244
7 7 3 0 0.0084556
7 7 3 1 0.0420007
7 7 3 2 0.0000000
7 7 3 3 0.4229458
7 7 4 0 0.0047732
7 7 4 1 -0.0487395
7 7 4 2 0.0000000
7 7 4 3 -0.0189912
7 7 4 4 0.4213366
7 7 5 0 0.0052973
7 7 5 1 -0.0199288
7 7 5 2 0.0000000
7 7 5 3 0.0073987
7 7 5 4 -0.0556459
7 7 5 5 0.4692281
7 7 6 0 -0.0000000
7 7 6 1 0.0000000
7 7 6 2 0.0464525
7 7 6 3 -0.0000000
7 7 6 4 0.0000000
7 7 6 5 -0.0000000
7 7 6 6 0.4115736
7 7 7 0 -0.0059805
7 7 7 1 0.0021304
7 7 7 2 -0.0000000
7 7 7 3 -0.0052693
7 7 7 4 0.0033412
7 7 7 5 0.0190357
7 7 7 6 -0.0000000
7 7 7 7 0.5146545
8 0 0 0 -0.0000000
8 0 1 0 0.0000000
8 0 1 1 -0.0000000
8 0 2 0 0.0002471
8 0 2 1 0.0003051
8 0 2 2 -0.0000000
8 0 3 0 -0.0000000
8 0 3 1 0.0000000
8 0 3 2 -0.0001879
8 0 3 3 -0.0000000
8 0 4 0 0.0000000
8 0 4 1 -0.0000000
8 0 4 2 -0.0000628
8 0 4 3 -0.0000000
8 0 4 4 -0.0000000
8 0 5 0 0.0000000
8 0 5 1 0.0000000
8 0 5 2 -0.0003023
8 0 5 3 0.0000000
8 0 5 4 -0.0000000
8 0 5 5 -0.0000000
8 0 6 0 0.0003398
8 0 6 1 0.0002416
8 0 6 2 0.0000000
8 0 6 3 -0.0002011
8 0 6 4 -0.0000194
8 0 6 5 -0.0002062
8 0 6 6 -0.0000000
8 0 7 0 -0.0000000
8 0 7 1 0.0000000
8 0 7 2 -0.0001298
8 0 7 3 -0.0000000
8 0 7 4 -0.0000000
8 0 7 5 -0.0000000
8 0 7 6 -0.0001563
8 0 7 7 0.0000000
8 0 8 0 0.0000107
8 0 8 1 -0.0000500
8 0 8 2 -0.0000000
8 0 8 3 -0.0000908
8 0 8 4 0.0001078
8 0 8 5 -0.0002018
8 0 8 6 0.0000000
8 0 8 7 0.0000300
8 0 8 8 0.0000000
8 1 0 0 0.0000000
8 1 1 0 -0.0000000
8 1 1 1 0.0000000
8 1 2 0 0.0021302
8 1 2 1 0.0334171
8 1 2 2 -0.0000000
8 1 3 0 -0.0000000
8 1 3 1 -0.0000000
8 1 3 2 -0.0102731
8 1 3 3 0.0000000
8 1 4 0 0.0000000
8 1 4 1 0.0000000
8 1 4 2 0.0294939
8 1 4 3 -0.0000000
8 1 4 4 -0.0000000
8 1 5 0 0.0000000
8 1 5 1 -0.0000000
8 1 5 2 0.0048258
8 1 5 3 -0.0000000
8 1 5 4 -0.0000000
8 1 5 5 -0.0000000
8 1 6 0 0.0026808
8 1 6 1 -0.0173245
8 1 6 2 -0.0000000
8 1 6 3 0.0008195
8 1 6 4 -0.0336746
8 1 6 5 -0.0244258
8 1 6 6 0.0000000
8 1 7 0 0.0000000
8 1 7 1 -0.0000000
8 1 7 2 -0.0068952
8 1 7 3 0.0000000
8 1 7 4 -0.0000000
8 1 7 5 -0.0000000
8 1 7 6 -0.0010804
8 1 7 7 -0.0000000
8 1 8 0 -0.0000500
8 1 8 1 0.0277566
8 1 8 2 0.0000000
8 1 8 3 0.0131482
8 1 8 4 -0.0084517
8 1 8 5 0.0258406
8 1 8 6 -0.0000000
8 1 8 7 0.0003949
8 1 8 8 -0.0000000
8 2 0 0 0.0339966
8 2 1 0 0.0001733
8 2 1 1 0.0167644
8 2 2 0 -0.0000000
8 2 2 1 -0.0000000
8 2 2 2 0.0294103
8 2 3 0 0.0002954
8 2 3 1 -0.0129137
8 2 3 2 -0.0000000
8 2 3 3 0.0150420
8 2 4 0 0.0000925
8 2 4 1 0.0203745
8 2 4 2 0.0000000
8 2 4 3 0.0139712
8 2 4 4 0.0070635
8 2 5 0 -0.0003489
8 2 5 1 -0.0170109
8 2 5 2 -0.0000000
8 2 5 3 -0.0125046
8 2 5 4 0.0223160
8 2 5 5 0.0108912
8 2 6 0 -0.0000000
8 2 6 1 0.0000000
8 2 6 2 0.0027537
8 2 6 3 0.0000000
8 2 6 4 -0.0000000
8 2 6 5 0.0000000
8 2 6 6 0.0292294
8 2 7 0 0.0000057
8 2 7 1 -0.0025164
8 2 7 2 0.0000000
8 2 7 3 0.0033333
8 2 7 4 -0.0011458
8 2 7 5 -0.0012640
8 2 7 6 0.0000000
8 2 7 7 -0.0202086
8 2 8 0 -0.0000000
8 2 8 1 0.0000000
8 2 8 2 0.0205653
8 2 8 3 -0.0000000
8 2 8 4 -0.0000000
8 2 8 5 -0.0000000
8 2 8 6 -0.0165741
8 2 8 7 -0.0000000
8 2 8 8 -0.0584219
8 3 0 0 -0.0000000
8 3 1 0 -0.0000000
8 3 1 1 -0.0000000
8 3 2 0 0.0002116
8 3 2 1 0.0057003
8 3 2 2 -0.0000000
8 3 3 0 -0.0000000
8 3 3 1 0.0000000
8 3 3 2 -0.0002907
8 3 3 3 -0.0000000
8 3 4 0 -0.0000000
8 3 4 1 -0.0000000
8 3 4 2 0.0065742
8 3 4 3 -0.0000000
8 3 4 4 -0.0000000
8 3 5 0 0.0000000
8 3 5 1 0.0000000
8 3 5 2 -0.0002545
8 3 5 3 0.0000000
8 3 5 4 -0.0000000
8 3 5 5 -0.0000000
8 3 6 0 0.0002328
8 3 6 1 -0.0035591
8 3 6 2 -0.0000000
8 3 6 3 0.0016960
8 3 6 4 -0.0067084
8 3 6 5 -0.0040195
8 3 6 6 -0.0000000
8 3 7 0 0.0000000
8 3 7 1 0.0000000
8 3 7 2 -0.0011802
8 3 7 3 -0.0000000
8 3 7 4 0.0000000
8 3 7 5 0.0000000
8 3 7 6 0.0000541
8 3 7 7 0.0000000
8 3 8 0 -0.0000908
8 3 8 1 0.0131482
8 3 8 2 -0.0000000
8 3 8 3 0.0094543
8 3 8 4 -0.0107614
8 3 8 5 0.0145918
8 3 8 6 -0.0000000
8 3 8 7 -0.0010668
8 3 8 8 0.0000000
8 4 0 0 0.0000000
8 4 1 0 -0.0000000
8 4 1 1 0.0000000
8 4 2 0 0.0003319
8 4 2 1 0.0102595
8 4 2 2 -0.0000000
8 4 3 0 -0.0000000
8 4 3 1 -0.0000000
8 4 3 2 -0.0031435
8 4 3 3 0.0000000
8 4 4 0 -0.0000000
8 4 4 1 -0.0000000
8 4 4 2 0.0088334
8 4 4 3 -0.0000000
8 4 4 4 -0.0000000
8 4 5 0 0.0000000
8 4 5 1 -0.0000000
8 4 5 2 0.0066728
8 4 5 3 -0.0000000
8 4 5 4 -0.0000000
8 4 5 5 -0.0000000
8 4 6 0 0.0005325
8 4 6 1 -0.0077149
8 4 6 2 -0.0000000
8 4 6 3 -0.0002037
8 4 6 4 -0.0105532
8 4 6 5 -0.0101085
8 4 6 6 0.0000000
8 4 7 0 -0.0000000
8 4 7 1 -0.0000000
8 4 7 2 -0.0013955
8 4 7 3 0.0000000
8 4 7 4 -0.0000000
8 4 7 5 -0.0000000
8 4 7 6 -0.0011323
8 4 7 7 0.0000000
8 4 8 0 0.0001078
8 4 8 1 -0.0084517
8 4 8 2 -0.0000000
8 4 8 3 -0.0107614
8 4 8 4 0.0189769
8 4 8 5 -0.0125202
8 4 8 6 0.0000000
8 4 8 7 -0.0013418
8 4 8 8 -0.0000000
8 5 0 0 0.0000000
8 5 1 0 -0.0000000
8 5 1 1 -0.0000000
8 5 2 0 0.0004713
8 5 2 1 0.0209272
8 5 2 2 -0.0000000
8 5 3 0 0.0000000
8 5 3 1 0.0000000
8 5 3 2 -0.0071704
8 5 3 3 0.0000000
8 5 4 0 -0.0000000
8 5 4 1 -0.0000000
8 5 4 2 0.0249014
8 5 4 3 -0.0000000
8 5 4 4 -0.0000000
8 5 5 0 0.0000000
8 5 5 1 -0.0000000
8 5 5 2 0.0082526
8 5 5 3 0.0000000
8 5 5 4 -0.0000000
8 5 5 5 -0.0000000
8 5 6 0 0.0006472
8 5 6 1 -0.0171944
8 5 6 2 0.0000000
8 5 6 3 0.0026555
8 5 6 4 -0.0291787
8 5 6 5 -0.0177490
8 5 6 6 0.0000000
8 5 7 0 -0.0000000
8 5 7 1 0.0000000
8 5 7 2 -0.0041140
8 5 7 3 -0.0000000
8 5 7 4 -0.0000000
8 5 7 5 0.0000000
8 5 7 6 0.0012697
8 5 7 7 0.0000000
8 5 8 0 -0.0002018
8 5 8 1 0.0258406
8 5 8 2 -0.0000000
8 5 8 3 0.0145918
8 5 8 4 -0.0125202
8 5 8 5 0.0295777
8 5 8 6 -0.0000000
8 5 8 7 0.0006285
8 5 8 8 0.0000000
8 6 0 0 -0.0004833
8 6 1 0 -0.0001925
8 6 1 1 -0.0046805
8 6 2 0 -0.0000000
8 6 2 1 -0.0000000
8 6 2 2 -0.0134205
8 6 3 0 0.0003116
8 6 3 1 0.0101037
8 6 3 2 0.0000000
8 6 3 3 0.0013707
8 6 4 0 0.0002492
8 6 4 1 -0.0204102
8 6 4 2 -0.0000000
8 6 4 3 -0.0069754
8 6 4 4 -0.0038231
8 6 5 0 0.0001393
8 6 5 1 0.0030728
8 6 5 2 0.0000000
8 6 5 3 0.0079602
8 6 5 4 -0.0218800
8 6 5 5 0.0024506
8 6 6 0 -0.0000000
8 6 6 1 0.0000000
8 6 6 2 0.0102897
8 6 6 3 -0.0000000
8 6 6 4 0.0000000
8 6 6 5 0.0000000
8 6 6 6 -0.0173288
8 6 7 0 -0.0001252
8 6 7 1 0.0024232
8 6 7 2 0.0000000
8 6 7 3 -0.0018473
8 6 7 4 0.0001151
8 6 7 5 0.0033341
8 6 7 6 -0.0000000
8 6 7 7 0.0252998
8 6 8 0 0.0000000
8 6 8 1 -0.0000000
8 6 8 2 -0.0165741
8 6 8 3 -0.0000000
8 6 8 4 0.0000000
8 6 8 5 -0.0000000
8 6 8 6 0.0159487
8 6 8 7 -0.0000000
8 6 8 8 0.0443657
8 7 0 0 0.0000000
8 7 1 0 0.0000000
8 7 1 1 -0.0000000
8 7 2 0 -0.0002712
8 7 2 1 -0.0030508
8 7 2 2 0.0000000
8 7 3 0 0.0000000
8 7 3 1 0.0000000
8 7 3 2 0.0016330
8 7 3 3 -0.0000000
8 7 4 0 -0.0000000
8 7 4 1 -0.0000000
8 7 4 2 -0.0018535
8 7 4 3 0.0000000
8 7 4 4 0.0000000
8 7 5 0 -0.0000000
8 7 5 1 0.0000000
8 7 5 2 -0.0010088
8 7 5 3 0.0000000
8 7 5 4 0.0000000
8 7 5 5 0.0000000
8 7 6 0 -0.0003235
8 7 6 1 0.0022045
8 7 6 2 0.0000000
8 7 6 3 0.0000467
8 7 6 4 0.0022925
8 7 6 5 0.0028947
8 7 6 6 -0.0000000
8 7 7 0 0.0000000
8 7 7 1 -0.0000000
8 7 7 2 -0.0035814
8 7 7 3 0.0000000
8 7 7 4 0.0000000
8 7 7 5 0.0000000
8 7 7 6 0.0040338
8 7 7 7 -0.0000000
8 7 8 0 0.0000300
8 7 8 1 0.0003949
8 7 8 2 -0.0000000
8 7 8 3 -0.0010668
8 7 8 4 -0.0013418
8 7 8 5 0.0006285
8 7 8 6 -0.0000000
8 7 8 7 0.0210482
8 7 8 8 -0.0000000
8 8 0 0 0.3245191
8 8 1 0 0.0031201
8 8 1 1 0.4476513
8 8 2 0 0.0000000
8 8 2 1 0.0000000
8 8 2 2 0.3523466
8 8 3 0 0.0038140
8 8 3 1 0.0758492
8 8 3 2 0.0000000
8 8 3 3 0.3372800
8 8 4 0 0.0017514
8 8 4 1 -0.0683063
8 8 4 2 -0.0000000
8 8 4 3 -0.0988497
8 8 4 4 0.4537569
8 8 5 0 -0.0067250
8 8 5 1 0.0636301
8 8 5 2 -0.0000000
8 8 5 3 0.0648431
8 8 5 4 -0.0705495
8 8 5 5 0.4462032
8 8 6 0 0.0000000
8 8 6 1 -0.0000000
8 8 6 2 -0.0511644
8 8 6 3 -0.0000000
8 8 6 4 0.0000000
8 8 6 5 -0.0000000
8 8 6 6 0.3547773
8 8 7 0 0.0013984
8 8 7 1 0.0012976
8 8 7 2 -0.0000000
8 8 7 3 -0.0300289
8 8 7 4 -0.0035662
8 8 7 5 0.0111163
8 8 7 6 -0.0000000
8 8 7 7 0.4670423
8 8 8 0 0.0000000
8 8 8 1 -0.0000000
8 8 8 2 -0.0584219
8 8 8 3 0.0000000
8 8 8 4 -0.0000000
8 8 8 5 0.0000000
8 8 8 6 0.0443657
8 8 8 7 -0.0000000
8 8 8 8 0.6728328
9 0 0 0 -0.0028042
9 0 1 0 0.0000955
9 0 1 1 -0.0003435
9 0 2 0 -0.0000000
9 0 2 1 0.0000000
9 0 2 2 -0.0003853
9 0 3 0 -0.0001170
9 0 3 1 0.0001898
9 0 3 2 -0.0000000
9 0 3 3 -0.0004903
9 0 4 0 -0.0000743
9 0 4 1 -0.0000398
9 0 4 2 -0.0000000
9 0 4 3 -0.0003016
9 0 4 4 -0.0000725
9 0 5 0 -0.0001143
9 0 5 1 0.0004574
9 0 5 2 -0.0000000
9 0 5 3 0.0001089
9 0 5 4 -0.0001643
9 0 5 5 -0.0004644
9 0 6 0 0.0000000
9 0 6 1 -0.0000000
9 0 6 2 -0.0003013
9 0 6 3 0.0000000
9 0 6 4 -0.0000000
9 0 6 5 0.0000000
9 0 6 6 -0.0004095
9 0 7 0 -0.0001227
9 0 7 1 -0.0000085
9 0 7 2 -0.0000000
9 0 7 3 -0.0000025
9 0 7 4 0.0000052
9 0 7 5 0.0000355
9 0 7 6 -0.0000000
9 0 7 7 0.0000326
9 0 8 0 0.0000000
9 0 8 1 0.0000000
9 0 8 2 -0.0001425
9 0 8 3 0.0000000
9 0 8 4 -0.0000000
9 0 8 5 0.0000000
9 0 8 6 0.0000853
9 0 8 7 -0.0000000
9 0 8 8 0.0004256
9 0 9 0 0.0000059
9 0 9 1 -0.0000217
9 0 9 2 -0.0000000
9 0 9 3 -0.0000839
9 0 9 4 0.0001702
9 0 9 5 -0.0000910
9 0 9 6 0.0000000
9 0 9 7 0.0000182
9 0 9 8 0.0000000
9 0 9 9 0.0027304
9 1 0 0 -0.0047456
9 1 1 0 -0.0000874
9 1 1 1 -0.0024120
9 1 2 0 -0.0000000
9 1 2 1 0.0000000
9 1 2 2 -0.0040869
9 1 3 0 0.0000170
9 1 3 1 0.0024877
9 1 3 2 0.0000000
9 1 3 3 -0.0019490
9 1 4 0 0.0000147
9 1 4 1 -0.0033517
9 1 4 2 -0.0000000
9 1 4 3 -0.0028132
9 1 4 4 0.0001933
9 1 5 0 0.0001189
9 1 5 1 0.0029243
9 1 5 2 0.0000000
9 1 5 3 0.0018391
9 1 5 4 -0.0039173
9 1 5 5 -0.0016141
9 1 6 0 -0.0000000
9 1 6 1 -0.0000000
9 1 6 2 0.0000378
9 1 6 3 -0.0000000
9 1 6 4 0.0000000
9 1 6 5 -0.0000000
9 1 6 6 -0.0041529
9 1 7 0 -0.0000745
9 1 7 1 0.0003746
9 1 7 2 0.0000000
9 1 7 3 0.0001401
9 1 7 4 -0.0002630
9 1 7 5 0.0006326
9 1 7 6 -0.0000000
9 1 7 7 0.0007942
9 1 8 0 0.0000000
9 1 8 1 -0.0000000
9 1 8 2 -0.0016987
9 1 8 3 0.0000000
9 1 8 4 0.0000000
9 1 8 5 0.0000000
9 1 8 6 0.0014592
9 1 8 7 -0.0000000
9 1 8 8 0.0028533
9 1 9 0 -0.0000217
9 1 9 1 0.0033284
9 1 9 2 0.0000000
9 1 9 3 0.0034457
9 1 9 4 -0.0061141
9 1 9 5 0.0049731
9 1 9 6 -0.0000000
9 1 9 7 0.0006996
9 1 9 8 -0.0000000
9 1 9 9 -0.0221332
9 2 0 0 0.0000000
9 2 1 0 0.0000000
9 2 1 1 0.0000000
9 2 2 0 -0.0001424
9 2 2 1 -0.0020282
9 2 2 2 0.0000000
9 2 3 0 0.0000000
9 2 3 1 0.0000000
9 2 3 2 0.0008479
9 2 3 3 -0.0000000
9 2 4 0 -0.0000000
9 2 4 1 -0.0000000
9 2 4 2 -0.0021088
9 2 4 3 0.0000000
9 2 4 4 0.0000000
9 2 5 0 -0.0000000
9 2 5 1 0.0000000
9 2 5 2 -0.0001587
9 2 5 3 -0.0000000
9 2 5 4 0.0000000
9 2 5 5 0.0000000
9 2 6 0 -0.0001754
9 2 6 1 0.0009832
9 2 6 2 0.0000000
9 2 6 3 -0.0001791
9 2 6 4 0.0023500
9 2 6 5 0.0013871
9 2 6 6 -0.0000000
9 2 7 0 0.0000000
9 2 7 1 -0.0000000
9 2 7 2 0.0003540
9 2 7 3 -0.0000000
9 2 7 4 0.0000000
9 2 7 5 -0.0000000
9 2 7 6 0.0000059
9 2 7 7 -0.0000000
9 2 8 0 0.0000021
9 2 8 1 -0.0018427
9 2 8 2 0.0000000
9 2 8 3 -0.0011115
9 2 8 4 0.0012722
9 2 8 5 -0.0018822
9 2 8 6 0.0000000
9 2 8 7 0.0000211
9 2 8 8 -0.0000000
9 2 9 0 -0.0000000
9 2 9 1 0.0000000
9 2 9 2 0.0013304
9 2 9 3 0.0000000
9 2 9 4 -0.0000000
9 2 9 5 0.0000000
9 2 9 6 -0.0012647
9 2 9 7 -0.0000000
9 2 9 8 -0.0041258
9 2 9 9 -0.0000000
9 3 0 0 0.0002334
9 3 1 0 0.0000566
9 3 1 1 0.0007943
9 3 2 0 0.0000000
9 3 2 1 0.0000000
9 3 2 2 -0.0001951
9 3 3 0 -0.0000459
9 3 3 1 0.0003177
9 3 3 2 0.0000000
9 3 3 3 0.0006985
9 3 4 0 -0.0000337
9 3 4 1 -0.0010278
9 3 4 2 0.0000000
9 3 4 3 -0.0006325
9 3 4 4 0.0010391
9 3 5 0 -0.0000536
9 3 5 1 0.0000158
9 3 5 2 0.0000000
9 3 5 3 0.0005713
9 3 5 4 -0.0005242
9 3 5 5 0.0003299
9 3 6 0 0.0000000
9 3 6 1 -0.0000000
9 3 6 2 0.0003311
9 3 6 3 -0.0000000
9 3 6 4 -0.0000000
9 3 6 5 -0.0000000
9 3 6 6 -0.0002978
9 3 7 0 0.0000524
9 3 7 1 -0.0000948
9 3 7 2 -0.0000000
9 3 7 3 0.0000060
9 3 7 4 0.0000566
9 3 7 5 -0.0002741
9 3 7 6 0.0000000
9 3 7 7 -0.0023488
9 3 8 0 -0.0000000
9 3 8 1 0.0000000
9 3 8 2 0.0008542
9 3 8 3 0.0000000
9 3 8 4 -0.0000000
9 3 8 5 -0.0000000
9 3 8 6 -0.0006948
9 3 8 7 -0.0000000
9 3 8 8 -0.0032255
9 3 9 0 -0.0000839
9 3 9 1 0.0034457
9 3 9 2 0.0000000
9 3 9 3 0.0049384
9 3 9 4 -0.0090982
9 3 9 5 0.0062410
9 3 9 6 -0.0000000
9 3 9 7 -0.0005903
9 3 9 8 0.0000000
9 3 9 9 -0.0719414
9 4 0 0 -0.0015687
9 4 1 0 -0.0000018
9 4 1 1 -0.0018411
9 4 2 0 -0.0000000
9 4 2 1 -0.0000000
9 4 2 2 -0.0012249
9 4 3 0 -0.0000810
9 4 3 1 -0.0003857
9 4 3 2 0.0000000
9 4 3 3 -0.0010768
9 4 4 0 -0.0000132
9 4 4 1 -0.0002177
9 4 4 2 0.0000000
9 4 4 3 0.0003403
9 4 4 4 -0.0018138
9 4 5 0 0.0000293
9 4 5 1 0.0004413
9 4 5 2 0.0000000
9 4 5 3 0.0005577
9 4 5 4 -0.0008890
9 4 5 5 -0.0007389
9 4 6 0 -0.0000000
9 4 6 1 -0.0000000
9 4 6 2 -0.0001637
9 4 6 3 -0.0000000
9 4 6 4 0.0000000
9 4 6 5 -0.0000000
9 4 6 6 -0.0014410
9 4 7 0 0.0000437
9 4 7 1 0.0002809
9 4 7 2 -0.0000000
9 4 7 3 -0.0009032
9 4 7 4 0.0004358
9 4 7 5 -0.0000414
9 4 7 6 -0.0000000
9 4 7 7 0.0056502
9 4 8 0 0.0000000
9 4 8 1 -0.0000000
9 4 8 2 -0.0029151
9 4 8 3 0.0000000
9 4 8 4 -0.0000000
9 4 8 5 0.0000000
9 4 8 6 0.0025509
9 4 8 7 -0.0000000
9 4 8 8 0.0084940
9 4 9 0 0.0001702
9 4 9 1 -0.0061141
9 4 9 2 -0.0000000
9 4 9 3 -0.0090982
9 4 9 4 0.0174147
9 4 9 5 -0.0115278
9 4 9 6 0.0000000
9 4 9 7 -0.0006001
9 4 9 8 0.0000000
9 4 9 9 0.1562445
9 5 0 0 0.0029347
9 5 1 0 0.0001019
9 5 1 1 0.0029122
9 5 2 0 0.0000000
9 5 2 1 0.0000000
9 5 2 2 0.0000107
9 5 3 0 0.0001012
9 5 3 1 0.0017985
9 5 3 2 0.0000000
9 5 3 3 0.0025392
9 5 4 0 0.0000304
9 5 4 1 -0.0034270
9 5 4 2 0.0000000
9 5 4 3 -0.0015544
9 5 4 4 0.0025681
9 5 5 0 -0.0001792
9 5 5 1 -0.0006448
9 5 5 2 0.0000000
9 5 5 3 0.0010634
9 5 5 4 -0.0027264
9 5 5 5 0.0028666
9 5 6 0 0.0000000
9 5 6 1 -0.0000000
9 5 6 2 0.0017490
9 5 6 3 -0.0000000
9 5 6 4 -0.0000000
9 5 6 5 -0.0000000
9 5 6 6 -0.0005706
9 5 7 0 0.0000466
9 5 7 1 0.0002868
9 5 7 2 -0.0000000
9 5 7 3 0.0002433
9 5 7 4 -0.0004436
9 5 7 5 0.0004117
9 5 7 6 -0.0000000
9 5 7 7 -0.0001889
9 5 8 0 -0.0000000
9 5 8 1 0.0000000
9 5 8 2 0.0004044
9 5 8 3 0.0000000
9 5 8 4 -0.0000000
9 5 8 5 0.0000000
9 5 8 6 0.0000474
9 5 8 7 -0.0000000
9 5 8 8 -0.0020822
9 5 9 0 -0.0000910
9 5 9 1 0.0049731
9 5 9 2 0.0000000
9 5 9 3 0.0062410
9 5 9 4 -0.0115278
9 5 9 5 0.0085130
9 5 9 6 -0.0000000
9 5 9 7 0.0008246
9 5 9 8 0.0000000
9 5 9 9 -0.0750554
9 6 0 0 -0.0000000
9 6 1 0 -0.0000000
9 6 1 1 -0.0000000
9 6 2 0 0.0000727
9 6 2 1 0.0020391
9 6 2 2 -0.0000000
9 6 3 0 -0.0000000
9 6 3 1 -0.0000000
9 6 3 2 -0.0008410
9 6 3 3 -0.0000000
9 6 4 0 -0.0000000
9 6 4 1 0.0000000
9 6 4 2 0.0024570
9 6 4 3 0.0000000
9 6 4 4 -0.0000000
9 6 5 0 0.0000000
9 6 5 1 -0.0000000
9 6 5 2 0.0006411
9 6 5 3 -0.0000000
9 6 5 4 0.0000000
9 6 5 5 -0.0000000
9 6 6 0 0.0000947
9 6 6 1 -0.0014946
9 6 6 2 -0.0000000
9 6 6 3 0.0002711
9 6 6 4 -0.0028539
9 6 6 5 -0.0016222
9 6 6 6 0.0000000
9 6 7 0 -0.0000000
9 6 7 1 -0.0000000
9 6 7 2 -0.0004309
9 6 7 3 0.0000000
9 6 7 4 0.0000000
9 6 7 5 -0.0000000
9 6 7 6 -0.0000284
9 6 7 7 -0.0000000
9 6 8 0 -0.0000114
9 6 8 1 0.0020459
9 6 8 2 0.0000000
9 6 8 3 0.0012052
9 6 8 4 -0.0012186
9 6 8 5 0.0022961
9 6 8 6 -0.0000000
9 6 8 7 -0.0001150
9 6 8 8 0.0000000
9 6 9 0 0.0000000
9 6 9 1 -0.0000000
9 6 9 2 -0.0012647
9 6 9 3 -0.0000000
9 6 9 4 0.0000000
9 6 9 5 -0.0000000
9 6 9 6 0.0012268
9 6 9 7 -0.0000000
9 6 9 8 0.0037971
9 6 9 9 0.0000000
9 7 0 0 -0.0009793
9 7 1 0 0.0000842
9 7 1 1 0.0008396
9 7 2 0 -0.0000000
9 7 2 1 -0.0000000
9 7 2 2 0.0002024
9 7 3 0 -0.0000352
9 7 3 1 -0.0003134
9 7 3 2 -0.0000000
9 7 3 3 -0.0003303
9 7 4 0 -0.0000321
9 7 4 1 0.0001254
9 7 4 2 -0.0000000
9 7 4 3 0.0000324
9 7 4 4 0.0002811
9 7 5 0 -0.0000884
9 7 5 1 0.0003636
9 7 5 2 -0.0000000
9 7 5 3 0.0000985
9 7 5 4 0.0004579
9 7 5 5 0.0002155
9 7 6 0 0.0000000
9 7 6 1 -0.0000000
9 7 6 2 -0.0007364
9 7 6 3 0.0000000
9 7 6 4 -0.0000000
9 7 6 5 -0.0000000
9 7 6 6 0.0002936
9 7 7 0 0.0000534
9 7 7 1 0.0010018
9 7 7 2 0.0000000
9 7 7 3 0.0008561
9 7 7 4 -0.0019710
9 7 7 5 0.0011357
9 7 7 6 -0.0000000
9 7 7 7 -0.0001770
9 7 8 0 -0.0000000
9 7 8 1 0.0000000
9 7 8 2 0.0002511
9 7 8 3 -0.0000000
9 7 8 4 -0.0000000
9 7 8 5 -0.0000000
9 7 8 6 -0.0003938
9 7 8 7 0.0000000
9 7 8 8 0.0000623
9 7 9 0 0.0000182
9 7 9 1 0.0006996
9 7 9 2 -0.0000000
9 7 9 3 -0.0005903
9 7 9 4 -0.0006001
9 7 9 5 0.0008246
9 7 9 6 -0.0000000
9 7 9 7 0.0091562
9 7 9 8 -0.0000000
9 7 9 9 -0.0149381
9 8 0 0 0.0000000
9 8 1 0 0.0000000
9 8 1 1 -0.0000000
9 8 2 0 -0.0001091
9 8 2 1 -0.0031915
9 8 2 2 0.0000000
9 8 3 0 0.0000000
9 8 3 1 0.0000000
9 8 3 2 0.0003310
9 8 3 3 -0.0000000
9 8 4 0 0.0000000
9 8 4 1 -0.0000000
9 8 4 2 -0.0017271
9 8 4 3 0.0000000
9 8 4 4 0.0000000
9 8 5 0 -0.0000000
9 8 5 1 0.0000000
9 8 5 2 -0.0017941
9 8 5 3 0.0000000
9 8 5 4 0.0000000
9 8 5 5 0.0000000
9 8 6 0 -0.0001537
9 8 6 1 0.0025036
9 8 6 2 0.0000000
9 8 6 3 0.0003970
9 8 6 4 0.0023671
9 8 6 5 0.0031947
9 8 6 6 -0.0000000
9 8 7 0 -0.0000000
9 8 7 1 0.0000000
9 8 7 2 0.0004594
9 8 7 3 -0.0000000
9 8 7 4 0.0000000
9 8 7 5 0.0000000
9 8 7 6 0.0000551
9 8 7 7 0.0000000
9 8 8 0 0.0000159
9 8 8 1 0.0003053
9 8 8 2 0.0000000
9 8 8 3 0.0016353
9 8 8 4 -0.0043331
9 8 8 5 0.0007246
9 8 8 6 0.0000000
9 8 8 7 0.0004312
9 8 8 8 0.0000000
9 8 9 0 0.0000000
9 8 9 1 -0.0000000
9 8 9 2 -0.0041258
9 8 9 3 0.0000000
9 8 9 4 0.0000000
9 8 9 5 0.0000000
9 8 9 6 0.0037971
9 8 9 7 -0.0000000
9 8 9 8 0.0145315
9 8 9 9 0.0000000
9 9 0 0 0.3431401
9 9 1 0 0.0037944
9 9 1 1 0.5170344
9 9 2 0 0.0000000
9 9 2 1 0.0000000
9 9 2 2 0.3698090
9 9 3 0 0.0044232
9 9 3 1 0.1273001
9 9 3 2 0.0000000
9 9 3 3 0.3968595
9 9 4 0 0.0025046
9 9 4 1 -0.1526286
9 9 4 2 -0.0000000
9 9 4 3 -0.1760031
9 9 4 4 0.5835558
9 9 5 0 -0.0082231
9 9 5 1 0.1098210
9 9 5 2 0.0000000
9 9 5 3 0.1215444
9 9 5 4 -0.1725220
9 9 5 5 0.5398337
9 9 6 0 0.0000000
9 9 6 1 -0.0000000
9 9 6 2 -0.0551146
9 9 6 3 -0.0000000
9 9 6 4 0.0000000
9 9 6 5 -0.0000000
9 9 6 6 0.3657605
9 9 7 0 0.0020261
9 9 7 1 0.0082334
9 9 7 2 -0.0000000
9 9 7 3 -0.0469646
9 9 7 4 0.0012154
9 9 7 5 0.0171585
9 9 7 6 -0.0000000
9 9 7 7 0.6182419
9 9 8 0 0.0000000
9 9 8 1 -0.0000000
9 9 8 2 -0.1063986
9 9 8 3 0.0000000
9 9 8 4 0.0000000
9 9 8 5 0.0000000
9 9 8 6 0.0926524
9 9 8 7 -0.0000000
9 9 8 8 0.8416887
9 9 9 0 0.0027304
9 9 9 1 -0.0221332
9 9 9 2 -0.0000000
9 9 9 3 -0.0719414
9 9 9 4 0.1562445
9 9 9 5 -0.0750554
9 9 9 6 0.0000000
9 9 9 7 -0.0149381
9 9 9 8 0.0000000
9 9 9 9 3.4993859
10 0 0 0 0.0250951
10 0 1 0 -0.0009628
10 0 1 1 0.0025486
10 0 2 0 0.0000000
10 0 2 1 -0.0000000
10 0 2 2 0.0012879
10 0 3 0 0.0009710
10 0 3 1 -0.0015719
10 0 3 2 0.0000000
10 0 3 3 0.0025619
10 0 4 0 0.0007079
10 0 4 1 -0.0006331
10 0 4 2 0.0000000
10 0 4 3 0.0011643
10 0 4 4 0.0010528
10 0 5 0 0.0014514
10 0 5 1 -0.0022023
10 0 5 2 0.0000000
10 0 5 3 0.0011115
10 0 5 4 0.0010278
10 0 5 5 0.0026082
10 0 6 0 -0.0000000
10 0 6 1 0.0000000
10 0 6 2 0.0004557
10 0 6 3 -0.0000000
10 0 6 4 -0.0000000
10 0 6 5 -0.0000000
10 0 6 6 0.0010708
10 0 7 0 0.0027165
10 0 7 1 0.0003885
10 0 7 2 -0.0000000
10 0 7 3 -0.0005271
10 0 7 4 -0.0003676
10 0 7 5 -0.0007712
10 0 7 6 0.0000000
10 0 7 7 -0.0012111
10 0 8 0 -0.0000000
10 0 8 1 0.0000000
10 0 8 2 0.0003461
10 0 8 3 -0.0000000
10 0 8 4 -0.0000000
10 0 8 5 -0.0000000
10 0 8 6 -0.0002012
10 0 8 7 0.0000000
10 0 8 8 -0.0006582
10 0 9 0 -0.0000359
10 0 9 1 -0.0000586
10 0 9 2 0.0000000
10 0 9 3 0.0000180
10 0 9 4 -0.0000165
10 0 9 5 0.0000226
10 0 9 6 -0.0000000
10 0 9 7 0.0000114
10 0 9 8 0.0000000
10 0 9 9 -0.0008062
10 0 10 0 0.0006749
10 0 10 1 0.0005180
10 0 10 2 -0.0000000
10 0 10 3 -0.0001086
10 0 10 4 -0.0001739
10 0 10 5 -0.0000822
10 0 10 6 0.0000000
10 0 10 7 0.0000137
10 0 10 8 0.0000000
10 0 10 9 -0.0000062
10 0 10 10 -0.0010804
10 1 0 0 0.0337553
10 1 1 0 0.0009441
10 1 1 1 0.0328795
10 1 2 0 -0.0000000
10 1 2 1 -0.0000000
10 1 2 2 0.0256326
10 1 3 0 -0.0006708
10 1 3 1 -0.0054674
10 1 3 2 0.0000000
10 1 3 3 0.0265227
10 1 4 0 -0.0003995
10 1 4 1 0.0014311
10 1 4 2 0.0000000
10 1 4 3 0.0032168
10 1 4 4 0.0249558
10 1 5 0 -0.0010174
10 1 5 1 -0.0114537
10 1 5 2 0.0000000
10 1 5 3 -0.0000352
10 1 5 4 0.0079852
10 1 5 5 0.0250400
10 1 6 0 0.0000000
10 1 6 1 0.0000000
10 1 6 2 0.0005691
10 1 6 3 -0.0000000
10 1 6 4 -0.0000000
10 1 6 5 0.0000000
10 1 6 6 0.0257989
10 1 7 0 0.0009242
10 1 7 1 -0.0010683
10 1 7 2 0.0000000
10 1 7 3 -0.0005973
10 1 7 4 0.0007430
10 1 7 5 -0.0053287
10 1 7 6 0.0000000
10 1 7 7 -0.0017163
10 1 8 0 -0.0000000
10 1 8 1 0.0000000
10 1 8 2 0.0113480
10 1 8 3 -0.0000000
10 1 8 4 0.0000000
10 1 8 5 -0.0000000
10 1 8 6 -0.0096732
10 1 8 7 0.0000000
10 1 8 8 -0.0110174
10 1 9 0 -0.0001169
10 1 9 1 -0.0008947
10 1 9 2 0.0000000
10 1 9 3 0.0015901
10 1 9 4 -0.0039848
10 1 9 5 0.0016682
10 1 9 6 -0.0000000
10 1 9 7 0.0003032
10 1 9 8 -0.0000000
10 1 9 9 -0.0406906
10 1 10 0 0.0005180
10 1 10 1 0.0226434
10 1 10 2 0.0000000
10 1 10 3 0.0107689
10 1 10 4 -0.0134852
10 1 10 5 0.0190776
10 1 10 6 -0.0000000
10 1 10 7 0.0011032
10 1 10 8 -0.0000000
10 1 10 9 -0.0000854
10 1 10 10 -0.0540038
10 2 0 0 0.0000000
10 2 1 0 -0.0000000
10 2 1 1 0.0000000
10 2 2 0 -0.0007181
10 2 2 1 -0.0000483
10 2 2 2 0.0000000
10 2 3 0 0.0000000
10 2 3 1 0.0000000
10 2 3 2 0.0008652
10 2 3 3 0.0000000
10 2 4 0 -0.0000000
10 2 4 1 -0.0000000
10 2 4 2 0.0005131
10 2 4 3 -0.0000000
10 2 4 4 0.0000000
10 2 5 0 -0.0000000
10 2 5 1 0.0000000
10 2 5 2 0.0015612
10 2 5 3 0.0000000
10 2 5 4 -0.0000000
10 2 5 5 0.0000000
10 2 6 0 -0.0010150
10 2 6 1 -0.0015525
10 2 6 2 0.0000000
10 2 6 3 0.0018312
10 2 6 4 -0.0003954
10 2 6 5 -0.0002143
10 2 6 6 0.0000000
10 2 7 0 -0.0000000
10 2 7 1 -0.0000000
10 2 7 2 0.0034902
10 2 7 3 -0.0000000
10 2 7 4 0.0000000
10 2 7 5 0.0000000
10 2 7 6 0.0032516
10 2 7 7 0.0000000
10 2 8 0 0.0000844
10 2 8 1 -0.0004568
10 2 8 2 -0.0000000
10 2 8 3 -0.0023078
10 2 8 4 0.0044984
10 2 8 5 -0.0031746
10 2 8 6 0.0000000
10 2 8 7 -0.0006452
10 2 8 8 0.0000000
10 2 9 0 -0.0000000
10 2 9 1 0.0000000
10 2 9 2 0.0004434
10 2 9 3 0.0000000
10 2 9 4 -0.0000000
10 2 9 5 0.0000000
10 2 9 6 -0.0005666
10 2 9 7 -0.0000000
10 2 9 8 -0.0008843
10 2 9 9 0.0000000
10 2 10 0 -0.0000000
10 2 10 1 0.0000000
10 2 10 2 0.0068079
10 2 10 3 0.0000000
10 2 10 4 -0.0000000
10 2 10 5 0.0000000
10 2 10 6 -0.0043032
10 2 10 7 -0.0000000
10 2 10 8 -0.0227192
10 2 10 9 0.0000000
10 2 10 10 -0.0000000
10 3 0 0 0.0090878
10 3 1 0 -0.0007134
10 3 1 1 0.0098305
10 3 2 0 0.0000000
10 3 2 1 0.0000000
10 3 2 2 0.0079094
10 3 3 0 -0.0001501
10 3 3 1 0.0038981
10 3 3 2 0.0000000
10 3 3 3 0.0107356
10 3 4 0 0.0000018
10 3 4 1 -0.0024202
10 3 4 2 -0.0000000
10 3 4 3 -0.0026636
10 3 4 4 0.0135547
10 3 5 0 0.0012330
10 3 5 1 0.0019996
10 3 5 2 0.0000000
10 3 5 3 -0.0007492
10 3 5 4 -0.0039035
10 3 5 5 0.0078436
10 3 6 0 -0.0000000
10 3 6 1 -0.0000000
10 3 6 2 0.0014664
10 3 6 3 -0.0000000
10 3 6 4 0.0000000
10 3 6 5 0.0000000
10 3 6 6 0.0092965
10 3 7 0 -0.0004819
10 3 7 1 -0.0016305
10 3 7 2 -0.0000000
10 3 7 3 0.0020390
10 3 7 4 0.0057116
10 3 7 5 -0.0037996
10 3 7 6 0.0000000
10 3 7 7 0.0078199
10 3 8 0 -0.0000000
10 3 8 1 0.0000000
10 3 8 2 0.0021560
10 3 8 3 0.0000000
10 3 8 4 -0.0000000
10 3 8 5 -0.0000000
10 3 8 6 -0.0021993
10 3 8 7 0.0000000
10 3 8 8 0.0058628
10 3 9 0 -0.0000261
10 3 9 1 0.0002968
10 3 9 2 0.0000000
10 3 9 3 0.0012154
10 3 9 4 -0.0026497
10 3 9 5 0.0014564
10 3 9 6 -0.0000000
10 3 9 7 -0.0001919
10 3 9 8 0.0000000
10 3 9 9 -0.0056432
10 3 10 0 -0.0001086
10 3 10 1 0.0107689
10 3 10 2 0.0000000
10 3 10 3 0.0097269
10 3 10 4 -0.0104729
10 3 10 5 0.0117528
10 3 10 6 -0.0000000
10 3 10 7 -0.0101175
10 3 10 8 0.0000000
10 3 10 9 0.0013249
10 3 10 10 -0.0146335
10 4 0 0 -0.0139170
10 4 1 0 -0.0009884
10 4 1 1 -0.0251485
10 4 2 0 -0.0000000
10 4 2 1 -0.0000000
10 4 2 2 -0.0104848
10 4 3 0 -0.0003057
10 4 3 1 -0.0061874
10 4 3 2 -0.0000000
10 4 3 3 -0.0155060
10 4 4 0 -0.0001178
10 4 4 1 0.0118067
10 4 4 2 0.0000000
10 4 4 3 0.0095981
10 4 4 4 -0.0226516
10 4 5 0 0.0016719
10 4 5 1 0.0015635
10 4 5 2 -0.0000000
10 4 5 3 -0.0072470
10 4 5 4 0.0079704
10 4 5 5 -0.0216247
10 4 6 0 -0.0000000
10 4 6 1 -0.0000000
10 4 6 2 -0.0005634
10 4 6 3 0.0000000
10 4 6 4 -0.0000000
10 4 6 5 0.0000000
10 4 6 6 -0.0081482
10 4 7 0 -0.0006795
10 4 7 1 0.0015986
10 4 7 2 0.0000000
10 4 7 3 0.0062463
10 4 7 4 -0.0032279
10 4 7 5 0.0018347
10 4 7 6 0.0000000
10 4 7 7 -0.0179704
10 4 8 0 -0.0000000
10 4 8 1 -0.0000000
10 4 8 2 0.0006484
10 4 8 3 -0.0000000
10 4 8 4 -0.0000000
10 4 8 5 -0.0000000
10 4 8 6 -0.0009009
10 4 8 7 0.0000000
10 4 8 8 -0.0230000
10 4 9 0 0.0000409
10 4 9 1 -0.0009616
10 4 9 2 -0.0000000
10 4 9 3 -0.0019689
10 4 9 4 0.0036965
10 4 9 5 -0.0026944
10 4 9 6 0.0000000
10 4 9 7 0.0002050
10 4 9 8 0.0000000
10 4 9 9 -0.0133474
10 4 10 0 -0.0001739
10 4 10 1 -0.0134852
10 4 10 2 -0.0000000
10 4 10 3 -0.0104729
10 4 10 4 0.0160862
10 4 10 5 -0.0148875
10 4 10 6 0.0000000
10 4 10 7 0.0117804
10 4 10 8 -0.0000000
10 4 10 9 -0.0030386
10 4 10 10 0.0039250
10 5 0 0 0.0128105
10 5 1 0 -0.0001948
10 5 1 1 0.0182895
10 5 2 0 -0.0000000
10 5 2 1 -0.0000000
10 5 2 2 0.0157580
10 5 3 0 0.0018772
10 5 3 1 0.0051857
10 5 3 2 0.0000000
10 5 3 3 0.0076046
10 5 4 0 0.0009350
10 5 4 1 0.0027167
10 5 4 2 -0.0000000
10 5 4 3 -0.0070553
10 5 4 4 0.0195973
10 5 5 0 -0.0008002
10 5 5 1 -0.0000176
10 5 5 2 -0.0000000
10 5 5 3 -0.0024083
10 5 5 4 0.0022222
10 5 5 5 0.0160658
10 5 6 0 -0.0000000
10 5 6 1 0.0000000
10 5 6 2 -0.0036795
10 5 6 3 0.0000000
10 5 6 4 0.0000000
10 5 6 5 0.0000000
10 5 6 6 0.0171073
10 5 7 0 -0.0008252
10 5 7 1 -0.0042381
10 5 7 2 0.0000000
10 5 7 3 -0.0017342
10 5 7 4 -0.0000873
10 5 7 5 0.0030109
10 5 7 6 0.0000000
10 5 7 7 0.0041354
10 5 8 0 -0.0000000
10 5 8 1 -0.0000000
10 5 8 2 0.0070254
10 5 8 3 -0.0000000
10 5 8 4 -0.0000000
10 5 8 5 -0.0000000
10 5 8 6 -0.0068185
10 5 8 7 0.0000000
10 5 8 8 0.0037020
10 5 9 0 -0.0000602
10 5 9 1 0.0000517
10 5 9 2 0.0000000
10 5 9 3 0.0019268
10 5 9 4 -0.0046751
10 5 9 5 0.0021272
10 5 9 6 -0.0000000
10 5 9 7 0.0001616
10 5 9 8 0.0000000
10 5 9 9 -0.0309496
10 5 10 0 -0.0000822
10 5 10 1 0.0190776
10 5 10 2 0.0000000
10 5 10 3 0.0117528
10 5 10 4 -0.0148875
10 5 10 5 0.0222684
10 5 10 6 -0.0000000
10 5 10 7 -0.0013923
10 5 10 8 0.0000000
10 5 10 9 -0.0002130
10 5 10 10 -0.0427922
10 6 0 0 -0.0000000
10 6 1 0 0.0000000
10 6 1 1 -0.0000000
10 6 2 0 -0.0013353
10 6 2 1 -0.0081770
10 6 2 2 -0.0000000
10 6 3 0 -0.0000000
10 6 3 1 0.0000000
10 6 3 2 0.0044740
10 6 3 3 -0.0000000
10 6 4 0 -0.0000000
10 6 4 1 -0.0000000
10 6 4 2 -0.0059686
10 6 4 3 0.0000000
10 6 4 4 -0.0000000
10 6 5 0 -0.0000000
10 6 5 1 0.0000000
10 6 5 2 -0.0014727
10 6 5 3 0.0000000
10 6 5 4 0.0000000
10 6 5 5 -0.0000000
10 6 6 0 -0.0018941
10 6 6 1 0.0032123
10 6 6 2 0.0000000
10 6 6 3 0.0021175
10 6 6 4 0.0083945
10 6 6 5 0.0066767
10 6 6 6 -0.0000000
10 6 7 0 0.0000000
10 6 7 1 0.0000000
10 6 7 2 0.0043910
10 6 7 3 -0.0000000
10 6 7 4 0.0000000
10 6 7 5 0.0000000
10 6 7 6 0.0044836
10 6 7 7 -0.0000000
10 6 8 0 -0.0000995
10 6 8 1 -0.0029998
10 6 8 2 -0.0000000
10 6 8 3 0.0009954
10 6 8 4 -0.0045365
10 6 8 5 -0.0001487
10 6 8 6 0.0000000
10 6 8 7 0.0013628
10 6 8 8 0.0000000
10 6 9 0 0.0000000
10 6 9 1 0.0000000
10 6 9 2 -0.0002992
10 6 9 3 -0.0000000
10 6 9 4 0.0000000
10 6 9 5 -0.0000000
10 6 9 6 0.0002923
10 6 9 7 -0.0000000
10 6 9 8 0.0014442
10 6 9 9 0.0000000
10 6 10 0 0.0000000
10 6 10 1 -0.0000000
10 6 10 2 -0.0043032
10 6 10 3 -0.0000000
10 6 10 4 0.0000000
10 6 10 5 -0.0000000
10 6 10 6 0.0058650
10 6 10 7 -0.0000000
10 6 10 8 0.0159549
10 6 10 9 0.0000000
10 6 10 10 0.0000000
10 7 0 0 0.0551941
10 7 1 0 -0.0025790
10 7 1 1 -0.0077208
10 7 2 0 0.0000000
10 7 2 1 0.0000000
10 7 2 2 0.0128642
10 7 3 0 0.0016550
10 7 3 1 -0.0040410
10 7 3 2 -0.0000000
10 7 3 3 0.0155444
10 7 4 0 0.0009086
10 7 4 1 0.0072531
10 7 4 2 0.0000000
10 7 4 3 0.0210478
10 7 4 4 -0.0129603
10 7 5 0 0.0029116
10 7 5 1 -0.0189448
10 7 5 2 0.0000000
10 7 5 3 -0.0170173
10 7 5 4 0.0040387
10 7 5 5 0.0048580
10 7 6 0 -0.0000000
10 7 6 1 0.0000000
10 7 6 2 0.0229909
10 7 6 3 0.0000000
10 7 6 4 0.0000000
10 7 6 5 0.0000000
10 7 6 6 0.0138392
10 7 7 0 -0.0023851
10 7 7 1 0.0038952
10 7 7 2 0.0000000
10 7 7 3 0.0169141
10 7 7 4 -0.0192666
10 7 7 5 0.0152150
10 7 7 6 -0.0000000
10 7 7 7 0.0054840
10 7 8 0 -0.0000000
10 7 8 1 0.0000000
10 7 8 2 0.0057028
10 7 8 3 -0.0000000
10 7 8 4 0.0000000
10 7 8 5 -0.0000000
10 7 8 6 -0.0007587
10 7 8 7 0.0000000
10 7 8 8 -0.0340621
10 7 9 0 -0.0000873
10 7 9 1 -0.0000472
10 7 9 2 0.0000000
10 7 9 3 0.0001842
10 7 9 4 -0.0012997
10 7 9 5 0.0008003
10 7 9 6 -0.0000000
10 7 9 7 0.0002960
10 7 9 8 -0.0000000
10 7 9 9 -0.0632204
10 7 10 0 0.0000137
10 7 10 1 0.0011032
10 7 10 2 -0.0000000
10 7 10 3 -0.0101175
10 7 10 4 0.0117804
10 7 10 5 -0.0013923
10 7 10 6 -0.0000000
10 7 10 7 0.0750992
10 7 10 8 -0.0000000
10 7 10 9 -0.0038251
10 7 10 10 -0.0676361
10 8 0 0 -0.0000000
10 8 1 0 -0.0000000
10 8 1 1 0.0000000
10 8 2 0 0.0010804
10 8 2 1 0.0249083
10 8 2 2 -0.0000000
10 8 3 0 -0.0000000
10 8 3 1 -0.0000000
10 8 3 2 -0.0075107
10 8 3 3 0.0000000
10 8 4 0 -0.0000000
10 8 4 1 0.0000000
10 8 4 2 0.0251842
10 8 4 3 -0.0000000
10 8 4 4 -0.0000000
10 8 5 0 0.0000000
10 8 5 1 -0.0000000
10 8 5 2 0.0069083
10 8 5 3 -0.0000000
10 8 5 4 -0.0000000
10 8 5 5 -0.0000000
10 8 6 0 0.0012517
10 8 6 1 -0.0182655
10 8 6 2 -0.0000000
10 8 6 3 0.0014803
10 8 6 4 -0.0293560
10 8 6 5 -0.0201508
10 8 6 6 0.0000000
10 8 7 0 0.0000000
10 8 7 1 -0.0000000
10 8 7 2 -0.0048767
10 8 7 3 0.0000000
10 8 7 4 -0.0000000
10 8 7 5 0.0000000
10 8 7 6 0.0014248
10 8 7 7 -0.0000000
10 8 8 0 -0.0004832
10 8 8 1 0.0220183
10 8 8 2 0.0000000
10 8 8 3 0.0164587
10 8 8 4 -0.0181823
10 8 8 5 0.0329300
10 8 8 6 -0.0000000
10 8 8 7 -0.0012068
10 8 8 8 -0.0000000
10 8 9 0 0.0000000
10 8 9 1 -0.0000000
10 8 9 2 -0.0024856
10 8 9 3 0.0000000
10 8 9 4 0.0000000
10 8 9 5 0.0000000
10 8 9 6 0.0033319
10 8 9 7 -0.0000000
10 8 9 8 -0.0000316
10 8 9 9 -0.0000000
10 8 10 0 0.0000000
10 8 10 1 -0.0000000
10 8 10 2 -0.0227192
10 8 10 3 0.0000000
10 8 10 4 -0.0000000
10 8 10 5 0.0000000
10 8 10 6 0.0159549
10 8 10 7 -0.0000000
10 8 10 8 0.1090353
10 8 10 9 -0.0000000
10 8 10 10 -0.0000000
10 9 0 0 0.0125060
10 9 1 0 0.0002321
10 9 1 1 0.0249732
10 9 2 0 0.0000000
10 9 2 1 0.0000000
10 9 2 2 0.0135157
10 9 3 0 0.0003466
10 9 3 1 0.0115014
10 9 3 2 0.0000000
10 9 3 3 0.0186435
10 9 4 0 0.0002343
10 9 4 1 -0.0153708
10 9 4 2 -0.0000000
10 9 4 3 -0.0161077
10 9 4 4 0.0347096
10 9 5 0 -0.0005956
10 9 5 1 0.0087841
10 9 5 2 0.0000000
10 9 5 3 0.0107878
10 9 5 4 -0.0182660
10 9 5 5 0.0285196
10 9 6 0 0.0000000
10 9 6 1 -0.0000000
10 9 6 2 -0.0028022
10 9 6 3 -0.0000000
10 9 6 4 0.0000000
10 9 6 5 -0.0000000
10 9 6 6 0.0125509
10 9 7 0 0.0001043
10 9 7 1 0.0009073
10 9 7 2 -0.0000000
10 9 7 3 -0.0031538
10 9 7 4 0.0001523
10 9 7 5 0.0017589
10 9 7 6 -0.0000000
10 9 7 7 0.0335518
10 9 8 0 0.0000000
10 9 8 1 -0.0000000
10 9 8 2 -0.0093767
10 9 8 3 0.0000000
10 9 8 4 0.0000000
10 9 8 5 0.0000000
10 9 8 6 0.0091299
10 9 8 7 -0.0000000
10 9 8 8 0.0496116
10 9 9 0 0.0002712
10 9 9 1 -0.0048691
10 9 9 2 -0.0000000
10 9 9 3 -0.0091827
10 9 9 4 0.0190517
10 9 9 5 -0.0109345
10 9 9 6 0.0000000
10 9 9 7 -0.0036628
10 9 9 8 0.0000000
10 9 9 9 0.3648292
10 9 10 0 -0.0000062
10 9 10 1 -0.0000854
10 9 10 2 0.0000000
10 9 10 3 0.0013249
10 9 10 4 -0.0030386
10 9 10 5 -0.0002130
10 9 10 6 0.0000000
10 9 10 7 -0.0038251
10 9 10 8 -0.0000000
10 9 10 9 0.0530070
10 9 10 10 0.0389063
10 10 0 0 0.2902877
10 10 1 0 0.0022831
10 10 1 1 0.3905494
10 10 2 0 0.0000000
10 10 2 1 0.0000000
10 10 2 2 0.3071813
10 10 3 0 0.0026575
10 10 3 1 0.0633594
10 10 3 2 0.0000000
10 10 3 3 0.3045782
10 10 4 0 0.0013037
10 10 4 1 -0.0679000
10 10 4 2 -0.0000000
10 10 4 3 -0.0849785
10 10 4 4 0.3964533
10 10 5 0 -0.0045564
10 10 5 1 0.0618883
10 10 5 2 -0.0000000
10 10 5 3 0.0628041
10 10 5 4 -0.0718293
10 10 5 5 0.3951182
10 10 6 0 0.0000000
10 10 6 1 -0.0000000
10 10 6 2 -0.0398787
10 10 6 3 -0.0000000
10 10 6 4 0.0000000
10 10 6 5 -0.0000000
10 10 6 6 0.3084418
10 10 7 0 0.0014272
10 10 7 1 0.0008289
10 10 7 2 -0.0000000
10 10 7 3 -0.0375110
10 10 7 4 0.0126374
10 10 7 5 0.0013919
10 10 7 6 -0.0000000
10 10 7 7 0.4644442
10 10 8 0 0.0000000
10 10 8 1 -0.0000000
10 10 8 2 -0.0646215
10 10 8 3 0.0000000
10 10 8 4 -0.0000000
10 10 8 5 0.0000000
10 10 8 6 0.0512597
10 10 8 7 -0.0000000
10 10 8 8 0.6110801
10 10 9 0 0.0005258
10 10 9 1 0.0033149
10 10 9 2 -0.0000000
10 10 9 3 -0.0061081
10 10 9 4 0.0165557
10 10 9 5 -0.0053401
10 10 9 6 0.0000000
10 10 9 7 -0.0004443
10 10 9 8 0.0000000
10 10 9 9 0.8412155
10 10 10 0 -0.0010804
10 10 10 1 -0.0540038
10 10 10 2 -0.0000000
10 10 10 3 -0.0146335
10 10 10 4 0.0039250
10 10 10 5 -0.0427922
10 10 10 6 0.0000000
10 10 10 7 -0.0676361
10 10 10 8 -0.0000000
10 10 10 9 0.0389063
10 10 10 10 0.7072817
11 0 0 0 -0.0814048
11 0 1 0 0.0033414
11 0 1 1 -0.0067123
11 0 2 0 -0.0000000
11 0 2 1 0.0000000
11 0 2 2 -0.0006738
11 0 3 0 -0.0030324
11 0 3 1 0.0053307
11 0 3 2 -0.0000000
11 0 3 3 -0.0051215
11 0 4 0 -0.0023578
11 0 4 1 0.0028606
11 0 4 2 -0.0000000
11 0 4 3 -0.0021522
11 0 4 4 -0.0028373
11 0 5 0 -0.0054374
11 0 5 1 0.0046792
11 0 5 2 -0.0000000
11 0 5 3 -0.0061879
11 0 5 4 -0.0034433
11 0 5 5 -0.0052266
11 0 6 0 0.0000000
11 0 6 1 -0.0000000
11 0 6 2 0.0017020
11 0 6 3 0.0000000
11 0 6 4 0.0000000
11 0 6 5 0.0000000
11 0 6 6 0.0005628
11 0 7 0 -0.0111437
11 0 7 1 -0.0015573
11 0 7 2 0.0000000
11 0 7 3 0.0025561
11 0 7 4 0.0012308
11 0 7 5 0.0034655
11 0 7 6 -0.0000000
11 0 7 7 0.0064487
11 0 8 0 0.0000000
11 0 8 1 -0.0000000
11 0 8 2 -0.0001462
11 0 8 3 0.0000000
11 0 8 4 -0.0000000
11 0 8 5 0.0000000
11 0 8 6 0.0002329
11 0 8 7 0.0000000
11 0 8 8 -0.0008636
11 0 9 0 0.0001215
11 0 9 1 0.0000915
11 0 9 2 -0.0000000
11 0 9 3 -0.0000665
11 0 9 4 -0.0000134
11 0 9 5 -0.0000580
11 0 9 6 0.0000000
11 0 9 7 -0.0000475
11 0 9 8 0.0000000
11 0 9 9 -0.0008110
11 0 10 0 -0.0026927
11 0 10 1 -0.0010899
11 0 10 2 0.0000000
11 0 10 3 0.0005239
11 0 10 4 0.0006332
11 0 10 5 0.0008472
11 0 10 6 -0.0000000
11 0 10 7 0.0020164
11 0 10 8 0.0000000
11 0 10 9 0.0000016
11 0 10 10 -0.0005744
11 0 11 0 0.0110464
11 0 11 1 0.0032973
11 0 11 2 -0.0000000
11 0 11 3 -0.0020898
11 0 11 4 -0.0020259
11 0 11 5 -0.0037797
11 0 11 6 0.0000000
11 0 11 7 -0.0071437
11 0 11 8 0.0000000
11 0 11 9 -0.0000719
11 0 11 10 -0.0010759
11 0 11 11 0.0067884
11 1 0 0 -0.0084376
11 1 1 0 -0.0016942
11 1 1 1 -0.0060172
11 1 2 0 0.0000000
11 1 2 1 0.0000000
11 1 2 2 0.0019927
11 1 3 0 0.0050627
11 1 3 1 0.0221150
11 1 3 2 -0.0000000
11 1 3 3 -0.0157518
11 1 4 0 0.0025252
11 1 4 1 0.0031220
11 1 4 2 -0.0000000
11 1 4 3 -0.0139106
11 1 4 4 0.0007146
11 1 5 0 -0.0002930
11 1 5 1 0.0075238
11 1 5 2 -0.0000000
11 1 5 3 -0.0115318
11 1 5 4 -0.0084862
11 1 5 5 0.0032337
11 1 6 0 0.0000000
11 1 6 1 -0.0000000
11 1 6 2 0.0012966
11 1 6 3 0.0000000
11 1 6 4 0.0000000
11 1 6 5 -0.0000000
11 1 6 6 0.0002511
11 1 7 0 -0.0031002
11 1 7 1 -0.0009169
11 1 7 2 0.0000000
11 1 7 3 0.0070978
11 1 7 4 -0.0127594
11 1 7 5 0.0243565
11 1 7 6 -0.0000000
11 1 7 7 0.0122437
11 1 8 0 0.0000000
11 1 8 1 0.0000000
11 1 8 2 -0.0000156
11 1 8 3 0.0000000
11 1 8 4 0.0000000
11 1 8 5 0.0000000
11 1 8 6 0.0016857
11 1 8 7 -0.0000000
11 1 8 8 0.0084868
11 1 9 0 0.0000510
11 1 9 1 0.0007633
11 1 9 2 0.0000000
11 1 9 3 0.0000018
11 1 9 4 -0.0009150
11 1 9 5 0.0005918
11 1 9 6 -0.0000000
11 1 9 7 0.0004360
11 1 9 8 -0.0000000
11 1 9 9 0.0085004
11 1 10 0 -0.0008080
11 1 10 1 -0.0034709
11 1 10 2 -0.0000000
11 1 10 3 0.0003298
11 1 10 4 0.0000658
11 1 10 5 0.0063876
11 1 10 6 -0.0000000
11 1 10 7 0.0126467
11 1 10 8 0.0000000
11 1 10 9 0.0020265
11 1 10 10 -0.0098674
11 1 11 0 0.0032973
11 1 11 1 0.0292916
11 1 11 2 0.0000000
11 1 11 3 0.0104258
11 1 11 4 -0.0130488
11 1 11 5 -0.0088391
11 1 11 6 0.0000000
11 1 11 7 -0.0003474
11 1 11 8 0.0000000
11 1 11 9 0.0000250
11 1 11 10 0.0070134
11 1 11 11 0.0203873
11 2 0 0 0.0000000
11 2 1 0 0.0000000
11 2 1 1 0.0000000
11 2 2 0 0.0047291
11 2 2 1 0.0171547
11 2 2 2 -0.0000000
11 2 3 0 -0.0000000
11 2 3 1 -0.0000000
11 2 3 2 -0.0104685
11 2 3 3 0.0000000
11 2 4 0 0.0000000
11 2 4 1 -0.0000000
11 2 4 2 0.0091190
11 2 4 3 -0.0000000
11 2 4 4 0.0000000
11 2 5 0 0.0000000
11 2 5 1 -0.0000000
11 2 5 2 -0.0041310
11 2 5 3 -0.0000000
11 2 5 4 -0.0000000
11 2 5 5 -0.0000000
11 2 6 0 0.0066323
11 2 6 1 0.0015390
11 2 6 2 -0.0000000
11 2 6 3 -0.0089934
11 2 6 4 -0.0117123
11 2 6 5 -0.0118454
11 2 6 6 0.0000000
11 2 7 0 0.0000000
11 2 7 1 -0.0000000
11 2 7 2 -0.0167378
11 2 7 3 0.0000000
11 2 7 4 -0.0000000
11 2 7 5 -0.0000000
11 2 7 6 -0.0182183
11 2 7 7 0.0000000
11 2 8 0 0.0001358
11 2 8 1 0.0040848
11 2 8 2 0.0000000
11 2 8 3 0.0007226
11 2 8 4 0.0026736
11 2 8 5 0.0006587
11 2 8 6 -0.0000000
11 2 8 7 -0.0036308
11 2 8 8 0.0000000
11 2 9 0 -0.0000000
11 2 9 1 -0.0000000
11 2 9 2 -0.0000572
11 2 9 3 0.0000000
11 2 9 4 -0.0000000
11 2 9 5 0.0000000
11 2 9 6 0.0000799
11 2 9 7 0.0000000
11 2 9 8 -0.0005484
11 2 9 9 -0.0000000
11 2 10 0 0.0000000
11 2 10 1 0.0000000
11 2 10 2 -0.0022888
11 2 10 3 -0.0000000
11 2 10 4 -0.0000000
11 2 10 5 -0.0000000
11 2 10 6 -0.0054800
11 2 10 7 0.0000000
11 2 10 8 -0.0035410
11 2 10 9 -0.0000000
11 2 10 10 -0.0000000
11 2 11 0 -0.0000000
11 2 11 1 0.0000000
11 2 11 2 0.0200503
11 2 11 3 0.0000000
11 2 11 4 0.0000000
11 2 11 5 0.0000000
11 2 11 6 0.0166824
11 2 11 7 0.0000000
11 2 11 8 -0.0007849
11 2 11 9 0.0000000
11 2 11 10 0.0000000
11 2 11 11 0.0000000
11 3 0 0 0.0191721
11 3 1 0 0.0039679
11 3 1 1 0.0349831
11 3 2 0 -0.0000000
11 3 2 1 -0.0000000
11 3 2 2 0.0128961
11 3 3 0 0.0028563
11 3 3 1 0.0022146
11 3 3 2 0.0000000
11 3 3 3 0.0052273
11 3 4 0 0.0010331
11 3 4 1 -0.0062346
11 3 4 2 -0.0000000
11 3 4 3 -0.0098396
11 3 4 4 0.0144662
11 3 5 0 -0.0078440
11 3 5 1 -0.0151942
11 3 5 2 -0.0000000
11 3 5 3 0.0075593
11 3 5 4 0.0061017
11 3 5 5 0.0332034
11 3 6 0 0.0000000
11 3 6 1 0.0000000
11 3 6 2 -0.0060743
11 3 6 3 0.0000000
11 3 6 4 -0.0000000
11 3 6 5 -0.0000000
11 3 6 6 0.0062623
11 3 7 0 0.0020359
11 3 7 1 0.0032855
11 3 7 2 0.0000000
11 3 7 3 -0.0138526
11 3 7 4 -0.0180384
11 3 7 5 0.0162371
11 3 7 6 -0.0000000
11 3 7 7 0.0015466
11 3 8 0 -0.0000000
11 3 8 1 -0.0000000
11 3 8 2 0.0036219
11 3 8 3 -0.0000000
11 3 8 4 -0.0000000
11 3 8 5 -0.0000000
11 3 8 6 -0.0015638
11 3 8 7 0.0000000
11 3 8 8 0.0096014
11 3 9 0 -0.0000642
11 3 9 1 -0.0001791
11 3 9 2 0.0000000
11 3 9 3 0.0004998
11 3 9 4 -0.0012488
11 3 9 5 0.0009680
11 3 9 6 -0.0000000
11 3 9 7 0.0009170
11 3 9 8 0.0000000
11 3 9 9 -0.0004737
11 3 10 0 0.0006534
11 3 10 1 0.0048736
11 3 10 2 -0.0000000
11 3 10 3 -0.0036142
11 3 10 4 -0.0037396
11 3 10 5 0.0059362
11 3 10 6 -0.0000000
11 3 10 7 0.0064591
11 3 10 8 0.0000000
11 3 10 9 0.0001511
11 3 10 10 -0.0093937
11 3 11 0 -0.0020898
11 3 11 1 0.0104258
11 3 11 2 0.0000000
11 3 11 3 0.0289388
11 3 11 4 -0.0001370
11 3 11 5 -0.0040812
11 3 11 6 -0.0000000
11 3 11 7 0.0063427
11 3 11 8 -0.0000000
11 3 11 9 0.0005065
11 3 11 10 0.0030962
11 3 11 11 0.0121561
11 4 0 0 -0.0063968
11 4 1 0 0.0025662
11 4 1 1 0.0089369
11 4 2 0 0.0000000
11 4 2 1 0.0000000
11 4 2 2 0.0028615
11 4 3 0 -0.0001273
11 4 3 1 -0.0074964
11 4 3 2 -0.0000000
11 4 3 3 -0.0055703
11 4 4 0 -0.0002222
11 4 4 1 0.0014687
11 4 4 2 -0.0000000
11 4 4 3 -0.0030953
11 4 4 4 0.0013704
11 4 5 0 -0.0039304
11 4 5 1 -0.0045133
11 4 5 2 -0.0000000
11 4 5 3 0.0084853
11 4 5 4 0.0080968
11 4 5 5 0.0039384
11 4 6 0 0.0000000
11 4 6 1 0.0000000
11 4 6 2 -0.0068831
11 4 6 3 -0.0000000
11 4 6 4 -0.0000000
11 4 6 5 -0.0000000
11 4 6 6 -0.0009552
11 4 7 0 0.0020767
11 4 7 1 -0.0073195
11 4 7 2 -0.0000000
11 4 7 3 -0.0169547
11 4 7 4 0.0096832
11 4 7 5 -0.0097539
11 4 7 6 0.0000000
11 4 7 7 -0.0105285
11 4 8 0 0.0000000
11 4 8 1 0.0000000
11 4 8 2 0.0011713
11 4 8 3 -0.0000000
11 4 8 4 0.0000000
11 4 8 5 -0.0000000
11 4 8 6 -0.0017901
11 4 8 7 -0.0000000
11 4 8 8 0.0003358
11 4 9 0 -0.0000206
11 4 9 1 -0.0008212
11 4 9 2 -0.0000000
11 4 9 3 -0.0002327
11 4 9 4 0.0011419
11 4 9 5 -0.0009687
11 4 9 6 0.0000000
11 4 9 7 -0.0014301
11 4 9 8 -0.0000000
11 4 9 9 0.0041134
11 4 10 0 0.0004298
11 4 10 1 -0.0001658
11 4 10 2 -0.0000000
11 4 10 3 -0.0007129
11 4 10 4 -0.0022135
11 4 10 5 -0.0017738
11 4 10 6 0.0000000
11 4 10 7 -0.0193609
11 4 10 8 0.0000000
11 4 10 9 -0.0005958
11 4 10 10 0.0180463
11 4 11 0 -0.0020259
11 4 11 1 -0.0130488
11 4 11 2 0.0000000
11 4 11 3 -0.0001370
11 4 11 4 0.0190156
11 4 11 5 -0.0089382
11 4 11 6 0.0000000
11 4 11 7 0.0033737
11 4 11 8 0.0000000
11 4 11 9 -0.0010529
11 4 11 10 -0.0092152
11 4 11 11 -0.0170514
11 5 0 0 -0.0102814
11 5 1 0 0.0012411
11 5 1 1 -0.0004865
11 5 2 0 0.0000000
11 5 2 1 0.0000000
11 5 2 2 -0.0045237
11 5 3 0 -0.0077427
11 5 3 1 -0.0143373
11 5 3 2 -0.0000000
11 5 3 3 0.0173051
11 5 4 0 -0.0038781
11 5 4 1 -0.0050359
11 5 4 2 0.0000000
11 5 4 3 0.0123503
11 5 4 4 0.0044191
11 5 5 0 0.0022967
11 5 5 1 0.0019062
11 5 5 2 -0.0000000
11 5 5 3 0.0101768
11 5 5 4 0.0024986
11 5 5 5 -0.0105616
11 5 6 0 0.0000000
11 5 6 1 -0.0000000
11 5 6 2 -0.0020739
11 5 6 3 -0.0000000
11 5 6 4 -0.0000000
11 5 6 5 -0.0000000
11 5 6 6 -0.0036129
11 5 7 0 0.0034520
11 5 7 1 0.0139028
11 5 7 2 -0.0000000
11 5 7 3 0.0117853
11 5 7 4 -0.0050759
11 5 7 5 -0.0127700
11 5 7 6 -0.0000000
11 5 7 7 -0.0112784
11 5 8 0 0.0000000
11 5 8 1 0.0000000
11 5 8 2 -0.0004752
11 5 8 3 0.0000000
11 5 8 4 -0.0000000
11 5 8 5 0.0000000
11 5 8 6 -0.0004854
11 5 8 7 0.0000000
11 5 8 8 -0.0027679
11 5 9 0 -0.0000241
11 5 9 1 0.0002596
11 5 9 2 -0.0000000
11 5 9 3 0.0004222
11 5 9 4 -0.0008593
11 5 9 5 0.0007304
11 5 9 6 -0.0000000
11 5 9 7 0.0011880
11 5 9 8 -0.0000000
11 5 9 9 -0.0062819
11 5 10 0 0.0009046
11 5 10 1 0.0058732
11 5 10 2 -0.0000000
11 5 10 3 0.0020306
11 5 10 4 -0.0008467
11 5 10 5 -0.0020294
11 5 10 6 -0.0000000
11 5 10 7 0.0051014
11 5 10 8 0.0000000
11 5 10 9 0.0003471
11 5 10 10 -0.0163032
11 5 11 0 -0.0037797
11 5 11 1 -0.0088391
11 5 11 2 0.0000000
11 5 11 3 -0.0040812
11 5 11 4 -0.0089382
11 5 11 5 0.0279011
11 5 11 6 -0.0000000
11 5 11 7 0.0125700
11 5 11 8 0.0000000
11 5 11 9 0.0012046
11 5 11 10 0.0052666
11 5 11 11 -0.0122905
11 6 0 0 0.0000000
11 6 1 0 -0.0000000
11 6 1 1 0.0000000
11 6 2 0 0.0057654
11 6 2 1 0.0178427
11 6 2 2 -0.0000000
11 6 3 0 0.0000000
11 6 3 1 0.0000000
11 6 3 2 -0.0133174
11 6 3 3 -0.0000000
11 6 4 0 0.0000000
11 6 4 1 0.0000000
11 6 4 2 0.0072884
11 6 4 3 -0.0000000
11 6 4 4 -0.0000000
11 6 5 0 0.0000000
11 6 5 1 -0.0000000
11 6 5 2 -0.0046802
11 6 5 3 -0.0000000
11 6 5 4 -0.0000000
11 6 5 5 -0.0000000
11 6 6 0 0.0079952
11 6 6 1 0.0010894
11 6 6 2 0.0000000
11 6 6 3 -0.0112122
11 6 6 4 -0.0133666
11 6 6 5 -0.0119120
11 6 6 6 0.0000000
11 6 7 0 -0.0000000
11 6 7 1 -0.0000000
11 6 7 2 -0.0186390
11 6 7 3 -0.0000000
11 6 7 4 -0.0000000
11 6 7 5 -0.0000000
11 6 7 6 -0.0180828
11 6 7 7 0.0000000
11 6 8 0 0.0001347
11 6 8 1 0.0055457
11 6 8 2 0.0000000
11 6 8 3 0.0014570
11 6 8 4 -0.0004329
11 6 8 5 0.0035701
11 6 8 6 -0.0000000
11 6 8 7 0.0021163
11 6 8 8 0.0000000
11 6 9 0 0.0000000
11 6 9 1 -0.0000000
11 6 9 2 -0.0003746
11 6 9 3 -0.0000000
11 6 9 4 0.0000000
11 6 9 5 -0.0000000
11 6 9 6 0.0004807
11 6 9 7 -0.0000000
11 6 9 8 -0.0001193
11 6 9 9 0.0000000
11 6 10 0 -0.0000000
11 6 10 1 -0.0000000
11 6 10 2 -0.0048184
11 6 10 3 0.0000000
11 6 10 4 -0.0000000
11 6 10 5 -0.0000000
11 6 10 6 -0.0037331
11 6 10 7 -0.0000000
11 6 10 8 0.0086042
11 6 10 9 -0.0000000
11 6 10 10 0.0000000
11 6 11 0 0.0000000
11 6 11 1 0.0000000
11 6 11 2 0.0166824
11 6 11 3 -0.0000000
11 6 11 4 0.0000000
11 6 11 5 -0.0000000
11 6 11 6 0.0209398
11 6 11 7 -0.0000000
11 6 11 8 0.0058461
11 6 11 9 -0.0000000
11 6 11 10 -0.0000000
11 6 11 11 0.0000000
11 7 0 0 -0.2545714
11 7 1 0 0.0091929
11 7 1 1 -0.0077222
11 7 2 0 -0.0000000
11 7 2 1 0.0000000
11 7 2 2 -0.0785694
11 7 3 0 -0.0049584
11 7 3 1 0.0396566
11 7 3 2 0.0000000
11 7 3 3 -0.0931611
11 7 4 0 -0.0031038
11 7 4 1 -0.0375595
11 7 4 2 -0.0000000
11 7 4 3 -0.0859329
11 7 4 4 0.0211854
11 7 5 0 -0.0113283
11 7 5 1 0.0835798
11 7 5 2 -0.0000000
11 7 5 3 0.0616340
11 7 5 4 -0.0324881
11 7 5 5 -0.0415903
11 7 6 0 0.0000000
11 7 6 1 -0.0000000
11 7 6 2 -0.0863723
11 7 6 3 -0.0000000
11 7 6 4 -0.0000000
11 7 6 5 -0.0000000
11 7 6 6 -0.0875250
11 7 7 0 0.0073381
11 7 7 1 0.0045409
11 7 7 2 -0.0000000
11 7 7 3 -0.0261771
11 7 7 4 -0.0116401
11 7 7 5 -0.0018604
11 7 7 6 0.0000000
11 7 7 7 0.0050324
11 7 8 0 0.0000000
11 7 8 1 -0.0000000
11 7 8 2 -0.0366518
11 7 8 3 0.0000000
11 7 8 4 -0.0000000
11 7 8 5 0.0000000
11 7 8 6 0.0217812
11 7 8 7 -0.0000000
11 7 8 8 0.1510892
11 7 9 0 0.0004466
11 7 9 1 0.0033445
11 7 9 2 -0.0000000
11 7 9 3 -0.0015602
11 7 9 4 0.0053176
11 7 9 5 -0.0010832
11 7 9 6 -0.0000000
11 7 9 7 0.0011149
11 7 9 8 0.0000000
11 7 9 9 0.2608277
11 7 10 0 0.0005056
11 7 10 1 -0.0164379
11 7 10 2 0.0000000
11 7 10 3 -0.0048030
11 7 10 4 -0.0081110
11 7 10 5 -0.0086063
11 7 10 6 0.0000000
11 7 10 7 -0.0287868
11 7 10 8 -0.0000000
11 7 10 9 0.0193253
11 7 10 10 0.1626449
11 7 11 0 -0.0071437
11 7 11 1 -0.0003474
11 7 11 2 0.0000000
11 7 11 3 0.0063427
11 7 11 4 0.0033737
11 7 11 5 0.0125700
11 7 11 6 -0.0000000
11 7 11 7 0.2035800
11 7 11 8 0.0000000
11 7 11 9 0.0030648
11 7 11 10 0.0593355
11 7 11 11 -0.0251493
11 8 0 0 -0.0000000
11 8 1 0 -0.0000000
11 8 1 1 0.0000000
11 8 2 0 0.0005432
11 8 2 1 0.0072469
11 8 2 2 -0.0000000
11 8 3 0 -0.0000000
11 8 3 1 -0.0000000
11 8 3 2 -0.0012319
11 8 3 3 0.0000000
11 8 4 0 0.0000000
11 8 4 1 0.0000000
11 8 4 2 0.0074961
11 8 4 3 -0.0000000
11 8 4 4 -0.0000000
11 8 5 0 0.0000000
11 8 5 1 -0.0000000
11 8 5 2 0.0002804
11 8 5 3 0.0000000
11 8 5 4 -0.0000000
11 8 5 5 -0.0000000
11 8 6 0 0.0007452
11 8 6 1 -0.0029620
11 8 6 2 -0.0000000
11 8 6 3 0.0000105
11 8 6 4 -0.0078699
11 8 6 5 -0.0051974
11 8 6 6 0.0000000
11 8 7 0 0.0000000
11 8 7 1 -0.0000000
11 8 7 2 -0.0067136
11 8 7 3 0.0000000
11 8 7 4 -0.0000000
11 8 7 5 0.0000000
11 8 7 6 0.0017344
11 8 7 7 0.0000000
11 8 8 0 -0.0000804
11 8 8 1 0.0077262
11 8 8 2 0.0000000
11 8 8 3 0.0039470
11 8 8 4 -0.0054939
11 8 8 5 0.0097424
11 8 8 6 -0.0000000
11 8 8 7 0.0181298
11 8 8 8 0.0000000
11 8 9 0 0.0000000
11 8 9 1 -0.0000000
11 8 9 2 -0.0006347
11 8 9 3 0.0000000
11 8 9 4 0.0000000
11 8 9 5 0.0000000
11 8 9 6 0.0007506
11 8 9 7 0.0000000
11 8 9 8 0.0001755
11 8 9 9 0.0000000
11 8 10 0 0.0000000
11 8 10 1 -0.0000000
11 8 10 2 -0.0063516
11 8 10 3 0.0000000
11 8 10 4 -0.0000000
11 8 10 5 0.0000000
11 8 10 6 0.0042764
11 8 10 7 0.0000000
11 8 10 8 0.0253056
11 8 10 9 0.0000000
11 8 10 10 0.0000000
11 8 11 0 0.0000000
11 8 11 1 0.0000000
11 8 11 2 -0.0007849
11 8 11 3 -0.0000000
11 8 11 4 0.0000000
11 8 11 5 0.0000000
11 8 11 6 0.0058461
11 8 11 7 0.0000000
11 8 11 8 0.0229402
11 8 11 9 0.0000000
11 8 11 10 0.0000000
11 8 11 11 0.0000000
11 9 0 0 0.0046731
11 9 1 0 0.0000702
11 9 1 1 0.0063803
11 9 2 0 0.0000000
11 9 2 1 0.0000000
11 9 2 2 0.0038148
11 9 3 0 -0.0000071
11 9 3 1 0.0011974
11 9 3 2 0.0000000
11 9 3 3 0.0049861
11 9 4 0 0.0000043
11 9 4 1 -0.0028454
11 9 4 2 -0.0000000
11 9 4 3 -0.0021996
11 9 4 4 0.0073599
11 9 5 0 -0.0000844
11 9 5 1 0.0010641
11 9 5 2 0.0000000
11 9 5 3 0.0020182
11 9 5 4 -0.0028494
11 9 5 5 0.0065439
11 9 6 0 0.0000000
11 9 6 1 -0.0000000
11 9 6 2 -0.0003872
11 9 6 3 -0.0000000
11 9 6 4 0.0000000
11 9 6 5 -0.0000000
11 9 6 6 0.0038021
11 9 7 0 0.0000919
11 9 7 1 0.0009755
11 9 7 2 0.0000000
11 9 7 3 0.0001166
11 9 7 4 -0.0011632
11 9 7 5 0.0007065
11 9 7 6 -0.0000000
11 9 7 7 0.0065731
11 9 8 0 0.0000000
11 9 8 1 -0.0000000
11 9 8 2 -0.0012825
11 9 8 3 0.0000000
11 9 8 4 0.0000000
11 9 8 5 0.0000000
11 9 8 6 0.0012280
11 9 8 7 0.0000000
11 9 8 8 0.0085152
11 9 9 0 0.0000579
11 9 9 1 -0.0003975
11 9 9 2 -0.0000000
11 9 9 3 -0.0021170
11 9 9 4 0.0029153
11 9 9 5 -0.0013311
11 9 9 6 0.0000000
11 9 9 7 0.0066747
11 9 9 8 0.0000000
11 9 9 9 0.0538246
11 9 10 0 0.0000286
11 9 10 1 0.0007174
11 9 10 2 0.0000000
11 9 10 3 0.0003251
11 9 10 4 -0.0006340
11 9 10 5 0.0002559
11 9 10 6 -0.0000000
11 9 10 7 -0.0007309
11 9 10 8 -0.0000000
11 9 10 9 0.0071202
11 9 10 10 0.0059734
11 9 11 0 -0.0000719
11 9 11 1 0.0000250
11 9 11 2 0.0000000
11 9 11 3 0.0005065
11 9 11 4 -0.0010529
11 9 11 5 0.0012046
11 9 11 6 -0.0000000
11 9 11 7 0.0030648
11 9 11 8 0.0000000
11 9 11 9 0.0067784
11 9 11 10 -0.0001085
11 9 11 11 0.0052265
11 10 0 0 -0.0747401
11 10 1 0 0.0014773
11 10 1 1 -0.0222618
11 10 2 0 -0.0000000
11 10 2 1 0.0000000
11 10 2 2 -0.0306067
11 10 3 0 -0.0008445
11 10 3 1 0.0122919
11 10 3 2 -0.0000000
11 10 3 3 -0.0370078
11 10 4 0 -0.0005908
11 10 4 1 -0.0069037
11 10 4 2 -0.0000000
11 10 4 3 -0.0181874
11 10 4 4 -0.0119310
11 10 5 0 -0.0019182
11 10 5 1 0.0245538
11 10 5 2 -0.0000000
11 10 5 3 0.0121041
11 10 5 4 -0.0097147
11 10 5 5 -0.0238652
11 10 6 0 0.0000000
11 10 6 1 -0.0000000
11 10 6 2 -0.0199333
11 10 6 3 -0.0000000
11 10 6 4 0.0000000
11 10 6 5 -0.0000000
11 10 6 6 -0.0326483
11 10 7 0 0.0009559
11 10 7 1 0.0040481
11 10 7 2 0.0000000
11 10 7 3 0.0013290
11 10 7 4 -0.0158198
11 10 7 5 0.0090360
11 10 7 6 -0.0000000
11 10 7 7 -0.0022269
11 10 8 0 0.0000000
11 10 8 1 -0.0000000
11 10 8 2 -0.0150209
11 10 8 3 0.0000000
11 10 8 4 -0.0000000
11 10 8 5 0.0000000
11 10 8 6 0.0112402
11 10 8 7 0.0000000
11 10 8 8 0.0426933
11 10 9 0 0.0001559
11 10 9 1 0.0015002
11 10 9 2 -0.0000000
11 10 9 3 -0.0010910
11 10 9 4 0.0027410
11 10 9 5 -0.0007897
11 10 9 6 0.0000000
11 10 9 7 0.0002474
11 10 9 8 0.0000000
11 10 9 9 0.0655127
11 10 10 0 0.0000058
11 10 10 1 -0.0162630
11 10 10 2 -0.0000000
11 10 10 3 -0.0141063
11 10 10 4 0.0127533
11 10 10 5 -0.0140397
11 10 10 6 0.0000000
11 10 10 7 0.0364429
11 10 10 8 -0.0000000
11 10 10 9 0.0031839
11 10 10 10 0.0421725
11 10 11 0 -0.0010759
11 10 11 1 0.0070134
11 10 11 2 0.0000000
11 10 11 3 0.0030962
11 10 11 4 -0.0092152
11 10 11 5 0.0052666
11 10 11 6 -0.0000000
11 10 11 7 0.0593355
11 10 11 8 0.0000000
11 10 11 9 -0.0001085
11 10 11 10 0.0530171
11 10 11 11 0.0051729
11 11 0 0 0.5901298
11 11 1 0 -0.0062109
11 11 1 1 0.4458053
11 11 2 0 0.0000000
11 11 2 1 0.0000000
11 11 2 2 0.4178808
11 11 3 0 0.0096908
11 11 3 1 0.0386513
11 11 3 2 -0.0000000
11 11 3 3 0.4334596
11 11 4 0 0.0052627
11 11 4 1 -0.0415085
11 11 4 2 0.0000000
11 11 4 3 -0.0072080
11 11 4 4 0.4157927
11 11 5 0 0.0044689
11 11 5 1 -0.0389603
11 11 5 2 0.0000000
11 11 5 3 -0.0043697
11 11 5 4 -0.0456972
11 11 5 5 0.4793255
11 11 6 0 -0.0000000
11 11 6 1 0.0000000
11 11 6 2 0.0570247
11 11 6 3 -0.0000000
11 11 6 4 0.0000000
11 11 6 5 -0.0000000
11 11 6 6 0.4230351
11 11 7 0 -0.0065615
11 11 7 1 0.0023972
11 11 7 2 0.0000000
11 11 7 3 0.0003334
11 11 7 4 -0.0071293
11 11 7 5 0.0280851
11 11 7 6 -0.0000000
11 11 7 7 0.5013990
11 11 8 0 0.0000000
11 11 8 1 -0.0000000
11 11 8 2 -0.0104932
11 11 8 3 0.0000000
11 11 8 4 0.0000000
11 11 8 5 0.0000000
11 11 8 6 0.0196729
11 11 8 7 -0.0000000
11 11 8 8 0.4338929
11 11 9 0 -0.0000682
11 11 9 1 -0.0000584
11 11 9 2 -0.0000000
11 11 9 3 -0.0018739
11 11 9 4 0.0038335
11 11 9 5 0.0004295
11 11 9 6 -0.0000000
11 11 9 7 -0.0002551
11 11 9 8 0.0000000
11 11 9 9 0.5430571
11 11 10 0 -0.0009735
11 11 10 1 0.0029747
11 11 10 2 0.0000000
11 11 10 3 0.0035287
11 11 10 4 -0.0129274
11 11 10 5 0.0064524
11 11 10 6 -0.0000000
11 11 10 7 0.0364347
11 11 10 8 -0.0000000
11 11 10 9 0.0272587
11 11 10 10 0.4103354
11 11 11 0 0.0067884
11 11 11 1 0.0203873
11 11 11 2 0.0000000
11 11 11 3 0.0121561
11 11 11 4 -0.0170514
11 11 11 5 -0.0122905
11 11 11 6 0.0000000
11 11 11 7 -0.0251493
11 11 11 8 0.0000000
11 11 11 9 0.0052265
11 11 11 10 0.0051729
11 11 11 11 0.5093197
