-36.87356392935717
-13.786022538367646
13
111111110000000000000000	0.9908843644452869
111111001100000000000000	0.00364884452667475
111100111100000000000000	0.002967271096041546
111111000011000000000000	0.0012057484338723902
111111000110000000000000	0.0006364975657537471
111111001001000000000000	0.0006359278763595552
111100000000000000000000	1.0926714848318931e-05
111100001111000000000000	3.610696268206664e-06
111111111111000000000000	2.1538176293957236e-06
111100001010000000000000	1.9060355550359377e-06
111100000101000000000000	1.904329581126389e-06
111111111010000000000000	4.2293337092959615e-07
111111110101000000000000	4.2152875803199406e-07
0.0	
0.0	0.0	
0.0	0.0	0.0	
0.0	0.0	0.0	0.0	
0.0	0.0	0.0	0.0	0.0	
0.0	0.0	0.0	0.0	0.0	0.0	
0.0	0.0	0.0	0.0	0.0	0.0	0.0	
0.0	0.0	0.0	0.0	0.0	0.0	0.0	0.0	
0.0	0.0	0.0	0.0	0.0	0.0	0.0	0.0	0.0	
0.0	0.0	0.0	0.0	0.0	0.0	0.0	0.0	0.0	0.0	
0.0	0.0	0.0	0.0	0.0	0.0	0.0	0.0	0.0	0.0	0.0	
0.0	0.0	0.0	0.0	0.0	0.0	0.0	0.0	0.0	0.0	0.0	0.0	
