-36.88103876669203
-13.79288618661657
13
111111110000000000000000	0.9909203540701799
111111001100000000000000	0.003619575825550316
111100111100000000000000	0.002966152790022524
111111000011000000000000	0.0012072937855131338
111111000110000000000000	0.000632798904016349
111111001001000000000000	0.0006326226304457535
111100000000000000000000	1.0834589167086354e-05
111100001111000000000000	3.6138301282920557e-06
111111111111000000000000	2.143201706638911e-06
111100001010000000000000	1.8941766883298329e-06
111100000101000000000000	1.893649043155263e-06
111111111010000000000000	4.114883286197598e-07
111111110101000000000000	4.1105920988540615e-07
0.0	
0.0	0.0	
0.0	0.0	0.0	
0.0	0.0	0.0	0.0	
0.0	0.0	0.0	0.0	0.0	
0.0	0.0	0.0	0.0	0.0	0.0	
0.0	0.0	0.0	0.0	0.0	0.0	0.0	
0.0	0.0	0.0	0.0	0.0	0.0	0.0	0.0	
0.0	0.0	0.0	0.0	0.0	0.0	0.0	0.0	0.0	
0.0	0.0	0.0	0.0	0.0	0.0	0.0	0.0	0.0	0.0	
0.0	0.0	0.0	0.0	0.0	0.0	0.0	0.0	0.0	0.0	0.0	
0.0	0.0	0.0	0.0	0.0	0.0	0.0	0.0	0.0	0.0	0.0	0.0	
