-35.078800129880236
-12.03245873280244
13
111111110000000000000000	0.9793663745395784
111100111100000000000000	0.008055807047065915
111111001100000000000000	0.00349731085563606
111100110011000000000000	0.0031258144877625623
111101100110000000000000	0.0029063996227146564
111110011001000000000000	0.00290594617501424
111100001111000000000000	3.940817469791355e-05
111100000000000000000000	2.8445315189154147e-05
111111111111000000000000	2.5389438291344516e-05
111110101010000000000000	2.4230706983201288e-05
111101010101000000000000	2.42269769861626e-05
111110010110000000000000	3.2333074767805494e-07
111101101001000000000000	3.233293327467755e-07
0.0	
0.0	0.0	
0.0	0.0	0.0	
0.0	0.0	0.0	0.0	
0.0	0.0	0.0	0.0	0.0	
0.0	0.0	0.0	0.0	0.0	0.0	
0.0	0.0	0.0	0.0	0.0	0.0	0.0	
0.0	0.0	0.0	0.0	0.0	0.0	0.0	0.0	
0.0	0.0	0.0	0.0	0.0	0.0	0.0	0.0	0.0	
0.0	0.0	0.0	0.0	0.0	0.0	0.0	0.0	0.0	0.0	
0.0	0.0	0.0	0.0	0.0	0.0	0.0	0.0	0.0	0.0	0.0	
0.0	0.0	0.0	0.0	0.0	0.0	0.0	0.0	0.0	0.0	0.0	0.0	
