-36.7510303756316
-13.7428929540792
13
111111110000000000000000	0.9884603412550881
111111001100000000000000	0.0068240120323658
111100111100000000000000	0.002602697984821854
111111000011000000000000	0.0008092426451372682
111111000110000000000000	0.0006368971665583473
111111001001000000000000	0.000636627612556212
111100000000000000000000	1.7968189135931344e-05
111111111111000000000000	2.9627644291754644e-06
111100001111000000000000	2.1308029405168994e-06
111111111010000000000000	1.8839454668523854e-06
111111110101000000000000	1.8823052290479043e-06
111100001010000000000000	1.6770030144410085e-06
111100000101000000000000	1.6762932564174454e-06
0.0	
0.0	0.0	
0.0	0.0	0.0	
0.0	0.0	0.0	0.0	
0.0	0.0	0.0	0.0	0.0	
0.0	0.0	0.0	0.0	0.0	0.0	
0.0	0.0	0.0	0.0	0.0	0.0	0.0	
0.0	0.0	0.0	0.0	0.0	0.0	0.0	0.0	
0.0	0.0	0.0	0.0	0.0	0.0	0.0	0.0	0.0	
0.0	0.0	0.0	0.0	0.0	0.0	0.0	0.0	0.0	0.0	
0.0	0.0	0.0	0.0	0.0	0.0	0.0	0.0	0.0	0.0	0.0	
0.0	0.0	0.0	0.0	0.0	0.0	0.0	0.0	0.0	0.0	0.0	0.0	
