-36.40471636991587
-13.313092610365166
13
111111110000000000000000	0.9908947916811117
111111001100000000000000	0.0037488443726688947
111100111100000000000000	0.0029627268588150657
111111000011000000000000	0.001161500768884522
111111000110000000000000	0.0006054910879466825
111111001001000000000000	0.0006052326039945577
111100000000000000000000	1.1208860926174216e-05
111100001111000000000000	3.472830368469606e-06
111111111111000000000000	2.213162182375302e-06
111100001010000000000000	1.810388675057328e-06
111100000101000000000000	1.8096158207099962e-06
111111111010000000000000	4.492217697533546e-07
111111110101000000000000	4.4854683604740074e-07
0.0	
0.0	0.0	
0.0	0.0	0.0	
0.0	0.0	0.0	0.0	
0.0	0.0	0.0	0.0	0.0	
0.0	0.0	0.0	0.0	0.0	0.0	
0.0	0.0	0.0	0.0	0.0	0.0	0.0	
0.0	0.0	0.0	0.0	0.0	0.0	0.0	0.0	
0.0	0.0	0.0	0.0	0.0	0.0	0.0	0.0	0.0	
0.0	0.0	0.0	0.0	0.0	0.0	0.0	0.0	0.0	0.0	
0.0	0.0	0.0	0.0	0.0	0.0	0.0	0.0	0.0	0.0	0.0	
0.0	0.0	0.0	0.0	0.0	0.0	0.0	0.0	0.0	0.0	0.0	0.0	
