-36.40363725511528
-13.312181134828114
13
111111110000000000000000	0.9908855224060966
111111001100000000000000	0.003756193187588482
111100111100000000000000	0.0029629810373765185
111111000011000000000000	0.0011611538768719252
111111000110000000000000	0.000606685307690665
111111001001000000000000	0.0006060149423157772
111100000000000000000000	1.1231902107644583e-05
111100001111000000000000	3.472123510588276e-06
111111111111000000000000	2.215398984214278e-06
111100001010000000000000	1.8141319271447306e-06
111100000101000000000000	1.812127376821806e-06
111111111010000000000000	4.5265689176379595e-07
111111110101000000000000	4.5090126172337033e-07
0.0	
0.0	0.0	
0.0	0.0	0.0	
0.0	0.0	0.0	0.0	
0.0	0.0	0.0	0.0	0.0	
0.0	0.0	0.0	0.0	0.0	0.0	
0.0	0.0	0.0	0.0	0.0	0.0	0.0	
0.0	0.0	0.0	0.0	0.0	0.0	0.0	0.0	
0.0	0.0	0.0	0.0	0.0	0.0	0.0	0.0	0.0	
0.0	0.0	0.0	0.0	0.0	0.0	0.0	0.0	0.0	0.0	
0.0	0.0	0.0	0.0	0.0	0.0	0.0	0.0	0.0	0.0	0.0	
0.0	0.0	0.0	0.0	0.0	0.0	0.0	0.0	0.0	0.0	0.0	0.0	
