-37.17155740234811
-14.138320059378655
13
111111110000000000000000	0.9900741011202187
111111001100000000000000	0.005480159291898473
111100111100000000000000	0.0025069080010188993
111111000011000000000000	0.0008309824749871097
111111001001000000000000	0.0005421690842759804
111111000110000000000000	0.0005421681443721561
111100000000000000000000	1.3875986817728296e-05
111111111111000000000000	2.5557160133271422e-06
111100001111000000000000	2.104081515610431e-06
111100000101000000000000	1.3727942320061925e-06
111100001010000000000000	1.3727918521313652e-06
111111110101000000000000	1.1152586056632647e-06
111111111010000000000000	1.1152541920638944e-06
0.0	
0.0	0.0	
0.0	0.0	0.0	
0.0	0.0	0.0	0.0	
0.0	0.0	0.0	0.0	0.0	
0.0	0.0	0.0	0.0	0.0	0.0	
0.0	0.0	0.0	0.0	0.0	0.0	0.0	
0.0	0.0	0.0	0.0	0.0	0.0	0.0	0.0	
0.0	0.0	0.0	0.0	0.0	0.0	0.0	0.0	0.0	
0.0	0.0	0.0	0.0	0.0	0.0	0.0	0.0	0.0	0.0	
0.0	0.0	0.0	0.0	0.0	0.0	0.0	0.0	0.0	0.0	0.0	
0.0	0.0	0.0	0.0	0.0	0.0	0.0	0.0	0.0	0.0	0.0	0.0	
