-35.251048665333094
-12.161282603979265
13
111111110000000000000000	0.9898214441921785
111100111100000000000000	0.004171772708401807
111111001100000000000000	0.003161936822603664
111111000011000000000000	0.0013469285022578857
111111000110000000000000	0.000735235140623519
111111001001000000000000	0.0007351346337776529
111100000000000000000000	1.3326526536302885e-05
111100001111000000000000	5.676861820743729e-06
111100001010000000000000	3.0987749476517014e-06
111100000101000000000000	3.09835134426441e-06
111111111111000000000000	1.7823727612563167e-06
111111111010000000000000	2.8264852186628107e-07
111111110101000000000000	2.8246422489934435e-07
0.0	
0.0	0.0	
0.0	0.0	0.0	
0.0	0.0	0.0	0.0	
0.0	0.0	0.0	0.0	0.0	
0.0	0.0	0.0	0.0	0.0	0.0	
0.0	0.0	0.0	0.0	0.0	0.0	0.0	
0.0	0.0	0.0	0.0	0.0	0.0	0.0	0.0	
0.0	0.0	0.0	0.0	0.0	0.0	0.0	0.0	0.0	
0.0	0.0	0.0	0.0	0.0	0.0	0.0	0.0	0.0	0.0	
0.0	0.0	0.0	0.0	0.0	0.0	0.0	0.0	0.0	0.0	0.0	
0.0	0.0	0.0	0.0	0.0	0.0	0.0	0.0	0.0	0.0	0.0	0.0	
