-35.877608309077736
-12.801824703515104
13
111111110000000000000000	0.9894636524687642
111111001100000000000000	0.004589179410898409
111100111100000000000000	0.003164674409372596
111111000011000000000000	0.0012287741680096376
111111000110000000000000	0.0007630856993513151
111111001001000000000000	0.000762880046299937
111100000000000000000000	1.4677910204638154e-05
111100001111000000000000	3.930078840890994e-06
111111111111000000000000	2.6225255468763293e-06
111100001010000000000000	2.44063314389562e-06
111100000101000000000000	2.4399753886084462e-06
111111111010000000000000	8.216863086187607e-07
111111110101000000000000	8.209878702052595e-07
0.0	
0.0	0.0	
0.0	0.0	0.0	
0.0	0.0	0.0	0.0	
0.0	0.0	0.0	0.0	0.0	
0.0	0.0	0.0	0.0	0.0	0.0	
0.0	0.0	0.0	0.0	0.0	0.0	0.0	
0.0	0.0	0.0	0.0	0.0	0.0	0.0	0.0	
0.0	0.0	0.0	0.0	0.0	0.0	0.0	0.0	0.0	
0.0	0.0	0.0	0.0	0.0	0.0	0.0	0.0	0.0	0.0	
0.0	0.0	0.0	0.0	0.0	0.0	0.0	0.0	0.0	0.0	0.0	
0.0	0.0	0.0	0.0	0.0	0.0	0.0	0.0	0.0	0.0	0.0	0.0	
