-41.20172445309899
-2.43021363155962
13
11111111110000000000000000	0.9888534824217183
11111100111100000000000000	0.004935487366125576
11111111000011000000000000	0.0025543427929839565
11111101101001000000000000	0.0013632229526373211
11111110010110000000000000	0.0013622327877286274
11111100110011000000000000	0.000896480962470741
11111100001111000000000000	2.4407766896580862e-05
11111111111111000000000000	4.456713865410932e-06
11111100000000000000000000	2.297958044955292e-06
11111110101010000000000000	1.253723759992634e-06
11111101010101000000000000	1.2528260722654087e-06
11111110100101000000000000	5.420560287671206e-07
11111101011010000000000000	5.396716674459216e-07
0.0	
0.0	0.0	
0.0	0.0	0.0	
0.0	0.0	0.0	0.0	
0.0	0.0	0.0	0.0	0.0	
0.0	0.0	0.0	0.0	0.0	0.0	
0.0	0.0	0.0	0.0	0.0	0.0	0.0	
0.0	0.0	0.0	0.0	0.0	0.0	0.0	0.0	
0.0	0.0	0.0	0.0	0.0	0.0	0.0	0.0	0.0	
0.0	0.0	0.0	0.0	0.0	0.0	0.0	0.0	0.0	0.0	
0.0	0.0	0.0	0.0	0.0	0.0	0.0	0.0	0.0	0.0	0.0	
0.0	0.0	0.0	0.0	0.0	0.0	0.0	0.0	0.0	0.0	0.0	0.0	
0.0	0.0	0.0	0.0	0.0	0.0	0.0	0.0	0.0	0.0	0.0	0.0	0.0	
