-36.405572237124495
-13.313818756092585
13
111111110000000000000000	0.9909018239082924
111111001100000000000000	0.0037430161658645457
111100111100000000000000	0.0029625355296658278
111111000011000000000000	0.0011617806350435044
111111000110000000000000	0.0006048592941618915
111111001001000000000000	0.0006046000951106458
111100000000000000000000	1.1190632726611634e-05
111100001111000000000000	3.473418179228872e-06
111111111111000000000000	2.2109436486782737e-06
111100001010000000000000	1.8083700182683561e-06
111100000101000000000000	1.8075950813573316e-06
111111111010000000000000	4.470437026431053e-07
111111110101000000000000	4.4636850427597114e-07
0.0	
0.0	0.0	
0.0	0.0	0.0	
0.0	0.0	0.0	0.0	
0.0	0.0	0.0	0.0	0.0	
0.0	0.0	0.0	0.0	0.0	0.0	
0.0	0.0	0.0	0.0	0.0	0.0	0.0	
0.0	0.0	0.0	0.0	0.0	0.0	0.0	0.0	
0.0	0.0	0.0	0.0	0.0	0.0	0.0	0.0	0.0	
0.0	0.0	0.0	0.0	0.0	0.0	0.0	0.0	0.0	0.0	
0.0	0.0	0.0	0.0	0.0	0.0	0.0	0.0	0.0	0.0	0.0	
0.0	0.0	0.0	0.0	0.0	0.0	0.0	0.0	0.0	0.0	0.0	0.0	
