-40.692434168589614
-1.892751684740984
10
11111111110000000000000000	0.9969889368890487
11111111000011000000000000	0.002055622944696125
11111111001100000000000000	0.0004246464892542762
11111100110011000000000000	0.0002669423238565603
11111100111100000000000000	0.00014707547247863424
11111110011100000000000000	0.00011347688309453146
11111111111111000000000000	1.2883027981718776e-06
11111100000000000000000000	9.86407648001063e-07
11111100001111000000000000	7.903169414987422e-07
11111110101111000000000000	2.3397018357053664e-07
0.0	
0.0	0.0	
0.0	0.0	0.0	
0.0	0.0	0.0	0.0	
0.0	0.0	0.0	0.0	0.0	
0.0	0.0	0.0	0.0	0.0	0.0	
0.0	0.0	0.0	0.0	0.0	0.0	0.0	
0.0	0.0	0.0	0.0	0.0	0.0	0.0	0.0	
0.0	0.0	0.0	0.0	0.0	0.0	0.0	0.0	0.0	
0.0	0.0	0.0	0.0	0.0	0.0	0.0	0.0	0.0	0.0	
0.0	0.0	0.0	0.0	0.0	0.0	0.0	0.0	0.0	0.0	0.0	
0.0	0.0	0.0	0.0	0.0	0.0	0.0	0.0	0.0	0.0	0.0	0.0	
0.0	0.0	0.0	0.0	0.0	0.0	0.0	0.0	0.0	0.0	0.0	0.0	0.0	
