-40.74713649355294
-1.950932957823834
10
11111111110000000000000000	0.996927158498647
11111111000011000000000000	0.0021213621854177392
11111111001100000000000000	0.0004197375596557811
11111100110011000000000000	0.00026510313565339443
11111100111100000000000000	0.00014890088455938132
11111110011100000000000000	0.00011437180807590092
11111111111111000000000000	1.3109333566541632e-06
11111100000000000000000000	1.0049825544139538e-06
11111100001111000000000000	8.066402077755895e-07
11111110101111000000000000	2.4337187191835635e-07
0.0	
0.0	0.0	
0.0	0.0	0.0	
0.0	0.0	0.0	0.0	
0.0	0.0	0.0	0.0	0.0	
0.0	0.0	0.0	0.0	0.0	0.0	
0.0	0.0	0.0	0.0	0.0	0.0	0.0	
0.0	0.0	0.0	0.0	0.0	0.0	0.0	0.0	
0.0	0.0	0.0	0.0	0.0	0.0	0.0	0.0	0.0	
0.0	0.0	0.0	0.0	0.0	0.0	0.0	0.0	0.0	0.0	
0.0	0.0	0.0	0.0	0.0	0.0	0.0	0.0	0.0	0.0	0.0	
0.0	0.0	0.0	0.0	0.0	0.0	0.0	0.0	0.0	0.0	0.0	0.0	
0.0	0.0	0.0	0.0	0.0	0.0	0.0	0.0	0.0	0.0	0.0	0.0	0.0	
