-36.88101777925088
-13.792868906705674
13
111111110000000000000000	0.9909198520803841
111111001100000000000000	0.0036196757138337882
111100111100000000000000	0.002966156678705401
111111000011000000000000	0.001207300292177825
111111000110000000000000	0.0006331924563193834
111111001001000000000000	0.0006326194334466675
111100000000000000000000	1.0834907859394539e-05
111100001111000000000000	3.6138561734614745e-06
111111111111000000000000	2.1427298769073254e-06
111100001010000000000000	1.8953581657230458e-06
111100000101000000000000	1.893642915375188e-06
111111111010000000000000	4.1212257912410917e-07
111111110101000000000000	4.107275628869968e-07
0.0	
0.0	0.0	
0.0	0.0	0.0	
0.0	0.0	0.0	0.0	
0.0	0.0	0.0	0.0	0.0	
0.0	0.0	0.0	0.0	0.0	0.0	
0.0	0.0	0.0	0.0	0.0	0.0	0.0	
0.0	0.0	0.0	0.0	0.0	0.0	0.0	0.0	
0.0	0.0	0.0	0.0	0.0	0.0	0.0	0.0	0.0	
0.0	0.0	0.0	0.0	0.0	0.0	0.0	0.0	0.0	0.0	
0.0	0.0	0.0	0.0	0.0	0.0	0.0	0.0	0.0	0.0	0.0	
0.0	0.0	0.0	0.0	0.0	0.0	0.0	0.0	0.0	0.0	0.0	0.0	
