-36.022786017582874
-12.942938134828173
13
111111110000000000000000	0.9897895193266125
111111001100000000000000	0.004328129396885324
111100111100000000000000	0.0031389129991810593
111111000011000000000000	0.0012454809855106553
111111000110000000000000	0.0007361762864756259
111111001001000000000000	0.0007355209002338968
111100000000000000000000	1.3725768318161068e-05
111100001111000000000000	3.9497856658574835e-06
111111111111000000000000	2.538875454336259e-06
111100001010000000000000	2.3346310202186246e-06
111100000101000000000000	2.332552598136452e-06
111111111010000000000000	6.902666080411515e-07
111111110101000000000000	6.88225436155851e-07
0.0	
0.0	0.0	
0.0	0.0	0.0	
0.0	0.0	0.0	0.0	
0.0	0.0	0.0	0.0	0.0	
0.0	0.0	0.0	0.0	0.0	0.0	
0.0	0.0	0.0	0.0	0.0	0.0	0.0	
0.0	0.0	0.0	0.0	0.0	0.0	0.0	0.0	
0.0	0.0	0.0	0.0	0.0	0.0	0.0	0.0	0.0	
0.0	0.0	0.0	0.0	0.0	0.0	0.0	0.0	0.0	0.0	
0.0	0.0	0.0	0.0	0.0	0.0	0.0	0.0	0.0	0.0	0.0	
0.0	0.0	0.0	0.0	0.0	0.0	0.0	0.0	0.0	0.0	0.0	0.0	
