-35.141709665156945
-12.09871803871508
13
111111110000000000000000	0.9793784407236844
111100111100000000000000	0.008021499692629604
111111001100000000000000	0.0034921298999823843
111100110011000000000000	0.0031402801094484304
111101100110000000000000	0.0029129178177963286
111110011001000000000000	0.0029124903372552257
111100001111000000000000	3.955652274911485e-05
111100000000000000000000	2.8280170283882562e-05
111111111111000000000000	2.5398264283730527e-05
111110101010000000000000	2.4181834656110466e-05
111101010101000000000000	2.417833327918912e-05
111110010110000000000000	3.231476047456951e-07
111101101001000000000000	3.2314634679632014e-07
0.0	
0.0	0.0	
0.0	0.0	0.0	
0.0	0.0	0.0	0.0	
0.0	0.0	0.0	0.0	0.0	
0.0	0.0	0.0	0.0	0.0	0.0	
0.0	0.0	0.0	0.0	0.0	0.0	0.0	
0.0	0.0	0.0	0.0	0.0	0.0	0.0	0.0	
0.0	0.0	0.0	0.0	0.0	0.0	0.0	0.0	0.0	
0.0	0.0	0.0	0.0	0.0	0.0	0.0	0.0	0.0	0.0	
0.0	0.0	0.0	0.0	0.0	0.0	0.0	0.0	0.0	0.0	0.0	
0.0	0.0	0.0	0.0	0.0	0.0	0.0	0.0	0.0	0.0	0.0	0.0	
