-37.02492167166982
-13.994626005587461
13
111111110000000000000000	0.989788923577351
111111001100000000000000	0.005660605531755561
111100111100000000000000	0.0025445939685419497
111111000011000000000000	0.0008429132724439337
111111001001000000000000	0.0005691244282554702
111111000110000000000000	0.0005691145349254497
111100000000000000000000	1.4552539790343328e-05
111111111111000000000000	2.6319040119603105e-06
111100001111000000000000	2.1669994258095544e-06
111100000101000000000000	1.4631307271601242e-06
111100001010000000000000	1.4631052929414527e-06
111111110101000000000000	1.223527816660549e-06
111111111010000000000000	1.223479661801332e-06
0.0	
0.0	0.0	
0.0	0.0	0.0	
0.0	0.0	0.0	0.0	
0.0	0.0	0.0	0.0	0.0	
0.0	0.0	0.0	0.0	0.0	0.0	
0.0	0.0	0.0	0.0	0.0	0.0	0.0	
0.0	0.0	0.0	0.0	0.0	0.0	0.0	0.0	
0.0	0.0	0.0	0.0	0.0	0.0	0.0	0.0	0.0	
0.0	0.0	0.0	0.0	0.0	0.0	0.0	0.0	0.0	0.0	
0.0	0.0	0.0	0.0	0.0	0.0	0.0	0.0	0.0	0.0	0.0	
0.0	0.0	0.0	0.0	0.0	0.0	0.0	0.0	0.0	0.0	0.0	0.0	
