-35.14711174699666
-12.104810704592
13
111111110000000000000000	0.9793761764294283
111100111100000000000000	0.00801716772239534
111111001100000000000000	0.0034928438745154564
111100110011000000000000	0.003141804298026962
111101100110000000000000	0.0029150761557289926
111110011001000000000000	0.0029146488956805247
111100001111000000000000	3.9598579264552255e-05
111100000000000000000000	2.8270458495818476e-05
111111111111000000000000	2.539673474362873e-05
111110101010000000000000	2.41868518087679e-05
111101010101000000000000	2.4183354119527456e-05
111110010110000000000000	3.2332352296853615e-07
111101101001000000000000	3.2332226923475135e-07
0.0	
0.0	0.0	
0.0	0.0	0.0	
0.0	0.0	0.0	0.0	
0.0	0.0	0.0	0.0	0.0	
0.0	0.0	0.0	0.0	0.0	0.0	
0.0	0.0	0.0	0.0	0.0	0.0	0.0	
0.0	0.0	0.0	0.0	0.0	0.0	0.0	0.0	
0.0	0.0	0.0	0.0	0.0	0.0	0.0	0.0	0.0	
0.0	0.0	0.0	0.0	0.0	0.0	0.0	0.0	0.0	0.0	
0.0	0.0	0.0	0.0	0.0	0.0	0.0	0.0	0.0	0.0	0.0	
0.0	0.0	0.0	0.0	0.0	0.0	0.0	0.0	0.0	0.0	0.0	0.0	
