-37.024921675529114
-13.99462601695261
13
111111110000000000000000	0.9897889161227854
111111001100000000000000	0.0056606048513867585
111100111100000000000000	0.002544595393730631
111111000011000000000000	0.0008429158569284337
111111001001000000000000	0.0005691275932311255
111111000110000000000000	0.0005691154611961438
111100000000000000000000	1.4552546301479605e-05
111111111111000000000000	2.6319078477404994e-06
111100001111000000000000	2.1670073001469534e-06
111100000101000000000000	1.4631396943237525e-06
111100001010000000000000	1.463108504723784e-06
111111110101000000000000	1.2235350723164794e-06
111111111010000000000000	1.2234760208097388e-06
0.0	
0.0	0.0	
0.0	0.0	0.0	
0.0	0.0	0.0	0.0	
0.0	0.0	0.0	0.0	0.0	
0.0	0.0	0.0	0.0	0.0	0.0	
0.0	0.0	0.0	0.0	0.0	0.0	0.0	
0.0	0.0	0.0	0.0	0.0	0.0	0.0	0.0	
0.0	0.0	0.0	0.0	0.0	0.0	0.0	0.0	0.0	
0.0	0.0	0.0	0.0	0.0	0.0	0.0	0.0	0.0	0.0	
0.0	0.0	0.0	0.0	0.0	0.0	0.0	0.0	0.0	0.0	0.0	
0.0	0.0	0.0	0.0	0.0	0.0	0.0	0.0	0.0	0.0	0.0	0.0	
