-36.02278721141753
-12.942937494960374
13
111111110000000000000000	0.9897899360039093
111111001100000000000000	0.004328112627425546
111100111100000000000000	0.003138912095385743
111111000011000000000000	0.0012454730844408907
111111000110000000000000	0.0007357711628033402
111111001001000000000000	0.0007355360342074228
111100000000000000000000	1.3725705407015034e-05
111100001111000000000000	3.949757809230188e-06
111111111111000000000000	2.539461407244733e-06
111100001010000000000000	2.3333446000508836e-06
111100000101000000000000	2.3325989388081928e-06
111111111010000000000000	6.894279802569602e-07
111111110101000000000000	6.886956849075431e-07
0.0	
0.0	0.0	
0.0	0.0	0.0	
0.0	0.0	0.0	0.0	
0.0	0.0	0.0	0.0	0.0	
0.0	0.0	0.0	0.0	0.0	0.0	
0.0	0.0	0.0	0.0	0.0	0.0	0.0	
0.0	0.0	0.0	0.0	0.0	0.0	0.0	0.0	
0.0	0.0	0.0	0.0	0.0	0.0	0.0	0.0	0.0	
0.0	0.0	0.0	0.0	0.0	0.0	0.0	0.0	0.0	0.0	
0.0	0.0	0.0	0.0	0.0	0.0	0.0	0.0	0.0	0.0	0.0	
0.0	0.0	0.0	0.0	0.0	0.0	0.0	0.0	0.0	0.0	0.0	0.0	
