-40.768715607818024
-1.971186277891187
10
11111111110000000000000000	0.9968803600059638
11111111000011000000000000	0.0021741905920567637
11111111001100000000000000	0.0004235983060390492
11111100110011000000000000	0.0002582679310013879
11111100111100000000000000	0.0001467842779409176
11111110011100000000000000	0.00011340324886319155
11111111111111000000000000	1.3388539456309372e-06
11111100000000000000000000	1.002612876986504e-06
11111100001111000000000000	8.068394491946109e-07
11111110101111000000000000	2.4733186315913887e-07
0.0	
0.0	0.0	
0.0	0.0	0.0	
0.0	0.0	0.0	0.0	
0.0	0.0	0.0	0.0	0.0	
0.0	0.0	0.0	0.0	0.0	0.0	
0.0	0.0	0.0	0.0	0.0	0.0	0.0	
0.0	0.0	0.0	0.0	0.0	0.0	0.0	0.0	
0.0	0.0	0.0	0.0	0.0	0.0	0.0	0.0	0.0	
0.0	0.0	0.0	0.0	0.0	0.0	0.0	0.0	0.0	0.0	
0.0	0.0	0.0	0.0	0.0	0.0	0.0	0.0	0.0	0.0	0.0	
0.0	0.0	0.0	0.0	0.0	0.0	0.0	0.0	0.0	0.0	0.0	0.0	
0.0	0.0	0.0	0.0	0.0	0.0	0.0	0.0	0.0	0.0	0.0	0.0	0.0	
