-36.64592236227505
-13.560577878894112
13
111111110000000000000000	0.9905535013122972
111111001100000000000000	0.0038062628462095576
111100111100000000000000	0.0030455868190249445
111111000011000000000000	0.0012240806181115465
111111000110000000000000	0.0006741614402576119
111111001001000000000000	0.000673605279508885
111100000000000000000000	1.1702854958164873e-05
111100001111000000000000	3.7635966063473572e-06
111111111111000000000000	2.2236910744781272e-06
111100001010000000000000	2.0727978787852804e-06
111100000101000000000000	2.071087889528411e-06
111111111010000000000000	4.845529951327042e-07
111111110101000000000000	4.831031879053627e-07
0.0	
0.0	0.0	
0.0	0.0	0.0	
0.0	0.0	0.0	0.0	
0.0	0.0	0.0	0.0	0.0	
0.0	0.0	0.0	0.0	0.0	0.0	
0.0	0.0	0.0	0.0	0.0	0.0	0.0	
0.0	0.0	0.0	0.0	0.0	0.0	0.0	0.0	
0.0	0.0	0.0	0.0	0.0	0.0	0.0	0.0	0.0	
0.0	0.0	0.0	0.0	0.0	0.0	0.0	0.0	0.0	0.0	
0.0	0.0	0.0	0.0	0.0	0.0	0.0	0.0	0.0	0.0	0.0	
0.0	0.0	0.0	0.0	0.0	0.0	0.0	0.0	0.0	0.0	0.0	0.0	
