-40.80461657170391
-2.0095191959602525
10
11111111110000000000000000	0.9968377413343348
11111111000011000000000000	0.002219400064022543
11111111001100000000000000	0.0004201914049938252
11111100110011000000000000	0.00025711248151243804
11111100111100000000000000	0.00014807747999908845
11111110011100000000000000	0.0001140361579515337
11111111111111000000000000	1.3539011882641033e-06
11111100000000000000000000	1.0150402879905662e-06
11111100001111000000000000	8.182409723423929e-07
11111110101111000000000000	2.538947370910598e-07
0.0	
0.0	0.0	
0.0	0.0	0.0	
0.0	0.0	0.0	0.0	
0.0	0.0	0.0	0.0	0.0	
0.0	0.0	0.0	0.0	0.0	0.0	
0.0	0.0	0.0	0.0	0.0	0.0	0.0	
0.0	0.0	0.0	0.0	0.0	0.0	0.0	0.0	
0.0	0.0	0.0	0.0	0.0	0.0	0.0	0.0	0.0	
0.0	0.0	0.0	0.0	0.0	0.0	0.0	0.0	0.0	0.0	
0.0	0.0	0.0	0.0	0.0	0.0	0.0	0.0	0.0	0.0	0.0	
0.0	0.0	0.0	0.0	0.0	0.0	0.0	0.0	0.0	0.0	0.0	0.0	
0.0	0.0	0.0	0.0	0.0	0.0	0.0	0.0	0.0	0.0	0.0	0.0	0.0	
