-35.35064888435855
-12.265879761177029
13
111111110000000000000000	0.9896341308824935
111100111100000000000000	0.0041870725906125875
111111001100000000000000	0.0032801832206832498
111111000011000000000000	0.0013476592401909732
111111000110000000000000	0.0007614744138482095
111111001001000000000000	0.0007609924220541125
111100000000000000000000	1.3878225120694576e-05
111100001111000000000000	5.7018517146913385e-06
111100001010000000000000	3.2217448319344752e-06
111100000101000000000000	3.219705558462574e-06
111111111111000000000000	1.8170011322454905e-06
111111111010000000000000	3.2482148926026556e-07
111111110101000000000000	3.238802702969791e-07
0.0	
0.0	0.0	
0.0	0.0	0.0	
0.0	0.0	0.0	0.0	
0.0	0.0	0.0	0.0	0.0	
0.0	0.0	0.0	0.0	0.0	0.0	
0.0	0.0	0.0	0.0	0.0	0.0	0.0	
0.0	0.0	0.0	0.0	0.0	0.0	0.0	0.0	
0.0	0.0	0.0	0.0	0.0	0.0	0.0	0.0	0.0	
0.0	0.0	0.0	0.0	0.0	0.0	0.0	0.0	0.0	0.0	
0.0	0.0	0.0	0.0	0.0	0.0	0.0	0.0	0.0	0.0	0.0	
0.0	0.0	0.0	0.0	0.0	0.0	0.0	0.0	0.0	0.0	0.0	0.0	
