-35.14171015671536
-12.098718037444613
13
111111110000000000000000	0.979378452284348
111100111100000000000000	0.008021495327836217
111111001100000000000000	0.0034921294831236657
111100110011000000000000	0.0031402775888412057
111101100110000000000000	0.002912915769498084
111110011001000000000000	0.0029124882885258655
111100001111000000000000	3.955647683533616e-05
111100000000000000000000	2.8280151525521196e-05
111111111111000000000000	2.5398229896453555e-05
111110101010000000000000	2.4181804054771516e-05
111101010101000000000000	2.4178302676265773e-05
111110010110000000000000	3.2314704830907927e-07
111101101001000000000000	3.2314579035163525e-07
0.0	
0.0	0.0	
0.0	0.0	0.0	
0.0	0.0	0.0	0.0	
0.0	0.0	0.0	0.0	0.0	
0.0	0.0	0.0	0.0	0.0	0.0	
0.0	0.0	0.0	0.0	0.0	0.0	0.0	
0.0	0.0	0.0	0.0	0.0	0.0	0.0	0.0	
0.0	0.0	0.0	0.0	0.0	0.0	0.0	0.0	0.0	
0.0	0.0	0.0	0.0	0.0	0.0	0.0	0.0	0.0	0.0	
0.0	0.0	0.0	0.0	0.0	0.0	0.0	0.0	0.0	0.0	0.0	
0.0	0.0	0.0	0.0	0.0	0.0	0.0	0.0	0.0	0.0	0.0	0.0	
