-35.35064689282889
-12.265877769160927
13
111111110000000000000000	0.9896341188135318
111100111100000000000000	0.004187085248774365
111111001100000000000000	0.003280182619743404
111111000011000000000000	0.0013476592453592331
111111000110000000000000	0.0007614743791725149
111111001001000000000000	0.0007609923878804218
111100000000000000000000	1.3878264703403514e-05
111100001111000000000000	5.701869043665489e-06
111100001010000000000000	3.221754464342215e-06
111100000101000000000000	3.219715186804361e-06
111111111111000000000000	1.817000737174249e-06
111111111010000000000000	3.248213102755131e-07
111111110101000000000000	3.2388009257622696e-07
0.0	
0.0	0.0	
0.0	0.0	0.0	
0.0	0.0	0.0	0.0	
0.0	0.0	0.0	0.0	0.0	
0.0	0.0	0.0	0.0	0.0	0.0	
0.0	0.0	0.0	0.0	0.0	0.0	0.0	
0.0	0.0	0.0	0.0	0.0	0.0	0.0	0.0	
0.0	0.0	0.0	0.0	0.0	0.0	0.0	0.0	0.0	
0.0	0.0	0.0	0.0	0.0	0.0	0.0	0.0	0.0	0.0	
0.0	0.0	0.0	0.0	0.0	0.0	0.0	0.0	0.0	0.0	0.0	
0.0	0.0	0.0	0.0	0.0	0.0	0.0	0.0	0.0	0.0	0.0	0.0	
