-37.02489330494576
-13.99459878846059
13
111111110000000000000000	0.9897884463798526
111111001100000000000000	0.005660733992066204
111100111100000000000000	0.002544595816814708
111111000011000000000000	0.00084291219863611
111111000110000000000000	0.0005694679569605538
111111001001000000000000	0.0005691173765462033
111100000000000000000000	1.4552887628660491e-05
111111111111000000000000	2.6314155068128213e-06
111100001111000000000000	2.166999283974662e-06
111100001010000000000000	1.464015655458299e-06
111100000101000000000000	1.4631143664413455e-06
111111111010000000000000	1.2247765731662365e-06
111111110101000000000000	1.223070109065456e-06
0.0	
0.0	0.0	
0.0	0.0	0.0	
0.0	0.0	0.0	0.0	
0.0	0.0	0.0	0.0	0.0	
0.0	0.0	0.0	0.0	0.0	0.0	
0.0	0.0	0.0	0.0	0.0	0.0	0.0	
0.0	0.0	0.0	0.0	0.0	0.0	0.0	0.0	
0.0	0.0	0.0	0.0	0.0	0.0	0.0	0.0	0.0	
0.0	0.0	0.0	0.0	0.0	0.0	0.0	0.0	0.0	0.0	
0.0	0.0	0.0	0.0	0.0	0.0	0.0	0.0	0.0	0.0	0.0	
0.0	0.0	0.0	0.0	0.0	0.0	0.0	0.0	0.0	0.0	0.0	0.0	
