-37.021591701932195
-13.991522493034152
13
111111110000000000000000	0.9897745023331103
111111001100000000000000	0.005672973956728221
111100111100000000000000	0.0025452197073860465
111111000011000000000000	0.0008425324616797455
111111000110000000000000	0.0005701698458066812
111111001001000000000000	0.0005698200171496333
111100000000000000000000	1.458813606545411e-05
111111111111000000000000	2.6352342949272744e-06
111100001111000000000000	2.16658463167609e-06
111100001010000000000000	1.4662001543620595e-06
111100000101000000000000	1.4653005648191422e-06
111111111010000000000000	1.230964858688073e-06
111111110101000000000000	1.2292575694455499e-06
0.0	
0.0	0.0	
0.0	0.0	0.0	
0.0	0.0	0.0	0.0	
0.0	0.0	0.0	0.0	0.0	
0.0	0.0	0.0	0.0	0.0	0.0	
0.0	0.0	0.0	0.0	0.0	0.0	0.0	
0.0	0.0	0.0	0.0	0.0	0.0	0.0	0.0	
0.0	0.0	0.0	0.0	0.0	0.0	0.0	0.0	0.0	
0.0	0.0	0.0	0.0	0.0	0.0	0.0	0.0	0.0	0.0	
0.0	0.0	0.0	0.0	0.0	0.0	0.0	0.0	0.0	0.0	0.0	
0.0	0.0	0.0	0.0	0.0	0.0	0.0	0.0	0.0	0.0	0.0	0.0	
