-42.34728374742364
-3.7841108700270416
9
11111111110000000000000000	0.9941648169765352
11111100110011000000000000	0.005298265508275546
11111111000011000000000000	0.00035671498735848404
11111111001100000000000000	9.065268886327686e-05
11111100111100000000000000	7.792135910912293e-05
11111101100110000000000000	8.057822310287076e-06
11111100000000000000000000	2.1427064796479507e-06
11111100001111000000000000	7.456164872962281e-07
11111111111111000000000000	6.823345810178811e-07
0.0	
0.0	0.0	
0.0	0.0	0.0	
0.0	0.0	0.0	0.0	
0.0	0.0	0.0	0.0	0.0	
0.0	0.0	0.0	0.0	0.0	0.0	
0.0	0.0	0.0	0.0	0.0	0.0	0.0	
0.0	0.0	0.0	0.0	0.0	0.0	0.0	0.0	
0.0	0.0	0.0	0.0	0.0	0.0	0.0	0.0	0.0	
0.0	0.0	0.0	0.0	0.0	0.0	0.0	0.0	0.0	0.0	
0.0	0.0	0.0	0.0	0.0	0.0	0.0	0.0	0.0	0.0	0.0	
0.0	0.0	0.0	0.0	0.0	0.0	0.0	0.0	0.0	0.0	0.0	0.0	
0.0	0.0	0.0	0.0	0.0	0.0	0.0	0.0	0.0	0.0	0.0	0.0	0.0	
