-40.77988187175381
-1.9831423858415607
10
11111111110000000000000000	0.9968690360033922
11111111000011000000000000	0.0021861404666402877
11111111001100000000000000	0.0004223775273454767
11111100110011000000000000	0.00025814012484788227
11111100111100000000000000	0.0001472596687471976
11111110011100000000000000	0.00011363784761791152
11111111111111000000000000	1.3423863881863593e-06
11111100000000000000000000	1.0064738998436424e-06
11111100001111000000000000	8.102925606200883e-07
11111110101111000000000000	2.492085602492166e-07
0.0	
0.0	0.0	
0.0	0.0	0.0	
0.0	0.0	0.0	0.0	
0.0	0.0	0.0	0.0	0.0	
0.0	0.0	0.0	0.0	0.0	0.0	
0.0	0.0	0.0	0.0	0.0	0.0	0.0	
0.0	0.0	0.0	0.0	0.0	0.0	0.0	0.0	
0.0	0.0	0.0	0.0	0.0	0.0	0.0	0.0	0.0	
0.0	0.0	0.0	0.0	0.0	0.0	0.0	0.0	0.0	0.0	
0.0	0.0	0.0	0.0	0.0	0.0	0.0	0.0	0.0	0.0	0.0	
0.0	0.0	0.0	0.0	0.0	0.0	0.0	0.0	0.0	0.0	0.0	0.0	
0.0	0.0	0.0	0.0	0.0	0.0	0.0	0.0	0.0	0.0	0.0	0.0	0.0	
