-40.76115396957332
-1.963128100146137
10
11111111110000000000000000	0.9968892790148608
11111111000011000000000000	0.0021647169214771907
11111111001100000000000000	0.00042435053263929805
11111100110011000000000000	0.00025850447095076694
11111100111100000000000000	0.00014650016665646937
11111110011100000000000000	0.00011326282199189793
11111111111111000000000000	1.3357258309345764e-06
11111100000000000000000000	9.999678109006009e-07
11111100001111000000000000	8.044307619160751e-07
11111110101111000000000000	2.4594701989613755e-07
0.0	
0.0	0.0	
0.0	0.0	0.0	
0.0	0.0	0.0	0.0	
0.0	0.0	0.0	0.0	0.0	
0.0	0.0	0.0	0.0	0.0	0.0	
0.0	0.0	0.0	0.0	0.0	0.0	0.0	
0.0	0.0	0.0	0.0	0.0	0.0	0.0	0.0	
0.0	0.0	0.0	0.0	0.0	0.0	0.0	0.0	0.0	
0.0	0.0	0.0	0.0	0.0	0.0	0.0	0.0	0.0	0.0	
0.0	0.0	0.0	0.0	0.0	0.0	0.0	0.0	0.0	0.0	0.0	
0.0	0.0	0.0	0.0	0.0	0.0	0.0	0.0	0.0	0.0	0.0	0.0	
0.0	0.0	0.0	0.0	0.0	0.0	0.0	0.0	0.0	0.0	0.0	0.0	0.0	
