-35.1417097617614
-12.098718052618095
13
111111110000000000000000	0.9793781666796363
111100111100000000000000	0.00802171543573937
111111001100000000000000	0.003492145397747914
111100110011000000000000	0.003140280731311884
111101100110000000000000	0.0029129508472419308
111110011001000000000000	0.0029124958907317537
111100001111000000000000	3.9556876544648204e-05
111100000000000000000000	2.8281062792251442e-05
111111111111000000000000	2.5398956626184327e-05
111110101010000000000000	2.418276532927807e-05
111101010101000000000000	2.4179038802893502e-05
111110010110000000000000	3.23159417232155e-07
111101101001000000000000	3.231580783357236e-07
0.0	
0.0	0.0	
0.0	0.0	0.0	
0.0	0.0	0.0	0.0	
0.0	0.0	0.0	0.0	0.0	
0.0	0.0	0.0	0.0	0.0	0.0	
0.0	0.0	0.0	0.0	0.0	0.0	0.0	
0.0	0.0	0.0	0.0	0.0	0.0	0.0	0.0	
0.0	0.0	0.0	0.0	0.0	0.0	0.0	0.0	0.0	
0.0	0.0	0.0	0.0	0.0	0.0	0.0	0.0	0.0	0.0	
0.0	0.0	0.0	0.0	0.0	0.0	0.0	0.0	0.0	0.0	0.0	
0.0	0.0	0.0	0.0	0.0	0.0	0.0	0.0	0.0	0.0	0.0	0.0	
