-36.022759618618004
-12.94292476517218
13
111111110000000000000000	0.9897889247460813
111111001100000000000000	0.004328633456893494
111100111100000000000000	0.003138915083086564
111111000011000000000000	0.0012454527154739578
111111000110000000000000	0.0007362333234197329
111111001001000000000000	0.0007355780140725294
111100000000000000000000	1.3727384200102856e-05
111100001111000000000000	3.949701008096505e-06
111111111111000000000000	2.539042016244986e-06
111100001010000000000000	2.334814853728543e-06
111100000101000000000000	2.3327366728734017e-06
111111111010000000000000	6.905117537565951e-07
111111110101000000000000	6.884704676890554e-07
0.0	
0.0	0.0	
0.0	0.0	0.0	
0.0	0.0	0.0	0.0	
0.0	0.0	0.0	0.0	0.0	
0.0	0.0	0.0	0.0	0.0	0.0	
0.0	0.0	0.0	0.0	0.0	0.0	0.0	
0.0	0.0	0.0	0.0	0.0	0.0	0.0	0.0	
0.0	0.0	0.0	0.0	0.0	0.0	0.0	0.0	0.0	
0.0	0.0	0.0	0.0	0.0	0.0	0.0	0.0	0.0	0.0	
0.0	0.0	0.0	0.0	0.0	0.0	0.0	0.0	0.0	0.0	0.0	
0.0	0.0	0.0	0.0	0.0	0.0	0.0	0.0	0.0	0.0	0.0	0.0	
