NMONOMER	1
NELEC	8
ENUC	8.484879
NBASIS	8
HOMO	2
LUMO	2
ENT	5
HF_ENERGY	-35.681134
ENERGIES
-11.052314
-0.802390
-0.531328
-0.528990
0.753039
0.753683
0.800576
1000000.638675

OEI
-18.481238	
-0.261299	-4.537539	
-0.002446	-0.001846	-4.115938	
0.000761	0.000139	0.000452	-4.116275	
0.008802	0.032083	-0.659959	0.413503	-3.530709	
0.005257	0.017103	-0.412323	-0.661123	-0.002501	-3.529854	
-0.310474	-0.924358	-0.033294	0.003000	-0.000066	-0.000608	-3.424218	
-0.160626	0.151375	0.001252	-0.000346	0.000395	-0.000201	0.000737	999996.184301	

ENV_OEI
-4.808401	
-0.504807	-0.286003	
-0.004895	0.001474	-0.180298	
0.001478	-0.000443	0.000057	-0.178017	
0.018234	0.007596	-0.109663	0.070042	-0.254800	
0.010915	0.004046	-0.067887	-0.111377	-0.001065	-0.254146	
-0.651432	-0.237741	-0.007547	0.000964	0.004904	0.002350	-0.349057	
-0.312230	0.004308	0.002458	-0.000670	0.002241	0.000542	-0.018929	-0.259314	

OVERLAP
1.000000	
0.248362	1.000000	
0.068397	0.514086	1.000000	
0.068399	0.514093	0.187054	1.000000	
0.068288	0.513686	0.187003	0.186920	1.000000	
0.000000	0.000000	-0.359412	0.147430	-0.153210	1.000000	
0.000000	0.000000	0.111715	-0.449159	0.033386	0.000000	1.000000	
0.000000	0.000000	-0.298976	-0.086993	0.454141	0.000000	0.000000	1.000000	

MOCOEFF
0.996527	0.018353	-0.007010	-0.007027	-0.006997	-0.020922	-0.017453	0.003913	
0.177433	-0.451717	-0.242568	-0.247840	-0.240646	0.290223	0.246651	-0.052339	
0.001682	-0.005522	-0.249660	0.495483	-0.248906	0.337428	-0.430671	-0.137944	
-0.000505	0.001713	-0.427838	0.000940	0.428174	0.148241	-0.056762	0.544184	
-0.006404	0.042907	-0.059512	-0.900306	0.893217	0.402107	-0.688471	-0.808516	
-0.003823	0.024897	1.023227	-0.562263	-0.499710	0.604163	-0.564250	0.778858	
0.226998	-1.506730	0.801086	0.750274	0.802040	0.426082	0.309108	-0.084999	
0.117784	-0.542251	0.000000	0.000000	0.000000	-0.647102	-0.538791	0.121573	

ERI
0 0 0 0 3.5229980
1 0 0 0 0.2345716
1 0 1 0 0.0286041
1 0 1 1 -0.0030295
1 1 0 0 0.6942174
1 1 1 0 -0.0030295
1 1 1 1 0.5715419
2 0 0 0 0.0022095
2 0 1 0 0.0002036
2 0 1 1 0.0001610
2 0 2 0 0.0083437
2 0 2 1 -0.0117302
2 0 2 2 0.0028031
2 1 0 0 0.0007595
2 1 1 0 0.0000573
2 1 1 1 -0.0012182
2 1 2 0 -0.0117302
2 1 2 1 0.1153909
2 1 2 2 -0.0506881
2 2 0 0 0.6401742
2 2 1 0 0.0015376
2 2 1 1 0.5089326
2 2 2 0 0.0028031
2 2 2 1 -0.0506881
2 2 2 2 0.5432224
3 0 0 0 -0.0006668
3 0 1 0 -0.0000563
3 0 1 1 -0.0000574
3 0 2 0 -0.0000121
3 0 2 1 0.0000010
3 0 2 2 -0.0000078
3 0 3 0 0.0084012
3 0 3 1 -0.0117334
3 0 3 2 -0.0030904
3 0 3 3 0.0000516
3 1 0 0 -0.0001099
3 1 1 0 -0.0000194
3 1 1 1 0.0004121
3 1 2 0 0.0000032
3 1 2 1 0.0002618
3 1 2 2 -0.0001120
3 1 3 0 -0.0117334
3 1 3 1 0.1136465
3 1 3 2 0.0525884
3 1 3 3 -0.0003554
3 2 0 0 -0.0001880
3 2 1 0 -0.0000128
3 2 1 1 0.0002242
3 2 2 0 0.0000348
3 2 2 1 -0.0001914
3 2 2 2 0.0001083
3 2 3 0 -0.0030904
3 2 3 1 0.0525884
3 2 3 2 0.0454796
3 2 3 3 -0.0003824
3 3 0 0 0.6412459
3 3 1 0 0.0016093
3 3 1 1 0.5074741
3 3 2 0 -0.0029606
3 3 2 1 0.0525125
3 3 2 2 0.4561937
3 3 3 0 0.0000516
3 3 3 1 -0.0003554
3 3 3 2 -0.0003824
3 3 3 3 0.5449843
4 0 0 0 -0.0084035
4 0 1 0 -0.0011242
4 0 1 1 0.0003174
4 0 2 0 0.0110714
4 0 2 1 -0.0139945
4 0 2 2 0.0029837
4 0 3 0 -0.0069429
4 0 3 1 0.0087093
4 0 3 2 0.0021561
4 0 3 3 -0.0033685
4 0 4 0 0.0206157
4 0 4 1 -0.0091407
4 0 4 2 -0.0020005
4 0 4 3 -0.0039270
4 0 4 4 0.0008524
4 1 0 0 -0.0097746
4 1 1 0 -0.0000234
4 1 1 1 -0.0032377
4 1 2 0 -0.0052997
4 1 2 1 -0.0086837
4 1 2 2 0.0199626
4 1 3 0 0.0033391
4 1 3 1 0.0047841
4 1 3 2 0.0137342
4 1 3 3 -0.0241095
4 1 4 0 -0.0091407
4 1 4 1 0.0425002
4 1 4 2 -0.0089630
4 1 4 3 -0.0098836
4 1 4 4 -0.0045854
4 2 0 0 0.2096433
4 2 1 0 0.0051048
4 2 1 1 0.0418562
4 2 2 0 -0.0022341
4 2 2 1 0.0422174
4 2 2 2 0.0276974
4 2 3 0 -0.0014723
4 2 3 1 0.0257624
4 2 3 2 0.0094987
4 2 3 3 0.0586631
4 2 4 0 -0.0020005
4 2 4 1 -0.0089630
4 2 4 2 0.0972805
4 2 4 3 -0.0366633
4 2 4 4 0.0432816
4 3 0 0 -0.1313026
4 3 1 0 -0.0031736
4 3 1 1 -0.0271461
4 3 2 0 -0.0015040
4 3 2 1 0.0258155
4 3 2 2 -0.0359013
4 3 3 0 0.0025216
4 3 3 1 -0.0400913
4 3 3 2 -0.0143239
4 3 3 3 -0.0174632
4 3 4 0 -0.0039270
4 3 4 1 -0.0098836
4 3 4 2 -0.0366633
4 3 4 3 0.0585290
4 3 4 4 -0.0316009
4 4 0 0 0.7419938
4 4 1 0 0.0071562
4 4 1 1 0.5042742
4 4 2 0 0.0004102
4 4 2 1 -0.0188241
4 4 2 2 0.5195721
4 4 3 0 -0.0008073
4 4 3 1 -0.0257348
4 4 3 2 -0.0296926
4 4 3 3 0.4854965
4 4 4 0 0.0008524
4 4 4 1 -0.0045854
4 4 4 2 0.0432816
4 4 4 3 -0.0316009
4 4 4 4 0.5627064
5 0 0 0 -0.0050019
5 0 1 0 -0.0006323
5 0 1 1 0.0000991
5 0 2 0 0.0069165
5 0 2 1 -0.0087658
5 0 2 2 0.0018673
5 0 3 0 0.0111057
5 0 3 1 -0.0139543
5 0 3 2 -0.0033644
5 0 3 3 -0.0020133
5 0 4 0 0.0000500
5 0 4 1 0.0000151
5 0 4 2 -0.0039394
5 0 4 3 0.0021458
5 0 4 4 -0.0012997
5 0 5 0 0.0206000
5 0 5 1 -0.0091523
5 0 5 2 0.0018328
5 0 5 3 0.0039924
5 0 5 4 0.0003615
5 0 5 5 0.0016037
5 1 0 0 -0.0051754
5 1 1 0 -0.0000154
5 1 1 1 -0.0018430
5 1 2 0 -0.0033066
5 1 2 1 -0.0055940
5 1 2 2 0.0126870
5 1 3 0 -0.0053270
5 1 3 1 -0.0079370
5 1 3 2 -0.0219381
5 1 3 3 -0.0149150
5 1 4 0 0.0000118
5 1 4 1 0.0002498
5 1 4 2 -0.0137813
5 1 4 3 0.0052045
5 1 4 4 0.0290329
5 1 5 0 -0.0091523
5 1 5 1 0.0423350
5 1 5 2 0.0048298
5 1 5 3 0.0100560
5 1 5 4 0.0037982
5 1 5 5 -0.0309736
5 2 0 0 0.1310045
5 2 1 0 0.0031968
5 2 1 1 0.0258882
5 2 2 0 -0.0014037
5 2 2 1 0.0262939
5 2 2 2 0.0173399
5 2 3 0 0.0023222
5 2 3 1 -0.0410326
5 2 3 2 -0.0155366
5 2 3 3 0.0368233
5 2 4 0 -0.0039423
5 2 4 1 -0.0138582
5 2 4 2 0.0379682
5 2 4 3 0.0088878
5 2 4 4 0.0390617
5 2 5 0 0.0018328
5 2 5 1 0.0048298
5 2 5 2 0.0601801
5 2 5 3 0.0367274
5 2 5 4 -0.0112938
5 2 5 5 0.0288970
5 3 0 0 0.2099715
5 3 1 0 0.0050873
5 3 1 1 0.0429864
5 3 2 0 0.0024328
5 3 2 1 -0.0412501
5 3 2 2 0.0572001
5 3 3 0 0.0015803
5 3 3 1 -0.0252078
5 3 3 2 -0.0088741
5 3 3 3 0.0284391
5 3 4 0 0.0016987
5 3 4 1 0.0041678
5 3 4 2 0.0268614
5 3 4 3 -0.0382432
5 3 4 4 0.0670976
5 3 5 0 0.0039924
5 3 5 1 0.0100560
5 3 5 2 0.0367274
5 3 5 3 0.0957229
5 3 5 4 0.0087740
5 3 5 5 0.0471504
5 4 0 0 0.0006734
5 4 1 0 0.0000163
5 4 1 1 0.0007337
5 4 2 0 -0.0000923
5 4 2 1 -0.0320484
5 4 2 2 0.0321338
5 4 3 0 0.0003888
5 4 3 1 0.0123456
5 4 3 2 0.0145065
5 4 3 3 -0.0322779
5 4 4 0 -0.0008692
5 4 4 1 0.0306352
5 4 4 2 -0.0088943
5 4 4 3 -0.0106274
5 4 4 4 0.0031401
5 4 5 0 0.0003615
5 4 5 1 0.0037982
5 4 5 2 -0.0112938
5 4 5 3 0.0087740
5 4 5 4 0.0394426
5 4 5 5 -0.0005880
5 5 0 0 0.7419499
5 5 1 0 0.0071616
5 5 1 1 0.5039846
5 5 2 0 0.0004793
5 5 2 1 0.0127204
5 5 2 2 0.4883496
5 5 3 0 0.0007590
5 5 3 1 0.0257962
5 5 3 2 0.0296694
5 5 3 3 0.5169032
5 5 4 0 -0.0003700
5 5 4 1 0.0007552
5 5 4 2 0.0654981
5 5 4 3 -0.0398709
5 5 4 4 0.4883504
5 5 5 0 0.0016037
5 5 5 1 -0.0309736
5 5 5 2 0.0288970
5 5 5 3 0.0471504
5 5 5 4 -0.0005880
5 5 5 5 0.5606356
6 0 0 0 0.2967580
6 0 1 0 0.0360875
6 0 1 1 -0.0019432
6 0 2 0 0.0007551
6 0 2 1 -0.0005522
6 0 2 2 0.0021855
6 0 3 0 -0.0001049
6 0 3 1 0.0000157
6 0 3 2 -0.0000022
6 0 3 3 0.0019799
6 0 4 0 -0.0007312
6 0 4 1 -0.0003597
6 0 4 2 0.0055735
6 0 4 3 -0.0036395
6 0 4 4 0.0081821
6 0 5 0 -0.0004285
6 0 5 1 -0.0001982
6 0 5 2 0.0034793
6 0 5 3 0.0058167
6 0 5 4 -0.0000016
6 0 5 5 0.0081986
6 0 6 0 0.0457331
6 0 6 1 0.0020516
6 0 6 2 0.0000002
6 0 6 3 -0.0000085
6 0 6 4 -0.0003160
6 0 6 5 -0.0001904
6 0 6 6 0.0022916
6 1 0 0 0.2780678
6 1 1 0 0.0009408
6 1 1 1 0.1070557
6 1 2 0 -0.0001405
6 1 2 1 0.0002815
6 1 2 2 0.0603611
6 1 3 0 -0.0000181
6 1 3 1 -0.0001518
6 1 3 2 -0.0001049
6 1 3 3 0.0593814
6 1 4 0 -0.0002432
6 1 4 1 -0.0026083
6 1 4 2 0.0589194
6 1 4 3 -0.0371762
6 1 4 4 0.0669184
6 1 5 0 -0.0001677
6 1 5 1 -0.0012628
6 1 5 2 0.0368816
6 1 5 3 0.0595307
6 1 5 4 0.0008465
6 1 5 5 0.0661302
6 1 6 0 0.0020516
6 1 6 1 0.1030129
6 1 6 2 0.0041549
6 1 6 3 -0.0002133
6 1 6 4 -0.0009434
6 1 6 5 -0.0006087
6 1 6 6 0.0864248
6 2 0 0 0.0104002
6 2 1 0 0.0002448
6 2 1 1 0.0029792
6 2 2 0 -0.0051777
6 2 2 1 -0.0276694
6 2 2 2 0.0328928
6 2 3 0 0.0000069
6 2 3 1 -0.0001046
6 2 3 2 0.0000685
6 2 3 3 -0.0288266
6 2 4 0 -0.0063122
6 2 4 1 0.0367541
6 2 4 2 -0.0192771
6 2 4 3 -0.0149398
6 2 4 4 0.0197571
6 2 5 0 -0.0039415
6 2 5 1 0.0230307
6 2 5 2 -0.0119903
6 2 5 3 0.0236217
6 2 5 4 0.0328341
6 2 5 5 -0.0122321
6 2 6 0 0.0000002
6 2 6 1 0.0041549
6 2 6 2 0.0521579
6 2 6 3 -0.0000350
6 2 6 4 -0.0289891
6 2 6 5 -0.0180702
6 2 6 6 -0.0004535
6 3 0 0 -0.0008907
6 3 1 0 -0.0000218
6 3 1 1 -0.0004425
6 3 2 0 0.0000069
6 3 2 1 -0.0000946
6 3 2 2 -0.0002032
6 3 3 0 -0.0050345
6 3 3 1 -0.0300996
6 3 3 2 -0.0323316
6 3 3 3 -0.0001150
6 3 4 0 0.0038046
6 3 4 1 -0.0233065
6 3 4 2 -0.0145844
6 3 4 3 0.0213411
6 3 4 4 0.0311858
6 3 5 0 -0.0060794
6 3 5 1 0.0373584
6 3 5 2 0.0228636
6 3 5 3 0.0129951
6 3 5 4 -0.0152508
6 3 5 5 -0.0316586
6 3 6 0 -0.0000085
6 3 6 1 -0.0002133
6 3 6 2 -0.0000350
6 3 6 3 0.0553380
6 3 6 4 0.0212061
6 3 6 5 -0.0338017
6 3 6 6 -0.0001617
6 4 0 0 0.0003204
6 4 1 0 0.0002576
6 4 1 1 -0.0026395
6 4 2 0 -0.0100091
6 4 2 1 0.0840857
6 4 2 2 -0.0393580
6 4 3 0 0.0062716
6 4 3 1 -0.0533809
6 4 3 2 -0.0274234
6 4 3 3 0.0410724
6 4 4 0 -0.0173316
6 4 4 1 -0.0176697
6 4 4 2 0.0229264
6 4 4 3 0.0444424
6 4 4 4 -0.0002047
6 4 5 0 -0.0000426
6 4 5 1 0.0007031
6 4 5 2 0.0462716
6 4 5 3 -0.0213033
6 4 5 4 -0.0366074
6 4 5 5 -0.0042126
6 4 6 0 -0.0003160
6 4 6 1 -0.0009434
6 4 6 2 -0.0289891
6 4 6 3 0.0212061
6 4 6 4 0.1033017
6 4 6 5 -0.0024512
6 4 6 6 0.0048438
6 5 0 0 0.0003067
6 5 1 0 0.0001234
6 5 1 1 -0.0010112
6 5 2 0 -0.0062502
6 5 2 1 0.0526710
6 5 2 2 -0.0245095
6 5 3 0 -0.0100234
6 5 3 1 0.0855309
6 5 3 2 0.0432690
6 5 3 3 0.0251748
6 5 4 0 -0.0000418
6 5 4 1 0.0006894
6 5 4 2 0.0462984
6 5 4 3 -0.0218046
6 5 4 4 -0.0357745
6 5 5 0 -0.0173135
6 5 5 1 -0.0184142
6 5 5 2 -0.0221579
6 5 5 3 -0.0443600
6 5 5 4 -0.0055532
6 5 5 5 0.0331227
6 5 6 0 -0.0001904
6 5 6 1 -0.0006087
6 5 6 2 -0.0180702
6 5 6 3 -0.0338017
6 5 6 4 -0.0024512
6 5 6 5 0.1054463
6 5 6 6 0.0028792
6 6 0 0 0.7181384
6 6 1 0 0.0010579
6 6 1 1 0.5377763
6 6 2 0 -0.0007461
6 6 2 1 0.0070433
6 6 2 2 0.4890301
6 6 3 0 0.0000047
6 6 3 1 -0.0002454
6 6 3 2 -0.0001281
6 6 3 3 0.4955731
6 6 4 0 -0.0010251
6 6 4 1 -0.0038135
6 6 4 2 0.0339350
6 6 4 3 -0.0176284
6 6 4 4 0.5011277
6 6 5 0 -0.0006164
6 6 5 1 -0.0021587
6 6 5 2 0.0212998
6 6 5 3 0.0283532
6 6 5 4 -0.0022425
6 6 5 5 0.5032711
6 6 6 0 0.0022916
6 6 6 1 0.0864248
6 6 6 2 -0.0004535
6 6 6 3 -0.0001617
6 6 6 4 0.0048438
6 6 6 5 0.0028792
6 6 6 6 0.5354284
7 0 0 0 0.1189779
7 0 1 0 0.0064489
7 0 1 1 0.0145186
7 0 2 0 0.0000631
7 0 2 1 0.0001209
7 0 2 2 0.0013833
7 0 3 0 -0.0000208
7 0 3 1 -0.0000379
7 0 3 2 0.0000001
7 0 3 3 0.0013737
7 0 4 0 -0.0002783
7 0 4 1 -0.0003256
7 0 4 2 -0.0020785
7 0 4 3 0.0013039
7 0 4 4 -0.0008674
7 0 5 0 -0.0001590
7 0 5 1 -0.0002034
7 0 5 2 -0.0012963
7 0 5 3 -0.0020794
7 0 5 4 0.0000016
7 0 5 5 -0.0008743
7 0 6 0 0.0095963
7 0 6 1 0.0123077
7 0 6 2 0.0000336
7 0 6 3 -0.0000296
7 0 6 4 -0.0004611
7 0 6 5 -0.0002815
7 0 6 6 0.0157788
7 0 7 0 0.0226374
7 0 7 1 -0.0065687
7 0 7 2 -0.0000641
7 0 7 3 0.0000209
7 0 7 4 0.0002620
7 0 7 5 0.0001509
7 0 7 6 -0.0091114
7 0 7 7 -0.0195635
7 1 0 0 -0.0157017
7 1 1 0 0.0052662
7 1 1 1 -0.0394436
7 1 2 0 0.0000977
7 1 2 1 -0.0005535
7 1 2 2 -0.0039873
7 1 3 0 -0.0000319
7 1 3 1 0.0001935
7 1 3 2 0.0000430
7 1 3 3 -0.0041633
7 1 4 0 -0.0000800
7 1 4 1 0.0006168
7 1 4 2 0.0056268
7 1 4 3 -0.0036410
7 1 4 4 -0.0008899
7 1 5 0 -0.0000812
7 1 5 1 0.0004039
7 1 5 2 0.0034658
7 1 5 3 0.0057382
7 1 5 4 0.0000276
7 1 5 5 -0.0008848
7 1 6 0 0.0057514
7 1 6 1 -0.0255874
7 1 6 2 -0.0000028
7 1 6 3 0.0000452
7 1 6 4 0.0006036
7 1 6 5 0.0004738
7 1 6 6 -0.0314588
7 1 7 0 -0.0065687
7 1 7 1 0.0245766
7 1 7 2 -0.0000502
7 1 7 3 0.0000292
7 1 7 4 -0.0008681
7 1 7 5 -0.0004071
7 1 7 6 0.0204198
7 1 7 7 0.0187753
7 2 0 0 -0.0000806
7 2 1 0 0.0001011
7 2 1 1 -0.0008177
7 2 2 0 -0.0061615
7 2 2 1 0.0289554
7 2 2 2 -0.0117643
7 2 3 0 0.0000065
7 2 3 1 0.0000276
7 2 3 2 -0.0000771
7 2 3 3 0.0121116
7 2 4 0 -0.0081018
7 2 4 1 0.0060795
7 2 4 2 0.0091212
7 2 4 3 0.0055535
7 2 4 4 -0.0018764
7 2 5 0 -0.0050641
7 2 5 1 0.0037709
7 2 5 2 0.0057006
7 2 5 3 -0.0089181
7 2 5 4 -0.0019962
7 2 5 5 0.0001356
7 2 6 0 -0.0002460
7 2 6 1 -0.0000074
7 2 6 2 -0.0003277
7 2 6 3 -0.0000164
7 2 6 4 0.0233172
7 2 6 5 0.0145730
7 2 6 6 0.0015098
7 2 7 0 -0.0000641
7 2 7 1 -0.0000502
7 2 7 2 0.0341345
7 2 7 3 -0.0000227
7 2 7 4 0.0298853
7 2 7 5 0.0186786
7 2 7 6 0.0013112
7 2 7 7 0.0002280
7 3 0 0 -0.0000036
7 3 1 0 -0.0000351
7 3 1 1 0.0002645
7 3 2 0 0.0000069
7 3 2 1 0.0000320
7 3 2 2 0.0000120
7 3 3 0 -0.0062011
7 3 3 1 0.0288226
7 3 3 2 0.0124049
7 3 3 3 -0.0001045
7 3 4 0 0.0050730
7 3 4 1 -0.0038931
7 3 4 2 0.0055495
7 3 4 3 -0.0089029
7 3 4 4 -0.0003747
7 3 5 0 -0.0081125
7 3 5 1 0.0061678
7 3 5 2 -0.0089310
7 3 5 3 -0.0056719
7 3 5 4 0.0001557
7 3 5 5 0.0003885
7 3 6 0 -0.0000164
7 3 6 1 0.0000563
7 3 6 2 -0.0000213
7 3 6 3 -0.0009493
7 3 6 4 -0.0146820
7 3 6 5 0.0234761
7 3 6 6 0.0000618
7 3 7 0 0.0000209
7 3 7 1 0.0000292
7 3 7 2 -0.0000227
7 3 7 3 0.0342835
7 3 7 4 -0.0187085
7 3 7 5 0.0299180
7 3 7 6 -0.0000848
7 3 7 7 -0.0000930
7 4 0 0 -0.0006356
7 4 1 0 -0.0001477
7 4 1 1 0.0003524
7 4 2 0 -0.0067421
7 4 2 1 0.0238208
7 4 2 2 -0.0051477
7 4 3 0 0.0042257
7 4 3 1 -0.0148247
7 4 3 2 -0.0036163
7 4 3 3 0.0055115
7 4 4 0 -0.0122353
7 4 4 1 0.0118857
7 4 4 2 0.0044192
7 4 4 3 0.0101732
7 4 4 4 -0.0021718
7 4 5 0 -0.0000121
7 4 5 1 -0.0000578
7 4 5 2 0.0095687
7 4 5 3 -0.0051227
7 4 5 4 0.0034142
7 4 5 5 0.0001683
7 4 6 0 -0.0005691
7 4 6 1 0.0007265
7 4 6 2 0.0057656
7 4 6 3 -0.0032580
7 4 6 4 0.0268997
7 4 6 5 0.0000894
7 4 6 6 0.0021967
7 4 7 0 0.0002620
7 4 7 1 -0.0008681
7 4 7 2 0.0298853
7 4 7 3 -0.0187085
7 4 7 4 0.0423493
7 4 7 5 0.0000727
7 4 7 6 0.0004602
7 4 7 7 -0.0014159
7 5 0 0 -0.0002709
7 5 1 0 -0.0001077
7 5 1 1 0.0003884
7 5 2 0 -0.0042105
7 5 2 1 0.0149086
7 5 2 2 -0.0031877
7 5 3 0 -0.0067521
7 5 3 1 0.0237232
7 5 3 2 0.0056307
7 5 3 3 0.0033073
7 5 4 0 -0.0000126
7 5 4 1 -0.0000622
7 5 4 2 0.0095981
7 5 4 3 -0.0048250
7 5 4 4 0.0037410
7 5 5 0 -0.0122407
7 5 5 1 0.0119149
7 5 5 2 -0.0048564
7 5 5 3 -0.0102288
7 5 5 4 -0.0003388
7 5 5 5 -0.0049080
7 5 6 0 -0.0003395
7 5 6 1 0.0004796
7 5 6 2 0.0036002
7 5 6 3 0.0052077
7 5 6 4 0.0000939
7 5 6 5 0.0268182
7 5 6 6 0.0013377
7 5 7 0 0.0001509
7 5 7 1 -0.0004071
7 5 7 2 0.0186786
7 5 7 3 0.0299180
7 5 7 4 0.0000727
7 5 7 5 0.0423308
7 5 7 6 0.0002915
7 5 7 7 -0.0007586
7 6 0 0 0.0192122
7 6 1 0 0.0073961
7 6 1 1 -0.0291996
7 6 2 0 -0.0001847
7 6 2 1 0.0006367
7 6 2 2 0.0002635
7 6 3 0 -0.0000148
7 6 3 1 0.0000557
7 6 3 2 -0.0000234
7 6 3 3 0.0007210
7 6 4 0 -0.0005627
7 6 4 1 0.0006953
7 6 4 2 0.0123603
7 6 4 3 -0.0073696
7 6 4 4 0.0088845
7 6 5 0 -0.0003417
7 6 5 1 0.0004656
7 6 5 2 0.0077329
7 6 5 3 0.0117926
7 6 5 4 0.0001036
7 6 5 5 0.0088048
7 6 6 0 0.0082335
7 6 6 1 -0.0174287
7 6 6 2 0.0005165
7 6 6 3 0.0000375
7 6 6 4 0.0016848
7 6 6 5 0.0010088
7 6 6 6 -0.0253938
7 6 7 0 -0.0091114
7 6 7 1 0.0204198
7 6 7 2 0.0013112
7 6 7 3 -0.0000848
7 6 7 4 0.0004602
7 6 7 5 0.0002915
7 6 7 6 0.0242720
7 6 7 7 0.0476242
7 7 0 0 0.8421086
7 7 1 0 0.0194703
7 7 1 1 0.4633258
7 7 2 0 0.0001778
7 7 2 1 -0.0001019
7 7 2 2 0.4894936
7 7 3 0 -0.0000516
7 7 3 1 0.0001068
7 7 3 2 -0.0000874
7 7 3 3 0.4900749
7 7 4 0 -0.0005857
7 7 4 1 -0.0038125
7 7 4 2 0.1167314
7 7 4 3 -0.0730991
7 7 4 4 0.5260923
7 7 5 0 -0.0003574
7 7 5 1 -0.0019154
7 7 5 2 0.0729365
7 7 5 3 0.1168676
7 7 5 4 0.0003427
7 7 5 5 0.5260963
7 7 6 0 0.0209165
7 7 6 1 0.0971664
7 7 6 2 0.0052605
7 7 6 3 -0.0003688
7 7 6 4 0.0017807
7 7 6 5 0.0011536
7 7 6 6 0.4551847
7 7 7 0 -0.0195635
7 7 7 1 0.0187753
7 7 7 2 0.0002280
7 7 7 3 -0.0000930
7 7 7 4 -0.0014159
7 7 7 5 -0.0007586
7 7 7 6 0.0476242
7 7 7 7 0.7504107
