-36.38616618287114
-12.623281851257582
13
111111110000000000000000	0.9886676239368482
111100110011000000000000	0.004863462002014355
111111001100000000000000	0.003098814626976351
111110011001000000000000	0.001274895655586563
111101100110000000000000	0.0012742676269636285
111100111100000000000000	0.0007851782867419689
111100001111000000000000	2.6893830197939676e-05
111111111111000000000000	3.846552197607823e-06
111100000000000000000000	2.4450791730519657e-06
111101010101000000000000	1.028496944728012e-06
111110101010000000000000	1.0279981679264151e-06
111101011010000000000000	2.585145851510061e-07
111110100101000000000000	2.573936025461268e-07
0.0	
0.0	0.0	
0.0	0.0	0.0	
0.0	0.0	0.0	0.0	
0.0	0.0	0.0	0.0	0.0	
0.0	0.0	0.0	0.0	0.0	0.0	
0.0	0.0	0.0	0.0	0.0	0.0	0.0	
0.0	0.0	0.0	0.0	0.0	0.0	0.0	0.0	
0.0	0.0	0.0	0.0	0.0	0.0	0.0	0.0	0.0	
0.0	0.0	0.0	0.0	0.0	0.0	0.0	0.0	0.0	0.0	
0.0	0.0	0.0	0.0	0.0	0.0	0.0	0.0	0.0	0.0	0.0	
0.0	0.0	0.0	0.0	0.0	0.0	0.0	0.0	0.0	0.0	0.0	0.0	
