-36.386195126693245
-12.623311628207874
13
111111110000000000000000	0.9886677126675052
111100110011000000000000	0.004863470865479908
111111001100000000000000	0.003098593416141544
111110011001000000000000	0.0012749189523676417
111101100110000000000000	0.00127429085998859
111100111100000000000000	0.0007852556925560109
111100001111000000000000	2.689266113509083e-05
111111111111000000000000	3.8469383696817736e-06
111100000000000000000000	2.4451445672349768e-06
111101010101000000000000	1.0286164779862165e-06
111110101010000000000000	1.0281176014185418e-06
111101011010000000000000	2.5859452607558837e-07
111110100101000000000000	2.574732836046823e-07
0.0	
0.0	0.0	
0.0	0.0	0.0	
0.0	0.0	0.0	0.0	
0.0	0.0	0.0	0.0	0.0	
0.0	0.0	0.0	0.0	0.0	0.0	
0.0	0.0	0.0	0.0	0.0	0.0	0.0	
0.0	0.0	0.0	0.0	0.0	0.0	0.0	0.0	
0.0	0.0	0.0	0.0	0.0	0.0	0.0	0.0	0.0	
0.0	0.0	0.0	0.0	0.0	0.0	0.0	0.0	0.0	0.0	
0.0	0.0	0.0	0.0	0.0	0.0	0.0	0.0	0.0	0.0	0.0	
0.0	0.0	0.0	0.0	0.0	0.0	0.0	0.0	0.0	0.0	0.0	0.0	
