NMONOMER	1
NELEC	8
ENUC	7.676927
NBASIS	12
HOMO	2
LUMO	2
ENT	5
HF_ENERGY	-36.632605
ENERGIES
-10.934813
-0.904005
-0.515360
-0.302308
0.506484
0.693564
0.736506
849736.458129
965066.330090
996478.107312
1070621.023785
1118093.588852

OEI
-18.548516	
0.219338	-4.600557	
-0.000000	-0.000000	-4.198101	
0.188248	-0.120486	0.000000	-4.305871	
0.152769	-0.296301	-0.000000	-0.397747	-3.114260	
0.235690	-0.896738	0.000000	0.239652	-0.173402	-3.829099	
0.000000	-0.000000	-0.791663	0.000000	-0.000000	-0.000000	-3.518208	
0.115826	0.053846	-0.000000	0.034691	-0.003657	-0.015774	-0.000000	849732.880847	
-0.000000	0.000000	-0.132624	-0.000000	-0.000000	-0.000000	0.024895	-0.000000	965063.492650	
-0.005042	-0.023318	-0.000000	0.002170	0.003151	-0.013277	-0.000000	0.001104	-0.000000	996474.919753	
-0.038062	-0.197492	-0.000000	0.067320	-0.119459	0.137849	0.000000	0.150098	-0.000000	0.133589	1070618.504218	
0.112588	0.079407	-0.000000	0.126930	-0.005224	0.002364	0.000000	-0.848653	0.000000	0.037681	0.322299	1118089.906703	

ENV_OEI
-5.075480	
0.411124	-0.602598	
-0.000000	-0.000000	-0.461226	
0.365753	0.070873	0.000000	-0.637444	
0.307059	-0.298714	-0.000000	0.138154	-0.745797	
0.478897	-0.033201	0.000000	-0.206159	0.313241	-0.948818	
0.000000	0.000000	-0.140405	-0.000000	0.000000	-0.000000	-0.495349	
0.221667	0.006867	0.000000	0.040231	-0.049816	-0.014127	-0.000000	-0.738429	
0.000000	-0.000000	0.133698	0.000000	0.000000	0.000000	-0.141151	0.000000	-0.805083	
0.014959	-0.262063	-0.000000	0.620004	-1.351647	0.964528	0.000000	0.125600	0.000000	-18.618979	
-0.055157	0.040376	0.000000	-0.003728	0.036775	-0.068590	-0.000000	-0.224986	0.000000	1.669680	-0.866657	
0.210741	-0.000661	0.000000	-0.038201	0.029435	-0.046363	-0.000000	0.051809	0.000000	0.179214	0.130730	-0.569348	

OVERLAP
1.000000	
0.248362	1.000000	
0.061767	0.488736	1.000000	
0.061767	0.488736	0.167856	1.000000	
0.000000	0.027047	0.038545	0.038545	1.000000	
0.027047	0.301519	0.378700	0.378700	0.248362	1.000000	
0.000000	0.000000	-0.155576	-0.155576	-0.015125	-0.113119	1.000000	
0.000000	0.000000	0.380474	-0.380474	0.000000	0.000000	0.000000	1.000000	
0.000000	0.000000	-0.219667	-0.219667	-0.042713	-0.319437	0.000000	0.000000	1.000000	
0.015125	0.113119	0.044121	0.044121	0.000000	0.000000	0.112775	0.000000	-0.151526	1.000000	
0.000000	0.000000	0.268260	-0.268260	0.000000	0.000000	0.000000	0.166433	0.000000	0.000000	1.000000	
0.042713	0.319437	0.279473	0.279473	0.000000	0.000000	-0.151526	0.000000	-0.261465	0.000000	0.000000	1.000000	

MOCOEFF
-0.996653	-0.016361	0.006510	0.006510	-0.001355	0.006669	0.027499	0.000000	0.007898	-0.002261	0.000000	0.003209	
0.143527	-0.335220	-0.269086	-0.269086	0.027802	0.044574	0.319304	0.000000	0.224116	-0.169836	-0.000000	-0.283481	
-0.000000	0.000000	-0.441603	0.441603	0.000000	0.000000	-0.000000	-0.614444	0.000000	-0.000000	0.339192	-0.000000	
0.127698	-0.513337	-0.117576	-0.117576	-0.055488	0.226220	0.302427	-0.000000	-0.682623	0.028161	0.000000	0.371694	
0.105361	-0.652104	0.894227	0.894227	0.117809	-0.703067	0.237961	-0.000000	-0.154476	-0.163780	0.000000	-0.601946	
0.167661	-1.028470	0.419937	0.419937	-0.085946	0.520782	0.369584	0.000000	0.931366	0.286013	0.000000	0.696287	
0.000000	-0.000000	0.949169	-0.949169	-0.000000	0.000000	0.000000	-1.083474	0.000000	0.000000	-0.328921	0.000000	
0.084288	-0.388040	0.000000	0.000000	-0.012325	0.049401	-0.608823	-0.000000	0.000000	0.744813	0.000000	-0.291146	
0.000000	-0.000000	0.000000	-0.000000	-0.000000	0.000000	-0.000000	-0.000000	0.000000	0.000000	-1.000000	-0.000000	
-0.000564	0.002599	0.000000	0.000000	1.025611	-0.216380	0.004077	-0.000000	-0.000000	0.053739	-0.000000	0.092871	
-0.018947	0.087226	0.000000	0.000000	-0.019715	-0.850780	0.136854	0.000000	0.000000	0.334096	-0.000000	0.355391	
0.081637	-0.375837	0.000000	0.000000	0.011610	-0.229166	-0.589676	0.000000	-0.000000	-0.509850	0.000000	0.308002	

ERI
0 0 0 0 3.5235543
1 0 0 0 -0.1912676
1 0 1 0 0.0205394
1 0 1 1 0.0058439
1 1 0 0 0.6456275
1 1 1 0 0.0058439
1 1 1 1 0.5925865
2 0 0 0 0.0000000
2 0 1 0 -0.0000000
2 0 1 1 -0.0000000
2 0 2 0 0.0094006
2 0 2 1 0.0110306
2 0 2 2 0.0000000
2 1 0 0 -0.0000000
2 1 1 0 -0.0000000
2 1 1 1 -0.0000000
2 1 2 0 0.0110306
2 1 2 1 0.1054470
2 1 2 2 0.0000000
2 2 0 0 0.6512587
2 2 1 0 -0.0007581
2 2 1 1 0.5119124
2 2 2 0 0.0000000
2 2 2 1 0.0000000
2 2 2 2 0.5388981
3 0 0 0 -0.1666495
3 0 1 0 0.0127998
3 0 1 1 -0.0086228
3 0 2 0 -0.0000000
3 0 2 1 -0.0000000
3 0 2 2 -0.0038613
3 0 3 0 0.0248955
3 0 3 1 0.0082137
3 0 3 2 -0.0000000
3 0 3 3 0.0094511
3 1 0 0 0.0550969
3 1 1 0 -0.0011208
3 1 1 1 -0.0187728
3 1 2 0 -0.0000000
3 1 2 1 -0.0000000
3 1 2 2 0.0191442
3 1 3 0 0.0082137
3 1 3 1 0.0594542
3 1 3 2 0.0000000
3 1 3 3 0.0421149
3 2 0 0 -0.0000000
3 2 1 0 0.0000000
3 2 1 1 -0.0000000
3 2 2 0 0.0072026
3 2 2 1 0.0385389
3 2 2 2 0.0000000
3 2 3 0 -0.0000000
3 2 3 1 0.0000000
3 2 3 2 0.0368855
3 2 3 3 -0.0000000
3 3 0 0 0.7756058
3 3 1 0 -0.0065771
3 3 1 1 0.4871627
3 3 2 0 -0.0000000
3 3 2 1 0.0000000
3 3 2 2 0.4846168
3 3 3 0 0.0094511
3 3 3 1 0.0421149
3 3 3 2 -0.0000000
3 3 3 3 0.6300273
4 0 0 0 -0.1386491
4 0 1 0 0.0127670
4 0 1 1 -0.0016358
4 0 2 0 -0.0000000
4 0 2 1 0.0000000
4 0 2 2 -0.0022175
4 0 3 0 0.0143367
4 0 3 1 0.0020895
4 0 3 2 0.0000000
4 0 3 3 0.0008815
4 0 4 0 0.0103960
4 0 4 1 -0.0003642
4 0 4 2 -0.0000000
4 0 4 3 0.0011985
4 0 4 4 -0.0000175
4 1 0 0 0.0857252
4 1 1 0 0.0008102
4 1 1 1 0.0413130
4 1 2 0 0.0000000
4 1 2 1 0.0000000
4 1 2 2 -0.0147974
4 1 3 0 -0.0012301
4 1 3 1 -0.0196364
4 1 3 2 -0.0000000
4 1 3 3 0.0534168
4 1 4 0 -0.0003642
4 1 4 1 0.0705719
4 1 4 2 -0.0000000
4 1 4 3 -0.0065882
4 1 4 4 0.0074334
4 2 0 0 0.0000000
4 2 1 0 0.0000000
4 2 1 1 0.0000000
4 2 2 0 -0.0010677
4 2 2 1 -0.0726150
4 2 2 2 -0.0000000
4 2 3 0 -0.0000000
4 2 3 1 -0.0000000
4 2 3 2 -0.0164117
4 2 3 3 -0.0000000
4 2 4 0 -0.0000000
4 2 4 1 -0.0000000
4 2 4 2 0.0803422
4 2 4 3 0.0000000
4 2 4 4 0.0000000
4 3 0 0 0.1435232
4 3 1 0 -0.0049954
4 3 1 1 -0.0209903
4 3 2 0 -0.0000000
4 3 2 1 -0.0000000
4 3 2 2 0.0196007
4 3 3 0 0.0084338
4 3 3 1 0.0535497
4 3 3 2 -0.0000000
4 3 3 3 0.0917682
4 3 4 0 0.0011985
4 3 4 1 -0.0065882
4 3 4 2 0.0000000
4 3 4 3 0.0801174
4 3 4 4 -0.0337073
4 4 0 0 0.5032716
4 4 1 0 0.0018748
4 4 1 1 0.5145046
4 4 2 0 0.0000000
4 4 2 1 0.0000000
4 4 2 2 0.4729437
4 4 3 0 -0.0014044
4 4 3 1 -0.0190362
4 4 3 2 0.0000000
4 4 3 3 0.4403660
4 4 4 0 -0.0000175
4 4 4 1 0.0074334
4 4 4 2 0.0000000
4 4 4 3 -0.0337073
4 4 4 4 0.5200566
5 0 0 0 -0.2203264
5 0 1 0 0.0263091
5 0 1 1 0.0117812
5 0 2 0 -0.0000000
5 0 2 1 -0.0000000
5 0 2 2 0.0007198
5 0 3 0 0.0068745
5 0 3 1 -0.0064231
5 0 3 2 -0.0000000
5 0 3 3 -0.0156600
5 0 4 0 0.0128396
5 0 4 1 0.0012015
5 0 4 2 0.0000000
5 0 4 3 -0.0121379
5 0 4 4 0.0029453
5 0 5 0 0.0392987
5 0 5 1 0.0041719
5 0 5 2 0.0000000
5 0 5 3 0.0041434
5 0 5 4 0.0025226
5 0 5 5 0.0100516
5 1 0 0 0.2650310
5 1 1 0 0.0003885
5 1 1 1 0.0709354
5 1 2 0 -0.0000000
5 1 2 1 0.0000000
5 1 2 2 0.0699463
5 1 3 0 -0.0080014
5 1 3 1 0.0267316
5 1 3 2 0.0000000
5 1 3 3 0.0904134
5 1 4 0 -0.0030922
5 1 4 1 0.0150118
5 1 4 2 -0.0000000
5 1 4 3 0.0472549
5 1 4 4 -0.0003537
5 1 5 0 0.0041719
5 1 5 1 0.1045890
5 1 5 2 -0.0000000
5 1 5 3 -0.0363157
5 1 5 4 0.0372858
5 1 5 5 0.0844096
5 2 0 0 -0.0000000
5 2 1 0 0.0000000
5 2 1 1 -0.0000000
5 2 2 0 0.0059180
5 2 2 1 0.0058902
5 2 2 2 -0.0000000
5 2 3 0 0.0000000
5 2 3 1 -0.0000000
5 2 3 2 0.0014415
5 2 3 3 -0.0000000
5 2 4 0 0.0000000
5 2 4 1 -0.0000000
5 2 4 2 0.0158894
5 2 4 3 -0.0000000
5 2 4 4 0.0000000
5 2 5 0 0.0000000
5 2 5 1 -0.0000000
5 2 5 2 0.0234822
5 2 5 3 0.0000000
5 2 5 4 0.0000000
5 2 5 5 -0.0000000
5 3 0 0 -0.0861345
5 3 1 0 0.0041645
5 3 1 1 0.0185961
5 3 2 0 -0.0000000
5 3 2 1 -0.0000000
5 3 2 2 -0.0168852
5 3 3 0 0.0027387
5 3 3 1 -0.0072208
5 3 3 2 -0.0000000
5 3 3 3 -0.0357568
5 3 4 0 0.0018764
5 3 4 1 0.0195555
5 3 4 2 -0.0000000
5 3 4 3 -0.0356368
5 3 4 4 0.0262880
5 3 5 0 0.0041434
5 3 5 1 -0.0363157
5 3 5 2 0.0000000
5 3 5 3 0.0529425
5 3 5 4 -0.0203146
5 3 5 5 0.0023441
5 4 0 0 0.0530353
5 4 1 0 0.0011061
5 4 1 1 0.0096333
5 4 2 0 -0.0000000
5 4 2 1 -0.0000000
5 4 2 2 0.0322678
5 4 3 0 -0.0020895
5 4 3 1 0.0323600
5 4 3 2 -0.0000000
5 4 3 3 -0.0041832
5 4 4 0 -0.0004569
5 4 4 1 -0.0409526
5 4 4 2 0.0000000
5 4 4 3 0.0263276
5 4 4 4 -0.0024404
5 4 5 0 0.0025226
5 4 5 1 0.0372858
5 4 5 2 0.0000000
5 4 5 3 -0.0203146
5 4 5 4 0.0588755
5 4 5 5 -0.0136227
5 5 0 0 0.7870007
5 5 1 0 0.0006296
5 5 1 1 0.5772943
5 5 2 0 -0.0000000
5 5 2 1 -0.0000000
5 5 2 2 0.4989339
5 5 3 0 -0.0184068
5 5 3 1 -0.0378671
5 5 3 2 -0.0000000
5 5 3 3 0.5082589
5 5 4 0 -0.0067592
5 5 4 1 0.0659070
5 5 4 2 0.0000000
5 5 4 3 -0.0181512
5 5 4 4 0.5001954
5 5 5 0 0.0100516
5 5 5 1 0.0844096
5 5 5 2 -0.0000000
5 5 5 3 0.0023441
5 5 5 4 -0.0136227
5 5 5 5 0.6250074
6 0 0 0 -0.0000000
6 0 1 0 0.0000000
6 0 1 1 0.0000000
6 0 2 0 0.0133007
6 0 2 1 0.0140112
6 0 2 2 0.0000000
6 0 3 0 0.0000000
6 0 3 1 -0.0000000
6 0 3 2 0.0096014
6 0 3 3 -0.0000000
6 0 4 0 0.0000000
6 0 4 1 0.0000000
6 0 4 2 -0.0013017
6 0 4 3 -0.0000000
6 0 4 4 0.0000000
6 0 5 0 0.0000000
6 0 5 1 -0.0000000
6 0 5 2 0.0073701
6 0 5 3 -0.0000000
6 0 5 4 -0.0000000
6 0 5 5 -0.0000000
6 0 6 0 0.0189260
6 0 6 1 0.0048214
6 0 6 2 -0.0000000
6 0 6 3 0.0096598
6 0 6 4 0.0098739
6 0 6 5 0.0096934
6 0 6 6 0.0000000
6 1 0 0 0.0000000
6 1 1 0 0.0000000
6 1 1 1 0.0000000
6 1 2 0 0.0037535
6 1 2 1 -0.0319183
6 1 2 2 0.0000000
6 1 3 0 -0.0000000
6 1 3 1 0.0000000
6 1 3 2 -0.0017753
6 1 3 3 0.0000000
6 1 4 0 -0.0000000
6 1 4 1 -0.0000000
6 1 4 2 0.0499506
6 1 4 3 0.0000000
6 1 4 4 0.0000000
6 1 5 0 0.0000000
6 1 5 1 0.0000000
6 1 5 2 0.0228561
6 1 5 3 -0.0000000
6 1 5 4 0.0000000
6 1 5 5 0.0000000
6 1 6 0 0.0048214
6 1 6 1 0.0425743
6 1 6 2 0.0000000
6 1 6 3 0.0111615
6 1 6 4 -0.0526324
6 1 6 5 -0.0212141
6 1 6 6 0.0000000
6 2 0 0 0.2545317
6 2 1 0 -0.0061733
6 2 1 1 0.0132858
6 2 2 0 0.0000000
6 2 2 1 -0.0000000
6 2 2 2 0.0448410
6 2 3 0 -0.0011833
6 2 3 1 0.0207589
6 2 3 2 -0.0000000
6 2 3 3 0.1102150
6 2 4 0 -0.0029293
6 2 4 1 0.0397550
6 2 4 2 0.0000000
6 2 4 3 0.0565100
6 2 4 4 -0.0350284
6 2 5 0 -0.0083695
6 2 5 1 0.0704380
6 2 5 2 -0.0000000
6 2 5 3 -0.0331632
6 2 5 4 -0.0092546
6 2 5 5 0.0506526
6 2 6 0 -0.0000000
6 2 6 1 0.0000000
6 2 6 2 0.1208044
6 2 6 3 -0.0000000
6 2 6 4 -0.0000000
6 2 6 5 0.0000000
6 2 6 6 0.0433142
6 3 0 0 -0.0000000
6 3 1 0 0.0000000
6 3 1 1 0.0000000
6 3 2 0 0.0070753
6 3 2 1 0.0157885
6 3 2 2 -0.0000000
6 3 3 0 0.0000000
6 3 3 1 -0.0000000
6 3 3 2 0.0278608
6 3 3 3 -0.0000000
6 3 4 0 0.0000000
6 3 4 1 0.0000000
6 3 4 2 0.0078957
6 3 4 3 -0.0000000
6 3 4 4 0.0000000
6 3 5 0 -0.0000000
6 3 5 1 -0.0000000
6 3 5 2 0.0047490
6 3 5 3 0.0000000
6 3 5 4 -0.0000000
6 3 5 5 0.0000000
6 3 6 0 0.0096598
6 3 6 1 0.0111615
6 3 6 2 -0.0000000
6 3 6 3 0.0305902
6 3 6 4 0.0108861
6 3 6 5 0.0019760
6 3 6 6 -0.0000000
6 4 0 0 0.0000000
6 4 1 0 -0.0000000
6 4 1 1 -0.0000000
6 4 2 0 0.0073261
6 4 2 1 0.0929633
6 4 2 2 0.0000000
6 4 3 0 -0.0000000
6 4 3 1 0.0000000
6 4 3 2 0.0361261
6 4 3 3 0.0000000
6 4 4 0 0.0000000
6 4 4 1 -0.0000000
6 4 4 2 -0.0864211
6 4 4 3 0.0000000
6 4 4 4 -0.0000000
6 4 5 0 -0.0000000
6 4 5 1 0.0000000
6 4 5 2 -0.0164403
6 4 5 3 -0.0000000
6 4 5 4 -0.0000000
6 4 5 5 -0.0000000
6 4 6 0 0.0098739
6 4 6 1 -0.0526324
6 4 6 2 -0.0000000
6 4 6 3 0.0108861
6 4 6 4 0.1134265
6 4 6 5 0.0576529
6 4 6 6 0.0000000
6 5 0 0 0.0000000
6 5 1 0 0.0000000
6 5 1 1 0.0000000
6 5 2 0 0.0074875
6 5 2 1 0.0590734
6 5 2 2 -0.0000000
6 5 3 0 -0.0000000
6 5 3 1 -0.0000000
6 5 3 2 0.0148305
6 5 3 3 0.0000000
6 5 4 0 -0.0000000
6 5 4 1 0.0000000
6 5 4 2 -0.0450036
6 5 4 3 -0.0000000
6 5 4 4 0.0000000
6 5 5 0 0.0000000
6 5 5 1 0.0000000
6 5 5 2 0.0035414
6 5 5 3 0.0000000
6 5 5 4 -0.0000000
6 5 5 5 0.0000000
6 5 6 0 0.0096934
6 5 6 1 -0.0212141
6 5 6 2 0.0000000
6 5 6 3 0.0019760
6 5 6 4 0.0576529
6 5 6 5 0.0428618
6 5 6 6 0.0000000
6 6 0 0 0.7121899
6 6 1 0 -0.0055285
6 6 1 1 0.4987569
6 6 2 0 0.0000000
6 6 2 1 0.0000000
6 6 2 2 0.5303297
6 6 3 0 -0.0041474
6 6 3 1 0.0185821
6 6 3 2 0.0000000
6 6 3 3 0.4925281
6 6 4 0 -0.0037697
6 6 4 1 -0.0194773
6 6 4 2 -0.0000000
6 6 4 3 0.0276026
6 6 4 4 0.4794874
6 6 5 0 -0.0058948
6 6 5 1 0.0602137
6 6 5 2 -0.0000000
6 6 5 3 -0.0238392
6 6 5 4 0.0369219
6 6 5 5 0.4996494
6 6 6 0 0.0000000
6 6 6 1 0.0000000
6 6 6 2 0.0433142
6 6 6 3 -0.0000000
6 6 6 4 0.0000000
6 6 6 5 0.0000000
6 6 6 6 0.5513368
7 0 0 0 -0.0850716
7 0 1 0 0.0037687
7 0 1 1 -0.0069163
7 0 2 0 -0.0000000
7 0 2 1 0.0000000
7 0 2 2 -0.0005700
7 0 3 0 0.0033688
7 0 3 1 -0.0049905
7 0 3 2 0.0000000
7 0 3 3 -0.0044671
7 0 4 0 0.0032912
7 0 4 1 -0.0034841
7 0 4 2 0.0000000
7 0 4 3 -0.0025229
7 0 4 4 -0.0037040
7 0 5 0 0.0053776
7 0 5 1 -0.0043584
7 0 5 2 -0.0000000
7 0 5 3 -0.0057439
7 0 5 4 -0.0033093
7 0 5 5 -0.0047987
7 0 6 0 0.0000000
7 0 6 1 -0.0000000
7 0 6 2 0.0017031
7 0 6 3 -0.0000000
7 0 6 4 -0.0000000
7 0 6 5 -0.0000000
7 0 6 6 0.0005767
7 0 7 0 0.0112593
7 0 7 1 0.0015262
7 0 7 2 -0.0000000
7 0 7 3 0.0025945
7 0 7 4 0.0014507
7 0 7 5 0.0031628
7 0 7 6 0.0000000
7 0 7 7 0.0059805
7 1 0 0 -0.0066958
7 1 1 0 -0.0008259
7 1 1 1 -0.0001961
7 1 2 0 -0.0000000
7 1 2 1 -0.0000000
7 1 2 2 0.0056323
7 1 3 0 -0.0032494
7 1 3 1 -0.0073072
7 1 3 2 0.0000000
7 1 3 3 -0.0111300
7 1 4 0 -0.0014443
7 1 4 1 -0.0071874
7 1 4 2 0.0000000
7 1 4 3 -0.0075230
7 1 4 4 0.0013906
7 1 5 0 0.0005874
7 1 5 1 -0.0025215
7 1 5 2 0.0000000
7 1 5 3 -0.0049792
7 1 5 4 0.0011546
7 1 5 5 -0.0000474
7 1 6 0 -0.0000000
7 1 6 1 -0.0000000
7 1 6 2 -0.0027388
7 1 6 3 -0.0000000
7 1 6 4 -0.0000000
7 1 6 5 -0.0000000
7 1 6 6 0.0047491
7 1 7 0 0.0015262
7 1 7 1 0.0101220
7 1 7 2 -0.0000000
7 1 7 3 -0.0045881
7 1 7 4 0.0068996
7 1 7 5 0.0005093
7 1 7 6 -0.0000000
7 1 7 7 -0.0022185
7 2 0 0 -0.0000000
7 2 1 0 0.0000000
7 2 1 1 -0.0000000
7 2 2 0 0.0050168
7 2 2 1 0.0224144
7 2 2 2 0.0000000
7 2 3 0 0.0000000
7 2 3 1 0.0000000
7 2 3 2 0.0118797
7 2 3 3 0.0000000
7 2 4 0 0.0000000
7 2 4 1 0.0000000
7 2 4 2 -0.0122599
7 2 4 3 -0.0000000
7 2 4 4 0.0000000
7 2 5 0 -0.0000000
7 2 5 1 0.0000000
7 2 5 2 0.0045601
7 2 5 3 -0.0000000
7 2 5 4 -0.0000000
7 2 5 5 -0.0000000
7 2 6 0 0.0069505
7 2 6 1 -0.0012280
7 2 6 2 -0.0000000
7 2 6 3 0.0100540
7 2 6 4 0.0183142
7 2 6 5 0.0126492
7 2 6 6 0.0000000
7 2 7 0 -0.0000000
7 2 7 1 -0.0000000
7 2 7 2 0.0184386
7 2 7 3 -0.0000000
7 2 7 4 0.0000000
7 2 7 5 -0.0000000
7 2 7 6 0.0158561
7 2 7 7 -0.0000000
7 3 0 0 0.0079842
7 3 1 0 -0.0043796
7 3 1 1 -0.0265409
7 3 2 0 -0.0000000
7 3 2 1 0.0000000
7 3 2 2 -0.0007347
7 3 3 0 0.0026564
7 3 3 1 0.0030803
7 3 3 2 -0.0000000
7 3 3 3 0.0118332
7 3 4 0 -0.0004477
7 3 4 1 -0.0091564
7 3 4 2 -0.0000000
7 3 4 3 0.0160082
7 3 4 4 -0.0156991
7 3 5 0 -0.0080410
7 3 5 1 -0.0022925
7 3 5 2 -0.0000000
7 3 5 3 -0.0184813
7 3 5 4 -0.0021329
7 3 5 5 -0.0229684
7 3 6 0 -0.0000000
7 3 6 1 -0.0000000
7 3 6 2 0.0158311
7 3 6 3 -0.0000000
7 3 6 4 0.0000000
7 3 6 5 -0.0000000
7 3 6 6 0.0046837
7 3 7 0 0.0025945
7 3 7 1 -0.0045881
7 3 7 2 -0.0000000
7 3 7 3 0.0264961
7 3 7 4 -0.0010901
7 3 7 5 -0.0005023
7 3 7 6 0.0000000
7 3 7 7 -0.0054187
7 4 0 0 0.0072551
7 4 1 0 -0.0021034
7 4 1 1 -0.0071249
7 4 2 0 0.0000000
7 4 2 1 0.0000000
7 4 2 2 -0.0035936
7 4 3 0 -0.0000787
7 4 3 1 -0.0011886
7 4 3 2 -0.0000000
7 4 3 3 0.0052177
7 4 4 0 -0.0007718
7 4 4 1 0.0007310
7 4 4 2 -0.0000000
7 4 4 3 0.0022741
7 4 4 4 -0.0044148
7 4 5 0 -0.0031699
7 4 5 1 -0.0020742
7 4 5 2 -0.0000000
7 4 5 3 -0.0045745
7 4 5 4 -0.0051869
7 4 5 5 -0.0034345
7 4 6 0 -0.0000000
7 4 6 1 -0.0000000
7 4 6 2 0.0059058
7 4 6 3 -0.0000000
7 4 6 4 -0.0000000
7 4 6 5 -0.0000000
7 4 6 6 -0.0000960
7 4 7 0 0.0014507
7 4 7 1 0.0068996
7 4 7 2 0.0000000
7 4 7 3 -0.0010901
7 4 7 4 0.0175776
7 4 7 5 -0.0145319
7 4 7 6 -0.0000000
7 4 7 7 0.0059558
7 5 0 0 0.0108433
7 5 1 0 -0.0011351
7 5 1 1 0.0024301
7 5 2 0 -0.0000000
7 5 2 1 -0.0000000
7 5 2 2 0.0050201
7 5 3 0 -0.0078339
7 5 3 1 -0.0185587
7 5 3 2 -0.0000000
7 5 3 3 -0.0159391
7 5 4 0 -0.0030930
7 5 4 1 0.0002957
7 5 4 2 0.0000000
7 5 4 3 -0.0147984
7 5 4 4 -0.0012085
7 5 5 0 0.0030050
7 5 5 1 0.0009136
7 5 5 2 -0.0000000
7 5 5 3 -0.0071796
7 5 5 4 -0.0043208
7 5 5 5 0.0154894
7 5 6 0 -0.0000000
7 5 6 1 -0.0000000
7 5 6 2 0.0035092
7 5 6 3 -0.0000000
7 5 6 4 -0.0000000
7 5 6 5 0.0000000
7 5 6 6 0.0020141
7 5 7 0 0.0031628
7 5 7 1 0.0005093
7 5 7 2 -0.0000000
7 5 7 3 -0.0005023
7 5 7 4 -0.0145319
7 5 7 5 0.0329403
7 5 7 6 0.0000000
7 5 7 7 0.0183323
7 6 0 0 0.0000000
7 6 1 0 -0.0000000
7 6 1 1 -0.0000000
7 6 2 0 0.0055577
7 6 2 1 0.0123715
7 6 2 2 0.0000000
7 6 3 0 -0.0000000
7 6 3 1 -0.0000000
7 6 3 2 0.0112245
7 6 3 3 -0.0000000
7 6 4 0 -0.0000000
7 6 4 1 0.0000000
7 6 4 2 -0.0007940
7 6 4 3 -0.0000000
7 6 4 4 -0.0000000
7 6 5 0 -0.0000000
7 6 5 1 -0.0000000
7 6 5 2 0.0064358
7 6 5 3 -0.0000000
7 6 5 4 -0.0000000
7 6 5 5 0.0000000
7 6 6 0 0.0077588
7 6 6 1 0.0055484
7 6 6 2 0.0000000
7 6 6 3 0.0120692
7 6 6 4 0.0072241
7 6 6 5 0.0064629
7 6 6 6 0.0000000
7 6 7 0 0.0000000
7 6 7 1 -0.0000000
7 6 7 2 0.0158561
7 6 7 3 0.0000000
7 6 7 4 -0.0000000
7 6 7 5 0.0000000
7 6 7 6 0.0196680
7 6 7 7 0.0000000
7 7 0 0 0.5615247
7 7 1 0 -0.0065723
7 7 1 1 0.4324720
7 7 2 0 0.0000000
7 7 2 1 0.0000000
7 7 2 2 0.4038974
7 7 3 0 -0.0083531
7 7 3 1 -0.0401364
7 7 3 2 -0.0000000
7 7 3 3 0.4239049
7 7 4 0 -0.0052225
7 7 4 1 0.0518728
7 7 4 2 0.0000000
7 7 4 3 -0.0199213
7 7 4 4 0.4115877
7 7 5 0 -0.0047698
7 7 5 1 0.0143114
7 7 5 2 -0.0000000
7 7 5 3 0.0063314
7 7 5 4 -0.0487617
7 7 5 5 0.4828080
7 7 6 0 -0.0000000
7 7 6 1 0.0000000
7 7 6 2 0.0464503
7 7 6 3 0.0000000
7 7 6 4 -0.0000000
7 7 6 5 0.0000000
7 7 6 6 0.4116005
7 7 7 0 0.0059805
7 7 7 1 -0.0022185
7 7 7 2 -0.0000000
7 7 7 3 -0.0054187
7 7 7 4 0.0059558
7 7 7 5 0.0183323
7 7 7 6 0.0000000
7 7 7 7 0.5146546
8 0 0 0 0.0000000
8 0 1 0 -0.0000000
8 0 1 1 -0.0000000
8 0 2 0 0.0002473
8 0 2 1 0.0003140
8 0 2 2 0.0000000
8 0 3 0 0.0000000
8 0 3 1 0.0000000
8 0 3 2 0.0001741
8 0 3 3 0.0000000
8 0 4 0 0.0000000
8 0 4 1 0.0000000
8 0 4 2 0.0001002
8 0 4 3 0.0000000
8 0 4 4 0.0000000
8 0 5 0 -0.0000000
8 0 5 1 -0.0000000
8 0 5 2 0.0002925
8 0 5 3 -0.0000000
8 0 5 4 0.0000000
8 0 5 5 -0.0000000
8 0 6 0 0.0003401
8 0 6 1 0.0002501
8 0 6 2 0.0000000
8 0 6 3 0.0001893
8 0 6 4 0.0000440
8 0 6 5 0.0002043
8 0 6 6 0.0000000
8 0 7 0 -0.0000000
8 0 7 1 -0.0000000
8 0 7 2 0.0001301
8 0 7 3 0.0000000
8 0 7 4 0.0000000
8 0 7 5 -0.0000000
8 0 7 6 0.0001564
8 0 7 7 -0.0000000
8 0 8 0 0.0000107
8 0 8 1 -0.0000422
8 0 8 2 0.0000000
8 0 8 3 0.0000836
8 0 8 4 -0.0000855
8 0 8 5 0.0002169
8 0 8 6 0.0000000
8 0 8 7 -0.0000302
8 0 8 8 -0.0000000
8 1 0 0 -0.0000000
8 1 1 0 -0.0000000
8 1 1 1 -0.0000000
8 1 2 0 0.0021259
8 1 2 1 0.0341598
8 1 2 2 0.0000000
8 1 3 0 0.0000000
8 1 3 1 0.0000000
8 1 3 2 0.0078785
8 1 3 3 0.0000000
8 1 4 0 0.0000000
8 1 4 1 0.0000000
8 1 4 2 -0.0292438
8 1 4 3 -0.0000000
8 1 4 4 -0.0000000
8 1 5 0 -0.0000000
8 1 5 1 0.0000000
8 1 5 2 -0.0012666
8 1 5 3 0.0000000
8 1 5 4 -0.0000000
8 1 5 5 -0.0000000
8 1 6 0 0.0026775
8 1 6 1 -0.0177080
8 1 6 2 -0.0000000
8 1 6 3 0.0008711
8 1 6 4 0.0358530
8 1 6 5 0.0200008
8 1 6 6 0.0000000
8 1 7 0 0.0000000
8 1 7 1 -0.0000000
8 1 7 2 0.0068389
8 1 7 3 0.0000000
8 1 7 4 0.0000000
8 1 7 5 -0.0000000
8 1 7 6 0.0011200
8 1 7 7 0.0000000
8 1 8 0 -0.0000422
8 1 8 1 0.0259634
8 1 8 2 0.0000000
8 1 8 3 -0.0125078
8 1 8 4 0.0053258
8 1 8 5 -0.0261524
8 1 8 6 -0.0000000
8 1 8 7 -0.0003977
8 1 8 8 0.0000000
8 2 0 0 0.0339967
8 2 1 0 0.0001674
8 2 1 1 0.0188643
8 2 2 0 0.0000000
8 2 2 1 0.0000000
8 2 2 2 0.0294126
8 2 3 0 -0.0003133
8 2 3 1 0.0111747
8 2 3 2 0.0000000
8 2 3 3 0.0159121
8 2 4 0 -0.0000308
8 2 4 1 -0.0176473
8 2 4 2 -0.0000000
8 2 4 3 0.0124020
8 2 4 4 0.0110933
8 2 5 0 0.0003484
8 2 5 1 0.0186632
8 2 5 2 0.0000000
8 2 5 3 -0.0138260
8 2 5 4 0.0235853
8 2 5 5 0.0038929
8 2 6 0 0.0000000
8 2 6 1 0.0000000
8 2 6 2 0.0027508
8 2 6 3 -0.0000000
8 2 6 4 0.0000000
8 2 6 5 -0.0000000
8 2 6 6 0.0292361
8 2 7 0 -0.0000050
8 2 7 1 0.0026489
8 2 7 2 0.0000000
8 2 7 3 0.0032143
8 2 7 4 -0.0013794
8 2 7 5 -0.0010545
8 2 7 6 -0.0000000
8 2 7 7 -0.0202159
8 2 8 0 0.0000000
8 2 8 1 0.0000000
8 2 8 2 0.0205749
8 2 8 3 0.0000000
8 2 8 4 0.0000000
8 2 8 5 0.0000000
8 2 8 6 -0.0165727
8 2 8 7 0.0000000
8 2 8 8 -0.0584347
8 3 0 0 0.0000000
8 3 1 0 0.0000000
8 3 1 1 0.0000000
8 3 2 0 -0.0002913
8 3 2 1 -0.0070777
8 3 2 2 0.0000000
8 3 3 0 -0.0000000
8 3 3 1 0.0000000
8 3 3 2 -0.0000718
8 3 3 3 0.0000000
8 3 4 0 -0.0000000
8 3 4 1 -0.0000000
8 3 4 2 0.0072964
8 3 4 3 0.0000000
8 3 4 4 0.0000000
8 3 5 0 0.0000000
8 3 5 1 -0.0000000
8 3 5 2 -0.0008471
8 3 5 3 -0.0000000
8 3 5 4 0.0000000
8 3 5 5 0.0000000
8 3 6 0 -0.0003369
8 3 6 1 0.0043367
8 3 6 2 0.0000000
8 3 6 3 0.0012658
8 3 6 4 -0.0083023
8 3 6 5 -0.0039267
8 3 6 6 -0.0000000
8 3 7 0 -0.0000000
8 3 7 1 0.0000000
8 3 7 2 -0.0013986
8 3 7 3 0.0000000
8 3 7 4 -0.0000000
8 3 7 5 -0.0000000
8 3 7 6 -0.0000598
8 3 7 7 -0.0000000
8 3 8 0 0.0000836
8 3 8 1 -0.0125078
8 3 8 2 0.0000000
8 3 8 3 0.0088428
8 3 8 4 -0.0086468
8 3 8 5 0.0158777
8 3 8 6 0.0000000
8 3 8 7 -0.0011233
8 3 8 8 -0.0000000
8 4 0 0 0.0000000
8 4 1 0 0.0000000
8 4 1 1 0.0000000
8 4 2 0 -0.0003349
8 4 2 1 -0.0122178
8 4 2 2 -0.0000000
8 4 3 0 -0.0000000
8 4 3 1 -0.0000000
8 4 3 2 -0.0030443
8 4 3 3 0.0000000
8 4 4 0 -0.0000000
8 4 4 1 -0.0000000
8 4 4 2 0.0118470
8 4 4 3 0.0000000
8 4 4 4 0.0000000
8 4 5 0 0.0000000
8 4 5 1 -0.0000000
8 4 5 2 0.0061521
8 4 5 3 0.0000000
8 4 5 4 0.0000000
8 4 5 5 0.0000000
8 4 6 0 -0.0005432
8 4 6 1 0.0095273
8 4 6 2 0.0000000
8 4 6 3 -0.0006260
8 4 6 4 -0.0144103
8 4 6 5 -0.0099252
8 4 6 6 -0.0000000
8 4 7 0 0.0000000
8 4 7 1 0.0000000
8 4 7 2 -0.0017167
8 4 7 3 -0.0000000
8 4 7 4 -0.0000000
8 4 7 5 0.0000000
8 4 7 6 -0.0009348
8 4 7 7 -0.0000000
8 4 8 0 -0.0000855
8 4 8 1 0.0053258
8 4 8 2 0.0000000
8 4 8 3 -0.0086468
8 4 8 4 0.0168730
8 4 8 5 -0.0122416
8 4 8 6 -0.0000000
8 4 8 7 -0.0012124
8 4 8 8 -0.0000000
8 5 0 0 0.0000000
8 5 1 0 0.0000000
8 5 1 1 0.0000000
8 5 2 0 -0.0004583
8 5 2 1 -0.0206919
8 5 2 2 0.0000000
8 5 3 0 0.0000000
8 5 3 1 0.0000000
8 5 3 2 -0.0052084
8 5 3 3 -0.0000000
8 5 4 0 0.0000000
8 5 4 1 -0.0000000
8 5 4 2 0.0246607
8 5 4 3 0.0000000
8 5 4 4 0.0000000
8 5 5 0 0.0000000
8 5 5 1 -0.0000000
8 5 5 2 0.0042901
8 5 5 3 -0.0000000
8 5 5 4 0.0000000
8 5 5 5 0.0000000
8 5 6 0 -0.0006137
8 5 6 1 0.0169069
8 5 6 2 -0.0000000
8 5 6 3 0.0012168
8 5 6 4 -0.0298089
8 5 6 5 -0.0130640
8 5 6 6 -0.0000000
8 5 7 0 -0.0000000
8 5 7 1 0.0000000
8 5 7 2 -0.0040168
8 5 7 3 0.0000000
8 5 7 4 -0.0000000
8 5 7 5 -0.0000000
8 5 7 6 0.0013910
8 5 7 7 -0.0000000
8 5 8 0 0.0002169
8 5 8 1 -0.0261524
8 5 8 2 0.0000000
8 5 8 3 0.0158777
8 5 8 4 -0.0122416
8 5 8 5 0.0340862
8 5 8 6 0.0000000
8 5 8 7 0.0007746
8 5 8 8 -0.0000000
8 6 0 0 -0.0004737
8 6 1 0 -0.0002002
8 6 1 1 -0.0063289
8 6 2 0 -0.0000000
8 6 2 1 -0.0000000
8 6 2 2 -0.0134180
8 6 3 0 -0.0003136
8 6 3 1 -0.0086683
8 6 3 2 -0.0000000
8 6 3 3 0.0010973
8 6 4 0 -0.0002567
8 6 4 1 0.0198055
8 6 4 2 0.0000000
8 6 4 3 -0.0066666
8 6 4 4 -0.0079756
8 6 5 0 -0.0001115
8 6 5 1 -0.0050106
8 6 5 2 -0.0000000
8 6 5 3 0.0080694
8 6 5 4 -0.0211976
8 6 5 5 0.0085395
8 6 6 0 -0.0000000
8 6 6 1 0.0000000
8 6 6 2 0.0102916
8 6 6 3 0.0000000
8 6 6 4 -0.0000000
8 6 6 5 0.0000000
8 6 6 6 -0.0173143
8 6 7 0 0.0001248
8 6 7 1 -0.0024588
8 6 7 2 -0.0000000
8 6 7 3 -0.0018201
8 6 7 4 0.0005693
8 6 7 5 0.0032744
8 6 7 6 0.0000000
8 6 7 7 0.0252940
8 6 8 0 0.0000000
8 6 8 1 -0.0000000
8 6 8 2 -0.0165727
8 6 8 3 0.0000000
8 6 8 4 -0.0000000
8 6 8 5 0.0000000
8 6 8 6 0.0159391
8 6 8 7 0.0000000
8 6 8 8 0.0443488
8 7 0 0 0.0000000
8 7 1 0 -0.0000000
8 7 1 1 -0.0000000
8 7 2 0 0.0002715
8 7 2 1 0.0031392
8 7 2 2 0.0000000
8 7 3 0 0.0000000
8 7 3 1 0.0000000
8 7 3 2 0.0014613
8 7 3 3 0.0000000
8 7 4 0 0.0000000
8 7 4 1 0.0000000
8 7 4 2 -0.0019665
8 7 4 3 -0.0000000
8 7 4 4 -0.0000000
8 7 5 0 -0.0000000
8 7 5 1 0.0000000
8 7 5 2 -0.0007597
8 7 5 3 -0.0000000
8 7 5 4 -0.0000000
8 7 5 5 -0.0000000
8 7 6 0 0.0003236
8 7 6 1 -0.0022239
8 7 6 2 -0.0000000
8 7 6 3 0.0001680
8 7 6 4 0.0025961
8 7 6 5 0.0026027
8 7 6 6 0.0000000
8 7 7 0 -0.0000000
8 7 7 1 0.0000000
8 7 7 2 -0.0035826
8 7 7 3 -0.0000000
8 7 7 4 -0.0000000
8 7 7 5 -0.0000000
8 7 7 6 0.0040328
8 7 7 7 0.0000000
8 7 8 0 -0.0000302
8 7 8 1 -0.0003977
8 7 8 2 0.0000000
8 7 8 3 -0.0011233
8 7 8 4 -0.0012124
8 7 8 5 0.0007746
8 7 8 6 0.0000000
8 7 8 7 0.0210482
8 7 8 8 -0.0000000
8 8 0 0 0.3245189
8 8 1 0 0.0030825
8 8 1 1 0.4380761
8 8 2 0 0.0000000
8 8 2 1 0.0000000
8 8 2 2 0.3523763
8 8 3 0 -0.0041382
8 8 3 1 -0.0726418
8 8 3 2 -0.0000000
8 8 3 3 0.3314445
8 8 4 0 -0.0006360
8 8 4 1 0.0585237
8 8 4 2 0.0000000
8 8 4 3 -0.0870802
8 8 4 4 0.4452800
8 8 5 0 0.0067605
8 8 5 1 -0.0692787
8 8 5 2 0.0000000
8 8 5 3 0.0741812
8 8 5 4 -0.0767566
8 8 5 5 0.4700908
8 8 6 0 0.0000000
8 8 6 1 -0.0000000
8 8 6 2 -0.0511651
8 8 6 3 0.0000000
8 8 6 4 -0.0000000
8 8 6 5 0.0000000
8 8 6 6 0.3547476
8 8 7 0 -0.0014031
8 8 7 1 -0.0021998
8 8 7 2 0.0000000
8 8 7 3 -0.0303101
8 8 7 4 -0.0008904
8 8 7 5 0.0107404
8 8 7 6 0.0000000
8 8 7 7 0.4670423
8 8 8 0 -0.0000000
8 8 8 1 0.0000000
8 8 8 2 -0.0584347
8 8 8 3 -0.0000000
8 8 8 4 -0.0000000
8 8 8 5 -0.0000000
8 8 8 6 0.0443488
8 8 8 7 -0.0000000
8 8 8 8 0.6728328
9 0 0 0 0.0028045
9 0 1 0 -0.0000992
9 0 1 1 0.0003672
9 0 2 0 0.0000000
9 0 2 1 -0.0000000
9 0 2 2 0.0003855
9 0 3 0 -0.0001148
9 0 3 1 0.0001767
9 0 3 2 -0.0000000
9 0 3 3 0.0005081
9 0 4 0 -0.0000859
9 0 4 1 0.0000302
9 0 4 2 -0.0000000
9 0 4 3 0.0002665
9 0 4 4 0.0001000
9 0 5 0 -0.0001054
9 0 5 1 0.0004542
9 0 5 2 -0.0000000
9 0 5 3 -0.0001542
9 0 5 4 0.0002321
9 0 5 5 0.0003969
9 0 6 0 -0.0000000
9 0 6 1 0.0000000
9 0 6 2 0.0003014
9 0 6 3 -0.0000000
9 0 6 4 0.0000000
9 0 6 5 -0.0000000
9 0 6 6 0.0004100
9 0 7 0 -0.0001227
9 0 7 1 -0.0000086
9 0 7 2 0.0000000
9 0 7 3 0.0000032
9 0 7 4 -0.0000100
9 0 7 5 -0.0000344
9 0 7 6 -0.0000000
9 0 7 7 -0.0000327
9 0 8 0 0.0000000
9 0 8 1 -0.0000000
9 0 8 2 0.0001427
9 0 8 3 0.0000000
9 0 8 4 0.0000000
9 0 8 5 0.0000000
9 0 8 6 -0.0000853
9 0 8 7 0.0000000
9 0 8 8 -0.0004259
9 0 9 0 0.0000059
9 0 9 1 -0.0000140
9 0 9 2 -0.0000000
9 0 9 3 0.0000752
9 0 9 4 -0.0001608
9 0 9 5 0.0001147
9 0 9 6 0.0000000
9 0 9 7 -0.0000184
9 0 9 8 -0.0000000
9 0 9 9 -0.0027328
9 1 0 0 0.0048110
9 1 1 0 0.0000917
9 1 1 1 0.0028725
9 1 2 0 -0.0000000
9 1 2 1 -0.0000000
9 1 2 2 0.0041032
9 1 3 0 0.0000108
9 1 3 1 0.0021475
9 1 3 2 0.0000000
9 1 3 3 0.0021704
9 1 4 0 0.0000326
9 1 4 1 -0.0027889
9 1 4 2 -0.0000000
9 1 4 3 0.0024978
9 1 4 4 0.0006109
9 1 5 0 0.0001194
9 1 5 1 0.0032053
9 1 5 2 0.0000000
9 1 5 3 -0.0020993
9 1 5 4 0.0042415
9 1 5 5 0.0004467
9 1 6 0 0.0000000
9 1 6 1 0.0000000
9 1 6 2 -0.0000061
9 1 6 3 -0.0000000
9 1 6 4 0.0000000
9 1 6 5 -0.0000000
9 1 6 6 0.0041648
9 1 7 0 -0.0000758
9 1 7 1 0.0003652
9 1 7 2 0.0000000
9 1 7 3 -0.0001067
9 1 7 4 0.0001789
9 1 7 5 -0.0006719
9 1 7 6 -0.0000000
9 1 7 7 -0.0010051
9 1 8 0 0.0000000
9 1 8 1 -0.0000000
9 1 8 2 0.0017966
9 1 8 3 0.0000000
9 1 8 4 -0.0000000
9 1 8 5 0.0000000
9 1 8 6 -0.0015384
9 1 8 7 -0.0000000
9 1 8 8 -0.0031742
9 1 9 0 -0.0000140
9 1 9 1 0.0027509
9 1 9 2 0.0000000
9 1 9 3 -0.0027823
9 1 9 4 0.0048525
9 1 9 5 -0.0051681
9 1 9 6 -0.0000000
9 1 9 7 -0.0006994
9 1 9 8 0.0000000
9 1 9 9 0.0153668
9 2 0 0 0.0000000
9 2 1 0 -0.0000000
9 2 1 1 -0.0000000
9 2 2 0 0.0001426
9 2 2 1 0.0021031
9 2 2 2 0.0000000
9 2 3 0 0.0000000
9 2 3 1 0.0000000
9 2 3 2 0.0006852
9 2 3 3 0.0000000
9 2 4 0 0.0000000
9 2 4 1 -0.0000000
9 2 4 2 -0.0021002
9 2 4 3 0.0000000
9 2 4 4 -0.0000000
9 2 5 0 -0.0000000
9 2 5 1 0.0000000
9 2 5 2 0.0001097
9 2 5 3 -0.0000000
9 2 5 4 -0.0000000
9 2 5 5 -0.0000000
9 2 6 0 0.0001756
9 2 6 1 -0.0010279
9 2 6 2 -0.0000000
9 2 6 3 -0.0000676
9 2 6 4 0.0024939
9 2 6 5 0.0010801
9 2 6 6 0.0000000
9 2 7 0 0.0000000
9 2 7 1 0.0000000
9 2 7 2 0.0003542
9 2 7 3 0.0000000
9 2 7 4 0.0000000
9 2 7 5 -0.0000000
9 2 7 6 0.0000060
9 2 7 7 -0.0000000
9 2 8 0 -0.0000021
9 2 8 1 0.0017559
9 2 8 2 0.0000000
9 2 8 3 -0.0010800
9 2 8 4 0.0011012
9 2 8 5 -0.0020823
9 2 8 6 -0.0000000
9 2 8 7 0.0000212
9 2 8 8 -0.0000000
9 2 9 0 -0.0000000
9 2 9 1 0.0000000
9 2 9 2 0.0013311
9 2 9 3 -0.0000000
9 2 9 4 0.0000000
9 2 9 5 0.0000000
9 2 9 6 -0.0012647
9 2 9 7 0.0000000
9 2 9 8 -0.0041269
9 2 9 9 0.0000000
9 3 0 0 -0.0000616
9 3 1 0 0.0000529
9 3 1 1 0.0004943
9 3 2 0 0.0000000
9 3 2 1 0.0000000
9 3 2 2 -0.0003924
9 3 3 0 0.0000497
9 3 3 1 -0.0002803
9 3 3 2 -0.0000000
9 3 3 3 0.0004670
9 3 4 0 0.0000389
9 3 4 1 0.0010323
9 3 4 2 -0.0000000
9 3 4 3 -0.0006081
9 3 4 4 0.0008281
9 3 5 0 0.0000403
9 3 5 1 -0.0002582
9 3 5 2 -0.0000000
9 3 5 3 0.0007072
9 3 5 4 -0.0007807
9 3 5 5 0.0004040
9 3 6 0 0.0000000
9 3 6 1 -0.0000000
9 3 6 2 0.0002895
9 3 6 3 0.0000000
9 3 6 4 -0.0000000
9 3 6 5 0.0000000
9 3 6 6 -0.0004948
9 3 7 0 -0.0000507
9 3 7 1 0.0000695
9 3 7 2 0.0000000
9 3 7 3 -0.0000280
9 3 7 4 0.0000439
9 3 7 5 -0.0002709
9 3 7 6 -0.0000000
9 3 7 7 -0.0020620
9 3 8 0 0.0000000
9 3 8 1 0.0000000
9 3 8 2 0.0006558
9 3 8 3 -0.0000000
9 3 8 4 0.0000000
9 3 8 5 0.0000000
9 3 8 6 -0.0005300
9 3 8 7 0.0000000
9 3 8 8 -0.0027009
9 3 9 0 0.0000752
9 3 9 1 -0.0027823
9 3 9 2 -0.0000000
9 3 9 3 0.0041410
9 3 9 4 -0.0077206
9 3 9 5 0.0068957
9 3 9 6 0.0000000
9 3 9 7 -0.0006079
9 3 9 8 -0.0000000
9 3 9 9 -0.0641411
9 4 0 0 -0.0010755
9 4 1 0 0.0000132
9 4 1 1 -0.0014352
9 4 2 0 -0.0000000
9 4 2 1 -0.0000000
9 4 2 2 -0.0011131
9 4 3 0 0.0000656
9 4 3 1 0.0002704
9 4 3 2 -0.0000000
9 4 3 3 -0.0007435
9 4 4 0 0.0000049
9 4 4 1 0.0004997
9 4 4 2 0.0000000
9 4 4 3 0.0002707
9 4 4 4 -0.0017807
9 4 5 0 -0.0000047
9 4 5 1 -0.0002918
9 4 5 2 -0.0000000
9 4 5 3 0.0005445
9 4 5 4 -0.0009679
9 4 5 5 -0.0000286
9 4 6 0 0.0000000
9 4 6 1 -0.0000000
9 4 6 2 0.0000515
9 4 6 3 0.0000000
9 4 6 4 -0.0000000
9 4 6 5 0.0000000
9 4 6 6 -0.0013971
9 4 7 0 -0.0000490
9 4 7 1 -0.0003503
9 4 7 2 0.0000000
9 4 7 3 -0.0008372
9 4 7 4 0.0004034
9 4 7 5 -0.0000568
9 4 7 6 -0.0000000
9 4 7 7 0.0056492
9 4 8 0 -0.0000000
9 4 8 1 0.0000000
9 4 8 2 -0.0028322
9 4 8 3 -0.0000000
9 4 8 4 -0.0000000
9 4 8 5 -0.0000000
9 4 8 6 0.0025277
9 4 8 7 -0.0000000
9 4 8 8 0.0082090
9 4 9 0 -0.0001608
9 4 9 1 0.0048525
9 4 9 2 0.0000000
9 4 9 3 -0.0077206
9 4 9 4 0.0151746
9 4 9 5 -0.0129621
9 4 9 6 -0.0000000
9 4 9 7 -0.0004785
9 4 9 8 -0.0000000
9 4 9 9 0.1483836
9 5 0 0 0.0030561
9 5 1 0 0.0000998
9 5 1 1 0.0028417
9 5 2 0 0.0000000
9 5 2 1 0.0000000
9 5 2 2 0.0001101
9 5 3 0 -0.0001186
9 5 3 1 -0.0016998
9 5 3 2 0.0000000
9 5 3 3 0.0025889
9 5 4 0 -0.0000006
9 5 4 1 0.0034954
9 5 4 2 -0.0000000
9 5 4 3 -0.0016016
9 5 4 4 0.0024055
9 5 5 0 0.0001797
9 5 5 1 0.0002666
9 5 5 2 -0.0000000
9 5 5 3 0.0011048
9 5 5 4 -0.0026728
9 5 5 5 0.0036581
9 5 6 0 0.0000000
9 5 6 1 -0.0000000
9 5 6 2 0.0017638
9 5 6 3 0.0000000
9 5 6 4 0.0000000
9 5 6 5 0.0000000
9 5 6 6 -0.0004396
9 5 7 0 -0.0000408
9 5 7 1 -0.0002223
9 5 7 2 0.0000000
9 5 7 3 0.0003374
9 5 7 4 -0.0004593
9 5 7 5 0.0004876
9 5 7 6 0.0000000
9 5 7 7 -0.0009654
9 5 8 0 -0.0000000
9 5 8 1 0.0000000
9 5 8 2 0.0007768
9 5 8 3 -0.0000000
9 5 8 4 0.0000000
9 5 8 5 -0.0000000
9 5 8 6 -0.0002807
9 5 8 7 0.0000000
9 5 8 8 -0.0032047
9 5 9 0 0.0001147
9 5 9 1 -0.0051681
9 5 9 2 0.0000000
9 5 9 3 0.0068957
9 5 9 4 -0.0129621
9 5 9 5 0.0121281
9 5 9 6 0.0000000
9 5 9 7 0.0008891
9 5 9 8 -0.0000000
9 5 9 9 -0.0966602
9 6 0 0 0.0000000
9 6 1 0 0.0000000
9 6 1 1 0.0000000
9 6 2 0 -0.0000728
9 6 2 1 -0.0021158
9 6 2 2 -0.0000000
9 6 3 0 -0.0000000
9 6 3 1 -0.0000000
9 6 3 2 -0.0006717
9 6 3 3 0.0000000
9 6 4 0 -0.0000000
9 6 4 1 0.0000000
9 6 4 2 0.0025061
9 6 4 3 -0.0000000
9 6 4 4 0.0000000
9 6 5 0 0.0000000
9 6 5 1 -0.0000000
9 6 5 2 0.0003238
9 6 5 3 0.0000000
9 6 5 4 0.0000000
9 6 5 5 0.0000000
9 6 6 0 -0.0000947
9 6 6 1 0.0015504
9 6 6 2 0.0000000
9 6 6 3 0.0001239
9 6 6 4 -0.0030142
9 6 6 5 -0.0012516
9 6 6 6 -0.0000000
9 6 7 0 -0.0000000
9 6 7 1 -0.0000000
9 6 7 2 -0.0004307
9 6 7 3 0.0000000
9 6 7 4 -0.0000000
9 6 7 5 0.0000000
9 6 7 6 -0.0000285
9 6 7 7 -0.0000000
9 6 8 0 0.0000114
9 6 8 1 -0.0019518
9 6 8 2 0.0000000
9 6 8 3 0.0011741
9 6 8 4 -0.0010019
9 6 8 5 0.0024894
9 6 8 6 0.0000000
9 6 8 7 -0.0001150
9 6 8 8 -0.0000000
9 6 9 0 0.0000000
9 6 9 1 -0.0000000
9 6 9 2 -0.0012647
9 6 9 3 0.0000000
9 6 9 4 -0.0000000
9 6 9 5 0.0000000
9 6 9 6 0.0012261
9 6 9 7 0.0000000
9 6 9 8 0.0037959
9 6 9 9 -0.0000000
9 7 0 0 -0.0009786
9 7 1 0 0.0000857
9 7 1 1 0.0008591
9 7 2 0 0.0000000
9 7 2 1 0.0000000
9 7 2 2 0.0002030
9 7 3 0 0.0000320
9 7 3 1 0.0002730
9 7 3 2 0.0000000
9 7 3 3 -0.0003511
9 7 4 0 0.0000439
9 7 4 1 -0.0001663
9 7 4 2 -0.0000000
9 7 4 3 0.0000766
9 7 4 4 0.0003855
9 7 5 0 0.0000833
9 7 5 1 -0.0003515
9 7 5 2 0.0000000
9 7 5 3 0.0001083
9 7 5 4 0.0004262
9 7 5 5 0.0001125
9 7 6 0 0.0000000
9 7 6 1 -0.0000000
9 7 6 2 -0.0007362
9 7 6 3 -0.0000000
9 7 6 4 0.0000000
9 7 6 5 -0.0000000
9 7 6 6 0.0002933
9 7 7 0 -0.0000534
9 7 7 1 -0.0009159
9 7 7 2 -0.0000000
9 7 7 3 0.0007793
9 7 7 4 -0.0018612
9 7 7 5 0.0014146
9 7 7 6 0.0000000
9 7 7 7 -0.0001771
9 7 8 0 0.0000000
9 7 8 1 -0.0000000
9 7 8 2 0.0002513
9 7 8 3 0.0000000
9 7 8 4 -0.0000000
9 7 8 5 0.0000000
9 7 8 6 -0.0003938
9 7 8 7 0.0000000
9 7 8 8 0.0000619
9 7 9 0 -0.0000184
9 7 9 1 -0.0006994
9 7 9 2 0.0000000
9 7 9 3 -0.0006079
9 7 9 4 -0.0004785
9 7 9 5 0.0008891
9 7 9 6 0.0000000
9 7 9 7 0.0091562
9 7 9 8 -0.0000000
9 7 9 9 -0.0149403
9 8 0 0 -0.0000000
9 8 1 0 -0.0000000
9 8 1 1 -0.0000000
9 8 2 0 0.0001092
9 8 2 1 0.0032229
9 8 2 2 0.0000000
9 8 3 0 0.0000000
9 8 3 1 0.0000000
9 8 3 2 0.0001779
9 8 3 3 0.0000000
9 8 4 0 0.0000000
9 8 4 1 0.0000000
9 8 4 2 -0.0018876
9 8 4 3 -0.0000000
9 8 4 4 -0.0000000
9 8 5 0 -0.0000000
9 8 5 1 0.0000000
9 8 5 2 -0.0015891
9 8 5 3 -0.0000000
9 8 5 4 -0.0000000
9 8 5 5 -0.0000000
9 8 6 0 0.0001538
9 8 6 1 -0.0025090
9 8 6 2 -0.0000000
9 8 6 3 0.0005250
9 8 6 4 0.0026883
9 8 6 5 0.0029029
9 8 6 6 0.0000000
9 8 7 0 0.0000000
9 8 7 1 -0.0000000
9 8 7 2 0.0004594
9 8 7 3 0.0000000
9 8 7 4 0.0000000
9 8 7 5 -0.0000000
9 8 7 6 0.0000552
9 8 7 7 -0.0000000
9 8 8 0 -0.0000159
9 8 8 1 -0.0001434
9 8 8 2 0.0000000
9 8 8 3 0.0014360
9 8 8 4 -0.0042704
9 8 8 5 0.0013226
9 8 8 6 0.0000000
9 8 8 7 0.0004312
9 8 8 8 -0.0000000
9 8 9 0 -0.0000000
9 8 9 1 0.0000000
9 8 9 2 -0.0041269
9 8 9 3 -0.0000000
9 8 9 4 -0.0000000
9 8 9 5 -0.0000000
9 8 9 6 0.0037959
9 8 9 7 -0.0000000
9 8 9 8 0.0145315
9 8 9 9 -0.0000000
9 9 0 0 0.3431400
9 9 1 0 0.0037651
9 9 1 1 0.4993902
9 9 2 0 0.0000000
9 9 2 1 0.0000000
9 9 2 2 0.3698410
9 9 3 0 -0.0048348
9 9 3 1 -0.1175855
9 9 3 2 -0.0000000
9 9 3 3 0.3855226
9 9 4 0 -0.0011475
9 9 4 1 0.1334458
9 9 4 2 0.0000000
9 9 4 3 -0.1551875
9 9 4 4 0.5571555
9 9 5 0 0.0083195
9 9 5 1 -0.1219472
9 9 5 2 0.0000000
9 9 5 3 0.1369083
9 9 5 4 -0.1864727
9 9 5 5 0.5952153
9 9 6 0 0.0000000
9 9 6 1 -0.0000000
9 9 6 2 -0.0551135
9 9 6 3 0.0000000
9 9 6 4 -0.0000000
9 9 6 5 0.0000000
9 9 6 6 0.3657286
9 9 7 0 -0.0020336
9 9 7 1 -0.0097911
9 9 7 2 0.0000000
9 9 7 3 -0.0468814
9 9 7 4 0.0051677
9 9 7 5 0.0157757
9 9 7 6 0.0000000
9 9 7 7 0.6182419
9 9 8 0 -0.0000000
9 9 8 1 0.0000000
9 9 8 2 -0.1064255
9 9 8 3 -0.0000000
9 9 8 4 -0.0000000
9 9 8 5 -0.0000000
9 9 8 6 0.0926215
9 9 8 7 -0.0000000
9 9 8 8 0.8416888
9 9 9 0 -0.0027328
9 9 9 1 0.0153668
9 9 9 2 0.0000000
9 9 9 3 -0.0641411
9 9 9 4 0.1483836
9 9 9 5 -0.0966602
9 9 9 6 -0.0000000
9 9 9 7 -0.0149403
9 9 9 8 -0.0000000
9 9 9 9 3.4993865
10 0 0 0 0.0250957
10 0 1 0 -0.0009964
10 0 1 1 0.0026752
10 0 2 0 0.0000000
10 0 2 1 -0.0000000
10 0 2 2 0.0012891
10 0 3 0 -0.0009412
10 0 3 1 0.0015390
10 0 3 2 -0.0000000
10 0 3 3 0.0025095
10 0 4 0 -0.0008731
10 0 4 1 0.0009380
10 0 4 2 -0.0000000
10 0 4 3 0.0012190
10 0 4 4 0.0012812
10 0 5 0 -0.0013593
10 0 5 1 0.0021462
10 0 5 2 -0.0000000
10 0 5 3 0.0009121
10 0 5 4 0.0012222
10 0 5 5 0.0023138
10 0 6 0 -0.0000000
10 0 6 1 0.0000000
10 0 6 2 0.0004558
10 0 6 3 0.0000000
10 0 6 4 0.0000000
10 0 6 5 0.0000000
10 0 6 6 0.0010721
10 0 7 0 -0.0027168
10 0 7 1 -0.0004060
10 0 7 2 0.0000000
10 0 7 3 -0.0005138
10 0 7 4 -0.0004522
10 0 7 5 -0.0007252
10 0 7 6 -0.0000000
10 0 7 7 -0.0012115
10 0 8 0 0.0000000
10 0 8 1 -0.0000000
10 0 8 2 0.0003467
10 0 8 3 0.0000000
10 0 8 4 0.0000000
10 0 8 5 0.0000000
10 0 8 6 -0.0002014
10 0 8 7 0.0000000
10 0 8 8 -0.0006591
10 0 9 0 0.0000359
10 0 9 1 0.0000598
10 0 9 2 0.0000000
10 0 9 3 0.0000147
10 0 9 4 -0.0000128
10 0 9 5 0.0000242
10 0 9 6 0.0000000
10 0 9 7 0.0000114
10 0 9 8 0.0000000
10 0 9 9 -0.0008075
10 0 10 0 0.0006750
10 0 10 1 0.0005190
10 0 10 2 0.0000000
10 0 10 3 0.0000965
10 0 10 4 0.0001901
10 0 10 5 0.0000549
10 0 10 6 0.0000000
10 0 10 7 -0.0000148
10 0 10 8 -0.0000000
10 0 10 9 0.0000062
10 0 10 10 -0.0010822
10 1 0 0 0.0329673
10 1 1 0 0.0009744
10 1 1 1 0.0324527
10 1 2 0 0.0000000
10 1 2 1 -0.0000000
10 1 2 2 0.0249456
10 1 3 0 0.0006520
10 1 3 1 0.0051742
10 1 3 2 0.0000000
10 1 3 3 0.0256265
10 1 4 0 0.0005323
10 1 4 1 -0.0001107
10 1 4 2 -0.0000000
10 1 4 3 0.0034567
10 1 4 4 0.0256009
10 1 5 0 0.0009613
10 1 5 1 0.0114222
10 1 5 2 0.0000000
10 1 5 3 -0.0006531
10 1 5 4 0.0084050
10 1 5 5 0.0216524
10 1 6 0 0.0000000
10 1 6 1 0.0000000
10 1 6 2 0.0005368
10 1 6 3 -0.0000000
10 1 6 4 0.0000000
10 1 6 5 -0.0000000
10 1 6 6 0.0251015
10 1 7 0 -0.0009331
10 1 7 1 0.0008569
10 1 7 2 0.0000000
10 1 7 3 -0.0004235
10 1 7 4 -0.0001714
10 1 7 5 -0.0052127
10 1 7 6 -0.0000000
10 1 7 7 -0.0024326
10 1 8 0 -0.0000000
10 1 8 1 -0.0000000
10 1 8 2 0.0112120
10 1 8 3 0.0000000
10 1 8 4 0.0000000
10 1 8 5 0.0000000
10 1 8 6 -0.0095387
10 1 8 7 -0.0000000
10 1 8 8 -0.0117617
10 1 9 0 0.0001145
10 1 9 1 0.0010763
10 1 9 2 0.0000000
10 1 9 3 0.0012506
10 1 9 4 -0.0035643
10 1 9 5 0.0020322
10 1 9 6 0.0000000
10 1 9 7 0.0003130
10 1 9 8 -0.0000000
10 1 9 9 -0.0404593
10 1 10 0 0.0005190
10 1 10 1 0.0209299
10 1 10 2 0.0000000
10 1 10 3 -0.0098877
10 1 10 4 0.0110149
10 1 10 5 -0.0201028
10 1 10 6 -0.0000000
10 1 10 7 -0.0017410
10 1 10 8 0.0000000
10 1 10 9 0.0001984
10 1 10 10 -0.0529448
10 2 0 0 0.0000000
10 2 1 0 0.0000000
10 2 1 1 0.0000000
10 2 2 0 -0.0007176
10 2 2 1 -0.0000792
10 2 2 2 0.0000000
10 2 3 0 -0.0000000
10 2 3 1 0.0000000
10 2 3 2 -0.0008516
10 2 3 3 0.0000000
10 2 4 0 -0.0000000
10 2 4 1 -0.0000000
10 2 4 2 -0.0006795
10 2 4 3 0.0000000
10 2 4 4 0.0000000
10 2 5 0 0.0000000
10 2 5 1 0.0000000
10 2 5 2 -0.0015026
10 2 5 3 0.0000000
10 2 5 4 0.0000000
10 2 5 5 0.0000000
10 2 6 0 -0.0010150
10 2 6 1 -0.0016248
10 2 6 2 -0.0000000
10 2 6 3 -0.0017597
10 2 6 4 0.0004623
10 2 6 5 0.0001367
10 2 6 6 0.0000000
10 2 7 0 0.0000000
10 2 7 1 0.0000000
10 2 7 2 -0.0034877
10 2 7 3 0.0000000
10 2 7 4 0.0000000
10 2 7 5 0.0000000
10 2 7 6 -0.0032511
10 2 7 7 -0.0000000
10 2 8 0 0.0000847
10 2 8 1 -0.0002433
10 2 8 2 0.0000000
10 2 8 3 0.0020564
10 2 8 4 -0.0041470
10 2 8 5 0.0037914
10 2 8 6 0.0000000
10 2 8 7 0.0006457
10 2 8 8 -0.0000000
10 2 9 0 0.0000000
10 2 9 1 0.0000000
10 2 9 2 -0.0004437
10 2 9 3 0.0000000
10 2 9 4 -0.0000000
10 2 9 5 -0.0000000
10 2 9 6 0.0005665
10 2 9 7 0.0000000
10 2 9 8 0.0008848
10 2 9 9 -0.0000000
10 2 10 0 0.0000000
10 2 10 1 0.0000000
10 2 10 2 0.0068103
10 2 10 3 -0.0000000
10 2 10 4 0.0000000
10 2 10 5 -0.0000000
10 2 10 6 -0.0043031
10 2 10 7 0.0000000
10 2 10 8 -0.0227239
10 2 10 9 0.0000000
10 2 10 10 -0.0000000
10 3 0 0 -0.0093796
10 3 1 0 0.0007236
10 3 1 1 -0.0091319
10 3 2 0 0.0000000
10 3 2 1 -0.0000000
10 3 2 2 -0.0080088
10 3 3 0 -0.0002759
10 3 3 1 0.0031148
10 3 3 2 0.0000000
10 3 3 3 -0.0108978
10 3 4 0 0.0001571
10 3 4 1 -0.0016110
10 3 4 2 -0.0000000
10 3 4 3 0.0020672
10 3 4 4 -0.0123002
10 3 5 0 0.0012647
10 3 5 1 0.0019322
10 3 5 2 0.0000000
10 3 5 3 0.0007484
10 3 5 4 0.0039979
10 3 5 5 -0.0083774
10 3 6 0 0.0000000
10 3 6 1 0.0000000
10 3 6 2 -0.0015317
10 3 6 3 0.0000000
10 3 6 4 0.0000000
10 3 6 5 0.0000000
10 3 6 6 -0.0094777
10 3 7 0 -0.0004627
10 3 7 1 -0.0014315
10 3 7 2 -0.0000000
10 3 7 3 -0.0025967
10 3 7 4 -0.0049549
10 3 7 5 0.0046046
10 3 7 6 0.0000000
10 3 7 7 -0.0068645
10 3 8 0 0.0000000
10 3 8 1 0.0000000
10 3 8 2 -0.0024375
10 3 8 3 -0.0000000
10 3 8 4 -0.0000000
10 3 8 5 -0.0000000
10 3 8 6 0.0024362
10 3 8 7 0.0000000
10 3 8 8 -0.0043716
10 3 9 0 -0.0000272
10 3 9 1 0.0001114
10 3 9 2 -0.0000000
10 3 9 3 -0.0010091
10 3 9 4 0.0023776
10 3 9 5 -0.0016956
10 3 9 6 -0.0000000
10 3 9 7 0.0001750
10 3 9 8 0.0000000
10 3 9 9 0.0070280
10 3 10 0 0.0000965
10 3 10 1 -0.0098877
10 3 10 2 -0.0000000
10 3 10 3 0.0090705
10 3 10 4 -0.0089627
10 3 10 5 0.0128437
10 3 10 6 0.0000000
10 3 10 7 -0.0095096
10 3 10 8 -0.0000000
10 3 10 9 0.0011889
10 3 10 10 0.0154633
10 4 0 0 0.0132326
10 4 1 0 0.0010087
10 4 1 1 0.0227631
10 4 2 0 -0.0000000
10 4 2 1 0.0000000
10 4 2 2 0.0092213
10 4 3 0 -0.0001022
10 4 3 1 -0.0050176
10 4 3 2 -0.0000000
10 4 3 3 0.0147144
10 4 4 0 0.0002363
10 4 4 1 0.0121548
10 4 4 2 0.0000000
10 4 4 3 -0.0077370
10 4 4 4 0.0200267
10 4 5 0 0.0014963
10 4 5 1 0.0004638
10 4 5 2 -0.0000000
10 4 5 3 0.0080381
10 4 5 4 -0.0086721
10 4 5 5 0.0227268
10 4 6 0 0.0000000
10 4 6 1 -0.0000000
10 4 6 2 0.0011105
10 4 6 3 0.0000000
10 4 6 4 -0.0000000
10 4 6 5 0.0000000
10 4 6 6 0.0067929
10 4 7 0 -0.0007819
10 4 7 1 0.0008080
10 4 7 2 0.0000000
10 4 7 3 -0.0057155
10 4 7 4 0.0033652
10 4 7 5 -0.0030692
10 4 7 6 -0.0000000
10 4 7 7 0.0175392
10 4 8 0 -0.0000000
10 4 8 1 0.0000000
10 4 8 2 -0.0012182
10 4 8 3 -0.0000000
10 4 8 4 -0.0000000
10 4 8 5 -0.0000000
10 4 8 6 0.0014760
10 4 8 7 -0.0000000
10 4 8 8 0.0222906
10 4 9 0 0.0000364
10 4 9 1 -0.0007778
10 4 9 2 -0.0000000
10 4 9 3 0.0016191
10 4 9 4 -0.0029862
10 4 9 5 0.0029421
10 4 9 6 0.0000000
10 4 9 7 -0.0002251
10 4 9 8 -0.0000000
10 4 9 9 0.0161183
10 4 10 0 0.0001901
10 4 10 1 0.0110149
10 4 10 2 0.0000000
10 4 10 3 -0.0089627
10 4 10 4 0.0135635
10 4 10 5 -0.0149237
10 4 10 6 -0.0000000
10 4 10 7 0.0118729
10 4 10 8 -0.0000000
10 4 10 9 -0.0030892
10 4 10 10 -0.0001072
10 5 0 0 -0.0151583
10 5 1 0 0.0001100
10 5 1 1 -0.0216678
10 5 2 0 0.0000000
10 5 2 1 0.0000000
10 5 2 2 -0.0175044
10 5 3 0 0.0019453
10 5 3 1 0.0062710
10 5 3 2 0.0000000
10 5 3 3 -0.0099398
10 5 4 0 0.0007243
10 5 4 1 0.0011437
10 5 4 2 -0.0000000
10 5 4 3 0.0079290
10 5 4 4 -0.0238747
10 5 5 0 -0.0010568
10 5 5 1 -0.0002403
10 5 5 2 -0.0000000
10 5 5 3 0.0005269
10 5 5 4 -0.0004860
10 5 5 5 -0.0189643
10 5 6 0 0.0000000
10 5 6 1 -0.0000000
10 5 6 2 0.0035306
10 5 6 3 0.0000000
10 5 6 4 0.0000000
10 5 6 5 0.0000000
10 5 6 6 -0.0185733
10 5 7 0 -0.0007305
10 5 7 1 -0.0043809
10 5 7 2 0.0000000
10 5 7 3 0.0026632
10 5 7 4 -0.0010153
10 5 7 5 -0.0023783
10 5 7 6 0.0000000
10 5 7 7 -0.0065931
10 5 8 0 0.0000000
10 5 8 1 0.0000000
10 5 8 2 -0.0070825
10 5 8 3 -0.0000000
10 5 8 4 -0.0000000
10 5 8 5 -0.0000000
10 5 8 6 0.0068204
10 5 8 7 0.0000000
10 5 8 8 -0.0066438
10 5 9 0 -0.0000672
10 5 9 1 -0.0000477
10 5 9 2 -0.0000000
10 5 9 3 -0.0019345
10 5 9 4 0.0049453
10 5 9 5 -0.0032254
10 5 9 6 -0.0000000
10 5 9 7 -0.0001329
10 5 9 8 0.0000000
10 5 9 9 0.0296217
10 5 10 0 0.0000549
10 5 10 1 -0.0201028
10 5 10 2 -0.0000000
10 5 10 3 0.0128437
10 5 10 4 -0.0149237
10 5 10 5 0.0271605
10 5 10 6 0.0000000
10 5 10 7 -0.0031412
10 5 10 8 -0.0000000
10 5 10 9 0.0002134
10 5 10 10 0.0439882
10 6 0 0 -0.0000000
10 6 1 0 0.0000000
10 6 1 1 -0.0000000
10 6 2 0 -0.0013361
10 6 2 1 -0.0084501
10 6 2 2 -0.0000000
10 6 3 0 0.0000000
10 6 3 1 0.0000000
10 6 3 2 -0.0039438
10 6 3 3 -0.0000000
10 6 4 0 0.0000000
10 6 4 1 -0.0000000
10 6 4 2 0.0061060
10 6 4 3 0.0000000
10 6 4 4 -0.0000000
10 6 5 0 0.0000000
10 6 5 1 -0.0000000
10 6 5 2 0.0006835
10 6 5 3 0.0000000
10 6 5 4 0.0000000
10 6 5 5 -0.0000000
10 6 6 0 -0.0018955
10 6 6 1 0.0032545
10 6 6 2 0.0000000
10 6 6 3 -0.0024665
10 6 6 4 -0.0090240
10 6 6 5 -0.0056288
10 6 6 6 -0.0000000
10 6 7 0 -0.0000000
10 6 7 1 -0.0000000
10 6 7 2 -0.0043904
10 6 7 3 0.0000000
10 6 7 4 -0.0000000
10 6 7 5 0.0000000
10 6 7 6 -0.0044855
10 6 7 7 -0.0000000
10 6 8 0 -0.0000997
10 6 8 1 -0.0031319
10 6 8 2 -0.0000000
10 6 8 3 -0.0006897
10 6 8 4 0.0044849
10 6 8 5 -0.0004235
10 6 8 6 0.0000000
10 6 8 7 -0.0013627
10 6 8 8 -0.0000000
10 6 9 0 -0.0000000
10 6 9 1 -0.0000000
10 6 9 2 0.0002991
10 6 9 3 -0.0000000
10 6 9 4 0.0000000
10 6 9 5 -0.0000000
10 6 9 6 -0.0002921
10 6 9 7 -0.0000000
10 6 9 8 -0.0014439
10 6 9 9 0.0000000
10 6 10 0 0.0000000
10 6 10 1 -0.0000000
10 6 10 2 -0.0043031
10 6 10 3 0.0000000
10 6 10 4 -0.0000000
10 6 10 5 0.0000000
10 6 10 6 0.0058624
10 6 10 7 -0.0000000
10 6 10 8 0.0159484
10 6 10 9 0.0000000
10 6 10 10 0.0000000
10 7 0 0 -0.0551888
10 7 1 0 0.0026488
10 7 1 1 0.0067781
10 7 2 0 0.0000000
10 7 2 1 0.0000000
10 7 2 2 -0.0128496
10 7 3 0 0.0015491
10 7 3 1 -0.0035829
10 7 3 2 0.0000000
10 7 3 3 -0.0177610
10 7 4 0 0.0012709
10 7 4 1 0.0040447
10 7 4 2 0.0000000
10 7 4 3 -0.0175215
10 7 4 4 0.0132984
10 7 5 0 0.0027795
10 7 5 1 -0.0190952
10 7 5 2 0.0000000
10 7 5 3 0.0196978
10 7 5 4 -0.0079358
10 7 5 5 -0.0020359
10 7 6 0 0.0000000
10 7 6 1 -0.0000000
10 7 6 2 -0.0229894
10 7 6 3 0.0000000
10 7 6 4 -0.0000000
10 7 6 5 0.0000000
10 7 6 6 -0.0138512
10 7 7 0 -0.0023867
10 7 7 1 0.0027148
10 7 7 2 0.0000000
10 7 7 3 -0.0158585
10 7 7 4 0.0178741
10 7 7 5 -0.0180440
10 7 7 6 -0.0000000
10 7 7 7 -0.0054842
10 7 8 0 -0.0000000
10 7 8 1 0.0000000
10 7 8 2 -0.0057024
10 7 8 3 -0.0000000
10 7 8 4 -0.0000000
10 7 8 5 -0.0000000
10 7 8 6 0.0007567
10 7 8 7 -0.0000000
10 7 8 8 0.0340599
10 7 9 0 -0.0000873
10 7 9 1 -0.0000898
10 7 9 2 -0.0000000
10 7 9 3 -0.0001084
10 7 9 4 0.0011893
10 7 9 5 -0.0009650
10 7 9 6 -0.0000000
10 7 9 7 -0.0002962
10 7 9 8 -0.0000000
10 7 9 9 0.0632170
10 7 10 0 -0.0000148
10 7 10 1 -0.0017410
10 7 10 2 0.0000000
10 7 10 3 -0.0095096
10 7 10 4 0.0118729
10 7 10 5 -0.0031412
10 7 10 6 -0.0000000
10 7 10 7 0.0750982
10 7 10 8 -0.0000000
10 7 10 9 -0.0038249
10 7 10 10 0.0676331
10 8 0 0 -0.0000000
10 8 1 0 -0.0000000
10 8 1 1 -0.0000000
10 8 2 0 0.0010820
10 8 2 1 0.0256555
10 8 2 2 0.0000000
10 8 3 0 0.0000000
10 8 3 1 0.0000000
10 8 3 2 0.0056464
10 8 3 3 0.0000000
10 8 4 0 0.0000000
10 8 4 1 0.0000000
10 8 4 2 -0.0256040
10 8 4 3 -0.0000000
10 8 4 4 -0.0000000
10 8 5 0 -0.0000000
10 8 5 1 0.0000000
10 8 5 2 -0.0037337
10 8 5 3 -0.0000000
10 8 5 4 -0.0000000
10 8 5 5 -0.0000000
10 8 6 0 0.0012526
10 8 6 1 -0.0187590
10 8 6 2 -0.0000000
10 8 6 3 0.0000629
10 8 6 4 0.0313465
10 8 6 5 0.0163819
10 8 6 6 0.0000000
10 8 7 0 0.0000000
10 8 7 1 -0.0000000
10 8 7 2 0.0048773
10 8 7 3 0.0000000
10 8 7 4 0.0000000
10 8 7 5 0.0000000
10 8 7 6 -0.0014235
10 8 7 7 -0.0000000
10 8 8 0 -0.0004838
10 8 8 1 0.0206983
10 8 8 2 0.0000000
10 8 8 3 -0.0157315
10 8 8 4 0.0148761
10 8 8 5 -0.0356861
10 8 8 6 -0.0000000
10 8 8 7 0.0012063
10 8 8 8 -0.0000000
10 8 9 0 0.0000000
10 8 9 1 -0.0000000
10 8 9 2 0.0024866
10 8 9 3 0.0000000
10 8 9 4 0.0000000
10 8 9 5 0.0000000
10 8 9 6 -0.0033311
10 8 9 7 -0.0000000
10 8 9 8 0.0000316
10 8 9 9 0.0000000
10 8 10 0 -0.0000000
10 8 10 1 0.0000000
10 8 10 2 -0.0227239
10 8 10 3 -0.0000000
10 8 10 4 -0.0000000
10 8 10 5 -0.0000000
10 8 10 6 0.0159484
10 8 10 7 -0.0000000
10 8 10 8 0.1090359
10 8 10 9 0.0000000
10 8 10 10 0.0000000
10 9 0 0 -0.0125062
10 9 1 0 -0.0002301
10 9 1 1 -0.0233393
10 9 2 0 -0.0000000
10 9 2 1 -0.0000000
10 9 2 2 -0.0135174
10 9 3 0 0.0003772
10 9 3 1 0.0104157
10 9 3 2 0.0000000
10 9 3 3 -0.0176019
10 9 4 0 0.0001354
10 9 4 1 -0.0136570
10 9 4 2 -0.0000000
10 9 4 3 0.0142947
10 9 4 4 -0.0316892
10 9 5 0 -0.0006093
10 9 5 1 0.0100098
10 9 5 2 -0.0000000
10 9 5 3 -0.0121094
10 9 5 4 0.0197219
10 9 5 5 -0.0342156
10 9 6 0 -0.0000000
10 9 6 1 0.0000000
10 9 6 2 0.0028019
10 9 6 3 -0.0000000
10 9 6 4 0.0000000
10 9 6 5 -0.0000000
10 9 6 6 -0.0125494
10 9 7 0 0.0001048
10 9 7 1 0.0010076
10 9 7 2 -0.0000000
10 9 7 3 0.0031448
10 9 7 4 -0.0004882
10 9 7 5 -0.0016562
10 9 7 6 -0.0000000
10 9 7 7 -0.0335518
10 9 8 0 0.0000000
10 9 8 1 -0.0000000
10 9 8 2 0.0093793
10 9 8 3 0.0000000
10 9 8 4 0.0000000
10 9 8 5 0.0000000
10 9 8 6 -0.0091271
10 9 8 7 0.0000000
10 9 8 8 -0.0496115
10 9 9 0 0.0002714
10 9 9 1 -0.0040108
10 9 9 2 -0.0000000
10 9 9 3 0.0082709
10 9 9 4 -0.0179258
10 9 9 5 0.0135915
10 9 9 6 0.0000000
10 9 9 7 0.0036630
10 9 9 8 0.0000000
10 9 9 9 -0.3648282
10 9 10 0 0.0000062
10 9 10 1 0.0001984
10 9 10 2 0.0000000
10 9 10 3 0.0011889
10 9 10 4 -0.0030892
10 9 10 5 0.0002134
10 9 10 6 0.0000000
10 9 10 7 -0.0038249
10 9 10 8 0.0000000
10 9 10 9 0.0530068
10 9 10 10 -0.0389062
10 10 0 0 0.2902855
10 10 1 0 0.0022578
10 10 1 1 0.3819346
10 10 2 0 0.0000000
10 10 2 1 0.0000000
10 10 2 2 0.3072036
10 10 3 0 -0.0028889
10 10 3 1 -0.0596795
10 10 3 2 -0.0000000
10 10 3 3 0.2991026
10 10 4 0 -0.0005404
10 10 4 1 0.0583190
10 10 4 2 0.0000000
10 10 4 3 -0.0743576
10 10 4 4 0.3866654
10 10 5 0 0.0045921
10 10 5 1 -0.0672338
10 10 5 2 0.0000000
10 10 5 3 0.0705956
10 10 5 4 -0.0766644
10 10 5 5 0.4189943
10 10 6 0 0.0000000
10 10 6 1 -0.0000000
10 10 6 2 -0.0398796
10 10 6 3 0.0000000
10 10 6 4 -0.0000000
10 10 6 5 0.0000000
10 10 6 6 0.3084178
10 10 7 0 -0.0014324
10 10 7 1 -0.0024497
10 10 7 2 0.0000000
10 10 7 3 -0.0368808
10 10 7 4 0.0142053
10 10 7 5 -0.0011845
10 10 7 6 -0.0000000
10 10 7 7 0.4644439
10 10 8 0 -0.0000000
10 10 8 1 0.0000000
10 10 8 2 -0.0646367
10 10 8 3 -0.0000000
10 10 8 4 -0.0000000
10 10 8 5 -0.0000000
10 10 8 6 0.0512412
10 10 8 7 -0.0000000
10 10 8 8 0.6110813
10 10 9 0 -0.0005263
10 10 9 1 -0.0039478
10 10 9 2 -0.0000000
10 10 9 3 -0.0051389
10 10 9 4 0.0158759
10 10 9 5 -0.0075412
10 10 9 6 -0.0000000
10 10 9 7 -0.0004448
10 10 9 8 -0.0000000
10 10 9 9 0.8412169
10 10 10 0 -0.0010822
10 10 10 1 -0.0529448
10 10 10 2 -0.0000000
10 10 10 3 0.0154633
10 10 10 4 -0.0001072
10 10 10 5 0.0439882
10 10 10 6 0.0000000
10 10 10 7 0.0676331
10 10 10 8 0.0000000
10 10 10 9 -0.0389062
10 10 10 10 0.7072844
11 0 0 0 -0.0814058
11 0 1 0 0.0034517
11 0 1 1 -0.0070594
11 0 2 0 -0.0000000
11 0 2 1 0.0000000
11 0 2 2 -0.0006766
11 0 3 0 0.0029169
11 0 3 1 -0.0053053
11 0 3 2 0.0000000
11 0 3 3 -0.0046862
11 0 4 0 0.0029980
11 0 4 1 -0.0034418
11 0 4 2 0.0000000
11 0 4 3 -0.0027909
11 0 4 4 -0.0036800
11 0 5 0 0.0051186
11 0 5 1 -0.0045069
11 0 5 2 -0.0000000
11 0 5 3 -0.0057983
11 0 5 4 -0.0035224
11 0 5 5 -0.0044915
11 0 6 0 0.0000000
11 0 6 1 -0.0000000
11 0 6 2 0.0017033
11 0 6 3 -0.0000000
11 0 6 4 -0.0000000
11 0 6 5 -0.0000000
11 0 6 6 0.0005630
11 0 7 0 0.0111455
11 0 7 1 0.0016524
11 0 7 2 -0.0000000
11 0 7 3 0.0024842
11 0 7 4 0.0016015
11 0 7 5 0.0033212
11 0 7 6 0.0000000
11 0 7 7 0.0064510
11 0 8 0 -0.0000000
11 0 8 1 0.0000000
11 0 8 2 -0.0001469
11 0 8 3 -0.0000000
11 0 8 4 -0.0000000
11 0 8 5 -0.0000000
11 0 8 6 0.0002335
11 0 8 7 0.0000000
11 0 8 8 -0.0008641
11 0 9 0 -0.0001215
11 0 9 1 -0.0000942
11 0 9 2 -0.0000000
11 0 9 3 -0.0000627
11 0 9 4 -0.0000200
11 0 9 5 -0.0000564
11 0 9 6 -0.0000000
11 0 9 7 -0.0000475
11 0 9 8 0.0000000
11 0 9 9 -0.0008100
11 0 10 0 -0.0026931
11 0 10 1 -0.0011027
11 0 10 2 -0.0000000
11 0 10 3 -0.0004962
11 0 10 4 -0.0007409
11 0 10 5 -0.0007568
11 0 10 6 -0.0000000
11 0 10 7 -0.0020176
11 0 10 8 -0.0000000
11 0 10 9 -0.0000018
11 0 10 10 -0.0005744
11 0 11 0 0.0110484
11 0 11 1 0.0033612
11 0 11 2 -0.0000000
11 0 11 3 0.0019869
11 0 11 4 0.0024886
11 0 11 5 0.0034955
11 0 11 6 0.0000000
11 0 11 7 0.0071456
11 0 11 8 -0.0000000
11 0 11 9 0.0000720
11 0 11 10 -0.0010752
11 0 11 11 0.0067904
11 1 0 0 -0.0091629
11 1 1 0 -0.0019179
11 1 1 1 -0.0086431
11 1 2 0 0.0000000
11 1 2 1 0.0000000
11 1 2 2 0.0016288
11 1 3 0 -0.0050708
11 1 3 1 -0.0220472
11 1 3 2 -0.0000000
11 1 3 3 -0.0153584
11 1 4 0 -0.0023150
11 1 4 1 -0.0042863
11 1 4 2 0.0000000
11 1 4 3 -0.0146510
11 1 4 4 -0.0009458
11 1 5 0 0.0003348
11 1 5 1 -0.0080270
11 1 5 2 -0.0000000
11 1 5 3 -0.0101085
11 1 5 4 -0.0080730
11 1 5 5 0.0040660
11 1 6 0 -0.0000000
11 1 6 1 -0.0000000
11 1 6 2 0.0013818
11 1 6 3 -0.0000000
11 1 6 4 -0.0000000
11 1 6 5 0.0000000
11 1 6 6 0.0000371
11 1 7 0 0.0031569
11 1 7 1 0.0020586
11 1 7 2 -0.0000000
11 1 7 3 0.0060493
11 1 7 4 -0.0089002
11 1 7 5 0.0251301
11 1 7 6 0.0000000
11 1 7 7 0.0120464
11 1 8 0 -0.0000000
11 1 8 1 -0.0000000
11 1 8 2 -0.0001168
11 1 8 3 0.0000000
11 1 8 4 0.0000000
11 1 8 5 -0.0000000
11 1 8 6 0.0017055
11 1 8 7 -0.0000000
11 1 8 8 0.0081651
11 1 9 0 -0.0000531
11 1 9 1 -0.0007254
11 1 9 2 -0.0000000
11 1 9 3 -0.0000468
11 1 9 4 -0.0007745
11 1 9 5 0.0006404
11 1 9 6 0.0000000
11 1 9 7 0.0003599
11 1 9 8 -0.0000000
11 1 9 9 0.0086589
11 1 10 0 -0.0008300
11 1 10 1 -0.0037659
11 1 10 2 -0.0000000
11 1 10 3 -0.0001795
11 1 10 4 -0.0010237
11 1 10 5 -0.0060346
11 1 10 6 -0.0000000
11 1 10 7 -0.0119259
11 1 10 8 0.0000000
11 1 10 9 -0.0020028
11 1 10 10 -0.0089689
11 1 11 0 0.0033612
11 1 11 1 0.0281192
11 1 11 2 0.0000000
11 1 11 3 -0.0100166
11 1 11 4 0.0146181
11 1 11 5 0.0068337
11 1 11 6 0.0000000
11 1 11 7 0.0006161
11 1 11 8 0.0000000
11 1 11 9 0.0000277
11 1 11 10 0.0066433
11 1 11 11 0.0196636
11 2 0 0 0.0000000
11 2 1 0 -0.0000000
11 2 1 1 -0.0000000
11 2 2 0 0.0047286
11 2 2 1 0.0177501
11 2 2 2 0.0000000
11 2 3 0 -0.0000000
11 2 3 1 -0.0000000
11 2 3 2 0.0093558
11 2 3 3 0.0000000
11 2 4 0 0.0000000
11 2 4 1 0.0000000
11 2 4 2 -0.0085402
11 2 4 3 -0.0000000
11 2 4 4 0.0000000
11 2 5 0 -0.0000000
11 2 5 1 -0.0000000
11 2 5 2 0.0053093
11 2 5 3 -0.0000000
11 2 5 4 -0.0000000
11 2 5 5 -0.0000000
11 2 6 0 0.0066342
11 2 6 1 0.0017162
11 2 6 2 0.0000000
11 2 6 3 0.0092053
11 2 6 4 0.0128043
11 2 6 5 0.0104344
11 2 6 6 0.0000000
11 2 7 0 -0.0000000
11 2 7 1 -0.0000000
11 2 7 2 0.0167272
11 2 7 3 0.0000000
11 2 7 4 -0.0000000
11 2 7 5 -0.0000000
11 2 7 6 0.0182179
11 2 7 7 0.0000000
11 2 8 0 0.0001359
11 2 8 1 0.0041064
11 2 8 2 0.0000000
11 2 8 3 -0.0009692
11 2 8 4 -0.0026136
11 2 8 5 -0.0003776
11 2 8 6 -0.0000000
11 2 8 7 0.0036314
11 2 8 8 0.0000000
11 2 9 0 0.0000000
11 2 9 1 -0.0000000
11 2 9 2 0.0000572
11 2 9 3 0.0000000
11 2 9 4 -0.0000000
11 2 9 5 0.0000000
11 2 9 6 -0.0000797
11 2 9 7 0.0000000
11 2 9 8 0.0005484
11 2 9 9 0.0000000
11 2 10 0 0.0000000
11 2 10 1 0.0000000
11 2 10 2 -0.0022856
11 2 10 3 0.0000000
11 2 10 4 0.0000000
11 2 10 5 0.0000000
11 2 10 6 -0.0054793
11 2 10 7 -0.0000000
11 2 10 8 -0.0035433
11 2 10 9 -0.0000000
11 2 10 10 -0.0000000
11 2 11 0 -0.0000000
11 2 11 1 0.0000000
11 2 11 2 0.0200407
11 2 11 3 -0.0000000
11 2 11 4 0.0000000
11 2 11 5 -0.0000000
11 2 11 6 0.0166823
11 2 11 7 -0.0000000
11 2 11 8 -0.0007865
11 2 11 9 -0.0000000
11 2 11 10 0.0000000
11 2 11 11 0.0000000
11 3 0 0 -0.0187520
11 3 1 0 -0.0039754
11 3 1 1 -0.0348864
11 3 2 0 -0.0000000
11 3 2 1 -0.0000000
11 3 2 2 -0.0131636
11 3 3 0 0.0035276
11 3 3 1 0.0037775
11 3 3 2 -0.0000000
11 3 3 3 -0.0031005
11 3 4 0 -0.0000925
11 3 4 1 -0.0081477
11 3 4 2 -0.0000000
11 3 4 3 0.0096693
11 3 4 4 -0.0174702
11 3 5 0 -0.0080165
11 3 5 1 -0.0142322
11 3 5 2 -0.0000000
11 3 5 3 -0.0077955
11 3 5 4 -0.0079919
11 3 5 5 -0.0318103
11 3 6 0 -0.0000000
11 3 6 1 -0.0000000
11 3 6 2 0.0062802
11 3 6 3 -0.0000000
11 3 6 4 -0.0000000
11 3 6 5 -0.0000000
11 3 6 6 -0.0062859
11 3 7 0 0.0019484
11 3 7 1 0.0026160
11 3 7 2 -0.0000000
11 3 7 3 0.0155835
11 3 7 4 0.0150137
11 3 7 5 -0.0187138
11 3 7 6 -0.0000000
11 3 7 7 -0.0017302
11 3 8 0 0.0000000
11 3 8 1 0.0000000
11 3 8 2 -0.0036768
11 3 8 3 -0.0000000
11 3 8 4 -0.0000000
11 3 8 5 -0.0000000
11 3 8 6 0.0015709
11 3 8 7 0.0000000
11 3 8 8 -0.0099507
11 3 9 0 -0.0000628
11 3 9 1 -0.0002463
11 3 9 2 -0.0000000
11 3 9 3 -0.0004001
11 3 9 4 0.0010931
11 3 9 5 -0.0010870
11 3 9 6 -0.0000000
11 3 9 7 -0.0008433
11 3 9 8 0.0000000
11 3 9 9 -0.0001324
11 3 10 0 -0.0006256
11 3 10 1 -0.0046062
11 3 10 2 -0.0000000
11 3 10 3 -0.0037917
11 3 10 4 -0.0029323
11 3 10 5 0.0065160
11 3 10 6 0.0000000
11 3 10 7 0.0059273
11 3 10 8 -0.0000000
11 3 10 9 0.0001881
11 3 10 10 0.0085934
11 3 11 0 0.0019869
11 3 11 1 -0.0100166
11 3 11 2 -0.0000000
11 3 11 3 0.0297842
11 3 11 4 -0.0017073
11 3 11 5 -0.0044675
11 3 11 6 -0.0000000
11 3 11 7 0.0062165
11 3 11 8 -0.0000000
11 3 11 9 0.0004356
11 3 11 10 -0.0028210
11 3 11 11 -0.0123354
11 4 0 0 0.0082714
11 4 1 0 -0.0026417
11 4 1 1 -0.0083090
11 4 2 0 0.0000000
11 4 2 1 0.0000000
11 4 2 2 -0.0016796
11 4 3 0 -0.0012446
11 4 3 1 -0.0094407
11 4 3 2 -0.0000000
11 4 3 3 0.0042497
11 4 4 0 -0.0012444
11 4 4 1 0.0006652
11 4 4 2 -0.0000000
11 4 4 3 -0.0008366
11 4 4 4 -0.0033765
11 4 5 0 -0.0031369
11 4 5 1 -0.0041782
11 4 5 2 -0.0000000
11 4 5 3 -0.0096785
11 4 5 4 -0.0076882
11 4 5 5 0.0006351
11 4 6 0 -0.0000000
11 4 6 1 -0.0000000
11 4 6 2 0.0068677
11 4 6 3 -0.0000000
11 4 6 4 -0.0000000
11 4 6 5 0.0000000
11 4 6 6 0.0016810
11 4 7 0 0.0024935
11 4 7 1 -0.0046747
11 4 7 2 -0.0000000
11 4 7 3 0.0143243
11 4 7 4 -0.0089467
11 4 7 5 0.0141447
11 4 7 6 0.0000000
11 4 7 7 0.0122312
11 4 8 0 0.0000000
11 4 8 1 0.0000000
11 4 8 2 -0.0009516
11 4 8 3 -0.0000000
11 4 8 4 -0.0000000
11 4 8 5 -0.0000000
11 4 8 6 0.0018096
11 4 8 7 0.0000000
11 4 8 8 0.0006071
11 4 9 0 -0.0000221
11 4 9 1 -0.0007487
11 4 9 2 -0.0000000
11 4 9 3 0.0001563
11 4 9 4 -0.0009857
11 4 9 5 0.0010646
11 4 9 6 0.0000000
11 4 9 7 0.0013086
11 4 9 8 0.0000000
11 4 9 9 -0.0030862
11 4 10 0 -0.0005350
11 4 10 1 -0.0004645
11 4 10 2 -0.0000000
11 4 10 3 -0.0003317
11 4 10 4 -0.0024427
11 4 10 5 -0.0021070
11 4 10 6 -0.0000000
11 4 10 7 -0.0190538
11 4 10 8 0.0000000
11 4 10 9 -0.0005959
11 4 10 10 -0.0163501
11 4 11 0 0.0024886
11 4 11 1 0.0146181
11 4 11 2 0.0000000
11 4 11 3 -0.0017073
11 4 11 4 0.0175794
11 4 11 5 -0.0073785
11 4 11 6 -0.0000000
11 4 11 7 0.0047285
11 4 11 8 0.0000000
11 4 11 9 -0.0009069
11 4 11 10 0.0087229
11 4 11 11 0.0194357
11 5 0 0 0.0089924
11 5 1 0 -0.0011444
11 5 1 1 0.0001650
11 5 2 0 -0.0000000
11 5 2 1 -0.0000000
11 5 2 2 0.0045027
11 5 3 0 -0.0076992
11 5 3 1 -0.0136298
11 5 3 2 -0.0000000
11 5 3 3 -0.0175392
11 5 4 0 -0.0031033
11 5 4 1 -0.0047789
11 5 4 2 0.0000000
11 5 4 3 -0.0128567
11 5 4 4 -0.0038434
11 5 5 0 0.0028673
11 5 5 1 0.0023529
11 5 5 2 -0.0000000
11 5 5 3 -0.0079820
11 5 5 4 0.0005633
11 5 5 5 0.0097780
11 5 6 0 -0.0000000
11 5 6 1 0.0000000
11 5 6 2 0.0013036
11 5 6 3 -0.0000000
11 5 6 4 -0.0000000
11 5 6 5 -0.0000000
11 5 6 6 0.0032980
11 5 7 0 0.0031649
11 5 7 1 0.0142359
11 5 7 2 -0.0000000
11 5 7 3 -0.0140133
11 5 7 4 0.0091067
11 5 7 5 0.0091591
11 5 7 6 -0.0000000
11 5 7 7 0.0096236
11 5 8 0 -0.0000000
11 5 8 1 -0.0000000
11 5 8 2 0.0005314
11 5 8 3 0.0000000
11 5 8 4 -0.0000000
11 5 8 5 0.0000000
11 5 8 6 0.0002678
11 5 8 7 0.0000000
11 5 8 8 0.0024362
11 5 9 0 -0.0000222
11 5 9 1 0.0003205
11 5 9 2 -0.0000000
11 5 9 3 -0.0004093
11 5 9 4 0.0009444
11 5 9 5 -0.0010241
11 5 9 6 -0.0000000
11 5 9 7 -0.0013908
11 5 9 8 -0.0000000
11 5 9 9 0.0066600
11 5 10 0 -0.0008475
11 5 10 1 -0.0058420
11 5 10 2 0.0000000
11 5 10 3 0.0022235
11 5 10 4 -0.0010561
11 5 10 5 -0.0013267
11 5 10 6 0.0000000
11 5 10 7 0.0078815
11 5 10 8 -0.0000000
11 5 10 9 0.0004509
11 5 10 10 0.0188525
11 5 11 0 0.0034955
11 5 11 1 0.0068337
11 5 11 2 -0.0000000
11 5 11 3 -0.0044675
11 5 11 4 -0.0073785
11 5 11 5 0.0296627
11 5 11 6 0.0000000
11 5 11 7 0.0121791
11 5 11 8 -0.0000000
11 5 11 9 0.0013430
11 5 11 10 -0.0065784
11 5 11 11 0.0094132
11 6 0 0 0.0000000
11 6 1 0 -0.0000000
11 6 1 1 -0.0000000
11 6 2 0 0.0057682
11 6 2 1 0.0185155
11 6 2 2 0.0000000
11 6 3 0 -0.0000000
11 6 3 1 -0.0000000
11 6 3 2 0.0122514
11 6 3 3 -0.0000000
11 6 4 0 -0.0000000
11 6 4 1 -0.0000000
11 6 4 2 -0.0067614
11 6 4 3 -0.0000000
11 6 4 4 -0.0000000
11 6 5 0 -0.0000000
11 6 5 1 0.0000000
11 6 5 2 0.0056834
11 6 5 3 -0.0000000
11 6 5 4 -0.0000000
11 6 5 5 -0.0000000
11 6 6 0 0.0080021
11 6 6 1 0.0013120
11 6 6 2 0.0000000
11 6 6 3 0.0115147
11 6 6 4 0.0143594
11 6 6 5 0.0103547
11 6 6 6 0.0000000
11 6 7 0 0.0000000
11 6 7 1 0.0000000
11 6 7 2 0.0186387
11 6 7 3 -0.0000000
11 6 7 4 0.0000000
11 6 7 5 -0.0000000
11 6 7 6 0.0180935
11 6 7 7 0.0000000
11 6 8 0 0.0001350
11 6 8 1 0.0054467
11 6 8 2 0.0000000
11 6 8 3 -0.0015577
11 6 8 4 0.0001453
11 6 8 5 -0.0037029
11 6 8 6 -0.0000000
11 6 8 7 -0.0021153
11 6 8 8 0.0000000
11 6 9 0 -0.0000000
11 6 9 1 0.0000000
11 6 9 2 0.0003748
11 6 9 3 -0.0000000
11 6 9 4 0.0000000
11 6 9 5 -0.0000000
11 6 9 6 -0.0004806
11 6 9 7 -0.0000000
11 6 9 8 0.0001195
11 6 9 9 0.0000000
11 6 10 0 -0.0000000
11 6 10 1 -0.0000000
11 6 10 2 -0.0048176
11 6 10 3 0.0000000
11 6 10 4 -0.0000000
11 6 10 5 0.0000000
11 6 10 6 -0.0037358
11 6 10 7 0.0000000
11 6 10 8 0.0086031
11 6 10 9 0.0000000
11 6 10 10 0.0000000
11 6 11 0 0.0000000
11 6 11 1 0.0000000
11 6 11 2 0.0166823
11 6 11 3 -0.0000000
11 6 11 4 -0.0000000
11 6 11 5 0.0000000
11 6 11 6 0.0209496
11 6 11 7 0.0000000
11 6 11 8 0.0058458
11 6 11 9 0.0000000
11 6 11 10 -0.0000000
11 6 11 11 0.0000000
11 7 0 0 0.2545673
11 7 1 0 -0.0094184
11 7 1 1 0.0136904
11 7 2 0 -0.0000000
11 7 2 1 -0.0000000
11 7 2 2 0.0785195
11 7 3 0 -0.0045578
11 7 3 1 0.0369563
11 7 3 2 -0.0000000
11 7 3 3 0.1003069
11 7 4 0 -0.0045595
11 7 4 1 -0.0241930
11 7 4 2 -0.0000000
11 7 4 3 0.0732274
11 7 4 4 -0.0190449
11 7 5 0 -0.0108422
11 7 5 1 0.0854549
11 7 5 2 -0.0000000
11 7 5 3 -0.0723370
11 7 5 4 0.0465370
11 7 5 5 0.0263410
11 7 6 0 -0.0000000
11 7 6 1 0.0000000
11 7 6 2 0.0863700
11 7 6 3 -0.0000000
11 7 6 4 0.0000000
11 7 6 5 -0.0000000
11 7 6 6 0.0875754
11 7 7 0 0.0073436
11 7 7 1 0.0052408
11 7 7 2 -0.0000000
11 7 7 3 0.0264505
11 7 7 4 0.0108056
11 7 7 5 0.0009416
11 7 7 6 0.0000000
11 7 7 7 -0.0050324
11 7 8 0 0.0000000
11 7 8 1 -0.0000000
11 7 8 2 0.0366582
11 7 8 3 0.0000000
11 7 8 4 0.0000000
11 7 8 5 0.0000000
11 7 8 6 -0.0217706
11 7 8 7 0.0000000
11 7 8 8 -0.1510897
11 7 9 0 0.0004469
11 7 9 1 0.0035253
11 7 9 2 0.0000000
11 7 9 3 0.0011826
11 7 9 4 -0.0051146
11 7 9 5 0.0017563
11 7 9 6 0.0000000
11 7 9 7 -0.0011144
11 7 9 8 0.0000000
11 7 9 9 -0.2608285
11 7 10 0 -0.0005054
11 7 10 1 0.0163495
11 7 10 2 0.0000000
11 7 10 3 -0.0055564
11 7 10 4 -0.0085938
11 7 10 5 -0.0078163
11 7 10 6 -0.0000000
11 7 10 7 -0.0287847
11 7 10 8 -0.0000000
11 7 10 9 0.0193252
11 7 10 10 -0.1626473
11 7 11 0 0.0071456
11 7 11 1 0.0006161
11 7 11 2 -0.0000000
11 7 11 3 0.0062165
11 7 11 4 0.0047285
11 7 11 5 0.0121791
11 7 11 6 0.0000000
11 7 11 7 0.2035809
11 7 11 8 0.0000000
11 7 11 9 0.0030652
11 7 11 10 -0.0593325
11 7 11 11 0.0251514
11 8 0 0 -0.0000000
11 8 1 0 -0.0000000
11 8 1 1 -0.0000000
11 8 2 0 0.0005434
11 8 2 1 0.0074484
11 8 2 2 0.0000000
11 8 3 0 0.0000000
11 8 3 1 0.0000000
11 8 3 2 0.0006489
11 8 3 3 0.0000000
11 8 4 0 0.0000000
11 8 4 1 0.0000000
11 8 4 2 -0.0073520
11 8 4 3 -0.0000000
11 8 4 4 -0.0000000
11 8 5 0 -0.0000000
11 8 5 1 0.0000000
11 8 5 2 0.0006261
11 8 5 3 -0.0000000
11 8 5 4 -0.0000000
11 8 5 5 -0.0000000
11 8 6 0 0.0007457
11 8 6 1 -0.0030837
11 8 6 2 -0.0000000
11 8 6 3 0.0003387
11 8 6 4 0.0084036
11 8 6 5 0.0041738
11 8 6 6 0.0000000
11 8 7 0 0.0000000
11 8 7 1 -0.0000000
11 8 7 2 0.0067141
11 8 7 3 0.0000000
11 8 7 4 0.0000000
11 8 7 5 0.0000000
11 8 7 6 -0.0017325
11 8 7 7 0.0000000
11 8 8 0 -0.0000803
11 8 8 1 0.0073650
11 8 8 2 0.0000000
11 8 8 3 -0.0037706
11 8 8 4 0.0045038
11 8 8 5 -0.0105645
11 8 8 6 -0.0000000
11 8 8 7 -0.0181299
11 8 8 8 -0.0000000
11 8 9 0 0.0000000
11 8 9 1 -0.0000000
11 8 9 2 0.0006349
11 8 9 3 0.0000000
11 8 9 4 0.0000000
11 8 9 5 0.0000000
11 8 9 6 -0.0007504
11 8 9 7 -0.0000000
11 8 9 8 -0.0001755
11 8 9 9 -0.0000000
11 8 10 0 -0.0000000
11 8 10 1 0.0000000
11 8 10 2 -0.0063525
11 8 10 3 -0.0000000
11 8 10 4 -0.0000000
11 8 10 5 -0.0000000
11 8 10 6 0.0042744
11 8 10 7 -0.0000000
11 8 10 8 0.0253046
11 8 10 9 0.0000000
11 8 10 10 -0.0000000
11 8 11 0 -0.0000000
11 8 11 1 0.0000000
11 8 11 2 -0.0007865
11 8 11 3 -0.0000000
11 8 11 4 0.0000000
11 8 11 5 -0.0000000
11 8 11 6 0.0058458
11 8 11 7 0.0000000
11 8 11 8 0.0229396
11 8 11 9 0.0000000
11 8 11 10 -0.0000000
11 8 11 11 0.0000000
11 9 0 0 -0.0046724
11 9 1 0 -0.0000714
11 9 1 1 -0.0061529
11 9 2 0 -0.0000000
11 9 2 1 -0.0000000
11 9 2 2 -0.0038148
11 9 3 0 -0.0000027
11 9 3 1 0.0010341
11 9 3 2 0.0000000
11 9 3 3 -0.0047952
11 9 4 0 -0.0000080
11 9 4 1 -0.0026141
11 9 4 2 -0.0000000
11 9 4 3 0.0018858
11 9 4 4 -0.0068832
11 9 5 0 -0.0000836
11 9 5 1 0.0012964
11 9 5 2 0.0000000
11 9 5 3 -0.0021644
11 9 5 4 0.0030606
11 9 5 5 -0.0074377
11 9 6 0 -0.0000000
11 9 6 1 0.0000000
11 9 6 2 0.0003874
11 9 6 3 -0.0000000
11 9 6 4 0.0000000
11 9 6 5 -0.0000000
11 9 6 6 -0.0038016
11 9 7 0 0.0000921
11 9 7 1 0.0009382
11 9 7 2 0.0000000
11 9 7 3 -0.0000846
11 9 7 4 0.0010864
11 9 7 5 -0.0008659
11 9 7 6 -0.0000000
11 9 7 7 -0.0065729
11 9 8 0 0.0000000
11 9 8 1 -0.0000000
11 9 8 2 0.0012829
11 9 8 3 0.0000000
11 9 8 4 0.0000000
11 9 8 5 0.0000000
11 9 8 6 -0.0012276
11 9 8 7 -0.0000000
11 9 8 8 -0.0085153
11 9 9 0 0.0000580
11 9 9 1 -0.0002439
11 9 9 2 -0.0000000
11 9 9 3 0.0019709
11 9 9 4 -0.0028089
11 9 9 5 0.0017541
11 9 9 6 0.0000000
11 9 9 7 -0.0066747
11 9 9 8 0.0000000
11 9 9 9 -0.0538242
11 9 10 0 -0.0000286
11 9 10 1 -0.0006886
11 9 10 2 -0.0000000
11 9 10 3 0.0003163
11 9 10 4 -0.0006237
11 9 10 5 0.0003529
11 9 10 6 0.0000000
11 9 10 7 -0.0007309
11 9 10 8 0.0000000
11 9 10 9 0.0071200
11 9 10 10 -0.0059737
11 9 11 0 0.0000720
11 9 11 1 0.0000277
11 9 11 2 -0.0000000
11 9 11 3 0.0004356
11 9 11 4 -0.0009069
11 9 11 5 0.0013430
11 9 11 6 0.0000000
11 9 11 7 0.0030652
11 9 11 8 0.0000000
11 9 11 9 0.0067783
11 9 11 10 0.0001083
11 9 11 11 -0.0052262
11 10 0 0 -0.0747350
11 10 1 0 0.0015140
11 10 1 1 -0.0238778
11 10 2 0 0.0000000
11 10 2 1 0.0000000
11 10 2 2 -0.0305936
11 10 3 0 0.0007831
11 10 3 1 -0.0115074
11 10 3 2 0.0000000
11 10 3 3 -0.0382115
11 10 4 0 0.0008349
11 10 4 1 0.0032343
11 10 4 2 0.0000000
11 10 4 3 -0.0155678
11 10 4 4 -0.0131657
11 10 5 0 0.0018280
11 10 5 1 -0.0247459
11 10 5 2 0.0000000
11 10 5 3 0.0144809
11 10 5 4 -0.0125037
11 10 5 5 -0.0198078
11 10 6 0 0.0000000
11 10 6 1 -0.0000000
11 10 6 2 -0.0199313
11 10 6 3 0.0000000
11 10 6 4 -0.0000000
11 10 6 5 0.0000000
11 10 6 6 -0.0326582
11 10 7 0 -0.0009566
11 10 7 1 -0.0035631
11 10 7 2 0.0000000
11 10 7 3 0.0005849
11 10 7 4 -0.0146346
11 10 7 5 0.0110848
11 10 7 6 0.0000000
11 10 7 7 -0.0022261
11 10 8 0 -0.0000000
11 10 8 1 0.0000000
11 10 8 2 -0.0150235
11 10 8 3 -0.0000000
11 10 8 4 -0.0000000
11 10 8 5 -0.0000000
11 10 8 6 0.0112354
11 10 8 7 -0.0000000
11 10 8 8 0.0426908
11 10 9 0 -0.0001561
11 10 9 1 -0.0016060
11 10 9 2 -0.0000000
11 10 9 3 -0.0008990
11 10 9 4 0.0026227
11 10 9 5 -0.0011447
11 10 9 6 -0.0000000
11 10 9 7 0.0002473
11 10 9 8 -0.0000000
11 10 9 9 0.0655089
11 10 10 0 0.0000061
11 10 10 1 -0.0153262
11 10 10 2 -0.0000000
11 10 10 3 0.0138011
11 10 10 4 -0.0117365
11 10 10 5 0.0161265
11 10 10 6 0.0000000
11 10 10 7 -0.0364450
11 10 10 8 -0.0000000
11 10 10 9 -0.0031837
11 10 10 10 0.0421697
11 10 11 0 -0.0010752
11 10 11 1 0.0066433
11 10 11 2 0.0000000
11 10 11 3 -0.0028210
11 10 11 4 0.0087229
11 10 11 5 -0.0065784
11 10 11 6 -0.0000000
11 10 11 7 -0.0593325
11 10 11 8 -0.0000000
11 10 11 9 0.0001083
11 10 11 10 0.0530158
11 10 11 11 0.0051728
11 11 0 0 0.5901264
11 11 1 0 -0.0064980
11 11 1 1 0.4418966
11 11 2 0 0.0000000
11 11 2 1 0.0000000
11 11 2 2 0.4178486
11 11 3 0 -0.0096302
11 11 3 1 -0.0377608
11 11 3 2 -0.0000000
11 11 3 3 0.4356990
11 11 4 0 -0.0055474
11 11 4 1 0.0478200
11 11 4 2 0.0000000
11 11 4 3 -0.0104497
11 11 4 4 0.4078717
11 11 5 0 -0.0039178
11 11 5 1 0.0334296
11 11 5 2 -0.0000000
11 11 5 3 -0.0069776
11 11 5 4 -0.0358671
11 11 5 5 0.4889237
11 11 6 0 -0.0000000
11 11 6 1 0.0000000
11 11 6 2 0.0570238
11 11 6 3 0.0000000
11 11 6 4 -0.0000000
11 11 6 5 0.0000000
11 11 6 6 0.4230691
11 11 7 0 0.0065621
11 11 7 1 -0.0019677
11 11 7 2 -0.0000000
11 11 7 3 -0.0004630
11 11 7 4 -0.0034685
11 11 7 5 0.0287978
11 11 7 6 0.0000000
11 11 7 7 0.5013993
11 11 8 0 -0.0000000
11 11 8 1 0.0000000
11 11 8 2 -0.0104985
11 11 8 3 -0.0000000
11 11 8 4 0.0000000
11 11 8 5 -0.0000000
11 11 8 6 0.0196696
11 11 8 7 0.0000000
11 11 8 8 0.4338917
11 11 9 0 0.0000682
11 11 9 1 -0.0000902
11 11 9 2 -0.0000000
11 11 9 3 -0.0017108
11 11 9 4 0.0039301
11 11 9 5 -0.0001169
11 11 9 6 -0.0000000
11 11 9 7 -0.0002550
11 11 9 8 -0.0000000
11 11 9 9 0.5430553
11 11 10 0 -0.0009731
11 11 10 1 0.0024998
11 11 10 2 0.0000000
11 11 10 3 -0.0029231
11 11 10 4 0.0121727
11 11 10 5 -0.0081917
11 11 10 6 -0.0000000
11 11 10 7 -0.0364333
11 11 10 8 -0.0000000
11 11 10 9 -0.0272587
11 11 10 10 0.4103341
11 11 11 0 0.0067904
11 11 11 1 0.0196636
11 11 11 2 0.0000000
11 11 11 3 -0.0123354
11 11 11 4 0.0194357
11 11 11 5 0.0094132
11 11 11 6 0.0000000
11 11 11 7 0.0251514
11 11 11 8 0.0000000
11 11 11 9 -0.0052262
11 11 11 10 0.0051728
11 11 11 11 0.5093196
