NMONOMER	1
NELEC	8
ENUC	7.676927
NBASIS	12
HOMO	2
LUMO	2
ENT	5
HF_ENERGY	-35.344300
ENERGIES
-10.801702
-0.761914
-0.338841
-0.175541
0.641110
0.841155
0.903302
849736.646552
965066.446133
996478.225254
1070621.131470
1118093.787486

OEI
-18.374143	
0.220654	-4.445949	
0.000000	0.000000	-3.964618	
-0.189379	0.153367	0.000000	-4.158511	
0.147428	-0.298674	0.000000	0.374726	-2.962360	
0.231870	-0.876888	-0.000000	-0.248005	-0.163386	-3.703305	
-0.000000	-0.000000	-0.773731	0.000000	0.000000	0.000000	-3.396642	
0.115851	0.054306	0.000000	-0.035047	-0.004854	-0.015404	-0.000000	849733.074075	
-0.000000	0.000000	-0.130943	-0.000000	0.000000	-0.000000	0.019183	-0.000000	965063.597765	
-0.004992	-0.022857	-0.000000	-0.002553	0.002911	-0.013434	-0.000000	0.000992	-0.000000	996475.018276	
-0.037952	-0.197127	0.000000	-0.073069	-0.119288	0.134071	-0.000000	0.145715	-0.000000	0.134939	1070618.601142	
0.112629	0.082400	-0.000000	-0.124593	-0.006905	0.000418	0.000000	-0.832618	0.000000	0.037903	0.318708	1118090.112861	

ENV_OEI
-4.901027	
0.414687	-0.456975	
0.000000	-0.000000	-0.271932	
-0.368696	-0.058865	0.000000	-0.504453	
0.297411	-0.308562	0.000000	-0.150401	-0.608312	
0.473118	-0.013243	0.000000	0.226572	0.312012	-0.785334	
0.000000	-0.000000	-0.100132	-0.000000	-0.000000	0.000000	-0.329594	
0.226276	0.021373	-0.000000	-0.043003	-0.048964	0.003028	-0.000000	-0.545201	
0.000000	0.000000	0.150333	0.000000	0.000000	-0.000000	-0.139096	0.000000	-0.699968	
0.015008	-0.266778	-0.000000	-0.626859	-1.357701	0.949131	-0.000000	0.126464	0.000000	-18.520456	
-0.055988	0.047910	0.000000	0.011877	0.041606	-0.081778	0.000000	-0.238840	0.000000	1.668520	-0.769733	
0.215356	0.016399	0.000000	0.040874	0.030541	-0.021817	0.000000	0.138605	-0.000000	0.177623	0.100617	-0.363189	

OVERLAP
1.000000	
0.248362	1.000000	
0.061767	0.488736	1.000000	
0.061767	0.488736	0.167856	1.000000	
0.000000	0.027047	0.038545	0.038545	1.000000	
0.027047	0.301519	0.378700	0.378700	0.248362	1.000000	
0.000000	0.000000	-0.155576	-0.155576	-0.015125	-0.113119	1.000000	
0.000000	0.000000	0.380474	-0.380474	0.000000	0.000000	0.000000	1.000000	
0.000000	0.000000	-0.219667	-0.219667	-0.042713	-0.319437	0.000000	0.000000	1.000000	
0.015125	0.113119	0.044121	0.044121	0.000000	0.000000	0.112775	0.000000	-0.151526	1.000000	
0.000000	0.000000	0.268260	-0.268260	0.000000	0.000000	0.000000	0.166433	0.000000	0.000000	1.000000	
0.042713	0.319437	0.279473	0.279473	0.000000	0.000000	-0.151526	0.000000	-0.261465	0.000000	0.000000	1.000000	

MOCOEFF
-0.996624	-0.016467	0.006510	0.006510	-0.001354	0.006659	0.027567	0.000000	0.007768	-0.002281	-0.000000	0.003205	
0.145625	-0.341714	-0.268788	-0.268788	0.028342	0.038765	0.324328	0.000000	0.197420	-0.173384	-0.000000	-0.286787	
0.000000	-0.000000	0.472998	-0.472998	0.000000	-0.000000	0.000000	0.577985	-0.000000	-0.000000	-0.349968	-0.000000	
-0.129871	0.538513	0.088372	0.088372	0.056301	-0.226470	-0.306868	0.000000	0.668367	-0.036153	-0.000000	-0.384929	
0.102580	-0.643058	0.898529	0.898529	0.118299	-0.706020	0.231388	-0.000000	-0.144590	-0.162479	-0.000000	-0.604338	
0.166073	-1.019110	0.418104	0.418104	-0.084557	0.517131	0.365698	0.000000	0.949165	0.283718	0.000000	0.685587	
0.000000	-0.000000	-0.933921	0.933921	0.000000	-0.000000	0.000000	1.103354	-0.000000	-0.000000	0.317432	-0.000000	
0.084288	-0.388040	0.000000	0.000000	-0.012325	0.049401	-0.608823	0.000000	0.000000	0.744813	-0.000000	-0.291146	
-0.000000	-0.000000	-0.000000	0.000000	0.000000	0.000000	-0.000000	0.000000	0.000000	0.000000	1.000000	-0.000000	
-0.000564	0.002599	0.000000	0.000000	1.025611	-0.216380	0.004077	0.000000	-0.000000	0.053739	-0.000000	0.092871	
-0.018947	0.087225	0.000000	0.000000	-0.019715	-0.850780	0.136854	-0.000000	0.000000	0.334096	0.000000	0.355391	
0.081637	-0.375837	0.000000	0.000000	0.011610	-0.229165	-0.589676	0.000000	-0.000000	-0.509850	0.000000	0.308002	

ERI
0 0 0 0 3.5234011
1 0 0 0 -0.1940762
1 0 1 0 0.0208256
1 0 1 1 0.0054588
1 1 0 0 0.6443099
1 1 1 0 0.0054588
1 1 1 1 0.5892128
2 0 0 0 -0.0000000
2 0 1 0 0.0000000
2 0 1 1 -0.0000000
2 0 2 0 0.0085278
2 0 2 1 0.0105239
2 0 2 2 -0.0000000
2 1 0 0 0.0000000
2 1 1 0 0.0000000
2 1 1 1 0.0000000
2 1 2 0 0.0105239
2 1 2 1 0.1078894
2 1 2 2 -0.0000000
2 2 0 0 0.6343648
2 2 1 0 -0.0004761
2 2 1 1 0.5101997
2 2 2 0 -0.0000000
2 2 2 1 -0.0000000
2 2 2 2 0.5334400
3 0 0 0 0.1696543
3 0 1 0 -0.0137657
3 0 1 1 0.0080055
3 0 2 0 -0.0000000
3 0 2 1 -0.0000000
3 0 2 2 0.0037963
3 0 3 0 0.0250801
3 0 3 1 0.0083616
3 0 3 2 0.0000000
3 0 3 3 -0.0092094
3 1 0 0 -0.0674445
3 1 1 0 0.0011823
3 1 1 1 0.0173132
3 1 2 0 -0.0000000
3 1 2 1 0.0000000
3 1 2 2 -0.0184789
3 1 3 0 0.0083616
3 1 3 1 0.0641495
3 1 3 2 0.0000000
3 1 3 3 -0.0476888
3 2 0 0 -0.0000000
3 2 1 0 0.0000000
3 2 1 1 -0.0000000
3 2 2 0 -0.0065156
3 2 2 1 -0.0350973
3 2 2 2 0.0000000
3 2 3 0 0.0000000
3 2 3 1 0.0000000
3 2 3 2 0.0328782
3 2 3 3 -0.0000000
3 3 0 0 0.7730418
3 3 1 0 -0.0060982
3 3 1 1 0.4893376
3 3 2 0 -0.0000000
3 3 2 1 0.0000000
3 3 2 2 0.4762591
3 3 3 0 -0.0092094
3 3 3 1 -0.0476888
3 3 3 2 -0.0000000
3 3 3 3 0.6278102
4 0 0 0 -0.1350405
4 0 1 0 0.0127348
4 0 1 1 -0.0013962
4 0 2 0 -0.0000000
4 0 2 1 -0.0000000
4 0 2 2 -0.0019689
4 0 3 0 -0.0140419
4 0 3 1 -0.0019346
4 0 3 2 0.0000000
4 0 3 3 0.0007874
4 0 4 0 0.0098191
4 0 4 1 -0.0003438
4 0 4 2 0.0000000
4 0 4 3 -0.0010664
4 0 4 4 -0.0000399
4 1 0 0 0.0867810
4 1 1 0 0.0006315
4 1 1 1 0.0404423
4 1 2 0 -0.0000000
4 1 2 1 -0.0000000
4 1 2 2 -0.0178709
4 1 3 0 0.0011053
4 1 3 1 0.0181240
4 1 3 2 -0.0000000
4 1 3 3 0.0560892
4 1 4 0 -0.0003438
4 1 4 1 0.0711455
4 1 4 2 -0.0000000
4 1 4 3 0.0090413
4 1 4 4 0.0060222
4 2 0 0 -0.0000000
4 2 1 0 0.0000000
4 2 1 1 -0.0000000
4 2 2 0 -0.0014337
4 2 2 1 -0.0786302
4 2 2 2 0.0000000
4 2 3 0 -0.0000000
4 2 3 1 0.0000000
4 2 3 2 0.0151337
4 2 3 3 -0.0000000
4 2 4 0 0.0000000
4 2 4 1 -0.0000000
4 2 4 2 0.0879203
4 2 4 3 0.0000000
4 2 4 4 0.0000000
4 3 0 0 -0.1380075
4 3 1 0 0.0045260
4 3 1 1 0.0196668
4 3 2 0 0.0000000
4 3 2 1 -0.0000000
4 3 2 2 -0.0168023
4 3 3 0 0.0080352
4 3 3 1 0.0576657
4 3 3 2 -0.0000000
4 3 3 3 -0.0852176
4 3 4 0 -0.0010664
4 3 4 1 0.0090413
4 3 4 2 0.0000000
4 3 4 3 0.0770037
4 3 4 4 0.0346360
4 4 0 0 0.4978448
4 4 1 0 0.0019377
4 4 1 1 0.5136560
4 4 2 0 -0.0000000
4 4 2 1 -0.0000000
4 4 2 2 0.4751715
4 4 3 0 0.0016276
4 4 3 1 0.0225145
4 4 3 2 0.0000000
4 4 3 3 0.4379930
4 4 4 0 -0.0000399
4 4 4 1 0.0060222
4 4 4 2 0.0000000
4 4 4 3 0.0346360
4 4 4 4 0.5218851
5 0 0 0 -0.2182451
5 0 1 0 0.0260576
5 0 1 1 0.0116459
5 0 2 0 0.0000000
5 0 2 1 0.0000000
5 0 2 2 0.0013616
5 0 3 0 -0.0069321
5 0 3 1 0.0072860
5 0 3 2 0.0000000
5 0 3 3 -0.0157834
5 0 4 0 0.0123896
5 0 4 1 0.0009715
5 0 4 2 0.0000000
5 0 4 3 0.0119974
5 0 4 4 0.0033563
5 0 5 0 0.0394881
5 0 5 1 0.0046592
5 0 5 2 -0.0000000
5 0 5 3 -0.0045982
5 0 5 4 0.0027820
5 0 5 5 0.0103823
5 1 0 0 0.2603341
5 1 1 0 0.0003130
5 1 1 1 0.0713161
5 1 2 0 -0.0000000
5 1 2 1 0.0000000
5 1 2 2 0.0649176
5 1 3 0 0.0080151
5 1 3 1 -0.0293113
5 1 3 2 -0.0000000
5 1 3 3 0.0865938
5 1 4 0 -0.0029268
5 1 4 1 0.0150254
5 1 4 2 -0.0000000
5 1 4 3 -0.0442027
5 1 4 4 -0.0006267
5 1 5 0 0.0046592
5 1 5 1 0.1018412
5 1 5 2 0.0000000
5 1 5 3 0.0365038
5 1 5 4 0.0358351
5 1 5 5 0.0882579
5 2 0 0 0.0000000
5 2 1 0 -0.0000000
5 2 1 1 -0.0000000
5 2 2 0 0.0053907
5 2 2 1 0.0034677
5 2 2 2 0.0000000
5 2 3 0 -0.0000000
5 2 3 1 -0.0000000
5 2 3 2 -0.0011460
5 2 3 3 0.0000000
5 2 4 0 -0.0000000
5 2 4 1 -0.0000000
5 2 4 2 0.0174001
5 2 4 3 -0.0000000
5 2 4 4 0.0000000
5 2 5 0 -0.0000000
5 2 5 1 0.0000000
5 2 5 2 0.0232404
5 2 5 3 0.0000000
5 2 5 4 -0.0000000
5 2 5 5 -0.0000000
5 3 0 0 0.0905694
5 3 1 0 -0.0043470
5 3 1 1 -0.0195771
5 3 2 0 -0.0000000
5 3 2 1 -0.0000000
5 3 2 2 0.0150839
5 3 3 0 0.0023650
5 3 3 1 -0.0113916
5 3 3 2 -0.0000000
5 3 3 3 0.0384456
5 3 4 0 -0.0017216
5 3 4 1 -0.0181596
5 3 4 2 -0.0000000
5 3 4 3 -0.0380090
5 3 4 4 -0.0282148
5 3 5 0 -0.0045982
5 3 5 1 0.0365038
5 3 5 2 0.0000000
5 3 5 3 0.0556651
5 3 5 4 0.0196825
5 3 5 5 0.0007402
5 4 0 0 0.0504348
5 4 1 0 0.0010694
5 4 1 1 0.0098179
5 4 2 0 -0.0000000
5 4 2 1 -0.0000000
5 4 2 2 0.0320731
5 4 3 0 0.0022667
5 4 3 1 -0.0310691
5 4 3 2 0.0000000
5 4 3 3 -0.0072321
5 4 4 0 -0.0004740
5 4 4 1 -0.0408562
5 4 4 2 0.0000000
5 4 4 3 -0.0267095
5 4 4 4 -0.0020059
5 4 5 0 0.0027820
5 4 5 1 0.0358351
5 4 5 2 -0.0000000
5 4 5 3 0.0196825
5 4 5 4 0.0568002
5 4 5 5 -0.0115283
5 5 0 0 0.7963784
5 5 1 0 -0.0001640
5 5 1 1 0.5754127
5 5 2 0 -0.0000000
5 5 2 1 0.0000000
5 5 2 2 0.4975101
5 5 3 0 0.0186062
5 5 3 1 0.0356672
5 5 3 2 -0.0000000
5 5 3 3 0.5130408
5 5 4 0 -0.0066237
5 5 4 1 0.0652848
5 5 4 2 -0.0000000
5 5 4 3 0.0172697
5 5 4 4 0.4984102
5 5 5 0 0.0103823
5 5 5 1 0.0882579
5 5 5 2 -0.0000000
5 5 5 3 0.0007402
5 5 5 4 -0.0115283
5 5 5 5 0.6286468
6 0 0 0 -0.0000000
6 0 1 0 0.0000000
6 0 1 1 0.0000000
6 0 2 0 0.0129573
6 0 2 1 0.0143291
6 0 2 2 -0.0000000
6 0 3 0 -0.0000000
6 0 3 1 -0.0000000
6 0 3 2 -0.0093117
6 0 3 3 0.0000000
6 0 4 0 -0.0000000
6 0 4 1 -0.0000000
6 0 4 2 -0.0019163
6 0 4 3 0.0000000
6 0 4 4 -0.0000000
6 0 5 0 0.0000000
6 0 5 1 0.0000000
6 0 5 2 0.0071683
6 0 5 3 -0.0000000
6 0 5 4 -0.0000000
6 0 5 5 0.0000000
6 0 6 0 0.0198060
6 0 6 1 0.0056329
6 0 6 2 0.0000000
6 0 6 3 -0.0104674
6 0 6 4 0.0098807
6 0 6 5 0.0099940
6 0 6 6 0.0000000
6 1 0 0 0.0000000
6 1 1 0 -0.0000000
6 1 1 1 0.0000000
6 1 2 0 0.0040811
6 1 2 1 -0.0290630
6 1 2 2 0.0000000
6 1 3 0 -0.0000000
6 1 3 1 0.0000000
6 1 3 2 -0.0018457
6 1 3 3 0.0000000
6 1 4 0 -0.0000000
6 1 4 1 0.0000000
6 1 4 2 0.0492905
6 1 4 3 0.0000000
6 1 4 4 0.0000000
6 1 5 0 0.0000000
6 1 5 1 0.0000000
6 1 5 2 0.0231947
6 1 5 3 -0.0000000
6 1 5 4 -0.0000000
6 1 5 5 0.0000000
6 1 6 0 0.0056329
6 1 6 1 0.0406548
6 1 6 2 0.0000000
6 1 6 3 -0.0104096
6 1 6 4 -0.0478116
6 1 6 5 -0.0181411
6 1 6 6 -0.0000000
6 2 0 0 0.2519352
6 2 1 0 -0.0059754
6 2 1 1 0.0139414
6 2 2 0 -0.0000000
6 2 2 1 -0.0000000
6 2 2 2 0.0369890
6 2 3 0 0.0012786
6 2 3 1 -0.0259171
6 2 3 2 -0.0000000
6 2 3 3 0.1087010
6 2 4 0 -0.0028201
6 2 4 1 0.0405388
6 2 4 2 -0.0000000
6 2 4 3 -0.0525454
6 2 4 4 -0.0374658
6 2 5 0 -0.0081580
6 2 5 1 0.0687427
6 2 5 2 0.0000000
6 2 5 3 0.0357494
6 2 5 4 -0.0101042
6 2 5 5 0.0535730
6 2 6 0 0.0000000
6 2 6 1 0.0000000
6 2 6 2 0.1204024
6 2 6 3 -0.0000000
6 2 6 4 -0.0000000
6 2 6 5 -0.0000000
6 2 6 6 0.0505558
6 3 0 0 -0.0000000
6 3 1 0 0.0000000
6 3 1 1 0.0000000
6 3 2 0 -0.0071550
6 3 2 1 -0.0207484
6 3 2 2 -0.0000000
6 3 3 0 0.0000000
6 3 3 1 0.0000000
6 3 3 2 0.0285310
6 3 3 3 -0.0000000
6 3 4 0 0.0000000
6 3 4 1 0.0000000
6 3 4 2 -0.0028529
6 3 4 3 0.0000000
6 3 4 4 0.0000000
6 3 5 0 0.0000000
6 3 5 1 -0.0000000
6 3 5 2 -0.0035193
6 3 5 3 -0.0000000
6 3 5 4 -0.0000000
6 3 5 5 0.0000000
6 3 6 0 -0.0104674
6 3 6 1 -0.0104096
6 3 6 2 -0.0000000
6 3 6 3 0.0325173
6 3 6 4 -0.0157305
6 3 6 5 -0.0042062
6 3 6 6 -0.0000000
6 4 0 0 -0.0000000
6 4 1 0 0.0000000
6 4 1 1 0.0000000
6 4 2 0 0.0068340
6 4 2 1 0.0924302
6 4 2 2 -0.0000000
6 4 3 0 -0.0000000
6 4 3 1 0.0000000
6 4 3 2 -0.0308966
6 4 3 3 -0.0000000
6 4 4 0 -0.0000000
6 4 4 1 0.0000000
6 4 4 2 -0.0891168
6 4 4 3 0.0000000
6 4 4 4 -0.0000000
6 4 5 0 0.0000000
6 4 5 1 -0.0000000
6 4 5 2 -0.0176529
6 4 5 3 -0.0000000
6 4 5 4 -0.0000000
6 4 5 5 0.0000000
6 4 6 0 0.0098807
6 4 6 1 -0.0478116
6 4 6 2 -0.0000000
6 4 6 3 -0.0157305
6 4 6 4 0.1081313
6 4 6 5 0.0547322
6 4 6 6 0.0000000
6 5 0 0 0.0000000
6 5 1 0 0.0000000
6 5 1 1 0.0000000
6 5 2 0 0.0072201
6 5 2 1 0.0589221
6 5 2 2 0.0000000
6 5 3 0 -0.0000000
6 5 3 1 -0.0000000
6 5 3 2 -0.0121046
6 5 3 3 -0.0000000
6 5 4 0 -0.0000000
6 5 4 1 -0.0000000
6 5 4 2 -0.0464554
6 5 4 3 -0.0000000
6 5 4 4 -0.0000000
6 5 5 0 0.0000000
6 5 5 1 0.0000000
6 5 5 2 0.0034578
6 5 5 3 0.0000000
6 5 5 4 0.0000000
6 5 5 5 -0.0000000
6 5 6 0 0.0099940
6 5 6 1 -0.0181411
6 5 6 2 -0.0000000
6 5 6 3 -0.0042062
6 5 6 4 0.0547322
6 5 6 5 0.0423707
6 5 6 6 0.0000000
6 6 0 0 0.7290803
6 6 1 0 -0.0060090
6 6 1 1 0.4989952
6 6 2 0 0.0000000
6 6 2 1 0.0000000
6 6 2 2 0.5299277
6 6 3 0 0.0043261
6 6 3 1 -0.0217079
6 6 3 2 -0.0000000
6 6 3 3 0.4986543
6 6 4 0 -0.0038703
6 6 4 1 -0.0168616
6 6 4 2 -0.0000000
6 6 4 3 -0.0320223
6 6 4 4 0.4765681
6 6 5 0 -0.0063976
6 6 5 1 0.0640915
6 6 5 2 -0.0000000
6 6 5 3 0.0267078
6 6 5 4 0.0353295
6 6 5 5 0.5054743
6 6 6 0 0.0000000
6 6 6 1 -0.0000000
6 6 6 2 0.0505558
6 6 6 3 -0.0000000
6 6 6 4 0.0000000
6 6 6 5 0.0000000
6 6 6 6 0.5575990
7 0 0 0 -0.0850690
7 0 1 0 0.0038198
7 0 1 1 -0.0071154
7 0 2 0 0.0000000
7 0 2 1 0.0000000
7 0 2 2 -0.0006825
7 0 3 0 -0.0034649
7 0 3 1 0.0050439
7 0 3 2 -0.0000000
7 0 3 3 -0.0045706
7 0 4 0 0.0032212
7 0 4 1 -0.0034144
7 0 4 2 -0.0000000
7 0 4 3 0.0024706
7 0 4 4 -0.0035870
7 0 5 0 0.0053300
7 0 5 1 -0.0044227
7 0 5 2 -0.0000000
7 0 5 3 0.0057487
7 0 5 4 -0.0031700
7 0 5 5 -0.0046241
7 0 6 0 0.0000000
7 0 6 1 -0.0000000
7 0 6 2 0.0016637
7 0 6 3 0.0000000
7 0 6 4 -0.0000000
7 0 6 5 -0.0000000
7 0 6 6 0.0006900
7 0 7 0 0.0112603
7 0 7 1 0.0015647
7 0 7 2 0.0000000
7 0 7 3 -0.0026538
7 0 7 4 0.0014046
7 0 7 5 0.0031160
7 0 7 6 0.0000000
7 0 7 7 0.0059793
7 1 0 0 -0.0065574
7 1 1 0 -0.0010205
7 1 1 1 -0.0012910
7 1 2 0 0.0000000
7 1 2 1 0.0000000
7 1 2 2 0.0056892
7 1 3 0 0.0030984
7 1 3 1 0.0074421
7 1 3 2 0.0000000
7 1 3 3 -0.0107519
7 1 4 0 -0.0013751
7 1 4 1 -0.0074398
7 1 4 2 -0.0000000
7 1 4 3 0.0065525
7 1 4 4 0.0013278
7 1 5 0 0.0004054
7 1 5 1 -0.0025400
7 1 5 2 0.0000000
7 1 5 3 0.0051295
7 1 5 4 0.0012794
7 1 5 5 -0.0005849
7 1 6 0 0.0000000
7 1 6 1 -0.0000000
7 1 6 2 -0.0023309
7 1 6 3 0.0000000
7 1 6 4 0.0000000
7 1 6 5 0.0000000
7 1 6 6 0.0046780
7 1 7 0 0.0015647
7 1 7 1 0.0100244
7 1 7 2 0.0000000
7 1 7 3 0.0040984
7 1 7 4 0.0071445
7 1 7 5 0.0002286
7 1 7 6 0.0000000
7 1 7 7 -0.0024835
7 2 0 0 0.0000000
7 2 1 0 0.0000000
7 2 1 1 0.0000000
7 2 2 0 0.0046053
7 2 2 1 0.0221310
7 2 2 2 -0.0000000
7 2 3 0 -0.0000000
7 2 3 1 -0.0000000
7 2 3 2 -0.0105543
7 2 3 3 0.0000000
7 2 4 0 -0.0000000
7 2 4 1 -0.0000000
7 2 4 2 -0.0131542
7 2 4 3 0.0000000
7 2 4 4 -0.0000000
7 2 5 0 -0.0000000
7 2 5 1 0.0000000
7 2 5 2 0.0039315
7 2 5 3 -0.0000000
7 2 5 4 -0.0000000
7 2 5 5 0.0000000
7 2 6 0 0.0068474
7 2 6 1 -0.0004326
7 2 6 2 -0.0000000
7 2 6 3 -0.0105824
7 2 6 4 0.0175135
7 2 6 5 0.0122984
7 2 6 6 0.0000000
7 2 7 0 0.0000000
7 2 7 1 0.0000000
7 2 7 2 0.0173834
7 2 7 3 -0.0000000
7 2 7 4 -0.0000000
7 2 7 5 0.0000000
7 2 7 6 0.0157799
7 2 7 7 -0.0000000
7 3 0 0 -0.0085037
7 3 1 0 0.0042785
7 3 1 1 0.0265007
7 3 2 0 -0.0000000
7 3 2 1 -0.0000000
7 3 2 2 0.0018663
7 3 3 0 0.0024599
7 3 3 1 0.0038209
7 3 3 2 0.0000000
7 3 3 3 -0.0112524
7 3 4 0 0.0005113
7 3 4 1 0.0085482
7 3 4 2 0.0000000
7 3 4 3 0.0155469
7 3 4 4 0.0161545
7 3 5 0 0.0081333
7 3 5 1 0.0028066
7 3 5 2 -0.0000000
7 3 5 3 -0.0193191
7 3 5 4 0.0024873
7 3 5 5 0.0218336
7 3 6 0 -0.0000000
7 3 6 1 0.0000000
7 3 6 2 -0.0158359
7 3 6 3 0.0000000
7 3 6 4 0.0000000
7 3 6 5 -0.0000000
7 3 6 6 -0.0056794
7 3 7 0 -0.0026538
7 3 7 1 0.0040984
7 3 7 2 -0.0000000
7 3 7 3 0.0266287
7 3 7 4 0.0016840
7 3 7 5 0.0006264
7 3 7 6 0.0000000
7 3 7 7 0.0048572
7 4 0 0 0.0072037
7 4 1 0 -0.0020096
7 4 1 1 -0.0067058
7 4 2 0 -0.0000000
7 4 2 1 -0.0000000
7 4 2 2 -0.0039940
7 4 3 0 0.0001388
7 4 3 1 0.0009026
7 4 3 2 0.0000000
7 4 3 3 0.0050101
7 4 4 0 -0.0007449
7 4 4 1 0.0010567
7 4 4 2 -0.0000000
7 4 4 3 -0.0017921
7 4 4 4 -0.0042780
7 4 5 0 -0.0030667
7 4 5 1 -0.0021769
7 4 5 2 -0.0000000
7 4 5 3 0.0044904
7 4 5 4 -0.0051177
7 4 5 5 -0.0028947
7 4 6 0 -0.0000000
7 4 6 1 -0.0000000
7 4 6 2 0.0055648
7 4 6 3 0.0000000
7 4 6 4 -0.0000000
7 4 6 5 -0.0000000
7 4 6 6 0.0001747
7 4 7 0 0.0014046
7 4 7 1 0.0071445
7 4 7 2 -0.0000000
7 4 7 3 0.0016840
7 4 7 4 0.0174647
7 4 7 5 -0.0143978
7 4 7 6 -0.0000000
7 4 7 7 0.0060788
7 5 0 0 0.0105698
7 5 1 0 -0.0012858
7 5 1 1 0.0021490
7 5 2 0 -0.0000000
7 5 2 1 0.0000000
7 5 2 2 0.0048910
7 5 3 0 0.0078763
7 5 3 1 0.0191566
7 5 3 2 -0.0000000
7 5 3 3 -0.0162052
7 5 4 0 -0.0029662
7 5 4 1 0.0003775
7 5 4 2 -0.0000000
7 5 4 3 0.0149650
7 5 4 4 -0.0003956
7 5 5 0 0.0033679
7 5 5 1 0.0010440
7 5 5 2 -0.0000000
7 5 5 3 0.0063295
7 5 5 4 -0.0037873
7 5 5 5 0.0163400
7 5 6 0 -0.0000000
7 5 6 1 0.0000000
7 5 6 2 0.0032091
7 5 6 3 0.0000000
7 5 6 4 0.0000000
7 5 6 5 -0.0000000
7 5 6 6 0.0021699
7 5 7 0 0.0031160
7 5 7 1 0.0002286
7 5 7 2 0.0000000
7 5 7 3 0.0006264
7 5 7 4 -0.0143978
7 5 7 5 0.0330173
7 5 7 6 -0.0000000
7 5 7 7 0.0184155
7 6 0 0 0.0000000
7 6 1 0 0.0000000
7 6 1 1 -0.0000000
7 6 2 0 0.0054547
7 6 2 1 0.0130984
7 6 2 2 -0.0000000
7 6 3 0 -0.0000000
7 6 3 1 -0.0000000
7 6 3 2 -0.0110122
7 6 3 3 0.0000000
7 6 4 0 -0.0000000
7 6 4 1 -0.0000000
7 6 4 2 -0.0017231
7 6 4 3 0.0000000
7 6 4 4 -0.0000000
7 6 5 0 -0.0000000
7 6 5 1 0.0000000
7 6 5 2 0.0062384
7 6 5 3 -0.0000000
7 6 5 4 -0.0000000
7 6 5 5 -0.0000000
7 6 6 0 0.0081751
7 6 6 1 0.0062220
7 6 6 2 0.0000000
7 6 6 3 -0.0129099
7 6 6 4 0.0075551
7 6 6 5 0.0068575
7 6 6 6 0.0000000
7 6 7 0 0.0000000
7 6 7 1 0.0000000
7 6 7 2 0.0157799
7 6 7 3 0.0000000
7 6 7 4 -0.0000000
7 6 7 5 -0.0000000
7 6 7 6 0.0207232
7 6 7 7 0.0000000
7 7 0 0 0.5615209
7 7 1 0 -0.0067687
7 7 1 1 0.4311568
7 7 2 0 -0.0000000
7 7 2 1 0.0000000
7 7 2 2 0.4008109
7 7 3 0 0.0084085
7 7 3 1 0.0394235
7 7 3 2 -0.0000000
7 7 3 3 0.4254002
7 7 4 0 -0.0050572
7 7 4 1 0.0523544
7 7 4 2 -0.0000000
7 7 4 3 0.0220972
7 7 4 4 0.4112501
7 7 5 0 -0.0046401
7 7 5 1 0.0143626
7 7 5 2 -0.0000000
7 7 5 3 -0.0062110
7 7 5 4 -0.0478360
7 7 5 5 0.4829692
7 7 6 0 -0.0000000
7 7 6 1 0.0000000
7 7 6 2 0.0460904
7 7 6 3 0.0000000
7 7 6 4 -0.0000000
7 7 6 5 -0.0000000
7 7 6 6 0.4146870
7 7 7 0 0.0059793
7 7 7 1 -0.0024835
7 7 7 2 -0.0000000
7 7 7 3 0.0048572
7 7 7 4 0.0060788
7 7 7 5 0.0184155
7 7 7 6 0.0000000
7 7 7 7 0.5146546
8 0 0 0 0.0000000
8 0 1 0 0.0000000
8 0 1 1 0.0000000
8 0 2 0 0.0002359
8 0 2 1 0.0003078
8 0 2 2 0.0000000
8 0 3 0 0.0000000
8 0 3 1 -0.0000000
8 0 3 2 -0.0001689
8 0 3 3 0.0000000
8 0 4 0 -0.0000000
8 0 4 1 -0.0000000
8 0 4 2 0.0000937
8 0 4 3 -0.0000000
8 0 4 4 0.0000000
8 0 5 0 0.0000000
8 0 5 1 0.0000000
8 0 5 2 0.0002848
8 0 5 3 0.0000000
8 0 5 4 0.0000000
8 0 5 5 0.0000000
8 0 6 0 0.0003483
8 0 6 1 0.0002628
8 0 6 2 -0.0000000
8 0 6 3 -0.0001947
8 0 6 4 0.0000432
8 0 6 5 0.0002126
8 0 6 6 0.0000000
8 0 7 0 -0.0000000
8 0 7 1 0.0000000
8 0 7 2 0.0001249
8 0 7 3 -0.0000000
8 0 7 4 -0.0000000
8 0 7 5 0.0000000
8 0 7 6 0.0001606
8 0 7 7 -0.0000000
8 0 8 0 0.0000107
8 0 8 1 -0.0000428
8 0 8 2 0.0000000
8 0 8 3 -0.0000881
8 0 8 4 -0.0000860
8 0 8 5 0.0002143
8 0 8 6 -0.0000000
8 0 8 7 -0.0000305
8 0 8 8 -0.0000000
8 1 0 0 0.0000000
8 1 1 0 0.0000000
8 1 1 1 0.0000000
8 1 2 0 0.0020319
8 1 2 1 0.0346120
8 1 2 2 -0.0000000
8 1 3 0 0.0000000
8 1 3 1 0.0000000
8 1 3 2 -0.0065672
8 1 3 3 0.0000000
8 1 4 0 -0.0000000
8 1 4 1 0.0000000
8 1 4 2 -0.0307853
8 1 4 3 -0.0000000
8 1 4 4 -0.0000000
8 1 5 0 0.0000000
8 1 5 1 0.0000000
8 1 5 2 -0.0016980
8 1 5 3 -0.0000000
8 1 5 4 -0.0000000
8 1 5 5 0.0000000
8 1 6 0 0.0027403
8 1 6 1 -0.0164413
8 1 6 2 -0.0000000
8 1 6 3 -0.0025000
8 1 6 4 0.0349759
8 1 6 5 0.0196354
8 1 6 6 0.0000000
8 1 7 0 0.0000000
8 1 7 1 0.0000000
8 1 7 2 0.0067910
8 1 7 3 0.0000000
8 1 7 4 -0.0000000
8 1 7 5 0.0000000
8 1 7 6 0.0013235
8 1 7 7 -0.0000000
8 1 8 0 -0.0000428
8 1 8 1 0.0259892
8 1 8 2 -0.0000000
8 1 8 3 0.0136410
8 1 8 4 0.0053380
8 1 8 5 -0.0256611
8 1 8 6 0.0000000
8 1 8 7 -0.0004413
8 1 8 8 -0.0000000
8 2 0 0 0.0339935
8 2 1 0 0.0001627
8 2 1 1 0.0189168
8 2 2 0 -0.0000000
8 2 2 1 -0.0000000
8 2 2 2 0.0296831
8 2 3 0 0.0003000
8 2 3 1 -0.0117779
8 2 3 2 0.0000000
8 2 3 3 0.0150751
8 2 4 0 -0.0000193
8 2 4 1 -0.0184574
8 2 4 2 0.0000000
8 2 4 3 -0.0134138
8 2 4 4 0.0113248
8 2 5 0 0.0003613
8 2 5 1 0.0186023
8 2 5 2 0.0000000
8 2 5 3 0.0143142
8 2 5 4 0.0238438
8 2 5 5 0.0045739
8 2 6 0 -0.0000000
8 2 6 1 -0.0000000
8 2 6 2 0.0024024
8 2 6 3 -0.0000000
8 2 6 4 -0.0000000
8 2 6 5 0.0000000
8 2 6 6 0.0299574
8 2 7 0 -0.0000085
8 2 7 1 0.0028048
8 2 7 2 -0.0000000
8 2 7 3 -0.0031608
8 2 7 4 -0.0014696
8 2 7 5 -0.0012049
8 2 7 6 -0.0000000
8 2 7 7 -0.0210479
8 2 8 0 0.0000000
8 2 8 1 -0.0000000
8 2 8 2 0.0216741
8 2 8 3 0.0000000
8 2 8 4 0.0000000
8 2 8 5 -0.0000000
8 2 8 6 -0.0163814
8 2 8 7 -0.0000000
8 2 8 8 -0.0598806
8 3 0 0 0.0000000
8 3 1 0 0.0000000
8 3 1 1 0.0000000
8 3 2 0 0.0003415
8 3 2 1 0.0086160
8 3 2 2 -0.0000000
8 3 3 0 0.0000000
8 3 3 1 -0.0000000
8 3 3 2 -0.0001352
8 3 3 3 0.0000000
8 3 4 0 -0.0000000
8 3 4 1 -0.0000000
8 3 4 2 -0.0091071
8 3 4 3 -0.0000000
8 3 4 4 -0.0000000
8 3 5 0 0.0000000
8 3 5 1 0.0000000
8 3 5 2 0.0005642
8 3 5 3 0.0000000
8 3 5 4 0.0000000
8 3 5 5 0.0000000
8 3 6 0 0.0004320
8 3 6 1 -0.0049818
8 3 6 2 -0.0000000
8 3 6 3 0.0008774
8 3 6 4 0.0097861
8 3 6 5 0.0048069
8 3 6 6 0.0000000
8 3 7 0 0.0000000
8 3 7 1 0.0000000
8 3 7 2 0.0016696
8 3 7 3 -0.0000000
8 3 7 4 -0.0000000
8 3 7 5 -0.0000000
8 3 7 6 0.0001235
8 3 7 7 -0.0000000
8 3 8 0 -0.0000881
8 3 8 1 0.0136410
8 3 8 2 0.0000000
8 3 8 3 0.0099261
8 3 8 4 0.0088040
8 3 8 5 -0.0167171
8 3 8 6 0.0000000
8 3 8 7 0.0011137
8 3 8 8 -0.0000000
8 4 0 0 -0.0000000
8 4 1 0 -0.0000000
8 4 1 1 -0.0000000
8 4 2 0 -0.0003294
8 4 2 1 -0.0127479
8 4 2 2 0.0000000
8 4 3 0 -0.0000000
8 4 3 1 -0.0000000
8 4 3 2 0.0024576
8 4 3 3 -0.0000000
8 4 4 0 0.0000000
8 4 4 1 -0.0000000
8 4 4 2 0.0126268
8 4 4 3 -0.0000000
8 4 4 4 0.0000000
8 4 5 0 0.0000000
8 4 5 1 0.0000000
8 4 5 2 0.0064210
8 4 5 3 0.0000000
8 4 5 4 0.0000000
8 4 5 5 -0.0000000
8 4 6 0 -0.0005709
8 4 6 1 0.0091669
8 4 6 2 -0.0000000
8 4 6 3 0.0014011
8 4 6 4 -0.0142635
8 4 6 5 -0.0096827
8 4 6 6 -0.0000000
8 4 7 0 -0.0000000
8 4 7 1 0.0000000
8 4 7 2 -0.0017213
8 4 7 3 -0.0000000
8 4 7 4 0.0000000
8 4 7 5 -0.0000000
8 4 7 6 -0.0009984
8 4 7 7 -0.0000000
8 4 8 0 -0.0000860
8 4 8 1 0.0053380
8 4 8 2 0.0000000
8 4 8 3 0.0088040
8 4 8 4 0.0170145
8 4 8 5 -0.0120023
8 4 8 6 0.0000000
8 4 8 7 -0.0011911
8 4 8 8 -0.0000000
8 5 0 0 0.0000000
8 5 1 0 -0.0000000
8 5 1 1 -0.0000000
8 5 2 0 -0.0004094
8 5 2 1 -0.0206359
8 5 2 2 0.0000000
8 5 3 0 0.0000000
8 5 3 1 -0.0000000
8 5 3 2 0.0041905
8 5 3 3 0.0000000
8 5 4 0 0.0000000
8 5 4 1 -0.0000000
8 5 4 2 0.0253537
8 5 4 3 0.0000000
8 5 4 4 0.0000000
8 5 5 0 -0.0000000
8 5 5 1 0.0000000
8 5 5 2 0.0045573
8 5 5 3 0.0000000
8 5 5 4 0.0000000
8 5 5 5 -0.0000000
8 5 6 0 -0.0005901
8 5 6 1 0.0158342
8 5 6 2 0.0000000
8 5 6 3 0.0000510
8 5 6 4 -0.0285317
8 5 6 5 -0.0123905
8 5 6 6 -0.0000000
8 5 7 0 -0.0000000
8 5 7 1 -0.0000000
8 5 7 2 -0.0039520
8 5 7 3 -0.0000000
8 5 7 4 -0.0000000
8 5 7 5 0.0000000
8 5 7 6 0.0012745
8 5 7 7 0.0000000
8 5 8 0 0.0002143
8 5 8 1 -0.0256611
8 5 8 2 -0.0000000
8 5 8 3 -0.0167171
8 5 8 4 -0.0120023
8 5 8 5 0.0328356
8 5 8 6 -0.0000000
8 5 8 7 0.0007974
8 5 8 8 0.0000000
8 6 0 0 0.0006597
8 6 1 0 -0.0002036
8 6 1 1 -0.0056770
8 6 2 0 -0.0000000
8 6 2 1 -0.0000000
8 6 2 2 -0.0131259
8 6 3 0 0.0003261
8 6 3 1 0.0080582
8 6 3 2 -0.0000000
8 6 3 3 0.0021455
8 6 4 0 -0.0002511
8 6 4 1 0.0193643
8 6 4 2 -0.0000000
8 6 4 3 0.0072232
8 6 4 4 -0.0077648
8 6 5 0 -0.0000943
8 6 5 1 -0.0043639
8 6 5 2 0.0000000
8 6 5 3 -0.0074747
8 6 5 4 -0.0200979
8 6 5 5 0.0082902
8 6 6 0 -0.0000000
8 6 6 1 0.0000000
8 6 6 2 0.0104845
8 6 6 3 0.0000000
8 6 6 4 0.0000000
8 6 6 5 -0.0000000
8 6 6 6 -0.0156343
8 6 7 0 0.0001241
8 6 7 1 -0.0024369
8 6 7 2 -0.0000000
8 6 7 3 0.0015744
8 6 7 4 0.0005716
8 6 7 5 0.0032487
8 6 7 6 -0.0000000
8 6 7 7 0.0246060
8 6 8 0 -0.0000000
8 6 8 1 0.0000000
8 6 8 2 -0.0163814
8 6 8 3 0.0000000
8 6 8 4 0.0000000
8 6 8 5 -0.0000000
8 6 8 6 0.0148399
8 6 8 7 -0.0000000
8 6 8 8 0.0423762
8 7 0 0 0.0000000
8 7 1 0 0.0000000
8 7 1 1 0.0000000
8 7 2 0 0.0002609
8 7 2 1 0.0032362
8 7 2 2 -0.0000000
8 7 3 0 0.0000000
8 7 3 1 0.0000000
8 7 3 2 -0.0013300
8 7 3 3 -0.0000000
8 7 4 0 -0.0000000
8 7 4 1 0.0000000
8 7 4 2 -0.0020997
8 7 4 3 0.0000000
8 7 4 4 -0.0000000
8 7 5 0 0.0000000
8 7 5 1 -0.0000000
8 7 5 2 -0.0008406
8 7 5 3 -0.0000000
8 7 5 4 -0.0000000
8 7 5 5 0.0000000
8 7 6 0 0.0003325
8 7 6 1 -0.0021182
8 7 6 2 -0.0000000
8 7 6 3 -0.0003618
8 7 6 4 0.0025453
8 7 6 5 0.0025432
8 7 6 6 0.0000000
8 7 7 0 -0.0000000
8 7 7 1 -0.0000000
8 7 7 2 -0.0037151
8 7 7 3 -0.0000000
8 7 7 4 -0.0000000
8 7 7 5 0.0000000
8 7 7 6 0.0039111
8 7 7 7 -0.0000000
8 7 8 0 -0.0000305
8 7 8 1 -0.0004413
8 7 8 2 -0.0000000
8 7 8 3 0.0011137
8 7 8 4 -0.0011911
8 7 8 5 0.0007974
8 7 8 6 -0.0000000
8 7 8 7 0.0210483
8 7 8 8 -0.0000000
8 8 0 0 0.3245175
8 8 1 0 0.0029100
8 8 1 1 0.4369715
8 8 2 0 -0.0000000
8 8 2 1 -0.0000000
8 8 2 2 0.3557882
8 8 3 0 0.0040707
8 8 3 1 0.0772022
8 8 3 2 0.0000000
8 8 3 3 0.3357201
8 8 4 0 -0.0005906
8 8 4 1 0.0583917
8 8 4 2 0.0000000
8 8 4 3 0.0877568
8 8 4 4 0.4467548
8 8 5 0 0.0068869
8 8 5 1 -0.0668335
8 8 5 2 -0.0000000
8 8 5 3 -0.0770079
8 8 5 4 -0.0747189
8 8 5 5 0.4654466
8 8 6 0 -0.0000000
8 8 6 1 0.0000000
8 8 6 2 -0.0511304
8 8 6 3 0.0000000
8 8 6 4 0.0000000
8 8 6 5 -0.0000000
8 8 6 6 0.3513357
8 8 7 0 -0.0014084
8 8 7 1 -0.0030184
8 8 7 2 -0.0000000
8 8 7 3 0.0300077
8 8 7 4 -0.0004000
8 8 7 5 0.0113995
8 8 7 6 -0.0000000
8 8 7 7 0.4670424
8 8 8 0 -0.0000000
8 8 8 1 -0.0000000
8 8 8 2 -0.0598806
8 8 8 3 -0.0000000
8 8 8 4 -0.0000000
8 8 8 5 0.0000000
8 8 8 6 0.0423762
8 8 8 7 -0.0000000
8 8 8 8 0.6728328
9 0 0 0 0.0028046
9 0 1 0 -0.0001015
9 0 1 1 0.0003669
9 0 2 0 -0.0000000
9 0 2 1 0.0000000
9 0 2 2 0.0003655
9 0 3 0 0.0001164
9 0 3 1 -0.0001945
9 0 3 2 -0.0000000
9 0 3 3 0.0005004
9 0 4 0 -0.0000836
9 0 4 1 0.0000296
9 0 4 2 -0.0000000
9 0 4 3 -0.0002633
9 0 4 4 0.0000923
9 0 5 0 -0.0001036
9 0 5 1 0.0004479
9 0 5 2 0.0000000
9 0 5 3 0.0001619
9 0 5 4 0.0002258
9 0 5 5 0.0004128
9 0 6 0 -0.0000000
9 0 6 1 -0.0000000
9 0 6 2 0.0002999
9 0 6 3 -0.0000000
9 0 6 4 -0.0000000
9 0 6 5 0.0000000
9 0 6 6 0.0004301
9 0 7 0 -0.0001227
9 0 7 1 -0.0000082
9 0 7 2 0.0000000
9 0 7 3 -0.0000024
9 0 7 4 -0.0000100
9 0 7 5 -0.0000346
9 0 7 6 -0.0000000
9 0 7 7 -0.0000327
9 0 8 0 0.0000000
9 0 8 1 0.0000000
9 0 8 2 0.0001455
9 0 8 3 0.0000000
9 0 8 4 0.0000000
9 0 8 5 -0.0000000
9 0 8 6 -0.0000806
9 0 8 7 0.0000000
9 0 8 8 -0.0004260
9 0 9 0 0.0000059
9 0 9 1 -0.0000147
9 0 9 2 0.0000000
9 0 9 3 -0.0000756
9 0 9 4 -0.0001615
9 0 9 5 0.0001129
9 0 9 6 -0.0000000
9 0 9 7 -0.0000186
9 0 9 8 -0.0000000
9 0 9 9 -0.0027324
9 1 0 0 0.0047676
9 1 1 0 0.0000913
9 1 1 1 0.0028319
9 1 2 0 -0.0000000
9 1 2 1 0.0000000
9 1 2 2 0.0040837
9 1 3 0 -0.0000147
9 1 3 1 -0.0022149
9 1 3 2 -0.0000000
9 1 3 3 0.0020280
9 1 4 0 0.0000327
9 1 4 1 -0.0028269
9 1 4 2 -0.0000000
9 1 4 3 -0.0026188
9 1 4 4 0.0005709
9 1 5 0 0.0001191
9 1 5 1 0.0031569
9 1 5 2 0.0000000
9 1 5 3 0.0021165
9 1 5 4 0.0041601
9 1 5 5 0.0005680
9 1 6 0 0.0000000
9 1 6 1 -0.0000000
9 1 6 2 -0.0000192
9 1 6 3 -0.0000000
9 1 6 4 -0.0000000
9 1 6 5 0.0000000
9 1 6 6 0.0041439
9 1 7 0 -0.0000769
9 1 7 1 0.0003718
9 1 7 2 0.0000000
9 1 7 3 0.0001387
9 1 7 4 0.0001858
9 1 7 5 -0.0006769
9 1 7 6 0.0000000
9 1 7 7 -0.0009969
9 1 8 0 0.0000000
9 1 8 1 0.0000000
9 1 8 2 0.0018302
9 1 8 3 0.0000000
9 1 8 4 0.0000000
9 1 8 5 -0.0000000
9 1 8 6 -0.0014666
9 1 8 7 0.0000000
9 1 8 8 -0.0031363
9 1 9 0 -0.0000147
9 1 9 1 0.0028051
9 1 9 2 0.0000000
9 1 9 3 0.0029270
9 1 9 4 0.0049410
9 1 9 5 -0.0051486
9 1 9 6 0.0000000
9 1 9 7 -0.0007263
9 1 9 8 -0.0000000
9 1 9 9 0.0160684
9 2 0 0 -0.0000000
9 2 1 0 0.0000000
9 2 1 1 -0.0000000
9 2 2 0 0.0001391
9 2 2 1 0.0022039
9 2 2 2 -0.0000000
9 2 3 0 -0.0000000
9 2 3 1 0.0000000
9 2 3 2 -0.0006255
9 2 3 3 -0.0000000
9 2 4 0 -0.0000000
9 2 4 1 0.0000000
9 2 4 2 -0.0022952
9 2 4 3 0.0000000
9 2 4 4 -0.0000000
9 2 5 0 0.0000000
9 2 5 1 -0.0000000
9 2 5 2 0.0000729
9 2 5 3 -0.0000000
9 2 5 4 -0.0000000
9 2 5 5 0.0000000
9 2 6 0 0.0001834
9 2 6 1 -0.0009979
9 2 6 2 -0.0000000
9 2 6 3 -0.0000383
9 2 6 4 0.0025285
9 2 6 5 0.0011097
9 2 6 6 0.0000000
9 2 7 0 0.0000000
9 2 7 1 -0.0000000
9 2 7 2 0.0003679
9 2 7 3 0.0000000
9 2 7 4 -0.0000000
9 2 7 5 0.0000000
9 2 7 6 0.0000192
9 2 7 7 0.0000000
9 2 8 0 -0.0000025
9 2 8 1 0.0018248
9 2 8 2 -0.0000000
9 2 8 3 0.0011924
9 2 8 4 0.0011337
9 2 8 5 -0.0021204
9 2 8 6 0.0000000
9 2 8 7 0.0000250
9 2 8 8 0.0000000
9 2 9 0 0.0000000
9 2 9 1 0.0000000
9 2 9 2 0.0014153
9 2 9 3 0.0000000
9 2 9 4 0.0000000
9 2 9 5 -0.0000000
9 2 9 6 -0.0012584
9 2 9 7 -0.0000000
9 2 9 8 -0.0042511
9 2 9 9 0.0000000
9 3 0 0 0.0001190
9 3 1 0 -0.0000542
9 3 1 1 -0.0004799
9 3 2 0 0.0000000
9 3 2 1 0.0000000
9 3 2 2 0.0005229
9 3 3 0 0.0000479
9 3 3 1 -0.0003678
9 3 3 2 -0.0000000
9 3 3 3 -0.0004957
9 3 4 0 -0.0000371
9 3 4 1 -0.0011845
9 3 4 2 -0.0000000
9 3 4 3 -0.0007372
9 3 4 4 -0.0008419
9 3 5 0 -0.0000410
9 3 5 1 0.0003129
9 3 5 2 -0.0000000
9 3 5 3 0.0007784
9 3 5 4 0.0009345
9 3 5 5 -0.0004370
9 3 6 0 0.0000000
9 3 6 1 -0.0000000
9 3 6 2 -0.0003338
9 3 6 3 -0.0000000
9 3 6 4 -0.0000000
9 3 6 5 0.0000000
9 3 6 6 0.0005992
9 3 7 0 0.0000506
9 3 7 1 -0.0000528
9 3 7 2 0.0000000
9 3 7 3 -0.0000365
9 3 7 4 -0.0000349
9 3 7 5 0.0002437
9 3 7 6 -0.0000000
9 3 7 7 0.0019754
9 3 8 0 -0.0000000
9 3 8 1 0.0000000
9 3 8 2 -0.0006046
9 3 8 3 0.0000000
9 3 8 4 -0.0000000
9 3 8 5 -0.0000000
9 3 8 6 0.0004431
9 3 8 7 0.0000000
9 3 8 8 0.0025769
9 3 9 0 -0.0000756
9 3 9 1 0.0029270
9 3 9 2 0.0000000
9 3 9 3 0.0043533
9 3 9 4 0.0079286
9 3 9 5 -0.0069779
9 3 9 6 0.0000000
9 3 9 7 0.0005782
9 3 9 8 -0.0000000
9 3 9 9 0.0644510
9 4 0 0 -0.0011075
9 4 1 0 0.0000135
9 4 1 1 -0.0014338
9 4 2 0 0.0000000
9 4 2 1 0.0000000
9 4 2 2 -0.0011422
9 4 3 0 -0.0000643
9 4 3 1 -0.0002682
9 4 3 2 -0.0000000
9 4 3 3 -0.0007435
9 4 4 0 0.0000030
9 4 4 1 0.0005190
9 4 4 2 -0.0000000
9 4 4 3 -0.0002068
9 4 4 4 -0.0018125
9 4 5 0 -0.0000073
9 4 5 1 -0.0003287
9 4 5 2 -0.0000000
9 4 5 3 -0.0005624
9 4 5 4 -0.0009954
9 4 5 5 -0.0000622
9 4 6 0 0.0000000
9 4 6 1 -0.0000000
9 4 6 2 0.0000589
9 4 6 3 0.0000000
9 4 6 4 0.0000000
9 4 6 5 -0.0000000
9 4 6 6 -0.0014186
9 4 7 0 -0.0000479
9 4 7 1 -0.0003699
9 4 7 2 0.0000000
9 4 7 3 0.0008218
9 4 7 4 0.0004159
9 4 7 5 -0.0000324
9 4 7 6 0.0000000
9 4 7 7 0.0056860
9 4 8 0 -0.0000000
9 4 8 1 0.0000000
9 4 8 2 -0.0029379
9 4 8 3 0.0000000
9 4 8 4 -0.0000000
9 4 8 5 -0.0000000
9 4 8 6 0.0024503
9 4 8 7 0.0000000
9 4 8 8 0.0082688
9 4 9 0 -0.0001615
9 4 9 1 0.0049410
9 4 9 2 0.0000000
9 4 9 3 0.0079286
9 4 9 4 0.0152936
9 4 9 5 -0.0128010
9 4 9 6 0.0000000
9 4 9 7 -0.0004626
9 4 9 8 -0.0000000
9 4 9 9 0.1490815
9 5 0 0 0.0031103
9 5 1 0 0.0000947
9 5 1 1 0.0028342
9 5 2 0 -0.0000000
9 5 2 1 -0.0000000
9 5 2 2 0.0000474
9 5 3 0 0.0001180
9 5 3 1 0.0016398
9 5 3 2 -0.0000000
9 5 3 3 0.0026775
9 5 4 0 0.0000001
9 5 4 1 0.0034514
9 5 4 2 -0.0000000
9 5 4 3 0.0016882
9 5 4 4 0.0023820
9 5 5 0 0.0001838
9 5 5 1 0.0003354
9 5 5 2 -0.0000000
9 5 5 3 -0.0010264
9 5 5 4 -0.0025501
9 5 5 5 0.0036197
9 5 6 0 -0.0000000
9 5 6 1 0.0000000
9 5 6 2 0.0017708
9 5 6 3 0.0000000
9 5 6 4 0.0000000
9 5 6 5 -0.0000000
9 5 6 6 -0.0002634
9 5 7 0 -0.0000404
9 5 7 1 -0.0002201
9 5 7 2 -0.0000000
9 5 7 3 -0.0003473
9 5 7 4 -0.0004616
9 5 7 5 0.0004770
9 5 7 6 -0.0000000
9 5 7 7 -0.0009386
9 5 8 0 0.0000000
9 5 8 1 -0.0000000
9 5 8 2 0.0007950
9 5 8 3 -0.0000000
9 5 8 4 -0.0000000
9 5 8 5 0.0000000
9 5 8 6 -0.0002630
9 5 8 7 -0.0000000
9 5 8 8 -0.0031903
9 5 9 0 0.0001129
9 5 9 1 -0.0051486
9 5 9 2 -0.0000000
9 5 9 3 -0.0069779
9 5 9 4 -0.0128010
9 5 9 5 0.0117426
9 5 9 6 -0.0000000
9 5 9 7 0.0008957
9 5 9 8 0.0000000
9 5 9 9 -0.0952558
9 6 0 0 -0.0000000
9 6 1 0 -0.0000000
9 6 1 1 -0.0000000
9 6 2 0 -0.0000651
9 6 2 1 -0.0020916
9 6 2 2 0.0000000
9 6 3 0 -0.0000000
9 6 3 1 -0.0000000
9 6 3 2 0.0005574
9 6 3 3 -0.0000000
9 6 4 0 0.0000000
9 6 4 1 -0.0000000
9 6 4 2 0.0025572
9 6 4 3 -0.0000000
9 6 4 4 0.0000000
9 6 5 0 -0.0000000
9 6 5 1 -0.0000000
9 6 5 2 0.0003555
9 6 5 3 -0.0000000
9 6 5 4 0.0000000
9 6 5 5 -0.0000000
9 6 6 0 -0.0000910
9 6 6 1 0.0014374
9 6 6 2 0.0000000
9 6 6 3 0.0000034
9 6 6 4 -0.0028605
9 6 6 5 -0.0011849
9 6 6 6 -0.0000000
9 6 7 0 -0.0000000
9 6 7 1 -0.0000000
9 6 7 2 -0.0004175
9 6 7 3 0.0000000
9 6 7 4 0.0000000
9 6 7 5 -0.0000000
9 6 7 6 -0.0000422
9 6 7 7 0.0000000
9 6 8 0 0.0000113
9 6 8 1 -0.0018978
9 6 8 2 -0.0000000
9 6 8 3 -0.0012212
9 6 8 4 -0.0009638
9 6 8 5 0.0023732
9 6 8 6 0.0000000
9 6 8 7 -0.0001142
9 6 8 8 0.0000000
9 6 9 0 -0.0000000
9 6 9 1 0.0000000
9 6 9 2 -0.0012584
9 6 9 3 0.0000000
9 6 9 4 0.0000000
9 6 9 5 -0.0000000
9 6 9 6 0.0011419
9 6 9 7 -0.0000000
9 6 9 8 0.0036562
9 6 9 9 0.0000000
9 7 0 0 -0.0009786
9 7 1 0 0.0000861
9 7 1 1 0.0008754
9 7 2 0 0.0000000
9 7 2 1 -0.0000000
9 7 2 2 0.0002522
9 7 3 0 -0.0000326
9 7 3 1 -0.0002337
9 7 3 2 0.0000000
9 7 3 3 -0.0003546
9 7 4 0 0.0000429
9 7 4 1 -0.0001769
9 7 4 2 0.0000000
9 7 4 3 -0.0000995
9 7 4 4 0.0003868
9 7 5 0 0.0000834
9 7 5 1 -0.0003428
9 7 5 2 -0.0000000
9 7 5 3 -0.0001356
9 7 5 4 0.0004228
9 7 5 5 0.0000984
9 7 6 0 -0.0000000
9 7 6 1 -0.0000000
9 7 6 2 -0.0007375
9 7 6 3 -0.0000000
9 7 6 4 0.0000000
9 7 6 5 0.0000000
9 7 6 6 0.0002442
9 7 7 0 -0.0000535
9 7 7 1 -0.0009271
9 7 7 2 -0.0000000
9 7 7 3 -0.0008045
9 7 7 4 -0.0018637
9 7 7 5 0.0013897
9 7 7 6 -0.0000000
9 7 7 7 -0.0001771
9 7 8 0 0.0000000
9 7 8 1 0.0000000
9 7 8 2 0.0002643
9 7 8 3 0.0000000
9 7 8 4 0.0000000
9 7 8 5 -0.0000000
9 7 8 6 -0.0003852
9 7 8 7 -0.0000000
9 7 8 8 0.0000619
9 7 9 0 -0.0000186
9 7 9 1 -0.0007263
9 7 9 2 -0.0000000
9 7 9 3 0.0005782
9 7 9 4 -0.0004626
9 7 9 5 0.0008957
9 7 9 6 -0.0000000
9 7 9 7 0.0091562
9 7 9 8 -0.0000000
9 7 9 9 -0.0149403
9 8 0 0 0.0000000
9 8 1 0 0.0000000
9 8 1 1 0.0000000
9 8 2 0 0.0001042
9 8 2 1 0.0033085
9 8 2 2 -0.0000000
9 8 3 0 0.0000000
9 8 3 1 0.0000000
9 8 3 2 -0.0000161
9 8 3 3 0.0000000
9 8 4 0 -0.0000000
9 8 4 1 0.0000000
9 8 4 2 -0.0020062
9 8 4 3 0.0000000
9 8 4 4 -0.0000000
9 8 5 0 -0.0000000
9 8 5 1 -0.0000000
9 8 5 2 -0.0016492
9 8 5 3 -0.0000000
9 8 5 4 -0.0000000
9 8 5 5 0.0000000
9 8 6 0 0.0001574
9 8 6 1 -0.0023950
9 8 6 2 -0.0000000
9 8 6 3 -0.0006898
9 8 6 4 0.0026379
9 8 6 5 0.0028053
9 8 6 6 0.0000000
9 8 7 0 0.0000000
9 8 7 1 0.0000000
9 8 7 2 0.0004573
9 8 7 3 0.0000000
9 8 7 4 -0.0000000
9 8 7 5 0.0000000
9 8 7 6 0.0000705
9 8 7 7 0.0000000
9 8 8 0 -0.0000160
9 8 8 1 -0.0001582
9 8 8 2 -0.0000000
9 8 8 3 -0.0014049
9 8 8 4 -0.0042886
9 8 8 5 0.0012951
9 8 8 6 -0.0000000
9 8 8 7 0.0004312
9 8 8 8 0.0000000
9 8 9 0 -0.0000000
9 8 9 1 -0.0000000
9 8 9 2 -0.0042511
9 8 9 3 -0.0000000
9 8 9 4 -0.0000000
9 8 9 5 0.0000000
9 8 9 6 0.0036562
9 8 9 7 -0.0000000
9 8 9 8 0.0145315
9 8 9 9 0.0000000
9 9 0 0 0.3431383
9 9 1 0 0.0035563
9 9 1 1 0.4984659
9 9 2 0 -0.0000000
9 9 2 1 -0.0000000
9 9 2 2 0.3735088
9 9 3 0 0.0047563
9 9 3 1 0.1235548
9 9 3 2 0.0000000
9 9 3 3 0.3926874
9 9 4 0 -0.0010940
9 9 4 1 0.1338612
9 9 4 2 0.0000000
9 9 4 3 0.1587682
9 9 4 4 0.5592044
9 9 5 0 0.0084684
9 9 5 1 -0.1186311
9 9 5 2 -0.0000000
9 9 5 3 -0.1404718
9 9 5 4 -0.1825800
9 9 5 5 0.5869276
9 9 6 0 -0.0000000
9 9 6 1 0.0000000
9 9 6 2 -0.0548540
9 9 6 3 0.0000000
9 9 6 4 0.0000000
9 9 6 5 -0.0000000
9 9 6 6 0.3620608
9 9 7 0 -0.0020418
9 9 7 1 -0.0109934
9 9 7 2 -0.0000000
9 9 7 3 0.0461879
9 9 7 4 0.0059733
9 9 7 5 0.0167157
9 9 7 6 0.0000000
9 9 7 7 0.6182421
9 9 8 0 -0.0000000
9 9 8 1 -0.0000000
9 9 8 2 -0.1094539
9 9 8 3 -0.0000000
9 9 8 4 -0.0000000
9 9 8 5 0.0000000
9 9 8 6 0.0890224
9 9 8 7 -0.0000000
9 9 8 8 0.8416888
9 9 9 0 -0.0027324
9 9 9 1 0.0160684
9 9 9 2 0.0000000
9 9 9 3 0.0644510
9 9 9 4 0.1490815
9 9 9 5 -0.0952558
9 9 9 6 0.0000000
9 9 9 7 -0.0149403
9 9 9 8 0.0000000
9 9 9 9 3.4993864
10 0 0 0 0.0250966
10 0 1 0 -0.0010119
10 0 1 1 0.0027194
10 0 2 0 -0.0000000
10 0 2 1 0.0000000
10 0 2 2 0.0012595
10 0 3 0 0.0009652
10 0 3 1 -0.0015981
10 0 3 2 -0.0000000
10 0 3 3 0.0025152
10 0 4 0 -0.0008538
10 0 4 1 0.0009220
10 0 4 2 -0.0000000
10 0 4 3 -0.0011949
10 0 4 4 0.0012349
10 0 5 0 -0.0013456
10 0 5 1 0.0021445
10 0 5 2 0.0000000
10 0 5 3 -0.0008914
10 0 5 4 0.0011763
10 0 5 5 0.0023158
10 0 6 0 -0.0000000
10 0 6 1 0.0000000
10 0 6 2 0.0004618
10 0 6 3 -0.0000000
10 0 6 4 -0.0000000
10 0 6 5 0.0000000
10 0 6 6 0.0011034
10 0 7 0 -0.0027170
10 0 7 1 -0.0004139
10 0 7 2 -0.0000000
10 0 7 3 0.0005278
10 0 7 4 -0.0004427
10 0 7 5 -0.0007167
10 0 7 6 -0.0000000
10 0 7 7 -0.0012117
10 0 8 0 0.0000000
10 0 8 1 0.0000000
10 0 8 2 0.0003536
10 0 8 3 0.0000000
10 0 8 4 -0.0000000
10 0 8 5 0.0000000
10 0 8 6 -0.0001900
10 0 8 7 0.0000000
10 0 8 8 -0.0006591
10 0 9 0 0.0000359
10 0 9 1 0.0000598
10 0 9 2 -0.0000000
10 0 9 3 -0.0000137
10 0 9 4 -0.0000136
10 0 9 5 0.0000246
10 0 9 6 -0.0000000
10 0 9 7 0.0000115
10 0 9 8 0.0000000
10 0 9 9 -0.0008085
10 0 10 0 0.0006751
10 0 10 1 0.0005226
10 0 10 2 0.0000000
10 0 10 3 -0.0000885
10 0 10 4 0.0001848
10 0 10 5 0.0000575
10 0 10 6 0.0000000
10 0 10 7 -0.0000157
10 0 10 8 -0.0000000
10 0 10 9 0.0000063
10 0 10 10 -0.0010838
10 1 0 0 0.0329998
10 1 1 0 0.0010064
10 1 1 1 0.0326324
10 1 2 0 -0.0000000
10 1 2 1 -0.0000000
10 1 2 2 0.0249740
10 1 3 0 -0.0006316
10 1 3 1 -0.0052680
10 1 3 2 0.0000000
10 1 3 3 0.0254184
10 1 4 0 0.0005144
10 1 4 1 -0.0001861
10 1 4 2 -0.0000000
10 1 4 3 -0.0035122
10 1 4 4 0.0256376
10 1 5 0 0.0010100
10 1 5 1 0.0115141
10 1 5 2 -0.0000000
10 1 5 3 0.0007473
10 1 5 4 0.0082633
10 1 5 5 0.0220763
10 1 6 0 -0.0000000
10 1 6 1 -0.0000000
10 1 6 2 0.0004690
10 1 6 3 -0.0000000
10 1 6 4 -0.0000000
10 1 6 5 0.0000000
10 1 6 6 0.0251501
10 1 7 0 -0.0009421
10 1 7 1 0.0009121
10 1 7 2 -0.0000000
10 1 7 3 0.0006971
10 1 7 4 -0.0002537
10 1 7 5 -0.0050806
10 1 7 6 0.0000000
10 1 7 7 -0.0023811
10 1 8 0 0.0000000
10 1 8 1 0.0000000
10 1 8 2 0.0115261
10 1 8 3 0.0000000
10 1 8 4 0.0000000
10 1 8 5 -0.0000000
10 1 8 6 -0.0091577
10 1 8 7 0.0000000
10 1 8 8 -0.0116102
10 1 9 0 0.0001149
10 1 9 1 0.0010515
10 1 9 2 -0.0000000
10 1 9 3 -0.0012276
10 1 9 4 -0.0036069
10 1 9 5 0.0020374
10 1 9 6 -0.0000000
10 1 9 7 0.0003164
10 1 9 8 0.0000000
10 1 9 9 -0.0404557
10 1 10 0 0.0005226
10 1 10 1 0.0210494
10 1 10 2 -0.0000000
10 1 10 3 0.0106525
10 1 10 4 0.0110243
10 1 10 5 -0.0197595
10 1 10 6 0.0000000
10 1 10 7 -0.0018323
10 1 10 8 -0.0000000
10 1 10 9 0.0001987
10 1 10 10 -0.0530201
10 2 0 0 -0.0000000
10 2 1 0 0.0000000
10 2 1 1 -0.0000000
10 2 2 0 -0.0006407
10 2 2 1 0.0002531
10 2 2 2 -0.0000000
10 2 3 0 0.0000000
10 2 3 1 0.0000000
10 2 3 2 0.0007175
10 2 3 3 -0.0000000
10 2 4 0 0.0000000
10 2 4 1 0.0000000
10 2 4 2 -0.0009015
10 2 4 3 0.0000000
10 2 4 4 -0.0000000
10 2 5 0 0.0000000
10 2 5 1 -0.0000000
10 2 5 2 -0.0015147
10 2 5 3 -0.0000000
10 2 5 4 -0.0000000
10 2 5 5 0.0000000
10 2 6 0 -0.0009735
10 2 6 1 -0.0017602
10 2 6 2 -0.0000000
10 2 6 3 0.0016414
10 2 6 4 0.0007724
10 2 6 5 0.0002918
10 2 6 6 -0.0000000
10 2 7 0 -0.0000000
10 2 7 1 -0.0000000
10 2 7 2 -0.0032342
10 2 7 3 0.0000000
10 2 7 4 0.0000000
10 2 7 5 0.0000000
10 2 7 6 -0.0032093
10 2 7 7 0.0000000
10 2 8 0 0.0000879
10 2 8 1 -0.0001644
10 2 8 2 -0.0000000
10 2 8 3 -0.0021030
10 2 8 4 -0.0043187
10 2 8 5 0.0037608
10 2 8 6 -0.0000000
10 2 8 7 0.0006908
10 2 8 8 0.0000000
10 2 9 0 -0.0000000
10 2 9 1 -0.0000000
10 2 9 2 -0.0004724
10 2 9 3 -0.0000000
10 2 9 4 -0.0000000
10 2 9 5 0.0000000
10 2 9 6 0.0005605
10 2 9 7 -0.0000000
10 2 9 8 0.0009324
10 2 9 9 0.0000000
10 2 10 0 0.0000000
10 2 10 1 -0.0000000
10 2 10 2 0.0070960
10 2 10 3 0.0000000
10 2 10 4 0.0000000
10 2 10 5 0.0000000
10 2 10 6 -0.0042620
10 2 10 7 0.0000000
10 2 10 8 -0.0232429
10 2 10 9 -0.0000000
10 2 10 10 0.0000000
10 3 0 0 0.0102865
10 3 1 0 -0.0007014
10 3 1 1 0.0099465
10 3 2 0 0.0000000
10 3 2 1 0.0000000
10 3 2 2 0.0087466
10 3 3 0 -0.0002332
10 3 3 1 0.0030494
10 3 3 2 -0.0000000
10 3 3 3 0.0115250
10 3 4 0 -0.0001648
10 3 4 1 0.0014586
10 3 4 2 -0.0000000
10 3 4 3 0.0021199
10 3 4 4 0.0131588
10 3 5 0 -0.0012532
10 3 5 1 -0.0016413
10 3 5 2 -0.0000000
10 3 5 3 0.0009973
10 3 5 4 -0.0035775
10 3 5 5 0.0089849
10 3 6 0 0.0000000
10 3 6 1 0.0000000
10 3 6 2 0.0013917
10 3 6 3 0.0000000
10 3 6 4 0.0000000
10 3 6 5 -0.0000000
10 3 6 6 0.0104681
10 3 7 0 0.0004697
10 3 7 1 0.0016855
10 3 7 2 0.0000000
10 3 7 3 -0.0025401
10 3 7 4 0.0048623
10 3 7 5 -0.0046706
10 3 7 6 0.0000000
10 3 7 7 0.0066931
10 3 8 0 0.0000000
10 3 8 1 0.0000000
10 3 8 2 0.0029672
10 3 8 3 0.0000000
10 3 8 4 0.0000000
10 3 8 5 0.0000000
10 3 8 6 -0.0027349
10 3 8 7 0.0000000
10 3 8 8 0.0039173
10 3 9 0 0.0000309
10 3 9 1 -0.0000880
10 3 9 2 -0.0000000
10 3 9 3 -0.0010612
10 3 9 4 -0.0025394
10 3 9 5 0.0017501
10 3 9 6 -0.0000000
10 3 9 7 -0.0001613
10 3 9 8 0.0000000
10 3 9 9 -0.0088732
10 3 10 0 -0.0000885
10 3 10 1 0.0106525
10 3 10 2 0.0000000
10 3 10 3 0.0098657
10 3 10 4 0.0093902
10 3 10 5 -0.0133793
10 3 10 6 0.0000000
10 3 10 7 0.0093582
10 3 10 8 -0.0000000
10 3 10 9 -0.0011423
10 3 10 10 -0.0176773
10 4 0 0 0.0130959
10 4 1 0 0.0009747
10 4 1 1 0.0225615
10 4 2 0 0.0000000
10 4 2 1 0.0000000
10 4 2 2 0.0090461
10 4 3 0 0.0000867
10 4 3 1 0.0052291
10 4 3 2 -0.0000000
10 4 3 3 0.0150299
10 4 4 0 0.0002266
10 4 4 1 0.0121452
10 4 4 2 -0.0000000
10 4 4 3 0.0081319
10 4 4 4 0.0199998
10 4 5 0 0.0014809
10 4 5 1 0.0005625
10 4 5 2 -0.0000000
10 4 5 3 -0.0080212
10 4 5 4 -0.0086085
10 4 5 5 0.0223276
10 4 6 0 0.0000000
10 4 6 1 0.0000000
10 4 6 2 0.0012119
10 4 6 3 0.0000000
10 4 6 4 0.0000000
10 4 6 5 -0.0000000
10 4 6 6 0.0067941
10 4 7 0 -0.0007691
10 4 7 1 0.0007451
10 4 7 2 0.0000000
10 4 7 3 0.0057032
10 4 7 4 0.0035143
10 4 7 5 -0.0029691
10 4 7 6 0.0000000
10 4 7 7 0.0176503
10 4 8 0 0.0000000
10 4 8 1 0.0000000
10 4 8 2 -0.0013275
10 4 8 3 -0.0000000
10 4 8 4 -0.0000000
10 4 8 5 -0.0000000
10 4 8 6 0.0014786
10 4 8 7 0.0000000
10 4 8 8 0.0224353
10 4 9 0 0.0000358
10 4 9 1 -0.0008044
10 4 9 2 -0.0000000
10 4 9 3 -0.0016618
10 4 9 4 -0.0030015
10 4 9 5 0.0029060
10 4 9 6 -0.0000000
10 4 9 7 -0.0002303
10 4 9 8 0.0000000
10 4 9 9 0.0163629
10 4 10 0 0.0001848
10 4 10 1 0.0110243
10 4 10 2 0.0000000
10 4 10 3 0.0093902
10 4 10 4 0.0136206
10 4 10 5 -0.0146188
10 4 10 6 0.0000000
10 4 10 7 0.0120241
10 4 10 8 -0.0000000
10 4 10 9 -0.0031079
10 4 10 10 0.0001283
10 5 0 0 -0.0146056
10 5 1 0 0.0001654
10 5 1 1 -0.0208199
10 5 2 0 0.0000000
10 5 2 1 -0.0000000
10 5 2 2 -0.0173025
10 5 3 0 -0.0019423
10 5 3 1 -0.0065985
10 5 3 2 -0.0000000
10 5 3 3 -0.0094830
10 5 4 0 0.0006947
10 5 4 1 0.0012277
10 5 4 2 -0.0000000
10 5 4 3 -0.0076285
10 5 4 4 -0.0235997
10 5 5 0 -0.0011210
10 5 5 1 -0.0003292
10 5 5 2 0.0000000
10 5 5 3 -0.0003359
10 5 5 4 -0.0006324
10 5 5 5 -0.0185945
10 5 6 0 0.0000000
10 5 6 1 0.0000000
10 5 6 2 0.0035945
10 5 6 3 -0.0000000
10 5 6 4 -0.0000000
10 5 6 5 -0.0000000
10 5 6 6 -0.0178544
10 5 7 0 -0.0007285
10 5 7 1 -0.0042559
10 5 7 2 -0.0000000
10 5 7 3 -0.0027526
10 5 7 4 -0.0009214
10 5 7 5 -0.0026390
10 5 7 6 -0.0000000
10 5 7 7 -0.0064907
10 5 8 0 -0.0000000
10 5 8 1 -0.0000000
10 5 8 2 -0.0071203
10 5 8 3 -0.0000000
10 5 8 4 -0.0000000
10 5 8 5 0.0000000
10 5 8 6 0.0064240
10 5 8 7 -0.0000000
10 5 8 8 -0.0067062
10 5 9 0 -0.0000654
10 5 9 1 -0.0000095
10 5 9 2 0.0000000
10 5 9 3 0.0018982
10 5 9 4 0.0048804
10 5 9 5 -0.0031332
10 5 9 6 0.0000000
10 5 9 7 -0.0001330
10 5 9 8 -0.0000000
10 5 9 9 0.0289905
10 5 10 0 0.0000575
10 5 10 1 -0.0197595
10 5 10 2 0.0000000
10 5 10 3 -0.0133793
10 5 10 4 -0.0146188
10 5 10 5 0.0261886
10 5 10 6 -0.0000000
10 5 10 7 -0.0029635
10 5 10 8 0.0000000
10 5 10 9 0.0001936
10 5 10 10 0.0430535
10 6 0 0 0.0000000
10 6 1 0 0.0000000
10 6 1 1 0.0000000
10 6 2 0 -0.0012950
10 6 2 1 -0.0085936
10 6 2 2 0.0000000
10 6 3 0 0.0000000
10 6 3 1 0.0000000
10 6 3 2 0.0035701
10 6 3 3 0.0000000
10 6 4 0 0.0000000
10 6 4 1 0.0000000
10 6 4 2 0.0065018
10 6 4 3 0.0000000
10 6 4 4 0.0000000
10 6 5 0 0.0000000
10 6 5 1 0.0000000
10 6 5 2 0.0008048
10 6 5 3 -0.0000000
10 6 5 4 -0.0000000
10 6 5 5 0.0000000
10 6 6 0 -0.0019730
10 6 6 1 0.0028390
10 6 6 2 0.0000000
10 6 6 3 0.0029789
10 6 6 4 -0.0087845
10 6 6 5 -0.0054895
10 6 6 6 -0.0000000
10 6 7 0 -0.0000000
10 6 7 1 0.0000000
10 6 7 2 -0.0043486
10 6 7 3 0.0000000
10 6 7 4 0.0000000
10 6 7 5 -0.0000000
10 6 7 6 -0.0047390
10 6 7 7 0.0000000
10 6 8 0 -0.0000969
10 6 8 1 -0.0031133
10 6 8 2 0.0000000
10 6 8 3 0.0004900
10 6 8 4 0.0043768
10 6 8 5 -0.0003237
10 6 8 6 0.0000000
10 6 8 7 -0.0013404
10 6 8 8 0.0000000
10 6 9 0 0.0000000
10 6 9 1 -0.0000000
10 6 9 2 0.0002931
10 6 9 3 -0.0000000
10 6 9 4 -0.0000000
10 6 9 5 0.0000000
10 6 9 6 -0.0002634
10 6 9 7 -0.0000000
10 6 9 8 -0.0014136
10 6 9 9 0.0000000
10 6 10 0 0.0000000
10 6 10 1 0.0000000
10 6 10 2 -0.0042620
10 6 10 3 0.0000000
10 6 10 4 0.0000000
10 6 10 5 -0.0000000
10 6 10 6 0.0055767
10 6 10 7 0.0000000
10 6 10 8 0.0151821
10 6 10 9 -0.0000000
10 6 10 10 -0.0000000
10 7 0 0 -0.0551879
10 7 1 0 0.0026691
10 7 1 1 0.0070408
10 7 2 0 0.0000000
10 7 2 1 -0.0000000
10 7 2 2 -0.0113188
10 7 3 0 -0.0015739
10 7 3 1 0.0048639
10 7 3 2 0.0000000
10 7 3 3 -0.0171786
10 7 4 0 0.0012315
10 7 4 1 0.0038123
10 7 4 2 0.0000000
10 7 4 3 0.0172610
10 7 4 4 0.0137353
10 7 5 0 0.0027704
10 7 5 1 -0.0185032
10 7 5 2 -0.0000000
10 7 5 3 -0.0203327
10 7 5 4 -0.0076753
10 7 5 5 -0.0033185
10 7 6 0 -0.0000000
10 7 6 1 0.0000000
10 7 6 2 -0.0229049
10 7 6 3 0.0000000
10 7 6 4 0.0000000
10 7 6 5 -0.0000000
10 7 6 6 -0.0153819
10 7 7 0 -0.0023877
10 7 7 1 0.0026764
10 7 7 2 0.0000000
10 7 7 3 0.0160565
10 7 7 4 0.0180659
10 7 7 5 -0.0176799
10 7 7 6 0.0000000
10 7 7 7 -0.0054842
10 7 8 0 -0.0000000
10 7 8 1 -0.0000000
10 7 8 2 -0.0057245
10 7 8 3 -0.0000000
10 7 8 4 0.0000000
10 7 8 5 -0.0000000
10 7 8 6 0.0005662
10 7 8 7 -0.0000000
10 7 8 8 0.0340599
10 7 9 0 -0.0000872
10 7 9 1 -0.0000728
10 7 9 2 0.0000000
10 7 9 3 0.0001106
10 7 9 4 0.0011902
10 7 9 5 -0.0009652
10 7 9 6 0.0000000
10 7 9 7 -0.0002962
10 7 9 8 0.0000000
10 7 9 9 0.0632169
10 7 10 0 -0.0000157
10 7 10 1 -0.0018323
10 7 10 2 0.0000000
10 7 10 3 0.0093582
10 7 10 4 0.0120241
10 7 10 5 -0.0029635
10 7 10 6 0.0000000
10 7 10 7 0.0750982
10 7 10 8 -0.0000000
10 7 10 9 -0.0038249
10 7 10 10 0.0676330
10 8 0 0 0.0000000
10 8 1 0 0.0000000
10 8 1 1 0.0000000
10 8 2 0 0.0010407
10 8 2 1 0.0262162
10 8 2 2 -0.0000000
10 8 3 0 0.0000000
10 8 3 1 0.0000000
10 8 3 2 -0.0045373
10 8 3 3 -0.0000000
10 8 4 0 -0.0000000
10 8 4 1 0.0000000
10 8 4 2 -0.0269251
10 8 4 3 -0.0000000
10 8 4 4 -0.0000000
10 8 5 0 0.0000000
10 8 5 1 -0.0000000
10 8 5 2 -0.0040769
10 8 5 3 -0.0000000
10 8 5 4 -0.0000000
10 8 5 5 0.0000000
10 8 6 0 0.0012881
10 8 6 1 -0.0178015
10 8 6 2 -0.0000000
10 8 6 3 -0.0014888
10 8 6 4 0.0306278
10 8 6 5 0.0159949
10 8 6 6 0.0000000
10 8 7 0 0.0000000
10 8 7 1 0.0000000
10 8 7 2 0.0049220
10 8 7 3 0.0000000
10 8 7 4 0.0000000
10 8 7 5 -0.0000000
10 8 7 6 -0.0012601
10 8 7 7 -0.0000000
10 8 8 0 -0.0004835
10 8 8 1 0.0208132
10 8 8 2 -0.0000000
10 8 8 3 0.0167922
10 8 8 4 0.0149032
10 8 8 5 -0.0351201
10 8 8 6 0.0000000
10 8 8 7 0.0012063
10 8 8 8 -0.0000000
10 8 9 0 0.0000000
10 8 9 1 0.0000000
10 8 9 2 0.0025962
10 8 9 3 0.0000000
10 8 9 4 0.0000000
10 8 9 5 -0.0000000
10 8 9 6 -0.0032464
10 8 9 7 0.0000000
10 8 9 8 0.0000316
10 8 9 9 -0.0000000
10 8 10 0 -0.0000000
10 8 10 1 -0.0000000
10 8 10 2 -0.0232429
10 8 10 3 -0.0000000
10 8 10 4 -0.0000000
10 8 10 5 0.0000000
10 8 10 6 0.0151821
10 8 10 7 -0.0000000
10 8 10 8 0.1090359
10 8 10 9 -0.0000000
10 8 10 10 0.0000000
10 9 0 0 -0.0125060
10 9 1 0 -0.0002138
10 9 1 1 -0.0232740
10 9 2 0 0.0000000
10 9 2 1 0.0000000
10 9 2 2 -0.0137030
10 9 3 0 -0.0003711
10 9 3 1 -0.0108032
10 9 3 2 -0.0000000
10 9 3 3 -0.0182115
10 9 4 0 0.0001307
10 9 4 1 -0.0137387
10 9 4 2 -0.0000000
10 9 4 3 -0.0147448
10 9 4 4 -0.0318502
10 9 5 0 -0.0006202
10 9 5 1 0.0097726
10 9 5 2 0.0000000
10 9 5 3 0.0123171
10 9 5 4 0.0193498
10 9 5 5 -0.0335104
10 9 6 0 0.0000000
10 9 6 1 -0.0000000
10 9 6 2 0.0027634
10 9 6 3 -0.0000000
10 9 6 4 -0.0000000
10 9 6 5 0.0000000
10 9 6 6 -0.0123638
10 9 7 0 0.0001054
10 9 7 1 0.0010931
10 9 7 2 0.0000000
10 9 7 3 -0.0030744
10 9 7 4 -0.0005457
10 9 7 5 -0.0017150
10 9 7 6 -0.0000000
10 9 7 7 -0.0335518
10 9 8 0 0.0000000
10 9 8 1 0.0000000
10 9 8 2 0.0096783
10 9 8 3 0.0000000
10 9 8 4 0.0000000
10 9 8 5 -0.0000000
10 9 8 6 -0.0088094
10 9 8 7 0.0000000
10 9 8 8 -0.0496115
10 9 9 0 0.0002713
10 9 9 1 -0.0041023
10 9 9 2 -0.0000000
10 9 9 3 -0.0084015
10 9 9 4 -0.0179987
10 9 9 5 0.0133862
10 9 9 6 -0.0000000
10 9 9 7 0.0036630
10 9 9 8 -0.0000000
10 9 9 9 -0.3648283
10 9 10 0 0.0000063
10 9 10 1 0.0001987
10 9 10 2 -0.0000000
10 9 10 3 -0.0011423
10 9 10 4 -0.0031079
10 9 10 5 0.0001936
10 9 10 6 -0.0000000
10 9 10 7 -0.0038249
10 9 10 8 -0.0000000
10 9 10 9 0.0530068
10 9 10 10 -0.0389063
10 10 0 0 0.2902845
10 10 1 0 0.0021385
10 10 1 1 0.3814046
10 10 2 0 -0.0000000
10 10 2 1 -0.0000000
10 10 2 2 0.3098622
10 10 3 0 0.0028495
10 10 3 1 0.0635239
10 10 3 2 0.0000000
10 10 3 3 0.3029659
10 10 4 0 -0.0005097
10 10 4 1 0.0582549
10 10 4 2 0.0000000
10 10 4 3 0.0755365
10 10 4 4 0.3877680
10 10 5 0 0.0046818
10 10 5 1 -0.0652294
10 10 5 2 -0.0000000
10 10 5 3 -0.0730824
10 10 5 4 -0.0748582
10 10 5 5 0.4145593
10 10 6 0 -0.0000000
10 10 6 1 0.0000000
10 10 6 2 -0.0398314
10 10 6 3 0.0000000
10 10 6 4 0.0000000
10 10 6 5 -0.0000000
10 10 6 6 0.3057591
10 10 7 0 -0.0014378
10 10 7 1 -0.0031759
10 10 7 2 -0.0000000
10 10 7 3 0.0366159
10 10 7 4 0.0147784
10 10 7 5 -0.0004005
10 10 7 6 0.0000000
10 10 7 7 0.4644440
10 10 8 0 -0.0000000
10 10 8 1 -0.0000000
10 10 8 2 -0.0663089
10 10 8 3 -0.0000000
10 10 8 4 -0.0000000
10 10 8 5 0.0000000
10 10 8 6 0.0490581
10 10 8 7 -0.0000000
10 10 8 8 0.6110813
10 10 9 0 -0.0005264
10 10 9 1 -0.0038596
10 10 9 2 0.0000000
10 10 9 3 0.0049803
10 10 9 4 0.0159715
10 10 9 5 -0.0074912
10 10 9 6 0.0000000
10 10 9 7 -0.0004448
10 10 9 8 0.0000000
10 10 9 9 0.8412170
10 10 10 0 -0.0010838
10 10 10 1 -0.0530201
10 10 10 2 0.0000000
10 10 10 3 -0.0176773
10 10 10 4 0.0001283
10 10 10 5 0.0430535
10 10 10 6 -0.0000000
10 10 10 7 0.0676330
10 10 10 8 0.0000000
10 10 10 9 -0.0389063
10 10 10 10 0.7072844
11 0 0 0 -0.0814078
11 0 1 0 0.0034925
11 0 1 1 -0.0072711
11 0 2 0 0.0000000
11 0 2 1 -0.0000000
11 0 2 2 -0.0007910
11 0 3 0 -0.0030095
11 0 3 1 0.0053658
11 0 3 2 -0.0000000
11 0 3 3 -0.0047878
11 0 4 0 0.0029367
11 0 4 1 -0.0033696
11 0 4 2 -0.0000000
11 0 4 3 0.0027399
11 0 4 4 -0.0035566
11 0 5 0 0.0050784
11 0 5 1 -0.0045740
11 0 5 2 -0.0000000
11 0 5 3 0.0057926
11 0 5 4 -0.0033759
11 0 5 5 -0.0043182
11 0 6 0 0.0000000
11 0 6 1 -0.0000000
11 0 6 2 0.0016595
11 0 6 3 0.0000000
11 0 6 4 -0.0000000
11 0 6 5 -0.0000000
11 0 6 6 0.0006742
11 0 7 0 0.0111465
11 0 7 1 0.0016876
11 0 7 2 0.0000000
11 0 7 3 -0.0025465
11 0 7 4 0.0015561
11 0 7 5 0.0032784
11 0 7 6 0.0000000
11 0 7 7 0.0064517
11 0 8 0 -0.0000000
11 0 8 1 0.0000000
11 0 8 2 -0.0001553
11 0 8 3 -0.0000000
11 0 8 4 -0.0000000
11 0 8 5 0.0000000
11 0 8 6 0.0002288
11 0 8 7 0.0000000
11 0 8 8 -0.0008653
11 0 9 0 -0.0001215
11 0 9 1 -0.0000953
11 0 9 2 0.0000000
11 0 9 3 0.0000621
11 0 9 4 -0.0000184
11 0 9 5 -0.0000560
11 0 9 6 0.0000000
11 0 9 7 -0.0000475
11 0 9 8 0.0000000
11 0 9 9 -0.0008099
11 0 10 0 -0.0026934
11 0 10 1 -0.0011127
11 0 10 2 0.0000000
11 0 10 3 0.0004991
11 0 10 4 -0.0007263
11 0 10 5 -0.0007555
11 0 10 6 -0.0000000
11 0 10 7 -0.0020184
11 0 10 8 -0.0000000
11 0 10 9 -0.0000019
11 0 10 10 -0.0005748
11 0 11 0 0.0110495
11 0 11 1 0.0033903
11 0 11 2 0.0000000
11 0 11 3 -0.0020276
11 0 11 4 0.0024380
11 0 11 5 0.0034805
11 0 11 6 0.0000000
11 0 11 7 0.0071465
11 0 11 8 -0.0000000
11 0 11 9 0.0000719
11 0 11 10 -0.0010747
11 0 11 11 0.0067902
11 1 0 0 -0.0096165
11 1 1 0 -0.0021554
11 1 1 1 -0.0104291
11 1 2 0 0.0000000
11 1 2 1 0.0000000
11 1 2 2 0.0011575
11 1 3 0 0.0049034
11 1 3 1 0.0222679
11 1 3 2 -0.0000000
11 1 3 3 -0.0150743
11 1 4 0 -0.0022061
11 1 4 1 -0.0042714
11 1 4 2 -0.0000000
11 1 4 3 0.0140086
11 1 4 4 -0.0008678
11 1 5 0 0.0001841
11 1 5 1 -0.0083421
11 1 5 2 -0.0000000
11 1 5 3 0.0099995
11 1 5 4 -0.0078218
11 1 5 5 0.0035416
11 1 6 0 -0.0000000
11 1 6 1 0.0000000
11 1 6 2 0.0016117
11 1 6 3 0.0000000
11 1 6 4 0.0000000
11 1 6 5 -0.0000000
11 1 6 6 -0.0000227
11 1 7 0 0.0031880
11 1 7 1 0.0017640
11 1 7 2 0.0000000
11 1 7 3 -0.0070532
11 1 7 4 -0.0087962
11 1 7 5 0.0245848
11 1 7 6 -0.0000000
11 1 7 7 0.0120019
11 1 8 0 0.0000000
11 1 8 1 0.0000000
11 1 8 2 -0.0002734
11 1 8 3 0.0000000
11 1 8 4 -0.0000000
11 1 8 5 0.0000000
11 1 8 6 0.0017450
11 1 8 7 0.0000000
11 1 8 8 0.0079118
11 1 9 0 -0.0000546
11 1 9 1 -0.0007538
11 1 9 2 -0.0000000
11 1 9 3 0.0000304
11 1 9 4 -0.0007591
11 1 9 5 0.0006283
11 1 9 6 -0.0000000
11 1 9 7 0.0003651
11 1 9 8 0.0000000
11 1 9 9 0.0085595
11 1 10 0 -0.0008398
11 1 10 1 -0.0037689
11 1 10 2 0.0000000
11 1 10 3 0.0003555
11 1 10 4 -0.0010740
11 1 10 5 -0.0059159
11 1 10 6 -0.0000000
11 1 10 7 -0.0120193
11 1 10 8 -0.0000000
11 1 10 9 -0.0020072
11 1 10 10 -0.0090924
11 1 11 0 0.0033903
11 1 11 1 0.0277544
11 1 11 2 0.0000000
11 1 11 3 0.0095634
11 1 11 4 0.0147223
11 1 11 5 0.0068490
11 1 11 6 0.0000000
11 1 11 7 0.0006727
11 1 11 8 0.0000000
11 1 11 9 0.0000167
11 1 11 10 0.0067138
11 1 11 11 0.0194313
11 2 0 0 0.0000000
11 2 1 0 0.0000000
11 2 1 1 0.0000000
11 2 2 0 0.0043208
11 2 2 1 0.0171321
11 2 2 2 -0.0000000
11 2 3 0 -0.0000000
11 2 3 1 -0.0000000
11 2 3 2 -0.0082234
11 2 3 3 0.0000000
11 2 4 0 -0.0000000
11 2 4 1 -0.0000000
11 2 4 2 -0.0089710
11 2 4 3 0.0000000
11 2 4 4 -0.0000000
11 2 5 0 -0.0000000
11 2 5 1 0.0000000
11 2 5 2 0.0047797
11 2 5 3 -0.0000000
11 2 5 4 -0.0000000
11 2 5 5 -0.0000000
11 2 6 0 0.0065133
11 2 6 1 0.0024434
11 2 6 2 -0.0000000
11 2 6 3 -0.0094647
11 2 6 4 0.0118915
11 2 6 5 0.0100442
11 2 6 6 0.0000000
11 2 7 0 0.0000000
11 2 7 1 0.0000000
11 2 7 2 0.0155008
11 2 7 3 -0.0000000
11 2 7 4 -0.0000000
11 2 7 5 0.0000000
11 2 7 6 0.0181315
11 2 7 7 -0.0000000
11 2 8 0 0.0001312
11 2 8 1 0.0038813
11 2 8 2 -0.0000000
11 2 8 3 0.0010513
11 2 8 4 -0.0026334
11 2 8 5 -0.0001865
11 2 8 6 -0.0000000
11 2 8 7 0.0036999
11 2 8 8 -0.0000000
11 2 9 0 -0.0000000
11 2 9 1 -0.0000000
11 2 9 2 0.0000467
11 2 9 3 0.0000000
11 2 9 4 0.0000000
11 2 9 5 -0.0000000
11 2 9 6 -0.0000621
11 2 9 7 0.0000000
11 2 9 8 0.0005441
11 2 9 9 -0.0000000
11 2 10 0 0.0000000
11 2 10 1 -0.0000000
11 2 10 2 -0.0019442
11 2 10 3 0.0000000
11 2 10 4 0.0000000
11 2 10 5 0.0000000
11 2 10 6 -0.0054195
11 2 10 7 -0.0000000
11 2 10 8 -0.0038281
11 2 10 9 0.0000000
11 2 10 10 -0.0000000
11 2 11 0 0.0000000
11 2 11 1 0.0000000
11 2 11 2 0.0189301
11 2 11 3 -0.0000000
11 2 11 4 -0.0000000
11 2 11 5 0.0000000
11 2 11 6 0.0166150
11 2 11 7 0.0000000
11 2 11 8 -0.0009809
11 2 11 9 -0.0000000
11 2 11 10 0.0000000
11 2 11 11 -0.0000000
11 3 0 0 0.0181860
11 3 1 0 0.0038327
11 3 1 1 0.0344226
11 3 2 0 -0.0000000
11 3 2 1 -0.0000000
11 3 2 2 0.0135319
11 3 3 0 0.0033555
11 3 3 1 0.0042754
11 3 3 2 0.0000000
11 3 3 3 0.0033502
11 3 4 0 0.0001600
11 3 4 1 0.0077858
11 3 4 2 0.0000000
11 3 4 3 0.0094367
11 3 4 4 0.0177601
11 3 5 0 0.0081216
11 3 5 1 0.0144072
11 3 5 2 -0.0000000
11 3 5 3 -0.0082898
11 3 5 4 0.0079897
11 3 5 5 0.0315586
11 3 6 0 -0.0000000
11 3 6 1 0.0000000
11 3 6 2 -0.0061312
11 3 6 3 0.0000000
11 3 6 4 0.0000000
11 3 6 5 0.0000000
11 3 6 6 0.0057652
11 3 7 0 -0.0019860
11 3 7 1 -0.0034934
11 3 7 2 -0.0000000
11 3 7 3 0.0150487
11 3 7 4 -0.0150020
11 3 7 5 0.0191958
11 3 7 6 -0.0000000
11 3 7 7 0.0016054
11 3 8 0 0.0000000
11 3 8 1 0.0000000
11 3 8 2 0.0037238
11 3 8 3 0.0000000
11 3 8 4 0.0000000
11 3 8 5 0.0000000
11 3 8 6 -0.0014403
11 3 8 7 0.0000000
11 3 8 8 0.0100676
11 3 9 0 0.0000623
11 3 9 1 0.0002221
11 3 9 2 -0.0000000
11 3 9 3 -0.0004088
11 3 9 4 -0.0011234
11 3 9 5 0.0011034
11 3 9 6 -0.0000000
11 3 9 7 0.0008633
11 3 9 8 0.0000000
11 3 9 9 0.0002254
11 3 10 0 0.0006342
11 3 10 1 0.0048333
11 3 10 2 0.0000000
11 3 10 3 -0.0035231
11 3 10 4 0.0028652
11 3 10 5 -0.0066261
11 3 10 6 0.0000000
11 3 10 7 -0.0060947
11 3 10 8 -0.0000000
11 3 10 9 -0.0002356
11 3 10 10 -0.0089818
11 3 11 0 -0.0020276
11 3 11 1 0.0095634
11 3 11 2 -0.0000000
11 3 11 3 0.0299639
11 3 11 4 0.0023276
11 3 11 5 0.0048360
11 3 11 6 0.0000000
11 3 11 7 -0.0065461
11 3 11 8 -0.0000000
11 3 11 9 -0.0004518
11 3 11 10 0.0029925
11 3 11 11 0.0122768
11 4 0 0 0.0086401
11 4 1 0 -0.0025778
11 4 1 1 -0.0080389
11 4 2 0 -0.0000000
11 4 2 1 -0.0000000
11 4 2 2 -0.0019337
11 4 3 0 0.0012974
11 4 3 1 0.0090444
11 4 3 2 0.0000000
11 4 3 3 0.0043502
11 4 4 0 -0.0011947
11 4 4 1 0.0010397
11 4 4 2 0.0000000
11 4 4 3 0.0011303
11 4 4 4 -0.0031160
11 4 5 0 -0.0030121
11 4 5 1 -0.0040656
11 4 5 2 -0.0000000
11 4 5 3 0.0096759
11 4 5 4 -0.0072880
11 4 5 5 0.0014722
11 4 6 0 -0.0000000
11 4 6 1 0.0000000
11 4 6 2 0.0066389
11 4 6 3 0.0000000
11 4 6 4 -0.0000000
11 4 6 5 -0.0000000
11 4 6 6 0.0022270
11 4 7 0 0.0024442
11 4 7 1 -0.0046036
11 4 7 2 -0.0000000
11 4 7 3 -0.0143098
11 4 7 4 -0.0092463
11 4 7 5 0.0138865
11 4 7 6 -0.0000000
11 4 7 7 0.0121753
11 4 8 0 -0.0000000
11 4 8 1 -0.0000000
11 4 8 2 -0.0009528
11 4 8 3 -0.0000000
11 4 8 4 -0.0000000
11 4 8 5 0.0000000
11 4 8 6 0.0017420
11 4 8 7 0.0000000
11 4 8 8 0.0006978
11 4 9 0 -0.0000209
11 4 9 1 -0.0007539
11 4 9 2 -0.0000000
11 4 9 3 -0.0001888
11 4 9 4 -0.0009899
11 4 9 5 0.0010642
11 4 9 6 -0.0000000
11 4 9 7 0.0013165
11 4 9 8 -0.0000000
11 4 9 9 -0.0031416
11 4 10 0 -0.0005202
11 4 10 1 -0.0003769
11 4 10 2 0.0000000
11 4 10 3 0.0003460
11 4 10 4 -0.0023871
11 4 10 5 -0.0021538
11 4 10 6 0.0000000
11 4 10 7 -0.0190377
11 4 10 8 -0.0000000
11 4 10 9 -0.0005826
11 4 10 10 -0.0163826
11 4 11 0 0.0024380
11 4 11 1 0.0147223
11 4 11 2 -0.0000000
11 4 11 3 0.0023276
11 4 11 4 0.0173858
11 4 11 5 -0.0071440
11 4 11 6 -0.0000000
11 4 11 7 0.0046453
11 4 11 8 -0.0000000
11 4 11 9 -0.0009118
11 4 11 10 0.0087040
11 4 11 11 0.0194800
11 5 0 0 0.0092954
11 5 1 0 -0.0013112
11 5 1 1 0.0000892
11 5 2 0 -0.0000000
11 5 2 1 0.0000000
11 5 2 2 0.0047398
11 5 3 0 0.0077817
11 5 3 1 0.0143862
11 5 3 2 -0.0000000
11 5 3 3 -0.0177187
11 5 4 0 -0.0029948
11 5 4 1 -0.0047627
11 5 4 2 -0.0000000
11 5 4 3 0.0127813
11 5 4 4 -0.0029843
11 5 5 0 0.0032248
11 5 5 1 0.0026440
11 5 5 2 0.0000000
11 5 5 3 0.0074291
11 5 5 4 0.0010300
11 5 5 5 0.0109375
11 5 6 0 -0.0000000
11 5 6 1 -0.0000000
11 5 6 2 0.0012086
11 5 6 3 0.0000000
11 5 6 4 -0.0000000
11 5 6 5 0.0000000
11 5 6 6 0.0035159
11 5 7 0 0.0031489
11 5 7 1 0.0138348
11 5 7 2 0.0000000
11 5 7 3 0.0142833
11 5 7 4 0.0088019
11 5 7 5 0.0102873
11 5 7 6 0.0000000
11 5 7 7 0.0097701
11 5 8 0 0.0000000
11 5 8 1 0.0000000
11 5 8 2 0.0006059
11 5 8 3 0.0000000
11 5 8 4 -0.0000000
11 5 8 5 -0.0000000
11 5 8 6 0.0002680
11 5 8 7 -0.0000000
11 5 8 8 0.0027474
11 5 9 0 -0.0000213
11 5 9 1 0.0003275
11 5 9 2 0.0000000
11 5 9 3 0.0004171
11 5 9 4 0.0009148
11 5 9 5 -0.0009827
11 5 9 6 0.0000000
11 5 9 7 -0.0013696
11 5 9 8 0.0000000
11 5 9 9 0.0067593
11 5 10 0 -0.0008412
11 5 10 1 -0.0057128
11 5 10 2 -0.0000000
11 5 10 3 -0.0023888
11 5 10 4 -0.0009888
11 5 10 5 -0.0016476
11 5 10 6 -0.0000000
11 5 10 7 0.0076472
11 5 10 8 0.0000000
11 5 10 9 0.0004258
11 5 10 10 0.0185821
11 5 11 0 0.0034805
11 5 11 1 0.0068490
11 5 11 2 0.0000000
11 5 11 3 0.0048360
11 5 11 4 -0.0071440
11 5 11 5 0.0300403
11 5 11 6 -0.0000000
11 5 11 7 0.0120341
11 5 11 8 0.0000000
11 5 11 9 0.0013345
11 5 11 10 -0.0064551
11 5 11 11 0.0098699
11 6 0 0 0.0000000
11 6 1 0 -0.0000000
11 6 1 1 0.0000000
11 6 2 0 0.0056478
11 6 2 1 0.0191978
11 6 2 2 -0.0000000
11 6 3 0 -0.0000000
11 6 3 1 0.0000000
11 6 3 2 -0.0117217
11 6 3 3 0.0000000
11 6 4 0 -0.0000000
11 6 4 1 -0.0000000
11 6 4 2 -0.0078537
11 6 4 3 0.0000000
11 6 4 4 -0.0000000
11 6 5 0 -0.0000000
11 6 5 1 -0.0000000
11 6 5 2 0.0054391
11 6 5 3 0.0000000
11 6 5 4 -0.0000000
11 6 5 5 0.0000000
11 6 6 0 0.0084141
11 6 6 1 0.0022922
11 6 6 2 -0.0000000
11 6 6 3 -0.0126373
11 6 6 4 0.0143472
11 6 6 5 0.0106047
11 6 6 6 0.0000000
11 6 7 0 0.0000000
11 6 7 1 -0.0000000
11 6 7 2 0.0185522
11 6 7 3 -0.0000000
11 6 7 4 -0.0000000
11 6 7 5 0.0000000
11 6 7 6 0.0193199
11 6 7 7 0.0000000
11 6 8 0 0.0001396
11 6 8 1 0.0055804
11 6 8 2 -0.0000000
11 6 8 3 0.0018007
11 6 8 4 0.0000339
11 6 8 5 -0.0036162
11 6 8 6 0.0000000
11 6 8 7 -0.0019931
11 6 8 8 0.0000000
11 6 9 0 0.0000000
11 6 9 1 -0.0000000
11 6 9 2 0.0003924
11 6 9 3 -0.0000000
11 6 9 4 -0.0000000
11 6 9 5 0.0000000
11 6 9 6 -0.0004701
11 6 9 7 0.0000000
11 6 9 8 0.0001377
11 6 9 9 -0.0000000
11 6 10 0 -0.0000000
11 6 10 1 0.0000000
11 6 10 2 -0.0047579
11 6 10 3 0.0000000
11 6 10 4 0.0000000
11 6 10 5 -0.0000000
11 6 10 6 -0.0040773
11 6 10 7 -0.0000000
11 6 10 8 0.0084802
11 6 10 9 -0.0000000
11 6 10 10 -0.0000000
11 6 11 0 0.0000000
11 6 11 1 0.0000000
11 6 11 2 0.0166150
11 6 11 3 0.0000000
11 6 11 4 -0.0000000
11 6 11 5 -0.0000000
11 6 11 6 0.0220602
11 6 11 7 0.0000000
11 6 11 8 0.0058163
11 6 11 9 -0.0000000
11 6 11 10 0.0000000
11 6 11 11 0.0000000
11 7 0 0 0.2545649
11 7 1 0 -0.0094573
11 7 1 1 0.0133582
11 7 2 0 -0.0000000
11 7 2 1 0.0000000
11 7 2 2 0.0727746
11 7 3 0 0.0046707
11 7 3 1 -0.0418387
11 7 3 2 -0.0000000
11 7 3 3 0.0973309
11 7 4 0 -0.0044359
11 7 4 1 -0.0237196
11 7 4 2 -0.0000000
11 7 4 3 -0.0726182
11 7 4 4 -0.0207191
11 7 5 0 -0.0108285
11 7 5 1 0.0830952
11 7 5 2 0.0000000
11 7 5 3 0.0748805
11 7 5 4 0.0451395
11 7 5 5 0.0313259
11 7 6 0 0.0000000
11 7 6 1 -0.0000000
11 7 6 2 0.0858764
11 7 6 3 -0.0000000
11 7 6 4 -0.0000000
11 7 6 5 0.0000000
11 7 6 6 0.0933204
11 7 7 0 0.0073486
11 7 7 1 0.0059290
11 7 7 2 0.0000000
11 7 7 3 -0.0264943
11 7 7 4 0.0103644
11 7 7 5 0.0003830
11 7 7 6 0.0000000
11 7 7 7 -0.0050325
11 7 8 0 0.0000000
11 7 8 1 0.0000000
11 7 8 2 0.0373635
11 7 8 3 0.0000000
11 7 8 4 0.0000000
11 7 8 5 -0.0000000
11 7 8 6 -0.0205365
11 7 8 7 0.0000000
11 7 8 8 -0.1510897
11 7 9 0 0.0004470
11 7 9 1 0.0034920
11 7 9 2 -0.0000000
11 7 9 3 -0.0010645
11 7 9 4 -0.0051566
11 7 9 5 0.0017754
11 7 9 6 -0.0000000
11 7 9 7 -0.0011144
11 7 9 8 -0.0000000
11 7 9 9 -0.2608285
11 7 10 0 -0.0005056
11 7 10 1 0.0162257
11 7 10 2 -0.0000000
11 7 10 3 0.0062362
11 7 10 4 -0.0086455
11 7 10 5 -0.0074978
11 7 10 6 -0.0000000
11 7 10 7 -0.0287846
11 7 10 8 -0.0000000
11 7 10 9 0.0193252
11 7 10 10 -0.1626474
11 7 11 0 0.0071465
11 7 11 1 0.0006727
11 7 11 2 0.0000000
11 7 11 3 -0.0065461
11 7 11 4 0.0046453
11 7 11 5 0.0120341
11 7 11 6 0.0000000
11 7 11 7 0.2035810
11 7 11 8 0.0000000
11 7 11 9 0.0030651
11 7 11 10 -0.0593324
11 7 11 11 0.0251516
11 8 0 0 0.0000000
11 8 1 0 0.0000000
11 8 1 1 0.0000000
11 8 2 0 0.0005184
11 8 2 1 0.0074924
11 8 2 2 -0.0000000
11 8 3 0 0.0000000
11 8 3 1 0.0000000
11 8 3 2 -0.0003603
11 8 3 3 -0.0000000
11 8 4 0 -0.0000000
11 8 4 1 0.0000000
11 8 4 2 -0.0076942
11 8 4 3 -0.0000000
11 8 4 4 -0.0000000
11 8 5 0 0.0000000
11 8 5 1 -0.0000000
11 8 5 2 0.0005660
11 8 5 3 -0.0000000
11 8 5 4 -0.0000000
11 8 5 5 0.0000000
11 8 6 0 0.0007636
11 8 6 1 -0.0028014
11 8 6 2 -0.0000000
11 8 6 3 -0.0006425
11 8 6 4 0.0081748
11 8 6 5 0.0041391
11 8 6 6 0.0000000
11 8 7 0 0.0000000
11 8 7 1 0.0000000
11 8 7 2 0.0067681
11 8 7 3 0.0000000
11 8 7 4 0.0000000
11 8 7 5 -0.0000000
11 8 7 6 -0.0015077
11 8 7 7 0.0000000
11 8 8 0 -0.0000800
11 8 8 1 0.0074199
11 8 8 2 -0.0000000
11 8 8 3 0.0041122
11 8 8 4 0.0044888
11 8 8 5 -0.0104038
11 8 8 6 0.0000000
11 8 8 7 -0.0181299
11 8 8 8 -0.0000000
11 8 9 0 0.0000000
11 8 9 1 0.0000000
11 8 9 2 0.0006596
11 8 9 3 0.0000000
11 8 9 4 0.0000000
11 8 9 5 -0.0000000
11 8 9 6 -0.0007288
11 8 9 7 0.0000000
11 8 9 8 -0.0001755
11 8 9 9 -0.0000000
11 8 10 0 -0.0000000
11 8 10 1 -0.0000000
11 8 10 2 -0.0064915
11 8 10 3 -0.0000000
11 8 10 4 -0.0000000
11 8 10 5 0.0000000
11 8 10 6 0.0040603
11 8 10 7 -0.0000000
11 8 10 8 0.0253045
11 8 10 9 0.0000000
11 8 10 10 -0.0000000
11 8 11 0 -0.0000000
11 8 11 1 0.0000000
11 8 11 2 -0.0009809
11 8 11 3 -0.0000000
11 8 11 4 -0.0000000
11 8 11 5 0.0000000
11 8 11 6 0.0058163
11 8 11 7 0.0000000
11 8 11 8 0.0229395
11 8 11 9 -0.0000000
11 8 11 10 -0.0000000
11 8 11 11 0.0000000
11 9 0 0 -0.0046724
11 9 1 0 -0.0000707
11 9 1 1 -0.0061721
11 9 2 0 0.0000000
11 9 2 1 -0.0000000
11 9 2 2 -0.0038405
11 9 3 0 0.0000029
11 9 3 1 -0.0010927
11 9 3 2 -0.0000000
11 9 3 3 -0.0048856
11 9 4 0 -0.0000076
11 9 4 1 -0.0026212
11 9 4 2 -0.0000000
11 9 4 3 -0.0019729
11 9 4 4 -0.0068906
11 9 5 0 -0.0000844
11 9 5 1 0.0012626
11 9 5 2 0.0000000
11 9 5 3 0.0021978
11 9 5 4 0.0030111
11 9 5 5 -0.0073206
11 9 6 0 0.0000000
11 9 6 1 -0.0000000
11 9 6 2 0.0003861
11 9 6 3 -0.0000000
11 9 6 4 -0.0000000
11 9 6 5 0.0000000
11 9 6 6 -0.0037758
11 9 7 0 0.0000922
11 9 7 1 0.0009536
11 9 7 2 0.0000000
11 9 7 3 0.0001097
11 9 7 4 0.0010791
11 9 7 5 -0.0008553
11 9 7 6 0.0000000
11 9 7 7 -0.0065729
11 9 8 0 0.0000000
11 9 8 1 0.0000000
11 9 8 2 0.0013231
11 9 8 3 0.0000000
11 9 8 4 0.0000000
11 9 8 5 -0.0000000
11 9 8 6 -0.0011841
11 9 8 7 0.0000000
11 9 8 8 -0.0085153
11 9 9 0 0.0000582
11 9 9 1 -0.0002389
11 9 9 2 -0.0000000
11 9 9 3 -0.0019735
11 9 9 4 -0.0028340
11 9 9 5 0.0017110
11 9 9 6 -0.0000000
11 9 9 7 -0.0066747
11 9 9 8 -0.0000000
11 9 9 9 -0.0538240
11 9 10 0 -0.0000287
11 9 10 1 -0.0006897
11 9 10 2 0.0000000
11 9 10 3 -0.0003307
11 9 10 4 -0.0006226
11 9 10 5 0.0003392
11 9 10 6 -0.0000000
11 9 10 7 -0.0007309
11 9 10 8 -0.0000000
11 9 10 9 0.0071200
11 9 10 10 -0.0059736
11 9 11 0 0.0000719
11 9 11 1 0.0000167
11 9 11 2 -0.0000000
11 9 11 3 -0.0004518
11 9 11 4 -0.0009118
11 9 11 5 0.0013345
11 9 11 6 -0.0000000
11 9 11 7 0.0030651
11 9 11 8 -0.0000000
11 9 11 9 0.0067783
11 9 11 10 0.0001083
11 9 11 11 -0.0052262
11 10 0 0 -0.0747345
11 10 1 0 0.0015215
11 10 1 1 -0.0238680
11 10 2 0 0.0000000
11 10 2 1 -0.0000000
11 10 2 2 -0.0292678
11 10 3 0 -0.0008060
11 10 3 1 0.0126177
11 10 3 2 0.0000000
11 10 3 3 -0.0374459
11 10 4 0 0.0008147
11 10 4 1 0.0032365
11 10 4 2 0.0000000
11 10 4 3 0.0154319
11 10 4 4 -0.0127882
11 10 5 0 0.0018236
11 10 5 1 -0.0242682
11 10 5 2 -0.0000000
11 10 5 3 -0.0151547
11 10 5 4 -0.0121572
11 10 5 5 -0.0209609
11 10 6 0 -0.0000000
11 10 6 1 0.0000000
11 10 6 2 -0.0198182
11 10 6 3 0.0000000
11 10 6 4 0.0000000
11 10 6 5 -0.0000000
11 10 6 6 -0.0339839
11 10 7 0 -0.0009578
11 10 7 1 -0.0037804
11 10 7 2 -0.0000000
11 10 7 3 -0.0007020
11 10 7 4 -0.0145986
11 10 7 5 0.0110533
11 10 7 6 -0.0000000
11 10 7 7 -0.0022261
11 10 8 0 -0.0000000
11 10 8 1 -0.0000000
11 10 8 2 -0.0153896
11 10 8 3 -0.0000000
11 10 8 4 -0.0000000
11 10 8 5 0.0000000
11 10 8 6 0.0107283
11 10 8 7 -0.0000000
11 10 8 8 0.0426908
11 10 9 0 -0.0001562
11 10 9 1 -0.0015933
11 10 9 2 0.0000000
11 10 9 3 0.0008485
11 10 9 4 0.0026468
11 10 9 5 -0.0011456
11 10 9 6 0.0000000
11 10 9 7 0.0002473
11 10 9 8 0.0000000
11 10 9 9 0.0655088
11 10 10 0 0.0000065
11 10 10 1 -0.0152615
11 10 10 2 0.0000000
11 10 10 3 -0.0143391
11 10 10 4 -0.0118031
11 10 10 5 0.0156632
11 10 10 6 -0.0000000
11 10 10 7 -0.0364451
11 10 10 8 -0.0000000
11 10 10 9 -0.0031837
11 10 10 10 0.0421696
11 10 11 0 -0.0010747
11 10 11 1 0.0067138
11 10 11 2 0.0000000
11 10 11 3 0.0029925
11 10 11 4 0.0087040
11 10 11 5 -0.0064551
11 10 11 6 0.0000000
11 10 11 7 -0.0593324
11 10 11 8 -0.0000000
11 10 11 9 0.0001083
11 10 11 10 0.0530157
11 10 11 11 0.0051727
11 11 0 0 0.5901225
11 11 1 0 -0.0067368
11 11 1 1 0.4402415
11 11 2 0 -0.0000000
11 11 2 1 0.0000000
11 11 2 2 0.4140548
11 11 3 0 0.0096736
11 11 3 1 0.0364060
11 11 3 2 -0.0000000
11 11 3 3 0.4367434
11 11 4 0 -0.0053628
11 11 4 1 0.0482716
11 11 4 2 -0.0000000
11 11 4 3 0.0125130
11 11 4 4 0.4073506
11 11 5 0 -0.0037581
11 11 5 1 0.0332433
11 11 5 2 -0.0000000
11 11 5 3 0.0074439
11 11 5 4 -0.0351330
11 11 5 5 0.4900600
11 11 6 0 -0.0000000
11 11 6 1 0.0000000
11 11 6 2 0.0567232
11 11 6 3 0.0000000
11 11 6 4 -0.0000000
11 11 6 5 -0.0000000
11 11 6 6 0.4268630
11 11 7 0 0.0065610
11 11 7 1 -0.0023017
11 11 7 2 -0.0000000
11 11 7 3 -0.0001881
11 11 7 4 -0.0034067
11 11 7 5 0.0287838
11 11 7 6 -0.0000000
11 11 7 7 0.5013992
11 11 8 0 -0.0000000
11 11 8 1 -0.0000000
11 11 8 2 -0.0111484
11 11 8 3 -0.0000000
11 11 8 4 -0.0000000
11 11 8 5 0.0000000
11 11 8 6 0.0193087
11 11 8 7 0.0000000
11 11 8 8 0.4338916
11 11 9 0 0.0000681
11 11 9 1 -0.0000968
11 11 9 2 0.0000000
11 11 9 3 0.0016518
11 11 9 4 0.0039560
11 11 9 5 -0.0000856
11 11 9 6 0.0000000
11 11 9 7 -0.0002550
11 11 9 8 0.0000000
11 11 9 9 0.5430551
11 11 10 0 -0.0009726
11 11 10 1 0.0026138
11 11 10 2 0.0000000
11 11 10 3 0.0029845
11 11 10 4 0.0121847
11 11 10 5 -0.0081159
11 11 10 6 0.0000000
11 11 10 7 -0.0364332
11 11 10 8 -0.0000000
11 11 10 9 -0.0272587
11 11 10 10 0.4103339
11 11 11 0 0.0067902
11 11 11 1 0.0194313
11 11 11 2 -0.0000000
11 11 11 3 0.0122768
11 11 11 4 0.0194800
11 11 11 5 0.0098699
11 11 11 6 0.0000000
11 11 11 7 0.0251516
11 11 11 8 0.0000000
11 11 11 9 -0.0052262
11 11 11 10 0.0051727
11 11 11 11 0.5093196
