NMONOMER	1
NELEC	8
ENUC	7.676927
NBASIS	12
HOMO	2
LUMO	2
ENT	5
HF_ENERGY	-21.181947
ENERGIES
-6.497853
-0.129495
0.214046
0.476383
1.186262
1.638081
1.758235
849737.128079
965066.796748
996478.623491
1070620.946780
1118094.572082

OEI
-13.314136	
-0.184891	-3.469679	
-0.000000	0.000000	-3.104749	
0.241370	0.005875	-0.000000	-3.033253	
0.254625	0.102085	0.000000	-0.395799	-2.695908	
0.000000	0.000000	0.521999	0.000000	-0.000000	-2.717360	
-0.390728	-0.653770	0.000000	0.017364	-0.003016	0.000000	-3.062684	
-0.108550	0.032995	-0.000000	-0.058844	-0.032568	-0.000000	-0.032108	849733.577745	
0.000000	-0.000000	-0.087947	0.000000	0.000000	0.012985	0.000000	0.000000	965063.728000	
0.004980	-0.014268	-0.000000	-0.000087	-0.003293	0.000000	-0.016969	0.000710	0.000000	996475.027270	
-0.035699	0.201215	-0.000000	0.098786	-0.125481	0.000000	-0.070294	-0.087435	-0.000000	-0.166151	1070618.222474	
0.108712	-0.039101	0.000000	0.122693	0.054139	0.000000	0.008438	0.590929	-0.000000	-0.041499	0.260281	1118090.955883	

ENV_OEI
0.167140	
-0.092282	0.069114	
-0.000000	0.000000	0.343428	
0.109241	-0.347973	0.000000	0.081076	
0.127485	0.305510	-0.000000	0.557020	0.086841	
0.000000	-0.000000	-0.217544	-0.000000	0.000000	0.594197	
-0.214463	0.324171	-0.000000	0.285686	-0.191797	0.000000	0.408335	
-0.089218	0.004525	0.000000	-0.039161	-0.012265	0.000000	-0.042680	-0.114022	
-0.000000	-0.000000	0.263556	0.000000	-0.000000	0.134963	0.000000	0.000000	-0.569733	
-0.032084	-0.448578	0.000000	-1.100816	1.225062	-0.000000	0.572236	0.147639	0.000000	-18.501429	
-0.016445	-0.156337	0.000000	-0.080794	0.089435	-0.000000	0.083366	0.137297	0.000000	-1.691502	-0.658906	
0.080172	0.024122	0.000000	-0.068749	-0.015089	-0.000000	0.032283	-0.541341	-0.000000	-0.159089	-0.146815	0.052795	

OVERLAP
1.000000	
0.248362	1.000000	
0.061767	0.488736	1.000000	
0.061767	0.488736	0.167856	1.000000	
0.000000	0.027047	0.038545	0.038545	1.000000	
0.027047	0.301519	0.378700	0.378700	0.248362	1.000000	
0.000000	0.000000	-0.259000	-0.259000	-0.045312	-0.338874	1.000000	
0.000000	0.000000	-0.380474	0.380474	0.000000	0.000000	0.000000	1.000000	
0.000000	0.000000	-0.073326	-0.073326	0.000000	0.000000	0.000000	0.000000	1.000000	
0.045312	0.338874	0.278171	0.278171	0.000000	0.000000	-0.315123	0.000000	0.000000	1.000000	
0.000000	0.000000	-0.268260	0.268260	0.000000	0.000000	0.000000	0.166433	0.000000	0.000000	1.000000	
0.000000	0.000000	-0.051700	-0.051700	0.000000	0.000000	0.000000	0.000000	0.166433	0.000000	0.000000	1.000000	

MOCOEFF
0.974939	0.103750	-0.031371	-0.031371	0.002346	-0.017597	-0.046931	-0.000000	-0.058579	-0.014192	0.000000	0.006506	
0.111388	-0.022389	-0.383724	-0.383724	0.045223	-0.057376	0.146029	-0.000000	0.148823	-0.481292	0.000000	-0.064446	
0.000000	-0.000000	-0.625299	0.625299	-0.000000	0.000000	-0.000000	0.381410	0.000000	0.000000	-0.398964	-0.000000	
-0.134479	0.346715	0.419691	0.419691	0.096589	-0.498155	0.383294	0.000000	-0.400643	-0.577240	-0.000000	0.110076	
-0.141479	0.575733	-0.676054	-0.676054	-0.106018	0.664788	0.450181	0.000000	-0.433440	0.603039	0.000000	0.002235	
-0.000000	0.000000	-0.839605	0.839605	0.000000	-0.000000	-0.000000	-1.185742	-0.000000	-0.000000	-0.253117	-0.000000	
0.261572	-1.181609	0.529949	0.529949	-0.049995	0.353582	1.014659	-0.000000	0.135499	0.507828	-0.000000	0.032245	
0.084288	-0.388040	0.000000	0.000000	-0.012324	0.049399	-0.203229	-0.000000	-0.573901	-0.025821	0.000000	0.799278	
-0.000000	0.000000	0.000000	-0.000000	-0.000000	0.000000	-0.000000	0.000000	-0.000000	-0.000000	1.000000	-0.000000	
-0.000565	0.002600	0.000000	0.000000	1.025611	-0.216380	0.001361	0.000000	0.003845	0.105483	0.000000	0.019655	
0.018948	-0.087231	-0.000000	-0.000000	0.019716	0.850778	-0.045685	-0.000000	-0.129012	-0.446529	-0.000000	-0.196305	
-0.081637	0.375836	0.000000	0.000000	-0.011611	0.229175	0.196837	0.000000	0.555851	-0.120149	0.000000	0.583417	

ERI
0 0 0 0 3.3989696
1 0 0 0 0.1731152
1 0 1 0 0.0152297
1 0 1 1 -0.0048138
1 1 0 0 0.5309466
1 1 1 0 -0.0048138
1 1 1 1 0.5548520
2 0 0 0 0.0000000
2 0 1 0 0.0000000
2 0 1 1 0.0000000
2 0 2 0 0.0056523
2 0 2 1 -0.0081642
2 0 2 2 -0.0000000
2 1 0 0 -0.0000000
2 1 1 0 -0.0000000
2 1 1 1 -0.0000000
2 1 2 0 -0.0081642
2 1 2 1 0.1181009
2 1 2 2 0.0000000
2 2 0 0 0.5523749
2 2 1 0 -0.0008464
2 2 1 1 0.4881582
2 2 2 0 -0.0000000
2 2 2 1 0.0000000
2 2 2 2 0.5217334
3 0 0 0 -0.2075793
3 0 1 0 -0.0149607
3 0 1 1 -0.0089062
3 0 2 0 -0.0000000
3 0 2 1 -0.0000000
3 0 2 2 -0.0052432
3 0 3 0 0.0267952
3 0 3 1 -0.0047723
3 0 3 2 0.0000000
3 0 3 3 -0.0000560
3 1 0 0 -0.0452195
3 1 1 0 -0.0015562
3 1 1 1 0.0415199
3 1 2 0 -0.0000000
3 1 2 1 0.0000000
3 1 2 2 -0.0317557
3 1 3 0 -0.0047723
3 1 3 1 0.0768800
3 1 3 2 -0.0000000
3 1 3 3 0.0145751
3 2 0 0 -0.0000000
3 2 1 0 -0.0000000
3 2 1 1 0.0000000
3 2 2 0 0.0069799
3 2 2 1 -0.0769864
3 2 2 2 -0.0000000
3 2 3 0 0.0000000
3 2 3 1 -0.0000000
3 2 3 2 0.0629470
3 2 3 3 0.0000000
3 3 0 0 0.6491864
3 3 1 0 0.0026780
3 3 1 1 0.4786247
3 3 2 0 0.0000000
3 3 2 1 -0.0000000
3 3 2 2 0.4513373
3 3 3 0 -0.0000560
3 3 3 1 0.0145751
3 3 3 2 0.0000000
3 3 3 3 0.5178845
4 0 0 0 -0.2190445
4 0 1 0 -0.0155649
4 0 1 1 -0.0087524
4 0 2 0 -0.0000000
4 0 2 1 -0.0000000
4 0 2 2 -0.0057008
4 0 3 0 0.0280450
4 0 3 1 -0.0042751
4 0 3 2 0.0000000
4 0 3 3 -0.0005815
4 0 4 0 0.0295452
4 0 4 1 0.0001718
4 0 4 2 -0.0000000
4 0 4 3 0.0055801
4 0 4 4 0.0004181
4 1 0 0 -0.0372540
4 1 1 0 0.0003489
4 1 1 1 -0.0217207
4 1 2 0 -0.0000000
4 1 2 1 -0.0000000
4 1 2 2 0.0363750
4 1 3 0 -0.0006012
4 1 3 1 -0.0470672
4 1 3 2 0.0000000
4 1 3 3 -0.0371869
4 1 4 0 0.0001718
4 1 4 1 0.0590809
4 1 4 2 -0.0000000
4 1 4 3 0.0059970
4 1 4 4 -0.0184747
4 2 0 0 -0.0000000
4 2 1 0 -0.0000000
4 2 1 1 0.0000000
4 2 2 0 -0.0009165
4 2 2 1 0.0783346
4 2 2 2 0.0000000
4 2 3 0 -0.0000000
4 2 3 1 0.0000000
4 2 3 2 -0.0462926
4 2 3 3 -0.0000000
4 2 4 0 -0.0000000
4 2 4 1 -0.0000000
4 2 4 2 0.0689876
4 2 4 3 -0.0000000
4 2 4 4 -0.0000000
4 3 0 0 0.2256624
4 3 1 0 0.0076735
4 3 1 1 -0.0682839
4 3 2 0 -0.0000000
4 3 2 1 0.0000000
4 3 2 2 -0.0132604
4 3 3 0 0.0060752
4 3 3 1 -0.0588229
4 3 3 2 -0.0000000
4 3 3 3 0.0421395
4 3 4 0 0.0055801
4 3 4 1 0.0059970
4 3 4 2 -0.0000000
4 3 4 3 0.1595066
4 3 4 4 0.0409529
4 4 0 0 0.6494121
4 4 1 0 0.0046761
4 4 1 1 0.4757184
4 4 2 0 0.0000000
4 4 2 1 -0.0000000
4 4 2 2 0.4643800
4 4 3 0 0.0003539
4 4 3 1 0.0014166
4 4 3 2 0.0000000
4 4 3 3 0.5101130
4 4 4 0 0.0004181
4 4 4 1 -0.0184747
4 4 4 2 -0.0000000
4 4 4 3 0.0409529
4 4 4 4 0.5163220
5 0 0 0 -0.0000000
5 0 1 0 -0.0000000
5 0 1 1 0.0000000
5 0 2 0 -0.0121952
5 0 2 1 0.0160734
5 0 2 2 0.0000000
5 0 3 0 0.0000000
5 0 3 1 0.0000000
5 0 3 2 -0.0140118
5 0 3 3 -0.0000000
5 0 4 0 0.0000000
5 0 4 1 -0.0000000
5 0 4 2 0.0029369
5 0 4 3 -0.0000000
5 0 4 4 -0.0000000
5 0 5 0 0.0271185
5 0 5 1 -0.0031938
5 0 5 2 0.0000000
5 0 5 3 0.0107307
5 0 5 4 0.0146842
5 0 5 5 0.0000000
5 1 0 0 -0.0000000
5 1 1 0 -0.0000000
5 1 1 1 -0.0000000
5 1 2 0 0.0025504
5 1 2 1 0.0423280
5 1 2 2 0.0000000
5 1 3 0 0.0000000
5 1 3 1 0.0000000
5 1 3 2 -0.0244090
5 1 3 3 -0.0000000
5 1 4 0 0.0000000
5 1 4 1 -0.0000000
5 1 4 2 0.0413088
5 1 4 3 -0.0000000
5 1 4 4 -0.0000000
5 1 5 0 -0.0031938
5 1 5 1 0.0354162
5 1 5 2 0.0000000
5 1 5 3 -0.0231199
5 1 5 4 0.0287350
5 1 5 5 -0.0000000
5 2 0 0 -0.2197519
5 2 1 0 -0.0051950
5 2 1 1 0.0186450
5 2 2 0 0.0000000
5 2 2 1 0.0000000
5 2 2 2 0.0016888
5 2 3 0 0.0033134
5 2 3 1 0.0036273
5 2 3 2 -0.0000000
5 2 3 3 -0.0475922
5 2 4 0 0.0050638
5 2 4 1 0.0249199
5 2 4 2 0.0000000
5 2 4 3 -0.0857660
5 2 4 4 -0.0295760
5 2 5 0 0.0000000
5 2 5 1 0.0000000
5 2 5 2 0.1033969
5 2 5 3 -0.0000000
5 2 5 4 0.0000000
5 2 5 5 -0.0800856
5 3 0 0 -0.0000000
5 3 1 0 -0.0000000
5 3 1 1 0.0000000
5 3 2 0 -0.0057957
5 3 2 1 -0.0135653
5 3 2 2 -0.0000000
5 3 3 0 0.0000000
5 3 3 1 0.0000000
5 3 3 2 -0.0037222
5 3 3 3 -0.0000000
5 3 4 0 0.0000000
5 3 4 1 -0.0000000
5 3 4 2 -0.0307059
5 3 4 3 -0.0000000
5 3 4 4 0.0000000
5 3 5 0 0.0107307
5 3 5 1 -0.0231199
5 3 5 2 -0.0000000
5 3 5 3 0.0361911
5 3 5 4 0.0053721
5 3 5 5 -0.0000000
5 4 0 0 0.0000000
5 4 1 0 -0.0000000
5 4 1 1 -0.0000000
5 4 2 0 -0.0065796
5 4 2 1 0.0711658
5 4 2 2 0.0000000
5 4 3 0 -0.0000000
5 4 3 1 0.0000000
5 4 3 2 -0.0585115
5 4 3 3 -0.0000000
5 4 4 0 0.0000000
5 4 4 1 -0.0000000
5 4 4 2 0.0424468
5 4 4 3 0.0000000
5 4 4 4 -0.0000000
5 4 5 0 0.0146842
5 4 5 1 0.0287350
5 4 5 2 0.0000000
5 4 5 3 0.0053721
5 4 5 4 0.0645505
5 4 5 5 0.0000000
5 5 0 0 0.8080300
5 5 1 0 0.0097397
5 5 1 1 0.4637424
5 5 2 0 -0.0000000
5 5 2 1 0.0000000
5 5 2 2 0.5129221
5 5 3 0 -0.0107766
5 5 3 1 -0.0357478
5 5 3 2 -0.0000000
5 5 3 3 0.4940840
5 5 4 0 -0.0118100
5 5 4 1 0.0195465
5 5 4 2 0.0000000
5 5 4 3 0.0697589
5 5 4 4 0.5018566
5 5 5 0 0.0000000
5 5 5 1 -0.0000000
5 5 5 2 -0.0800856
5 5 5 3 -0.0000000
5 5 5 4 0.0000000
5 5 5 5 0.6033166
6 0 0 0 0.3906152
6 0 1 0 0.0354690
6 0 1 1 -0.0126059
6 0 2 0 0.0000000
6 0 2 1 0.0000000
6 0 2 2 -0.0029330
6 0 3 0 -0.0276487
6 0 3 1 -0.0068355
6 0 3 2 -0.0000000
6 0 3 3 0.0113230
6 0 4 0 -0.0286892
6 0 4 1 -0.0014829
6 0 4 2 -0.0000000
6 0 4 3 0.0257204
6 0 4 4 0.0154636
6 0 5 0 -0.0000000
6 0 5 1 -0.0000000
6 0 5 2 -0.0142167
6 0 5 3 0.0000000
6 0 5 4 0.0000000
6 0 5 5 0.0216786
6 0 6 0 0.0885899
6 0 6 1 0.0022790
6 0 6 2 -0.0000000
6 0 6 3 -0.0007866
6 0 6 4 0.0001890
6 0 6 5 -0.0000000
6 0 6 6 0.0033452
6 1 0 0 0.2348979
6 1 1 0 0.0005950
6 1 1 1 0.0284806
6 1 2 0 0.0000000
6 1 2 1 0.0000000
6 1 2 2 0.0327216
6 1 3 0 -0.0084714
6 1 3 1 -0.0168418
6 1 3 2 -0.0000000
6 1 3 3 0.0499907
6 1 4 0 -0.0092027
6 1 4 1 -0.0058266
6 1 4 2 0.0000000
6 1 4 3 0.0639110
6 1 4 4 0.0377697
6 1 5 0 -0.0000000
6 1 5 1 -0.0000000
6 1 5 2 -0.0619978
6 1 5 3 -0.0000000
6 1 5 4 0.0000000
6 1 5 5 0.0734842
6 1 6 0 0.0022790
6 1 6 1 0.0820445
6 1 6 2 -0.0000000
6 1 6 3 0.0068972
6 1 6 4 -0.0040634
6 1 6 5 -0.0000000
6 1 6 6 0.1269504
6 2 0 0 -0.0000000
6 2 1 0 -0.0000000
6 2 1 1 0.0000000
6 2 2 0 -0.0053682
6 2 2 1 -0.0143509
6 2 2 2 -0.0000000
6 2 3 0 0.0000000
6 2 3 1 -0.0000000
6 2 3 2 0.0103328
6 2 3 3 -0.0000000
6 2 4 0 0.0000000
6 2 4 1 0.0000000
6 2 4 2 -0.0227147
6 2 4 3 -0.0000000
6 2 4 4 -0.0000000
6 2 5 0 0.0083407
6 2 5 1 -0.0270696
6 2 5 2 0.0000000
6 2 5 3 0.0171229
6 2 5 4 -0.0165343
6 2 5 5 -0.0000000
6 2 6 0 -0.0000000
6 2 6 1 -0.0000000
6 2 6 2 0.0288807
6 2 6 3 0.0000000
6 2 6 4 -0.0000000
6 2 6 5 -0.0027330
6 2 6 6 -0.0000000
6 3 0 0 -0.0058341
6 3 1 0 0.0010692
6 3 1 1 -0.0183638
6 3 2 0 -0.0000000
6 3 2 1 -0.0000000
6 3 2 2 0.0070015
6 3 3 0 -0.0038300
6 3 3 1 -0.0113467
6 3 3 2 0.0000000
6 3 3 3 -0.0174521
6 3 4 0 -0.0024124
6 3 4 1 0.0311106
6 3 4 2 -0.0000000
6 3 4 3 0.0142984
6 3 4 4 -0.0097955
6 3 5 0 0.0000000
6 3 5 1 -0.0000000
6 3 5 2 0.0009381
6 3 5 3 0.0000000
6 3 5 4 -0.0000000
6 3 5 5 0.0141223
6 3 6 0 -0.0007866
6 3 6 1 0.0068972
6 3 6 2 0.0000000
6 3 6 3 0.0371650
6 3 6 4 0.0035579
6 3 6 5 0.0000000
6 3 6 6 0.0011610
6 4 0 0 -0.0062154
6 4 1 0 0.0010693
6 4 1 1 -0.0000530
6 4 2 0 -0.0000000
6 4 2 1 0.0000000
6 4 2 2 -0.0242172
6 4 3 0 -0.0024923
6 4 3 1 0.0402663
6 4 3 2 -0.0000000
6 4 3 3 0.0105617
6 4 4 0 -0.0025709
6 4 4 1 -0.0240178
6 4 4 2 0.0000000
6 4 4 3 -0.0077609
6 4 4 4 0.0028297
6 4 5 0 0.0000000
6 4 5 1 0.0000000
6 4 5 2 -0.0214091
6 4 5 3 -0.0000000
6 4 5 4 0.0000000
6 4 5 5 -0.0082407
6 4 6 0 0.0001890
6 4 6 1 -0.0040634
6 4 6 2 -0.0000000
6 4 6 3 0.0035579
6 4 6 4 0.0392203
6 4 6 5 -0.0000000
6 4 6 6 0.0051804
6 5 0 0 -0.0000000
6 5 1 0 0.0000000
6 5 1 1 -0.0000000
6 5 2 0 0.0091294
6 5 2 1 -0.0695712
6 5 2 2 -0.0000000
6 5 3 0 0.0000000
6 5 3 1 -0.0000000
6 5 3 2 0.0441428
6 5 3 3 0.0000000
6 5 4 0 0.0000000
6 5 4 1 0.0000000
6 5 4 2 -0.0431909
6 5 4 3 -0.0000000
6 5 4 4 0.0000000
6 5 5 0 -0.0181475
6 5 5 1 -0.0168539
6 5 5 2 -0.0000000
6 5 5 3 0.0047251
6 5 5 4 -0.0405278
6 5 5 5 -0.0000000
6 5 6 0 -0.0000000
6 5 6 1 -0.0000000
6 5 6 2 -0.0027330
6 5 6 3 0.0000000
6 5 6 4 -0.0000000
6 5 6 5 0.0560912
6 5 6 6 -0.0000000
6 6 0 0 0.9406234
6 6 1 0 0.0045515
6 6 1 1 0.5505113
6 6 2 0 0.0000000
6 6 2 1 -0.0000000
6 6 2 2 0.5093384
6 6 3 0 -0.0293744
6 6 3 1 0.0159209
6 6 3 2 0.0000000
6 6 3 3 0.5283232
6 6 4 0 -0.0303866
6 6 4 1 -0.0225052
6 6 4 2 -0.0000000
6 6 4 3 0.0315557
6 6 4 4 0.5182054
6 6 5 0 -0.0000000
6 6 5 1 -0.0000000
6 6 5 2 -0.0703327
6 6 5 3 -0.0000000
6 6 5 4 -0.0000000
6 6 5 5 0.5689756
6 6 6 0 0.0033452
6 6 6 1 0.1269504
6 6 6 2 -0.0000000
6 6 6 3 0.0011610
6 6 6 4 0.0051804
6 6 6 5 -0.0000000
6 6 6 6 0.7184496
7 0 0 0 0.0828955
7 0 1 0 0.0034407
7 0 1 1 0.0049096
7 0 2 0 0.0000000
7 0 2 1 0.0000000
7 0 2 2 0.0011871
7 0 3 0 -0.0041665
7 0 3 1 -0.0032874
7 0 3 2 -0.0000000
7 0 3 3 0.0047843
7 0 4 0 -0.0048072
7 0 4 1 -0.0036025
7 0 4 2 -0.0000000
7 0 4 3 0.0023256
7 0 4 4 0.0044417
7 0 5 0 -0.0000000
7 0 5 1 -0.0000000
7 0 5 2 0.0019726
7 0 5 3 0.0000000
7 0 5 4 0.0000000
7 0 5 5 -0.0019123
7 0 6 0 0.0094937
7 0 6 1 0.0045381
7 0 6 2 0.0000000
7 0 6 3 -0.0074627
7 0 6 4 -0.0071129
7 0 6 5 -0.0000000
7 0 6 6 0.0095180
7 0 7 0 0.0118989
7 0 7 1 -0.0003518
7 0 7 2 -0.0000000
7 0 7 3 0.0025961
7 0 7 4 0.0015078
7 0 7 5 0.0000000
7 0 7 6 -0.0039798
7 0 7 7 -0.0065478
7 1 0 0 -0.0078875
7 1 1 0 0.0000415
7 1 1 1 0.0041102
7 1 2 0 0.0000000
7 1 2 1 -0.0000000
7 1 2 2 0.0066849
7 1 3 0 -0.0016526
7 1 3 1 -0.0007249
7 1 3 2 0.0000000
7 1 3 3 -0.0036400
7 1 4 0 -0.0016590
7 1 4 1 0.0056429
7 1 4 2 0.0000000
7 1 4 3 -0.0079602
7 1 4 4 -0.0031323
7 1 5 0 -0.0000000
7 1 5 1 0.0000000
7 1 5 2 0.0046294
7 1 5 3 -0.0000000
7 1 5 4 -0.0000000
7 1 5 5 0.0016673
7 1 6 0 -0.0007001
7 1 6 1 -0.0024201
7 1 6 2 0.0000000
7 1 6 3 0.0036115
7 1 6 4 -0.0008314
7 1 6 5 0.0000000
7 1 6 6 -0.0010219
7 1 7 0 -0.0003518
7 1 7 1 0.0109889
7 1 7 2 -0.0000000
7 1 7 3 0.0091382
7 1 7 4 -0.0073364
7 1 7 5 0.0000000
7 1 7 6 -0.0015359
7 1 7 7 -0.0060419
7 2 0 0 0.0000000
7 2 1 0 0.0000000
7 2 1 1 -0.0000000
7 2 2 0 -0.0033088
7 2 2 1 0.0186581
7 2 2 2 0.0000000
7 2 3 0 -0.0000000
7 2 3 1 0.0000000
7 2 3 2 -0.0140813
7 2 3 3 -0.0000000
7 2 4 0 -0.0000000
7 2 4 1 0.0000000
7 2 4 2 0.0104645
7 2 4 3 0.0000000
7 2 4 4 -0.0000000
7 2 5 0 0.0070547
7 2 5 1 0.0025405
7 2 5 2 -0.0000000
7 2 5 3 0.0044135
7 2 5 4 0.0132592
7 2 5 5 0.0000000
7 2 6 0 0.0000000
7 2 6 1 0.0000000
7 2 6 2 0.0017022
7 2 6 3 0.0000000
7 2 6 4 0.0000000
7 2 6 5 -0.0137595
7 2 6 6 -0.0000000
7 2 7 0 -0.0000000
7 2 7 1 -0.0000000
7 2 7 2 0.0121786
7 2 7 3 -0.0000000
7 2 7 4 0.0000000
7 2 7 5 -0.0143015
7 2 7 6 -0.0000000
7 2 7 7 -0.0000000
7 3 0 0 -0.0066555
7 3 1 0 -0.0031965
7 3 1 1 0.0205980
7 3 2 0 -0.0000000
7 3 2 1 0.0000000
7 3 2 2 0.0034093
7 3 3 0 -0.0006229
7 3 3 1 0.0053256
7 3 3 2 -0.0000000
7 3 3 3 0.0051614
7 3 4 0 -0.0009673
7 3 4 1 -0.0088431
7 3 4 2 0.0000000
7 3 4 3 -0.0177703
7 3 4 4 0.0005456
7 3 5 0 0.0000000
7 3 5 1 -0.0000000
7 3 5 2 0.0108350
7 3 5 3 0.0000000
7 3 5 4 0.0000000
7 3 5 5 -0.0097808
7 3 6 0 -0.0087936
7 3 6 1 0.0022080
7 3 6 2 0.0000000
7 3 6 3 -0.0117425
7 3 6 4 -0.0055974
7 3 6 5 -0.0000000
7 3 6 6 0.0192324
7 3 7 0 0.0025961
7 3 7 1 0.0091382
7 3 7 2 -0.0000000
7 3 7 3 0.0253333
7 3 7 4 0.0001025
7 3 7 5 -0.0000000
7 3 7 6 -0.0032508
7 3 7 7 0.0062306
7 4 0 0 -0.0088077
7 4 1 0 -0.0027818
7 4 1 1 0.0153967
7 4 2 0 0.0000000
7 4 2 1 0.0000000
7 4 2 2 0.0081741
7 4 3 0 -0.0016011
7 4 3 1 0.0032989
7 4 3 2 0.0000000
7 4 3 3 -0.0017208
7 4 4 0 -0.0016645
7 4 4 1 -0.0014727
7 4 4 2 0.0000000
7 4 4 3 -0.0157103
7 4 4 4 -0.0031078
7 4 5 0 0.0000000
7 4 5 1 -0.0000000
7 4 5 2 0.0081983
7 4 5 3 0.0000000
7 4 5 4 0.0000000
7 4 5 5 -0.0051248
7 4 6 0 -0.0087349
7 4 6 1 0.0022576
7 4 6 2 0.0000000
7 4 6 3 -0.0045614
7 4 6 4 -0.0054085
7 4 6 5 -0.0000000
7 4 6 6 0.0165526
7 4 7 0 0.0015078
7 4 7 1 -0.0073364
7 4 7 2 0.0000000
7 4 7 3 0.0001025
7 4 7 4 0.0243655
7 4 7 5 -0.0000000
7 4 7 6 0.0144281
7 4 7 7 0.0005431
7 5 0 0 -0.0000000
7 5 1 0 -0.0000000
7 5 1 1 0.0000000
7 5 2 0 0.0055034
7 5 2 1 -0.0128371
7 5 2 2 -0.0000000
7 5 3 0 0.0000000
7 5 3 1 -0.0000000
7 5 3 2 0.0130553
7 5 3 3 0.0000000
7 5 4 0 0.0000000
7 5 4 1 -0.0000000
7 5 4 2 -0.0019368
7 5 4 3 0.0000000
7 5 4 4 0.0000000
7 5 5 0 -0.0116568
7 5 5 1 0.0037266
7 5 5 2 0.0000000
7 5 5 3 -0.0127893
7 5 5 4 -0.0127200
7 5 5 5 -0.0000000
7 5 6 0 -0.0000000
7 5 6 1 0.0000000
7 5 6 2 -0.0068668
7 5 6 3 -0.0000000
7 5 6 4 -0.0000000
7 5 6 5 0.0129055
7 5 6 6 0.0000000
7 5 7 0 0.0000000
7 5 7 1 0.0000000
7 5 7 2 -0.0143015
7 5 7 3 -0.0000000
7 5 7 4 -0.0000000
7 5 7 5 0.0259280
7 5 7 6 0.0000000
7 5 7 7 -0.0000000
7 6 0 0 0.0136086
7 6 1 0 0.0020449
7 6 1 1 0.0049854
7 6 2 0 0.0000000
7 6 2 1 -0.0000000
7 6 2 2 0.0037267
7 6 3 0 -0.0086020
7 6 3 1 0.0138195
7 6 3 2 0.0000000
7 6 3 3 -0.0077599
7 6 4 0 -0.0086606
7 6 4 1 0.0029097
7 6 4 2 0.0000000
7 6 4 3 -0.0163504
7 6 4 4 -0.0096823
7 6 5 0 -0.0000000
7 6 5 1 0.0000000
7 6 5 2 -0.0038658
7 6 5 3 -0.0000000
7 6 5 4 -0.0000000
7 6 5 5 0.0044148
7 6 6 0 -0.0001577
7 6 6 1 -0.0005692
7 6 6 2 -0.0000000
7 6 6 3 0.0111504
7 6 6 4 0.0121149
7 6 6 5 0.0000000
7 6 6 6 0.0115797
7 6 7 0 -0.0039798
7 6 7 1 -0.0015359
7 6 7 2 -0.0000000
7 6 7 3 -0.0032508
7 6 7 4 0.0144281
7 6 7 5 0.0000000
7 6 7 6 0.0258089
7 6 7 7 0.0179750
7 7 0 0 0.5591320
7 7 1 0 0.0071125
7 7 1 1 0.4306426
7 7 2 0 0.0000000
7 7 2 1 -0.0000000
7 7 2 2 0.3857282
7 7 3 0 -0.0120027
7 7 3 1 0.0577304
7 7 3 2 -0.0000000
7 7 3 3 0.4298770
7 7 4 0 -0.0127720
7 7 4 1 -0.0436173
7 7 4 2 0.0000000
7 7 4 3 -0.0175014
7 7 4 4 0.4231157
7 7 5 0 -0.0000000
7 7 5 1 -0.0000000
7 7 5 2 -0.0410797
7 7 5 3 -0.0000000
7 7 5 4 -0.0000000
7 7 5 5 0.4297696
7 7 6 0 0.0120984
7 7 6 1 0.0186245
7 7 6 2 -0.0000000
7 7 6 3 -0.0131818
7 7 6 4 0.0448321
7 7 6 5 -0.0000000
7 7 6 6 0.4695299
7 7 7 0 -0.0065478
7 7 7 1 -0.0060419
7 7 7 2 -0.0000000
7 7 7 3 0.0062306
7 7 7 4 0.0005431
7 7 7 5 -0.0000000
7 7 7 6 0.0179750
7 7 7 7 0.5146545
8 0 0 0 -0.0000000
8 0 1 0 -0.0000000
8 0 1 1 -0.0000000
8 0 2 0 0.0002520
8 0 2 1 -0.0000236
8 0 2 2 -0.0000000
8 0 3 0 0.0000000
8 0 3 1 0.0000000
8 0 3 2 -0.0000051
8 0 3 3 0.0000000
8 0 4 0 0.0000000
8 0 4 1 -0.0000000
8 0 4 2 0.0004079
8 0 4 3 0.0000000
8 0 4 4 -0.0000000
8 0 5 0 -0.0004848
8 0 5 1 0.0005499
8 0 5 2 0.0000000
8 0 5 3 -0.0004527
8 0 5 4 0.0001373
8 0 5 5 -0.0000000
8 0 6 0 -0.0000000
8 0 6 1 0.0000000
8 0 6 2 -0.0006167
8 0 6 3 -0.0000000
8 0 6 4 0.0000000
8 0 6 5 0.0002604
8 0 6 6 -0.0000000
8 0 7 0 0.0000000
8 0 7 1 -0.0000000
8 0 7 2 -0.0001042
8 0 7 3 -0.0000000
8 0 7 4 -0.0000000
8 0 7 5 0.0002532
8 0 7 6 0.0000000
8 0 7 7 0.0000000
8 0 8 0 0.0000371
8 0 8 1 0.0004659
8 0 8 2 -0.0000000
8 0 8 3 0.0003438
8 0 8 4 -0.0002377
8 0 8 5 0.0000000
8 0 8 6 -0.0005612
8 0 8 7 0.0000870
8 0 8 8 0.0000000
8 1 0 0 -0.0000000
8 1 1 0 -0.0000000
8 1 1 1 -0.0000000
8 1 2 0 -0.0021646
8 1 2 1 0.0439140
8 1 2 2 0.0000000
8 1 3 0 -0.0000000
8 1 3 1 0.0000000
8 1 3 2 -0.0263794
8 1 3 3 -0.0000000
8 1 4 0 -0.0000000
8 1 4 1 -0.0000000
8 1 4 2 0.0331587
8 1 4 3 0.0000000
8 1 4 4 -0.0000000
8 1 5 0 0.0044694
8 1 5 1 0.0197033
8 1 5 2 0.0000000
8 1 5 3 -0.0098666
8 1 5 4 0.0273116
8 1 5 5 0.0000000
8 1 6 0 0.0000000
8 1 6 1 0.0000000
8 1 6 2 -0.0065804
8 1 6 3 -0.0000000
8 1 6 4 0.0000000
8 1 6 5 -0.0252156
8 1 6 6 -0.0000000
8 1 7 0 -0.0000000
8 1 7 1 -0.0000000
8 1 7 2 0.0073852
8 1 7 3 0.0000000
8 1 7 4 0.0000000
8 1 7 5 -0.0023829
8 1 7 6 -0.0000000
8 1 7 7 0.0000000
8 1 8 0 0.0004659
8 1 8 1 0.0392608
8 1 8 2 -0.0000000
8 1 8 3 0.0171493
8 1 8 4 -0.0093965
8 1 8 5 0.0000000
8 1 8 6 -0.0231713
8 1 8 7 -0.0003878
8 1 8 8 0.0000000
8 2 0 0 0.0333970
8 2 1 0 -0.0002914
8 2 1 1 0.0104851
8 2 2 0 0.0000000
8 2 2 1 0.0000000
8 2 2 2 0.0313119
8 2 3 0 -0.0005606
8 2 3 1 -0.0251980
8 2 3 2 0.0000000
8 2 3 3 0.0064865
8 2 4 0 -0.0000990
8 2 4 1 0.0243538
8 2 4 2 0.0000000
8 2 4 3 0.0161237
8 2 4 4 0.0119415
8 2 5 0 0.0000000
8 2 5 1 -0.0000000
8 2 5 2 -0.0004288
8 2 5 3 -0.0000000
8 2 5 4 0.0000000
8 2 5 5 0.0323588
8 2 6 0 -0.0002203
8 2 6 1 0.0145961
8 2 6 2 -0.0000000
8 2 6 3 0.0142915
8 2 6 4 -0.0165975
8 2 6 5 0.0000000
8 2 6 6 0.0207458
8 2 7 0 -0.0001101
8 2 7 1 0.0031055
8 2 7 2 0.0000000
8 2 7 3 -0.0039386
8 2 7 4 -0.0003760
8 2 7 5 -0.0000000
8 2 7 6 -0.0012895
8 2 7 7 -0.0249349
8 2 8 0 -0.0000000
8 2 8 1 -0.0000000
8 2 8 2 0.0269795
8 2 8 3 0.0000000
8 2 8 4 0.0000000
8 2 8 5 0.0142810
8 2 8 6 0.0000000
8 2 8 7 -0.0000000
8 2 8 8 -0.0662287
8 3 0 0 0.0000000
8 3 1 0 -0.0000000
8 3 1 1 0.0000000
8 3 2 0 -0.0000680
8 3 2 1 0.0002786
8 3 2 2 0.0000000
8 3 3 0 -0.0000000
8 3 3 1 -0.0000000
8 3 3 2 -0.0000463
8 3 3 3 0.0000000
8 3 4 0 -0.0000000
8 3 4 1 0.0000000
8 3 4 2 0.0027381
8 3 4 3 0.0000000
8 3 4 4 0.0000000
8 3 5 0 -0.0001017
8 3 5 1 -0.0000270
8 3 5 2 -0.0000000
8 3 5 3 -0.0020860
8 3 5 4 0.0004285
8 3 5 5 0.0000000
8 3 6 0 -0.0000000
8 3 6 1 0.0000000
8 3 6 2 0.0024796
8 3 6 3 0.0000000
8 3 6 4 -0.0000000
8 3 6 5 -0.0001193
8 3 6 6 0.0000000
8 3 7 0 -0.0000000
8 3 7 1 0.0000000
8 3 7 2 0.0004589
8 3 7 3 -0.0000000
8 3 7 4 -0.0000000
8 3 7 5 0.0003799
8 3 7 6 0.0000000
8 3 7 7 -0.0000000
8 3 8 0 0.0003438
8 3 8 1 0.0171493
8 3 8 2 0.0000000
8 3 8 3 0.0157016
8 3 8 4 -0.0134161
8 3 8 5 0.0000000
8 3 8 6 -0.0121377
8 3 8 7 0.0005952
8 3 8 8 -0.0000000
8 4 0 0 -0.0000000
8 4 1 0 -0.0000000
8 4 1 1 -0.0000000
8 4 2 0 -0.0001250
8 4 2 1 0.0105902
8 4 2 2 0.0000000
8 4 3 0 -0.0000000
8 4 3 1 0.0000000
8 4 3 2 -0.0048554
8 4 3 3 -0.0000000
8 4 4 0 -0.0000000
8 4 4 1 -0.0000000
8 4 4 2 0.0061861
8 4 4 3 0.0000000
8 4 4 4 -0.0000000
8 4 5 0 0.0007189
8 4 5 1 0.0059265
8 4 5 2 0.0000000
8 4 5 3 -0.0018853
8 4 5 4 0.0052655
8 4 5 5 0.0000000
8 4 6 0 0.0000000
8 4 6 1 0.0000000
8 4 6 2 -0.0052939
8 4 6 3 -0.0000000
8 4 6 4 0.0000000
8 4 6 5 -0.0062645
8 4 6 6 -0.0000000
8 4 7 0 -0.0000000
8 4 7 1 -0.0000000
8 4 7 2 0.0007619
8 4 7 3 0.0000000
8 4 7 4 0.0000000
8 4 7 5 -0.0013079
8 4 7 6 -0.0000000
8 4 7 7 0.0000000
8 4 8 0 -0.0002377
8 4 8 1 -0.0093965
8 4 8 2 0.0000000
8 4 8 3 -0.0134161
8 4 8 4 0.0135855
8 4 8 5 -0.0000000
8 4 8 6 0.0079766
8 4 8 7 0.0016763
8 4 8 8 0.0000000
8 5 0 0 -0.0063570
8 5 1 0 -0.0002012
8 5 1 1 0.0017749
8 5 2 0 -0.0000000
8 5 2 1 0.0000000
8 5 2 2 0.0115522
8 5 3 0 0.0003577
8 5 3 1 -0.0140585
8 5 3 2 -0.0000000
8 5 3 3 -0.0051186
8 5 4 0 0.0008122
8 5 4 1 0.0155709
8 5 4 2 0.0000000
8 5 4 3 0.0020807
8 5 4 4 0.0001886
8 5 5 0 0.0000000
8 5 5 1 0.0000000
8 5 5 2 0.0105236
8 5 5 3 -0.0000000
8 5 5 4 0.0000000
8 5 5 5 0.0066187
8 5 6 0 -0.0004269
8 5 6 1 -0.0010801
8 5 6 2 -0.0000000
8 5 6 3 0.0074548
8 5 6 4 -0.0116911
8 5 6 5 -0.0000000
8 5 6 6 -0.0024775
8 5 7 0 0.0001295
8 5 7 1 0.0023697
8 5 7 2 0.0000000
8 5 7 3 -0.0011064
8 5 7 4 -0.0008328
8 5 7 5 0.0000000
8 5 7 6 -0.0025019
8 5 7 7 -0.0206573
8 5 8 0 0.0000000
8 5 8 1 0.0000000
8 5 8 2 0.0142810
8 5 8 3 0.0000000
8 5 8 4 -0.0000000
8 5 8 5 0.0095346
8 5 8 6 -0.0000000
8 5 8 7 0.0000000
8 5 8 8 -0.0315466
8 6 0 0 -0.0000000
8 6 1 0 0.0000000
8 6 1 1 0.0000000
8 6 2 0 -0.0000518
8 6 2 1 -0.0189953
8 6 2 2 -0.0000000
8 6 3 0 0.0000000
8 6 3 1 -0.0000000
8 6 3 2 0.0131672
8 6 3 3 0.0000000
8 6 4 0 0.0000000
8 6 4 1 0.0000000
8 6 4 2 -0.0181678
8 6 4 3 -0.0000000
8 6 4 4 0.0000000
8 6 5 0 -0.0005232
8 6 5 1 -0.0133115
8 6 5 2 -0.0000000
8 6 5 3 0.0073948
8 6 5 4 -0.0149365
8 6 5 5 -0.0000000
8 6 6 0 -0.0000000
8 6 6 1 -0.0000000
8 6 6 2 0.0079696
8 6 6 3 0.0000000
8 6 6 4 -0.0000000
8 6 6 5 0.0100105
8 6 6 6 0.0000000
8 6 7 0 0.0000000
8 6 7 1 0.0000000
8 6 7 2 -0.0028885
8 6 7 3 -0.0000000
8 6 7 4 -0.0000000
8 6 7 5 -0.0007946
8 6 7 6 -0.0000000
8 6 7 7 -0.0000000
8 6 8 0 -0.0005612
8 6 8 1 -0.0231713
8 6 8 2 0.0000000
8 6 8 3 -0.0121377
8 6 8 4 0.0079766
8 6 8 5 -0.0000000
8 6 8 6 0.0171911
8 6 8 7 0.0004102
8 6 8 8 -0.0000000
8 7 0 0 0.0000000
8 7 1 0 -0.0000000
8 7 1 1 -0.0000000
8 7 2 0 -0.0002741
8 7 2 1 0.0036757
8 7 2 2 0.0000000
8 7 3 0 -0.0000000
8 7 3 1 0.0000000
8 7 3 2 -0.0023795
8 7 3 3 -0.0000000
8 7 4 0 -0.0000000
8 7 4 1 -0.0000000
8 7 4 2 0.0013599
8 7 4 3 0.0000000
8 7 4 4 -0.0000000
8 7 5 0 0.0004740
8 7 5 1 0.0021674
8 7 5 2 0.0000000
8 7 5 3 -0.0003084
8 7 5 4 0.0015591
8 7 5 5 0.0000000
8 7 6 0 0.0000000
8 7 6 1 0.0000000
8 7 6 2 -0.0009813
8 7 6 3 -0.0000000
8 7 6 4 0.0000000
8 7 6 5 -0.0023651
8 7 6 6 -0.0000000
8 7 7 0 0.0000000
8 7 7 1 0.0000000
8 7 7 2 -0.0043275
8 7 7 3 -0.0000000
8 7 7 4 0.0000000
8 7 7 5 -0.0032204
8 7 7 6 -0.0000000
8 7 7 7 0.0000000
8 7 8 0 0.0000870
8 7 8 1 -0.0003878
8 7 8 2 -0.0000000
8 7 8 3 0.0005952
8 7 8 4 0.0016763
8 7 8 5 0.0000000
8 7 8 6 0.0004102
8 7 8 7 0.0210482
8 7 8 8 -0.0000000
8 8 0 0 0.3250381
8 8 1 0 -0.0022910
8 8 1 1 0.4761371
8 8 2 0 0.0000000
8 8 2 1 -0.0000000
8 8 2 2 0.3728382
8 8 3 0 -0.0043556
8 8 3 1 0.0995287
8 8 3 2 -0.0000000
8 8 3 3 0.4013358
8 8 4 0 -0.0051572
8 8 4 1 -0.0646905
8 8 4 2 0.0000000
8 8 4 3 -0.1228225
8 8 4 4 0.3958373
8 8 5 0 0.0000000
8 8 5 1 0.0000000
8 8 5 2 0.0474100
8 8 5 3 0.0000000
8 8 5 4 -0.0000000
8 8 5 5 0.3342857
8 8 6 0 -0.0103215
8 8 6 1 -0.0518457
8 8 6 2 0.0000000
8 8 6 3 -0.0502564
8 8 6 4 0.0403792
8 8 6 5 -0.0000000
8 8 6 6 0.4110621
8 8 7 0 0.0021461
8 8 7 1 -0.0015015
8 8 7 2 -0.0000000
8 8 7 3 0.0272329
8 8 7 4 0.0138849
8 8 7 5 -0.0000000
8 8 7 6 0.0100188
8 8 7 7 0.4670425
8 8 8 0 0.0000000
8 8 8 1 0.0000000
8 8 8 2 -0.0662287
8 8 8 3 -0.0000000
8 8 8 4 0.0000000
8 8 8 5 -0.0315466
8 8 8 6 -0.0000000
8 8 8 7 -0.0000000
8 8 8 8 0.6728328
9 0 0 0 -0.0030388
9 0 1 0 -0.0000922
9 0 1 1 -0.0002877
9 0 2 0 -0.0000000
9 0 2 1 -0.0000000
9 0 2 2 -0.0003572
9 0 3 0 0.0001515
9 0 3 1 0.0002012
9 0 3 2 0.0000000
9 0 3 3 -0.0004431
9 0 4 0 0.0001612
9 0 4 1 -0.0000109
9 0 4 2 0.0000000
9 0 4 3 -0.0004440
9 0 4 4 -0.0004073
9 0 5 0 0.0000000
9 0 5 1 0.0000000
9 0 5 2 0.0003488
9 0 5 3 0.0000000
9 0 5 4 -0.0000000
9 0 5 5 -0.0006542
9 0 6 0 -0.0002159
9 0 6 1 -0.0005141
9 0 6 2 0.0000000
9 0 6 3 -0.0000302
9 0 6 4 0.0001357
9 0 6 5 0.0000000
9 0 6 6 -0.0009175
9 0 7 0 -0.0001327
9 0 7 1 -0.0000072
9 0 7 2 -0.0000000
9 0 7 3 -0.0000082
9 0 7 4 0.0000030
9 0 7 5 -0.0000000
9 0 7 6 0.0000477
9 0 7 7 0.0000317
9 0 8 0 0.0000000
9 0 8 1 0.0000000
9 0 8 2 -0.0002092
9 0 8 3 -0.0000000
9 0 8 4 0.0000000
9 0 8 5 -0.0000674
9 0 8 6 -0.0000000
9 0 8 7 -0.0000000
9 0 8 8 0.0005499
9 0 9 0 0.0000127
9 0 9 1 0.0001273
9 0 9 2 -0.0000000
9 0 9 3 0.0002847
9 0 9 4 -0.0002986
9 0 9 5 0.0000000
9 0 9 6 -0.0001687
9 0 9 7 0.0000457
9 0 9 8 0.0000000
9 0 9 9 0.0041156
9 1 0 0 0.0040087
9 1 1 0 -0.0000757
9 1 1 1 0.0006675
9 1 2 0 0.0000000
9 1 2 1 0.0000000
9 1 2 2 0.0042152
9 1 3 0 0.0000158
9 1 3 1 -0.0044589
9 1 3 2 0.0000000
9 1 3 3 -0.0003783
9 1 4 0 0.0000569
9 1 4 1 0.0040046
9 1 4 2 -0.0000000
9 1 4 3 0.0034180
9 1 4 4 0.0004181
9 1 5 0 0.0000000
9 1 5 1 -0.0000000
9 1 5 2 0.0004301
9 1 5 3 -0.0000000
9 1 5 4 0.0000000
9 1 5 5 0.0040616
9 1 6 0 -0.0001063
9 1 6 1 0.0021815
9 1 6 2 -0.0000000
9 1 6 3 0.0020593
9 1 6 4 -0.0028317
9 1 6 5 0.0000000
9 1 6 6 0.0026561
9 1 7 0 0.0000637
9 1 7 1 0.0005601
9 1 7 2 -0.0000000
9 1 7 3 0.0002250
9 1 7 4 -0.0003446
9 1 7 5 0.0000000
9 1 7 6 -0.0005446
9 1 7 7 -0.0008403
9 1 8 0 -0.0000000
9 1 8 1 -0.0000000
9 1 8 2 0.0019154
9 1 8 3 0.0000000
9 1 8 4 -0.0000000
9 1 8 5 0.0011347
9 1 8 6 0.0000000
9 1 8 7 -0.0000000
9 1 8 8 -0.0025122
9 1 9 0 0.0001273
9 1 9 1 0.0054058
9 1 9 2 -0.0000000
9 1 9 3 0.0067652
9 1 9 4 -0.0070448
9 1 9 5 0.0000000
9 1 9 6 -0.0048159
9 1 9 7 -0.0007898
9 1 9 8 0.0000000
9 1 9 9 0.0348688
9 2 0 0 0.0000000
9 2 1 0 -0.0000000
9 2 1 1 -0.0000000
9 2 2 0 -0.0001561
9 2 2 1 0.0027444
9 2 2 2 0.0000000
9 2 3 0 -0.0000000
9 2 3 1 0.0000000
9 2 3 2 -0.0020772
9 2 3 3 -0.0000000
9 2 4 0 -0.0000000
9 2 4 1 -0.0000000
9 2 4 2 0.0024283
9 2 4 3 0.0000000
9 2 4 4 -0.0000000
9 2 5 0 0.0003036
9 2 5 1 0.0011749
9 2 5 2 0.0000000
9 2 5 3 -0.0007882
9 2 5 4 0.0019752
9 2 5 5 0.0000000
9 2 6 0 0.0000000
9 2 6 1 0.0000000
9 2 6 2 -0.0002967
9 2 6 3 -0.0000000
9 2 6 4 0.0000000
9 2 6 5 -0.0015652
9 2 6 6 -0.0000000
9 2 7 0 0.0000000
9 2 7 1 0.0000000
9 2 7 2 0.0004226
9 2 7 3 0.0000000
9 2 7 4 -0.0000000
9 2 7 5 -0.0000989
9 2 7 6 -0.0000000
9 2 7 7 -0.0000000
9 2 8 0 0.0000283
9 2 8 1 0.0026650
9 2 8 2 0.0000000
9 2 8 3 0.0016460
9 2 8 4 -0.0012973
9 2 8 5 0.0000000
9 2 8 6 -0.0016677
9 2 8 7 0.0000441
9 2 8 8 -0.0000000
9 2 9 0 -0.0000000
9 2 9 1 -0.0000000
9 2 9 2 0.0018301
9 2 9 3 -0.0000000
9 2 9 4 0.0000000
9 2 9 5 0.0011393
9 2 9 6 0.0000000
9 2 9 7 -0.0000000
9 2 9 8 -0.0048122
9 2 9 9 -0.0000000
9 3 0 0 -0.0008926
9 3 1 0 0.0000769
9 3 1 1 -0.0012888
9 3 2 0 -0.0000000
9 3 2 1 0.0000000
9 3 2 2 -0.0002409
9 3 3 0 -0.0000029
9 3 3 1 -0.0005604
9 3 3 2 -0.0000000
9 3 3 3 -0.0014512
9 3 4 0 -0.0000503
9 3 4 1 0.0005968
9 3 4 2 0.0000000
9 3 4 3 0.0006320
9 3 4 4 -0.0011975
9 3 5 0 0.0000000
9 3 5 1 0.0000000
9 3 5 2 0.0003393
9 3 5 3 -0.0000000
9 3 5 4 0.0000000
9 3 5 5 -0.0005045
9 3 6 0 0.0001011
9 3 6 1 -0.0004349
9 3 6 2 0.0000000
9 3 6 3 0.0001170
9 3 6 4 0.0002406
9 3 6 5 -0.0000000
9 3 6 6 -0.0007871
9 3 7 0 -0.0000305
9 3 7 1 -0.0002340
9 3 7 2 -0.0000000
9 3 7 3 0.0003061
9 3 7 4 0.0000549
9 3 7 5 -0.0000000
9 3 7 6 0.0002250
9 3 7 7 0.0040638
9 3 8 0 0.0000000
9 3 8 1 0.0000000
9 3 8 2 -0.0020916
9 3 8 3 -0.0000000
9 3 8 4 -0.0000000
9 3 8 5 -0.0011358
9 3 8 6 -0.0000000
9 3 8 7 0.0000000
9 3 8 8 0.0058960
9 3 9 0 0.0002847
9 3 9 1 0.0067652
9 3 9 2 -0.0000000
9 3 9 3 0.0112987
9 3 9 4 -0.0118809
9 3 9 5 0.0000000
9 3 9 6 -0.0070005
9 3 9 7 0.0003949
9 3 9 8 -0.0000000
9 3 9 9 0.1172185
9 4 0 0 0.0015421
9 4 1 0 0.0000015
9 4 1 1 0.0015355
9 4 2 0 0.0000000
9 4 2 1 -0.0000000
9 4 2 2 0.0009700
9 4 3 0 -0.0001611
9 4 3 1 0.0002710
9 4 3 2 0.0000000
9 4 3 3 0.0012114
9 4 4 0 -0.0000737
9 4 4 1 0.0003146
9 4 4 2 -0.0000000
9 4 4 3 -0.0004624
9 4 4 4 0.0012401
9 4 5 0 -0.0000000
9 4 5 1 -0.0000000
9 4 5 2 -0.0001676
9 4 5 3 -0.0000000
9 4 5 4 -0.0000000
9 4 5 5 0.0013124
9 4 6 0 0.0000105
9 4 6 1 0.0005045
9 4 6 2 -0.0000000
9 4 6 3 0.0007899
9 4 6 4 -0.0003911
9 4 6 5 0.0000000
9 4 6 6 0.0010736
9 4 7 0 -0.0000892
9 4 7 1 0.0001119
9 4 7 2 0.0000000
9 4 7 3 -0.0009931
9 4 7 4 0.0001873
9 4 7 5 -0.0000000
9 4 7 6 0.0001929
9 4 7 7 -0.0045696
9 4 8 0 -0.0000000
9 4 8 1 -0.0000000
9 4 8 2 0.0028269
9 4 8 3 0.0000000
9 4 8 4 -0.0000000
9 4 8 5 0.0015781
9 4 8 6 0.0000000
9 4 8 7 -0.0000000
9 4 8 8 -0.0070710
9 4 9 0 -0.0002986
9 4 9 1 -0.0070448
9 4 9 2 0.0000000
9 4 9 3 -0.0118809
9 4 9 4 0.0127350
9 4 9 5 -0.0000000
9 4 9 6 0.0073811
9 4 9 7 0.0008582
9 4 9 8 0.0000000
9 4 9 9 -0.1325787
9 5 0 0 -0.0000000
9 5 1 0 0.0000000
9 5 1 1 -0.0000000
9 5 2 0 -0.0000353
9 5 2 1 0.0020042
9 5 2 2 0.0000000
9 5 3 0 0.0000000
9 5 3 1 -0.0000000
9 5 3 2 -0.0014955
9 5 3 3 -0.0000000
9 5 4 0 0.0000000
9 5 4 1 0.0000000
9 5 4 2 0.0018963
9 5 4 3 0.0000000
9 5 4 4 -0.0000000
9 5 5 0 0.0001155
9 5 5 1 0.0012139
9 5 5 2 0.0000000
9 5 5 3 -0.0007208
9 5 5 4 0.0015817
9 5 5 5 0.0000000
9 5 6 0 0.0000000
9 5 6 1 0.0000000
9 5 6 2 -0.0006293
9 5 6 3 -0.0000000
9 5 6 4 0.0000000
9 5 6 5 -0.0010771
9 5 6 6 -0.0000000
9 5 7 0 -0.0000000
9 5 7 1 0.0000000
9 5 7 2 0.0003368
9 5 7 3 0.0000000
9 5 7 4 -0.0000000
9 5 7 5 -0.0000960
9 5 7 6 -0.0000000
9 5 7 7 -0.0000000
9 5 8 0 0.0000379
9 5 8 1 0.0019958
9 5 8 2 -0.0000000
9 5 8 3 0.0011334
9 5 8 4 -0.0008231
9 5 8 5 0.0000000
9 5 8 6 -0.0014016
9 5 8 7 0.0001083
9 5 8 8 0.0000000
9 5 9 0 0.0000000
9 5 9 1 0.0000000
9 5 9 2 0.0011393
9 5 9 3 0.0000000
9 5 9 4 -0.0000000
9 5 9 5 0.0007270
9 5 9 6 -0.0000000
9 5 9 7 -0.0000000
9 5 9 8 -0.0028779
9 5 9 9 0.0000000
9 6 0 0 0.0036156
9 6 1 0 -0.0001337
9 6 1 1 0.0025790
9 6 2 0 0.0000000
9 6 2 1 0.0000000
9 6 2 2 0.0000705
9 6 3 0 -0.0001134
9 6 3 1 0.0021749
9 6 3 2 -0.0000000
9 6 3 3 0.0031132
9 6 4 0 -0.0001138
9 6 4 1 -0.0023805
9 6 4 2 0.0000000
9 6 4 3 -0.0006912
9 6 4 4 0.0023009
9 6 5 0 0.0000000
9 6 5 1 0.0000000
9 6 5 2 -0.0016434
9 6 5 3 -0.0000000
9 6 5 4 0.0000000
9 6 5 5 0.0008763
9 6 6 0 -0.0002337
9 6 6 1 0.0013593
9 6 6 2 -0.0000000
9 6 6 3 -0.0008266
9 6 6 4 0.0011212
9 6 6 5 -0.0000000
9 6 6 6 0.0033229
9 6 7 0 0.0000593
9 6 7 1 -0.0002614
9 6 7 2 0.0000000
9 6 7 3 -0.0002280
9 6 7 4 0.0003099
9 6 7 5 -0.0000000
9 6 7 6 0.0001846
9 6 7 7 0.0000806
9 6 8 0 0.0000000
9 6 8 1 0.0000000
9 6 8 2 0.0005225
9 6 8 3 0.0000000
9 6 8 4 -0.0000000
9 6 8 5 -0.0000461
9 6 8 6 -0.0000000
9 6 8 7 0.0000000
9 6 8 8 -0.0019582
9 6 9 0 -0.0001687
9 6 9 1 -0.0048159
9 6 9 2 0.0000000
9 6 9 3 -0.0070005
9 6 9 4 0.0073811
9 6 9 5 -0.0000000
9 6 9 6 0.0047483
9 6 9 7 0.0006000
9 6 9 8 -0.0000000
9 6 9 9 -0.0562895
9 7 0 0 -0.0009548
9 7 1 0 -0.0001068
9 7 1 1 0.0009347
9 7 2 0 -0.0000000
9 7 2 1 0.0000000
9 7 2 2 0.0004997
9 7 3 0 0.0000546
9 7 3 1 -0.0003981
9 7 3 2 0.0000000
9 7 3 3 -0.0002563
9 7 4 0 0.0000879
9 7 4 1 0.0000494
9 7 4 2 -0.0000000
9 7 4 3 -0.0001364
9 7 4 4 0.0001524
9 7 5 0 0.0000000
9 7 5 1 0.0000000
9 7 5 2 0.0006935
9 7 5 3 0.0000000
9 7 5 4 0.0000000
9 7 5 5 -0.0000037
9 7 6 0 -0.0001707
9 7 6 1 -0.0002504
9 7 6 2 0.0000000
9 7 6 3 0.0000017
9 7 6 4 -0.0004372
9 7 6 5 -0.0000000
9 7 6 6 0.0001506
9 7 7 0 0.0000578
9 7 7 1 -0.0011780
9 7 7 2 0.0000000
9 7 7 3 -0.0013997
9 7 7 4 0.0017350
9 7 7 5 -0.0000000
9 7 7 6 0.0007441
9 7 7 7 -0.0001770
9 7 8 0 -0.0000000
9 7 8 1 -0.0000000
9 7 8 2 0.0003260
9 7 8 3 0.0000000
9 7 8 4 -0.0000000
9 7 8 5 0.0003345
9 7 8 6 0.0000000
9 7 8 7 0.0000000
9 7 8 8 0.0000623
9 7 9 0 0.0000457
9 7 9 1 -0.0007898
9 7 9 2 -0.0000000
9 7 9 3 0.0003949
9 7 9 4 0.0008582
9 7 9 5 -0.0000000
9 7 9 6 0.0006000
9 7 9 7 0.0091562
9 7 9 8 0.0000000
9 7 9 9 -0.0149380
9 8 0 0 0.0000000
9 8 1 0 -0.0000000
9 8 1 1 -0.0000000
9 8 2 0 -0.0000779
9 8 2 1 0.0041267
9 8 2 2 0.0000000
9 8 3 0 -0.0000000
9 8 3 1 0.0000000
9 8 3 2 -0.0010802
9 8 3 3 -0.0000000
9 8 4 0 -0.0000000
9 8 4 1 -0.0000000
9 8 4 2 0.0015935
9 8 4 3 0.0000000
9 8 4 4 -0.0000000
9 8 5 0 0.0002755
9 8 5 1 0.0024572
9 8 5 2 0.0000000
9 8 5 3 -0.0002721
9 8 5 4 0.0016590
9 8 5 5 0.0000000
9 8 6 0 0.0000000
9 8 6 1 0.0000000
9 8 6 2 -0.0017446
9 8 6 3 -0.0000000
9 8 6 4 0.0000000
9 8 6 5 -0.0024580
9 8 6 6 -0.0000000
9 8 7 0 -0.0000000
9 8 7 1 -0.0000000
9 8 7 2 0.0004385
9 8 7 3 0.0000000
9 8 7 4 0.0000000
9 8 7 5 -0.0001474
9 8 7 6 -0.0000000
9 8 7 7 -0.0000000
9 8 8 0 0.0000340
9 8 8 1 -0.0003565
9 8 8 2 0.0000000
9 8 8 3 -0.0029207
9 8 8 4 0.0036489
9 8 8 5 0.0000000
9 8 8 6 0.0003080
9 8 8 7 0.0004312
9 8 8 8 -0.0000000
9 8 9 0 0.0000000
9 8 9 1 0.0000000
9 8 9 2 -0.0048122
9 8 9 3 -0.0000000
9 8 9 4 0.0000000
9 8 9 5 -0.0028779
9 8 9 6 -0.0000000
9 8 9 7 0.0000000
9 8 9 8 0.0145315
9 8 9 9 -0.0000000
9 9 0 0 0.3437811
9 9 1 0 -0.0025784
9 9 1 1 0.5635427
9 9 2 0 0.0000000
9 9 2 1 -0.0000000
9 9 2 2 0.3916065
9 9 3 0 -0.0041187
9 9 3 1 0.1879398
9 9 3 2 -0.0000000
9 9 3 3 0.5084605
9 9 4 0 -0.0074266
9 9 4 1 -0.1509654
9 9 4 2 0.0000000
9 9 4 3 -0.2134880
9 9 4 4 0.4925683
9 9 5 0 0.0000000
9 9 5 1 0.0000000
9 9 5 2 0.0497418
9 9 5 3 0.0000000
9 9 5 4 -0.0000000
9 9 5 5 0.3439631
9 9 6 0 -0.0128320
9 9 6 1 -0.0898165
9 9 6 2 0.0000000
9 9 6 3 -0.1088682
9 9 6 4 0.1034784
9 9 6 5 -0.0000000
9 9 6 6 0.4720707
9 9 7 0 0.0032957
9 9 7 1 -0.0086565
9 9 7 2 -0.0000000
9 9 7 3 0.0450579
9 9 7 4 0.0155650
9 9 7 5 -0.0000000
9 9 7 6 0.0146687
9 9 7 7 0.6182422
9 9 8 0 0.0000000
9 9 8 1 0.0000000
9 9 8 2 -0.1230290
9 9 8 3 -0.0000000
9 9 8 4 0.0000000
9 9 8 5 -0.0690580
9 9 8 6 -0.0000000
9 9 8 7 -0.0000000
9 9 8 8 0.8416887
9 9 9 0 0.0041156
9 9 9 1 0.0348688
9 9 9 2 -0.0000000
9 9 9 3 0.1172185
9 9 9 4 -0.1325787
9 9 9 5 0.0000000
9 9 9 6 -0.0562895
9 9 9 7 -0.0149380
9 9 9 8 -0.0000000
9 9 9 9 3.4993851
10 0 0 0 0.0254285
10 0 1 0 0.0009034
10 0 1 1 0.0019093
10 0 2 0 0.0000000
10 0 2 1 0.0000000
10 0 2 2 0.0013223
10 0 3 0 -0.0011798
10 0 3 1 -0.0013429
10 0 3 2 -0.0000000
10 0 3 3 0.0023523
10 0 4 0 -0.0013437
10 0 4 1 -0.0008353
10 0 4 2 -0.0000000
10 0 4 3 0.0018701
10 0 4 4 0.0021880
10 0 5 0 -0.0000000
10 0 5 1 -0.0000000
10 0 5 2 -0.0006114
10 0 5 3 0.0000000
10 0 5 4 0.0000000
10 0 5 5 0.0014541
10 0 6 0 0.0024661
10 0 6 1 0.0024918
10 0 6 2 0.0000000
10 0 6 3 -0.0016508
10 0 6 4 -0.0019282
10 0 6 5 -0.0000000
10 0 6 6 0.0046993
10 0 7 0 0.0029015
10 0 7 1 -0.0001825
10 0 7 2 -0.0000000
10 0 7 3 0.0004494
10 0 7 4 0.0005065
10 0 7 5 0.0000000
10 0 7 6 -0.0009928
10 0 7 7 -0.0013317
10 0 8 0 -0.0000000
10 0 8 1 -0.0000000
10 0 8 2 0.0004341
10 0 8 3 0.0000000
10 0 8 4 0.0000000
10 0 8 5 0.0001090
10 0 8 6 0.0000000
10 0 8 7 0.0000000
10 0 8 8 -0.0009405
10 0 9 0 -0.0000420
10 0 9 1 0.0000786
10 0 9 2 -0.0000000
10 0 9 3 0.0000090
10 0 9 4 -0.0000359
10 0 9 5 -0.0000000
10 0 9 6 0.0000250
10 0 9 7 0.0000188
10 0 9 8 0.0000000
10 0 9 9 -0.0006084
10 0 10 0 0.0007488
10 0 10 1 -0.0003875
10 0 10 2 -0.0000000
10 0 10 3 0.0002665
10 0 10 4 0.0001167
10 0 10 5 0.0000000
10 0 10 6 -0.0004284
10 0 10 7 0.0002191
10 0 10 8 0.0000000
10 0 10 9 0.0000181
10 0 10 10 -0.0009641
10 1 0 0 -0.0350870
10 1 1 0 0.0010359
10 1 1 1 -0.0302316
10 1 2 0 -0.0000000
10 1 2 1 -0.0000000
10 1 2 2 -0.0283647
10 1 3 0 -0.0001356
10 1 3 1 0.0056333
10 1 3 2 -0.0000000
10 1 3 3 -0.0267210
10 1 4 0 -0.0003685
10 1 4 1 -0.0033720
10 1 4 2 -0.0000000
10 1 4 3 -0.0017229
10 1 4 4 -0.0277041
10 1 5 0 -0.0000000
10 1 5 1 0.0000000
10 1 5 2 -0.0002770
10 1 5 3 0.0000000
10 1 5 4 -0.0000000
10 1 5 5 -0.0288261
10 1 6 0 0.0015807
10 1 6 1 -0.0108333
10 1 6 2 -0.0000000
10 1 6 3 -0.0017839
10 1 6 4 0.0075237
10 1 6 5 0.0000000
10 1 6 6 -0.0332233
10 1 7 0 -0.0007097
10 1 7 1 -0.0029122
10 1 7 2 -0.0000000
10 1 7 3 -0.0007038
10 1 7 4 0.0012499
10 1 7 5 -0.0000000
10 1 7 6 0.0040496
10 1 7 7 0.0010913
10 1 8 0 0.0000000
10 1 8 1 0.0000000
10 1 8 2 -0.0146666
10 1 8 3 -0.0000000
10 1 8 4 0.0000000
10 1 8 5 -0.0082168
10 1 8 6 -0.0000000
10 1 8 7 0.0000000
10 1 8 8 0.0106096
10 1 9 0 0.0002062
10 1 9 1 -0.0005269
10 1 9 2 -0.0000000
10 1 9 3 0.0034374
10 1 9 4 -0.0041264
10 1 9 5 0.0000000
10 1 9 6 -0.0017946
10 1 9 7 -0.0003262
10 1 9 8 0.0000000
10 1 9 9 0.0470785
10 1 10 0 -0.0003875
10 1 10 1 0.0304316
10 1 10 2 -0.0000000
10 1 10 3 0.0164727
10 1 10 4 -0.0144092
10 1 10 5 0.0000000
10 1 10 6 -0.0159894
10 1 10 7 -0.0006753
10 1 10 8 0.0000000
10 1 10 9 0.0001813
10 1 10 10 0.0623151
10 2 0 0 0.0000000
10 2 1 0 0.0000000
10 2 1 1 0.0000000
10 2 2 0 -0.0003401
10 2 2 1 -0.0024976
10 2 2 2 -0.0000000
10 2 3 0 -0.0000000
10 2 3 1 0.0000000
10 2 3 2 0.0010873
10 2 3 3 0.0000000
10 2 4 0 -0.0000000
10 2 4 1 -0.0000000
10 2 4 2 -0.0015883
10 2 4 3 -0.0000000
10 2 4 4 0.0000000
10 2 5 0 0.0007135
10 2 5 1 -0.0019730
10 2 5 2 -0.0000000
10 2 5 3 0.0018515
10 2 5 4 -0.0010227
10 2 5 5 -0.0000000
10 2 6 0 0.0000000
10 2 6 1 -0.0000000
10 2 6 2 0.0017721
10 2 6 3 0.0000000
10 2 6 4 0.0000000
10 2 6 5 0.0009077
10 2 6 6 0.0000000
10 2 7 0 -0.0000000
10 2 7 1 0.0000000
10 2 7 2 0.0020084
10 2 7 3 0.0000000
10 2 7 4 -0.0000000
10 2 7 5 -0.0027370
10 2 7 6 -0.0000000
10 2 7 7 0.0000000
10 2 8 0 0.0002071
10 2 8 1 0.0004042
10 2 8 2 -0.0000000
10 2 8 3 0.0040507
10 2 8 4 -0.0045260
10 2 8 5 0.0000000
10 2 8 6 -0.0026184
10 2 8 7 -0.0009091
10 2 8 8 0.0000000
10 2 9 0 -0.0000000
10 2 9 1 -0.0000000
10 2 9 2 0.0006096
10 2 9 3 -0.0000000
10 2 9 4 0.0000000
10 2 9 5 0.0005006
10 2 9 6 0.0000000
10 2 9 7 -0.0000000
10 2 9 8 -0.0011598
10 2 9 9 0.0000000
10 2 10 0 -0.0000000
10 2 10 1 -0.0000000
10 2 10 2 0.0084838
10 2 10 3 -0.0000000
10 2 10 4 0.0000000
10 2 10 5 0.0037589
10 2 10 6 0.0000000
10 2 10 7 -0.0000000
10 2 10 8 -0.0254910
10 2 10 9 0.0000000
10 2 10 10 0.0000000
10 3 0 0 -0.0121416
10 3 1 0 -0.0002325
10 3 1 1 -0.0166846
10 3 2 0 -0.0000000
10 3 2 1 0.0000000
10 3 2 2 -0.0091574
10 3 3 0 0.0002031
10 3 3 1 -0.0077951
10 3 3 2 0.0000000
10 3 3 3 -0.0172920
10 3 4 0 0.0001843
10 3 4 1 0.0054694
10 3 4 2 -0.0000000
10 3 4 3 0.0065532
10 3 4 4 -0.0164457
10 3 5 0 0.0000000
10 3 5 1 -0.0000000
10 3 5 2 0.0012968
10 3 5 3 0.0000000
10 3 5 4 0.0000000
10 3 5 5 -0.0108934
10 3 6 0 -0.0009157
10 3 6 1 0.0003523
10 3 6 2 0.0000000
10 3 6 3 0.0013573
10 3 6 4 -0.0043849
10 3 6 5 -0.0000000
10 3 6 6 -0.0119512
10 3 7 0 0.0002603
10 3 7 1 -0.0024973
10 3 7 2 0.0000000
10 3 7 3 -0.0020305
10 3 7 4 0.0064487
10 3 7 5 -0.0000000
10 3 7 6 0.0028988
10 3 7 7 -0.0132031
10 3 8 0 0.0000000
10 3 8 1 0.0000000
10 3 8 2 -0.0015985
10 3 8 3 0.0000000
10 3 8 4 -0.0000000
10 3 8 5 -0.0010767
10 3 8 6 -0.0000000
10 3 8 7 -0.0000000
10 3 8 8 -0.0134079
10 3 9 0 0.0000829
10 3 9 1 0.0010178
10 3 9 2 -0.0000000
10 3 9 3 0.0027277
10 3 9 4 -0.0030106
10 3 9 5 0.0000000
10 3 9 6 -0.0017099
10 3 9 7 0.0002600
10 3 9 8 -0.0000000
10 3 9 9 -0.0006531
10 3 10 0 0.0002665
10 3 10 1 0.0164727
10 3 10 2 -0.0000000
10 3 10 3 0.0155124
10 3 10 4 -0.0118296
10 3 10 5 0.0000000
10 3 10 6 -0.0107463
10 3 10 7 0.0133920
10 3 10 8 -0.0000000
10 3 10 9 -0.0022267
10 3 10 10 0.0128117
10 4 0 0 0.0124251
10 4 1 0 -0.0012259
10 4 1 1 0.0221134
10 4 2 0 0.0000000
10 4 2 1 -0.0000000
10 4 2 2 0.0099212
10 4 3 0 -0.0003487
10 4 3 1 0.0086287
10 4 3 2 -0.0000000
10 4 3 3 0.0183992
10 4 4 0 -0.0004793
10 4 4 1 -0.0090944
10 4 4 2 0.0000000
10 4 4 3 -0.0097358
10 4 4 4 0.0153439
10 4 5 0 0.0000000
10 4 5 1 -0.0000000
10 4 5 2 -0.0002599
10 4 5 3 0.0000000
10 4 5 4 0.0000000
10 4 5 5 0.0074183
10 4 6 0 -0.0029622
10 4 6 1 0.0035374
10 4 6 2 0.0000000
10 4 6 3 -0.0058161
10 4 6 4 0.0017732
10 4 6 5 -0.0000000
10 4 6 6 0.0208865
10 4 7 0 0.0008502
10 4 7 1 0.0018851
10 4 7 2 -0.0000000
10 4 7 3 0.0066639
10 4 7 4 0.0007885
10 4 7 5 0.0000000
10 4 7 6 -0.0000722
10 4 7 7 0.0148179
10 4 8 0 -0.0000000
10 4 8 1 0.0000000
10 4 8 2 -0.0002578
10 4 8 3 -0.0000000
10 4 8 4 0.0000000
10 4 8 5 -0.0004561
10 4 8 6 -0.0000000
10 4 8 7 0.0000000
10 4 8 8 0.0197165
10 4 9 0 -0.0000966
10 4 9 1 -0.0012160
10 4 9 2 0.0000000
10 4 9 3 -0.0026395
10 4 9 4 0.0027768
10 4 9 5 -0.0000000
10 4 9 6 0.0018718
10 4 9 7 -0.0001049
10 4 9 8 0.0000000
10 4 9 9 0.0097607
10 4 10 0 0.0001167
10 4 10 1 -0.0144092
10 4 10 2 0.0000000
10 4 10 3 -0.0118296
10 4 10 4 0.0121270
10 4 10 5 -0.0000000
10 4 10 6 0.0092730
10 4 10 7 -0.0079937
10 4 10 8 0.0000000
10 4 10 9 0.0024234
10 4 10 10 -0.0053513
10 5 0 0 -0.0000000
10 5 1 0 -0.0000000
10 5 1 1 -0.0000000
10 5 2 0 0.0012097
10 5 2 1 -0.0087680
10 5 2 2 -0.0000000
10 5 3 0 0.0000000
10 5 3 1 -0.0000000
10 5 3 2 0.0064264
10 5 3 3 0.0000000
10 5 4 0 0.0000000
10 5 4 1 -0.0000000
10 5 4 2 -0.0050480
10 5 4 3 0.0000000
10 5 4 4 -0.0000000
10 5 5 0 -0.0027835
10 5 5 1 -0.0029720
10 5 5 2 -0.0000000
10 5 5 3 -0.0008808
10 5 5 4 -0.0067754
10 5 5 5 -0.0000000
10 5 6 0 -0.0000000
10 5 6 1 -0.0000000
10 5 6 2 0.0011623
10 5 6 3 -0.0000000
10 5 6 4 -0.0000000
10 5 6 5 0.0061822
10 5 6 6 0.0000000
10 5 7 0 0.0000000
10 5 7 1 -0.0000000
10 5 7 2 -0.0038764
10 5 7 3 -0.0000000
10 5 7 4 -0.0000000
10 5 7 5 0.0059653
10 5 7 6 0.0000000
10 5 7 7 -0.0000000
10 5 8 0 0.0001054
10 5 8 1 -0.0032436
10 5 8 2 -0.0000000
10 5 8 3 0.0017395
10 5 8 4 -0.0029624
10 5 8 5 -0.0000000
10 5 8 6 0.0004090
10 5 8 7 -0.0012030
10 5 8 8 -0.0000000
10 5 9 0 0.0000000
10 5 9 1 0.0000000
10 5 9 2 0.0002333
10 5 9 3 0.0000000
10 5 9 4 -0.0000000
10 5 9 5 0.0001263
10 5 9 6 -0.0000000
10 5 9 7 -0.0000000
10 5 9 8 -0.0012340
10 5 9 9 0.0000000
10 5 10 0 0.0000000
10 5 10 1 0.0000000
10 5 10 2 0.0037589
10 5 10 3 0.0000000
10 5 10 4 -0.0000000
10 5 10 5 0.0041890
10 5 10 6 -0.0000000
10 5 10 7 0.0000000
10 5 10 8 -0.0109969
10 5 10 9 0.0000000
10 5 10 10 0.0000000
10 6 0 0 0.0052800
10 6 1 0 0.0005847
10 6 1 1 0.0108753
10 6 2 0 0.0000000
10 6 2 1 -0.0000000
10 6 2 2 0.0107155
10 6 3 0 -0.0021481
10 6 3 1 0.0027949
10 6 3 2 0.0000000
10 6 3 3 0.0056571
10 6 4 0 -0.0020179
10 6 4 1 0.0039136
10 6 4 2 0.0000000
10 6 4 3 -0.0087651
10 6 4 4 0.0066022
10 6 5 0 -0.0000000
10 6 5 1 -0.0000000
10 6 5 2 0.0036924
10 6 5 3 -0.0000000
10 6 5 4 -0.0000000
10 6 5 5 0.0091070
10 6 6 0 -0.0000135
10 6 6 1 -0.0022095
10 6 6 2 0.0000000
10 6 6 3 0.0046159
10 6 6 4 0.0008876
10 6 6 5 0.0000000
10 6 6 6 0.0077435
10 6 7 0 -0.0011855
10 6 7 1 0.0028633
10 6 7 2 -0.0000000
10 6 7 3 0.0006871
10 6 7 4 0.0010185
10 6 7 5 0.0000000
10 6 7 6 0.0047229
10 6 7 7 0.0029567
10 6 8 0 0.0000000
10 6 8 1 -0.0000000
10 6 8 2 0.0053699
10 6 8 3 0.0000000
10 6 8 4 -0.0000000
10 6 8 5 0.0036638
10 6 8 6 0.0000000
10 6 8 7 -0.0000000
10 6 8 8 0.0041151
10 6 9 0 -0.0000631
10 6 9 1 -0.0004099
10 6 9 2 0.0000000
10 6 9 3 -0.0024097
10 6 9 4 0.0029422
10 6 9 5 -0.0000000
10 6 9 6 0.0011729
10 6 9 7 0.0001079
10 6 9 8 -0.0000000
10 6 9 9 -0.0226230
10 6 10 0 -0.0004284
10 6 10 1 -0.0159894
10 6 10 2 0.0000000
10 6 10 3 -0.0107463
10 6 10 4 0.0092730
10 6 10 5 -0.0000000
10 6 10 6 0.0125799
10 6 10 7 -0.0007402
10 6 10 8 -0.0000000
10 6 10 9 -0.0004207
10 6 10 10 -0.0300239
10 7 0 0 0.0543861
10 7 1 0 0.0028391
10 7 1 1 -0.0148121
10 7 2 0 0.0000000
10 7 2 1 0.0000000
10 7 2 2 0.0037418
10 7 3 0 -0.0026398
10 7 3 1 -0.0077235
10 7 3 2 0.0000000
10 7 3 3 0.0003923
10 7 4 0 -0.0023870
10 7 4 1 0.0084678
10 7 4 2 -0.0000000
10 7 4 3 0.0268312
10 7 4 4 0.0023614
10 7 5 0 -0.0000000
10 7 5 1 -0.0000000
10 7 5 2 -0.0208918
10 7 5 3 -0.0000000
10 7 5 4 -0.0000000
10 7 5 5 0.0229613
10 7 6 0 0.0056876
10 7 6 1 0.0150072
10 7 6 2 -0.0000000
10 7 6 3 0.0125315
10 7 6 4 0.0027729
10 7 6 5 0.0000000
10 7 6 6 0.0125869
10 7 7 0 -0.0030392
10 7 7 1 -0.0072474
10 7 7 2 0.0000000
10 7 7 3 -0.0219785
10 7 7 4 0.0144713
10 7 7 5 -0.0000000
10 7 7 6 0.0124663
10 7 7 7 0.0054839
10 7 8 0 -0.0000000
10 7 8 1 -0.0000000
10 7 8 2 0.0057377
10 7 8 3 0.0000000
10 7 8 4 -0.0000000
10 7 8 5 -0.0004179
10 7 8 6 0.0000000
10 7 8 7 0.0000000
10 7 8 8 -0.0340618
10 7 9 0 -0.0000999
10 7 9 1 -0.0000771
10 7 9 2 0.0000000
10 7 9 3 -0.0005930
10 7 9 4 0.0012418
10 7 9 5 -0.0000000
10 7 9 6 0.0006811
10 7 9 7 0.0002960
10 7 9 8 0.0000000
10 7 9 9 -0.0632199
10 7 10 0 0.0002191
10 7 10 1 -0.0006753
10 7 10 2 -0.0000000
10 7 10 3 0.0133920
10 7 10 4 -0.0079937
10 7 10 5 0.0000000
10 7 10 6 -0.0007402
10 7 10 7 0.0750992
10 7 10 8 -0.0000000
10 7 10 9 -0.0038251
10 7 10 10 -0.0676357
10 8 0 0 -0.0000000
10 8 1 0 0.0000000
10 8 1 1 0.0000000
10 8 2 0 0.0010435
10 8 2 1 -0.0305422
10 8 2 2 -0.0000000
10 8 3 0 0.0000000
10 8 3 1 -0.0000000
10 8 3 2 0.0182644
10 8 3 3 0.0000000
10 8 4 0 0.0000000
10 8 4 1 0.0000000
10 8 4 2 -0.0242616
10 8 4 3 -0.0000000
10 8 4 4 0.0000000
10 8 5 0 -0.0022187
10 8 5 1 -0.0174388
10 8 5 2 -0.0000000
10 8 5 3 0.0080185
10 8 5 4 -0.0199982
10 8 5 5 -0.0000000
10 8 6 0 -0.0000000
10 8 6 1 -0.0000000
10 8 6 2 0.0070240
10 8 6 3 0.0000000
10 8 6 4 -0.0000000
10 8 6 5 0.0169253
10 8 6 6 0.0000000
10 8 7 0 0.0000000
10 8 7 1 0.0000000
10 8 7 2 -0.0050647
10 8 7 3 -0.0000000
10 8 7 4 0.0000000
10 8 7 5 -0.0004025
10 8 7 6 -0.0000000
10 8 7 7 -0.0000000
10 8 8 0 -0.0011775
10 8 8 1 -0.0285932
10 8 8 2 0.0000000
10 8 8 3 -0.0204960
10 8 8 4 0.0159609
10 8 8 5 -0.0000000
10 8 8 6 0.0260214
10 8 8 7 -0.0012068
10 8 8 8 -0.0000000
10 8 9 0 0.0000000
10 8 9 1 0.0000000
10 8 9 2 -0.0031117
10 8 9 3 -0.0000000
10 8 9 4 0.0000000
10 8 9 5 -0.0027562
10 8 9 6 -0.0000000
10 8 9 7 0.0000000
10 8 9 8 -0.0000316
10 8 9 9 -0.0000000
10 8 10 0 0.0000000
10 8 10 1 0.0000000
10 8 10 2 -0.0254910
10 8 10 3 -0.0000000
10 8 10 4 0.0000000
10 8 10 5 -0.0109969
10 8 10 6 -0.0000000
10 8 10 7 -0.0000000
10 8 10 8 0.1090354
10 8 10 9 0.0000000
10 8 10 10 -0.0000000
10 9 0 0 0.0125416
10 9 1 0 -0.0001304
10 9 1 1 0.0286110
10 9 2 0 0.0000000
10 9 2 1 -0.0000000
10 9 2 2 0.0145926
10 9 3 0 -0.0002812
10 9 3 1 0.0178319
10 9 3 2 -0.0000000
10 9 3 3 0.0287155
10 9 4 0 -0.0006786
10 9 4 1 -0.0153058
10 9 4 2 0.0000000
10 9 4 3 -0.0192528
10 9 4 4 0.0270170
10 9 5 0 0.0000000
10 9 5 1 0.0000000
10 9 5 2 0.0023778
10 9 5 3 0.0000000
10 9 5 4 -0.0000000
10 9 5 5 0.0114742
10 9 6 0 -0.0008895
10 9 6 1 -0.0071092
10 9 6 2 0.0000000
10 9 6 3 -0.0103871
10 9 6 4 0.0113313
10 9 6 5 -0.0000000
10 9 6 6 0.0224672
10 9 7 0 0.0001769
10 9 7 1 -0.0010579
10 9 7 2 -0.0000000
10 9 7 3 0.0030628
10 9 7 4 0.0010510
10 9 7 5 -0.0000000
10 9 7 6 0.0015038
10 9 7 7 0.0335519
10 9 8 0 0.0000000
10 9 8 1 0.0000000
10 9 8 2 -0.0110386
10 9 8 3 -0.0000000
10 9 8 4 0.0000000
10 9 8 5 -0.0070304
10 9 8 6 -0.0000000
10 9 8 7 -0.0000000
10 9 8 8 0.0496118
10 9 9 0 0.0004445
10 9 9 1 0.0067647
10 9 9 2 -0.0000000
10 9 9 3 0.0145905
10 9 9 4 -0.0162937
10 9 9 5 0.0000000
10 9 9 6 -0.0081433
10 9 9 7 -0.0036628
10 9 9 8 -0.0000000
10 9 9 9 0.3648308
10 9 10 0 0.0000181
10 9 10 1 0.0001813
10 9 10 2 0.0000000
10 9 10 3 -0.0022267
10 9 10 4 0.0024234
10 9 10 5 0.0000000
10 9 10 6 -0.0004207
10 9 10 7 -0.0038251
10 9 10 8 0.0000000
10 9 10 9 0.0530074
10 9 10 10 0.0389065
10 10 0 0 0.2906487
10 10 1 0 -0.0015874
10 10 1 1 0.4172219
10 10 2 0 0.0000000
10 10 2 1 -0.0000000
10 10 2 2 0.3231266
10 10 3 0 -0.0027368
10 10 3 1 0.0893896
10 10 3 2 -0.0000000
10 10 3 3 0.3587395
10 10 4 0 -0.0039869
10 10 4 1 -0.0669448
10 10 4 2 0.0000000
10 10 4 3 -0.1037267
10 10 4 4 0.3499001
10 10 5 0 0.0000000
10 10 5 1 0.0000000
10 10 5 2 0.0368260
10 10 5 3 0.0000000
10 10 5 4 -0.0000000
10 10 5 5 0.2924963
10 10 6 0 -0.0073091
10 10 6 1 -0.0513492
10 10 6 2 0.0000000
10 10 6 3 -0.0527312
10 10 6 4 0.0413096
10 10 6 5 -0.0000000
10 10 6 6 0.3604761
10 10 7 0 0.0024699
10 10 7 1 0.0007369
10 10 7 2 -0.0000000
10 10 7 3 0.0395121
10 10 7 4 0.0000504
10 10 7 5 0.0000000
10 10 7 6 0.0018928
10 10 7 7 0.4644445
10 10 8 0 0.0000000
10 10 8 1 0.0000000
10 10 8 2 -0.0737017
10 10 8 3 -0.0000000
10 10 8 4 0.0000000
10 10 8 5 -0.0370345
10 10 8 6 -0.0000000
10 10 8 7 -0.0000000
10 10 8 8 0.6110803
10 10 9 0 0.0007285
10 10 9 1 -0.0024579
10 10 9 2 -0.0000000
10 10 9 3 0.0112328
10 10 9 4 -0.0140457
10 10 9 5 0.0000000
10 10 9 6 -0.0045993
10 10 9 7 -0.0004443
10 10 9 8 -0.0000000
10 10 9 9 0.8412160
10 10 10 0 -0.0009641
10 10 10 1 0.0623151
10 10 10 2 0.0000000
10 10 10 3 0.0128117
10 10 10 4 -0.0053513
10 10 10 5 0.0000000
10 10 10 6 -0.0300239
10 10 10 7 -0.0676357
10 10 10 8 -0.0000000
10 10 10 9 0.0389065
10 10 10 10 0.7072821
11 0 0 0 -0.0804278
11 0 1 0 -0.0030795
11 0 1 1 -0.0052636
11 0 2 0 -0.0000000
11 0 2 1 -0.0000000
11 0 2 2 -0.0017531
11 0 3 0 0.0036007
11 0 3 1 0.0041309
11 0 3 2 0.0000000
11 0 3 3 -0.0052641
11 0 4 0 0.0042149
11 0 4 1 0.0035117
11 0 4 2 0.0000000
11 0 4 3 -0.0032465
11 0 4 4 -0.0049669
11 0 5 0 0.0000000
11 0 5 1 0.0000000
11 0 5 2 -0.0017301
11 0 5 3 -0.0000000
11 0 5 4 -0.0000000
11 0 5 5 0.0013324
11 0 6 0 -0.0088899
11 0 6 1 -0.0052832
11 0 6 2 -0.0000000
11 0 6 3 0.0076636
11 0 6 4 0.0077959
11 0 6 5 0.0000000
11 0 6 6 -0.0100543
11 0 7 0 -0.0118809
11 0 7 1 0.0005467
11 0 7 2 0.0000000
11 0 7 3 -0.0023820
11 0 7 4 -0.0016428
11 0 7 5 -0.0000000
11 0 7 6 0.0044384
11 0 7 7 0.0075417
11 0 8 0 0.0000000
11 0 8 1 0.0000000
11 0 8 2 -0.0003607
11 0 8 3 -0.0000000
11 0 8 4 0.0000000
11 0 8 5 -0.0003464
11 0 8 6 -0.0000000
11 0 8 7 0.0000000
11 0 8 8 -0.0007733
11 0 9 0 0.0001383
11 0 9 1 -0.0001055
11 0 9 2 -0.0000000
11 0 9 3 0.0000964
11 0 9 4 0.0000191
11 0 9 5 0.0000000
11 0 9 6 -0.0000991
11 0 9 7 -0.0000809
11 0 9 8 0.0000000
11 0 9 9 -0.0002969
11 0 10 0 -0.0029243
11 0 10 1 0.0012335
11 0 10 2 0.0000000
11 0 10 3 -0.0002937
11 0 10 4 -0.0008870
11 0 10 5 -0.0000000
11 0 10 6 0.0012538
11 0 10 7 0.0024809
11 0 10 8 0.0000000
11 0 10 9 0.0000730
11 0 10 10 -0.0003420
11 0 11 0 0.0119224
11 0 11 1 -0.0029683
11 0 11 2 -0.0000000
11 0 11 3 0.0015065
11 0 11 4 0.0026361
11 0 11 5 0.0000000
11 0 11 6 -0.0054321
11 0 11 7 -0.0079565
11 0 11 8 0.0000000
11 0 11 9 -0.0001154
11 0 11 10 -0.0009287
11 0 11 11 0.0079973
11 1 0 0 0.0078542
11 1 1 0 -0.0014432
11 1 1 1 -0.0017348
11 1 2 0 -0.0000000
11 1 2 1 0.0000000
11 1 2 2 -0.0018303
11 1 3 0 0.0040670
11 1 3 1 -0.0141157
11 1 3 2 -0.0000000
11 1 3 3 0.0044439
11 1 4 0 0.0038304
11 1 4 1 -0.0035362
11 1 4 2 -0.0000000
11 1 4 3 0.0139015
11 1 4 4 0.0044360
11 1 5 0 0.0000000
11 1 5 1 -0.0000000
11 1 5 2 0.0005062
11 1 5 3 0.0000000
11 1 5 4 0.0000000
11 1 5 5 0.0000516
11 1 6 0 -0.0005454
11 1 6 1 0.0061705
11 1 6 2 0.0000000
11 1 6 3 -0.0100670
11 1 6 4 -0.0108844
11 1 6 5 -0.0000000
11 1 6 6 0.0010246
11 1 7 0 0.0025557
11 1 7 1 0.0063005
11 1 7 2 -0.0000000
11 1 7 3 0.0117759
11 1 7 4 -0.0131204
11 1 7 5 0.0000000
11 1 7 6 -0.0193833
11 1 7 7 -0.0090185
11 1 8 0 -0.0000000
11 1 8 1 0.0000000
11 1 8 2 0.0001087
11 1 8 3 -0.0000000
11 1 8 4 0.0000000
11 1 8 5 0.0013612
11 1 8 6 0.0000000
11 1 8 7 0.0000000
11 1 8 8 -0.0083323
11 1 9 0 -0.0000545
11 1 9 1 0.0008419
11 1 9 2 -0.0000000
11 1 9 3 0.0004277
11 1 9 4 -0.0011008
11 1 9 5 0.0000000
11 1 9 6 -0.0004838
11 1 9 7 -0.0006686
11 1 9 8 0.0000000
11 1 9 9 -0.0071408
11 1 10 0 0.0007921
11 1 10 1 -0.0004792
11 1 10 2 0.0000000
11 1 10 3 0.0006987
11 1 10 4 -0.0007855
11 1 10 5 0.0000000
11 1 10 6 -0.0062344
11 1 10 7 -0.0128735
11 1 10 8 0.0000000
11 1 10 9 -0.0020299
11 1 10 10 0.0127979
11 1 11 0 -0.0029683
11 1 11 1 0.0253250
11 1 11 2 -0.0000000
11 1 11 3 0.0137351
11 1 11 4 -0.0101719
11 1 11 5 -0.0000000
11 1 11 6 0.0097918
11 1 11 7 -0.0030364
11 1 11 8 0.0000000
11 1 11 9 -0.0002634
11 1 11 10 -0.0077453
11 1 11 11 -0.0171074
11 2 0 0 0.0000000
11 2 1 0 -0.0000000
11 2 1 1 0.0000000
11 2 2 0 0.0029413
11 2 2 1 -0.0120248
11 2 2 2 -0.0000000
11 2 3 0 0.0000000
11 2 3 1 -0.0000000
11 2 3 2 0.0091511
11 2 3 3 0.0000000
11 2 4 0 -0.0000000
11 2 4 1 -0.0000000
11 2 4 2 -0.0062686
11 2 4 3 -0.0000000
11 2 4 4 0.0000000
11 2 5 0 -0.0064389
11 2 5 1 0.0008598
11 2 5 2 0.0000000
11 2 5 3 -0.0053156
11 2 5 4 -0.0082670
11 2 5 5 -0.0000000
11 2 6 0 -0.0000000
11 2 6 1 0.0000000
11 2 6 2 -0.0030214
11 2 6 3 -0.0000000
11 2 6 4 -0.0000000
11 2 6 5 0.0105539
11 2 6 6 0.0000000
11 2 7 0 0.0000000
11 2 7 1 -0.0000000
11 2 7 2 -0.0094491
11 2 7 3 -0.0000000
11 2 7 4 0.0000000
11 2 7 5 0.0164235
11 2 7 6 0.0000000
11 2 7 7 0.0000000
11 2 8 0 0.0001453
11 2 8 1 -0.0029252
11 2 8 2 0.0000000
11 2 8 3 0.0006073
11 2 8 4 -0.0025666
11 2 8 5 -0.0000000
11 2 8 6 -0.0004622
11 2 8 7 -0.0039855
11 2 8 8 0.0000000
11 2 9 0 -0.0000000
11 2 9 1 -0.0000000
11 2 9 2 0.0000241
11 2 9 3 -0.0000000
11 2 9 4 0.0000000
11 2 9 5 0.0000153
11 2 9 6 0.0000000
11 2 9 7 0.0000000
11 2 9 8 -0.0005127
11 2 9 9 -0.0000000
11 2 10 0 0.0000000
11 2 10 1 -0.0000000
11 2 10 2 -0.0002965
11 2 10 3 0.0000000
11 2 10 4 0.0000000
11 2 10 5 0.0047656
11 2 10 6 0.0000000
11 2 10 7 0.0000000
11 2 10 8 -0.0052181
11 2 10 9 -0.0000000
11 2 10 10 -0.0000000
11 2 11 0 -0.0000000
11 2 11 1 -0.0000000
11 2 11 2 0.0134386
11 2 11 3 -0.0000000
11 2 11 4 0.0000000
11 2 11 5 -0.0151231
11 2 11 6 -0.0000000
11 2 11 7 0.0000000
11 2 11 8 -0.0019583
11 2 11 9 0.0000000
11 2 11 10 0.0000000
11 2 11 11 0.0000000
11 3 0 0 -0.0187761
11 3 1 0 0.0026590
11 3 1 1 -0.0247139
11 3 2 0 0.0000000
11 3 2 1 -0.0000000
11 3 2 2 -0.0123684
11 3 3 0 0.0022203
11 3 3 1 -0.0047893
11 3 3 2 0.0000000
11 3 3 3 -0.0123199
11 3 4 0 0.0022120
11 3 4 1 0.0042971
11 3 4 2 -0.0000000
11 3 4 3 0.0079948
11 3 4 4 -0.0077475
11 3 5 0 -0.0000000
11 3 5 1 0.0000000
11 3 5 2 -0.0022906
11 3 5 3 -0.0000000
11 3 5 4 -0.0000000
11 3 5 5 -0.0049975
11 3 6 0 0.0080784
11 3 6 1 -0.0117432
11 3 6 2 -0.0000000
11 3 6 3 0.0024077
11 3 6 4 0.0043275
11 3 6 5 0.0000000
11 3 6 6 -0.0352723
11 3 7 0 -0.0013096
11 3 7 1 0.0076059
11 3 7 2 -0.0000000
11 3 7 3 -0.0013586
11 3 7 4 -0.0227338
11 3 7 5 0.0000000
11 3 7 6 -0.0141250
11 3 7 7 -0.0043832
11 3 8 0 0.0000000
11 3 8 1 -0.0000000
11 3 8 2 -0.0031825
11 3 8 3 -0.0000000
11 3 8 4 -0.0000000
11 3 8 5 -0.0003417
11 3 8 6 -0.0000000
11 3 8 7 -0.0000000
11 3 8 8 -0.0085390
11 3 9 0 0.0000865
11 3 9 1 0.0002789
11 3 9 2 -0.0000000
11 3 9 3 0.0010009
11 3 9 4 -0.0013639
11 3 9 5 0.0000000
11 3 9 6 -0.0010348
11 3 9 7 -0.0013084
11 3 9 8 -0.0000000
11 3 9 9 0.0022153
11 3 10 0 -0.0005639
11 3 10 1 0.0055972
11 3 10 2 0.0000000
11 3 10 3 -0.0022927
11 3 10 4 -0.0044044
11 3 10 5 0.0000000
11 3 10 6 -0.0044738
11 3 10 7 -0.0117855
11 3 10 8 -0.0000000
11 3 10 9 -0.0002400
11 3 10 10 0.0142861
11 3 11 0 0.0015065
11 3 11 1 0.0137351
11 3 11 2 -0.0000000
11 3 11 3 0.0265865
11 3 11 4 0.0025711
11 3 11 5 -0.0000000
11 3 11 6 0.0034978
11 3 11 7 -0.0047940
11 3 11 8 -0.0000000
11 3 11 9 -0.0008182
11 3 11 10 -0.0055387
11 3 11 11 -0.0161263
11 4 0 0 0.0002355
11 4 1 0 0.0033290
11 4 1 1 -0.0149280
11 4 2 0 0.0000000
11 4 2 1 -0.0000000
11 4 2 2 -0.0101227
11 4 3 0 0.0005183
11 4 3 1 0.0053088
11 4 3 2 -0.0000000
11 4 3 3 -0.0010405
11 4 4 0 0.0007901
11 4 4 1 -0.0000129
11 4 4 2 -0.0000000
11 4 4 3 0.0083683
11 4 4 4 0.0015792
11 4 5 0 -0.0000000
11 4 5 1 0.0000000
11 4 5 2 -0.0064119
11 4 5 3 -0.0000000
11 4 5 4 -0.0000000
11 4 5 5 0.0016258
11 4 6 0 0.0089457
11 4 6 1 -0.0080226
11 4 6 2 -0.0000000
11 4 6 3 0.0070487
11 4 6 4 0.0112056
11 4 6 5 0.0000000
11 4 6 6 -0.0198702
11 4 7 0 -0.0026411
11 4 7 1 -0.0089988
11 4 7 2 0.0000000
11 4 7 3 -0.0215692
11 4 7 4 -0.0018774
11 4 7 5 -0.0000000
11 4 7 6 0.0019707
11 4 7 7 0.0087372
11 4 8 0 0.0000000
11 4 8 1 -0.0000000
11 4 8 2 -0.0026887
11 4 8 3 -0.0000000
11 4 8 4 0.0000000
11 4 8 5 -0.0016914
11 4 8 6 -0.0000000
11 4 8 7 0.0000000
11 4 8 8 -0.0032084
11 4 9 0 0.0000551
11 4 9 1 -0.0009793
11 4 9 2 -0.0000000
11 4 9 3 -0.0003161
11 4 9 4 0.0008253
11 4 9 5 -0.0000000
11 4 9 6 0.0004336
11 4 9 7 0.0011889
11 4 9 8 -0.0000000
11 4 9 9 -0.0039145
11 4 10 0 -0.0006540
11 4 10 1 0.0006804
11 4 10 2 -0.0000000
11 4 10 3 -0.0009082
11 4 10 4 -0.0036633
11 4 10 5 -0.0000000
11 4 10 6 0.0003221
11 4 10 7 0.0171767
11 4 10 8 0.0000000
11 4 10 9 0.0006343
11 4 10 10 -0.0159672
11 4 11 0 0.0026361
11 4 11 1 -0.0101719
11 4 11 2 0.0000000
11 4 11 3 0.0025711
11 4 11 4 0.0223781
11 4 11 5 -0.0000000
11 4 11 6 0.0081655
11 4 11 7 -0.0038241
11 4 11 8 0.0000000
11 4 11 9 0.0009473
11 4 11 10 0.0085351
11 4 11 11 0.0117885
11 5 0 0 0.0000000
11 5 1 0 0.0000000
11 5 1 1 -0.0000000
11 5 2 0 -0.0056483
11 5 2 1 0.0188558
11 5 2 2 0.0000000
11 5 3 0 -0.0000000
11 5 3 1 0.0000000
11 5 3 2 -0.0162284
11 5 3 3 -0.0000000
11 5 4 0 -0.0000000
11 5 4 1 0.0000000
11 5 4 2 0.0068854
11 5 4 3 -0.0000000
11 5 4 4 -0.0000000
11 5 5 0 0.0119842
11 5 5 1 -0.0004943
11 5 5 2 -0.0000000
11 5 5 3 0.0105673
11 5 5 4 0.0160511
11 5 5 5 0.0000000
11 5 6 0 0.0000000
11 5 6 1 -0.0000000
11 5 6 2 0.0056074
11 5 6 3 0.0000000
11 5 6 4 0.0000000
11 5 6 5 -0.0163749
11 5 6 6 -0.0000000
11 5 7 0 -0.0000000
11 5 7 1 0.0000000
11 5 7 2 0.0168443
11 5 7 3 0.0000000
11 5 7 4 0.0000000
11 5 7 5 -0.0253716
11 5 7 6 -0.0000000
11 5 7 7 0.0000000
11 5 8 0 -0.0001924
11 5 8 1 0.0069625
11 5 8 2 -0.0000000
11 5 8 3 0.0011795
11 5 8 4 0.0000072
11 5 8 5 0.0000000
11 5 8 6 -0.0022326
11 5 8 7 -0.0013331
11 5 8 8 0.0000000
11 5 9 0 0.0000000
11 5 9 1 -0.0000000
11 5 9 2 0.0004688
11 5 9 3 0.0000000
11 5 9 4 -0.0000000
11 5 9 5 0.0003985
11 5 9 6 -0.0000000
11 5 9 7 -0.0000000
11 5 9 8 0.0002284
11 5 9 9 0.0000000
11 5 10 0 -0.0000000
11 5 10 1 0.0000000
11 5 10 2 0.0041039
11 5 10 3 0.0000000
11 5 10 4 -0.0000000
11 5 10 5 -0.0057254
11 5 10 6 -0.0000000
11 5 10 7 0.0000000
11 5 10 8 -0.0077034
11 5 10 9 0.0000000
11 5 10 10 0.0000000
11 5 11 0 0.0000000
11 5 11 1 -0.0000000
11 5 11 2 -0.0151231
11 5 11 3 -0.0000000
11 5 11 4 -0.0000000
11 5 11 5 0.0275516
11 5 11 6 -0.0000000
11 5 11 7 -0.0000000
11 5 11 8 -0.0055640
11 5 11 9 -0.0000000
11 5 11 10 -0.0000000
11 5 11 11 0.0000000
11 6 0 0 -0.0115807
11 6 1 0 -0.0024477
11 6 1 1 -0.0013115
11 6 2 0 -0.0000000
11 6 2 1 0.0000000
11 6 2 2 -0.0033342
11 6 3 0 0.0091404
11 6 3 1 -0.0119259
11 6 3 2 -0.0000000
11 6 3 3 0.0103513
11 6 4 0 0.0092253
11 6 4 1 -0.0069708
11 6 4 2 -0.0000000
11 6 4 3 0.0158988
11 6 4 4 0.0132267
11 6 5 0 0.0000000
11 6 5 1 -0.0000000
11 6 5 2 0.0027758
11 6 5 3 0.0000000
11 6 5 4 0.0000000
11 6 5 5 -0.0047165
11 6 6 0 -0.0003110
11 6 6 1 0.0015098
11 6 6 2 0.0000000
11 6 6 3 -0.0145183
11 6 6 4 -0.0121255
11 6 6 5 -0.0000000
11 6 6 6 -0.0085682
11 6 7 0 0.0046035
11 6 7 1 -0.0093360
11 6 7 2 0.0000000
11 6 7 3 -0.0080174
11 6 7 4 -0.0024403
11 6 7 5 -0.0000000
11 6 7 6 -0.0201836
11 6 7 7 -0.0140776
11 6 8 0 -0.0000000
11 6 8 1 0.0000000
11 6 8 2 -0.0001297
11 6 8 3 0.0000000
11 6 8 4 -0.0000000
11 6 8 5 0.0010261
11 6 8 6 -0.0000000
11 6 8 7 -0.0000000
11 6 8 8 -0.0044159
11 6 9 0 -0.0000522
11 6 9 1 -0.0001342
11 6 9 2 0.0000000
11 6 9 3 -0.0005519
11 6 9 4 0.0004556
11 6 9 5 -0.0000000
11 6 9 6 0.0004505
11 6 9 7 0.0009543
11 6 9 8 0.0000000
11 6 9 9 -0.0076297
11 6 10 0 0.0012969
11 6 10 1 -0.0056022
11 6 10 2 0.0000000
11 6 10 3 -0.0017741
11 6 10 4 0.0003224
11 6 10 5 -0.0000000
11 6 10 6 -0.0046611
11 6 10 7 0.0008810
11 6 10 8 -0.0000000
11 6 10 9 -0.0001394
11 6 10 10 -0.0124277
11 6 11 0 -0.0054321
11 6 11 1 0.0097918
11 6 11 2 -0.0000000
11 6 11 3 0.0034978
11 6 11 4 0.0081655
11 6 11 5 -0.0000000
11 6 11 6 0.0299816
11 6 11 7 0.0122734
11 6 11 8 -0.0000000
11 6 11 9 0.0010828
11 6 11 10 0.0028664
11 6 11 11 -0.0171946
11 7 0 0 -0.2517048
11 7 1 0 -0.0095025
11 7 1 1 0.0263033
11 7 2 0 -0.0000000
11 7 2 1 -0.0000000
11 7 2 2 -0.0445179
11 7 3 0 0.0081138
11 7 3 1 0.0551801
11 7 3 2 -0.0000000
11 7 3 3 -0.0337524
11 7 4 0 0.0078329
11 7 4 1 -0.0388830
11 7 4 2 0.0000000
11 7 4 3 -0.1097817
11 7 4 4 -0.0377166
11 7 5 0 0.0000000
11 7 5 1 0.0000000
11 7 5 2 0.0774321
11 7 5 3 0.0000000
11 7 5 4 -0.0000000
11 7 5 5 -0.1215766
11 7 6 0 -0.0214659
11 7 6 1 -0.0683071
11 7 6 2 0.0000000
11 7 6 3 -0.0435459
11 7 6 4 0.0065869
11 7 6 5 -0.0000000
11 7 6 6 -0.0789891
11 7 7 0 0.0087663
11 7 7 1 -0.0016642
11 7 7 2 -0.0000000
11 7 7 3 0.0210546
11 7 7 4 0.0190464
11 7 7 5 0.0000000
11 7 7 6 -0.0036029
11 7 7 7 0.0050326
11 7 8 0 0.0000000
11 7 8 1 0.0000000
11 7 8 2 -0.0403177
11 7 8 3 -0.0000000
11 7 8 4 0.0000000
11 7 8 5 -0.0138656
11 7 8 6 -0.0000000
11 7 8 7 -0.0000000
11 7 8 8 0.1510892
11 7 9 0 0.0005585
11 7 9 1 -0.0031615
11 7 9 2 -0.0000000
11 7 9 3 0.0033235
11 7 9 4 -0.0044889
11 7 9 5 0.0000000
11 7 9 6 -0.0013291
11 7 9 7 0.0011149
11 7 9 8 -0.0000000
11 7 9 9 0.2608277
11 7 10 0 0.0005738
11 7 10 1 0.0185046
11 7 10 2 0.0000000
11 7 10 3 0.0012111
11 7 10 4 0.0076384
11 7 10 5 0.0000000
11 7 10 6 -0.0055519
11 7 10 7 -0.0287865
11 7 10 8 -0.0000000
11 7 10 9 0.0193253
11 7 10 10 0.1626452
11 7 11 0 -0.0079565
11 7 11 1 -0.0030364
11 7 11 2 0.0000000
11 7 11 3 -0.0047940
11 7 11 4 -0.0038241
11 7 11 5 -0.0000000
11 7 11 6 0.0122734
11 7 11 7 0.2035800
11 7 11 8 0.0000000
11 7 11 9 0.0030647
11 7 11 10 0.0593351
11 7 11 11 -0.0251498
11 8 0 0 -0.0000000
11 8 1 0 0.0000000
11 8 1 1 0.0000000
11 8 2 0 0.0004690
11 8 2 1 -0.0080977
11 8 2 2 -0.0000000
11 8 3 0 0.0000000
11 8 3 1 -0.0000000
11 8 3 2 0.0043417
11 8 3 3 0.0000000
11 8 4 0 0.0000000
11 8 4 1 0.0000000
11 8 4 2 -0.0076017
11 8 4 3 -0.0000000
11 8 4 4 0.0000000
11 8 5 0 -0.0011332
11 8 5 1 -0.0027603
11 8 5 2 -0.0000000
11 8 5 3 0.0018123
11 8 5 4 -0.0053505
11 8 5 5 -0.0000000
11 8 6 0 -0.0000000
11 8 6 1 -0.0000000
11 8 6 2 0.0003867
11 8 6 3 0.0000000
11 8 6 4 -0.0000000
11 8 6 5 0.0050478
11 8 6 6 0.0000000
11 8 7 0 0.0000000
11 8 7 1 0.0000000
11 8 7 2 -0.0069261
11 8 7 3 -0.0000000
11 8 7 4 0.0000000
11 8 7 5 -0.0003317
11 8 7 6 -0.0000000
11 8 7 7 -0.0000000
11 8 8 0 -0.0002036
11 8 8 1 -0.0095751
11 8 8 2 0.0000000
11 8 8 3 -0.0051729
11 8 8 4 0.0051722
11 8 8 5 -0.0000000
11 8 8 6 0.0074256
11 8 8 7 0.0181298
11 8 8 8 0.0000000
11 8 9 0 0.0000000
11 8 9 1 0.0000000
11 8 9 2 -0.0007742
11 8 9 3 -0.0000000
11 8 9 4 0.0000000
11 8 9 5 -0.0006056
11 8 9 6 -0.0000000
11 8 9 7 0.0000000
11 8 9 8 0.0001755
11 8 9 9 -0.0000000
11 8 10 0 0.0000000
11 8 10 1 0.0000000
11 8 10 2 -0.0070889
11 8 10 3 -0.0000000
11 8 10 4 0.0000000
11 8 10 5 -0.0028941
11 8 10 6 -0.0000000
11 8 10 7 -0.0000000
11 8 10 8 0.0253055
11 8 10 9 0.0000000
11 8 10 10 -0.0000000
11 8 11 0 0.0000000
11 8 11 1 0.0000000
11 8 11 2 -0.0019583
11 8 11 3 -0.0000000
11 8 11 4 0.0000000
11 8 11 5 -0.0055640
11 8 11 6 -0.0000000
11 8 11 7 0.0000000
11 8 11 8 0.0229401
11 8 11 9 0.0000000
11 8 11 10 0.0000000
11 8 11 11 -0.0000000
11 9 0 0 0.0046886
11 9 1 0 -0.0000821
11 9 1 1 0.0066990
11 9 2 0 0.0000000
11 9 2 1 -0.0000000
11 9 2 2 0.0039686
11 9 3 0 0.0000224
11 9 3 1 0.0024339
11 9 3 2 -0.0000000
11 9 3 3 0.0063959
11 9 4 0 -0.0000352
11 9 4 1 -0.0029276
11 9 4 2 0.0000000
11 9 4 3 -0.0027004
11 9 4 4 0.0063906
11 9 5 0 0.0000000
11 9 5 1 0.0000000
11 9 5 2 0.0003526
11 9 5 3 0.0000000
11 9 5 4 -0.0000000
11 9 5 5 0.0036483
11 9 6 0 -0.0001473
11 9 6 1 -0.0007465
11 9 6 2 0.0000000
11 9 6 3 -0.0020635
11 9 6 4 0.0015251
11 9 6 5 -0.0000000
11 9 6 6 0.0057691
11 9 7 0 0.0001215
11 9 7 1 -0.0010511
11 9 7 2 0.0000000
11 9 7 3 -0.0004423
11 9 7 4 0.0011649
11 9 7 5 -0.0000000
11 9 7 6 0.0003919
11 9 7 7 0.0065731
11 9 8 0 0.0000000
11 9 8 1 0.0000000
11 9 8 2 -0.0015056
11 9 8 3 -0.0000000
11 9 8 4 0.0000000
11 9 8 5 -0.0009412
11 9 8 6 -0.0000000
11 9 8 7 0.0000000
11 9 8 8 0.0085151
11 9 9 0 0.0001093
11 9 9 1 0.0006701
11 9 9 2 -0.0000000
11 9 9 3 0.0029202
11 9 9 4 -0.0022223
11 9 9 5 0.0000000
11 9 9 6 -0.0009935
11 9 9 7 0.0066747
11 9 9 8 -0.0000000
11 9 9 9 0.0538242
11 9 10 0 0.0000479
11 9 10 1 -0.0007439
11 9 10 2 0.0000000
11 9 10 3 -0.0004786
11 9 10 4 0.0005491
11 9 10 5 0.0000000
11 9 10 6 0.0000501
11 9 10 7 -0.0007309
11 9 10 8 0.0000000
11 9 10 9 0.0071201
11 9 10 10 0.0059734
11 9 11 0 -0.0001154
11 9 11 1 -0.0002634
11 9 11 2 0.0000000
11 9 11 3 -0.0008182
11 9 11 4 0.0009473
11 9 11 5 -0.0000000
11 9 11 6 0.0010828
11 9 11 7 0.0030647
11 9 11 8 0.0000000
11 9 11 9 0.0067784
11 9 11 10 -0.0001085
11 9 11 11 0.0052264
11 10 0 0 -0.0742510
11 10 1 0 -0.0012815
11 10 1 1 -0.0114758
11 10 2 0 -0.0000000
11 10 2 1 -0.0000000
11 10 2 2 -0.0227470
11 10 3 0 0.0014627
11 10 3 1 0.0150312
11 10 3 2 0.0000000
11 10 3 3 -0.0246609
11 10 4 0 0.0014735
11 10 4 1 -0.0072435
11 10 4 2 0.0000000
11 10 4 3 -0.0237387
11 10 4 4 -0.0240675
11 10 5 0 0.0000000
11 10 5 1 0.0000000
11 10 5 2 0.0178749
11 10 5 3 0.0000000
11 10 5 4 -0.0000000
11 10 5 5 -0.0405076
11 10 6 0 -0.0037566
11 10 6 1 -0.0216011
11 10 6 2 0.0000000
11 10 6 3 -0.0081693
11 10 6 4 0.0050438
11 10 6 5 -0.0000000
11 10 6 6 -0.0353496
11 10 7 0 0.0010373
11 10 7 1 -0.0051845
11 10 7 2 0.0000000
11 10 7 3 -0.0061933
11 10 7 4 0.0154784
11 10 7 5 -0.0000000
11 10 7 6 0.0067152
11 10 7 7 -0.0022267
11 10 8 0 0.0000000
11 10 8 1 0.0000000
11 10 8 2 -0.0169941
11 10 8 3 -0.0000000
11 10 8 4 0.0000000
11 10 8 5 -0.0079477
11 10 8 6 -0.0000000
11 10 8 7 -0.0000000
11 10 8 8 0.0426930
11 10 9 0 0.0002250
11 10 9 1 -0.0013469
11 10 9 2 -0.0000000
11 10 9 3 0.0019773
11 10 9 4 -0.0022521
11 10 9 5 0.0000000
11 10 9 6 -0.0008692
11 10 9 7 0.0002474
11 10 9 8 -0.0000000
11 10 9 9 0.0655123
11 10 10 0 0.0001827
11 10 10 1 0.0191063
11 10 10 2 -0.0000000
11 10 10 3 0.0167257
11 10 10 4 -0.0095754
11 10 10 5 0.0000000
11 10 10 6 -0.0093113
11 10 10 7 0.0364432
11 10 10 8 -0.0000000
11 10 10 9 0.0031839
11 10 10 10 0.0421722
11 10 11 0 -0.0009287
11 10 11 1 -0.0077453
11 10 11 2 0.0000000
11 10 11 3 -0.0055387
11 10 11 4 0.0085351
11 10 11 5 -0.0000000
11 10 11 6 0.0028664
11 10 11 7 0.0593351
11 10 11 8 0.0000000
11 10 11 9 -0.0001085
11 10 11 10 0.0530169
11 10 11 11 0.0051728
11 11 0 0 0.5876568
11 11 1 0 0.0070115
11 11 1 1 0.4316365
11 11 2 0 0.0000000
11 11 2 1 -0.0000000
11 11 2 2 0.3953680
11 11 3 0 -0.0136488
11 11 3 1 0.0500262
11 11 3 2 -0.0000000
11 11 3 3 0.4320811
11 11 4 0 -0.0140913
11 11 4 1 -0.0346673
11 11 4 2 0.0000000
11 11 4 3 -0.0020346
11 11 4 4 0.4247337
11 11 5 0 -0.0000000
11 11 5 1 -0.0000000
11 11 5 2 -0.0512734
11 11 5 3 -0.0000000
11 11 5 4 -0.0000000
11 11 5 5 0.4455483
11 11 6 0 0.0115776
11 11 6 1 0.0351144
11 11 6 2 -0.0000000
11 11 6 3 -0.0025996
11 11 6 4 0.0409409
11 11 6 5 -0.0000000
11 11 6 6 0.4884060
11 11 7 0 -0.0074605
11 11 7 1 -0.0080964
11 11 7 2 -0.0000000
11 11 7 3 -0.0024297
11 11 7 4 0.0095109
11 11 7 5 -0.0000000
11 11 7 6 0.0259024
11 11 7 7 0.5013990
11 11 8 0 0.0000000
11 11 8 1 0.0000000
11 11 8 2 -0.0142775
11 11 8 3 -0.0000000
11 11 8 4 0.0000000
11 11 8 5 -0.0171254
11 11 8 6 -0.0000000
11 11 8 7 0.0000000
11 11 8 8 0.4338926
11 11 9 0 -0.0001044
11 11 9 1 -0.0000898
11 11 9 2 -0.0000000
11 11 9 3 0.0029942
11 11 9 4 -0.0029836
11 11 9 5 -0.0000000
11 11 9 6 0.0007166
11 11 9 7 -0.0002551
11 11 9 8 -0.0000000
11 11 9 9 0.5430565
11 11 10 0 -0.0009650
11 11 10 1 -0.0039161
11 11 10 2 0.0000000
11 11 10 3 -0.0073317
11 11 10 4 0.0118292
11 11 10 5 -0.0000000
11 11 10 6 0.0045883
11 11 10 7 0.0364345
11 11 10 8 -0.0000000
11 11 10 9 0.0272588
11 11 10 10 0.4103351
11 11 11 0 0.0079973
11 11 11 1 -0.0171074
11 11 11 2 0.0000000
11 11 11 3 -0.0161263
11 11 11 4 0.0117885
11 11 11 5 0.0000000
11 11 11 6 -0.0171946
11 11 11 7 -0.0251498
11 11 11 8 -0.0000000
11 11 11 9 0.0052264
11 11 11 10 0.0051728
11 11 11 11 0.5093197
