NMONOMER	1
NELEC	8
ENUC	7.351144
NBASIS	12
HOMO	2
LUMO	2
ENT	5
HF_ENERGY	-35.113483
ENERGIES
-10.828747
-0.483965
-0.426863
-0.232594
0.586624
0.803217
0.920014
849736.659115
965066.593229
996478.297878
1070620.713805
1118094.141559

OEI
-18.388446	
0.272322	-4.287702	
-0.000000	0.000000	-3.746126	
-0.102865	0.146240	-0.000000	-4.070184	
-0.268382	0.190448	0.000000	-0.482088	-3.049641	
0.000000	0.000000	0.851492	0.000000	-0.000000	-3.641385	
0.198009	-0.799058	0.000000	-0.426272	-0.097899	0.000000	-3.157878	
0.104917	0.067593	0.000000	-0.109132	0.459288	-0.000000	-0.065003	849733.116397	
-0.000000	0.000000	-0.073795	0.000000	0.000000	0.117893	-0.000000	-0.000000	965063.924927	
0.005115	0.021163	0.000000	0.004679	0.002469	-0.000000	0.016988	-0.002814	0.000000	996475.305053	
-0.035735	-0.191063	0.000000	-0.042999	-0.105531	0.000000	0.173013	0.193715	-0.000000	-0.124659	1070618.343114	
0.101385	0.079943	0.000000	-0.214829	0.459828	-0.000000	-0.024984	-0.961146	-0.000000	-0.034503	0.333294	1118090.481172	

ENV_OEI
-4.916654	
0.509821	-0.603467	
-0.000000	0.000000	-0.126302	
-0.204950	-0.091194	0.000000	-0.402719	
-0.473696	0.096935	0.000000	-0.121928	-0.176089	
0.000000	0.000000	0.196447	0.000000	-0.000000	-0.338591	
0.388235	0.143494	-0.000000	0.219504	0.005854	-0.000000	-1.061408	
0.225084	0.015320	0.000000	-0.065826	0.070077	-0.000000	0.010079	-0.561764	
-0.000000	0.000000	0.062636	0.000000	-0.000000	-0.034741	-0.000000	-0.000000	-0.721300	
-0.018198	0.473899	-0.000000	0.452699	-0.056016	-0.000000	-1.470620	-0.127190	-0.000000	-18.546730	
-0.055573	0.045876	-0.000000	0.011824	-0.021434	0.000000	-0.083206	-0.237565	0.000000	-1.671782	-0.779830	
0.213783	0.015353	-0.000000	0.000508	0.082172	-0.000000	-0.049033	0.143574	0.000000	-0.177340	0.099952	-0.385634	

OVERLAP
1.000000	
0.248362	1.000000	
0.061767	0.488736	1.000000	
0.061767	0.488736	0.167856	1.000000	
0.000000	0.027047	0.005362	0.005362	1.000000	
0.027047	0.301519	0.096511	0.096511	0.248362	1.000000	
0.000000	0.000000	0.155576	0.155576	-0.045312	-0.338874	1.000000	
0.000000	0.000000	0.380474	-0.380474	0.000000	0.000000	0.000000	1.000000	
0.000000	0.000000	0.219667	0.219667	0.000000	0.000000	0.000000	0.000000	1.000000	
0.045312	0.338874	0.109532	0.109532	0.000000	0.000000	-0.315123	0.000000	0.000000	1.000000	
0.000000	0.000000	0.051506	-0.051506	0.000000	0.000000	0.000000	0.166433	0.000000	0.000000	1.000000	
0.000000	0.000000	0.029737	0.029737	0.000000	0.000000	0.000000	0.000000	0.166433	0.000000	0.000000	1.000000	

MOCOEFF
-0.996523	-0.018358	0.008886	0.008886	-0.001626	0.008231	0.008951	-0.000000	0.018613	0.002734	-0.000000	-0.003626	
0.179558	-0.558334	-0.056169	-0.056169	0.045900	-0.081594	0.337606	-0.000000	0.359213	-0.384357	0.000000	-0.056444	
-0.000000	0.000000	-0.525486	0.525486	-0.000000	0.000000	-0.000000	-0.446794	-0.000000	0.000000	0.128493	0.000000	
-0.073486	0.211294	0.261370	0.261370	0.041443	-0.117329	0.515422	-0.000000	-0.600796	-0.286223	0.000000	0.084447	
-0.157662	1.043310	-0.922428	-0.922428	-0.004722	0.038338	0.511701	0.000000	0.248201	0.009340	-0.000000	0.013552	
0.000000	-0.000000	-0.803620	0.803620	-0.000000	-0.000000	-0.000000	1.169785	-0.000000	0.000000	-0.111908	-0.000000	
0.137885	-0.825534	0.090562	0.090562	-0.129926	0.779388	0.857791	0.000000	-0.055636	0.959933	-0.000000	0.003873	
0.084288	-0.388041	0.000000	0.000000	-0.012324	0.049398	-0.203229	0.000000	-0.573902	-0.025821	0.000000	0.799278	
0.000000	0.000000	0.000000	-0.000000	-0.000000	0.000000	0.000000	0.000000	-0.000000	-0.000000	-1.000000	0.000000	
0.000565	-0.002600	-0.000000	-0.000000	-1.025611	0.216380	-0.001361	-0.000000	-0.003845	-0.105483	0.000000	-0.019655	
-0.018948	0.087232	-0.000000	-0.000000	-0.019716	-0.850777	0.045686	0.000000	0.129015	0.446528	-0.000000	0.196307	
0.081636	-0.375835	0.000000	0.000000	0.011611	-0.229179	-0.196837	0.000000	-0.555850	0.120151	-0.000000	-0.583417	

ERI
0 0 0 0 3.5227386
1 0 0 0 -0.2366459
1 0 1 0 0.0310295
1 0 1 1 0.0059864
1 1 0 0 0.7289768
1 1 1 0 0.0059864
1 1 1 1 0.6496538
2 0 0 0 0.0000000
2 0 1 0 -0.0000000
2 0 1 1 0.0000000
2 0 2 0 0.0055041
2 0 2 1 0.0055973
2 0 2 2 -0.0000000
2 1 0 0 -0.0000000
2 1 1 0 -0.0000000
2 1 1 1 -0.0000000
2 1 2 0 0.0055973
2 1 2 1 0.0325481
2 1 2 2 0.0000000
2 2 0 0 0.5768893
2 2 1 0 -0.0062506
2 2 1 1 0.4073679
2 2 2 0 -0.0000000
2 2 2 1 0.0000000
2 2 2 2 0.5278053
3 0 0 0 0.0939187
3 0 1 0 -0.0105277
3 0 1 1 0.0047054
3 0 2 0 0.0000000
3 0 2 1 -0.0000000
3 0 2 2 0.0021948
3 0 3 0 0.0176410
3 0 3 1 0.0132049
3 0 3 2 -0.0000000
3 0 3 3 -0.0071669
3 1 0 0 -0.0604959
3 1 1 0 0.0011743
3 1 1 1 0.0276610
3 1 2 0 -0.0000000
3 1 2 1 -0.0000000
3 1 2 2 -0.0248033
3 1 3 0 0.0132049
3 1 3 1 0.0861540
3 1 3 2 -0.0000000
3 1 3 3 -0.0409659
3 2 0 0 0.0000000
3 2 1 0 -0.0000000
3 2 1 1 -0.0000000
3 2 2 0 -0.0034875
3 2 2 1 -0.0271353
3 2 2 2 0.0000000
3 2 3 0 -0.0000000
3 2 3 1 -0.0000000
3 2 3 2 0.0503558
3 2 3 3 0.0000000
3 3 0 0 0.7397014
3 3 1 0 -0.0051795
3 3 1 1 0.5155625
3 3 2 0 0.0000000
3 3 2 1 -0.0000000
3 3 2 2 0.4556753
3 3 3 0 -0.0071669
3 3 3 1 -0.0409659
3 3 3 2 0.0000000
3 3 3 3 0.5698625
4 0 0 0 0.2146349
4 0 1 0 -0.0177830
4 0 1 1 0.0176618
4 0 2 0 0.0000000
4 0 2 1 -0.0000000
4 0 2 2 -0.0000535
4 0 3 0 0.0122697
4 0 3 1 0.0015553
4 0 3 2 0.0000000
4 0 3 3 0.0041446
4 0 4 0 0.0250093
4 0 4 1 -0.0026188
4 0 4 2 -0.0000000
4 0 4 3 0.0002515
4 0 4 4 -0.0019323
4 1 0 0 -0.0640056
4 1 1 0 0.0016217
4 1 1 1 -0.0248249
4 1 2 0 -0.0000000
4 1 2 1 0.0000000
4 1 2 2 0.0025522
4 1 3 0 0.0022250
4 1 3 1 0.0139915
4 1 3 2 -0.0000000
4 1 3 3 -0.0325508
4 1 4 0 -0.0026188
4 1 4 1 0.0098977
4 1 4 2 0.0000000
4 1 4 3 -0.0216040
4 1 4 4 0.0028244
4 2 0 0 -0.0000000
4 2 1 0 -0.0000000
4 2 1 1 -0.0000000
4 2 2 0 -0.0015047
4 2 2 1 0.0295285
4 2 2 2 -0.0000000
4 2 3 0 -0.0000000
4 2 3 1 -0.0000000
4 2 3 2 -0.0549996
4 2 3 3 -0.0000000
4 2 4 0 -0.0000000
4 2 4 1 0.0000000
4 2 4 2 0.1248038
4 2 4 3 -0.0000000
4 2 4 4 0.0000000
4 3 0 0 0.1394789
4 3 1 0 -0.0028538
4 3 1 1 0.0523839
4 3 2 0 0.0000000
4 3 2 1 -0.0000000
4 3 2 2 -0.0075784
4 3 3 0 -0.0103581
4 3 3 1 -0.0341310
4 3 3 2 -0.0000000
4 3 3 3 0.0847804
4 3 4 0 0.0002515
4 3 4 1 -0.0216040
4 3 4 2 -0.0000000
4 3 4 3 0.0684517
4 3 4 4 0.0009902
4 4 0 0 0.5961444
4 4 1 0 -0.0132716
4 4 1 1 0.3669625
4 4 2 0 0.0000000
4 4 2 1 0.0000000
4 4 2 2 0.5118318
4 4 3 0 -0.0013742
4 4 3 1 -0.0371216
4 4 3 2 -0.0000000
4 4 3 3 0.4572749
4 4 4 0 -0.0019323
4 4 4 1 0.0028244
4 4 4 2 0.0000000
4 4 4 3 0.0009902
4 4 4 4 0.5404956
5 0 0 0 -0.0000000
5 0 1 0 0.0000000
5 0 1 1 -0.0000000
5 0 2 0 -0.0113076
5 0 2 1 -0.0123158
5 0 2 2 0.0000000
5 0 3 0 -0.0000000
5 0 3 1 0.0000000
5 0 3 2 0.0091250
5 0 3 3 0.0000000
5 0 4 0 0.0000000
5 0 4 1 0.0000000
5 0 4 2 -0.0018127
5 0 4 3 -0.0000000
5 0 4 4 -0.0000000
5 0 5 0 0.0234985
5 0 5 1 0.0172914
5 0 5 2 -0.0000000
5 0 5 3 -0.0056056
5 0 5 4 -0.0152512
5 0 5 5 0.0000000
5 1 0 0 -0.0000000
5 1 1 0 -0.0000000
5 1 1 1 -0.0000000
5 1 2 0 -0.0085487
5 1 2 1 -0.0353480
5 1 2 2 0.0000000
5 1 3 0 -0.0000000
5 1 3 1 -0.0000000
5 1 3 2 0.0175626
5 1 3 3 -0.0000000
5 1 4 0 0.0000000
5 1 4 1 0.0000000
5 1 4 2 -0.0003907
5 1 4 3 -0.0000000
5 1 4 4 0.0000000
5 1 5 0 0.0172914
5 1 5 1 0.0523050
5 1 5 2 0.0000000
5 1 5 3 -0.0155259
5 1 5 4 -0.0203106
5 1 5 5 -0.0000000
5 2 0 0 -0.2350346
5 2 1 0 0.0012731
5 2 1 1 -0.1216726
5 2 2 0 0.0000000
5 2 2 1 0.0000000
5 2 2 2 -0.0080870
5 2 3 0 0.0002110
5 2 3 1 0.0086497
5 2 3 2 0.0000000
5 2 3 3 -0.0901824
5 2 4 0 -0.0066160
5 2 4 1 0.0228505
5 2 4 2 0.0000000
5 2 4 3 -0.0583452
5 2 4 4 0.0247196
5 2 5 0 -0.0000000
5 2 5 1 0.0000000
5 2 5 2 0.1109271
5 2 5 3 0.0000000
5 2 5 4 -0.0000000
5 2 5 5 -0.0767062
5 3 0 0 -0.0000000
5 3 1 0 0.0000000
5 3 1 1 -0.0000000
5 3 2 0 0.0034668
5 3 2 1 0.0034530
5 3 2 2 -0.0000000
5 3 3 0 0.0000000
5 3 3 1 0.0000000
5 3 3 2 -0.0037182
5 3 3 3 -0.0000000
5 3 4 0 -0.0000000
5 3 4 1 -0.0000000
5 3 4 2 -0.0373387
5 3 4 3 -0.0000000
5 3 4 4 0.0000000
5 3 5 0 -0.0056056
5 3 5 1 -0.0155259
5 3 5 2 0.0000000
5 3 5 3 0.0328017
5 3 5 4 -0.0165579
5 3 5 5 -0.0000000
5 4 0 0 0.0000000
5 4 1 0 0.0000000
5 4 1 1 0.0000000
5 4 2 0 0.0056693
5 4 2 1 0.0394589
5 4 2 2 -0.0000000
5 4 3 0 0.0000000
5 4 3 1 -0.0000000
5 4 3 2 -0.0659532
5 4 3 3 0.0000000
5 4 4 0 -0.0000000
5 4 4 1 0.0000000
5 4 4 2 0.1045338
5 4 4 3 0.0000000
5 4 4 4 0.0000000
5 4 5 0 -0.0152512
5 4 5 1 -0.0203106
5 4 5 2 -0.0000000
5 4 5 3 -0.0165579
5 4 5 4 0.1156012
5 4 5 5 -0.0000000
5 5 0 0 0.7924543
5 5 1 0 -0.0068303
5 5 1 1 0.5035105
5 5 2 0 0.0000000
5 5 2 1 -0.0000000
5 5 2 2 0.5204561
5 5 3 0 0.0023229
5 5 3 1 -0.0334713
5 5 3 2 0.0000000
5 5 3 3 0.5156460
5 5 4 0 0.0086513
5 5 4 1 -0.0153293
5 5 4 2 -0.0000000
5 5 4 3 0.0297268
5 5 4 4 0.5006601
5 5 5 0 0.0000000
5 5 5 1 -0.0000000
5 5 5 2 -0.0767062
5 5 5 3 -0.0000000
5 5 5 4 -0.0000000
5 5 5 5 0.5876352
6 0 0 0 -0.1800668
6 0 1 0 0.0250934
6 0 1 1 0.0086261
6 0 2 0 -0.0000000
6 0 2 1 -0.0000000
6 0 2 2 -0.0043624
6 0 3 0 0.0014758
6 0 3 1 0.0098636
6 0 3 2 -0.0000000
6 0 3 3 -0.0097836
6 0 4 0 -0.0101130
6 0 4 1 0.0031360
6 0 4 2 -0.0000000
6 0 4 3 -0.0099282
6 0 4 4 -0.0140568
6 0 5 0 0.0000000
6 0 5 1 -0.0000000
6 0 5 2 0.0010957
6 0 5 3 0.0000000
6 0 5 4 0.0000000
6 0 5 5 -0.0046742
6 0 6 0 0.0274539
6 0 6 1 0.0031365
6 0 6 2 -0.0000000
6 0 6 3 -0.0031121
6 0 6 4 -0.0031915
6 0 6 5 0.0000000
6 0 6 6 0.0084084
6 1 0 0 0.2363462
6 1 1 0 -0.0000808
6 1 1 1 0.0696534
6 1 2 0 0.0000000
6 1 2 1 0.0000000
6 1 2 2 0.0670448
6 1 3 0 0.0051289
6 1 3 1 -0.0401754
6 1 3 2 0.0000000
6 1 3 3 0.0693652
6 1 4 0 0.0102608
6 1 4 1 -0.0089348
6 1 4 2 -0.0000000
6 1 4 3 0.0161070
6 1 4 4 0.0570067
6 1 5 0 -0.0000000
6 1 5 1 -0.0000000
6 1 5 2 -0.0413725
6 1 5 3 -0.0000000
6 1 5 4 0.0000000
6 1 5 5 0.1056425
6 1 6 0 0.0031365
6 1 6 1 0.1138609
6 1 6 2 -0.0000000
6 1 6 3 0.0579029
6 1 6 4 -0.0001198
6 1 6 5 -0.0000000
6 1 6 6 -0.0034525
6 2 0 0 -0.0000000
6 2 1 0 0.0000000
6 2 1 1 -0.0000000
6 2 2 0 0.0034446
6 2 2 1 0.0134211
6 2 2 2 -0.0000000
6 2 3 0 -0.0000000
6 2 3 1 0.0000000
6 2 3 2 0.0009006
6 2 3 3 -0.0000000
6 2 4 0 -0.0000000
6 2 4 1 -0.0000000
6 2 4 2 -0.0015511
6 2 4 3 -0.0000000
6 2 4 4 -0.0000000
6 2 5 0 -0.0068051
6 2 5 1 -0.0199949
6 2 5 2 0.0000000
6 2 5 3 0.0011846
6 2 5 4 0.0023464
6 2 5 5 -0.0000000
6 2 6 0 -0.0000000
6 2 6 1 -0.0000000
6 2 6 2 0.0121267
6 2 6 3 -0.0000000
6 2 6 4 -0.0000000
6 2 6 5 -0.0162346
6 2 6 6 0.0000000
6 3 0 0 0.1272481
6 3 1 0 -0.0055285
6 3 1 1 -0.0128232
6 3 2 0 0.0000000
6 3 2 1 0.0000000
6 3 2 2 0.0538191
6 3 3 0 0.0035381
6 3 3 1 -0.0224071
6 3 3 2 0.0000000
6 3 3 3 0.0519849
6 3 4 0 -0.0004383
6 3 4 1 -0.0029923
6 3 4 2 -0.0000000
6 3 4 3 0.0130448
6 3 4 4 0.0651860
6 3 5 0 -0.0000000
6 3 5 1 0.0000000
6 3 5 2 -0.0067255
6 3 5 3 -0.0000000
6 3 5 4 -0.0000000
6 3 5 5 0.0560507
6 3 6 0 -0.0031121
6 3 6 1 0.0579029
6 3 6 2 -0.0000000
6 3 6 3 0.0645873
6 3 6 4 0.0054450
6 3 6 5 -0.0000000
6 3 6 6 -0.0324655
6 4 0 0 0.0189848
6 4 1 0 -0.0001281
6 4 1 1 0.0046168
6 4 2 0 -0.0000000
6 4 2 1 -0.0000000
6 4 2 2 0.0011958
6 4 3 0 -0.0044772
6 4 3 1 -0.0076263
6 4 3 2 0.0000000
6 4 3 3 0.0203750
6 4 4 0 -0.0026252
6 4 4 1 -0.0030034
6 4 4 2 -0.0000000
6 4 4 3 0.0187917
6 4 4 4 0.0081858
6 4 5 0 0.0000000
6 4 5 1 0.0000000
6 4 5 2 -0.0088546
6 4 5 3 -0.0000000
6 4 5 4 -0.0000000
6 4 5 5 0.0042168
6 4 6 0 -0.0031915
6 4 6 1 -0.0001198
6 4 6 2 -0.0000000
6 4 6 3 0.0054450
6 4 6 4 0.0084447
6 4 6 5 0.0000000
6 4 6 6 0.0041942
6 5 0 0 -0.0000000
6 5 1 0 -0.0000000
6 5 1 1 -0.0000000
6 5 2 0 -0.0061014
6 5 2 1 -0.0257706
6 5 2 2 0.0000000
6 5 3 0 0.0000000
6 5 3 1 0.0000000
6 5 3 2 0.0123960
6 5 3 3 -0.0000000
6 5 4 0 0.0000000
6 5 4 1 0.0000000
6 5 4 2 -0.0162516
6 5 4 3 -0.0000000
6 5 4 4 -0.0000000
6 5 5 0 0.0129403
6 5 5 1 0.0335332
6 5 5 2 -0.0000000
6 5 5 3 0.0019555
6 5 5 4 -0.0240700
6 5 5 5 0.0000000
6 5 6 0 0.0000000
6 5 6 1 -0.0000000
6 5 6 2 -0.0162346
6 5 6 3 -0.0000000
6 5 6 4 0.0000000
6 5 6 5 0.0290723
6 5 6 6 0.0000000
6 6 0 0 0.6872225
6 6 1 0 -0.0003723
6 6 1 1 0.5968026
6 6 2 0 0.0000000
6 6 2 1 -0.0000000
6 6 2 2 0.3842703
6 6 3 0 0.0127182
6 6 3 1 0.0794589
6 6 3 2 -0.0000000
6 6 3 3 0.4796650
6 6 4 0 0.0155580
6 6 4 1 -0.0151414
6 6 4 2 -0.0000000
6 6 4 3 0.0333534
6 6 4 4 0.3510248
6 6 5 0 -0.0000000
6 6 5 1 -0.0000000
6 6 5 2 -0.0998697
6 6 5 3 -0.0000000
6 6 5 4 0.0000000
6 6 5 5 0.4573313
6 6 6 0 0.0084084
6 6 6 1 -0.0034525
6 6 6 2 0.0000000
6 6 6 3 -0.0324655
6 6 6 4 0.0041942
6 6 6 5 0.0000000
6 6 6 6 0.6520262
7 0 0 0 -0.0837418
7 0 1 0 0.0043086
7 0 1 1 -0.0097283
7 0 2 0 -0.0000000
7 0 2 1 0.0000000
7 0 2 2 0.0038803
7 0 3 0 0.0003768
7 0 3 1 0.0048303
7 0 3 2 -0.0000000
7 0 3 3 -0.0017875
7 0 4 0 -0.0127206
7 0 4 1 0.0024165
7 0 4 2 -0.0000000
7 0 4 3 -0.0026880
7 0 4 4 0.0046134
7 0 5 0 0.0000000
7 0 5 1 0.0000000
7 0 5 2 0.0013370
7 0 5 3 0.0000000
7 0 5 4 -0.0000000
7 0 5 5 -0.0004826
7 0 6 0 0.0049934
7 0 6 1 -0.0042444
7 0 6 2 0.0000000
7 0 6 3 0.0045995
7 0 6 4 0.0005733
7 0 6 5 -0.0000000
7 0 6 6 -0.0028732
7 0 7 0 0.0112925
7 0 7 1 0.0020609
7 0 7 2 -0.0000000
7 0 7 3 -0.0013452
7 0 7 4 -0.0041614
7 0 7 5 0.0000000
7 0 7 6 0.0029436
7 0 7 7 0.0062528
7 1 0 0 -0.0109665
7 1 1 0 -0.0021868
7 1 1 1 -0.0121058
7 1 2 0 0.0000000
7 1 2 1 0.0000000
7 1 2 2 0.0093141
7 1 3 0 0.0033832
7 1 3 1 0.0102312
7 1 3 2 -0.0000000
7 1 3 3 -0.0072269
7 1 4 0 -0.0001588
7 1 4 1 0.0035986
7 1 4 2 0.0000000
7 1 4 3 -0.0086722
7 1 4 4 0.0055367
7 1 5 0 -0.0000000
7 1 5 1 -0.0000000
7 1 5 2 0.0048109
7 1 5 3 -0.0000000
7 1 5 4 0.0000000
7 1 5 5 0.0012851
7 1 6 0 0.0000712
7 1 6 1 -0.0028083
7 1 6 2 0.0000000
7 1 6 3 0.0060673
7 1 6 4 -0.0022155
7 1 6 5 -0.0000000
7 1 6 6 -0.0039925
7 1 7 0 0.0020609
7 1 7 1 0.0130195
7 1 7 2 0.0000000
7 1 7 3 0.0025319
7 1 7 4 0.0004534
7 1 7 5 -0.0000000
7 1 7 6 -0.0048261
7 1 7 7 -0.0020374
7 2 0 0 -0.0000000
7 2 1 0 0.0000000
7 2 1 1 0.0000000
7 2 2 0 0.0038785
7 2 2 1 0.0219761
7 2 2 2 -0.0000000
7 2 3 0 -0.0000000
7 2 3 1 -0.0000000
7 2 3 2 -0.0298755
7 2 3 3 -0.0000000
7 2 4 0 -0.0000000
7 2 4 1 0.0000000
7 2 4 2 0.0424626
7 2 4 3 0.0000000
7 2 4 4 0.0000000
7 2 5 0 -0.0092285
7 2 5 1 -0.0131820
7 2 5 2 -0.0000000
7 2 5 3 -0.0079922
7 2 5 4 0.0497674
7 2 5 5 -0.0000000
7 2 6 0 -0.0000000
7 2 6 1 0.0000000
7 2 6 2 0.0052118
7 2 6 3 -0.0000000
7 2 6 4 -0.0000000
7 2 6 5 -0.0149083
7 2 6 6 -0.0000000
7 2 7 0 -0.0000000
7 2 7 1 0.0000000
7 2 7 2 0.0332093
7 2 7 3 -0.0000000
7 2 7 4 -0.0000000
7 2 7 5 -0.0046844
7 2 7 6 0.0000000
7 2 7 7 -0.0000000
7 3 0 0 0.0277219
7 3 1 0 0.0027224
7 3 1 1 0.0377756
7 3 2 0 -0.0000000
7 3 2 1 -0.0000000
7 3 2 2 -0.0204272
7 3 3 0 0.0042124
7 3 3 1 0.0114436
7 3 3 2 -0.0000000
7 3 3 3 -0.0002763
7 3 4 0 0.0040374
7 3 4 1 -0.0038506
7 3 4 2 0.0000000
7 3 4 3 -0.0028610
7 3 4 4 -0.0306748
7 3 5 0 -0.0000000
7 3 5 1 -0.0000000
7 3 5 2 -0.0180068
7 3 5 3 -0.0000000
7 3 5 4 0.0000000
7 3 5 5 -0.0021842
7 3 6 0 0.0057466
7 3 6 1 0.0051999
7 3 6 2 0.0000000
7 3 6 3 -0.0117566
7 3 6 4 -0.0072478
7 3 6 5 0.0000000
7 3 6 6 0.0365311
7 3 7 0 -0.0013452
7 3 7 1 0.0025319
7 3 7 2 -0.0000000
7 3 7 3 0.0263300
7 3 7 4 0.0010716
7 3 7 5 -0.0000000
7 3 7 6 0.0017390
7 3 7 7 0.0164114
7 4 0 0 -0.1312816
7 4 1 0 0.0076449
7 4 1 1 -0.0275004
7 4 2 0 -0.0000000
7 4 2 1 0.0000000
7 4 2 2 -0.0123714
7 4 3 0 -0.0018309
7 4 3 1 0.0016043
7 4 3 2 0.0000000
7 4 3 3 -0.0432510
7 4 4 0 -0.0004381
7 4 4 1 0.0060747
7 4 4 2 0.0000000
7 4 4 3 -0.0249224
7 4 4 4 -0.0179256
7 4 5 0 0.0000000
7 4 5 1 0.0000000
7 4 5 2 0.0327248
7 4 5 3 0.0000000
7 4 5 4 -0.0000000
7 4 5 5 -0.0303346
7 4 6 0 0.0062880
7 4 6 1 -0.0144015
7 4 6 2 0.0000000
7 4 6 3 -0.0184531
7 4 6 4 -0.0076547
7 4 6 5 0.0000000
7 4 6 6 -0.0320814
7 4 7 0 -0.0041614
7 4 7 1 0.0004534
7 4 7 2 -0.0000000
7 4 7 3 0.0010716
7 4 7 4 0.0279136
7 4 7 5 -0.0000000
7 4 7 6 -0.0007676
7 4 7 7 -0.0380974
7 5 0 0 0.0000000
7 5 1 0 -0.0000000
7 5 1 1 0.0000000
7 5 2 0 -0.0033724
7 5 2 1 -0.0033673
7 5 2 2 0.0000000
7 5 3 0 0.0000000
7 5 3 1 -0.0000000
7 5 3 2 -0.0035200
7 5 3 3 0.0000000
7 5 4 0 0.0000000
7 5 4 1 0.0000000
7 5 4 2 0.0159931
7 5 4 3 0.0000000
7 5 4 4 0.0000000
7 5 5 0 0.0057853
7 5 5 1 0.0070931
7 5 5 2 -0.0000000
7 5 5 3 -0.0045885
7 5 5 4 0.0051652
7 5 5 5 0.0000000
7 5 6 0 -0.0000000
7 5 6 1 0.0000000
7 5 6 2 -0.0051108
7 5 6 3 0.0000000
7 5 6 4 0.0000000
7 5 6 5 0.0045961
7 5 6 6 0.0000000
7 5 7 0 0.0000000
7 5 7 1 -0.0000000
7 5 7 2 -0.0046844
7 5 7 3 -0.0000000
7 5 7 4 -0.0000000
7 5 7 5 0.0107917
7 5 7 6 0.0000000
7 5 7 7 0.0000000
7 6 0 0 0.0200787
7 6 1 0 -0.0022746
7 6 1 1 0.0013048
7 6 2 0 0.0000000
7 6 2 1 0.0000000
7 6 2 2 0.0103898
7 6 3 0 0.0073539
7 6 3 1 0.0205419
7 6 3 2 -0.0000000
7 6 3 3 -0.0014519
7 6 4 0 0.0018150
7 6 4 1 0.0018057
7 6 4 2 -0.0000000
7 6 4 3 -0.0145801
7 6 4 4 0.0016059
7 6 5 0 -0.0000000
7 6 5 1 -0.0000000
7 6 5 2 -0.0021403
7 6 5 3 0.0000000
7 6 5 4 0.0000000
7 6 5 5 0.0081697
7 6 6 0 0.0028815
7 6 6 1 0.0012329
7 6 6 2 -0.0000000
7 6 6 3 0.0087586
7 6 6 4 -0.0063361
7 6 6 5 0.0000000
7 6 6 6 0.0172698
7 6 7 0 0.0029436
7 6 7 1 -0.0048261
7 6 7 2 0.0000000
7 6 7 3 0.0017390
7 6 7 4 -0.0007676
7 6 7 5 0.0000000
7 6 7 6 0.0412266
7 6 7 7 0.0175626
7 7 0 0 0.5615979
7 7 1 0 -0.0086930
7 7 1 1 0.4485694
7 7 2 0 0.0000000
7 7 2 1 -0.0000000
7 7 2 2 0.3831141
7 7 3 0 0.0073470
7 7 3 1 0.0438828
7 7 3 2 -0.0000000
7 7 3 3 0.4200031
7 7 4 0 0.0026230
7 7 4 1 -0.0064828
7 7 4 2 -0.0000000
7 7 4 3 0.0205677
7 7 4 4 0.3694168
7 7 5 0 -0.0000000
7 7 5 1 -0.0000000
7 7 5 2 -0.0550261
7 7 5 3 -0.0000000
7 7 5 4 0.0000000
7 7 5 5 0.4074081
7 7 6 0 -0.0031154
7 7 6 1 -0.0138115
7 7 6 2 0.0000000
7 7 6 3 -0.0070029
7 7 6 4 0.0054354
7 7 6 5 0.0000000
7 7 6 6 0.5085054
7 7 7 0 0.0062528
7 7 7 1 -0.0020374
7 7 7 2 -0.0000000
7 7 7 3 0.0164114
7 7 7 4 -0.0380974
7 7 7 5 0.0000000
7 7 7 6 0.0175626
7 7 7 7 0.5146545
8 0 0 0 -0.0000000
8 0 1 0 0.0000000
8 0 1 1 0.0000000
8 0 2 0 0.0001893
8 0 2 1 0.0002936
8 0 2 2 -0.0000000
8 0 3 0 0.0000000
8 0 3 1 -0.0000000
8 0 3 2 -0.0001285
8 0 3 3 -0.0000000
8 0 4 0 -0.0000000
8 0 4 1 -0.0000000
8 0 4 2 -0.0000237
8 0 4 3 0.0000000
8 0 4 4 0.0000000
8 0 5 0 -0.0003899
8 0 5 1 -0.0004590
8 0 5 2 0.0000000
8 0 5 3 0.0000945
8 0 5 4 0.0002270
8 0 5 5 -0.0000000
8 0 6 0 -0.0000000
8 0 6 1 0.0000000
8 0 6 2 0.0001834
8 0 6 3 0.0000000
8 0 6 4 -0.0000000
8 0 6 5 -0.0003491
8 0 6 6 -0.0000000
8 0 7 0 -0.0000000
8 0 7 1 0.0000000
8 0 7 2 0.0001585
8 0 7 3 0.0000000
8 0 7 4 -0.0000000
8 0 7 5 -0.0001181
8 0 7 6 -0.0000000
8 0 7 7 0.0000000
8 0 8 0 0.0000104
8 0 8 1 0.0000056
8 0 8 2 0.0000000
8 0 8 3 -0.0000454
8 0 8 4 0.0000015
8 0 8 5 0.0000000
8 0 8 6 0.0002016
8 0 8 7 -0.0000280
8 0 8 8 0.0000000
8 1 0 0 0.0000000
8 1 1 0 0.0000000
8 1 1 1 0.0000000
8 1 2 0 0.0013264
8 1 2 1 0.0113738
8 1 2 2 -0.0000000
8 1 3 0 0.0000000
8 1 3 1 -0.0000000
8 1 3 2 -0.0046833
8 1 3 3 0.0000000
8 1 4 0 -0.0000000
8 1 4 1 -0.0000000
8 1 4 2 0.0077711
8 1 4 3 0.0000000
8 1 4 4 0.0000000
8 1 5 0 -0.0029026
8 1 5 1 -0.0146112
8 1 5 2 0.0000000
8 1 5 3 -0.0017130
8 1 5 4 0.0086208
8 1 5 5 0.0000000
8 1 6 0 -0.0000000
8 1 6 1 0.0000000
8 1 6 2 0.0067875
8 1 6 3 0.0000000
8 1 6 4 -0.0000000
8 1 6 5 -0.0094508
8 1 6 6 -0.0000000
8 1 7 0 0.0000000
8 1 7 1 0.0000000
8 1 7 2 0.0056410
8 1 7 3 -0.0000000
8 1 7 4 -0.0000000
8 1 7 5 -0.0015597
8 1 7 6 0.0000000
8 1 7 7 -0.0000000
8 1 8 0 0.0000056
8 1 8 1 0.0213101
8 1 8 2 -0.0000000
8 1 8 3 0.0126687
8 1 8 4 0.0007068
8 1 8 5 -0.0000000
8 1 8 6 -0.0257188
8 1 8 7 -0.0007390
8 1 8 8 -0.0000000
8 2 0 0 0.0193764
8 2 1 0 -0.0001189
8 2 1 1 0.0058501
8 2 2 0 -0.0000000
8 2 2 1 -0.0000000
8 2 2 2 0.0151792
8 2 3 0 0.0002111
8 2 3 1 -0.0052351
8 2 3 2 0.0000000
8 2 3 3 0.0097739
8 2 4 0 0.0001494
8 2 4 1 -0.0000766
8 2 4 2 -0.0000000
8 2 4 3 0.0002031
8 2 4 4 0.0135956
8 2 5 0 0.0000000
8 2 5 1 0.0000000
8 2 5 2 -0.0022507
8 2 5 3 0.0000000
8 2 5 4 -0.0000000
8 2 5 5 0.0161045
8 2 6 0 -0.0000123
8 2 6 1 0.0138677
8 2 6 2 -0.0000000
8 2 6 3 0.0092102
8 2 6 4 -0.0000510
8 2 6 5 0.0000000
8 2 6 6 -0.0067502
8 2 7 0 0.0001635
8 2 7 1 0.0009935
8 2 7 2 -0.0000000
8 2 7 3 -0.0017693
8 2 7 4 -0.0010085
8 2 7 5 0.0000000
8 2 7 6 0.0012418
8 2 7 7 -0.0077115
8 2 8 0 0.0000000
8 2 8 1 -0.0000000
8 2 8 2 0.0042065
8 2 8 3 -0.0000000
8 2 8 4 -0.0000000
8 2 8 5 -0.0033877
8 2 8 6 0.0000000
8 2 8 7 0.0000000
8 2 8 8 -0.0294655
8 3 0 0 0.0000000
8 3 1 0 0.0000000
8 3 1 1 0.0000000
8 3 2 0 0.0003919
8 3 2 1 0.0038187
8 3 2 2 -0.0000000
8 3 3 0 0.0000000
8 3 3 1 -0.0000000
8 3 3 2 -0.0001779
8 3 3 3 0.0000000
8 3 4 0 -0.0000000
8 3 4 1 -0.0000000
8 3 4 2 0.0023609
8 3 4 3 -0.0000000
8 3 4 4 0.0000000
8 3 5 0 -0.0008459
8 3 5 1 -0.0053037
8 3 5 2 0.0000000
8 3 5 3 -0.0020319
8 3 5 4 0.0020648
8 3 5 5 0.0000000
8 3 6 0 -0.0000000
8 3 6 1 0.0000000
8 3 6 2 0.0031895
8 3 6 3 0.0000000
8 3 6 4 -0.0000000
8 3 6 5 -0.0036330
8 3 6 6 -0.0000000
8 3 7 0 0.0000000
8 3 7 1 0.0000000
8 3 7 2 0.0017539
8 3 7 3 -0.0000000
8 3 7 4 -0.0000000
8 3 7 5 -0.0008180
8 3 7 6 0.0000000
8 3 7 7 -0.0000000
8 3 8 0 -0.0000454
8 3 8 1 0.0126687
8 3 8 2 -0.0000000
8 3 8 3 0.0083785
8 3 8 4 0.0002852
8 3 8 5 -0.0000000
8 3 8 6 -0.0173712
8 3 8 7 0.0012074
8 3 8 8 -0.0000000
8 4 0 0 -0.0000000
8 4 1 0 -0.0000000
8 4 1 1 -0.0000000
8 4 2 0 -0.0000038
8 4 2 1 0.0014043
8 4 2 2 -0.0000000
8 4 3 0 -0.0000000
8 4 3 1 0.0000000
8 4 3 2 -0.0014804
8 4 3 3 -0.0000000
8 4 4 0 -0.0000000
8 4 4 1 0.0000000
8 4 4 2 0.0035899
8 4 4 3 -0.0000000
8 4 4 4 -0.0000000
8 4 5 0 -0.0001210
8 4 5 1 -0.0005541
8 4 5 2 0.0000000
8 4 5 3 -0.0009351
8 4 5 4 0.0028295
8 4 5 5 -0.0000000
8 4 6 0 -0.0000000
8 4 6 1 -0.0000000
8 4 6 2 0.0002681
8 4 6 3 -0.0000000
8 4 6 4 -0.0000000
8 4 6 5 -0.0006629
8 4 6 6 -0.0000000
8 4 7 0 0.0000000
8 4 7 1 0.0000000
8 4 7 2 0.0013314
8 4 7 3 0.0000000
8 4 7 4 0.0000000
8 4 7 5 0.0003035
8 4 7 6 -0.0000000
8 4 7 7 0.0000000
8 4 8 0 0.0000015
8 4 8 1 0.0007068
8 4 8 2 -0.0000000
8 4 8 3 0.0002852
8 4 8 4 0.0002245
8 4 8 5 0.0000000
8 4 8 6 -0.0002966
8 4 8 7 0.0003296
8 4 8 8 0.0000000
8 5 0 0 -0.0263105
8 5 1 0 -0.0002646
8 5 1 1 -0.0165803
8 5 2 0 -0.0000000
8 5 2 1 0.0000000
8 5 2 2 -0.0120663
8 5 3 0 -0.0003113
8 5 3 1 0.0025533
8 5 3 2 -0.0000000
8 5 3 3 -0.0136315
8 5 4 0 -0.0006265
8 5 4 1 0.0012638
8 5 4 2 0.0000000
8 5 4 3 -0.0026745
8 5 4 4 -0.0091520
8 5 5 0 0.0000000
8 5 5 1 0.0000000
8 5 5 2 0.0074597
8 5 5 3 0.0000000
8 5 5 4 -0.0000000
8 5 5 5 -0.0176154
8 5 6 0 -0.0004216
8 5 6 1 -0.0125824
8 5 6 2 0.0000000
8 5 6 3 -0.0061181
8 5 6 4 -0.0001156
8 5 6 5 0.0000000
8 5 6 6 -0.0045432
8 5 7 0 0.0001242
8 5 7 1 -0.0006065
8 5 7 2 -0.0000000
8 5 7 3 -0.0002826
8 5 7 4 0.0020335
8 5 7 5 -0.0000000
8 5 7 6 -0.0003037
8 5 7 7 0.0022023
8 5 8 0 0.0000000
8 5 8 1 -0.0000000
8 5 8 2 -0.0033877
8 5 8 3 -0.0000000
8 5 8 4 0.0000000
8 5 8 5 0.0034156
8 5 8 6 0.0000000
8 5 8 7 -0.0000000
8 5 8 8 0.0175638
8 6 0 0 -0.0000000
8 6 1 0 -0.0000000
8 6 1 1 -0.0000000
8 6 2 0 -0.0001539
8 6 2 1 -0.0037632
8 6 2 2 0.0000000
8 6 3 0 -0.0000000
8 6 3 1 0.0000000
8 6 3 2 0.0022776
8 6 3 3 0.0000000
8 6 4 0 0.0000000
8 6 4 1 -0.0000000
8 6 4 2 -0.0045423
8 6 4 3 -0.0000000
8 6 4 4 -0.0000000
8 6 5 0 0.0004204
8 6 5 1 0.0049754
8 6 5 2 -0.0000000
8 6 5 3 0.0015324
8 6 5 4 -0.0036271
8 6 5 5 0.0000000
8 6 6 0 0.0000000
8 6 6 1 -0.0000000
8 6 6 2 -0.0038494
8 6 6 3 -0.0000000
8 6 6 4 0.0000000
8 6 6 5 0.0032432
8 6 6 6 0.0000000
8 6 7 0 -0.0000000
8 6 7 1 -0.0000000
8 6 7 2 -0.0020980
8 6 7 3 -0.0000000
8 6 7 4 0.0000000
8 6 7 5 0.0004307
8 6 7 6 0.0000000
8 6 7 7 0.0000000
8 6 8 0 0.0002016
8 6 8 1 -0.0257188
8 6 8 2 0.0000000
8 6 8 3 -0.0173712
8 6 8 4 -0.0002966
8 6 8 5 0.0000000
8 6 8 6 0.0418642
8 6 8 7 0.0010707
8 6 8 8 0.0000000
8 7 0 0 -0.0000000
8 7 1 0 0.0000000
8 7 1 1 0.0000000
8 7 2 0 0.0001990
8 7 2 1 0.0011023
8 7 2 2 -0.0000000
8 7 3 0 0.0000000
8 7 3 1 -0.0000000
8 7 3 2 -0.0010703
8 7 3 3 -0.0000000
8 7 4 0 -0.0000000
8 7 4 1 -0.0000000
8 7 4 2 0.0004725
8 7 4 3 0.0000000
8 7 4 4 0.0000000
8 7 5 0 -0.0003986
8 7 5 1 -0.0016142
8 7 5 2 0.0000000
8 7 5 3 0.0002864
8 7 5 4 0.0009580
8 7 5 5 -0.0000000
8 7 6 0 -0.0000000
8 7 6 1 0.0000000
8 7 6 2 0.0005179
8 7 6 3 0.0000000
8 7 6 4 -0.0000000
8 7 6 5 -0.0007358
8 7 6 6 -0.0000000
8 7 7 0 0.0000000
8 7 7 1 -0.0000000
8 7 7 2 -0.0010890
8 7 7 3 -0.0000000
8 7 7 4 0.0000000
8 7 7 5 0.0011615
8 7 7 6 0.0000000
8 7 7 7 0.0000000
8 7 8 0 -0.0000280
8 7 8 1 -0.0007390
8 7 8 2 0.0000000
8 7 8 3 0.0012074
8 7 8 4 0.0003296
8 7 8 5 -0.0000000
8 7 8 6 0.0010707
8 7 8 7 0.0210482
8 7 8 8 0.0000000
8 8 0 0 0.3244152
8 8 1 0 0.0029856
8 8 1 1 0.4378529
8 8 2 0 -0.0000000
8 8 2 1 -0.0000000
8 8 2 2 0.2653999
8 8 3 0 0.0038632
8 8 3 1 0.0882373
8 8 3 2 -0.0000000
8 8 3 3 0.3234355
8 8 4 0 0.0041392
8 8 4 1 -0.0025339
8 8 4 2 -0.0000000
8 8 4 3 0.0069771
8 8 4 4 0.2380335
8 8 5 0 -0.0000000
8 8 5 1 -0.0000000
8 8 5 2 -0.0446505
8 8 5 3 -0.0000000
8 8 5 4 0.0000000
8 8 5 5 0.2899622
8 8 6 0 0.0058933
8 8 6 1 -0.0969141
8 8 6 2 0.0000000
8 8 6 3 -0.0874899
8 8 6 4 0.0001831
8 8 6 5 0.0000000
8 8 6 6 0.5357149
8 8 7 0 -0.0013687
8 8 7 1 -0.0048106
8 8 7 2 -0.0000000
8 8 7 3 0.0325850
8 8 7 4 -0.0038569
8 8 7 5 0.0000000
8 8 7 6 0.0080749
8 8 7 7 0.4670421
8 8 8 0 0.0000000
8 8 8 1 -0.0000000
8 8 8 2 -0.0294655
8 8 8 3 -0.0000000
8 8 8 4 0.0000000
8 8 8 5 0.0175638
8 8 8 6 0.0000000
8 8 8 7 0.0000000
8 8 8 8 0.6728327
9 0 0 0 -0.0027896
9 0 1 0 0.0001223
9 0 1 1 -0.0004653
9 0 2 0 -0.0000000
9 0 2 1 0.0000000
9 0 2 2 -0.0003367
9 0 3 0 -0.0000538
9 0 3 1 0.0001880
9 0 3 2 -0.0000000
9 0 3 3 -0.0004728
9 0 4 0 -0.0002067
9 0 4 1 0.0000702
9 0 4 2 0.0000000
9 0 4 3 -0.0001406
9 0 4 4 -0.0003356
9 0 5 0 0.0000000
9 0 5 1 0.0000000
9 0 5 2 0.0002273
9 0 5 3 0.0000000
9 0 5 4 -0.0000000
9 0 5 5 -0.0005824
9 0 6 0 0.0000905
9 0 6 1 -0.0004752
9 0 6 2 0.0000000
9 0 6 3 -0.0002294
9 0 6 4 -0.0000122
9 0 6 5 0.0000000
9 0 6 6 -0.0001349
9 0 7 0 0.0001214
9 0 7 1 0.0000159
9 0 7 2 0.0000000
9 0 7 3 -0.0000169
9 0 7 4 0.0000852
9 0 7 5 -0.0000000
9 0 7 6 0.0000201
9 0 7 7 0.0000576
9 0 8 0 0.0000000
9 0 8 1 -0.0000000
9 0 8 2 -0.0000719
9 0 8 3 -0.0000000
9 0 8 4 0.0000000
9 0 8 5 0.0000695
9 0 8 6 0.0000000
9 0 8 7 -0.0000000
9 0 8 8 0.0004524
9 0 9 0 0.0000067
9 0 9 1 -0.0000503
9 0 9 2 0.0000000
9 0 9 3 -0.0000637
9 0 9 4 0.0000079
9 0 9 5 0.0000000
9 0 9 6 0.0002076
9 0 9 7 -0.0000201
9 0 9 8 0.0000000
9 0 9 9 0.0031096
9 1 0 0 -0.0045897
9 1 1 0 -0.0001263
9 1 1 1 -0.0023540
9 1 2 0 0.0000000
9 1 2 1 -0.0000000
9 1 2 2 -0.0025171
9 1 3 0 0.0000316
9 1 3 1 0.0018394
9 1 3 2 -0.0000000
9 1 3 3 -0.0021811
9 1 4 0 -0.0001030
9 1 4 1 0.0001951
9 1 4 2 0.0000000
9 1 4 3 -0.0005203
9 1 4 4 -0.0021609
9 1 5 0 0.0000000
9 1 5 1 0.0000000
9 1 5 2 0.0010474
9 1 5 3 0.0000000
9 1 5 4 -0.0000000
9 1 5 5 -0.0033858
9 1 6 0 -0.0000899
9 1 6 1 -0.0043045
9 1 6 2 0.0000000
9 1 6 3 -0.0022440
9 1 6 4 0.0000083
9 1 6 5 0.0000000
9 1 6 6 0.0021633
9 1 7 0 0.0000893
9 1 7 1 -0.0002112
9 1 7 2 0.0000000
9 1 7 3 -0.0003270
9 1 7 4 0.0002319
9 1 7 5 -0.0000000
9 1 7 6 0.0006865
9 1 7 7 -0.0002556
9 1 8 0 -0.0000000
9 1 8 1 -0.0000000
9 1 8 2 -0.0004565
9 1 8 3 -0.0000000
9 1 8 4 0.0000000
9 1 8 5 0.0004452
9 1 8 6 0.0000000
9 1 8 7 0.0000000
9 1 8 8 0.0013942
9 1 9 0 -0.0000503
9 1 9 1 0.0040884
9 1 9 2 -0.0000000
9 1 9 3 0.0030378
9 1 9 4 -0.0001781
9 1 9 5 -0.0000000
9 1 9 6 -0.0092484
9 1 9 7 -0.0007803
9 1 9 8 -0.0000000
9 1 9 9 -0.0403600
9 2 0 0 0.0000000
9 2 1 0 0.0000000
9 2 1 1 0.0000000
9 2 2 0 -0.0000368
9 2 2 1 -0.0002384
9 2 2 2 0.0000000
9 2 3 0 -0.0000000
9 2 3 1 -0.0000000
9 2 3 2 0.0000192
9 2 3 3 0.0000000
9 2 4 0 0.0000000
9 2 4 1 0.0000000
9 2 4 2 -0.0000082
9 2 4 3 0.0000000
9 2 4 4 0.0000000
9 2 5 0 0.0000736
9 2 5 1 0.0003758
9 2 5 2 -0.0000000
9 2 5 3 -0.0000455
9 2 5 4 -0.0000219
9 2 5 5 0.0000000
9 2 6 0 0.0000000
9 2 6 1 0.0000000
9 2 6 2 -0.0002358
9 2 6 3 0.0000000
9 2 6 4 0.0000000
9 2 6 5 0.0002748
9 2 6 6 -0.0000000
9 2 7 0 -0.0000000
9 2 7 1 0.0000000
9 2 7 2 -0.0000251
9 2 7 3 0.0000000
9 2 7 4 -0.0000000
9 2 7 5 0.0000378
9 2 7 6 -0.0000000
9 2 7 7 0.0000000
9 2 8 0 -0.0000011
9 2 8 1 -0.0005404
9 2 8 2 0.0000000
9 2 8 3 -0.0003315
9 2 8 4 0.0000013
9 2 8 5 -0.0000000
9 2 8 6 0.0007526
9 2 8 7 0.0000536
9 2 8 8 -0.0000000
9 2 9 0 0.0000000
9 2 9 1 -0.0000000
9 2 9 2 0.0002032
9 2 9 3 -0.0000000
9 2 9 4 0.0000000
9 2 9 5 -0.0001721
9 2 9 6 0.0000000
9 2 9 7 0.0000000
9 2 9 8 -0.0016580
9 2 9 9 0.0000000
9 3 0 0 -0.0007279
9 3 1 0 0.0000363
9 3 1 1 0.0002496
9 3 2 0 -0.0000000
9 3 2 1 -0.0000000
9 3 2 2 -0.0008627
9 3 3 0 -0.0000605
9 3 3 1 0.0003495
9 3 3 2 -0.0000000
9 3 3 3 -0.0001927
9 3 4 0 0.0000044
9 3 4 1 -0.0000769
9 3 4 2 0.0000000
9 3 4 3 0.0000851
9 3 4 4 -0.0007966
9 3 5 0 0.0000000
9 3 5 1 -0.0000000
9 3 5 2 -0.0000072
9 3 5 3 -0.0000000
9 3 5 4 0.0000000
9 3 5 5 -0.0007407
9 3 6 0 -0.0000021
9 3 6 1 -0.0012425
9 3 6 2 0.0000000
9 3 6 3 -0.0010624
9 3 6 4 0.0000005
9 3 6 5 0.0000000
9 3 6 6 0.0012076
9 3 7 0 -0.0000413
9 3 7 1 -0.0000016
9 3 7 2 -0.0000000
9 3 7 3 0.0000621
9 3 7 4 0.0000577
9 3 7 5 -0.0000000
9 3 7 6 -0.0002544
9 3 7 7 -0.0012736
9 3 8 0 -0.0000000
9 3 8 1 -0.0000000
9 3 8 2 0.0000496
9 3 8 3 -0.0000000
9 3 8 4 -0.0000000
9 3 8 5 -0.0000566
9 3 8 6 0.0000000
9 3 8 7 0.0000000
9 3 8 8 -0.0013337
9 3 9 0 -0.0000637
9 3 9 1 0.0030378
9 3 9 2 -0.0000000
9 3 9 3 0.0025615
9 3 9 4 -0.0001474
9 3 9 5 -0.0000000
9 3 9 6 -0.0075560
9 3 9 7 0.0005946
9 3 9 8 -0.0000000
9 3 9 9 -0.0449294
9 4 0 0 -0.0008069
9 4 1 0 0.0000519
9 4 1 1 -0.0000528
9 4 2 0 0.0000000
9 4 2 1 0.0000000
9 4 2 2 -0.0001740
9 4 3 0 -0.0000216
9 4 3 1 0.0000618
9 4 3 2 -0.0000000
9 4 3 3 -0.0001684
9 4 4 0 -0.0000136
9 4 4 1 -0.0000012
9 4 4 2 0.0000000
9 4 4 3 -0.0001016
9 4 4 4 -0.0002029
9 4 5 0 -0.0000000
9 4 5 1 -0.0000000
9 4 5 2 0.0001315
9 4 5 3 0.0000000
9 4 5 4 0.0000000
9 4 5 5 -0.0002113
9 4 6 0 0.0000394
9 4 6 1 -0.0002862
9 4 6 2 0.0000000
9 4 6 3 -0.0002643
9 4 6 4 -0.0000478
9 4 6 5 -0.0000000
9 4 6 6 0.0002195
9 4 7 0 -0.0000203
9 4 7 1 0.0000002
9 4 7 2 0.0000000
9 4 7 3 0.0000972
9 4 7 4 0.0001496
9 4 7 5 -0.0000000
9 4 7 6 -0.0000757
9 4 7 7 0.0001945
9 4 8 0 0.0000000
9 4 8 1 0.0000000
9 4 8 2 -0.0000938
9 4 8 3 0.0000000
9 4 8 4 0.0000000
9 4 8 5 0.0000765
9 4 8 6 -0.0000000
9 4 8 7 0.0000000
9 4 8 8 0.0006220
9 4 9 0 0.0000079
9 4 9 1 -0.0001781
9 4 9 2 0.0000000
9 4 9 3 -0.0001474
9 4 9 4 0.0000241
9 4 9 5 0.0000000
9 4 9 6 0.0005433
9 4 9 7 0.0002011
9 4 9 8 0.0000000
9 4 9 9 0.0068937
9 5 0 0 0.0000000
9 5 1 0 0.0000000
9 5 1 1 0.0000000
9 5 2 0 0.0000722
9 5 2 1 0.0004508
9 5 2 2 -0.0000000
9 5 3 0 0.0000000
9 5 3 1 -0.0000000
9 5 3 2 -0.0002360
9 5 3 3 0.0000000
9 5 4 0 -0.0000000
9 5 4 1 -0.0000000
9 5 4 2 0.0002645
9 5 4 3 0.0000000
9 5 4 4 0.0000000
9 5 5 0 -0.0001573
9 5 5 1 -0.0006350
9 5 5 2 0.0000000
9 5 5 3 0.0000232
9 5 5 4 0.0003456
9 5 5 5 0.0000000
9 5 6 0 -0.0000000
9 5 6 1 0.0000000
9 5 6 2 0.0002904
9 5 6 3 0.0000000
9 5 6 4 -0.0000000
9 5 6 5 -0.0004529
9 5 6 6 -0.0000000
9 5 7 0 0.0000000
9 5 7 1 0.0000000
9 5 7 2 0.0001831
9 5 7 3 0.0000000
9 5 7 4 -0.0000000
9 5 7 5 -0.0000161
9 5 7 6 -0.0000000
9 5 7 7 0.0000000
9 5 8 0 0.0000036
9 5 8 1 0.0005987
9 5 8 2 -0.0000000
9 5 8 3 0.0003407
9 5 8 4 0.0000048
9 5 8 5 -0.0000000
9 5 8 6 -0.0007082
9 5 8 7 0.0000285
9 5 8 8 -0.0000000
9 5 9 0 0.0000000
9 5 9 1 -0.0000000
9 5 9 2 -0.0001721
9 5 9 3 -0.0000000
9 5 9 4 0.0000000
9 5 9 5 0.0001502
9 5 9 6 0.0000000
9 5 9 7 -0.0000000
9 5 9 8 0.0013756
9 5 9 9 0.0000000
9 6 0 0 -0.0032917
9 6 1 0 -0.0000893
9 6 1 1 -0.0043963
9 6 2 0 0.0000000
9 6 2 1 0.0000000
9 6 2 2 -0.0009262
9 6 3 0 -0.0001115
9 6 3 1 -0.0017983
9 6 3 2 0.0000000
9 6 3 3 -0.0026357
9 6 4 0 -0.0001269
9 6 4 1 0.0001687
9 6 4 2 0.0000000
9 6 4 3 -0.0002280
9 6 4 4 -0.0008169
9 6 5 0 0.0000000
9 6 5 1 0.0000000
9 6 5 2 0.0006873
9 6 5 3 0.0000000
9 6 5 4 -0.0000000
9 6 5 5 -0.0016780
9 6 6 0 -0.0001477
9 6 6 1 0.0011986
9 6 6 2 -0.0000000
9 6 6 3 0.0011253
9 6 6 4 -0.0000685
9 6 6 5 -0.0000000
9 6 6 6 -0.0050054
9 6 7 0 0.0000214
9 6 7 1 0.0001194
9 6 7 2 -0.0000000
9 6 7 3 0.0004653
9 6 7 4 0.0003138
9 6 7 5 -0.0000000
9 6 7 6 -0.0007014
9 6 7 7 0.0033712
9 6 8 0 0.0000000
9 6 8 1 -0.0000000
9 6 8 2 -0.0008652
9 6 8 3 -0.0000000
9 6 8 4 0.0000000
9 6 8 5 0.0008644
9 6 8 6 0.0000000
9 6 8 7 -0.0000000
9 6 8 8 0.0065390
9 6 9 0 0.0002076
9 6 9 1 -0.0092484
9 6 9 2 0.0000000
9 6 9 3 -0.0075560
9 6 9 4 0.0005433
9 6 9 5 0.0000000
9 6 9 6 0.0233948
9 6 9 7 0.0009194
9 6 9 8 0.0000000
9 6 9 9 0.1530838
9 7 0 0 0.0009808
9 7 1 0 -0.0001040
9 7 1 1 -0.0007400
9 7 2 0 0.0000000
9 7 2 1 0.0000000
9 7 2 2 0.0007267
9 7 3 0 0.0000270
9 7 3 1 0.0001481
9 7 3 2 -0.0000000
9 7 3 3 0.0004130
9 7 4 0 -0.0000178
9 7 4 1 0.0001326
9 7 4 2 0.0000000
9 7 4 3 -0.0001266
9 7 4 4 0.0009207
9 7 5 0 0.0000000
9 7 5 1 0.0000000
9 7 5 2 0.0003214
9 7 5 3 0.0000000
9 7 5 4 -0.0000000
9 7 5 5 0.0004333
9 7 6 0 -0.0000589
9 7 6 1 0.0001260
9 7 6 2 -0.0000000
9 7 6 3 0.0001055
9 7 6 4 -0.0000407
9 7 6 5 -0.0000000
9 7 6 6 0.0001634
9 7 7 0 0.0000504
9 7 7 1 0.0011797
9 7 7 2 -0.0000000
9 7 7 3 0.0006439
9 7 7 4 -0.0001992
9 7 7 5 -0.0000000
9 7 7 6 -0.0020704
9 7 7 7 0.0001770
9 7 8 0 -0.0000000
9 7 8 1 0.0000000
9 7 8 2 0.0000015
9 7 8 3 0.0000000
9 7 8 4 0.0000000
9 7 8 5 0.0001150
9 7 8 6 -0.0000000
9 7 8 7 -0.0000000
9 7 8 8 -0.0000624
9 7 9 0 -0.0000201
9 7 9 1 -0.0007803
9 7 9 2 0.0000000
9 7 9 3 0.0005946
9 7 9 4 0.0002011
9 7 9 5 -0.0000000
9 7 9 6 0.0009194
9 7 9 7 0.0091562
9 7 9 8 0.0000000
9 7 9 9 0.0149379
9 8 0 0 -0.0000000
9 8 1 0 -0.0000000
9 8 1 1 -0.0000000
9 8 2 0 -0.0000749
9 8 2 1 -0.0012510
9 8 2 2 0.0000000
9 8 3 0 -0.0000000
9 8 3 1 0.0000000
9 8 3 2 0.0004219
9 8 3 3 0.0000000
9 8 4 0 0.0000000
9 8 4 1 -0.0000000
9 8 4 2 -0.0010929
9 8 4 3 -0.0000000
9 8 4 4 -0.0000000
9 8 5 0 0.0001852
9 8 5 1 0.0011468
9 8 5 2 -0.0000000
9 8 5 3 0.0002647
9 8 5 4 -0.0010330
9 8 5 5 0.0000000
9 8 6 0 0.0000000
9 8 6 1 0.0000000
9 8 6 2 0.0000832
9 8 6 3 0.0000000
9 8 6 4 0.0000000
9 8 6 5 0.0002921
9 8 6 6 -0.0000000
9 8 7 0 0.0000000
9 8 7 1 -0.0000000
9 8 7 2 -0.0005028
9 8 7 3 -0.0000000
9 8 7 4 0.0000000
9 8 7 5 0.0000346
9 8 7 6 0.0000000
9 8 7 7 0.0000000
9 8 8 0 0.0000001
9 8 8 1 0.0010198
9 8 8 2 -0.0000000
9 8 8 3 0.0009423
9 8 8 4 -0.0002618
9 8 8 5 -0.0000000
9 8 8 6 -0.0030423
9 8 8 7 -0.0004312
9 8 8 8 0.0000000
9 8 9 0 0.0000000
9 8 9 1 -0.0000000
9 8 9 2 -0.0016580
9 8 9 3 -0.0000000
9 8 9 4 0.0000000
9 8 9 5 0.0013756
9 8 9 6 0.0000000
9 8 9 7 0.0000000
9 8 9 8 0.0145315
9 8 9 9 0.0000000
9 9 0 0 0.3430175
9 9 1 0 0.0034203
9 9 1 1 0.5182608
9 9 2 0 -0.0000000
9 9 2 1 -0.0000000
9 9 2 2 0.2717848
9 9 3 0 0.0044746
9 9 3 1 0.1349377
9 9 3 2 -0.0000000
9 9 3 3 0.3667794
9 9 4 0 0.0049522
9 9 4 1 -0.0046124
9 9 4 2 -0.0000000
9 9 4 3 0.0077968
9 9 4 4 0.2415313
9 9 5 0 -0.0000000
9 9 5 1 -0.0000000
9 9 5 2 -0.0508440
9 9 5 3 -0.0000000
9 9 5 4 0.0000000
9 9 5 5 0.3004605
9 9 6 0 0.0076196
9 9 6 1 -0.1927837
9 9 6 2 0.0000000
9 9 6 3 -0.1596318
9 9 6 4 0.0024015
9 9 6 5 0.0000000
9 9 6 6 0.7497186
9 9 7 0 -0.0020465
9 9 7 1 -0.0116695
9 9 7 2 -0.0000000
9 9 7 3 0.0478059
9 9 7 4 -0.0025898
9 9 7 5 -0.0000000
9 9 7 6 0.0085251
9 9 7 7 0.6182416
9 9 8 0 0.0000000
9 9 8 1 -0.0000000
9 9 8 2 -0.0480608
9 9 8 3 -0.0000000
9 9 8 4 0.0000000
9 9 8 5 0.0314246
9 9 8 6 0.0000000
9 9 8 7 0.0000000
9 9 8 8 0.8416886
9 9 9 0 0.0031096
9 9 9 1 -0.0403600
9 9 9 2 0.0000000
9 9 9 3 -0.0449294
9 9 9 4 0.0068937
9 9 9 5 0.0000000
9 9 9 6 0.1530838
9 9 9 7 0.0149379
9 9 9 8 0.0000000
9 9 9 9 3.4993852
10 0 0 0 0.0247542
10 0 1 0 -0.0011550
10 0 1 1 0.0035459
10 0 2 0 0.0000000
10 0 2 1 -0.0000000
10 0 2 2 0.0001700
10 0 3 0 0.0000015
10 0 3 1 -0.0015489
10 0 3 2 0.0000000
10 0 3 3 0.0017941
10 0 4 0 0.0031965
10 0 4 1 -0.0007120
10 0 4 2 -0.0000000
10 0 4 3 0.0009788
10 0 4 4 -0.0000073
10 0 5 0 -0.0000000
10 0 5 1 -0.0000000
10 0 5 2 -0.0009231
10 0 5 3 -0.0000000
10 0 5 4 0.0000000
10 0 5 5 0.0017835
10 0 6 0 -0.0012549
10 0 6 1 0.0021352
10 0 6 2 -0.0000000
10 0 6 3 -0.0004484
10 0 6 4 -0.0000700
10 0 6 5 -0.0000000
10 0 6 6 0.0012453
10 0 7 0 -0.0027186
10 0 7 1 -0.0005676
10 0 7 2 0.0000000
10 0 7 3 0.0002930
10 0 7 4 0.0006779
10 0 7 5 -0.0000000
10 0 7 6 -0.0005691
10 0 7 7 -0.0013608
10 0 8 0 -0.0000000
10 0 8 1 0.0000000
10 0 8 2 0.0001501
10 0 8 3 0.0000000
10 0 8 4 -0.0000000
10 0 8 5 -0.0002074
10 0 8 6 -0.0000000
10 0 8 7 0.0000000
10 0 8 8 -0.0007604
10 0 9 0 -0.0000357
10 0 9 1 -0.0000593
10 0 9 2 0.0000000
10 0 9 3 0.0000031
10 0 9 4 0.0000000
10 0 9 5 0.0000000
10 0 9 6 -0.0000274
10 0 9 7 -0.0000134
10 0 9 8 -0.0000000
10 0 9 9 -0.0010079
10 0 10 0 0.0006751
10 0 10 1 0.0005556
10 0 10 2 -0.0000000
10 0 10 3 -0.0000171
10 0 10 4 -0.0001508
10 0 10 5 0.0000000
10 0 10 6 0.0000044
10 0 10 7 -0.0000524
10 0 10 8 0.0000000
10 0 10 9 -0.0000224
10 0 10 10 -0.0012464
10 1 0 0 0.0348760
10 1 1 0 0.0014694
10 1 1 1 0.0385378
10 1 2 0 -0.0000000
10 1 2 1 -0.0000000
10 1 2 2 0.0145181
10 1 3 0 -0.0007939
10 1 3 1 -0.0028403
10 1 3 2 0.0000000
10 1 3 3 0.0247416
10 1 4 0 0.0009156
10 1 4 1 -0.0023246
10 1 4 2 -0.0000000
10 1 4 3 0.0055996
10 1 4 4 0.0126716
10 1 5 0 0.0000000
10 1 5 1 -0.0000000
10 1 5 2 -0.0090806
10 1 5 3 -0.0000000
10 1 5 4 -0.0000000
10 1 5 5 0.0234047
10 1 6 0 0.0009049
10 1 6 1 0.0109053
10 1 6 2 -0.0000000
10 1 6 3 -0.0006888
10 1 6 4 0.0008371
10 1 6 5 0.0000000
10 1 6 6 0.0214894
10 1 7 0 -0.0011157
10 1 7 1 -0.0000932
10 1 7 2 -0.0000000
10 1 7 3 0.0021128
10 1 7 4 -0.0016755
10 1 7 5 0.0000000
10 1 7 6 -0.0051328
10 1 7 7 0.0016778
10 1 8 0 0.0000000
10 1 8 1 0.0000000
10 1 8 2 0.0035880
10 1 8 3 -0.0000000
10 1 8 4 -0.0000000
10 1 8 5 -0.0044042
10 1 8 6 0.0000000
10 1 8 7 -0.0000000
10 1 8 8 -0.0062243
10 1 9 0 -0.0001221
10 1 9 1 -0.0001609
10 1 9 2 -0.0000000
10 1 9 3 0.0007776
10 1 9 4 -0.0001923
10 1 9 5 0.0000000
10 1 9 6 -0.0037209
10 1 9 7 -0.0002446
10 1 9 8 -0.0000000
10 1 9 9 -0.0315706
10 1 10 0 0.0005556
10 1 10 1 0.0205197
10 1 10 2 -0.0000000
10 1 10 3 0.0098022
10 1 10 4 0.0007638
10 1 10 5 -0.0000000
10 1 10 6 -0.0235229
10 1 10 7 0.0002600
10 1 10 8 -0.0000000
10 1 10 9 0.0005018
10 1 10 10 -0.0459648
10 2 0 0 -0.0000000
10 2 1 0 -0.0000000
10 2 1 1 -0.0000000
10 2 2 0 -0.0007530
10 2 2 1 -0.0044437
10 2 2 2 -0.0000000
10 2 3 0 0.0000000
10 2 3 1 0.0000000
10 2 3 2 0.0065357
10 2 3 3 -0.0000000
10 2 4 0 0.0000000
10 2 4 1 -0.0000000
10 2 4 2 -0.0098338
10 2 4 3 -0.0000000
10 2 4 4 -0.0000000
10 2 5 0 0.0018399
10 2 5 1 0.0021322
10 2 5 2 0.0000000
10 2 5 3 0.0022234
10 2 5 4 -0.0111728
10 2 5 5 -0.0000000
10 2 6 0 -0.0000000
10 2 6 1 -0.0000000
10 2 6 2 -0.0010165
10 2 6 3 0.0000000
10 2 6 4 0.0000000
10 2 6 5 0.0028998
10 2 6 6 -0.0000000
10 2 7 0 0.0000000
10 2 7 1 -0.0000000
10 2 7 2 -0.0074154
10 2 7 3 -0.0000000
10 2 7 4 0.0000000
10 2 7 5 0.0009693
10 2 7 6 0.0000000
10 2 7 7 -0.0000000
10 2 8 0 0.0000209
10 2 8 1 -0.0018939
10 2 8 2 -0.0000000
10 2 8 3 -0.0012708
10 2 8 4 -0.0002450
10 2 8 5 0.0000000
10 2 8 6 0.0033974
10 2 8 7 -0.0001675
10 2 8 8 0.0000000
10 2 9 0 0.0000000
10 2 9 1 0.0000000
10 2 9 2 0.0000528
10 2 9 3 -0.0000000
10 2 9 4 0.0000000
10 2 9 5 -0.0000752
10 2 9 6 0.0000000
10 2 9 7 0.0000000
10 2 9 8 -0.0000966
10 2 9 9 0.0000000
10 2 10 0 -0.0000000
10 2 10 1 -0.0000000
10 2 10 2 0.0028058
10 2 10 3 -0.0000000
10 2 10 4 -0.0000000
10 2 10 5 -0.0010573
10 2 10 6 0.0000000
10 2 10 7 -0.0000000
10 2 10 8 -0.0113183
10 2 10 9 -0.0000000
10 2 10 10 0.0000000
10 3 0 0 0.0025278
10 3 1 0 -0.0003354
10 3 1 1 0.0070054
10 3 2 0 0.0000000
10 3 2 1 0.0000000
10 3 2 2 0.0098083
10 3 3 0 -0.0006773
10 3 3 1 0.0013450
10 3 3 2 0.0000000
10 3 3 3 0.0080123
10 3 4 0 -0.0006025
10 3 4 1 0.0008706
10 3 4 2 -0.0000000
10 3 4 3 0.0010642
10 3 4 4 0.0109246
10 3 5 0 0.0000000
10 3 5 1 0.0000000
10 3 5 2 0.0017868
10 3 5 3 0.0000000
10 3 5 4 -0.0000000
10 3 5 5 0.0076029
10 3 6 0 -0.0008105
10 3 6 1 -0.0026672
10 3 6 2 0.0000000
10 3 6 3 -0.0005209
10 3 6 4 0.0016840
10 3 6 5 -0.0000000
10 3 6 6 0.0066139
10 3 7 0 0.0001609
10 3 7 1 0.0021832
10 3 7 2 -0.0000000
10 3 7 3 -0.0035544
10 3 7 4 -0.0006494
10 3 7 5 0.0000000
10 3 7 6 -0.0059751
10 3 7 7 0.0017928
10 3 8 0 0.0000000
10 3 8 1 0.0000000
10 3 8 2 0.0010942
10 3 8 3 -0.0000000
10 3 8 4 -0.0000000
10 3 8 5 -0.0012798
10 3 8 6 0.0000000
10 3 8 7 -0.0000000
10 3 8 8 -0.0002369
10 3 9 0 -0.0000327
10 3 9 1 0.0003116
10 3 9 2 -0.0000000
10 3 9 3 0.0005499
10 3 9 4 -0.0000985
10 3 9 5 -0.0000000
10 3 9 6 -0.0022384
10 3 9 7 0.0001088
10 3 9 8 -0.0000000
10 3 9 9 -0.0122938
10 3 10 0 -0.0000171
10 3 10 1 0.0098022
10 3 10 2 -0.0000000
10 3 10 3 0.0078897
10 3 10 4 0.0004226
10 3 10 5 -0.0000000
10 3 10 6 -0.0144864
10 3 10 7 0.0081148
10 3 10 8 -0.0000000
10 3 10 9 0.0007795
10 3 10 10 -0.0194738
10 4 0 0 0.0299156
10 4 1 0 -0.0017314
10 4 1 1 0.0065958
10 4 2 0 0.0000000
10 4 2 1 -0.0000000
10 4 2 2 0.0026913
10 4 3 0 0.0004959
10 4 3 1 -0.0000369
10 4 3 2 -0.0000000
10 4 3 3 0.0096138
10 4 4 0 0.0001550
10 4 4 1 -0.0012979
10 4 4 2 -0.0000000
10 4 4 3 0.0055529
10 4 4 4 0.0038028
10 4 5 0 -0.0000000
10 4 5 1 -0.0000000
10 4 5 2 -0.0075526
10 4 5 3 -0.0000000
10 4 5 4 0.0000000
10 4 5 5 0.0067673
10 4 6 0 -0.0013736
10 4 6 1 0.0034447
10 4 6 2 -0.0000000
10 4 6 3 0.0042396
10 4 6 4 0.0017160
10 4 6 5 -0.0000000
10 4 6 6 0.0073151
10 4 7 0 0.0009382
10 4 7 1 0.0000413
10 4 7 2 0.0000000
10 4 7 3 -0.0001691
10 4 7 4 -0.0063899
10 4 7 5 0.0000000
10 4 7 6 0.0000536
10 4 7 7 0.0082295
10 4 8 0 -0.0000000
10 4 8 1 0.0000000
10 4 8 2 0.0003571
10 4 8 3 0.0000000
10 4 8 4 -0.0000000
10 4 8 5 -0.0005933
10 4 8 6 -0.0000000
10 4 8 7 -0.0000000
10 4 8 8 0.0003421
10 4 9 0 -0.0000207
10 4 9 1 -0.0001065
10 4 9 2 0.0000000
10 4 9 3 -0.0000350
10 4 9 4 -0.0000377
10 4 9 5 0.0000000
10 4 9 6 -0.0000385
10 4 9 7 0.0000437
10 4 9 8 0.0000000
10 4 9 9 -0.0000129
10 4 10 0 -0.0001508
10 4 10 1 0.0007638
10 4 10 2 -0.0000000
10 4 10 3 0.0004226
10 4 10 4 0.0014887
10 4 10 5 -0.0000000
10 4 10 6 -0.0007622
10 4 10 7 -0.0009889
10 4 10 8 0.0000000
10 4 10 9 0.0000351
10 4 10 10 -0.0001409
10 5 0 0 -0.0000000
10 5 1 0 0.0000000
10 5 1 1 -0.0000000
10 5 2 0 0.0004882
10 5 2 1 -0.0006954
10 5 2 2 -0.0000000
10 5 3 0 -0.0000000
10 5 3 1 0.0000000
10 5 3 2 0.0016061
10 5 3 3 -0.0000000
10 5 4 0 -0.0000000
10 5 4 1 -0.0000000
10 5 4 2 -0.0040639
10 5 4 3 -0.0000000
10 5 4 4 -0.0000000
10 5 5 0 -0.0007298
10 5 5 1 0.0005203
10 5 5 2 0.0000000
10 5 5 3 0.0005828
10 5 5 4 -0.0021751
10 5 5 5 -0.0000000
10 5 6 0 0.0000000
10 5 6 1 -0.0000000
10 5 6 2 0.0005300
10 5 6 3 -0.0000000
10 5 6 4 -0.0000000
10 5 6 5 0.0002424
10 5 6 6 -0.0000000
10 5 7 0 -0.0000000
10 5 7 1 -0.0000000
10 5 7 2 0.0005321
10 5 7 3 0.0000000
10 5 7 4 0.0000000
10 5 7 5 -0.0023582
10 5 7 6 0.0000000
10 5 7 7 -0.0000000
10 5 8 0 -0.0000294
10 5 8 1 0.0000009
10 5 8 2 -0.0000000
10 5 8 3 0.0004868
10 5 8 4 -0.0001506
10 5 8 5 0.0000000
10 5 8 6 -0.0018113
10 5 8 7 -0.0002754
10 5 8 8 0.0000000
10 5 9 0 0.0000000
10 5 9 1 0.0000000
10 5 9 2 -0.0000304
10 5 9 3 -0.0000000
10 5 9 4 0.0000000
10 5 9 5 0.0000009
10 5 9 6 0.0000000
10 5 9 7 -0.0000000
10 5 9 8 0.0002051
10 5 9 9 0.0000000
10 5 10 0 0.0000000
10 5 10 1 -0.0000000
10 5 10 2 -0.0010573
10 5 10 3 -0.0000000
10 5 10 4 -0.0000000
10 5 10 5 0.0013898
10 5 10 6 0.0000000
10 5 10 7 -0.0000000
10 5 10 8 0.0080449
10 5 10 9 -0.0000000
10 5 10 10 0.0000000
10 6 0 0 -0.0219230
10 6 1 0 0.0001654
10 6 1 1 -0.0294038
10 6 2 0 0.0000000
10 6 2 1 0.0000000
10 6 2 2 -0.0136882
10 6 3 0 -0.0018760
10 6 3 1 -0.0111964
10 6 3 2 0.0000000
10 6 3 3 -0.0174351
10 6 4 0 -0.0007676
10 6 4 1 0.0000075
10 6 4 2 0.0000000
10 6 4 3 0.0020968
10 6 4 4 -0.0097746
10 6 5 0 0.0000000
10 6 5 1 0.0000000
10 6 5 2 0.0046217
10 6 5 3 0.0000000
10 6 5 4 -0.0000000
10 6 5 5 -0.0163319
10 6 6 0 -0.0012585
10 6 6 1 0.0028764
10 6 6 2 -0.0000000
10 6 6 3 0.0037788
10 6 6 4 0.0013176
10 6 6 5 -0.0000000
10 6 6 6 -0.0320872
10 6 7 0 -0.0004983
10 6 7 1 -0.0045365
10 6 7 2 0.0000000
10 6 7 3 -0.0049821
10 6 7 4 0.0010236
10 6 7 5 0.0000000
10 6 7 6 0.0006547
10 6 7 7 -0.0146377
10 6 8 0 -0.0000000
10 6 8 1 -0.0000000
10 6 8 2 -0.0018163
10 6 8 3 -0.0000000
10 6 8 4 0.0000000
10 6 8 5 0.0027319
10 6 8 6 -0.0000000
10 6 8 7 0.0000000
10 6 8 8 -0.0159305
10 6 9 0 0.0000907
10 6 9 1 -0.0012734
10 6 9 2 0.0000000
10 6 9 3 -0.0016458
10 6 9 4 0.0002392
10 6 9 5 0.0000000
10 6 9 6 0.0064173
10 6 9 7 0.0000016
10 6 9 8 0.0000000
10 6 9 9 0.0198286
10 6 10 0 0.0000044
10 6 10 1 -0.0235229
10 6 10 2 0.0000000
10 6 10 3 -0.0144864
10 6 10 4 -0.0007622
10 6 10 5 0.0000000
10 6 10 6 0.0373910
10 6 10 7 -0.0084452
10 6 10 8 0.0000000
10 6 10 9 -0.0015645
10 6 10 10 0.0399174
10 7 0 0 -0.0552407
10 7 1 0 0.0032083
10 7 1 1 0.0048429
10 7 2 0 -0.0000000
10 7 2 1 -0.0000000
10 7 2 2 -0.0317147
10 7 3 0 -0.0014068
10 7 3 1 0.0069655
10 7 3 2 -0.0000000
10 7 3 3 -0.0216356
10 7 4 0 0.0004773
10 7 4 1 -0.0000532
10 7 4 2 -0.0000000
10 7 4 3 -0.0002942
10 7 4 4 -0.0349138
10 7 5 0 -0.0000000
10 7 5 1 -0.0000000
10 7 5 2 -0.0002121
10 7 5 3 -0.0000000
10 7 5 4 0.0000000
10 7 5 5 -0.0286945
10 7 6 0 0.0021583
10 7 6 1 -0.0198312
10 7 6 2 0.0000000
10 7 6 3 -0.0232724
10 7 6 4 -0.0010783
10 7 6 5 0.0000000
10 7 6 6 0.0097950
10 7 7 0 -0.0024793
10 7 7 1 0.0048991
10 7 7 2 -0.0000000
10 7 7 3 0.0111512
10 7 7 4 0.0072985
10 7 7 5 -0.0000000
10 7 7 6 -0.0257117
10 7 7 7 -0.0054839
10 7 8 0 0.0000000
10 7 8 1 -0.0000000
10 7 8 2 -0.0044522
10 7 8 3 -0.0000000
10 7 8 4 0.0000000
10 7 8 5 0.0020560
10 7 8 6 0.0000000
10 7 8 7 -0.0000000
10 7 8 8 0.0340626
10 7 9 0 0.0000887
10 7 9 1 -0.0001377
10 7 9 2 0.0000000
10 7 9 3 0.0000541
10 7 9 4 0.0001876
10 7 9 5 -0.0000000
10 7 9 6 0.0013620
10 7 9 7 0.0002960
10 7 9 8 0.0000000
10 7 9 9 0.0632212
10 7 10 0 -0.0000524
10 7 10 1 0.0002600
10 7 10 2 -0.0000000
10 7 10 3 0.0081148
10 7 10 4 -0.0009889
10 7 10 5 -0.0000000
10 7 10 6 -0.0084452
10 7 10 7 0.0750994
10 7 10 8 -0.0000000
10 7 10 9 0.0038252
10 7 10 10 0.0676368
10 8 0 0 0.0000000
10 8 1 0 0.0000000
10 8 1 1 0.0000000
10 8 2 0 0.0007326
10 8 2 1 0.0087975
10 8 2 2 -0.0000000
10 8 3 0 0.0000000
10 8 3 1 -0.0000000
10 8 3 2 -0.0043293
10 8 3 3 -0.0000000
10 8 4 0 -0.0000000
10 8 4 1 0.0000000
10 8 4 2 0.0079599
10 8 4 3 0.0000000
10 8 4 4 0.0000000
10 8 5 0 -0.0016592
10 8 5 1 -0.0102427
10 8 5 2 0.0000000
10 8 5 3 -0.0016727
10 8 5 4 0.0073724
10 8 5 5 -0.0000000
10 8 6 0 -0.0000000
10 8 6 1 0.0000000
10 8 6 2 0.0053159
10 8 6 3 0.0000000
10 8 6 4 -0.0000000
10 8 6 5 -0.0063404
10 8 6 6 -0.0000000
10 8 7 0 -0.0000000
10 8 7 1 0.0000000
10 8 7 2 0.0040184
10 8 7 3 0.0000000
10 8 7 4 -0.0000000
10 8 7 5 -0.0008374
10 8 7 6 -0.0000000
10 8 7 7 0.0000000
10 8 8 0 -0.0004308
10 8 8 1 0.0196136
10 8 8 2 -0.0000000
10 8 8 3 0.0144824
10 8 8 4 0.0003072
10 8 8 5 -0.0000000
10 8 8 6 -0.0393719
10 8 8 7 0.0012069
10 8 8 8 -0.0000000
10 8 9 0 0.0000000
10 8 9 1 -0.0000000
10 8 9 2 -0.0006154
10 8 9 3 -0.0000000
10 8 9 4 0.0000000
10 8 9 5 0.0006108
10 8 9 6 0.0000000
10 8 9 7 0.0000000
10 8 9 8 -0.0000316
10 8 9 9 0.0000000
10 8 10 0 0.0000000
10 8 10 1 -0.0000000
10 8 10 2 -0.0113183
10 8 10 3 -0.0000000
10 8 10 4 0.0000000
10 8 10 5 0.0080449
10 8 10 6 0.0000000
10 8 10 7 -0.0000000
10 8 10 8 0.1090352
10 8 10 9 -0.0000000
10 8 10 10 0.0000000
10 9 0 0 0.0124981
10 9 1 0 0.0001774
10 9 1 1 0.0261729
10 9 2 0 -0.0000000
10 9 2 1 -0.0000000
10 9 2 2 0.0079727
10 9 3 0 0.0003535
10 9 3 1 0.0114973
10 9 3 2 -0.0000000
10 9 3 3 0.0158888
10 9 4 0 0.0003286
10 9 4 1 -0.0003848
10 9 4 2 -0.0000000
10 9 4 3 0.0001984
10 9 4 4 0.0062076
10 9 5 0 -0.0000000
10 9 5 1 -0.0000000
10 9 5 2 -0.0029549
10 9 5 3 -0.0000000
10 9 5 4 0.0000000
10 9 5 5 0.0097160
10 9 6 0 0.0005942
10 9 6 1 -0.0178804
10 9 6 2 0.0000000
10 9 6 3 -0.0141225
10 9 6 4 0.0003707
10 9 6 5 0.0000000
10 9 6 6 0.0504206
10 9 7 0 -0.0001095
10 9 7 1 -0.0010311
10 9 7 2 0.0000000
10 9 7 3 0.0031555
10 9 7 4 -0.0000784
10 9 7 5 -0.0000000
10 9 7 6 0.0010405
10 9 7 7 0.0335518
10 9 8 0 0.0000000
10 9 8 1 -0.0000000
10 9 8 2 -0.0038861
10 9 8 3 -0.0000000
10 9 8 4 0.0000000
10 9 8 5 0.0025606
10 9 8 6 0.0000000
10 9 8 7 0.0000000
10 9 8 8 0.0496117
10 9 9 0 0.0003107
10 9 9 1 -0.0067515
10 9 9 2 0.0000000
10 9 9 3 -0.0060808
10 9 9 4 0.0007451
10 9 9 5 0.0000000
10 9 9 6 0.0202293
10 9 9 7 0.0036628
10 9 9 8 0.0000000
10 9 9 9 0.3648303
10 9 10 0 -0.0000224
10 9 10 1 0.0005018
10 9 10 2 -0.0000000
10 9 10 3 0.0007795
10 9 10 4 0.0000351
10 9 10 5 -0.0000000
10 9 10 6 -0.0015645
10 9 10 7 0.0038252
10 9 10 8 -0.0000000
10 9 10 9 0.0530073
10 9 10 10 0.0389064
10 10 0 0 0.2902129
10 10 1 0 0.0021545
10 10 1 1 0.3849365
10 10 2 0 -0.0000000
10 10 2 1 -0.0000000
10 10 2 2 0.2368302
10 10 3 0 0.0026198
10 10 3 1 0.0708489
10 10 3 2 -0.0000000
10 10 3 3 0.2893112
10 10 4 0 0.0031979
10 10 4 1 -0.0027062
10 10 4 2 -0.0000000
10 10 4 3 0.0083116
10 10 4 4 0.2156634
10 10 5 0 -0.0000000
10 10 5 1 -0.0000000
10 10 5 2 -0.0371617
10 10 5 3 -0.0000000
10 10 5 4 0.0000000
10 10 5 5 0.2570046
10 10 6 0 0.0040301
10 10 6 1 -0.0935795
10 10 6 2 0.0000000
10 10 6 3 -0.0818605
10 10 6 4 0.0001764
10 10 6 5 0.0000000
10 10 6 6 0.4819424
10 10 7 0 -0.0014361
10 10 7 1 -0.0025508
10 10 7 2 -0.0000000
10 10 7 3 0.0366368
10 10 7 4 -0.0037606
10 10 7 5 -0.0000000
10 10 7 6 -0.0095441
10 10 7 7 0.4644442
10 10 8 0 0.0000000
10 10 8 1 -0.0000000
10 10 8 2 -0.0308217
10 10 8 3 -0.0000000
10 10 8 4 0.0000000
10 10 8 5 0.0204516
10 10 8 6 0.0000000
10 10 8 7 -0.0000000
10 10 8 8 0.6110798
10 10 9 0 0.0005747
10 10 9 1 0.0006781
10 10 9 2 0.0000000
10 10 9 3 -0.0026285
10 10 9 4 0.0010398
10 10 9 5 -0.0000000
10 10 9 6 0.0138178
10 10 9 7 0.0004442
10 10 9 8 0.0000000
10 10 9 9 0.8412153
10 10 10 0 -0.0012464
10 10 10 1 -0.0459648
10 10 10 2 0.0000000
10 10 10 3 -0.0194738
10 10 10 4 -0.0001409
10 10 10 5 0.0000000
10 10 10 6 0.0399174
10 10 10 7 0.0676368
10 10 10 8 0.0000000
10 10 10 9 0.0389064
10 10 10 10 0.7072812
11 0 0 0 -0.0800681
11 0 1 0 0.0039000
11 0 1 1 -0.0098691
11 0 2 0 -0.0000000
11 0 2 1 0.0000000
11 0 2 2 0.0037699
11 0 3 0 0.0007083
11 0 3 1 0.0051900
11 0 3 2 -0.0000000
11 0 3 3 -0.0019041
11 0 4 0 -0.0123091
11 0 4 1 0.0024188
11 0 4 2 -0.0000000
11 0 4 3 -0.0028224
11 0 4 4 0.0044965
11 0 5 0 0.0000000
11 0 5 1 0.0000000
11 0 5 2 0.0013220
11 0 5 3 0.0000000
11 0 5 4 -0.0000000
11 0 5 5 -0.0005776
11 0 6 0 0.0048034
11 0 6 1 -0.0044664
11 0 6 2 0.0000000
11 0 6 3 0.0045944
11 0 6 4 0.0004908
11 0 6 5 -0.0000000
11 0 6 6 -0.0023770
11 0 7 0 0.0111723
11 0 7 1 0.0022327
11 0 7 2 -0.0000000
11 0 7 3 -0.0011764
11 0 7 4 -0.0042272
11 0 7 5 0.0000000
11 0 7 6 0.0029553
11 0 7 7 0.0067588
11 0 8 0 -0.0000000
11 0 8 1 0.0000000
11 0 8 2 0.0000909
11 0 8 3 0.0000000
11 0 8 4 0.0000000
11 0 8 5 0.0001809
11 0 8 6 -0.0000000
11 0 8 7 -0.0000000
11 0 8 8 -0.0007560
11 0 9 0 0.0001203
11 0 9 1 0.0001002
11 0 9 2 -0.0000000
11 0 9 3 -0.0000470
11 0 9 4 -0.0000182
11 0 9 5 0.0000000
11 0 9 6 0.0000522
11 0 9 7 0.0000496
11 0 9 8 0.0000000
11 0 9 9 -0.0006611
11 0 10 0 -0.0026944
11 0 10 1 -0.0012618
11 0 10 2 0.0000000
11 0 10 3 0.0001754
11 0 10 4 0.0009556
11 0 10 5 -0.0000000
11 0 10 6 -0.0005608
11 0 10 7 -0.0020124
11 0 10 8 -0.0000000
11 0 10 9 0.0000113
11 0 10 10 -0.0004450
11 0 11 0 0.0110695
11 0 11 1 0.0039905
11 0 11 2 -0.0000000
11 0 11 3 -0.0005848
11 0 11 4 -0.0042437
11 0 11 5 0.0000000
11 0 11 6 0.0028289
11 0 11 7 0.0073610
11 0 11 8 -0.0000000
11 0 11 9 -0.0000670
11 0 11 10 -0.0011711
11 0 11 11 0.0070801
11 1 0 0 -0.0157038
11 1 1 0 -0.0037643
11 1 1 1 -0.0245313
11 1 2 0 0.0000000
11 1 2 1 0.0000000
11 1 2 2 0.0150938
11 1 3 0 0.0054607
11 1 3 1 0.0260502
11 1 3 2 -0.0000000
11 1 3 3 -0.0073032
11 1 4 0 -0.0007015
11 1 4 1 0.0056344
11 1 4 2 0.0000000
11 1 4 3 -0.0162442
11 1 4 4 0.0113012
11 1 5 0 -0.0000000
11 1 5 1 -0.0000000
11 1 5 2 0.0110006
11 1 5 3 0.0000000
11 1 5 4 0.0000000
11 1 5 5 -0.0007421
11 1 6 0 0.0000874
11 1 6 1 -0.0133648
11 1 6 2 0.0000000
11 1 6 3 0.0098957
11 1 6 4 -0.0029218
11 1 6 5 -0.0000000
11 1 6 6 0.0049474
11 1 7 0 0.0038348
11 1 7 1 0.0025608
11 1 7 2 0.0000000
11 1 7 3 -0.0070631
11 1 7 4 0.0003566
11 1 7 5 -0.0000000
11 1 7 6 0.0288225
11 1 7 7 0.0127330
11 1 8 0 0.0000000
11 1 8 1 0.0000000
11 1 8 2 0.0008527
11 1 8 3 0.0000000
11 1 8 4 0.0000000
11 1 8 5 0.0008098
11 1 8 6 -0.0000000
11 1 8 7 0.0000000
11 1 8 8 0.0064620
11 1 9 0 0.0000675
11 1 9 1 0.0010358
11 1 9 2 -0.0000000
11 1 9 3 -0.0000897
11 1 9 4 -0.0000654
11 1 9 5 0.0000000
11 1 9 6 -0.0009358
11 1 9 7 -0.0005094
11 1 9 8 -0.0000000
11 1 9 9 0.0069558
11 1 10 0 -0.0009927
11 1 10 1 -0.0054960
11 1 10 2 -0.0000000
11 1 10 3 -0.0002589
11 1 10 4 -0.0000816
11 1 10 5 0.0000000
11 1 10 6 -0.0046102
11 1 10 7 -0.0148811
11 1 10 8 0.0000000
11 1 10 9 0.0019525
11 1 10 10 -0.0114070
11 1 11 0 0.0039905
11 1 11 1 0.0334570
11 1 11 2 -0.0000000
11 1 11 3 0.0097056
11 1 11 4 -0.0001936
11 1 11 5 -0.0000000
11 1 11 6 -0.0011915
11 1 11 7 0.0015257
11 1 11 8 0.0000000
11 1 11 9 0.0000420
11 1 11 10 0.0083703
11 1 11 11 0.0207943
11 2 0 0 -0.0000000
11 2 1 0 0.0000000
11 2 1 1 0.0000000
11 2 2 0 0.0038528
11 2 2 1 0.0224305
11 2 2 2 -0.0000000
11 2 3 0 -0.0000000
11 2 3 1 -0.0000000
11 2 3 2 -0.0297075
11 2 3 3 -0.0000000
11 2 4 0 -0.0000000
11 2 4 1 0.0000000
11 2 4 2 0.0443988
11 2 4 3 0.0000000
11 2 4 4 0.0000000
11 2 5 0 -0.0092451
11 2 5 1 -0.0127991
11 2 5 2 -0.0000000
11 2 5 3 -0.0093421
11 2 5 4 0.0510600
11 2 5 5 -0.0000000
11 2 6 0 -0.0000000
11 2 6 1 0.0000000
11 2 6 2 0.0055856
11 2 6 3 -0.0000000
11 2 6 4 -0.0000000
11 2 6 5 -0.0152069
11 2 6 6 -0.0000000
11 2 7 0 -0.0000000
11 2 7 1 0.0000000
11 2 7 2 0.0340034
11 2 7 3 0.0000000
11 2 7 4 -0.0000000
11 2 7 5 -0.0046121
11 2 7 6 -0.0000000
11 2 7 7 -0.0000000
11 2 8 0 0.0001554
11 2 8 1 0.0056894
11 2 8 2 -0.0000000
11 2 8 3 0.0021764
11 2 8 4 0.0015252
11 2 8 5 -0.0000000
11 2 8 6 -0.0016764
11 2 8 7 0.0020500
11 2 8 8 -0.0000000
11 2 9 0 -0.0000000
11 2 9 1 -0.0000000
11 2 9 2 -0.0000084
11 2 9 3 0.0000000
11 2 9 4 0.0000000
11 2 9 5 0.0001658
11 2 9 6 0.0000000
11 2 9 7 0.0000000
11 2 9 8 -0.0006803
11 2 9 9 -0.0000000
11 2 10 0 0.0000000
11 2 10 1 -0.0000000
11 2 10 2 -0.0074947
11 2 10 3 -0.0000000
11 2 10 4 0.0000000
11 2 10 5 0.0004381
11 2 10 6 0.0000000
11 2 10 7 0.0000000
11 2 10 8 0.0022175
11 2 10 9 -0.0000000
11 2 10 10 0.0000000
11 2 11 0 -0.0000000
11 2 11 1 -0.0000000
11 2 11 2 0.0357543
11 2 11 3 -0.0000000
11 2 11 4 -0.0000000
11 2 11 5 -0.0047399
11 2 11 6 -0.0000000
11 2 11 7 -0.0000000
11 2 11 8 0.0024460
11 2 11 9 -0.0000000
11 2 11 10 -0.0000000
11 2 11 11 -0.0000000
11 3 0 0 0.0539786
11 3 1 0 0.0021364
11 3 1 1 0.0470253
11 3 2 0 -0.0000000
11 3 2 1 -0.0000000
11 3 2 2 -0.0037080
11 3 3 0 0.0052214
11 3 3 1 0.0132545
11 3 3 2 -0.0000000
11 3 3 3 0.0172884
11 3 4 0 0.0042239
11 3 4 1 -0.0048296
11 3 4 2 0.0000000
11 3 4 3 -0.0031998
11 3 4 4 -0.0146787
11 3 5 0 -0.0000000
11 3 5 1 -0.0000000
11 3 5 2 -0.0203142
11 3 5 3 -0.0000000
11 3 5 4 0.0000000
11 3 5 5 0.0149675
11 3 6 0 0.0058683
11 3 6 1 0.0160952
11 3 6 2 -0.0000000
11 3 6 3 -0.0002019
11 3 6 4 -0.0073213
11 3 6 5 0.0000000
11 3 6 6 0.0401588
11 3 7 0 -0.0005880
11 3 7 1 -0.0049423
11 3 7 2 0.0000000
11 3 7 3 0.0193816
11 3 7 4 -0.0013463
11 3 7 5 -0.0000000
11 3 7 6 0.0235718
11 3 7 7 0.0143876
11 3 8 0 0.0000000
11 3 8 1 0.0000000
11 3 8 2 0.0018899
11 3 8 3 0.0000000
11 3 8 4 -0.0000000
11 3 8 5 -0.0029037
11 3 8 6 -0.0000000
11 3 8 7 0.0000000
11 3 8 8 0.0145052
11 3 9 0 -0.0000812
11 3 9 1 -0.0001367
11 3 9 2 -0.0000000
11 3 9 3 0.0001299
11 3 9 4 -0.0000512
11 3 9 5 0.0000000
11 3 9 6 -0.0014351
11 3 9 7 -0.0006477
11 3 9 8 -0.0000000
11 3 9 9 0.0065532
11 3 10 0 0.0003724
11 3 10 1 0.0047968
11 3 10 2 -0.0000000
11 3 10 3 -0.0039917
11 3 10 4 0.0004119
11 3 10 5 -0.0000000
11 3 10 6 -0.0075848
11 3 10 7 -0.0067268
11 3 10 8 0.0000000
11 3 10 9 0.0006670
11 3 10 10 -0.0034256
11 3 11 0 -0.0005848
11 3 11 1 0.0097056
11 3 11 2 -0.0000000
11 3 11 3 0.0332166
11 3 11 4 -0.0021515
11 3 11 5 -0.0000000
11 3 11 6 0.0047370
11 3 11 7 0.0024621
11 3 11 8 0.0000000
11 3 11 9 0.0003926
11 3 11 10 0.0000941
11 3 11 11 0.0256127
11 4 0 0 -0.1292587
11 4 1 0 0.0074287
11 4 1 1 -0.0306105
11 4 2 0 -0.0000000
11 4 2 1 0.0000000
11 4 2 2 -0.0100198
11 4 3 0 -0.0021444
11 4 3 1 -0.0015773
11 4 3 2 0.0000000
11 4 3 3 -0.0427629
11 4 4 0 -0.0005815
11 4 4 1 0.0061012
11 4 4 2 0.0000000
11 4 4 3 -0.0243671
11 4 4 4 -0.0148011
11 4 5 0 0.0000000
11 4 5 1 0.0000000
11 4 5 2 0.0335358
11 4 5 3 0.0000000
11 4 5 4 -0.0000000
11 4 5 5 -0.0286221
11 4 6 0 0.0058599
11 4 6 1 -0.0115646
11 4 6 2 0.0000000
11 4 6 3 -0.0161292
11 4 6 4 -0.0073322
11 4 6 5 0.0000000
11 4 6 6 -0.0380454
11 4 7 0 -0.0041636
11 4 7 1 0.0007360
11 4 7 2 -0.0000000
11 4 7 3 0.0000448
11 4 7 4 0.0278375
11 4 7 5 -0.0000000
11 4 7 6 -0.0018966
11 4 7 7 -0.0428906
11 4 8 0 -0.0000000
11 4 8 1 -0.0000000
11 4 8 2 -0.0002693
11 4 8 3 -0.0000000
11 4 8 4 0.0000000
11 4 8 5 0.0016358
11 4 8 6 -0.0000000
11 4 8 7 -0.0000000
11 4 8 8 -0.0115993
11 4 9 0 0.0000710
11 4 9 1 0.0001211
11 4 9 2 -0.0000000
11 4 9 3 0.0000705
11 4 9 4 0.0001314
11 4 9 5 -0.0000000
11 4 9 6 0.0002479
11 4 9 7 -0.0000359
11 4 9 8 0.0000000
11 4 9 9 -0.0162490
11 4 10 0 0.0007053
11 4 10 1 -0.0012975
11 4 10 2 0.0000000
11 4 10 3 -0.0002990
11 4 10 4 -0.0063515
11 4 10 5 0.0000000
11 4 10 6 0.0010733
11 4 10 7 0.0074639
11 4 10 8 0.0000000
11 4 10 9 -0.0011927
11 4 10 10 -0.0114846
11 4 11 0 -0.0042437
11 4 11 1 -0.0001936
11 4 11 2 -0.0000000
11 4 11 3 -0.0021515
11 4 11 4 0.0281478
11 4 11 5 -0.0000000
11 4 11 6 -0.0015718
11 4 11 7 -0.0304153
11 4 11 8 0.0000000
11 4 11 9 -0.0005094
11 4 11 10 0.0073758
11 4 11 11 -0.0442708
11 5 0 0 0.0000000
11 5 1 0 -0.0000000
11 5 1 1 0.0000000
11 5 2 0 -0.0031686
11 5 2 1 -0.0017997
11 5 2 2 0.0000000
11 5 3 0 0.0000000
11 5 3 1 -0.0000000
11 5 3 2 -0.0051632
11 5 3 3 0.0000000
11 5 4 0 0.0000000
11 5 4 1 0.0000000
11 5 4 2 0.0170133
11 5 4 3 0.0000000
11 5 4 4 0.0000000
11 5 5 0 0.0053322
11 5 5 1 0.0048992
11 5 5 2 -0.0000000
11 5 5 3 -0.0034806
11 5 5 4 0.0067519
11 5 5 5 0.0000000
11 5 6 0 -0.0000000
11 5 6 1 0.0000000
11 5 6 2 -0.0046856
11 5 6 3 0.0000000
11 5 6 4 0.0000000
11 5 6 5 0.0036066
11 5 6 6 0.0000000
11 5 7 0 0.0000000
11 5 7 1 -0.0000000
11 5 7 2 -0.0040772
11 5 7 3 -0.0000000
11 5 7 4 -0.0000000
11 5 7 5 0.0109096
11 5 7 6 -0.0000000
11 5 7 7 0.0000000
11 5 8 0 -0.0001101
11 5 8 1 -0.0002968
11 5 8 2 0.0000000
11 5 8 3 -0.0006135
11 5 8 4 0.0003301
11 5 8 5 -0.0000000
11 5 8 6 -0.0010167
11 5 8 7 -0.0012506
11 5 8 8 0.0000000
11 5 9 0 -0.0000000
11 5 9 1 -0.0000000
11 5 9 2 0.0000036
11 5 9 3 -0.0000000
11 5 9 4 -0.0000000
11 5 9 5 0.0000309
11 5 9 6 0.0000000
11 5 9 7 0.0000000
11 5 9 8 -0.0000397
11 5 9 9 0.0000000
11 5 10 0 -0.0000000
11 5 10 1 0.0000000
11 5 10 2 0.0006942
11 5 10 3 0.0000000
11 5 10 4 0.0000000
11 5 10 5 -0.0023834
11 5 10 6 0.0000000
11 5 10 7 -0.0000000
11 5 10 8 0.0026306
11 5 10 9 0.0000000
11 5 10 10 0.0000000
11 5 11 0 0.0000000
11 5 11 1 -0.0000000
11 5 11 2 -0.0047399
11 5 11 3 -0.0000000
11 5 11 4 -0.0000000
11 5 11 5 0.0119372
11 5 11 6 0.0000000
11 5 11 7 0.0000000
11 5 11 8 0.0005380
11 5 11 9 0.0000000
11 5 11 10 -0.0000000
11 5 11 11 0.0000000
11 6 0 0 0.0155780
11 6 1 0 -0.0019510
11 6 1 1 -0.0012993
11 6 2 0 0.0000000
11 6 2 1 -0.0000000
11 6 2 2 0.0034065
11 6 3 0 0.0067668
11 6 3 1 0.0134261
11 6 3 2 -0.0000000
11 6 3 3 -0.0067821
11 6 4 0 0.0017739
11 6 4 1 0.0016653
11 6 4 2 -0.0000000
11 6 4 3 -0.0114666
11 6 4 4 -0.0050578
11 6 5 0 -0.0000000
11 6 5 1 -0.0000000
11 6 5 2 -0.0040878
11 6 5 3 0.0000000
11 6 5 4 0.0000000
11 6 5 5 0.0034689
11 6 6 0 0.0027745
11 6 6 1 0.0050446
11 6 6 2 -0.0000000
11 6 6 3 0.0067380
11 6 6 4 -0.0068781
11 6 6 5 0.0000000
11 6 6 6 0.0080467
11 6 7 0 0.0024720
11 6 7 1 0.0164069
11 6 7 2 -0.0000000
11 6 7 3 0.0176298
11 6 7 4 -0.0016850
11 6 7 5 -0.0000000
11 6 7 6 -0.0044663
11 6 7 7 0.0082195
11 6 8 0 -0.0000000
11 6 8 1 -0.0000000
11 6 8 2 0.0002885
11 6 8 3 -0.0000000
11 6 8 4 -0.0000000
11 6 8 5 -0.0004711
11 6 8 6 0.0000000
11 6 8 7 -0.0000000
11 6 8 8 0.0025611
11 6 9 0 0.0000120
11 6 9 1 -0.0007419
11 6 9 2 0.0000000
11 6 9 3 -0.0003341
11 6 9 4 0.0000994
11 6 9 5 0.0000000
11 6 9 6 0.0018463
11 6 9 7 0.0018669
11 6 9 8 0.0000000
11 6 9 9 0.0091860
11 6 10 0 -0.0007023
11 6 10 1 -0.0051452
11 6 10 2 0.0000000
11 6 10 3 -0.0024839
11 6 10 4 0.0005132
11 6 10 5 0.0000000
11 6 10 6 -0.0000268
11 6 10 7 0.0143919
11 6 10 8 -0.0000000
11 6 10 9 -0.0004952
11 6 10 10 0.0254697
11 6 11 0 0.0028289
11 6 11 1 -0.0011915
11 6 11 2 -0.0000000
11 6 11 3 0.0047370
11 6 11 4 -0.0015718
11 6 11 5 0.0000000
11 6 11 6 0.0329196
11 6 11 7 0.0127022
11 6 11 8 -0.0000000
11 6 11 9 -0.0015841
11 6 11 10 -0.0103390
11 6 11 11 0.0045904
11 7 0 0 0.2547318
11 7 1 0 -0.0113472
11 7 1 1 0.0227390
11 7 2 0 0.0000000
11 7 2 1 0.0000000
11 7 2 2 0.1311795
11 7 3 0 0.0038241
11 7 3 1 -0.0471714
11 7 3 2 0.0000000
11 7 3 3 0.1054819
11 7 4 0 -0.0011173
11 7 4 1 -0.0036968
11 7 4 2 -0.0000000
11 7 4 3 0.0142689
11 7 4 4 0.1410301
11 7 5 0 0.0000000
11 7 5 1 0.0000000
11 7 5 2 -0.0156458
11 7 5 3 -0.0000000
11 7 5 4 -0.0000000
11 7 5 5 0.1334658
11 7 6 0 -0.0084947
11 7 6 1 0.0951616
11 7 6 2 -0.0000000
11 7 6 3 0.0863348
11 7 6 4 0.0046925
11 7 6 5 -0.0000000
11 7 6 6 -0.0276816
11 7 7 0 0.0075984
11 7 7 1 0.0084175
11 7 7 2 -0.0000000
11 7 7 3 -0.0175025
11 7 7 4 -0.0361213
11 7 7 5 0.0000000
11 7 7 6 0.0022529
11 7 7 7 -0.0050322
11 7 8 0 -0.0000000
11 7 8 1 0.0000000
11 7 8 2 0.0193086
11 7 8 3 0.0000000
11 7 8 4 -0.0000000
11 7 8 5 -0.0144224
11 7 8 6 -0.0000000
11 7 8 7 -0.0000000
11 7 8 8 -0.1510890
11 7 9 0 -0.0004630
11 7 9 1 -0.0022931
11 7 9 2 0.0000000
11 7 9 3 0.0001935
11 7 9 4 -0.0005448
11 7 9 5 0.0000000
11 7 9 6 -0.0038450
11 7 9 7 0.0011149
11 7 9 8 -0.0000000
11 7 9 9 -0.2608275
11 7 10 0 -0.0005077
11 7 10 1 0.0127608
11 7 10 2 -0.0000000
11 7 10 3 0.0058148
11 7 10 4 0.0086151
11 7 10 5 -0.0000000
11 7 10 6 -0.0044291
11 7 10 7 -0.0287873
11 7 10 8 0.0000000
11 7 10 9 -0.0193253
11 7 10 10 -0.1626444
11 7 11 0 0.0073610
11 7 11 1 0.0015257
11 7 11 2 -0.0000000
11 7 11 3 0.0024621
11 7 11 4 -0.0304153
11 7 11 5 0.0000000
11 7 11 6 0.0127022
11 7 11 7 0.2035798
11 7 11 8 0.0000000
11 7 11 9 -0.0030648
11 7 11 10 -0.0593362
11 7 11 11 0.0251487
11 8 0 0 0.0000000
11 8 1 0 0.0000000
11 8 1 1 0.0000000
11 8 2 0 0.0003653
11 8 2 1 0.0038297
11 8 2 2 -0.0000000
11 8 3 0 0.0000000
11 8 3 1 -0.0000000
11 8 3 2 -0.0015746
11 8 3 3 -0.0000000
11 8 4 0 -0.0000000
11 8 4 1 0.0000000
11 8 4 2 0.0054100
11 8 4 3 0.0000000
11 8 4 4 0.0000000
11 8 5 0 -0.0008989
11 8 5 1 -0.0028159
11 8 5 2 -0.0000000
11 8 5 3 -0.0022571
11 8 5 4 0.0049399
11 8 5 5 -0.0000000
11 8 6 0 -0.0000000
11 8 6 1 0.0000000
11 8 6 2 0.0022114
11 8 6 3 0.0000000
11 8 6 4 -0.0000000
11 8 6 5 -0.0029157
11 8 6 6 -0.0000000
11 8 7 0 -0.0000000
11 8 7 1 0.0000000
11 8 7 2 0.0050523
11 8 7 3 0.0000000
11 8 7 4 -0.0000000
11 8 7 5 -0.0020614
11 8 7 6 -0.0000000
11 8 7 7 0.0000000
11 8 8 0 -0.0000658
11 8 8 1 0.0071036
11 8 8 2 -0.0000000
11 8 8 3 0.0035311
11 8 8 4 0.0000356
11 8 8 5 -0.0000000
11 8 8 6 -0.0115848
11 8 8 7 -0.0181298
11 8 8 8 -0.0000000
11 8 9 0 0.0000000
11 8 9 1 -0.0000000
11 8 9 2 -0.0002159
11 8 9 3 -0.0000000
11 8 9 4 0.0000000
11 8 9 5 0.0001433
11 8 9 6 0.0000000
11 8 9 7 0.0000000
11 8 9 8 0.0001755
11 8 9 9 0.0000000
11 8 10 0 0.0000000
11 8 10 1 -0.0000000
11 8 10 2 -0.0032216
11 8 10 3 -0.0000000
11 8 10 4 0.0000000
11 8 10 5 0.0023032
11 8 10 6 0.0000000
11 8 10 7 0.0000000
11 8 10 8 0.0253059
11 8 10 9 -0.0000000
11 8 10 10 0.0000000
11 8 11 0 -0.0000000
11 8 11 1 0.0000000
11 8 11 2 0.0024460
11 8 11 3 0.0000000
11 8 11 4 0.0000000
11 8 11 5 0.0005380
11 8 11 6 -0.0000000
11 8 11 7 0.0000000
11 8 11 8 0.0229403
11 8 11 9 -0.0000000
11 8 11 10 -0.0000000
11 8 11 11 0.0000000
11 9 0 0 0.0046707
11 9 1 0 0.0000766
11 9 1 1 0.0069398
11 9 2 0 -0.0000000
11 9 2 1 -0.0000000
11 9 2 2 0.0020887
11 9 3 0 -0.0000227
11 9 3 1 0.0012311
11 9 3 2 -0.0000000
11 9 3 3 0.0041912
11 9 4 0 0.0001070
11 9 4 1 -0.0003451
11 9 4 2 -0.0000000
11 9 4 3 0.0006410
11 9 4 4 0.0017376
11 9 5 0 -0.0000000
11 9 5 1 -0.0000000
11 9 5 2 -0.0012467
11 9 5 3 -0.0000000
11 9 5 4 0.0000000
11 9 5 5 0.0030430
11 9 6 0 0.0000707
11 9 6 1 -0.0026132
11 9 6 2 0.0000000
11 9 6 3 -0.0024034
11 9 6 4 0.0002306
11 9 6 5 0.0000000
11 9 6 6 0.0099290
11 9 7 0 -0.0000869
11 9 7 1 -0.0011285
11 9 7 2 0.0000000
11 9 7 3 0.0000471
11 9 7 4 -0.0002011
11 9 7 5 0.0000000
11 9 7 6 0.0012350
11 9 7 7 0.0065732
11 9 8 0 0.0000000
11 9 8 1 -0.0000000
11 9 8 2 -0.0006131
11 9 8 3 -0.0000000
11 9 8 4 0.0000000
11 9 8 5 0.0002415
11 9 8 6 0.0000000
11 9 8 7 0.0000000
11 9 8 8 0.0085153
11 9 9 0 0.0000663
11 9 9 1 -0.0006591
11 9 9 2 0.0000000
11 9 9 3 -0.0015774
11 9 9 4 -0.0000326
11 9 9 5 0.0000000
11 9 9 6 0.0029065
11 9 9 7 -0.0066747
11 9 9 8 0.0000000
11 9 9 9 0.0538253
11 9 10 0 0.0000260
11 9 10 1 0.0007719
11 9 10 2 -0.0000000
11 9 10 3 0.0002897
11 9 10 4 0.0000574
11 9 10 5 -0.0000000
11 9 10 6 -0.0005885
11 9 10 7 0.0007309
11 9 10 8 -0.0000000
11 9 10 9 0.0071203
11 9 10 10 0.0059734
11 9 11 0 -0.0000670
11 9 11 1 0.0000420
11 9 11 2 -0.0000000
11 9 11 3 0.0003926
11 9 11 4 -0.0005094
11 9 11 5 0.0000000
11 9 11 6 -0.0015841
11 9 11 7 -0.0030648
11 9 11 8 -0.0000000
11 9 11 9 0.0067784
11 9 11 10 -0.0001085
11 9 11 11 0.0052265
11 10 0 0 -0.0747614
11 10 1 0 0.0018531
11 10 1 1 -0.0280520
11 10 2 0 -0.0000000
11 10 2 1 -0.0000000
11 10 2 2 -0.0365025
11 10 3 0 -0.0005493
11 10 3 1 0.0124540
11 10 3 2 -0.0000000
11 10 3 3 -0.0371693
11 10 4 0 -0.0002575
11 10 4 1 0.0022132
11 10 4 2 0.0000000
11 10 4 3 -0.0064825
11 10 4 4 -0.0374306
11 10 5 0 -0.0000000
11 10 5 1 0.0000000
11 10 5 2 0.0088168
11 10 5 3 0.0000000
11 10 5 4 -0.0000000
11 10 5 5 -0.0419467
11 10 6 0 0.0014345
11 10 6 1 -0.0262020
11 10 6 2 0.0000000
11 10 6 3 -0.0174436
11 10 6 4 -0.0012658
11 10 6 5 0.0000000
11 10 6 6 -0.0073652
11 10 7 0 -0.0010041
11 10 7 1 -0.0058643
11 10 7 2 0.0000000
11 10 7 3 -0.0012093
11 10 7 4 0.0094971
11 10 7 5 -0.0000000
11 10 7 6 0.0151298
11 10 7 7 -0.0022271
11 10 8 0 0.0000000
11 10 8 1 -0.0000000
11 10 8 2 -0.0064802
11 10 8 3 -0.0000000
11 10 8 4 0.0000000
11 10 8 5 0.0063203
11 10 8 6 0.0000000
11 10 8 7 0.0000000
11 10 8 8 0.0426938
11 10 9 0 0.0001643
11 10 9 1 0.0010234
11 10 9 2 -0.0000000
11 10 9 3 -0.0003783
11 10 9 4 0.0001737
11 10 9 5 -0.0000000
11 10 9 6 0.0022224
11 10 9 7 -0.0002474
11 10 9 8 0.0000000
11 10 9 9 0.0655136
11 10 10 0 0.0000322
11 10 10 1 -0.0154253
11 10 10 2 0.0000000
11 10 10 3 -0.0126768
11 10 10 4 -0.0029343
11 10 10 5 0.0000000
11 10 10 6 0.0204790
11 10 10 7 -0.0364425
11 10 10 8 0.0000000
11 10 10 9 0.0031839
11 10 10 10 0.0421731
11 10 11 0 -0.0011711
11 10 11 1 0.0083703
11 10 11 2 -0.0000000
11 10 11 3 0.0000941
11 10 11 4 0.0073758
11 10 11 5 -0.0000000
11 10 11 6 -0.0103390
11 10 11 7 -0.0593362
11 10 11 8 -0.0000000
11 10 11 9 -0.0001085
11 10 11 10 0.0530174
11 10 11 11 0.0051730
11 11 0 0 0.5901880
11 11 1 0 -0.0087534
11 11 1 1 0.4588747
11 11 2 0 0.0000000
11 11 2 1 -0.0000000
11 11 2 2 0.4023169
11 11 3 0 0.0086373
11 11 3 1 0.0418594
11 11 3 2 -0.0000000
11 11 3 3 0.4355622
11 11 4 0 0.0030807
11 11 4 1 -0.0069123
11 11 4 2 -0.0000000
11 11 4 3 0.0190600
11 11 4 4 0.3870411
11 11 5 0 -0.0000000
11 11 5 1 -0.0000000
11 11 5 2 -0.0572928
11 11 5 3 -0.0000000
11 11 5 4 0.0000000
11 11 5 5 0.4276665
11 11 6 0 -0.0023648
11 11 6 1 0.0072333
11 11 6 2 -0.0000000
11 11 6 3 0.0089250
11 11 6 4 0.0042680
11 11 6 5 -0.0000000
11 11 6 6 0.5020575
11 11 7 0 0.0068655
11 11 7 1 -0.0031704
11 11 7 2 -0.0000000
11 11 7 3 0.0137617
11 11 7 4 -0.0401432
11 11 7 5 0.0000000
11 11 7 6 0.0315892
11 11 7 7 0.5013991
11 11 8 0 0.0000000
11 11 8 1 -0.0000000
11 11 8 2 -0.0025174
11 11 8 3 -0.0000000
11 11 8 4 -0.0000000
11 11 8 5 -0.0016173
11 11 8 6 0.0000000
11 11 8 7 0.0000000
11 11 8 8 0.4338933
11 11 9 0 -0.0000481
11 11 9 1 -0.0007804
11 11 9 2 0.0000000
11 11 9 3 -0.0012467
11 11 9 4 0.0000385
11 11 9 5 0.0000000
11 11 9 6 0.0018521
11 11 9 7 0.0002551
11 11 9 8 0.0000000
11 11 9 9 0.5430577
11 11 10 0 -0.0010941
11 11 10 1 0.0052683
11 11 10 2 -0.0000000
11 11 10 3 -0.0011760
11 11 10 4 0.0086097
11 11 10 5 -0.0000000
11 11 10 6 -0.0134770
11 11 10 7 -0.0364350
11 11 10 8 0.0000000
11 11 10 9 0.0272588
11 11 10 10 0.4103358
11 11 11 0 0.0070801
11 11 11 1 0.0207943
11 11 11 2 -0.0000000
11 11 11 3 0.0256127
11 11 11 4 -0.0442708
11 11 11 5 0.0000000
11 11 11 6 0.0045904
11 11 11 7 0.0251487
11 11 11 8 0.0000000
11 11 11 9 0.0052265
11 11 11 10 0.0051730
11 11 11 11 0.5093198
