NMONOMER	1
NELEC	8
ENUC	7.676927
NBASIS	12
HOMO	2
LUMO	2
ENT	5
HF_ENERGY	-36.008092
ENERGIES
-10.868841
-0.834195
-0.444924
-0.227854
0.572151
0.759128
0.806767
849736.598754
965066.378061
996478.155296
1070620.569327
1118094.082683

OEI
-18.462638	
0.215876	-4.517844	
0.000000	-0.000000	-4.113358	
-0.188948	0.119171	0.000000	-4.215364	
0.152623	-0.287189	0.000000	0.405340	-3.054551	
-0.236089	0.893252	-0.000000	0.228588	0.162979	-3.776683	
-0.000000	0.000000	0.785047	-0.000000	-0.000000	-0.000000	-3.454955	
0.115626	0.053300	0.000000	-0.035987	-0.002943	0.016236	0.000000	849733.021968	
0.000000	0.000000	-0.131373	-0.000000	0.000000	-0.000000	-0.023333	-0.000000	965063.533462	
0.005012	0.023076	0.000000	0.001940	-0.003156	-0.013431	-0.000000	-0.001095	-0.000000	996474.954682	
-0.037941	-0.198013	-0.000000	-0.067860	-0.120117	-0.135579	-0.000000	0.148178	0.000000	-0.134641	1070618.043269	
0.112379	0.078007	0.000000	-0.127603	-0.003570	-0.001653	0.000000	-0.840808	-0.000000	-0.037817	0.320494	1118090.402310	

ENV_OEI
-4.989661	
0.405524	-0.532229	
0.000000	-0.000000	-0.385341	
-0.368061	-0.081453	-0.000000	-0.560154	
0.307218	-0.299793	-0.000000	-0.149389	-0.682257	
-0.480712	0.021851	-0.000000	-0.215546	-0.312619	-0.874614	
-0.000000	0.000000	0.129012	-0.000000	-0.000000	-0.000000	-0.423238	
0.221639	0.008446	-0.000000	-0.044763	-0.044741	0.022575	0.000000	-0.669798	
-0.000000	-0.000000	0.140692	-0.000000	0.000000	-0.000000	0.143918	0.000000	-0.764271	
-0.015015	0.269164	0.000000	0.636290	1.351933	0.948427	0.000000	-0.126467	0.000000	-18.574017	
-0.054953	0.052943	0.000000	0.011397	0.044086	0.077967	0.000000	-0.223620	-0.000000	-1.665781	-0.838108	
0.210667	-0.005825	-0.000000	0.033978	0.029283	0.048287	0.000000	0.071740	-0.000000	-0.177065	0.114808	-0.500781	

OVERLAP
1.000000	
0.248362	1.000000	
0.061767	0.488736	1.000000	
0.061767	0.488736	0.167856	1.000000	
0.000000	0.027047	0.038545	0.038545	1.000000	
0.027047	0.301519	0.378700	0.378700	0.248362	1.000000	
0.000000	0.000000	-0.259000	-0.259000	-0.045312	-0.338874	1.000000	
0.000000	0.000000	-0.380474	0.380474	0.000000	0.000000	0.000000	1.000000	
0.000000	0.000000	-0.073326	-0.073326	0.000000	0.000000	0.000000	0.000000	1.000000	
0.045312	0.338874	0.278171	0.278171	0.000000	0.000000	-0.315123	0.000000	0.000000	1.000000	
0.000000	0.000000	-0.268260	0.268260	0.000000	0.000000	0.000000	0.166433	0.000000	0.000000	1.000000	
0.000000	0.000000	-0.051700	-0.051700	0.000000	0.000000	0.000000	0.000000	0.166433	0.000000	0.000000	1.000000	

MOCOEFF
-0.996674	-0.016276	0.006499	0.006499	-0.001354	0.006662	0.016629	-0.000000	0.023232	0.002266	0.000000	-0.003195	
0.141683	-0.325923	-0.270955	-0.270955	0.028613	0.040345	0.315570	-0.000000	0.222641	-0.330314	0.000000	-0.065071	
0.000000	-0.000000	-0.448024	0.448024	0.000000	-0.000000	0.000000	0.607089	-0.000000	-0.000000	-0.341413	0.000000	
-0.128390	0.514484	0.125935	0.125935	0.056950	-0.236333	0.534360	-0.000000	-0.511787	-0.367977	0.000000	0.098200	
0.105413	-0.649741	0.889821	0.889821	0.117882	-0.704556	-0.078886	-0.000000	0.280788	-0.624044	-0.000000	0.045275	
-0.168541	1.032374	-0.425633	-0.425633	0.084613	-0.514587	-1.005492	0.000000	-0.038051	-0.743401	0.000000	-0.037677	
-0.000000	0.000000	-0.946155	0.946155	0.000000	-0.000000	-0.000000	-1.087612	-0.000000	-0.000000	-0.326616	-0.000000	
0.084288	-0.388040	0.000000	0.000000	-0.012324	0.049398	-0.203229	0.000000	-0.573902	-0.025821	-0.000000	0.799278	
-0.000000	0.000000	0.000000	-0.000000	0.000000	-0.000000	-0.000000	0.000000	-0.000000	0.000000	1.000000	0.000000	
0.000565	-0.002600	-0.000000	-0.000000	-1.025611	0.216380	-0.001362	-0.000000	-0.003845	-0.105483	0.000000	-0.019655	
-0.018948	0.087232	0.000000	0.000000	-0.019716	-0.850777	0.045686	-0.000000	0.129015	0.446528	-0.000000	0.196306	
0.081636	-0.375835	0.000000	0.000000	0.011611	-0.229178	-0.196837	-0.000000	-0.555850	0.120151	0.000000	-0.583417	

ERI
0 0 0 0 3.5236648
1 0 0 0 -0.1887924
1 0 1 0 0.0200536
1 0 1 1 0.0058435
1 1 0 0 0.6418470
1 1 1 0 0.0058435
1 1 1 1 0.5914250
2 0 0 0 -0.0000000
2 0 1 0 0.0000000
2 0 1 1 -0.0000000
2 0 2 0 0.0092187
2 0 2 1 0.0108266
2 0 2 2 0.0000000
2 1 0 0 0.0000000
2 1 1 0 -0.0000000
2 1 1 1 -0.0000000
2 1 2 0 0.0108266
2 1 2 1 0.1053620
2 1 2 2 0.0000000
2 2 0 0 0.6478131
2 2 1 0 -0.0006501
2 2 1 1 0.5107103
2 2 2 0 0.0000000
2 2 2 1 0.0000000
2 2 2 2 0.5377043
3 0 0 0 0.1674905
3 0 1 0 -0.0127224
3 0 1 1 0.0085033
3 0 2 0 -0.0000000
3 0 2 1 0.0000000
3 0 2 2 0.0038133
3 0 3 0 0.0248193
3 0 3 1 0.0079869
3 0 3 2 0.0000000
3 0 3 3 -0.0092882
3 1 0 0 -0.0552803
3 1 1 0 0.0010848
3 1 1 1 0.0192869
3 1 2 0 0.0000000
3 1 2 1 0.0000000
3 1 2 2 -0.0196583
3 1 3 0 0.0079869
3 1 3 1 0.0594338
3 1 3 2 0.0000000
3 1 3 3 -0.0409430
3 2 0 0 0.0000000
3 2 1 0 0.0000000
3 2 1 1 0.0000000
3 2 2 0 -0.0071978
3 2 2 1 -0.0396397
3 2 2 2 -0.0000000
3 2 3 0 0.0000000
3 2 3 1 0.0000000
3 2 3 2 0.0373603
3 2 3 3 0.0000000
3 3 0 0 0.7724520
3 3 1 0 -0.0064069
3 3 1 1 0.4859797
3 3 2 0 -0.0000000
3 3 2 1 0.0000000
3 3 2 2 0.4828123
3 3 3 0 -0.0092882
3 3 3 1 -0.0409430
3 3 3 2 0.0000000
3 3 3 3 0.6266358
4 0 0 0 -0.1386774
4 0 1 0 0.0125279
4 0 1 1 -0.0017941
4 0 2 0 -0.0000000
4 0 2 1 -0.0000000
4 0 2 2 -0.0022187
4 0 3 0 -0.0145674
4 0 3 1 -0.0021760
4 0 3 2 0.0000000
4 0 3 3 0.0011127
4 0 4 0 0.0104959
4 0 4 1 -0.0003453
4 0 4 2 0.0000000
4 0 4 3 -0.0013648
4 0 4 4 -0.0000166
4 1 0 0 0.0831325
4 1 1 0 0.0008257
4 1 1 1 0.0407597
4 1 2 0 -0.0000000
4 1 2 1 0.0000000
4 1 2 2 -0.0159453
4 1 3 0 0.0011149
4 1 3 1 0.0205814
4 1 3 2 0.0000000
4 1 3 3 0.0527150
4 1 4 0 -0.0003453
4 1 4 1 0.0705210
4 1 4 2 -0.0000000
4 1 4 3 0.0065392
4 1 4 4 0.0079837
4 2 0 0 -0.0000000
4 2 1 0 0.0000000
4 2 1 1 0.0000000
4 2 2 0 -0.0010743
4 2 2 1 -0.0732077
4 2 2 2 -0.0000000
4 2 3 0 0.0000000
4 2 3 1 0.0000000
4 2 3 2 0.0175279
4 2 3 3 -0.0000000
4 2 4 0 0.0000000
4 2 4 1 -0.0000000
4 2 4 2 0.0808920
4 2 4 3 0.0000000
4 2 4 4 0.0000000
4 3 0 0 -0.1476622
4 3 1 0 0.0050768
4 3 1 1 0.0223297
4 3 2 0 0.0000000
4 3 2 1 0.0000000
4 3 2 2 -0.0191301
4 3 3 0 0.0083941
4 3 3 1 0.0540551
4 3 3 2 -0.0000000
4 3 3 3 -0.0928726
4 3 4 0 -0.0013648
4 3 4 1 0.0065392
4 3 4 2 0.0000000
4 3 4 3 0.0833943
4 3 4 4 0.0333952
4 4 0 0 0.5054652
4 4 1 0 0.0017509
4 4 1 1 0.5141893
4 4 2 0 -0.0000000
4 4 2 1 -0.0000000
4 4 2 2 0.4733167
4 4 3 0 0.0011735
4 4 3 1 0.0182063
4 4 3 2 0.0000000
4 4 3 3 0.4430316
4 4 4 0 -0.0000166
4 4 4 1 0.0079837
4 4 4 2 0.0000000
4 4 4 3 0.0333952
4 4 4 4 0.5187888
5 0 0 0 0.2214954
5 0 1 0 -0.0261619
5 0 1 1 -0.0118791
5 0 2 0 0.0000000
5 0 2 1 0.0000000
5 0 2 2 -0.0008331
5 0 3 0 0.0071563
5 0 3 1 -0.0062912
5 0 3 2 -0.0000000
5 0 3 3 0.0155267
5 0 4 0 -0.0126888
5 0 4 1 -0.0011817
5 0 4 2 -0.0000000
5 0 4 3 -0.0123947
5 0 4 4 -0.0026789
5 0 5 0 0.0397009
5 0 5 1 0.0042218
5 0 5 2 0.0000000
5 0 5 3 -0.0041792
5 0 5 4 0.0025993
5 0 5 5 -0.0101446
5 1 0 0 -0.2650380
5 1 1 0 -0.0004379
5 1 1 1 -0.0697607
5 1 2 0 0.0000000
5 1 2 1 -0.0000000
5 1 2 2 -0.0689362
5 1 3 0 -0.0079476
5 1 3 1 0.0268891
5 1 3 2 0.0000000
5 1 3 3 -0.0896649
5 1 4 0 0.0031953
5 1 4 1 -0.0143896
5 1 4 2 0.0000000
5 1 4 3 0.0485768
5 1 4 4 -0.0001484
5 1 5 0 0.0042218
5 1 5 1 0.1047788
5 1 5 2 -0.0000000
5 1 5 3 0.0355815
5 1 5 4 0.0359051
5 1 5 5 -0.0869266
5 2 0 0 0.0000000
5 2 1 0 -0.0000000
5 2 1 1 -0.0000000
5 2 2 0 -0.0058318
5 2 2 1 -0.0050372
5 2 2 2 -0.0000000
5 2 3 0 -0.0000000
5 2 3 1 0.0000000
5 2 3 2 0.0012024
5 2 3 3 0.0000000
5 2 4 0 0.0000000
5 2 4 1 0.0000000
5 2 4 2 -0.0164211
5 2 4 3 -0.0000000
5 2 4 4 -0.0000000
5 2 5 0 0.0000000
5 2 5 1 -0.0000000
5 2 5 2 0.0237220
5 2 5 3 0.0000000
5 2 5 4 0.0000000
5 2 5 5 0.0000000
5 3 0 0 -0.0835165
5 3 1 0 0.0041069
5 3 1 1 0.0196649
5 3 2 0 -0.0000000
5 3 2 1 0.0000000
5 3 2 2 -0.0159843
5 3 3 0 -0.0026947
5 3 3 1 0.0074122
5 3 3 2 0.0000000
5 3 3 3 -0.0336682
5 3 4 0 0.0018371
5 3 4 1 0.0204936
5 3 4 2 0.0000000
5 3 4 3 0.0362562
5 3 4 4 0.0258550
5 3 5 0 -0.0041792
5 3 5 1 0.0355815
5 3 5 2 0.0000000
5 3 5 3 0.0526693
5 3 5 4 0.0193308
5 3 5 5 0.0020382
5 4 0 0 -0.0498408
5 4 1 0 -0.0011878
5 4 1 1 -0.0089210
5 4 2 0 0.0000000
5 4 2 1 0.0000000
5 4 2 2 -0.0318690
5 4 3 0 -0.0019626
5 4 3 1 0.0328308
5 4 3 2 -0.0000000
5 4 3 3 0.0055198
5 4 4 0 0.0004348
5 4 4 1 0.0411722
5 4 4 2 -0.0000000
5 4 4 3 0.0255650
5 4 4 4 0.0021736
5 4 5 0 0.0025993
5 4 5 1 0.0359051
5 4 5 2 0.0000000
5 4 5 3 0.0193308
5 4 5 4 0.0579088
5 4 5 5 0.0125488
5 5 0 0 0.7916886
5 5 1 0 0.0006777
5 5 1 1 0.5774894
5 5 2 0 -0.0000000
5 5 2 1 -0.0000000
5 5 2 2 0.4996817
5 5 3 0 0.0184081
5 5 3 1 0.0367663
5 5 3 2 0.0000000
5 5 3 3 0.5094812
5 5 4 0 -0.0070734
5 5 4 1 0.0644518
5 5 4 2 0.0000000
5 5 4 3 0.0164299
5 5 4 4 0.4997591
5 5 5 0 -0.0101446
5 5 5 1 -0.0869266
5 5 5 2 0.0000000
5 5 5 3 0.0020382
5 5 5 4 0.0125488
5 5 5 5 0.6265263
6 0 0 0 0.0000000
6 0 1 0 -0.0000000
6 0 1 1 0.0000000
6 0 2 0 -0.0132326
6 0 2 1 -0.0139472
6 0 2 2 -0.0000000
6 0 3 0 0.0000000
6 0 3 1 -0.0000000
6 0 3 2 0.0097239
6 0 3 3 0.0000000
6 0 4 0 -0.0000000
6 0 4 1 0.0000000
6 0 4 2 0.0013294
6 0 4 3 -0.0000000
6 0 4 4 0.0000000
6 0 5 0 0.0000000
6 0 5 1 -0.0000000
6 0 5 2 0.0073607
6 0 5 3 0.0000000
6 0 5 4 -0.0000000
6 0 5 5 0.0000000
6 0 6 0 0.0191032
6 0 6 1 0.0048215
6 0 6 2 -0.0000000
6 0 6 3 -0.0097557
6 0 6 4 0.0099390
6 0 6 5 -0.0098410
6 0 6 6 -0.0000000
6 1 0 0 -0.0000000
6 1 1 0 -0.0000000
6 1 1 1 -0.0000000
6 1 2 0 -0.0037060
6 1 2 1 0.0320813
6 1 2 2 -0.0000000
6 1 3 0 -0.0000000
6 1 3 1 0.0000000
6 1 3 2 -0.0024383
6 1 3 3 -0.0000000
6 1 4 0 0.0000000
6 1 4 1 0.0000000
6 1 4 2 -0.0498384
6 1 4 3 0.0000000
6 1 4 4 -0.0000000
6 1 5 0 0.0000000
6 1 5 1 0.0000000
6 1 5 2 0.0231877
6 1 5 3 0.0000000
6 1 5 4 0.0000000
6 1 5 5 -0.0000000
6 1 6 0 0.0048215
6 1 6 1 0.0422645
6 1 6 2 0.0000000
6 1 6 3 -0.0117215
6 1 6 4 -0.0518084
6 1 6 5 0.0211332
6 1 6 6 0.0000000
6 2 0 0 -0.2540967
6 2 1 0 0.0060767
6 2 1 1 -0.0122881
6 2 2 0 -0.0000000
6 2 2 1 0.0000000
6 2 2 2 -0.0432578
6 2 3 0 -0.0012287
6 2 3 1 0.0203042
6 2 3 2 -0.0000000
6 2 3 3 -0.1089087
6 2 4 0 0.0028680
6 2 4 1 -0.0391722
6 2 4 2 -0.0000000
6 2 4 3 0.0583357
6 2 4 4 0.0337552
6 2 5 0 -0.0083710
6 2 5 1 0.0706691
6 2 5 2 -0.0000000
6 2 5 3 0.0323432
6 2 5 4 -0.0103106
6 2 5 5 -0.0516558
6 2 6 0 -0.0000000
6 2 6 1 0.0000000
6 2 6 2 0.1208043
6 2 6 3 -0.0000000
6 2 6 4 -0.0000000
6 2 6 5 0.0000000
6 2 6 6 -0.0448049
6 3 0 0 0.0000000
6 3 1 0 -0.0000000
6 3 1 1 0.0000000
6 3 2 0 0.0070474
6 3 2 1 0.0149603
6 3 2 2 -0.0000000
6 3 3 0 -0.0000000
6 3 3 1 -0.0000000
6 3 3 2 -0.0276459
6 3 3 3 0.0000000
6 3 4 0 -0.0000000
6 3 4 1 0.0000000
6 3 4 2 0.0088881
6 3 4 3 -0.0000000
6 3 4 4 -0.0000000
6 3 5 0 0.0000000
6 3 5 1 0.0000000
6 3 5 2 -0.0050778
6 3 5 3 -0.0000000
6 3 5 4 0.0000000
6 3 5 5 0.0000000
6 3 6 0 -0.0097557
6 3 6 1 -0.0117215
6 3 6 2 -0.0000000
6 3 6 3 0.0309197
6 3 6 4 -0.0103440
6 3 6 5 0.0016141
6 3 6 6 0.0000000
6 4 0 0 0.0000000
6 4 1 0 -0.0000000
6 4 1 1 0.0000000
6 4 2 0 -0.0072644
6 4 2 1 -0.0924165
6 4 2 2 -0.0000000
6 4 3 0 0.0000000
6 4 3 1 0.0000000
6 4 3 2 0.0374637
6 4 3 3 0.0000000
6 4 4 0 0.0000000
6 4 4 1 -0.0000000
6 4 4 2 0.0856901
6 4 4 3 -0.0000000
6 4 4 4 0.0000000
6 4 5 0 -0.0000000
6 4 5 1 0.0000000
6 4 5 2 -0.0169957
6 4 5 3 0.0000000
6 4 5 4 -0.0000000
6 4 5 5 0.0000000
6 4 6 0 0.0099390
6 4 6 1 -0.0518084
6 4 6 2 -0.0000000
6 4 6 3 -0.0103440
6 4 6 4 0.1115977
6 4 6 5 -0.0574021
6 4 6 6 -0.0000000
6 5 0 0 0.0000000
6 5 1 0 0.0000000
6 5 1 1 0.0000000
6 5 2 0 0.0074956
6 5 2 1 0.0595678
6 5 2 2 0.0000000
6 5 3 0 0.0000000
6 5 3 1 0.0000000
6 5 3 2 -0.0157853
6 5 3 3 0.0000000
6 5 4 0 -0.0000000
6 5 4 1 0.0000000
6 5 4 2 -0.0455357
6 5 4 3 0.0000000
6 5 4 4 -0.0000000
6 5 5 0 -0.0000000
6 5 5 1 -0.0000000
6 5 5 2 -0.0033117
6 5 5 3 0.0000000
6 5 5 4 0.0000000
6 5 5 5 0.0000000
6 5 6 0 -0.0098410
6 5 6 1 0.0211332
6 5 6 2 0.0000000
6 5 6 3 0.0016141
6 5 6 4 -0.0574021
6 5 6 5 0.0434962
6 5 6 6 0.0000000
6 6 0 0 0.7156378
6 6 1 0 -0.0055416
6 6 1 1 0.4980076
6 6 2 0 0.0000000
6 6 2 1 0.0000000
6 6 2 2 0.5303296
6 6 3 0 0.0041800
6 6 3 1 -0.0195457
6 6 3 2 -0.0000000
6 6 3 3 0.4934319
6 6 4 0 -0.0038031
6 6 4 1 -0.0195807
6 6 4 2 -0.0000000
6 6 4 3 -0.0287724
6 6 4 4 0.4790365
6 6 5 0 0.0060439
6 6 5 1 -0.0610509
6 6 5 2 0.0000000
6 6 5 3 -0.0239065
6 6 5 4 -0.0361443
6 6 5 5 0.5018295
6 6 6 0 -0.0000000
6 6 6 1 0.0000000
6 6 6 2 -0.0448049
6 6 6 3 0.0000000
6 6 6 4 -0.0000000
6 6 6 5 0.0000000
6 6 6 6 0.5525309
7 0 0 0 -0.0850733
7 0 1 0 0.0037129
7 0 1 1 -0.0067997
7 0 2 0 0.0000000
7 0 2 1 -0.0000000
7 0 2 2 -0.0005932
7 0 3 0 -0.0033840
7 0 3 1 0.0049597
7 0 3 2 0.0000000
7 0 3 3 -0.0045415
7 0 4 0 0.0032845
7 0 4 1 -0.0034666
7 0 4 2 -0.0000000
7 0 4 3 0.0025300
7 0 4 4 -0.0037059
7 0 5 0 -0.0054048
7 0 5 1 0.0043307
7 0 5 2 0.0000000
7 0 5 3 -0.0057846
7 0 5 4 0.0033656
7 0 5 5 -0.0048335
7 0 6 0 -0.0000000
7 0 6 1 0.0000000
7 0 6 2 -0.0016941
7 0 6 3 -0.0000000
7 0 6 4 0.0000000
7 0 6 5 -0.0000000
7 0 6 6 0.0005991
7 0 7 0 0.0112586
7 0 7 1 0.0014915
7 0 7 2 -0.0000000
7 0 7 3 -0.0026059
7 0 7 4 0.0014536
7 0 7 5 -0.0031681
7 0 7 6 -0.0000000
7 0 7 7 0.0059805
7 1 0 0 -0.0068132
7 1 1 0 -0.0007733
7 1 1 1 0.0000823
7 1 2 0 -0.0000000
7 1 2 1 -0.0000000
7 1 2 2 0.0056478
7 1 3 0 0.0032074
7 1 3 1 0.0070625
7 1 3 2 0.0000000
7 1 3 3 -0.0111061
7 1 4 0 -0.0014598
7 1 4 1 -0.0071432
7 1 4 2 0.0000000
7 1 4 3 0.0076708
7 1 4 4 0.0013244
7 1 5 0 -0.0006248
7 1 5 1 0.0024954
7 1 5 2 -0.0000000
7 1 5 3 -0.0048843
7 1 5 4 -0.0011553
7 1 5 5 0.0000515
7 1 6 0 0.0000000
7 1 6 1 0.0000000
7 1 6 2 0.0028539
7 1 6 3 -0.0000000
7 1 6 4 0.0000000
7 1 6 5 -0.0000000
7 1 6 6 0.0046692
7 1 7 0 0.0014915
7 1 7 1 0.0101722
7 1 7 2 0.0000000
7 1 7 3 0.0047554
7 1 7 4 0.0069370
7 1 7 5 -0.0004630
7 1 7 6 0.0000000
7 1 7 7 -0.0022900
7 2 0 0 -0.0000000
7 2 1 0 -0.0000000
7 2 1 1 -0.0000000
7 2 2 0 0.0049306
7 2 2 1 0.0222411
7 2 2 2 0.0000000
7 2 3 0 0.0000000
7 2 3 1 -0.0000000
7 2 3 2 -0.0120246
7 2 3 3 -0.0000000
7 2 4 0 -0.0000000
7 2 4 1 0.0000000
7 2 4 2 -0.0122854
7 2 4 3 0.0000000
7 2 4 4 -0.0000000
7 2 5 0 0.0000000
7 2 5 1 -0.0000000
7 2 5 2 -0.0044028
7 2 5 3 -0.0000000
7 2 5 4 0.0000000
7 2 5 5 -0.0000000
7 2 6 0 -0.0069301
7 2 6 1 0.0012542
7 2 6 2 0.0000000
7 2 6 3 0.0099311
7 2 6 4 -0.0181879
7 2 6 5 0.0127088
7 2 6 6 0.0000000
7 2 7 0 -0.0000000
7 2 7 1 0.0000000
7 2 7 2 0.0182238
7 2 7 3 0.0000000
7 2 7 4 -0.0000000
7 2 7 5 0.0000000
7 2 7 6 -0.0158464
7 2 7 7 0.0000000
7 3 0 0 -0.0079220
7 3 1 0 0.0043381
7 3 1 1 0.0264626
7 3 2 0 0.0000000
7 3 2 1 0.0000000
7 3 2 2 0.0008493
7 3 3 0 0.0025269
7 3 3 1 0.0028857
7 3 3 2 0.0000000
7 3 3 3 -0.0111388
7 3 4 0 0.0003821
7 3 4 1 0.0092533
7 3 4 2 0.0000000
7 3 4 3 0.0161916
7 3 4 4 0.0153027
7 3 5 0 -0.0080281
7 3 5 1 -0.0022700
7 3 5 2 -0.0000000
7 3 5 3 0.0185474
7 3 5 4 -0.0023688
7 3 5 5 0.0227078
7 3 6 0 -0.0000000
7 3 6 1 -0.0000000
7 3 6 2 0.0157347
7 3 6 3 0.0000000
7 3 6 4 -0.0000000
7 3 6 5 0.0000000
7 3 6 6 -0.0049388
7 3 7 0 -0.0026059
7 3 7 1 0.0047554
7 3 7 2 0.0000000
7 3 7 3 0.0264539
7 3 7 4 0.0010347
7 3 7 5 -0.0003531
7 3 7 6 0.0000000
7 3 7 7 0.0053921
7 4 0 0 0.0072512
7 4 1 0 -0.0021192
7 4 1 1 -0.0073718
7 4 2 0 -0.0000000
7 4 2 1 -0.0000000
7 4 2 2 -0.0037176
7 4 3 0 0.0000189
7 4 3 1 0.0010963
7 4 3 2 0.0000000
7 4 3 3 0.0053336
7 4 4 0 -0.0007300
7 4 4 1 0.0006521
7 4 4 2 -0.0000000
7 4 4 3 -0.0026503
7 4 4 4 -0.0044337
7 4 5 0 0.0032889
7 4 5 1 0.0020835
7 4 5 2 0.0000000
7 4 5 3 -0.0047062
7 4 5 4 0.0052393
7 4 5 5 -0.0038283
7 4 6 0 0.0000000
7 4 6 1 0.0000000
7 4 6 2 -0.0060129
7 4 6 3 -0.0000000
7 4 6 4 0.0000000
7 4 6 5 -0.0000000
7 4 6 6 0.0000192
7 4 7 0 0.0014536
7 4 7 1 0.0069370
7 4 7 2 -0.0000000
7 4 7 3 0.0010347
7 4 7 4 0.0177748
7 4 7 5 0.0146026
7 4 7 6 0.0000000
7 4 7 7 0.0057662
7 5 0 0 -0.0108151
7 5 1 0 0.0010968
7 5 1 1 -0.0027432
7 5 2 0 0.0000000
7 5 2 1 0.0000000
7 5 2 2 -0.0049822
7 5 3 0 -0.0078227
7 5 3 1 -0.0184597
7 5 3 2 -0.0000000
7 5 3 3 0.0160402
7 5 4 0 0.0032041
7 5 4 1 -0.0002379
7 5 4 2 -0.0000000
7 5 4 3 -0.0150322
7 5 4 4 0.0013838
7 5 5 0 0.0030414
7 5 5 1 0.0009711
7 5 5 2 -0.0000000
7 5 5 3 0.0071369
7 5 5 4 -0.0044540
7 5 5 5 -0.0156094
7 5 6 0 -0.0000000
7 5 6 1 -0.0000000
7 5 6 2 0.0034720
7 5 6 3 0.0000000
7 5 6 4 -0.0000000
7 5 6 5 -0.0000000
7 5 6 6 -0.0020619
7 5 7 0 -0.0031681
7 5 7 1 -0.0004630
7 5 7 2 0.0000000
7 5 7 3 -0.0003531
7 5 7 4 0.0146026
7 5 7 5 0.0327358
7 5 7 6 0.0000000
7 5 7 7 -0.0183918
7 6 0 0 -0.0000000
7 6 1 0 0.0000000
7 6 1 1 0.0000000
7 6 2 0 -0.0055371
7 6 2 1 -0.0123776
7 6 2 2 -0.0000000
7 6 3 0 -0.0000000
7 6 3 1 -0.0000000
7 6 3 2 0.0113451
7 6 3 3 0.0000000
7 6 4 0 0.0000000
7 6 4 1 0.0000000
7 6 4 2 0.0008577
7 6 4 3 -0.0000000
7 6 4 4 0.0000000
7 6 5 0 -0.0000000
7 6 5 1 -0.0000000
7 6 5 2 0.0064254
7 6 5 3 0.0000000
7 6 5 4 -0.0000000
7 6 5 5 0.0000000
7 6 6 0 0.0078421
7 6 6 1 0.0055081
7 6 6 2 0.0000000
7 6 6 3 -0.0122110
7 6 6 4 0.0074171
7 6 6 5 -0.0066124
7 6 6 6 -0.0000000
7 6 7 0 -0.0000000
7 6 7 1 0.0000000
7 6 7 2 -0.0158464
7 6 7 3 0.0000000
7 6 7 4 0.0000000
7 6 7 5 0.0000000
7 6 7 6 0.0198828
7 6 7 7 -0.0000000
7 7 0 0 0.5615270
7 7 1 0 -0.0064836
7 7 1 1 0.4327914
7 7 2 0 -0.0000000
7 7 2 1 0.0000000
7 7 2 2 0.4032684
7 7 3 0 0.0083565
7 7 3 1 0.0405547
7 7 3 2 0.0000000
7 7 3 3 0.4238609
7 7 4 0 -0.0052687
7 7 4 1 0.0517712
7 7 4 2 0.0000000
7 7 4 3 0.0197946
7 7 4 4 0.4119364
7 7 5 0 0.0047989
7 7 5 1 -0.0145981
7 7 5 2 0.0000000
7 7 5 3 0.0068516
7 7 5 4 0.0488111
7 7 5 5 0.4821821
7 7 6 0 0.0000000
7 7 6 1 -0.0000000
7 7 6 2 -0.0463939
7 7 6 3 0.0000000
7 7 6 4 0.0000000
7 7 6 5 0.0000000
7 7 6 6 0.4122296
7 7 7 0 0.0059805
7 7 7 1 -0.0022900
7 7 7 2 0.0000000
7 7 7 3 0.0053921
7 7 7 4 0.0057662
7 7 7 5 -0.0183918
7 7 7 6 -0.0000000
7 7 7 7 0.5146545
8 0 0 0 -0.0000000
8 0 1 0 -0.0000000
8 0 1 1 -0.0000000
8 0 2 0 0.0002449
8 0 2 1 0.0003090
8 0 2 2 0.0000000
8 0 3 0 -0.0000000
8 0 3 1 -0.0000000
8 0 3 2 -0.0001752
8 0 3 3 0.0000000
8 0 4 0 -0.0000000
8 0 4 1 -0.0000000
8 0 4 2 0.0000998
8 0 4 3 0.0000000
8 0 4 4 -0.0000000
8 0 5 0 0.0000000
8 0 5 1 0.0000000
8 0 5 2 -0.0002926
8 0 5 3 -0.0000000
8 0 5 4 0.0000000
8 0 5 5 -0.0000000
8 0 6 0 -0.0003417
8 0 6 1 -0.0002499
8 0 6 2 -0.0000000
8 0 6 3 0.0001927
8 0 6 4 -0.0000448
8 0 6 5 0.0002068
8 0 6 6 0.0000000
8 0 7 0 -0.0000000
8 0 7 1 -0.0000000
8 0 7 2 0.0001289
8 0 7 3 -0.0000000
8 0 7 4 -0.0000000
8 0 7 5 0.0000000
8 0 7 6 -0.0001572
8 0 7 7 0.0000000
8 0 8 0 0.0000107
8 0 8 1 -0.0000440
8 0 8 2 -0.0000000
8 0 8 3 -0.0000853
8 0 8 4 -0.0000862
8 0 8 5 -0.0002156
8 0 8 6 -0.0000000
8 0 8 7 -0.0000301
8 0 8 8 0.0000000
8 1 0 0 -0.0000000
8 1 1 0 -0.0000000
8 1 1 1 -0.0000000
8 1 2 0 0.0021109
8 1 2 1 0.0344091
8 1 2 2 0.0000000
8 1 3 0 -0.0000000
8 1 3 1 -0.0000000
8 1 3 2 -0.0084104
8 1 3 3 -0.0000000
8 1 4 0 -0.0000000
8 1 4 1 0.0000000
8 1 4 2 -0.0295750
8 1 4 3 0.0000000
8 1 4 4 -0.0000000
8 1 5 0 0.0000000
8 1 5 1 -0.0000000
8 1 5 2 0.0014898
8 1 5 3 0.0000000
8 1 5 4 0.0000000
8 1 5 5 -0.0000000
8 1 6 0 -0.0026970
8 1 6 1 0.0177295
8 1 6 2 0.0000000
8 1 6 3 0.0005485
8 1 6 4 -0.0357319
8 1 6 5 0.0202523
8 1 6 6 0.0000000
8 1 7 0 0.0000000
8 1 7 1 -0.0000000
8 1 7 2 0.0068631
8 1 7 3 -0.0000000
8 1 7 4 -0.0000000
8 1 7 5 0.0000000
8 1 7 6 -0.0011592
8 1 7 7 0.0000000
8 1 8 0 -0.0000440
8 1 8 1 0.0264184
8 1 8 2 0.0000000
8 1 8 3 0.0126819
8 1 8 4 0.0055200
8 1 8 5 0.0261849
8 1 8 6 0.0000000
8 1 8 7 -0.0003946
8 1 8 8 0.0000000
8 2 0 0 0.0339991
8 2 1 0 0.0001689
8 2 1 1 0.0185585
8 2 2 0 0.0000000
8 2 2 1 0.0000000
8 2 2 2 0.0294665
8 2 3 0 0.0003073
8 2 3 1 -0.0116078
8 2 3 2 -0.0000000
8 2 3 3 0.0156481
8 2 4 0 -0.0000345
8 2 4 1 -0.0180164
8 2 4 2 -0.0000000
8 2 4 3 -0.0126132
8 2 4 4 0.0110406
8 2 5 0 -0.0003514
8 2 5 1 -0.0186678
8 2 5 2 -0.0000000
8 2 5 3 -0.0139034
8 2 5 4 -0.0234755
8 2 5 5 0.0045457
8 2 6 0 -0.0000000
8 2 6 1 -0.0000000
8 2 6 2 -0.0026818
8 2 6 3 -0.0000000
8 2 6 4 -0.0000000
8 2 6 5 -0.0000000
8 2 6 6 0.0293890
8 2 7 0 -0.0000061
8 2 7 1 0.0026515
8 2 7 2 0.0000000
8 2 7 3 -0.0032512
8 2 7 4 -0.0013421
8 2 7 5 0.0010891
8 2 7 6 0.0000000
8 2 7 7 -0.0203868
8 2 8 0 -0.0000000
8 2 8 1 0.0000000
8 2 8 2 0.0207993
8 2 8 3 0.0000000
8 2 8 4 0.0000000
8 2 8 5 0.0000000
8 2 8 6 0.0165398
8 2 8 7 0.0000000
8 2 8 8 -0.0587339
8 3 0 0 -0.0000000
8 3 1 0 -0.0000000
8 3 1 1 -0.0000000
8 3 2 0 0.0002746
8 3 2 1 0.0068748
8 3 2 2 -0.0000000
8 3 3 0 -0.0000000
8 3 3 1 0.0000000
8 3 3 2 -0.0001484
8 3 3 3 -0.0000000
8 3 4 0 -0.0000000
8 3 4 1 0.0000000
8 3 4 2 -0.0071835
8 3 4 3 0.0000000
8 3 4 4 -0.0000000
8 3 5 0 0.0000000
8 3 5 1 0.0000000
8 3 5 2 -0.0008535
8 3 5 3 0.0000000
8 3 5 4 0.0000000
8 3 5 5 -0.0000000
8 3 6 0 -0.0003195
8 3 6 1 0.0041890
8 3 6 2 0.0000000
8 3 6 3 -0.0013702
8 3 6 4 -0.0080005
8 3 6 5 0.0038193
8 3 6 6 0.0000000
8 3 7 0 0.0000000
8 3 7 1 -0.0000000
8 3 7 2 0.0013594
8 3 7 3 0.0000000
8 3 7 4 0.0000000
8 3 7 5 -0.0000000
8 3 7 6 -0.0000450
8 3 7 7 0.0000000
8 3 8 0 -0.0000853
8 3 8 1 0.0126819
8 3 8 2 0.0000000
8 3 8 3 0.0090298
8 3 8 4 0.0088780
8 3 8 5 0.0158315
8 3 8 6 0.0000000
8 3 8 7 0.0011094
8 3 8 8 0.0000000
8 4 0 0 -0.0000000
8 4 1 0 0.0000000
8 4 1 1 0.0000000
8 4 2 0 -0.0003298
8 4 2 1 -0.0122090
8 4 2 2 -0.0000000
8 4 3 0 -0.0000000
8 4 3 1 0.0000000
8 4 3 2 0.0031620
8 4 3 3 -0.0000000
8 4 4 0 0.0000000
8 4 4 1 -0.0000000
8 4 4 2 0.0117468
8 4 4 3 -0.0000000
8 4 4 4 0.0000000
8 4 5 0 -0.0000000
8 4 5 1 0.0000000
8 4 5 2 -0.0062121
8 4 5 3 0.0000000
8 4 5 4 -0.0000000
8 4 5 5 0.0000000
8 4 6 0 0.0005434
8 4 6 1 -0.0094220
8 4 6 2 -0.0000000
8 4 6 3 -0.0004943
8 4 6 4 0.0141145
8 4 6 5 -0.0098685
8 4 6 6 -0.0000000
8 4 7 0 -0.0000000
8 4 7 1 0.0000000
8 4 7 2 -0.0016928
8 4 7 3 0.0000000
8 4 7 4 0.0000000
8 4 7 5 0.0000000
8 4 7 6 0.0009567
8 4 7 7 -0.0000000
8 4 8 0 -0.0000862
8 4 8 1 0.0055200
8 4 8 2 0.0000000
8 4 8 3 0.0088780
8 4 8 4 0.0168801
8 4 8 5 0.0121360
8 4 8 6 0.0000000
8 4 8 7 -0.0012293
8 4 8 8 -0.0000000
8 5 0 0 -0.0000000
8 5 1 0 -0.0000000
8 5 1 1 -0.0000000
8 5 2 0 0.0004424
8 5 2 1 0.0206606
8 5 2 2 -0.0000000
8 5 3 0 0.0000000
8 5 3 1 0.0000000
8 5 3 2 -0.0055478
8 5 3 3 0.0000000
8 5 4 0 -0.0000000
8 5 4 1 0.0000000
8 5 4 2 -0.0246499
8 5 4 3 0.0000000
8 5 4 4 -0.0000000
8 5 5 0 0.0000000
8 5 5 1 -0.0000000
8 5 5 2 0.0045141
8 5 5 3 0.0000000
8 5 5 4 0.0000000
8 5 5 5 -0.0000000
8 5 6 0 -0.0006035
8 5 6 1 0.0167864
8 5 6 2 0.0000000
8 5 6 3 -0.0015056
8 5 6 4 -0.0293847
8 5 6 5 0.0131012
8 5 6 6 0.0000000
8 5 7 0 0.0000000
8 5 7 1 -0.0000000
8 5 7 2 0.0039922
8 5 7 3 0.0000000
8 5 7 4 0.0000000
8 5 7 5 -0.0000000
8 5 7 6 0.0013637
8 5 7 7 0.0000000
8 5 8 0 -0.0002156
8 5 8 1 0.0261849
8 5 8 2 0.0000000
8 5 8 3 0.0158315
8 5 8 4 0.0121360
8 5 8 5 0.0334372
8 5 8 6 0.0000000
8 5 8 7 -0.0007692
8 5 8 8 0.0000000
8 6 0 0 0.0002432
8 6 1 0 0.0001960
8 6 1 1 0.0060451
8 6 2 0 0.0000000
8 6 2 1 0.0000000
8 6 2 2 0.0133582
8 6 3 0 -0.0003146
8 6 3 1 -0.0089071
8 6 3 2 -0.0000000
8 6 3 3 -0.0013123
8 6 4 0 0.0002592
8 6 4 1 -0.0197952
8 6 4 2 -0.0000000
8 6 4 3 -0.0065413
8 6 4 4 0.0077119
8 6 5 0 -0.0001103
8 6 5 1 -0.0048191
8 6 5 2 -0.0000000
8 6 5 3 -0.0080949
8 6 5 4 -0.0209294
8 6 5 5 -0.0081143
8 6 6 0 -0.0000000
8 6 6 1 0.0000000
8 6 6 2 0.0103355
8 6 6 3 -0.0000000
8 6 6 4 -0.0000000
8 6 6 5 0.0000000
8 6 6 6 0.0169759
8 6 7 0 -0.0001249
8 6 7 1 0.0024481
8 6 7 2 0.0000000
8 6 7 3 -0.0018015
8 6 7 4 -0.0005172
8 6 7 5 0.0032670
8 6 7 6 0.0000000
8 6 7 7 -0.0251564
8 6 8 0 -0.0000000
8 6 8 1 0.0000000
8 6 8 2 0.0165398
8 6 8 3 0.0000000
8 6 8 4 0.0000000
8 6 8 5 0.0000000
8 6 8 6 0.0157147
8 6 8 7 -0.0000000
8 6 8 8 -0.0439518
8 7 0 0 -0.0000000
8 7 1 0 -0.0000000
8 7 1 1 -0.0000000
8 7 2 0 0.0002691
8 7 2 1 0.0031499
8 7 2 2 0.0000000
8 7 3 0 -0.0000000
8 7 3 1 -0.0000000
8 7 3 2 -0.0014957
8 7 3 3 0.0000000
8 7 4 0 -0.0000000
8 7 4 1 0.0000000
8 7 4 2 -0.0019628
8 7 4 3 0.0000000
8 7 4 4 -0.0000000
8 7 5 0 0.0000000
8 7 5 1 -0.0000000
8 7 5 2 0.0007819
8 7 5 3 -0.0000000
8 7 5 4 0.0000000
8 7 5 5 -0.0000000
8 7 6 0 -0.0003254
8 7 6 1 0.0022192
8 7 6 2 0.0000000
8 7 6 3 0.0001521
8 7 6 4 -0.0025647
8 7 6 5 0.0026030
8 7 6 6 0.0000000
8 7 7 0 0.0000000
8 7 7 1 0.0000000
8 7 7 2 -0.0036099
8 7 7 3 0.0000000
8 7 7 4 -0.0000000
8 7 7 5 0.0000000
8 7 7 6 -0.0040084
8 7 7 7 -0.0000000
8 7 8 0 -0.0000301
8 7 8 1 -0.0003946
8 7 8 2 0.0000000
8 7 8 3 0.0011094
8 7 8 4 -0.0012293
8 7 8 5 -0.0007692
8 7 8 6 -0.0000000
8 7 8 7 0.0210482
8 7 8 8 0.0000000
8 8 0 0 0.3245190
8 8 1 0 0.0030690
8 8 1 1 0.4397590
8 8 2 0 0.0000000
8 8 2 1 0.0000000
8 8 2 2 0.3530697
8 8 3 0 0.0040711
8 8 3 1 0.0733280
8 8 3 2 0.0000000
8 8 3 3 0.3330805
8 8 4 0 -0.0007254
8 8 4 1 0.0592924
8 8 4 2 0.0000000
8 8 4 3 0.0888121
8 8 4 4 0.4446716
8 8 5 0 -0.0067932
8 8 5 1 0.0690701
8 8 5 2 0.0000000
8 8 5 3 0.0741778
8 8 5 4 0.0753965
8 8 5 5 0.4673803
8 8 6 0 -0.0000000
8 8 6 1 0.0000000
8 8 6 2 0.0511765
8 8 6 3 0.0000000
8 8 6 4 0.0000000
8 8 6 5 0.0000000
8 8 6 6 0.3540542
8 8 7 0 -0.0014011
8 8 7 1 -0.0020691
8 8 7 2 0.0000000
8 8 7 3 0.0302545
8 8 7 4 -0.0012737
8 8 7 5 -0.0108838
8 8 7 6 -0.0000000
8 8 7 7 0.4670423
8 8 8 0 0.0000000
8 8 8 1 0.0000000
8 8 8 2 -0.0587339
8 8 8 3 0.0000000
8 8 8 4 -0.0000000
8 8 8 5 0.0000000
8 8 8 6 -0.0439518
8 8 8 7 0.0000000
8 8 8 8 0.6728328
9 0 0 0 -0.0028045
9 0 1 0 0.0000978
9 0 1 1 -0.0003596
9 0 2 0 0.0000000
9 0 2 1 0.0000000
9 0 2 2 -0.0003812
9 0 3 0 -0.0001150
9 0 3 1 0.0001788
9 0 3 2 0.0000000
9 0 3 3 -0.0005031
9 0 4 0 0.0000863
9 0 4 1 -0.0000257
9 0 4 2 0.0000000
9 0 4 3 0.0002731
9 0 4 4 -0.0001018
9 0 5 0 -0.0001060
9 0 5 1 0.0004540
9 0 5 2 -0.0000000
9 0 5 3 0.0001512
9 0 5 4 0.0002271
9 0 5 5 -0.0004068
9 0 6 0 -0.0000000
9 0 6 1 0.0000000
9 0 6 2 0.0003011
9 0 6 3 -0.0000000
9 0 6 4 0.0000000
9 0 6 5 -0.0000000
9 0 6 6 -0.0004139
9 0 7 0 0.0001227
9 0 7 1 0.0000084
9 0 7 2 0.0000000
9 0 7 3 0.0000031
9 0 7 4 0.0000097
9 0 7 5 -0.0000345
9 0 7 6 -0.0000000
9 0 7 7 0.0000327
9 0 8 0 0.0000000
9 0 8 1 0.0000000
9 0 8 2 -0.0001432
9 0 8 3 0.0000000
9 0 8 4 -0.0000000
9 0 8 5 0.0000000
9 0 8 6 -0.0000843
9 0 8 7 -0.0000000
9 0 8 8 0.0004258
9 0 9 0 0.0000059
9 0 9 1 -0.0000151
9 0 9 2 -0.0000000
9 0 9 3 -0.0000773
9 0 9 4 -0.0001608
9 0 9 5 -0.0001130
9 0 9 6 -0.0000000
9 0 9 7 -0.0000183
9 0 9 8 0.0000000
9 0 9 9 0.0027318
9 1 0 0 -0.0047942
9 1 1 0 -0.0000900
9 1 1 1 -0.0027908
9 1 2 0 0.0000000
9 1 2 1 0.0000000
9 1 2 2 -0.0041055
9 1 3 0 0.0000121
9 1 3 1 0.0022203
9 1 3 2 0.0000000
9 1 3 3 -0.0021072
9 1 4 0 -0.0000316
9 1 4 1 0.0028567
9 1 4 2 0.0000000
9 1 4 3 0.0025472
9 1 4 4 -0.0005791
9 1 5 0 0.0001187
9 1 5 1 0.0031983
9 1 5 2 0.0000000
9 1 5 3 0.0021100
9 1 5 4 0.0042125
9 1 5 5 -0.0005450
9 1 6 0 0.0000000
9 1 6 1 0.0000000
9 1 6 2 -0.0000185
9 1 6 3 0.0000000
9 1 6 4 0.0000000
9 1 6 5 0.0000000
9 1 6 6 -0.0041705
9 1 7 0 0.0000752
9 1 7 1 -0.0003706
9 1 7 2 -0.0000000
9 1 7 3 -0.0001114
9 1 7 4 -0.0001851
9 1 7 5 -0.0006689
9 1 7 6 -0.0000000
9 1 7 7 0.0009879
9 1 8 0 -0.0000000
9 1 8 1 0.0000000
9 1 8 2 -0.0017991
9 1 8 3 0.0000000
9 1 8 4 0.0000000
9 1 8 5 0.0000000
9 1 8 6 -0.0015218
9 1 8 7 0.0000000
9 1 8 8 0.0031408
9 1 9 0 -0.0000151
9 1 9 1 0.0028435
9 1 9 2 0.0000000
9 1 9 3 0.0029060
9 1 9 4 0.0049819
9 1 9 5 0.0052093
9 1 9 6 0.0000000
9 1 9 7 -0.0007005
9 1 9 8 0.0000000
9 1 9 9 -0.0162864
9 2 0 0 -0.0000000
9 2 1 0 0.0000000
9 2 1 1 0.0000000
9 2 2 0 -0.0001418
9 2 2 1 -0.0021198
9 2 2 2 -0.0000000
9 2 3 0 0.0000000
9 2 3 1 0.0000000
9 2 3 2 0.0007255
9 2 3 3 -0.0000000
9 2 4 0 0.0000000
9 2 4 1 0.0000000
9 2 4 2 0.0021271
9 2 4 3 0.0000000
9 2 4 4 0.0000000
9 2 5 0 -0.0000000
9 2 5 1 0.0000000
9 2 5 2 0.0000927
9 2 5 3 0.0000000
9 2 5 4 -0.0000000
9 2 5 5 0.0000000
9 2 6 0 0.0001772
9 2 6 1 -0.0010304
9 2 6 2 -0.0000000
9 2 6 3 0.0000894
9 2 6 4 0.0024907
9 2 6 5 -0.0011022
9 2 6 6 -0.0000000
9 2 7 0 0.0000000
9 2 7 1 0.0000000
9 2 7 2 -0.0003570
9 2 7 3 -0.0000000
9 2 7 4 -0.0000000
9 2 7 5 -0.0000000
9 2 7 6 0.0000086
9 2 7 7 -0.0000000
9 2 8 0 0.0000022
9 2 8 1 -0.0017876
9 2 8 2 -0.0000000
9 2 8 3 -0.0010991
9 2 8 4 -0.0011129
9 2 8 5 -0.0020749
9 2 8 6 -0.0000000
9 2 8 7 -0.0000220
9 2 8 8 -0.0000000
9 2 9 0 -0.0000000
9 2 9 1 0.0000000
9 2 9 2 0.0013482
9 2 9 3 0.0000000
9 2 9 4 0.0000000
9 2 9 5 0.0000000
9 2 9 6 0.0012639
9 2 9 7 -0.0000000
9 2 9 8 -0.0041525
9 2 9 9 -0.0000000
9 3 0 0 -0.0000035
9 3 1 0 0.0000533
9 3 1 1 0.0005481
9 3 2 0 0.0000000
9 3 2 1 0.0000000
9 3 2 2 -0.0003585
9 3 3 0 -0.0000486
9 3 3 1 0.0002937
9 3 3 2 0.0000000
9 3 3 3 0.0005183
9 3 4 0 0.0000392
9 3 4 1 0.0010353
9 3 4 2 -0.0000000
9 3 4 3 0.0006098
9 3 4 4 0.0008622
9 3 5 0 -0.0000424
9 3 5 1 0.0002277
9 3 5 2 0.0000000
9 3 5 3 0.0006937
9 3 5 4 0.0007391
9 3 5 5 0.0004059
9 3 6 0 -0.0000000
9 3 6 1 0.0000000
9 3 6 2 -0.0002992
9 3 6 3 0.0000000
9 3 6 4 -0.0000000
9 3 6 5 0.0000000
9 3 6 6 -0.0004526
9 3 7 0 -0.0000510
9 3 7 1 0.0000757
9 3 7 2 0.0000000
9 3 7 3 0.0000199
9 3 7 4 0.0000403
9 3 7 5 0.0002711
9 3 7 6 0.0000000
9 3 7 7 -0.0021299
9 3 8 0 -0.0000000
9 3 8 1 0.0000000
9 3 8 2 0.0007036
9 3 8 3 0.0000000
9 3 8 4 0.0000000
9 3 8 5 0.0000000
9 3 8 6 0.0005618
9 3 8 7 0.0000000
9 3 8 8 -0.0028203
9 3 9 0 -0.0000773
9 3 9 1 0.0029060
9 3 9 2 0.0000000
9 3 9 3 0.0043364
9 3 9 4 0.0079205
9 3 9 5 0.0069597
9 3 9 6 0.0000000
9 3 9 7 0.0006027
9 3 9 8 0.0000000
9 3 9 9 -0.0660447
9 4 0 0 0.0010971
9 4 1 0 -0.0000127
9 4 1 1 0.0014504
9 4 2 0 0.0000000
9 4 2 1 -0.0000000
9 4 2 2 0.0011171
9 4 3 0 0.0000669
9 4 3 1 0.0002666
9 4 3 2 0.0000000
9 4 3 3 0.0007533
9 4 4 0 -0.0000060
9 4 4 1 -0.0004924
9 4 4 2 0.0000000
9 4 4 3 0.0002812
9 4 4 4 0.0017697
9 4 5 0 -0.0000058
9 4 5 1 -0.0003044
9 4 5 2 -0.0000000
9 4 5 3 -0.0005579
9 4 5 4 -0.0009608
9 4 5 5 0.0000747
9 4 6 0 0.0000000
9 4 6 1 -0.0000000
9 4 6 2 0.0000434
9 4 6 3 -0.0000000
9 4 6 4 -0.0000000
9 4 6 5 -0.0000000
9 4 6 6 0.0013970
9 4 7 0 0.0000492
9 4 7 1 0.0003423
9 4 7 2 -0.0000000
9 4 7 3 -0.0008465
9 4 7 4 -0.0003991
9 4 7 5 -0.0000577
9 4 7 6 0.0000000
9 4 7 7 -0.0056349
9 4 8 0 0.0000000
9 4 8 1 -0.0000000
9 4 8 2 0.0028477
9 4 8 3 -0.0000000
9 4 8 4 0.0000000
9 4 8 5 -0.0000000
9 4 8 6 0.0025046
9 4 8 7 -0.0000000
9 4 8 8 -0.0082039
9 4 9 0 -0.0001608
9 4 9 1 0.0049819
9 4 9 2 0.0000000
9 4 9 3 0.0079205
9 4 9 4 0.0152105
9 4 9 5 0.0128000
9 4 9 6 0.0000000
9 4 9 7 -0.0004911
9 4 9 8 -0.0000000
9 4 9 9 -0.1484428
9 5 0 0 0.0030756
9 5 1 0 0.0000998
9 5 1 1 0.0028610
9 5 2 0 0.0000000
9 5 2 1 0.0000000
9 5 2 2 0.0001033
9 5 3 0 0.0001165
9 5 3 1 0.0017214
9 5 3 2 0.0000000
9 5 3 3 0.0026151
9 5 4 0 -0.0000030
9 5 4 1 0.0034835
9 5 4 2 -0.0000000
9 5 4 3 0.0015807
9 5 4 4 0.0024002
9 5 5 0 -0.0001812
9 5 5 1 -0.0003081
9 5 5 2 0.0000000
9 5 5 3 0.0011056
9 5 5 4 0.0026212
9 5 5 5 0.0036107
9 5 6 0 -0.0000000
9 5 6 1 0.0000000
9 5 6 2 -0.0017660
9 5 6 3 0.0000000
9 5 6 4 -0.0000000
9 5 6 5 0.0000000
9 5 6 6 -0.0003997
9 5 7 0 -0.0000414
9 5 7 1 -0.0002280
9 5 7 2 0.0000000
9 5 7 3 -0.0003365
9 5 7 4 -0.0004558
9 5 7 5 -0.0004783
9 5 7 6 -0.0000000
9 5 7 7 -0.0009182
9 5 8 0 -0.0000000
9 5 8 1 0.0000000
9 5 8 2 0.0007643
9 5 8 3 0.0000000
9 5 8 4 0.0000000
9 5 8 5 0.0000000
9 5 8 6 0.0002627
9 5 8 7 0.0000000
9 5 8 8 -0.0031473
9 5 9 0 -0.0001130
9 5 9 1 0.0052093
9 5 9 2 0.0000000
9 5 9 3 0.0069597
9 5 9 4 0.0128000
9 5 9 5 0.0118042
9 5 9 6 0.0000000
9 5 9 7 -0.0008847
9 5 9 8 0.0000000
9 5 9 9 -0.0951245
9 6 0 0 0.0000000
9 6 1 0 0.0000000
9 6 1 1 0.0000000
9 6 2 0 -0.0000712
9 6 2 1 -0.0021102
9 6 2 2 -0.0000000
9 6 3 0 0.0000000
9 6 3 1 0.0000000
9 6 3 2 0.0007046
9 6 3 3 0.0000000
9 6 4 0 0.0000000
9 6 4 1 0.0000000
9 6 4 2 0.0025022
9 6 4 3 0.0000000
9 6 4 4 0.0000000
9 6 5 0 -0.0000000
9 6 5 1 0.0000000
9 6 5 2 -0.0003431
9 6 5 3 0.0000000
9 6 5 4 0.0000000
9 6 5 5 0.0000000
9 6 6 0 0.0000940
9 6 6 1 -0.0015361
9 6 6 2 -0.0000000
9 6 6 3 0.0001516
9 6 6 4 0.0029694
9 6 6 5 -0.0012560
9 6 6 6 -0.0000000
9 6 7 0 -0.0000000
9 6 7 1 -0.0000000
9 6 7 2 -0.0004282
9 6 7 3 0.0000000
9 6 7 4 -0.0000000
9 6 7 5 -0.0000000
9 6 7 6 0.0000314
9 6 7 7 0.0000000
9 6 8 0 0.0000114
9 6 8 1 -0.0019611
9 6 8 2 -0.0000000
9 6 8 3 -0.0011777
9 6 8 4 -0.0010014
9 6 8 5 -0.0024504
9 6 8 6 -0.0000000
9 6 8 7 -0.0001149
9 6 8 8 0.0000000
9 6 9 0 -0.0000000
9 6 9 1 0.0000000
9 6 9 2 0.0012639
9 6 9 3 0.0000000
9 6 9 4 0.0000000
9 6 9 5 0.0000000
9 6 9 6 0.0012089
9 6 9 7 -0.0000000
9 6 9 8 -0.0037678
9 6 9 9 -0.0000000
9 7 0 0 0.0009793
9 7 1 0 -0.0000850
9 7 1 1 -0.0008597
9 7 2 0 -0.0000000
9 7 2 1 -0.0000000
9 7 2 2 -0.0002128
9 7 3 0 0.0000325
9 7 3 1 0.0002797
9 7 3 2 0.0000000
9 7 3 3 0.0003482
9 7 4 0 -0.0000436
9 7 4 1 0.0001636
9 7 4 2 -0.0000000
9 7 4 3 0.0000696
9 7 4 4 -0.0003807
9 7 5 0 0.0000839
9 7 5 1 -0.0003510
9 7 5 2 0.0000000
9 7 5 3 -0.0001066
9 7 5 4 0.0004276
9 7 5 5 -0.0001136
9 7 6 0 0.0000000
9 7 6 1 -0.0000000
9 7 6 2 -0.0007370
9 7 6 3 0.0000000
9 7 6 4 0.0000000
9 7 6 5 -0.0000000
9 7 6 6 -0.0002831
9 7 7 0 0.0000534
9 7 7 1 0.0009284
9 7 7 2 0.0000000
9 7 7 3 0.0007996
9 7 7 4 0.0018639
9 7 7 5 0.0013913
9 7 7 6 0.0000000
9 7 7 7 0.0001770
9 7 8 0 0.0000000
9 7 8 1 0.0000000
9 7 8 2 -0.0002539
9 7 8 3 0.0000000
9 7 8 4 -0.0000000
9 7 8 5 0.0000000
9 7 8 6 -0.0003920
9 7 8 7 0.0000000
9 7 8 8 -0.0000624
9 7 9 0 -0.0000183
9 7 9 1 -0.0007005
9 7 9 2 -0.0000000
9 7 9 3 0.0006027
9 7 9 4 -0.0004911
9 7 9 5 -0.0008847
9 7 9 6 -0.0000000
9 7 9 7 0.0091562
9 7 9 8 -0.0000000
9 7 9 9 0.0149379
9 8 0 0 0.0000000
9 8 1 0 0.0000000
9 8 1 1 0.0000000
9 8 2 0 -0.0001081
9 8 2 1 -0.0032483
9 8 2 2 -0.0000000
9 8 3 0 0.0000000
9 8 3 1 0.0000000
9 8 3 2 0.0002053
9 8 3 3 -0.0000000
9 8 4 0 0.0000000
9 8 4 1 -0.0000000
9 8 4 2 0.0018912
9 8 4 3 -0.0000000
9 8 4 4 0.0000000
9 8 5 0 -0.0000000
9 8 5 1 0.0000000
9 8 5 2 -0.0016053
9 8 5 3 0.0000000
9 8 5 4 -0.0000000
9 8 5 5 0.0000000
9 8 6 0 0.0001545
9 8 6 1 -0.0025075
9 8 6 2 -0.0000000
9 8 6 3 -0.0004993
9 8 6 4 0.0026586
9 8 6 5 -0.0028948
9 8 6 6 -0.0000000
9 8 7 0 0.0000000
9 8 7 1 0.0000000
9 8 7 2 -0.0004590
9 8 7 3 0.0000000
9 8 7 4 0.0000000
9 8 7 5 -0.0000000
9 8 7 6 0.0000583
9 8 7 7 -0.0000000
9 8 8 0 0.0000159
9 8 8 1 0.0001589
9 8 8 2 0.0000000
9 8 8 3 0.0014848
9 8 8 4 0.0042654
9 8 8 5 0.0012824
9 8 8 6 -0.0000000
9 8 8 7 -0.0004312
9 8 8 8 -0.0000000
9 8 9 0 0.0000000
9 8 9 1 0.0000000
9 8 9 2 -0.0041525
9 8 9 3 0.0000000
9 8 9 4 -0.0000000
9 8 9 5 0.0000000
9 8 9 6 -0.0037678
9 8 9 7 -0.0000000
9 8 9 8 0.0145315
9 8 9 9 -0.0000000
9 9 0 0 0.3431400
9 9 1 0 0.0037470
9 9 1 1 0.5022114
9 9 2 0 0.0000000
9 9 2 1 0.0000000
9 9 2 2 0.3705876
9 9 3 0 0.0047491
9 9 3 1 0.1196062
9 9 3 2 0.0000000
9 9 3 3 0.3886349
9 9 4 0 -0.0012549
9 9 4 1 0.1351893
9 9 4 2 0.0000000
9 9 4 3 0.1580787
9 9 4 4 0.5568190
9 9 5 0 -0.0083557
9 9 5 1 0.1216585
9 9 5 2 0.0000000
9 9 5 3 0.1372690
9 9 5 4 0.1837821
9 9 5 5 0.5896180
9 9 6 0 -0.0000000
9 9 6 1 0.0000000
9 9 6 2 0.0550805
9 9 6 3 0.0000000
9 9 6 4 0.0000000
9 9 6 5 0.0000000
9 9 6 6 0.3649819
9 9 7 0 -0.0020305
9 9 7 1 -0.0095856
9 9 7 2 0.0000000
9 9 7 3 0.0469060
9 9 7 4 0.0045787
9 9 7 5 -0.0160098
9 9 7 6 -0.0000000
9 9 7 7 0.6182418
9 9 8 0 0.0000000
9 9 8 1 0.0000000
9 9 8 2 -0.1070506
9 9 8 3 0.0000000
9 9 8 4 -0.0000000
9 9 8 5 0.0000000
9 9 8 6 -0.0918983
9 9 8 7 0.0000000
9 9 8 8 0.8416887
9 9 9 0 0.0027318
9 9 9 1 -0.0162864
9 9 9 2 -0.0000000
9 9 9 3 -0.0660447
9 9 9 4 -0.1484428
9 9 9 5 -0.0951245
9 9 9 6 -0.0000000
9 9 9 7 0.0149379
9 9 9 8 -0.0000000
9 9 9 9 3.4993852
10 0 0 0 0.0250964
10 0 1 0 -0.0009818
10 0 1 1 0.0026297
10 0 2 0 -0.0000000
10 0 2 1 0.0000000
10 0 2 2 0.0012823
10 0 3 0 0.0009448
10 0 3 1 -0.0015362
10 0 3 2 -0.0000000
10 0 3 3 0.0025136
10 0 4 0 -0.0008724
10 0 4 1 0.0009230
10 0 4 2 -0.0000000
10 0 4 3 -0.0012371
10 0 4 4 0.0012877
10 0 5 0 0.0013663
10 0 5 1 -0.0021397
10 0 5 2 -0.0000000
10 0 5 3 0.0009300
10 0 5 4 -0.0012225
10 0 5 5 0.0023455
10 0 6 0 0.0000000
10 0 6 1 -0.0000000
10 0 6 2 -0.0004572
10 0 6 3 0.0000000
10 0 6 4 -0.0000000
10 0 6 5 0.0000000
10 0 6 6 0.0010778
10 0 7 0 -0.0027168
10 0 7 1 -0.0003985
10 0 7 2 -0.0000000
10 0 7 3 0.0005157
10 0 7 4 -0.0004519
10 0 7 5 0.0007281
10 0 7 6 0.0000000
10 0 7 7 -0.0012114
10 0 8 0 -0.0000000
10 0 8 1 -0.0000000
10 0 8 2 0.0003478
10 0 8 3 -0.0000000
10 0 8 4 0.0000000
10 0 8 5 -0.0000000
10 0 8 6 0.0001989
10 0 8 7 0.0000000
10 0 8 8 -0.0006587
10 0 9 0 -0.0000359
10 0 9 1 -0.0000596
10 0 9 2 -0.0000000
10 0 9 3 0.0000154
10 0 9 4 0.0000128
10 0 9 5 0.0000244
10 0 9 6 0.0000000
10 0 9 7 -0.0000114
10 0 9 8 0.0000000
10 0 9 9 -0.0008069
10 0 10 0 0.0006750
10 0 10 1 0.0005178
10 0 10 2 0.0000000
10 0 10 3 -0.0000981
10 0 10 4 0.0001908
10 0 10 5 -0.0000588
10 0 10 6 -0.0000000
10 0 10 7 -0.0000143
10 0 10 8 0.0000000
10 0 10 9 -0.0000062
10 0 10 10 -0.0010814
10 1 0 0 0.0331098
10 1 1 0 0.0009587
10 1 1 1 0.0324319
10 1 2 0 0.0000000
10 1 2 1 0.0000000
10 1 2 2 0.0250859
10 1 3 0 -0.0006488
10 1 3 1 -0.0052294
10 1 3 2 -0.0000000
10 1 3 3 0.0257381
10 1 4 0 0.0005266
10 1 4 1 -0.0002101
10 1 4 2 -0.0000000
10 1 4 3 -0.0034506
10 1 4 4 0.0257540
10 1 5 0 -0.0009641
10 1 5 1 -0.0114442
10 1 5 2 -0.0000000
10 1 5 3 -0.0006399
10 1 5 4 -0.0083899
10 1 5 5 0.0220681
10 1 6 0 -0.0000000
10 1 6 1 -0.0000000
10 1 6 2 -0.0005248
10 1 6 3 0.0000000
10 1 6 4 -0.0000000
10 1 6 5 -0.0000000
10 1 6 6 0.0252721
10 1 7 0 -0.0009259
10 1 7 1 0.0009232
10 1 7 2 0.0000000
10 1 7 3 0.0004423
10 1 7 4 -0.0001006
10 1 7 5 0.0052212
10 1 7 6 0.0000000
10 1 7 7 -0.0023560
10 1 8 0 -0.0000000
10 1 8 1 -0.0000000
10 1 8 2 0.0113325
10 1 8 3 -0.0000000
10 1 8 4 0.0000000
10 1 8 5 -0.0000000
10 1 8 6 0.0095165
10 1 8 7 -0.0000000
10 1 8 8 -0.0117014
10 1 9 0 -0.0001150
10 1 9 1 -0.0010572
10 1 9 2 0.0000000
10 1 9 3 0.0013215
10 1 9 4 0.0036085
10 1 9 5 0.0020330
10 1 9 6 -0.0000000
10 1 9 7 -0.0003126
10 1 9 8 0.0000000
10 1 9 9 -0.0406757
10 1 10 0 0.0005178
10 1 10 1 0.0212798
10 1 10 2 0.0000000
10 1 10 3 0.0101024
10 1 10 4 0.0112069
10 1 10 5 0.0200771
10 1 10 6 0.0000000
10 1 10 7 -0.0016660
10 1 10 8 0.0000000
10 1 10 9 -0.0001905
10 1 10 10 -0.0532913
10 2 0 0 0.0000000
10 2 1 0 0.0000000
10 2 1 1 0.0000000
10 2 2 0 -0.0007017
10 2 2 1 0.0000028
10 2 2 2 0.0000000
10 2 3 0 -0.0000000
10 2 3 1 -0.0000000
10 2 3 2 0.0008142
10 2 3 3 0.0000000
10 2 4 0 0.0000000
10 2 4 1 0.0000000
10 2 4 2 -0.0007212
10 2 4 3 -0.0000000
10 2 4 4 0.0000000
10 2 5 0 -0.0000000
10 2 5 1 -0.0000000
10 2 5 2 0.0015094
10 2 5 3 0.0000000
10 2 5 4 -0.0000000
10 2 5 5 0.0000000
10 2 6 0 0.0010069
10 2 6 1 0.0016369
10 2 6 2 0.0000000
10 2 6 3 -0.0017633
10 2 6 4 -0.0004990
10 2 6 5 0.0001683
10 2 6 6 0.0000000
10 2 7 0 -0.0000000
10 2 7 1 0.0000000
10 2 7 2 -0.0034363
10 2 7 3 0.0000000
10 2 7 4 0.0000000
10 2 7 5 0.0000000
10 2 7 6 0.0032443
10 2 7 7 0.0000000
10 2 8 0 0.0000853
10 2 8 1 -0.0002558
10 2 8 2 0.0000000
10 2 8 3 -0.0021218
10 2 8 4 -0.0041841
10 2 8 5 -0.0037508
10 2 8 6 0.0000000
10 2 8 7 0.0006548
10 2 8 8 -0.0000000
10 2 9 0 -0.0000000
10 2 9 1 -0.0000000
10 2 9 2 0.0004495
10 2 9 3 0.0000000
10 2 9 4 0.0000000
10 2 9 5 0.0000000
10 2 9 6 0.0005655
10 2 9 7 -0.0000000
10 2 9 8 -0.0008945
10 2 9 9 -0.0000000
10 2 10 0 0.0000000
10 2 10 1 0.0000000
10 2 10 2 0.0068686
10 2 10 3 0.0000000
10 2 10 4 0.0000000
10 2 10 5 0.0000000
10 2 10 6 0.0042961
10 2 10 7 0.0000000
10 2 10 8 -0.0228313
10 2 10 9 0.0000000
10 2 10 10 -0.0000000
10 3 0 0 0.0093818
10 3 1 0 -0.0007145
10 3 1 1 0.0093318
10 3 2 0 -0.0000000
10 3 2 1 0.0000000
10 3 2 2 0.0080157
10 3 3 0 -0.0002507
10 3 3 1 0.0032656
10 3 3 2 0.0000000
10 3 3 3 0.0109306
10 3 4 0 -0.0001503
10 3 4 1 0.0017453
10 3 4 2 0.0000000
10 3 4 3 0.0022317
10 3 4 4 0.0124826
10 3 5 0 0.0012564
10 3 5 1 0.0019590
10 3 5 2 0.0000000
10 3 5 3 -0.0006863
10 3 5 4 0.0040916
10 3 5 5 0.0084924
10 3 6 0 0.0000000
10 3 6 1 0.0000000
10 3 6 2 -0.0015103
10 3 6 3 -0.0000000
10 3 6 4 0.0000000
10 3 6 5 -0.0000000
10 3 6 6 0.0095063
10 3 7 0 0.0004646
10 3 7 1 0.0014668
10 3 7 2 0.0000000
10 3 7 3 -0.0024623
10 3 7 4 0.0050540
10 3 7 5 0.0045572
10 3 7 6 0.0000000
10 3 7 7 0.0070905
10 3 8 0 -0.0000000
10 3 8 1 -0.0000000
10 3 8 2 0.0024084
10 3 8 3 -0.0000000
10 3 8 4 0.0000000
10 3 8 5 -0.0000000
10 3 8 6 0.0023813
10 3 8 7 -0.0000000
10 3 8 8 0.0047046
10 3 9 0 -0.0000272
10 3 9 1 0.0001415
10 3 9 2 0.0000000
10 3 9 3 0.0010603
10 3 9 4 0.0024136
10 3 9 5 0.0017053
10 3 9 6 0.0000000
10 3 9 7 0.0001786
10 3 9 8 0.0000000
10 3 9 9 -0.0067699
10 3 10 0 -0.0000981
10 3 10 1 0.0101024
10 3 10 2 0.0000000
10 3 10 3 0.0092636
10 3 10 4 0.0091138
10 3 10 5 0.0128370
10 3 10 6 0.0000000
10 3 10 7 0.0096554
10 3 10 8 0.0000000
10 3 10 9 0.0012220
10 3 10 10 -0.0153645
10 4 0 0 0.0132583
10 4 1 0 0.0010069
10 4 1 1 0.0228902
10 4 2 0 0.0000000
10 4 2 1 0.0000000
10 4 2 2 0.0092612
10 4 3 0 0.0001065
10 4 3 1 0.0051418
10 4 3 2 0.0000000
10 4 3 3 0.0148630
10 4 4 0 0.0002205
10 4 4 1 0.0121735
10 4 4 2 0.0000000
10 4 4 3 0.0078558
10 4 4 4 0.0200601
10 4 5 0 -0.0015244
10 4 5 1 -0.0005574
10 4 5 2 0.0000000
10 4 5 3 0.0080862
10 4 5 4 0.0084522
10 4 5 5 0.0225793
10 4 6 0 -0.0000000
10 4 6 1 -0.0000000
10 4 6 2 -0.0010856
10 4 6 3 0.0000000
10 4 6 4 0.0000000
10 4 6 5 0.0000000
10 4 6 6 0.0068552
10 4 7 0 -0.0007812
10 4 7 1 0.0008788
10 4 7 2 0.0000000
10 4 7 3 0.0058049
10 4 7 4 0.0032870
10 4 7 5 0.0029466
10 4 7 6 -0.0000000
10 4 7 7 0.0175166
10 4 8 0 0.0000000
10 4 8 1 0.0000000
10 4 8 2 -0.0011972
10 4 8 3 0.0000000
10 4 8 4 -0.0000000
10 4 8 5 0.0000000
10 4 8 6 -0.0014395
10 4 8 7 0.0000000
10 4 8 8 0.0222905
10 4 9 0 -0.0000366
10 4 9 1 0.0008023
10 4 9 2 0.0000000
10 4 9 3 0.0016643
10 4 9 4 0.0030048
10 4 9 5 0.0029136
10 4 9 6 0.0000000
10 4 9 7 0.0002223
10 4 9 8 -0.0000000
10 4 9 9 0.0159587
10 4 10 0 0.0001908
10 4 10 1 0.0112069
10 4 10 2 0.0000000
10 4 10 3 0.0091138
10 4 10 4 0.0136075
10 4 10 5 0.0147862
10 4 10 6 0.0000000
10 4 10 7 0.0117994
10 4 10 8 -0.0000000
10 4 10 9 0.0030785
10 4 10 10 -0.0002893
10 5 0 0 0.0148219
10 5 1 0 -0.0001124
10 5 1 1 0.0213417
10 5 2 0 -0.0000000
10 5 2 1 -0.0000000
10 5 2 2 0.0172987
10 5 3 0 0.0019365
10 5 3 1 0.0061536
10 5 3 2 0.0000000
10 5 3 3 0.0096996
10 5 4 0 -0.0007551
10 5 4 1 -0.0012586
10 5 4 2 0.0000000
10 5 4 3 0.0080201
10 5 4 4 0.0233454
10 5 5 0 -0.0010514
10 5 5 1 -0.0002256
10 5 5 2 -0.0000000
10 5 5 3 -0.0006284
10 5 5 4 -0.0005891
10 5 5 5 0.0186444
10 5 6 0 0.0000000
10 5 6 1 -0.0000000
10 5 6 2 0.0035569
10 5 6 3 -0.0000000
10 5 6 4 0.0000000
10 5 6 5 -0.0000000
10 5 6 6 0.0182803
10 5 7 0 0.0007391
10 5 7 1 0.0043647
10 5 7 2 -0.0000000
10 5 7 3 0.0026009
10 5 7 4 0.0009215
10 5 7 5 -0.0025013
10 5 7 6 0.0000000
10 5 7 7 0.0064401
10 5 8 0 -0.0000000
10 5 8 1 -0.0000000
10 5 8 2 0.0070600
10 5 8 3 -0.0000000
10 5 8 4 0.0000000
10 5 8 5 -0.0000000
10 5 8 6 0.0067159
10 5 8 7 -0.0000000
10 5 8 8 0.0065219
10 5 9 0 -0.0000661
10 5 9 1 -0.0000190
10 5 9 2 0.0000000
10 5 9 3 0.0019761
10 5 9 4 0.0048937
10 5 9 5 0.0031364
10 5 9 6 0.0000000
10 5 9 7 -0.0001336
10 5 9 8 0.0000000
10 5 9 9 -0.0294716
10 5 10 0 -0.0000588
10 5 10 1 0.0200771
10 5 10 2 0.0000000
10 5 10 3 0.0128370
10 5 10 4 0.0147862
10 5 10 5 0.0265740
10 5 10 6 0.0000000
10 5 10 7 0.0030117
10 5 10 8 0.0000000
10 5 10 9 0.0001852
10 5 10 10 -0.0436003
10 6 0 0 0.0000000
10 6 1 0 -0.0000000
10 6 1 1 0.0000000
10 6 2 0 0.0013276
10 6 2 1 0.0084530
10 6 2 2 0.0000000
10 6 3 0 0.0000000
10 6 3 1 0.0000000
10 6 3 2 -0.0040441
10 6 3 3 0.0000000
10 6 4 0 -0.0000000
10 6 4 1 -0.0000000
10 6 4 2 -0.0061148
10 6 4 3 0.0000000
10 6 4 4 0.0000000
10 6 5 0 0.0000000
10 6 5 1 -0.0000000
10 6 5 2 0.0007299
10 6 5 3 -0.0000000
10 6 5 4 0.0000000
10 6 5 5 -0.0000000
10 6 6 0 -0.0019111
10 6 6 1 0.0032361
10 6 6 2 0.0000000
10 6 6 3 0.0024257
10 6 6 4 -0.0089616
10 6 6 5 0.0056578
10 6 6 6 0.0000000
10 6 7 0 0.0000000
10 6 7 1 0.0000000
10 6 7 2 0.0043836
10 6 7 3 -0.0000000
10 6 7 4 -0.0000000
10 6 7 5 0.0000000
10 6 7 6 -0.0045376
10 6 7 7 -0.0000000
10 6 8 0 0.0000990
10 6 8 1 0.0031280
10 6 8 2 0.0000000
10 6 8 3 -0.0007423
10 6 8 4 -0.0044517
10 6 8 5 -0.0003789
10 6 8 6 0.0000000
10 6 8 7 0.0013582
10 6 8 8 -0.0000000
10 6 9 0 -0.0000000
10 6 9 1 -0.0000000
10 6 9 2 0.0002980
10 6 9 3 0.0000000
10 6 9 4 0.0000000
10 6 9 5 0.0000000
10 6 9 6 0.0002862
10 6 9 7 -0.0000000
10 6 9 8 -0.0014379
10 6 9 9 -0.0000000
10 6 10 0 -0.0000000
10 6 10 1 0.0000000
10 6 10 2 0.0042961
10 6 10 3 0.0000000
10 6 10 4 0.0000000
10 6 10 5 0.0000000
10 6 10 6 0.0058042
10 6 10 7 -0.0000000
10 6 10 8 -0.0157939
10 6 10 9 -0.0000000
10 6 10 10 -0.0000000
10 7 0 0 -0.0551941
10 7 1 0 0.0026204
10 7 1 1 0.0070394
10 7 2 0 0.0000000
10 7 2 1 0.0000000
10 7 2 2 -0.0125396
10 7 3 0 -0.0015661
10 7 3 1 0.0036806
10 7 3 2 0.0000000
10 7 3 3 -0.0172410
10 7 4 0 0.0012659
10 7 4 1 0.0043046
10 7 4 2 0.0000000
10 7 4 3 0.0179908
10 7 4 4 0.0130592
10 7 5 0 -0.0027946
10 7 5 1 0.0191162
10 7 5 2 -0.0000000
10 7 5 3 0.0195859
10 7 5 4 0.0075109
10 7 5 5 -0.0025801
10 7 6 0 -0.0000000
10 7 6 1 0.0000000
10 7 6 2 0.0229820
10 7 6 3 0.0000000
10 7 6 4 -0.0000000
10 7 6 5 0.0000000
10 7 6 6 -0.0141644
10 7 7 0 -0.0023861
10 7 7 1 0.0029134
10 7 7 2 0.0000000
10 7 7 3 0.0161170
10 7 7 4 0.0178468
10 7 7 5 0.0178101
10 7 7 6 0.0000000
10 7 7 7 -0.0054839
10 7 8 0 0.0000000
10 7 8 1 0.0000000
10 7 8 2 -0.0057081
10 7 8 3 0.0000000
10 7 8 4 0.0000000
10 7 8 5 0.0000000
10 7 8 6 -0.0007184
10 7 8 7 0.0000000
10 7 8 8 0.0340626
10 7 9 0 0.0000873
10 7 9 1 0.0000840
10 7 9 2 -0.0000000
10 7 9 3 -0.0001261
10 7 9 4 -0.0011953
10 7 9 5 -0.0009561
10 7 9 6 -0.0000000
10 7 9 7 0.0002960
10 7 9 8 -0.0000000
10 7 9 9 0.0632212
10 7 10 0 -0.0000143
10 7 10 1 -0.0016660
10 7 10 2 0.0000000
10 7 10 3 0.0096554
10 7 10 4 0.0117994
10 7 10 5 0.0030117
10 7 10 6 -0.0000000
10 7 10 7 0.0750995
10 7 10 8 0.0000000
10 7 10 9 0.0038252
10 7 10 10 0.0676368
10 8 0 0 -0.0000000
10 8 1 0 -0.0000000
10 8 1 1 -0.0000000
10 8 2 0 0.0010726
10 8 2 1 0.0257737
10 8 2 2 0.0000000
10 8 3 0 -0.0000000
10 8 3 1 -0.0000000
10 8 3 2 -0.0060464
10 8 3 3 0.0000000
10 8 4 0 -0.0000000
10 8 4 1 0.0000000
10 8 4 2 -0.0257217
10 8 4 3 0.0000000
10 8 4 4 -0.0000000
10 8 5 0 0.0000000
10 8 5 1 -0.0000000
10 8 5 2 0.0039194
10 8 5 3 -0.0000000
10 8 5 4 0.0000000
10 8 5 5 -0.0000000
10 8 6 0 -0.0012596
10 8 6 1 0.0186859
10 8 6 2 0.0000000
10 8 6 3 -0.0002397
10 8 6 4 -0.0310456
10 8 6 5 0.0164798
10 8 6 6 0.0000000
10 8 7 0 -0.0000000
10 8 7 1 -0.0000000
10 8 7 2 0.0048867
10 8 7 3 -0.0000000
10 8 7 4 -0.0000000
10 8 7 5 -0.0000000
10 8 7 6 0.0013903
10 8 7 7 -0.0000000
10 8 8 0 -0.0004835
10 8 8 1 0.0209970
10 8 8 2 0.0000000
10 8 8 3 0.0159406
10 8 8 4 0.0149848
10 8 8 5 0.0353716
10 8 8 6 0.0000000
10 8 8 7 0.0012069
10 8 8 8 0.0000000
10 8 9 0 0.0000000
10 8 9 1 0.0000000
10 8 9 2 -0.0025091
10 8 9 3 0.0000000
10 8 9 4 -0.0000000
10 8 9 5 0.0000000
10 8 9 6 -0.0033142
10 8 9 7 -0.0000000
10 8 9 8 -0.0000316
10 8 9 9 -0.0000000
10 8 10 0 0.0000000
10 8 10 1 0.0000000
10 8 10 2 -0.0228313
10 8 10 3 0.0000000
10 8 10 4 -0.0000000
10 8 10 5 0.0000000
10 8 10 6 -0.0157939
10 8 10 7 0.0000000
10 8 10 8 0.1090352
10 8 10 9 0.0000000
10 8 10 10 -0.0000000
10 9 0 0 0.0125060
10 9 1 0 0.0002290
10 9 1 1 0.0235795
10 9 2 0 0.0000000
10 9 2 1 0.0000000
10 9 2 2 0.0135553
10 9 3 0 0.0003707
10 9 3 1 0.0106364
10 9 3 2 0.0000000
10 9 3 3 0.0178881
10 9 4 0 -0.0001435
10 9 4 1 0.0138262
10 9 4 2 0.0000000
10 9 4 3 0.0145454
10 9 4 4 0.0316966
10 9 5 0 -0.0006114
10 9 5 1 0.0099833
10 9 5 2 0.0000000
10 9 5 3 0.0121636
10 9 5 4 0.0194636
10 9 5 5 0.0336819
10 9 6 0 -0.0000000
10 9 6 1 0.0000000
10 9 6 2 0.0027951
10 9 6 3 0.0000000
10 9 6 4 0.0000000
10 9 6 5 0.0000000
10 9 6 6 0.0125114
10 9 7 0 -0.0001046
10 9 7 1 -0.0009972
10 9 7 2 0.0000000
10 9 7 3 0.0031469
10 9 7 4 0.0004442
10 9 7 5 -0.0016709
10 9 7 6 -0.0000000
10 9 7 7 0.0335518
10 9 8 0 0.0000000
10 9 8 1 0.0000000
10 9 8 2 -0.0094410
10 9 8 3 0.0000000
10 9 8 4 -0.0000000
10 9 8 5 0.0000000
10 9 8 6 -0.0090634
10 9 8 7 0.0000000
10 9 8 8 0.0496117
10 9 9 0 0.0002714
10 9 9 1 -0.0041361
10 9 9 2 -0.0000000
10 9 9 3 -0.0084976
10 9 9 4 -0.0179425
10 9 9 5 -0.0133909
10 9 9 6 -0.0000000
10 9 9 7 0.0036628
10 9 9 8 -0.0000000
10 9 9 9 0.3648304
10 9 10 0 -0.0000062
10 9 10 1 -0.0001905
10 9 10 2 0.0000000
10 9 10 3 0.0012220
10 9 10 4 0.0030785
10 9 10 5 0.0001852
10 9 10 6 -0.0000000
10 9 10 7 0.0038252
10 9 10 8 0.0000000
10 9 10 9 0.0530073
10 9 10 10 0.0389064
10 10 0 0 0.2902881
10 10 1 0 0.0022489
10 10 1 1 0.3834317
10 10 2 0 0.0000000
10 10 2 1 0.0000000
10 10 2 2 0.3077451
10 10 3 0 0.0028409
10 10 3 1 0.0604869
10 10 3 2 0.0000000
10 10 3 3 0.3006078
10 10 4 0 -0.0006017
10 10 4 1 0.0591209
10 10 4 2 0.0000000
10 10 4 3 0.0757995
10 10 4 4 0.3863147
10 10 5 0 -0.0046146
10 10 5 1 0.0671026
10 10 5 2 0.0000000
10 10 5 3 0.0706717
10 10 5 4 0.0754642
10 10 5 5 0.4163457
10 10 6 0 -0.0000000
10 10 6 1 0.0000000
10 10 6 2 0.0398834
10 10 6 3 0.0000000
10 10 6 4 0.0000000
10 10 6 5 0.0000000
10 10 6 6 0.3078784
10 10 7 0 -0.0014302
10 10 7 1 -0.0022132
10 10 7 2 0.0000000
10 10 7 3 0.0370415
10 10 7 4 0.0138425
10 10 7 5 0.0008948
10 10 7 6 -0.0000000
10 10 7 7 0.4644443
10 10 8 0 0.0000000
10 10 8 1 0.0000000
10 10 8 2 -0.0649820
10 10 8 3 0.0000000
10 10 8 4 -0.0000000
10 10 8 5 0.0000000
10 10 8 6 -0.0508017
10 10 8 7 0.0000000
10 10 8 8 0.6110799
10 10 9 0 0.0005261
10 10 9 1 0.0038761
10 10 9 2 -0.0000000
10 10 9 3 -0.0053630
10 10 9 4 -0.0158773
10 10 9 5 -0.0074180
10 10 9 6 0.0000000
10 10 9 7 0.0004442
10 10 9 8 -0.0000000
10 10 9 9 0.8412154
10 10 10 0 -0.0010814
10 10 10 1 -0.0532913
10 10 10 2 -0.0000000
10 10 10 3 -0.0153645
10 10 10 4 -0.0002893
10 10 10 5 -0.0436003
10 10 10 6 -0.0000000
10 10 10 7 0.0676368
10 10 10 8 -0.0000000
10 10 10 9 0.0389064
10 10 10 10 0.7072812
11 0 0 0 -0.0814051
11 0 1 0 0.0034006
11 0 1 1 -0.0069360
11 0 2 0 0.0000000
11 0 2 1 -0.0000000
11 0 2 2 -0.0006988
11 0 3 0 -0.0029319
11 0 3 1 0.0052741
11 0 3 2 0.0000000
11 0 3 3 -0.0047586
11 0 4 0 0.0029888
11 0 4 1 -0.0034235
11 0 4 2 -0.0000000
11 0 4 3 0.0028002
11 0 4 4 -0.0036839
11 0 5 0 -0.0051443
11 0 5 1 0.0044782
11 0 5 2 0.0000000
11 0 5 3 -0.0058391
11 0 5 4 0.0035789
11 0 5 5 -0.0045303
11 0 6 0 -0.0000000
11 0 6 1 0.0000000
11 0 6 2 -0.0016940
11 0 6 3 -0.0000000
11 0 6 4 0.0000000
11 0 6 5 -0.0000000
11 0 6 6 0.0005863
11 0 7 0 0.0111447
11 0 7 1 0.0016174
11 0 7 2 -0.0000000
11 0 7 3 -0.0024958
11 0 7 4 0.0016022
11 0 7 5 -0.0033285
11 0 7 6 -0.0000000
11 0 7 7 0.0064500
11 0 8 0 -0.0000000
11 0 8 1 0.0000000
11 0 8 2 -0.0001482
11 0 8 3 0.0000000
11 0 8 4 -0.0000000
11 0 8 5 0.0000000
11 0 8 6 -0.0002322
11 0 8 7 -0.0000000
11 0 8 8 -0.0008639
11 0 9 0 0.0001215
11 0 9 1 0.0000934
11 0 9 2 0.0000000
11 0 9 3 -0.0000633
11 0 9 4 0.0000203
11 0 9 5 -0.0000567
11 0 9 6 -0.0000000
11 0 9 7 0.0000475
11 0 9 8 0.0000000
11 0 9 9 -0.0008105
11 0 10 0 -0.0026930
11 0 10 1 -0.0010946
11 0 10 2 -0.0000000
11 0 10 3 0.0004999
11 0 10 4 -0.0007404
11 0 10 5 0.0007660
11 0 10 6 0.0000000
11 0 10 7 -0.0020171
11 0 10 8 -0.0000000
11 0 10 9 0.0000017
11 0 10 10 -0.0005744
11 0 11 0 0.0110475
11 0 11 1 0.0033272
11 0 11 2 0.0000000
11 0 11 3 -0.0020015
11 0 11 4 0.0024829
11 0 11 5 -0.0035219
11 0 11 6 -0.0000000
11 0 11 7 0.0071448
11 0 11 8 -0.0000000
11 0 11 9 -0.0000719
11 0 11 10 -0.0010756
11 0 11 11 0.0067895
11 1 0 0 -0.0090997
11 1 1 0 -0.0018532
11 1 1 1 -0.0080503
11 1 2 0 -0.0000000
11 1 2 1 -0.0000000
11 1 2 2 0.0016690
11 1 3 0 0.0050330
11 1 3 1 0.0218852
11 1 3 2 0.0000000
11 1 3 3 -0.0153321
11 1 4 0 -0.0023488
11 1 4 1 -0.0042318
11 1 4 2 0.0000000
11 1 4 3 0.0147844
11 1 4 4 -0.0009902
11 1 5 0 -0.0003708
11 1 5 1 0.0078663
11 1 5 2 0.0000000
11 1 5 3 -0.0101088
11 1 5 4 0.0081081
11 1 5 5 0.0041110
11 1 6 0 0.0000000
11 1 6 1 0.0000000
11 1 6 2 -0.0013438
11 1 6 3 -0.0000000
11 1 6 4 0.0000000
11 1 6 5 -0.0000000
11 1 6 6 0.0000762
11 1 7 0 0.0031256
11 1 7 1 0.0017823
11 1 7 2 -0.0000000
11 1 7 3 -0.0062661
11 1 7 4 -0.0091678
11 1 7 5 -0.0251023
11 1 7 6 -0.0000000
11 1 7 7 0.0119990
11 1 8 0 -0.0000000
11 1 8 1 -0.0000000
11 1 8 2 -0.0001076
11 1 8 3 -0.0000000
11 1 8 4 0.0000000
11 1 8 5 0.0000000
11 1 8 6 -0.0016927
11 1 8 7 -0.0000000
11 1 8 8 0.0082135
11 1 9 0 0.0000525
11 1 9 1 0.0007287
11 1 9 2 0.0000000
11 1 9 3 -0.0000352
11 1 9 4 0.0007920
11 1 9 5 0.0006431
11 1 9 6 0.0000000
11 1 9 7 -0.0003728
11 1 9 8 0.0000000
11 1 9 9 0.0086215
11 1 10 0 -0.0008209
11 1 10 1 -0.0036672
11 1 10 2 -0.0000000
11 1 10 3 0.0002147
11 1 10 4 -0.0009566
11 1 10 5 0.0060952
11 1 10 6 0.0000000
11 1 10 7 -0.0120034
11 1 10 8 0.0000000
11 1 10 9 0.0020064
11 1 10 10 -0.0091274
11 1 11 0 0.0033272
11 1 11 1 0.0281606
11 1 11 2 0.0000000
11 1 11 3 0.0101091
11 1 11 4 0.0145216
11 1 11 5 -0.0070169
11 1 11 6 -0.0000000
11 1 11 7 0.0005064
11 1 11 8 0.0000000
11 1 11 9 -0.0000175
11 1 11 10 0.0066956
11 1 11 11 0.0196829
11 2 0 0 0.0000000
11 2 1 0 -0.0000000
11 2 1 1 -0.0000000
11 2 2 0 0.0046434
11 2 2 1 0.0175260
11 2 2 2 0.0000000
11 2 3 0 0.0000000
11 2 3 1 0.0000000
11 2 3 2 -0.0094359
11 2 3 3 0.0000000
11 2 4 0 -0.0000000
11 2 4 1 0.0000000
11 2 4 2 -0.0085203
11 2 4 3 0.0000000
11 2 4 4 -0.0000000
11 2 5 0 0.0000000
11 2 5 1 0.0000000
11 2 5 2 -0.0051871
11 2 5 3 -0.0000000
11 2 5 4 0.0000000
11 2 5 5 -0.0000000
11 2 6 0 -0.0066102
11 2 6 1 -0.0017061
11 2 6 2 0.0000000
11 2 6 3 0.0091309
11 2 6 4 -0.0126643
11 2 6 5 0.0104534
11 2 6 6 0.0000000
11 2 7 0 0.0000000
11 2 7 1 -0.0000000
11 2 7 2 0.0164775
11 2 7 3 -0.0000000
11 2 7 4 -0.0000000
11 2 7 5 -0.0000000
11 2 7 6 -0.0182069
11 2 7 7 0.0000000
11 2 8 0 0.0001349
11 2 8 1 0.0040780
11 2 8 2 0.0000000
11 2 8 3 0.0009084
11 2 8 4 -0.0026203
11 2 8 5 0.0003435
11 2 8 6 0.0000000
11 2 8 7 0.0036456
11 2 8 8 0.0000000
11 2 9 0 0.0000000
11 2 9 1 0.0000000
11 2 9 2 -0.0000551
11 2 9 3 0.0000000
11 2 9 4 0.0000000
11 2 9 5 0.0000000
11 2 9 6 -0.0000761
11 2 9 7 -0.0000000
11 2 9 8 -0.0005476
11 2 9 9 0.0000000
11 2 10 0 -0.0000000
11 2 10 1 0.0000000
11 2 10 2 -0.0022162
11 2 10 3 -0.0000000
11 2 10 4 0.0000000
11 2 10 5 -0.0000000
11 2 10 6 0.0054693
11 2 10 7 -0.0000000
11 2 10 8 -0.0036018
11 2 10 9 0.0000000
11 2 10 10 -0.0000000
11 2 11 0 0.0000000
11 2 11 1 0.0000000
11 2 11 2 0.0198146
11 2 11 3 0.0000000
11 2 11 4 -0.0000000
11 2 11 5 0.0000000
11 2 11 6 -0.0166744
11 2 11 7 -0.0000000
11 2 11 8 -0.0008263
11 2 11 9 0.0000000
11 2 11 10 0.0000000
11 2 11 11 0.0000000
11 3 0 0 0.0188478
11 3 1 0 0.0039421
11 3 1 1 0.0347343
11 3 2 0 0.0000000
11 3 2 1 0.0000000
11 3 2 2 0.0131951
11 3 3 0 0.0033970
11 3 3 1 0.0035050
11 3 3 2 0.0000000
11 3 3 3 0.0035662
11 3 4 0 0.0000194
11 3 4 1 0.0080860
11 3 4 2 0.0000000
11 3 4 3 0.0096166
11 3 4 4 0.0171571
11 3 5 0 -0.0080064
11 3 5 1 -0.0142726
11 3 5 2 -0.0000000
11 3 5 3 0.0078793
11 3 5 4 -0.0080363
11 3 5 5 0.0319312
11 3 6 0 -0.0000000
11 3 6 1 -0.0000000
11 3 6 2 0.0061802
11 3 6 3 -0.0000000
11 3 6 4 -0.0000000
11 3 6 5 0.0000000
11 3 6 6 0.0062001
11 3 7 0 -0.0019600
11 3 7 1 -0.0027579
11 3 7 2 -0.0000000
11 3 7 3 0.0151661
11 3 7 4 -0.0153857
11 3 7 5 -0.0185984
11 3 7 6 -0.0000000
11 3 7 7 0.0017232
11 3 8 0 -0.0000000
11 3 8 1 -0.0000000
11 3 8 2 0.0036754
11 3 8 3 -0.0000000
11 3 8 4 0.0000000
11 3 8 5 -0.0000000
11 3 8 6 0.0015401
11 3 8 7 -0.0000000
11 3 8 8 0.0098909
11 3 9 0 -0.0000630
11 3 9 1 -0.0002331
11 3 9 2 0.0000000
11 3 9 3 0.0004227
11 3 9 4 0.0011070
11 3 9 5 0.0010899
11 3 9 6 0.0000000
11 3 9 7 -0.0008615
11 3 9 8 0.0000000
11 3 9 9 0.0000104
11 3 10 0 0.0006299
11 3 10 1 0.0046691
11 3 10 2 0.0000000
11 3 10 3 -0.0037425
11 3 10 4 0.0030067
11 3 10 5 0.0064631
11 3 10 6 0.0000000
11 3 10 7 -0.0060838
11 3 10 8 0.0000000
11 3 10 9 0.0001838
11 3 10 10 -0.0088014
11 3 11 0 -0.0020015
11 3 11 1 0.0101091
11 3 11 2 0.0000000
11 3 11 3 0.0296408
11 3 11 4 0.0015035
11 3 11 5 -0.0044185
11 3 11 6 0.0000000
11 3 11 7 -0.0062391
11 3 11 8 0.0000000
11 3 11 9 0.0004521
11 3 11 10 0.0029010
11 3 11 11 0.0123523
11 4 0 0 0.0080126
11 4 1 0 -0.0026457
11 4 1 1 -0.0084948
11 4 2 0 -0.0000000
11 4 2 1 -0.0000000
11 4 2 2 -0.0019377
11 4 3 0 0.0011752
11 4 3 1 0.0093636
11 4 3 2 0.0000000
11 4 3 3 0.0041313
11 4 4 0 -0.0012110
11 4 4 1 0.0006026
11 4 4 2 0.0000000
11 4 4 3 0.0005416
11 4 4 4 -0.0034195
11 4 5 0 0.0032545
11 4 5 1 0.0042719
11 4 5 2 0.0000000
11 4 5 3 -0.0097285
11 4 5 4 0.0078933
11 4 5 5 0.0001858
11 4 6 0 0.0000000
11 4 6 1 0.0000000
11 4 6 2 -0.0068971
11 4 6 3 -0.0000000
11 4 6 4 0.0000000
11 4 6 5 -0.0000000
11 4 6 6 0.0016874
11 4 7 0 0.0024900
11 4 7 1 -0.0049211
11 4 7 2 -0.0000000
11 4 7 3 -0.0147167
11 4 7 4 -0.0088210
11 4 7 5 -0.0137237
11 4 7 6 0.0000000
11 4 7 7 0.0121458
11 4 8 0 -0.0000000
11 4 8 1 -0.0000000
11 4 8 2 -0.0010047
11 4 8 3 -0.0000000
11 4 8 4 -0.0000000
11 4 8 5 0.0000000
11 4 8 6 -0.0018170
11 4 8 7 0.0000000
11 4 8 8 0.0004919
11 4 9 0 0.0000226
11 4 9 1 0.0007605
11 4 9 2 0.0000000
11 4 9 3 0.0001660
11 4 9 4 0.0009882
11 4 9 5 0.0010489
11 4 9 6 0.0000000
11 4 9 7 -0.0013103
11 4 9 8 0.0000000
11 4 9 9 -0.0031335
11 4 10 0 -0.0005352
11 4 10 1 -0.0004542
11 4 10 2 0.0000000
11 4 10 3 0.0003756
11 4 10 4 -0.0024534
11 4 10 5 0.0020523
11 4 10 6 0.0000000
11 4 10 7 -0.0190541
11 4 10 8 -0.0000000
11 4 10 9 0.0005979
11 4 10 10 -0.0164037
11 4 11 0 0.0024829
11 4 11 1 0.0145216
11 4 11 2 -0.0000000
11 4 11 3 0.0015035
11 4 11 4 0.0176640
11 4 11 5 0.0074183
11 4 11 6 0.0000000
11 4 11 7 0.0047010
11 4 11 8 -0.0000000
11 4 11 9 0.0009124
11 4 11 10 0.0087434
11 4 11 11 0.0192473
11 5 0 0 -0.0091016
11 5 1 0 0.0011184
11 5 1 1 -0.0003915
11 5 2 0 0.0000000
11 5 2 1 0.0000000
11 5 2 2 -0.0045518
11 5 3 0 -0.0077125
11 5 3 1 -0.0136211
11 5 3 2 -0.0000000
11 5 3 3 0.0175786
11 5 4 0 0.0032226
11 5 4 1 0.0048279
11 5 4 2 -0.0000000
11 5 4 3 -0.0131067
11 5 4 4 0.0040503
11 5 5 0 0.0029014
11 5 5 1 0.0023876
11 5 5 2 -0.0000000
11 5 5 3 0.0080831
11 5 5 4 0.0003637
11 5 5 5 -0.0100969
11 5 6 0 -0.0000000
11 5 6 1 -0.0000000
11 5 6 2 0.0013366
11 5 6 3 0.0000000
11 5 6 4 -0.0000000
11 5 6 5 0.0000000
11 5 6 6 -0.0033621
11 5 7 0 -0.0031906
11 5 7 1 -0.0142295
11 5 7 2 0.0000000
11 5 7 3 -0.0139018
11 5 7 4 -0.0087021
11 5 7 5 0.0097278
11 5 7 6 -0.0000000
11 5 7 7 -0.0097913
11 5 8 0 0.0000000
11 5 8 1 0.0000000
11 5 8 2 -0.0005414
11 5 8 3 0.0000000
11 5 8 4 0.0000000
11 5 8 5 0.0000000
11 5 8 6 0.0002861
11 5 8 7 -0.0000000
11 5 8 8 -0.0025404
11 5 9 0 -0.0000223
11 5 9 1 0.0003202
11 5 9 2 0.0000000
11 5 9 3 0.0004189
11 5 9 4 0.0009302
11 5 9 5 0.0009959
11 5 9 6 0.0000000
11 5 9 7 -0.0013745
11 5 9 8 -0.0000000
11 5 9 9 -0.0066869
11 5 10 0 0.0008526
11 5 10 1 0.0058478
11 5 10 2 -0.0000000
11 5 10 3 0.0022062
11 5 10 4 0.0010330
11 5 10 5 -0.0014646
11 5 10 6 0.0000000
11 5 10 7 -0.0076402
11 5 10 8 0.0000000
11 5 10 9 0.0004341
11 5 10 10 -0.0186340
11 5 11 0 -0.0035219
11 5 11 1 -0.0070169
11 5 11 2 0.0000000
11 5 11 3 -0.0044185
11 5 11 4 0.0074183
11 5 11 5 0.0296805
11 5 11 6 0.0000000
11 5 11 7 -0.0121836
11 5 11 8 0.0000000
11 5 11 9 0.0013340
11 5 11 10 0.0064603
11 5 11 11 -0.0097343
11 6 0 0 -0.0000000
11 6 1 0 0.0000000
11 6 1 1 0.0000000
11 6 2 0 -0.0057438
11 6 2 1 -0.0185175
11 6 2 2 -0.0000000
11 6 3 0 -0.0000000
11 6 3 1 -0.0000000
11 6 3 2 0.0124532
11 6 3 3 0.0000000
11 6 4 0 0.0000000
11 6 4 1 0.0000000
11 6 4 2 0.0068297
11 6 4 3 -0.0000000
11 6 4 4 0.0000000
11 6 5 0 -0.0000000
11 6 5 1 -0.0000000
11 6 5 2 0.0056370
11 6 5 3 0.0000000
11 6 5 4 -0.0000000
11 6 5 5 0.0000000
11 6 6 0 0.0080845
11 6 6 1 0.0013130
11 6 6 2 0.0000000
11 6 6 3 -0.0115815
11 6 6 4 0.0144388
11 6 6 5 -0.0105151
11 6 6 6 -0.0000000
11 6 7 0 -0.0000000
11 6 7 1 -0.0000000
11 6 7 2 -0.0186277
11 6 7 3 -0.0000000
11 6 7 4 0.0000000
11 6 7 5 -0.0000000
11 6 7 6 0.0183431
11 6 7 7 -0.0000000
11 6 8 0 -0.0001358
11 6 8 1 -0.0055052
11 6 8 2 -0.0000000
11 6 8 3 -0.0015506
11 6 8 4 -0.0001407
11 6 8 5 -0.0036647
11 6 8 6 -0.0000000
11 6 8 7 0.0020906
11 6 8 8 -0.0000000
11 6 9 0 -0.0000000
11 6 9 1 -0.0000000
11 6 9 2 0.0003784
11 6 9 3 0.0000000
11 6 9 4 0.0000000
11 6 9 5 0.0000000
11 6 9 6 0.0004786
11 6 9 7 -0.0000000
11 6 9 8 0.0001232
11 6 9 9 -0.0000000
11 6 10 0 0.0000000
11 6 10 1 0.0000000
11 6 10 2 0.0048077
11 6 10 3 0.0000000
11 6 10 4 -0.0000000
11 6 10 5 0.0000000
11 6 10 6 -0.0038058
11 6 10 7 -0.0000000
11 6 10 8 -0.0085790
11 6 10 9 0.0000000
11 6 10 10 -0.0000000
11 6 11 0 -0.0000000
11 6 11 1 -0.0000000
11 6 11 2 -0.0166744
11 6 11 3 0.0000000
11 6 11 4 0.0000000
11 6 11 5 0.0000000
11 6 11 6 0.0211755
11 6 11 7 -0.0000000
11 6 11 8 -0.0058405
11 6 11 9 0.0000000
11 6 11 10 0.0000000
11 6 11 11 -0.0000000
11 7 0 0 0.2545684
11 7 1 0 -0.0093179
11 7 1 1 0.0122572
11 7 2 0 -0.0000000
11 7 2 1 -0.0000000
11 7 2 2 0.0773493
11 7 3 0 0.0046229
11 7 3 1 -0.0375068
11 7 3 2 -0.0000000
11 7 3 3 0.0985146
11 7 4 0 -0.0045246
11 7 4 1 -0.0251729
11 7 4 2 -0.0000000
11 7 4 3 -0.0750406
11 7 4 4 -0.0182480
11 7 5 0 0.0109010
11 7 5 1 -0.0854331
11 7 5 2 0.0000000
11 7 5 3 -0.0718832
11 7 5 4 -0.0449554
11 7 5 5 0.0287671
11 7 6 0 0.0000000
11 7 6 1 -0.0000000
11 7 6 2 -0.0863004
11 7 6 3 -0.0000000
11 7 6 4 0.0000000
11 7 6 5 -0.0000000
11 7 6 6 0.0887451
11 7 7 0 0.0073412
11 7 7 1 0.0050656
11 7 7 2 -0.0000000
11 7 7 3 -0.0263789
11 7 7 4 0.0110649
11 7 7 5 -0.0009088
11 7 7 6 -0.0000000
11 7 7 7 -0.0050324
11 7 8 0 -0.0000000
11 7 8 1 -0.0000000
11 7 8 2 0.0368047
11 7 8 3 -0.0000000
11 7 8 4 0.0000000
11 7 8 5 -0.0000000
11 7 8 6 0.0215217
11 7 8 7 -0.0000000
11 7 8 8 -0.1510891
11 7 9 0 -0.0004468
11 7 9 1 -0.0035090
11 7 9 2 -0.0000000
11 7 9 3 0.0012656
11 7 9 4 0.0051142
11 7 9 5 0.0017320
11 7 9 6 -0.0000000
11 7 9 7 0.0011149
11 7 9 8 0.0000000
11 7 9 9 -0.2608275
11 7 10 0 -0.0005055
11 7 10 1 0.0164308
11 7 10 2 0.0000000
11 7 10 3 0.0054088
11 7 10 4 -0.0085870
11 7 10 5 0.0077569
11 7 10 6 0.0000000
11 7 10 7 -0.0287873
11 7 10 8 -0.0000000
11 7 10 9 -0.0193253
11 7 10 10 -0.1626444
11 7 11 0 0.0071448
11 7 11 1 0.0005064
11 7 11 2 -0.0000000
11 7 11 3 -0.0062391
11 7 11 4 0.0047010
11 7 11 5 -0.0121836
11 7 11 6 -0.0000000
11 7 11 7 0.2035798
11 7 11 8 -0.0000000
11 7 11 9 -0.0030647
11 7 11 10 -0.0593362
11 7 11 11 0.0251488
11 8 0 0 -0.0000000
11 8 1 0 -0.0000000
11 8 1 1 -0.0000000
11 8 2 0 0.0005382
11 8 2 1 0.0074636
11 8 2 2 0.0000000
11 8 3 0 -0.0000000
11 8 3 1 -0.0000000
11 8 3 2 -0.0007714
11 8 3 3 0.0000000
11 8 4 0 -0.0000000
11 8 4 1 0.0000000
11 8 4 2 -0.0074044
11 8 4 3 0.0000000
11 8 4 4 -0.0000000
11 8 5 0 0.0000000
11 8 5 1 -0.0000000
11 8 5 2 -0.0005819
11 8 5 3 -0.0000000
11 8 5 4 0.0000000
11 8 5 5 -0.0000000
11 8 6 0 -0.0007492
11 8 6 1 0.0030614
11 8 6 2 0.0000000
11 8 6 3 0.0002630
11 8 6 4 -0.0083253
11 8 6 5 0.0042207
11 8 6 6 0.0000000
11 8 7 0 -0.0000000
11 8 7 1 -0.0000000
11 8 7 2 0.0067257
11 8 7 3 -0.0000000
11 8 7 4 -0.0000000
11 8 7 5 -0.0000000
11 8 7 6 0.0016870
11 8 7 7 -0.0000000
11 8 8 0 -0.0000803
11 8 8 1 0.0074481
11 8 8 2 0.0000000
11 8 8 3 0.0038260
11 8 8 4 0.0045454
11 8 8 5 0.0104690
11 8 8 6 0.0000000
11 8 8 7 -0.0181298
11 8 8 8 0.0000000
11 8 9 0 0.0000000
11 8 9 1 0.0000000
11 8 9 2 -0.0006400
11 8 9 3 0.0000000
11 8 9 4 -0.0000000
11 8 9 5 0.0000000
11 8 9 6 -0.0007461
11 8 9 7 -0.0000000
11 8 9 8 0.0001755
11 8 9 9 -0.0000000
11 8 10 0 0.0000000
11 8 10 1 0.0000000
11 8 10 2 -0.0063817
11 8 10 3 0.0000000
11 8 10 4 -0.0000000
11 8 10 5 0.0000000
11 8 10 6 -0.0042314
11 8 10 7 -0.0000000
11 8 10 8 0.0253059
11 8 10 9 0.0000000
11 8 10 10 -0.0000000
11 8 11 0 -0.0000000
11 8 11 1 0.0000000
11 8 11 2 -0.0008263
11 8 11 3 0.0000000
11 8 11 4 -0.0000000
11 8 11 5 0.0000000
11 8 11 6 -0.0058405
11 8 11 7 -0.0000000
11 8 11 8 0.0229403
11 8 11 9 0.0000000
11 8 11 10 0.0000000
11 8 11 11 -0.0000000
11 9 0 0 0.0046733
11 9 1 0 0.0000709
11 9 1 1 0.0061799
11 9 2 0 0.0000000
11 9 2 1 0.0000000
11 9 2 2 0.0038204
11 9 3 0 -0.0000035
11 9 3 1 0.0010707
11 9 3 2 0.0000000
11 9 3 3 0.0048439
11 9 4 0 0.0000074
11 9 4 1 0.0026423
11 9 4 2 0.0000000
11 9 4 3 0.0019225
11 9 4 4 0.0068915
11 9 5 0 -0.0000840
11 9 5 1 0.0012911
11 9 5 2 0.0000000
11 9 5 3 0.0021804
11 9 5 4 0.0030177
11 9 5 5 0.0073551
11 9 6 0 -0.0000000
11 9 6 1 0.0000000
11 9 6 2 0.0003870
11 9 6 3 0.0000000
11 9 6 4 0.0000000
11 9 6 5 0.0000000
11 9 6 6 0.0037967
11 9 7 0 -0.0000920
11 9 7 1 -0.0009433
11 9 7 2 -0.0000000
11 9 7 3 -0.0000942
11 9 7 4 -0.0010921
11 9 7 5 -0.0008520
11 9 7 6 -0.0000000
11 9 7 7 0.0065732
11 9 8 0 0.0000000
11 9 8 1 0.0000000
11 9 8 2 -0.0012912
11 9 8 3 0.0000000
11 9 8 4 -0.0000000
11 9 8 5 0.0000000
11 9 8 6 -0.0012189
11 9 8 7 -0.0000000
11 9 8 8 0.0085152
11 9 9 0 0.0000580
11 9 9 1 -0.0002657
11 9 9 2 -0.0000000
11 9 9 3 -0.0020068
11 9 9 4 -0.0028019
11 9 9 5 -0.0017213
11 9 9 6 -0.0000000
11 9 9 7 -0.0066747
11 9 9 8 -0.0000000
11 9 9 9 0.0538251
11 9 10 0 0.0000286
11 9 10 1 0.0006925
11 9 10 2 0.0000000
11 9 10 3 0.0003201
11 9 10 4 0.0006233
11 9 10 5 0.0003427
11 9 10 6 0.0000000
11 9 10 7 0.0007309
11 9 10 8 0.0000000
11 9 10 9 0.0071203
11 9 10 10 0.0059734
11 9 11 0 -0.0000719
11 9 11 1 -0.0000175
11 9 11 2 0.0000000
11 9 11 3 0.0004521
11 9 11 4 0.0009124
11 9 11 5 0.0013340
11 9 11 6 0.0000000
11 9 11 7 -0.0030647
11 9 11 8 0.0000000
11 9 11 9 0.0067784
11 9 11 10 -0.0001085
11 9 11 11 0.0052265
11 10 0 0 -0.0747405
11 10 1 0 0.0014972
11 10 1 1 -0.0234514
11 10 2 0 0.0000000
11 10 2 1 0.0000000
11 10 2 2 -0.0303254
11 10 3 0 -0.0007927
11 10 3 1 0.0116617
11 10 3 2 0.0000000
11 10 3 3 -0.0378890
11 10 4 0 0.0008291
11 10 4 1 0.0034687
11 10 4 2 0.0000000
11 10 4 3 0.0159722
11 10 4 4 -0.0132978
11 10 5 0 -0.0018382
11 10 5 1 0.0247686
11 10 5 2 -0.0000000
11 10 5 3 0.0143637
11 10 5 4 0.0122115
11 10 5 5 -0.0204288
11 10 6 0 -0.0000000
11 10 6 1 0.0000000
11 10 6 2 0.0199172
11 10 6 3 0.0000000
11 10 6 4 0.0000000
11 10 6 5 0.0000000
11 10 6 6 -0.0329302
11 10 7 0 -0.0009564
11 10 7 1 -0.0036263
11 10 7 2 -0.0000000
11 10 7 3 -0.0007679
11 10 7 4 -0.0147098
11 10 7 5 -0.0109521
11 10 7 6 -0.0000000
11 10 7 7 -0.0022270
11 10 8 0 0.0000000
11 10 8 1 0.0000000
11 10 8 2 -0.0151002
11 10 8 3 0.0000000
11 10 8 4 -0.0000000
11 10 8 5 0.0000000
11 10 8 6 -0.0111338
11 10 8 7 -0.0000000
11 10 8 8 0.0426938
11 10 9 0 0.0001560
11 10 9 1 0.0015945
11 10 9 2 -0.0000000
11 10 9 3 -0.0009416
11 10 9 4 -0.0026216
11 10 9 5 -0.0011296
11 10 9 6 0.0000000
11 10 9 7 -0.0002474
11 10 9 8 -0.0000000
11 10 9 9 0.0655136
11 10 10 0 0.0000060
11 10 10 1 -0.0155030
11 10 10 2 -0.0000000
11 10 10 3 -0.0139075
11 10 10 4 -0.0117201
11 10 10 5 -0.0158783
11 10 10 6 -0.0000000
11 10 10 7 -0.0364425
11 10 10 8 -0.0000000
11 10 10 9 0.0031839
11 10 10 10 0.0421731
11 10 11 0 -0.0010756
11 10 11 1 0.0066956
11 10 11 2 0.0000000
11 10 11 3 0.0029010
11 10 11 4 0.0087434
11 10 11 5 0.0064603
11 10 11 6 0.0000000
11 10 11 7 -0.0593362
11 10 11 8 0.0000000
11 10 11 9 -0.0001085
11 10 11 10 0.0530173
11 10 11 11 0.0051729
11 11 0 0 0.5901262
11 11 1 0 -0.0064054
11 11 1 1 0.4419680
11 11 2 0 0.0000000
11 11 2 1 0.0000000
11 11 2 2 0.4170751
11 11 3 0 0.0096242
11 11 3 1 0.0379761
11 11 3 2 0.0000000
11 11 3 3 0.4353488
11 11 4 0 -0.0056124
11 11 4 1 0.0474720
11 11 4 2 -0.0000000
11 11 4 3 0.0100289
11 11 4 4 0.4082223
11 11 5 0 0.0039420
11 11 5 1 -0.0337689
11 11 5 2 0.0000000
11 11 5 3 -0.0064065
11 11 5 4 0.0361952
11 11 5 5 0.4888467
11 11 6 0 0.0000000
11 11 6 1 -0.0000000
11 11 6 2 -0.0569825
11 11 6 3 0.0000000
11 11 6 4 0.0000000
11 11 6 5 0.0000000
11 11 6 6 0.4238405
11 11 7 0 0.0065618
11 11 7 1 -0.0021281
11 11 7 2 -0.0000000
11 11 7 3 0.0002844
11 11 7 4 -0.0036851
11 11 7 5 -0.0287622
11 11 7 6 -0.0000000
11 11 7 7 0.5013990
11 11 8 0 -0.0000000
11 11 8 1 0.0000000
11 11 8 2 -0.0106321
11 11 8 3 0.0000000
11 11 8 4 -0.0000000
11 11 8 5 0.0000000
11 11 8 6 -0.0195983
11 11 8 7 -0.0000000
11 11 8 8 0.4338932
11 11 9 0 -0.0000682
11 11 9 1 0.0000798
11 11 9 2 -0.0000000
11 11 9 3 -0.0017512
11 11 9 4 -0.0039136
11 11 9 5 -0.0000792
11 11 9 6 0.0000000
11 11 9 7 0.0002551
11 11 9 8 -0.0000000
11 11 9 9 0.5430575
11 11 10 0 -0.0009733
11 11 10 1 0.0025611
11 11 10 2 0.0000000
11 11 10 3 0.0030725
11 11 10 4 0.0122027
11 11 10 5 0.0080711
11 11 10 6 0.0000000
11 11 10 7 -0.0364350
11 11 10 8 -0.0000000
11 11 10 9 0.0272588
11 11 10 10 0.4103357
11 11 11 0 0.0067895
11 11 11 1 0.0196829
11 11 11 2 0.0000000
11 11 11 3 0.0123523
11 11 11 4 0.0192473
11 11 11 5 -0.0097343
11 11 11 6 -0.0000000
11 11 11 7 0.0251488
11 11 11 8 -0.0000000
11 11 11 9 0.0052265
11 11 11 10 0.0051729
11 11 11 11 0.5093197
