NMONOMER	1
NELEC	8
ENUC	7.351144
NBASIS	12
HOMO	2
LUMO	2
ENT	5
HF_ENERGY	-35.118861
ENERGIES
-10.829550
-0.485216
-0.427614
-0.233478
0.585958
0.802404
0.918449
849736.657681
965066.591469
996478.295354
1070620.712148
1118094.140185

OEI
-18.388673	
0.272117	-4.287917	
-0.000000	0.000000	-3.746797	
-0.103215	0.146642	-0.000000	-4.070760	
0.268367	-0.190013	0.000000	0.482205	-3.050142	
-0.000000	0.000000	0.851486	-0.000000	-0.000000	-3.641821	
-0.198061	0.799381	-0.000000	0.425372	-0.098049	0.000000	-3.160592	
-0.104915	-0.067496	0.000000	0.109218	0.459241	-0.000000	-0.064997	849733.114918	
-0.000000	0.000000	0.073766	-0.000000	-0.000000	-0.117858	-0.000000	0.000000	965063.922865	
0.005114	0.021155	-0.000000	0.004648	-0.002468	0.000000	-0.017001	0.002814	-0.000000	996475.301902	
-0.035732	-0.191151	0.000000	-0.042864	0.105536	-0.000000	-0.172903	-0.193646	0.000000	-0.124713	1070618.341168	
0.101382	0.079710	-0.000000	-0.214909	-0.459780	-0.000000	0.025026	0.960862	-0.000000	-0.034511	0.333227	1118090.479811	

ENV_OEI
-4.916880	
0.509413	-0.604987	
-0.000000	0.000000	-0.126877	
-0.205643	-0.091525	0.000000	-0.403434	
0.473724	-0.096771	0.000000	0.121999	-0.176567	
-0.000000	0.000000	0.196464	-0.000000	-0.000000	-0.339124	
-0.388295	-0.144409	0.000000	-0.220058	0.005929	-0.000000	-1.062701	
-0.225105	-0.015286	0.000000	0.065957	0.069972	-0.000000	0.009990	-0.563243	
0.000000	-0.000000	-0.062748	0.000000	0.000000	0.034809	-0.000000	0.000000	-0.723362	
-0.018203	0.474999	-0.000000	0.452894	0.055891	0.000000	1.470238	0.127200	0.000000	-18.549880	
-0.055573	0.045945	-0.000000	0.011829	0.021401	0.000000	0.083130	0.237582	-0.000000	-1.672026	-0.781776	
0.213803	0.015319	-0.000000	0.000470	-0.082114	0.000000	0.048956	-0.144521	0.000000	-0.177373	0.099639	-0.386995	

OVERLAP
1.000000	
0.248362	1.000000	
0.061767	0.488736	1.000000	
0.061767	0.488736	0.167856	1.000000	
0.000000	0.027047	0.005362	0.005362	1.000000	
0.027047	0.301519	0.096511	0.096511	0.248362	1.000000	
0.000000	0.000000	0.155576	0.155576	-0.045312	-0.338874	1.000000	
0.000000	0.000000	0.380474	-0.380474	0.000000	0.000000	0.000000	1.000000	
0.000000	0.000000	0.219667	0.219667	0.000000	0.000000	0.000000	0.000000	1.000000	
0.045312	0.338874	0.109532	0.109532	0.000000	0.000000	-0.315123	0.000000	0.000000	1.000000	
0.000000	0.000000	0.051506	-0.051506	0.000000	0.000000	0.000000	0.166433	0.000000	0.000000	1.000000	
0.000000	0.000000	0.029737	0.029737	0.000000	0.000000	0.000000	0.000000	0.166433	0.000000	0.000000	1.000000	

MOCOEFF
0.996523	0.018359	-0.008884	-0.008884	0.001626	-0.008233	-0.008956	-0.000000	-0.018614	-0.002736	0.000000	0.003626	
-0.179425	0.557770	0.055920	0.055920	-0.045999	0.082050	-0.337783	0.000000	-0.358596	0.385068	-0.000000	0.056356	
0.000000	-0.000000	0.525426	-0.525426	0.000000	-0.000000	0.000000	0.446881	0.000000	-0.000000	-0.128501	-0.000000	
0.073732	-0.212220	-0.261435	-0.261435	-0.041455	0.117610	-0.514634	-0.000000	0.601164	0.286266	0.000000	-0.084505	
-0.157670	1.043372	-0.922421	-0.922421	-0.004710	0.038278	0.511673	-0.000000	0.248177	0.009256	0.000000	0.013556	
0.000000	-0.000000	0.803659	-0.803659	-0.000000	0.000000	0.000000	-1.169752	-0.000000	0.000000	0.111898	-0.000000	
0.137919	-0.825600	0.090599	0.090599	-0.129887	0.779301	0.858211	0.000000	-0.055749	0.959636	-0.000000	0.003890	
0.084288	-0.388041	0.000000	0.000000	-0.012324	0.049398	-0.203229	-0.000000	-0.573902	-0.025821	-0.000000	0.799278	
-0.000000	0.000000	0.000000	-0.000000	-0.000000	0.000000	0.000000	0.000000	0.000000	-0.000000	-1.000000	-0.000000	
-0.000565	0.002600	0.000000	0.000000	1.025611	-0.216380	0.001361	0.000000	0.003845	0.105483	-0.000000	0.019655	
0.018948	-0.087232	0.000000	0.000000	0.019716	0.850777	-0.045686	-0.000000	-0.129015	-0.446528	0.000000	-0.196307	
-0.081636	0.375835	-0.000000	-0.000000	-0.011611	0.229179	0.196837	-0.000000	0.555850	-0.120151	0.000000	0.583417	

ERI
0 0 0 0 3.5227376
1 0 0 0 -0.2364763
1 0 1 0 0.0309871
1 0 1 1 0.0059900
1 1 0 0 0.7286499
1 1 1 0 0.0059900
1 1 1 1 0.6496543
2 0 0 0 0.0000000
2 0 1 0 -0.0000000
2 0 1 1 0.0000000
2 0 2 0 0.0055058
2 0 2 1 0.0055938
2 0 2 2 -0.0000000
2 1 0 0 -0.0000000
2 1 1 0 -0.0000000
2 1 1 1 -0.0000000
2 1 2 0 0.0055938
2 1 2 1 0.0324836
2 1 2 2 0.0000000
2 2 0 0 0.5769241
2 2 1 0 -0.0062468
2 2 1 1 0.4072763
2 2 2 0 -0.0000000
2 2 2 1 0.0000000
2 2 2 2 0.5278077
3 0 0 0 0.0942398
3 0 1 0 -0.0105533
3 0 1 1 0.0047175
3 0 2 0 0.0000000
3 0 2 1 -0.0000000
3 0 2 2 0.0022033
3 0 3 0 0.0176604
3 0 3 1 0.0131824
3 0 3 2 -0.0000000
3 0 3 3 -0.0071873
3 1 0 0 -0.0606472
3 1 1 0 0.0011748
3 1 1 1 0.0277087
3 1 2 0 -0.0000000
3 1 2 1 -0.0000000
3 1 2 2 -0.0248077
3 1 3 0 0.0131824
3 1 3 1 0.0860640
3 1 3 2 -0.0000000
3 1 3 3 -0.0411202
3 2 0 0 0.0000000
3 2 1 0 -0.0000000
3 2 1 1 -0.0000000
3 2 2 0 -0.0034961
3 2 2 1 -0.0271255
3 2 2 2 0.0000000
3 2 3 0 -0.0000000
3 2 3 1 -0.0000000
3 2 3 2 0.0504189
3 2 3 3 0.0000000
3 3 0 0 0.7396956
3 3 1 0 -0.0051803
3 3 1 1 0.5153650
3 3 2 0 0.0000000
3 3 2 1 -0.0000000
3 3 2 2 0.4556916
3 3 3 0 -0.0071873
3 3 3 1 -0.0411202
3 3 3 2 0.0000000
3 3 3 3 0.5699215
4 0 0 0 -0.2146421
4 0 1 0 0.0177676
4 0 1 1 -0.0176553
4 0 2 0 -0.0000000
4 0 2 1 0.0000000
4 0 2 2 0.0000523
4 0 3 0 -0.0122921
4 0 3 1 -0.0015365
4 0 3 2 0.0000000
4 0 3 3 -0.0041413
4 0 4 0 0.0250104
4 0 4 1 -0.0026178
4 0 4 2 0.0000000
4 0 4 3 0.0002556
4 0 4 4 0.0019315
4 1 0 0 0.0638830
4 1 1 0 -0.0016201
4 1 1 1 0.0247345
4 1 2 0 0.0000000
4 1 2 1 -0.0000000
4 1 2 2 -0.0025334
4 1 3 0 -0.0022133
4 1 3 1 -0.0139633
4 1 3 2 0.0000000
4 1 3 3 0.0325003
4 1 4 0 -0.0026178
4 1 4 1 0.0098565
4 1 4 2 0.0000000
4 1 4 3 -0.0215522
4 1 4 4 -0.0028128
4 2 0 0 -0.0000000
4 2 1 0 0.0000000
4 2 1 1 -0.0000000
4 2 2 0 0.0015051
4 2 2 1 -0.0294646
4 2 2 2 0.0000000
4 2 3 0 0.0000000
4 2 3 1 0.0000000
4 2 3 2 0.0550267
4 2 3 3 -0.0000000
4 2 4 0 0.0000000
4 2 4 1 0.0000000
4 2 4 2 0.1247834
4 2 4 3 0.0000000
4 2 4 4 0.0000000
4 3 0 0 -0.1395355
4 3 1 0 0.0028616
4 3 1 1 -0.0523313
4 3 2 0 -0.0000000
4 3 2 1 0.0000000
4 3 2 2 0.0075798
4 3 3 0 0.0103511
4 3 3 1 0.0341183
4 3 3 2 -0.0000000
4 3 3 3 -0.0848604
4 3 4 0 0.0002556
4 3 4 1 -0.0215522
4 3 4 2 0.0000000
4 3 4 3 0.0684862
4 3 4 4 -0.0009783
4 4 0 0 0.5961538
4 4 1 0 -0.0132676
4 4 1 1 0.3668395
4 4 2 0 0.0000000
4 4 2 1 0.0000000
4 4 2 2 0.5118272
4 4 3 0 -0.0013540
4 4 3 1 -0.0370825
4 4 3 2 0.0000000
4 4 3 3 0.4572978
4 4 4 0 0.0019315
4 4 4 1 -0.0028128
4 4 4 2 0.0000000
4 4 4 3 -0.0009783
4 4 4 4 0.5404937
5 0 0 0 0.0000000
5 0 1 0 -0.0000000
5 0 1 1 -0.0000000
5 0 2 0 -0.0113090
5 0 2 1 -0.0123041
5 0 2 2 0.0000000
5 0 3 0 0.0000000
5 0 3 1 0.0000000
5 0 3 2 0.0091414
5 0 3 3 -0.0000000
5 0 4 0 -0.0000000
5 0 4 1 0.0000000
5 0 4 2 0.0018106
5 0 4 3 -0.0000000
5 0 4 4 0.0000000
5 0 5 0 0.0234968
5 0 5 1 0.0172787
5 0 5 2 -0.0000000
5 0 5 3 -0.0056284
5 0 5 4 0.0152518
5 0 5 5 -0.0000000
5 1 0 0 -0.0000000
5 1 1 0 -0.0000000
5 1 1 1 -0.0000000
5 1 2 0 -0.0085434
5 1 2 1 -0.0353080
5 1 2 2 0.0000000
5 1 3 0 0.0000000
5 1 3 1 0.0000000
5 1 3 2 0.0176001
5 1 3 3 -0.0000000
5 1 4 0 0.0000000
5 1 4 1 -0.0000000
5 1 4 2 0.0004189
5 1 4 3 0.0000000
5 1 4 4 0.0000000
5 1 5 0 0.0172787
5 1 5 1 0.0522386
5 1 5 2 0.0000000
5 1 5 3 -0.0155604
5 1 5 4 0.0203188
5 1 5 5 -0.0000000
5 2 0 0 -0.2350506
5 2 1 0 0.0012731
5 2 1 1 -0.1216267
5 2 2 0 0.0000000
5 2 2 1 0.0000000
5 2 2 2 -0.0081029
5 2 3 0 0.0002096
5 2 3 1 0.0087055
5 2 3 2 -0.0000000
5 2 3 3 -0.0901929
5 2 4 0 0.0066160
5 2 4 1 -0.0227954
5 2 4 2 0.0000000
5 2 4 3 0.0583735
5 2 4 4 0.0247161
5 2 5 0 -0.0000000
5 2 5 1 0.0000000
5 2 5 2 0.1109373
5 2 5 3 -0.0000000
5 2 5 4 -0.0000000
5 2 5 5 -0.0766947
5 3 0 0 0.0000000
5 3 1 0 0.0000000
5 3 1 1 0.0000000
5 3 2 0 0.0034785
5 3 2 1 0.0034956
5 3 2 2 -0.0000000
5 3 3 0 -0.0000000
5 3 3 1 -0.0000000
5 3 3 2 -0.0037403
5 3 3 3 0.0000000
5 3 4 0 -0.0000000
5 3 4 1 0.0000000
5 3 4 2 0.0373392
5 3 4 3 -0.0000000
5 3 4 4 -0.0000000
5 3 5 0 -0.0056284
5 3 5 1 -0.0155604
5 3 5 2 -0.0000000
5 3 5 3 0.0328341
5 3 5 4 0.0165372
5 3 5 5 -0.0000000
5 4 0 0 0.0000000
5 4 1 0 -0.0000000
5 4 1 1 -0.0000000
5 4 2 0 -0.0056711
5 4 2 1 -0.0393920
5 4 2 2 0.0000000
5 4 3 0 0.0000000
5 4 3 1 0.0000000
5 4 3 2 0.0660054
5 4 3 3 -0.0000000
5 4 4 0 0.0000000
5 4 4 1 0.0000000
5 4 4 2 0.1045305
5 4 4 3 -0.0000000
5 4 4 4 -0.0000000
5 4 5 0 0.0152518
5 4 5 1 0.0203188
5 4 5 2 -0.0000000
5 4 5 3 0.0165372
5 4 5 4 0.1156179
5 4 5 5 -0.0000000
5 5 0 0 0.7924195
5 5 1 0 -0.0068261
5 5 1 1 0.5033320
5 5 2 0 0.0000000
5 5 2 1 0.0000000
5 5 2 2 0.5204663
5 5 3 0 0.0023317
5 5 3 1 -0.0335300
5 5 3 2 0.0000000
5 5 3 3 0.5156481
5 5 4 0 -0.0086499
5 5 4 1 0.0153050
5 5 4 2 -0.0000000
5 5 4 3 -0.0297290
5 5 4 4 0.5006659
5 5 5 0 -0.0000000
5 5 5 1 -0.0000000
5 5 5 2 -0.0766947
5 5 5 3 -0.0000000
5 5 5 4 -0.0000000
5 5 5 5 0.5876124
6 0 0 0 0.1801160
6 0 1 0 -0.0250915
6 0 1 1 -0.0086499
6 0 2 0 0.0000000
6 0 2 1 0.0000000
6 0 2 2 0.0043646
6 0 3 0 -0.0014414
6 0 3 1 -0.0098508
6 0 3 2 0.0000000
6 0 3 3 0.0098064
6 0 4 0 -0.0101147
6 0 4 1 0.0031289
6 0 4 2 -0.0000000
6 0 4 3 -0.0099358
6 0 4 4 0.0140642
6 0 5 0 0.0000000
6 0 5 1 -0.0000000
6 0 5 2 -0.0010962
6 0 5 3 0.0000000
6 0 5 4 -0.0000000
6 0 5 5 0.0046760
6 0 6 0 0.0274763
6 0 6 1 0.0031407
6 0 6 2 -0.0000000
6 0 6 3 -0.0031213
6 0 6 4 0.0031989
6 0 6 5 -0.0000000
6 0 6 6 -0.0084142
6 1 0 0 -0.2364669
6 1 1 0 0.0000795
6 1 1 1 -0.0694913
6 1 2 0 -0.0000000
6 1 2 1 0.0000000
6 1 2 2 -0.0671063
6 1 3 0 -0.0051337
6 1 3 1 0.0402577
6 1 3 2 -0.0000000
6 1 3 3 -0.0694432
6 1 4 0 0.0102614
6 1 4 1 -0.0089274
6 1 4 2 0.0000000
6 1 4 3 0.0161171
6 1 4 4 -0.0570668
6 1 5 0 0.0000000
6 1 5 1 0.0000000
6 1 5 2 0.0413860
6 1 5 3 0.0000000
6 1 5 4 -0.0000000
6 1 5 5 -0.1056986
6 1 6 0 0.0031407
6 1 6 1 0.1140068
6 1 6 2 -0.0000000
6 1 6 3 0.0578662
6 1 6 4 0.0001056
6 1 6 5 0.0000000
6 1 6 6 0.0033230
6 2 0 0 0.0000000
6 2 1 0 -0.0000000
6 2 1 1 0.0000000
6 2 2 0 -0.0034463
6 2 2 1 -0.0134233
6 2 2 2 0.0000000
6 2 3 0 0.0000000
6 2 3 1 -0.0000000
6 2 3 2 -0.0008882
6 2 3 3 0.0000000
6 2 4 0 -0.0000000
6 2 4 1 0.0000000
6 2 4 2 -0.0015555
6 2 4 3 -0.0000000
6 2 4 4 0.0000000
6 2 5 0 0.0068069
6 2 5 1 0.0199949
6 2 5 2 -0.0000000
6 2 5 3 -0.0012105
6 2 5 4 0.0023419
6 2 5 5 0.0000000
6 2 6 0 -0.0000000
6 2 6 1 -0.0000000
6 2 6 2 0.0121411
6 2 6 3 -0.0000000
6 2 6 4 -0.0000000
6 2 6 5 -0.0162498
6 2 6 6 0.0000000
6 3 0 0 -0.1270044
6 3 1 0 0.0055254
6 3 1 1 0.0130169
6 3 2 0 -0.0000000
6 3 2 1 -0.0000000
6 3 2 2 -0.0537713
6 3 3 0 -0.0035358
6 3 3 1 0.0223721
6 3 3 2 -0.0000000
6 3 3 3 -0.0519264
6 3 4 0 -0.0004536
6 3 4 1 -0.0029807
6 3 4 2 -0.0000000
6 3 4 3 0.0130364
6 3 4 4 -0.0651598
6 3 5 0 -0.0000000
6 3 5 1 0.0000000
6 3 5 2 0.0066769
6 3 5 3 0.0000000
6 3 5 4 -0.0000000
6 3 5 5 -0.0559525
6 3 6 0 -0.0031213
6 3 6 1 0.0578662
6 3 6 2 -0.0000000
6 3 6 3 0.0645258
6 3 6 4 -0.0054658
6 3 6 5 0.0000000
6 3 6 6 0.0323967
6 4 0 0 0.0190260
6 4 1 0 -0.0001334
6 4 1 1 0.0045992
6 4 2 0 0.0000000
6 4 2 1 0.0000000
6 4 2 2 0.0012068
6 4 3 0 -0.0044800
6 4 3 1 -0.0076315
6 4 3 2 -0.0000000
6 4 3 3 0.0204122
6 4 4 0 0.0026273
6 4 4 1 0.0029924
6 4 4 2 -0.0000000
6 4 4 3 -0.0188128
6 4 4 4 0.0082051
6 4 5 0 -0.0000000
6 4 5 1 -0.0000000
6 4 5 2 -0.0088649
6 4 5 3 -0.0000000
6 4 5 4 -0.0000000
6 4 5 5 0.0042299
6 4 6 0 0.0031989
6 4 6 1 0.0001056
6 4 6 2 -0.0000000
6 4 6 3 -0.0054658
6 4 6 4 0.0084610
6 4 6 5 0.0000000
6 4 6 6 0.0041875
6 5 0 0 -0.0000000
6 5 1 0 0.0000000
6 5 1 1 0.0000000
6 5 2 0 0.0061038
6 5 2 1 0.0257625
6 5 2 2 -0.0000000
6 5 3 0 0.0000000
6 5 3 1 0.0000000
6 5 3 2 -0.0124330
6 5 3 3 -0.0000000
6 5 4 0 -0.0000000
6 5 4 1 -0.0000000
6 5 4 2 -0.0162591
6 5 4 3 0.0000000
6 5 4 4 -0.0000000
6 5 5 0 -0.0129430
6 5 5 1 -0.0335332
6 5 5 2 0.0000000
6 5 5 3 -0.0019162
6 5 5 4 -0.0240811
6 5 5 5 -0.0000000
6 5 6 0 -0.0000000
6 5 6 1 0.0000000
6 5 6 2 -0.0162498
6 5 6 3 0.0000000
6 5 6 4 0.0000000
6 5 6 5 0.0290968
6 5 6 6 0.0000000
6 6 0 0 0.6875465
6 6 1 0 -0.0003680
6 6 1 1 0.5970219
6 6 2 0 -0.0000000
6 6 2 1 -0.0000000
6 6 2 2 0.3843927
6 6 3 0 0.0127207
6 6 3 1 0.0792939
6 6 3 2 -0.0000000
6 6 3 3 0.4796340
6 6 4 0 -0.0155652
6 6 4 1 0.0151117
6 6 4 2 -0.0000000
6 6 4 3 -0.0334057
6 6 4 4 0.3511382
6 6 5 0 0.0000000
6 6 5 1 -0.0000000
6 6 5 2 -0.0999177
6 6 5 3 0.0000000
6 6 5 4 0.0000000
6 6 5 5 0.4574595
6 6 6 0 -0.0084142
6 6 6 1 0.0033230
6 6 6 2 0.0000000
6 6 6 3 0.0323967
6 6 6 4 0.0041875
6 6 6 5 0.0000000
6 6 6 6 0.6519605
7 0 0 0 0.0837421
7 0 1 0 -0.0043072
7 0 1 1 0.0097145
7 0 2 0 0.0000000
7 0 2 1 -0.0000000
7 0 2 2 -0.0038801
7 0 3 0 -0.0003707
7 0 3 1 -0.0048387
7 0 3 2 0.0000000
7 0 3 3 0.0018019
7 0 4 0 -0.0127206
7 0 4 1 0.0024138
7 0 4 2 -0.0000000
7 0 4 3 -0.0026916
7 0 4 4 -0.0046131
7 0 5 0 0.0000000
7 0 5 1 -0.0000000
7 0 5 2 -0.0013374
7 0 5 3 0.0000000
7 0 5 4 0.0000000
7 0 5 5 0.0004825
7 0 6 0 0.0049948
7 0 6 1 -0.0042400
7 0 6 2 0.0000000
7 0 6 3 0.0046063
7 0 6 4 -0.0005737
7 0 6 5 0.0000000
7 0 6 6 0.0028724
7 0 7 0 0.0112925
7 0 7 1 0.0020582
7 0 7 2 -0.0000000
7 0 7 3 -0.0013485
7 0 7 4 0.0041616
7 0 7 5 -0.0000000
7 0 7 6 -0.0029436
7 0 7 7 -0.0062528
7 1 0 0 0.0109440
7 1 1 0 0.0021794
7 1 1 1 0.0120418
7 1 2 0 -0.0000000
7 1 2 1 -0.0000000
7 1 2 2 -0.0092874
7 1 3 0 -0.0033869
7 1 3 1 -0.0102383
7 1 3 2 0.0000000
7 1 3 3 0.0072527
7 1 4 0 -0.0001551
7 1 4 1 0.0035859
7 1 4 2 0.0000000
7 1 4 3 -0.0086725
7 1 4 4 -0.0055031
7 1 5 0 0.0000000
7 1 5 1 0.0000000
7 1 5 2 -0.0047929
7 1 5 3 0.0000000
7 1 5 4 0.0000000
7 1 5 5 -0.0012804
7 1 6 0 0.0000767
7 1 6 1 -0.0027951
7 1 6 2 0.0000000
7 1 6 3 0.0060566
7 1 6 4 0.0022221
7 1 6 5 -0.0000000
7 1 6 6 0.0039577
7 1 7 0 0.0020582
7 1 7 1 0.0130290
7 1 7 2 0.0000000
7 1 7 3 0.0025475
7 1 7 4 -0.0004552
7 1 7 5 -0.0000000
7 1 7 6 0.0048350
7 1 7 7 0.0020270
7 2 0 0 -0.0000000
7 2 1 0 -0.0000000
7 2 1 1 -0.0000000
7 2 2 0 -0.0038795
7 2 2 1 -0.0219429
7 2 2 2 0.0000000
7 2 3 0 0.0000000
7 2 3 1 0.0000000
7 2 3 2 0.0299026
7 2 3 3 -0.0000000
7 2 4 0 0.0000000
7 2 4 1 0.0000000
7 2 4 2 0.0424561
7 2 4 3 0.0000000
7 2 4 4 0.0000000
7 2 5 0 0.0092286
7 2 5 1 0.0131835
7 2 5 2 -0.0000000
7 2 5 3 0.0079756
7 2 5 4 0.0497706
7 2 5 5 -0.0000000
7 2 6 0 -0.0000000
7 2 6 1 0.0000000
7 2 6 2 0.0052114
7 2 6 3 -0.0000000
7 2 6 4 -0.0000000
7 2 6 5 -0.0149142
7 2 6 6 -0.0000000
7 2 7 0 -0.0000000
7 2 7 1 0.0000000
7 2 7 2 0.0332100
7 2 7 3 -0.0000000
7 2 7 4 -0.0000000
7 2 7 5 -0.0046828
7 2 7 6 -0.0000000
7 2 7 7 -0.0000000
7 3 0 0 -0.0277311
7 3 1 0 -0.0027274
7 3 1 1 -0.0378092
7 3 2 0 0.0000000
7 3 2 1 0.0000000
7 3 2 2 0.0204387
7 3 3 0 -0.0041996
7 3 3 1 -0.0113854
7 3 3 2 0.0000000
7 3 3 3 0.0002785
7 3 4 0 0.0040365
7 3 4 1 -0.0038546
7 3 4 2 -0.0000000
7 3 4 3 -0.0028337
7 3 4 4 0.0306799
7 3 5 0 -0.0000000
7 3 5 1 0.0000000
7 3 5 2 0.0180139
7 3 5 3 -0.0000000
7 3 5 4 -0.0000000
7 3 5 5 0.0021905
7 3 6 0 0.0057483
7 3 6 1 0.0051963
7 3 6 2 -0.0000000
7 3 6 3 -0.0117840
7 3 6 4 0.0072502
7 3 6 5 -0.0000000
7 3 6 6 -0.0365213
7 3 7 0 -0.0013485
7 3 7 1 0.0025475
7 3 7 2 -0.0000000
7 3 7 3 0.0263229
7 3 7 4 -0.0010713
7 3 7 5 0.0000000
7 3 7 6 -0.0017384
7 3 7 7 -0.0164073
7 4 0 0 -0.1312813
7 4 1 0 0.0076407
7 4 1 1 -0.0274831
7 4 2 0 -0.0000000
7 4 2 1 0.0000000
7 4 2 2 -0.0123780
7 4 3 0 -0.0018421
7 4 3 1 0.0016014
7 4 3 2 -0.0000000
7 4 3 3 -0.0432345
7 4 4 0 0.0004382
7 4 4 1 -0.0060522
7 4 4 2 0.0000000
7 4 4 3 0.0249245
7 4 4 4 -0.0179288
7 4 5 0 -0.0000000
7 4 5 1 0.0000000
7 4 5 2 0.0327254
7 4 5 3 -0.0000000
7 4 5 4 -0.0000000
7 4 5 5 -0.0303304
7 4 6 0 -0.0062907
7 4 6 1 0.0144177
7 4 6 2 -0.0000000
7 4 6 3 0.0184448
7 4 6 4 -0.0076640
7 4 6 5 0.0000000
7 4 6 6 -0.0321114
7 4 7 0 0.0041616
7 4 7 1 -0.0004552
7 4 7 2 -0.0000000
7 4 7 3 -0.0010713
7 4 7 4 0.0279138
7 4 7 5 -0.0000000
7 4 7 6 -0.0007677
7 4 7 7 -0.0380978
7 5 0 0 0.0000000
7 5 1 0 0.0000000
7 5 1 1 0.0000000
7 5 2 0 0.0033725
7 5 2 1 0.0033679
7 5 2 2 0.0000000
7 5 3 0 0.0000000
7 5 3 1 0.0000000
7 5 3 2 0.0035167
7 5 3 3 0.0000000
7 5 4 0 -0.0000000
7 5 4 1 0.0000000
7 5 4 2 0.0159960
7 5 4 3 -0.0000000
7 5 4 4 0.0000000
7 5 5 0 -0.0057844
7 5 5 1 -0.0070850
7 5 5 2 0.0000000
7 5 5 3 0.0045993
7 5 5 4 0.0051695
7 5 5 5 0.0000000
7 5 6 0 0.0000000
7 5 6 1 -0.0000000
7 5 6 2 -0.0051127
7 5 6 3 -0.0000000
7 5 6 4 -0.0000000
7 5 6 5 0.0045958
7 5 6 6 0.0000000
7 5 7 0 -0.0000000
7 5 7 1 -0.0000000
7 5 7 2 -0.0046828
7 5 7 3 0.0000000
7 5 7 4 -0.0000000
7 5 7 5 0.0107910
7 5 7 6 0.0000000
7 5 7 7 0.0000000
7 6 0 0 0.0200784
7 6 1 0 -0.0022672
7 6 1 1 0.0013582
7 6 2 0 0.0000000
7 6 2 1 0.0000000
7 6 2 2 0.0103836
7 6 3 0 0.0073581
7 6 3 1 0.0205445
7 6 3 2 -0.0000000
7 6 3 3 -0.0015084
7 6 4 0 -0.0018170
7 6 4 1 -0.0017941
7 6 4 2 -0.0000000
7 6 4 3 0.0145863
7 6 4 4 0.0015920
7 6 5 0 0.0000000
7 6 5 1 -0.0000000
7 6 5 2 -0.0021443
7 6 5 3 -0.0000000
7 6 5 4 -0.0000000
7 6 5 5 0.0081669
7 6 6 0 -0.0028873
7 6 6 1 -0.0012456
7 6 6 2 0.0000000
7 6 6 3 -0.0087522
7 6 6 4 -0.0063477
7 6 6 5 0.0000000
7 6 6 6 0.0172915
7 6 7 0 -0.0029436
7 6 7 1 0.0048350
7 6 7 2 -0.0000000
7 6 7 3 -0.0017384
7 6 7 4 -0.0007677
7 6 7 5 0.0000000
7 6 7 6 0.0412241
7 6 7 7 0.0175668
7 7 0 0 0.5615978
7 7 1 0 -0.0086841
7 7 1 1 0.4486745
7 7 2 0 0.0000000
7 7 2 1 -0.0000000
7 7 2 2 0.3831223
7 7 3 0 0.0073575
7 7 3 1 0.0438619
7 7 3 2 -0.0000000
7 7 3 3 0.4199143
7 7 4 0 -0.0026231
7 7 4 1 0.0064592
7 7 4 2 -0.0000000
7 7 4 3 -0.0205756
7 7 4 4 0.3694181
7 7 5 0 0.0000000
7 7 5 1 -0.0000000
7 7 5 2 -0.0550279
7 7 5 3 0.0000000
7 7 5 4 0.0000000
7 7 5 5 0.4074000
7 7 6 0 0.0031156
7 7 6 1 0.0138242
7 7 6 2 0.0000000
7 7 6 3 0.0070101
7 7 6 4 0.0054324
7 7 6 5 0.0000000
7 7 6 6 0.5084878
7 7 7 0 -0.0062528
7 7 7 1 0.0020270
7 7 7 2 -0.0000000
7 7 7 3 -0.0164073
7 7 7 4 -0.0380978
7 7 7 5 0.0000000
7 7 7 6 0.0175668
7 7 7 7 0.5146545
8 0 0 0 0.0000000
8 0 1 0 -0.0000000
8 0 1 1 -0.0000000
8 0 2 0 -0.0001894
8 0 2 1 -0.0002935
8 0 2 2 0.0000000
8 0 3 0 0.0000000
8 0 3 1 0.0000000
8 0 3 2 0.0001289
8 0 3 3 -0.0000000
8 0 4 0 0.0000000
8 0 4 1 0.0000000
8 0 4 2 -0.0000237
8 0 4 3 -0.0000000
8 0 4 4 0.0000000
8 0 5 0 0.0003899
8 0 5 1 0.0004587
8 0 5 2 -0.0000000
8 0 5 3 -0.0000951
8 0 5 4 0.0002270
8 0 5 5 -0.0000000
8 0 6 0 -0.0000000
8 0 6 1 0.0000000
8 0 6 2 0.0001835
8 0 6 3 -0.0000000
8 0 6 4 -0.0000000
8 0 6 5 -0.0003492
8 0 6 6 0.0000000
8 0 7 0 0.0000000
8 0 7 1 0.0000000
8 0 7 2 0.0001585
8 0 7 3 -0.0000000
8 0 7 4 -0.0000000
8 0 7 5 -0.0001181
8 0 7 6 0.0000000
8 0 7 7 0.0000000
8 0 8 0 0.0000104
8 0 8 1 0.0000055
8 0 8 2 -0.0000000
8 0 8 3 -0.0000455
8 0 8 4 -0.0000015
8 0 8 5 -0.0000000
8 0 8 6 -0.0002016
8 0 8 7 0.0000280
8 0 8 8 -0.0000000
8 1 0 0 -0.0000000
8 1 1 0 -0.0000000
8 1 1 1 -0.0000000
8 1 2 0 -0.0013272
8 1 2 1 -0.0113726
8 1 2 2 0.0000000
8 1 3 0 0.0000000
8 1 3 1 0.0000000
8 1 3 2 0.0047000
8 1 3 3 -0.0000000
8 1 4 0 0.0000000
8 1 4 1 0.0000000
8 1 4 2 0.0077742
8 1 4 3 -0.0000000
8 1 4 4 -0.0000000
8 1 5 0 0.0029036
8 1 5 1 0.0146160
8 1 5 2 -0.0000000
8 1 5 3 0.0016966
8 1 5 4 0.0086255
8 1 5 5 -0.0000000
8 1 6 0 -0.0000000
8 1 6 1 0.0000000
8 1 6 2 0.0067964
8 1 6 3 0.0000000
8 1 6 4 -0.0000000
8 1 6 5 -0.0094619
8 1 6 6 0.0000000
8 1 7 0 0.0000000
8 1 7 1 0.0000000
8 1 7 2 0.0056439
8 1 7 3 -0.0000000
8 1 7 4 0.0000000
8 1 7 5 -0.0015603
8 1 7 6 -0.0000000
8 1 7 7 0.0000000
8 1 8 0 0.0000055
8 1 8 1 0.0213588
8 1 8 2 -0.0000000
8 1 8 3 0.0126744
8 1 8 4 -0.0007099
8 1 8 5 0.0000000
8 1 8 6 0.0257400
8 1 8 7 0.0007382
8 1 8 8 0.0000000
8 2 0 0 -0.0193783
8 2 1 0 0.0001187
8 2 1 1 -0.0058284
8 2 2 0 0.0000000
8 2 2 1 0.0000000
8 2 2 2 -0.0151804
8 2 3 0 -0.0002112
8 2 3 1 0.0052416
8 2 3 2 -0.0000000
8 2 3 3 -0.0097774
8 2 4 0 0.0001494
8 2 4 1 -0.0000778
8 2 4 2 -0.0000000
8 2 4 3 0.0002025
8 2 4 4 -0.0135963
8 2 5 0 -0.0000000
8 2 5 1 -0.0000000
8 2 5 2 0.0022514
8 2 5 3 0.0000000
8 2 5 4 -0.0000000
8 2 5 5 -0.0161055
8 2 6 0 -0.0000122
8 2 6 1 0.0138813
8 2 6 2 -0.0000000
8 2 6 3 0.0092015
8 2 6 4 0.0000489
8 2 6 5 0.0000000
8 2 6 6 0.0067295
8 2 7 0 0.0001635
8 2 7 1 0.0009911
8 2 7 2 -0.0000000
8 2 7 3 -0.0017708
8 2 7 4 0.0010088
8 2 7 5 0.0000000
8 2 7 6 -0.0012414
8 2 7 7 0.0077117
8 2 8 0 -0.0000000
8 2 8 1 -0.0000000
8 2 8 2 0.0042070
8 2 8 3 -0.0000000
8 2 8 4 0.0000000
8 2 8 5 -0.0033877
8 2 8 6 -0.0000000
8 2 8 7 -0.0000000
8 2 8 8 0.0294668
8 3 0 0 0.0000000
8 3 1 0 -0.0000000
8 3 1 1 -0.0000000
8 3 2 0 -0.0003906
8 3 2 1 -0.0038071
8 3 2 2 0.0000000
8 3 3 0 0.0000000
8 3 3 1 -0.0000000
8 3 3 2 0.0001794
8 3 3 3 0.0000000
8 3 4 0 0.0000000
8 3 4 1 0.0000000
8 3 4 2 0.0023542
8 3 4 3 -0.0000000
8 3 4 4 0.0000000
8 3 5 0 0.0008430
8 3 5 1 0.0052908
8 3 5 2 -0.0000000
8 3 5 3 0.0020236
8 3 5 4 0.0020575
8 3 5 5 0.0000000
8 3 6 0 -0.0000000
8 3 6 1 -0.0000000
8 3 6 2 0.0031860
8 3 6 3 -0.0000000
8 3 6 4 -0.0000000
8 3 6 5 -0.0036273
8 3 6 6 0.0000000
8 3 7 0 -0.0000000
8 3 7 1 0.0000000
8 3 7 2 0.0017488
8 3 7 3 0.0000000
8 3 7 4 -0.0000000
8 3 7 5 -0.0008164
8 3 7 6 0.0000000
8 3 7 7 -0.0000000
8 3 8 0 -0.0000455
8 3 8 1 0.0126744
8 3 8 2 -0.0000000
8 3 8 3 0.0083679
8 3 8 4 -0.0002863
8 3 8 5 0.0000000
8 3 8 6 0.0173542
8 3 8 7 -0.0012077
8 3 8 8 -0.0000000
8 4 0 0 0.0000000
8 4 1 0 0.0000000
8 4 1 1 0.0000000
8 4 2 0 -0.0000037
8 4 2 1 0.0014032
8 4 2 2 -0.0000000
8 4 3 0 0.0000000
8 4 3 1 -0.0000000
8 4 3 2 -0.0014823
8 4 3 3 0.0000000
8 4 4 0 -0.0000000
8 4 4 1 -0.0000000
8 4 4 2 -0.0035901
8 4 4 3 0.0000000
8 4 4 4 0.0000000
8 4 5 0 -0.0001211
8 4 5 1 -0.0005555
8 4 5 2 -0.0000000
8 4 5 3 -0.0009347
8 4 5 4 -0.0028302
8 4 5 5 0.0000000
8 4 6 0 0.0000000
8 4 6 1 -0.0000000
8 4 6 2 -0.0002688
8 4 6 3 -0.0000000
8 4 6 4 0.0000000
8 4 6 5 0.0006639
8 4 6 6 -0.0000000
8 4 7 0 -0.0000000
8 4 7 1 -0.0000000
8 4 7 2 -0.0013317
8 4 7 3 0.0000000
8 4 7 4 -0.0000000
8 4 7 5 -0.0003035
8 4 7 6 0.0000000
8 4 7 7 -0.0000000
8 4 8 0 -0.0000015
8 4 8 1 -0.0007099
8 4 8 2 0.0000000
8 4 8 3 -0.0002863
8 4 8 4 0.0002246
8 4 8 5 0.0000000
8 4 8 6 -0.0003002
8 4 8 7 0.0003296
8 4 8 8 -0.0000000
8 5 0 0 0.0263091
8 5 1 0 0.0002648
8 5 1 1 0.0165637
8 5 2 0 -0.0000000
8 5 2 1 -0.0000000
8 5 2 2 0.0120663
8 5 3 0 0.0003108
8 5 3 1 -0.0025645
8 5 3 2 0.0000000
8 5 3 3 0.0136302
8 5 4 0 -0.0006264
8 5 4 1 0.0012619
8 5 4 2 -0.0000000
8 5 4 3 -0.0026756
8 5 4 4 0.0091512
8 5 5 0 0.0000000
8 5 5 1 -0.0000000
8 5 5 2 -0.0074600
8 5 5 3 0.0000000
8 5 5 4 0.0000000
8 5 5 5 0.0176131
8 5 6 0 -0.0004219
8 5 6 1 -0.0125917
8 5 6 2 0.0000000
8 5 6 3 -0.0061074
8 5 6 4 0.0001171
8 5 6 5 -0.0000000
8 5 6 6 0.0045601
8 5 7 0 0.0001243
8 5 7 1 -0.0006066
8 5 7 2 0.0000000
8 5 7 3 -0.0002821
8 5 7 4 -0.0020335
8 5 7 5 0.0000000
8 5 7 6 0.0003039
8 5 7 7 -0.0022017
8 5 8 0 -0.0000000
8 5 8 1 0.0000000
8 5 8 2 -0.0033877
8 5 8 3 0.0000000
8 5 8 4 0.0000000
8 5 8 5 0.0034151
8 5 8 6 0.0000000
8 5 8 7 0.0000000
8 5 8 8 -0.0175617
8 6 0 0 -0.0000000
8 6 1 0 -0.0000000
8 6 1 1 -0.0000000
8 6 2 0 -0.0001532
8 6 2 1 -0.0037528
8 6 2 2 0.0000000
8 6 3 0 -0.0000000
8 6 3 1 0.0000000
8 6 3 2 0.0022814
8 6 3 3 -0.0000000
8 6 4 0 0.0000000
8 6 4 1 0.0000000
8 6 4 2 0.0045370
8 6 4 3 -0.0000000
8 6 4 4 -0.0000000
8 6 5 0 0.0004187
8 6 5 1 0.0049667
8 6 5 2 -0.0000000
8 6 5 3 0.0015242
8 6 5 4 0.0036227
8 6 5 5 -0.0000000
8 6 6 0 0.0000000
8 6 6 1 0.0000000
8 6 6 2 0.0038460
8 6 6 3 0.0000000
8 6 6 4 -0.0000000
8 6 6 5 -0.0032397
8 6 6 6 0.0000000
8 6 7 0 -0.0000000
8 6 7 1 0.0000000
8 6 7 2 0.0020947
8 6 7 3 -0.0000000
8 6 7 4 0.0000000
8 6 7 5 -0.0004295
8 6 7 6 0.0000000
8 6 7 7 0.0000000
8 6 8 0 -0.0002016
8 6 8 1 0.0257400
8 6 8 2 -0.0000000
8 6 8 3 0.0173542
8 6 8 4 -0.0003002
8 6 8 5 0.0000000
8 6 8 6 0.0418260
8 6 8 7 0.0010709
8 6 8 8 0.0000000
8 7 0 0 -0.0000000
8 7 1 0 0.0000000
8 7 1 1 0.0000000
8 7 2 0 0.0001990
8 7 2 1 0.0011010
8 7 2 2 -0.0000000
8 7 3 0 -0.0000000
8 7 3 1 -0.0000000
8 7 3 2 -0.0010718
8 7 3 3 0.0000000
8 7 4 0 -0.0000000
8 7 4 1 -0.0000000
8 7 4 2 -0.0004724
8 7 4 3 0.0000000
8 7 4 4 -0.0000000
8 7 5 0 -0.0003985
8 7 5 1 -0.0016135
8 7 5 2 0.0000000
8 7 5 3 0.0002884
8 7 5 4 -0.0009581
8 7 5 5 0.0000000
8 7 6 0 0.0000000
8 7 6 1 -0.0000000
8 7 6 2 -0.0005179
8 7 6 3 0.0000000
8 7 6 4 0.0000000
8 7 6 5 0.0007363
8 7 6 6 -0.0000000
8 7 7 0 -0.0000000
8 7 7 1 0.0000000
8 7 7 2 0.0010891
8 7 7 3 -0.0000000
8 7 7 4 -0.0000000
8 7 7 5 -0.0011615
8 7 7 6 0.0000000
8 7 7 7 -0.0000000
8 7 8 0 0.0000280
8 7 8 1 0.0007382
8 7 8 2 -0.0000000
8 7 8 3 -0.0012077
8 7 8 4 0.0003296
8 7 8 5 0.0000000
8 7 8 6 0.0010709
8 7 8 7 0.0210482
8 7 8 8 -0.0000000
8 8 0 0 0.3244153
8 8 1 0 0.0029872
8 8 1 1 0.4381226
8 8 2 0 -0.0000000
8 8 2 1 -0.0000000
8 8 2 2 0.2654065
8 8 3 0 0.0038570
8 8 3 1 0.0881983
8 8 3 2 -0.0000000
8 8 3 3 0.3233295
8 8 4 0 -0.0041388
8 8 4 1 0.0025133
8 8 4 2 -0.0000000
8 8 4 3 -0.0069910
8 8 4 4 0.2380342
8 8 5 0 -0.0000000
8 8 5 1 -0.0000000
8 8 5 2 -0.0446523
8 8 5 3 0.0000000
8 8 5 4 0.0000000
8 8 5 5 0.2899555
8 8 6 0 -0.0058970
8 8 6 1 0.0970072
8 8 6 2 -0.0000000
8 8 6 3 0.0874487
8 8 6 4 0.0001595
8 8 6 5 0.0000000
8 8 6 6 0.5355503
8 8 7 0 0.0013686
8 8 7 1 0.0047794
8 8 7 2 -0.0000000
8 8 7 3 -0.0325865
8 8 7 4 -0.0038558
8 8 7 5 0.0000000
8 8 7 6 0.0080879
8 8 7 7 0.4670421
8 8 8 0 -0.0000000
8 8 8 1 0.0000000
8 8 8 2 0.0294668
8 8 8 3 -0.0000000
8 8 8 4 -0.0000000
8 8 8 5 -0.0175617
8 8 8 6 0.0000000
8 8 8 7 -0.0000000
8 8 8 8 0.6728327
9 0 0 0 -0.0027896
9 0 1 0 0.0001222
9 0 1 1 -0.0004645
9 0 2 0 -0.0000000
9 0 2 1 0.0000000
9 0 2 2 -0.0003368
9 0 3 0 -0.0000539
9 0 3 1 0.0001883
9 0 3 2 -0.0000000
9 0 3 3 -0.0004730
9 0 4 0 0.0002067
9 0 4 1 -0.0000701
9 0 4 2 0.0000000
9 0 4 3 0.0001407
9 0 4 4 -0.0003356
9 0 5 0 -0.0000000
9 0 5 1 0.0000000
9 0 5 2 0.0002273
9 0 5 3 0.0000000
9 0 5 4 -0.0000000
9 0 5 5 -0.0005824
9 0 6 0 -0.0000906
9 0 6 1 0.0004755
9 0 6 2 -0.0000000
9 0 6 3 0.0002290
9 0 6 4 -0.0000123
9 0 6 5 0.0000000
9 0 6 6 -0.0001355
9 0 7 0 -0.0001214
9 0 7 1 -0.0000159
9 0 7 2 0.0000000
9 0 7 3 0.0000169
9 0 7 4 0.0000852
9 0 7 5 -0.0000000
9 0 7 6 0.0000201
9 0 7 7 0.0000576
9 0 8 0 -0.0000000
9 0 8 1 0.0000000
9 0 8 2 0.0000719
9 0 8 3 -0.0000000
9 0 8 4 -0.0000000
9 0 8 5 -0.0000695
9 0 8 6 0.0000000
9 0 8 7 0.0000000
9 0 8 8 0.0004524
9 0 9 0 0.0000067
9 0 9 1 -0.0000505
9 0 9 2 0.0000000
9 0 9 3 -0.0000637
9 0 9 4 -0.0000079
9 0 9 5 -0.0000000
9 0 9 6 -0.0002076
9 0 9 7 0.0000201
9 0 9 8 -0.0000000
9 0 9 9 0.0031099
9 1 0 0 -0.0045890
9 1 1 0 -0.0001261
9 1 1 1 -0.0023443
9 1 2 0 0.0000000
9 1 2 1 0.0000000
9 1 2 2 -0.0025178
9 1 3 0 0.0000318
9 1 3 1 0.0018437
9 1 3 2 -0.0000000
9 1 3 3 -0.0021819
9 1 4 0 0.0001029
9 1 4 1 -0.0001948
9 1 4 2 0.0000000
9 1 4 3 0.0005202
9 1 4 4 -0.0021615
9 1 5 0 0.0000000
9 1 5 1 0.0000000
9 1 5 2 0.0010471
9 1 5 3 0.0000000
9 1 5 4 -0.0000000
9 1 5 5 -0.0033857
9 1 6 0 0.0000899
9 1 6 1 0.0043098
9 1 6 2 -0.0000000
9 1 6 3 0.0022423
9 1 6 4 0.0000077
9 1 6 5 0.0000000
9 1 6 6 0.0021609
9 1 7 0 -0.0000893
9 1 7 1 0.0002119
9 1 7 2 -0.0000000
9 1 7 3 0.0003272
9 1 7 4 0.0002317
9 1 7 5 0.0000000
9 1 7 6 0.0006862
9 1 7 7 -0.0002584
9 1 8 0 0.0000000
9 1 8 1 0.0000000
9 1 8 2 0.0004561
9 1 8 3 0.0000000
9 1 8 4 -0.0000000
9 1 8 5 -0.0004447
9 1 8 6 0.0000000
9 1 8 7 0.0000000
9 1 8 8 0.0013900
9 1 9 0 -0.0000505
9 1 9 1 0.0041027
9 1 9 2 -0.0000000
9 1 9 3 0.0030438
9 1 9 4 0.0001777
9 1 9 5 0.0000000
9 1 9 6 0.0092632
9 1 9 7 0.0007801
9 1 9 8 0.0000000
9 1 9 9 -0.0404727
9 2 0 0 0.0000000
9 2 1 0 0.0000000
9 2 1 1 0.0000000
9 2 2 0 -0.0000368
9 2 2 1 -0.0002384
9 2 2 2 0.0000000
9 2 3 0 -0.0000000
9 2 3 1 -0.0000000
9 2 3 2 0.0000195
9 2 3 3 0.0000000
9 2 4 0 -0.0000000
9 2 4 1 0.0000000
9 2 4 2 0.0000082
9 2 4 3 -0.0000000
9 2 4 4 0.0000000
9 2 5 0 0.0000736
9 2 5 1 0.0003757
9 2 5 2 -0.0000000
9 2 5 3 -0.0000460
9 2 5 4 0.0000219
9 2 5 5 0.0000000
9 2 6 0 -0.0000000
9 2 6 1 -0.0000000
9 2 6 2 0.0002359
9 2 6 3 -0.0000000
9 2 6 4 -0.0000000
9 2 6 5 -0.0002749
9 2 6 6 -0.0000000
9 2 7 0 0.0000000
9 2 7 1 -0.0000000
9 2 7 2 0.0000251
9 2 7 3 -0.0000000
9 2 7 4 -0.0000000
9 2 7 5 -0.0000378
9 2 7 6 -0.0000000
9 2 7 7 -0.0000000
9 2 8 0 0.0000011
9 2 8 1 0.0005411
9 2 8 2 -0.0000000
9 2 8 3 0.0003313
9 2 8 4 0.0000012
9 2 8 5 0.0000000
9 2 8 6 0.0007522
9 2 8 7 0.0000536
9 2 8 8 -0.0000000
9 2 9 0 0.0000000
9 2 9 1 -0.0000000
9 2 9 2 0.0002032
9 2 9 3 -0.0000000
9 2 9 4 -0.0000000
9 2 9 5 -0.0001721
9 2 9 6 -0.0000000
9 2 9 7 -0.0000000
9 2 9 8 0.0016581
9 2 9 9 0.0000000
9 3 0 0 -0.0007214
9 3 1 0 0.0000364
9 3 1 1 0.0002559
9 3 2 0 -0.0000000
9 3 2 1 -0.0000000
9 3 2 2 -0.0008595
9 3 3 0 -0.0000605
9 3 3 1 0.0003490
9 3 3 2 -0.0000000
9 3 3 3 -0.0001889
9 3 4 0 -0.0000045
9 3 4 1 0.0000770
9 3 4 2 -0.0000000
9 3 4 3 -0.0000860
9 3 4 4 -0.0007939
9 3 5 0 -0.0000000
9 3 5 1 0.0000000
9 3 5 2 -0.0000086
9 3 5 3 0.0000000
9 3 5 4 0.0000000
9 3 5 5 -0.0007363
9 3 6 0 0.0000019
9 3 6 1 0.0012398
9 3 6 2 -0.0000000
9 3 6 3 0.0010597
9 3 6 4 0.0000003
9 3 6 5 0.0000000
9 3 6 6 0.0012056
9 3 7 0 0.0000414
9 3 7 1 0.0000013
9 3 7 2 -0.0000000
9 3 7 3 -0.0000623
9 3 7 4 0.0000573
9 3 7 5 -0.0000000
9 3 7 6 -0.0002548
9 3 7 7 -0.0012750
9 3 8 0 -0.0000000
9 3 8 1 -0.0000000
9 3 8 2 -0.0000505
9 3 8 3 -0.0000000
9 3 8 4 0.0000000
9 3 8 5 0.0000574
9 3 8 6 -0.0000000
9 3 8 7 -0.0000000
9 3 8 8 -0.0013383
9 3 9 0 -0.0000637
9 3 9 1 0.0030438
9 3 9 2 -0.0000000
9 3 9 3 0.0025622
9 3 9 4 0.0001468
9 3 9 5 0.0000000
9 3 9 6 0.0075547
9 3 9 7 -0.0005950
9 3 9 8 -0.0000000
9 3 9 9 -0.0449588
9 4 0 0 0.0008067
9 4 1 0 -0.0000519
9 4 1 1 0.0000521
9 4 2 0 0.0000000
9 4 2 1 0.0000000
9 4 2 2 0.0001740
9 4 3 0 0.0000216
9 4 3 1 -0.0000621
9 4 3 2 0.0000000
9 4 3 3 0.0001681
9 4 4 0 -0.0000136
9 4 4 1 -0.0000013
9 4 4 2 -0.0000000
9 4 4 3 -0.0001016
9 4 4 4 0.0002029
9 4 5 0 -0.0000000
9 4 5 1 -0.0000000
9 4 5 2 -0.0001315
9 4 5 3 -0.0000000
9 4 5 4 -0.0000000
9 4 5 5 0.0002113
9 4 6 0 0.0000394
9 4 6 1 -0.0002868
9 4 6 2 0.0000000
9 4 6 3 -0.0002643
9 4 6 4 0.0000479
9 4 6 5 -0.0000000
9 4 6 6 -0.0002194
9 4 7 0 -0.0000204
9 4 7 1 0.0000004
9 4 7 2 -0.0000000
9 4 7 3 0.0000972
9 4 7 4 -0.0001496
9 4 7 5 0.0000000
9 4 7 6 0.0000756
9 4 7 7 -0.0001942
9 4 8 0 -0.0000000
9 4 8 1 -0.0000000
9 4 8 2 -0.0000937
9 4 8 3 -0.0000000
9 4 8 4 0.0000000
9 4 8 5 0.0000765
9 4 8 6 -0.0000000
9 4 8 7 -0.0000000
9 4 8 8 -0.0006215
9 4 9 0 -0.0000079
9 4 9 1 0.0001777
9 4 9 2 -0.0000000
9 4 9 3 0.0001468
9 4 9 4 0.0000240
9 4 9 5 0.0000000
9 4 9 6 0.0005411
9 4 9 7 0.0002011
9 4 9 8 -0.0000000
9 4 9 9 -0.0068805
9 5 0 0 0.0000000
9 5 1 0 0.0000000
9 5 1 1 0.0000000
9 5 2 0 0.0000722
9 5 2 1 0.0004505
9 5 2 2 -0.0000000
9 5 3 0 0.0000000
9 5 3 1 0.0000000
9 5 3 2 -0.0002366
9 5 3 3 0.0000000
9 5 4 0 -0.0000000
9 5 4 1 -0.0000000
9 5 4 2 -0.0002644
9 5 4 3 0.0000000
9 5 4 4 0.0000000
9 5 5 0 -0.0001573
9 5 5 1 -0.0006347
9 5 5 2 0.0000000
9 5 5 3 0.0000241
9 5 5 4 -0.0003457
9 5 5 5 0.0000000
9 5 6 0 -0.0000000
9 5 6 1 0.0000000
9 5 6 2 -0.0002905
9 5 6 3 0.0000000
9 5 6 4 0.0000000
9 5 6 5 0.0004531
9 5 6 6 0.0000000
9 5 7 0 0.0000000
9 5 7 1 -0.0000000
9 5 7 2 -0.0001831
9 5 7 3 0.0000000
9 5 7 4 -0.0000000
9 5 7 5 0.0000161
9 5 7 6 0.0000000
9 5 7 7 -0.0000000
9 5 8 0 -0.0000036
9 5 8 1 -0.0005993
9 5 8 2 0.0000000
9 5 8 3 -0.0003404
9 5 8 4 0.0000049
9 5 8 5 0.0000000
9 5 8 6 -0.0007078
9 5 8 7 0.0000285
9 5 8 8 -0.0000000
9 5 9 0 -0.0000000
9 5 9 1 0.0000000
9 5 9 2 -0.0001721
9 5 9 3 0.0000000
9 5 9 4 0.0000000
9 5 9 5 0.0001501
9 5 9 6 0.0000000
9 5 9 7 0.0000000
9 5 9 8 -0.0013754
9 5 9 9 -0.0000000
9 6 0 0 0.0032940
9 6 1 0 0.0000894
9 6 1 1 0.0044020
9 6 2 0 -0.0000000
9 6 2 1 -0.0000000
9 6 2 2 0.0009278
9 6 3 0 0.0001113
9 6 3 1 0.0017965
9 6 3 2 -0.0000000
9 6 3 3 0.0026340
9 6 4 0 -0.0001270
9 6 4 1 0.0001683
9 6 4 2 -0.0000000
9 6 4 3 -0.0002285
9 6 4 4 0.0008182
9 6 5 0 0.0000000
9 6 5 1 -0.0000000
9 6 5 2 -0.0006878
9 6 5 3 0.0000000
9 6 5 4 0.0000000
9 6 5 5 0.0016797
9 6 6 0 -0.0001478
9 6 6 1 0.0011967
9 6 6 2 -0.0000000
9 6 6 3 0.0011229
9 6 6 4 0.0000681
9 6 6 5 0.0000000
9 6 6 6 0.0050018
9 6 7 0 0.0000215
9 6 7 1 0.0001201
9 6 7 2 0.0000000
9 6 7 3 0.0004654
9 6 7 4 -0.0003140
9 6 7 5 0.0000000
9 6 7 6 0.0007009
9 6 7 7 -0.0033706
9 6 8 0 0.0000000
9 6 8 1 -0.0000000
9 6 8 2 -0.0008654
9 6 8 3 0.0000000
9 6 8 4 0.0000000
9 6 8 5 0.0008645
9 6 8 6 -0.0000000
9 6 8 7 -0.0000000
9 6 8 8 -0.0065390
9 6 9 0 -0.0002076
9 6 9 1 0.0092632
9 6 9 2 -0.0000000
9 6 9 3 0.0075547
9 6 9 4 0.0005411
9 6 9 5 0.0000000
9 6 9 6 0.0233800
9 6 9 7 0.0009194
9 6 9 8 0.0000000
9 6 9 9 -0.1530460
9 7 0 0 -0.0009808
9 7 1 0 0.0001039
9 7 1 1 0.0007398
9 7 2 0 -0.0000000
9 7 2 1 -0.0000000
9 7 2 2 -0.0007266
9 7 3 0 -0.0000271
9 7 3 1 -0.0001492
9 7 3 2 0.0000000
9 7 3 3 -0.0004126
9 7 4 0 -0.0000178
9 7 4 1 0.0001325
9 7 4 2 -0.0000000
9 7 4 3 -0.0001268
9 7 4 4 -0.0009207
9 7 5 0 -0.0000000
9 7 5 1 -0.0000000
9 7 5 2 -0.0003214
9 7 5 3 0.0000000
9 7 5 4 0.0000000
9 7 5 5 -0.0004334
9 7 6 0 -0.0000589
9 7 6 1 0.0001258
9 7 6 2 -0.0000000
9 7 6 3 0.0001056
9 7 6 4 0.0000406
9 7 6 5 0.0000000
9 7 6 6 -0.0001636
9 7 7 0 0.0000504
9 7 7 1 0.0011813
9 7 7 2 -0.0000000
9 7 7 3 0.0006436
9 7 7 4 0.0001990
9 7 7 5 0.0000000
9 7 7 6 0.0020696
9 7 7 7 -0.0001770
9 7 8 0 0.0000000
9 7 8 1 0.0000000
9 7 8 2 0.0000015
9 7 8 3 -0.0000000
9 7 8 4 0.0000000
9 7 8 5 0.0001150
9 7 8 6 -0.0000000
9 7 8 7 0.0000000
9 7 8 8 0.0000624
9 7 9 0 0.0000201
9 7 9 1 0.0007801
9 7 9 2 -0.0000000
9 7 9 3 -0.0005950
9 7 9 4 0.0002011
9 7 9 5 0.0000000
9 7 9 6 0.0009194
9 7 9 7 0.0091562
9 7 9 8 0.0000000
9 7 9 9 -0.0149379
9 8 0 0 -0.0000000
9 8 1 0 0.0000000
9 8 1 1 0.0000000
9 8 2 0 0.0000749
9 8 2 1 0.0012506
9 8 2 2 -0.0000000
9 8 3 0 -0.0000000
9 8 3 1 -0.0000000
9 8 3 2 -0.0004232
9 8 3 3 0.0000000
9 8 4 0 -0.0000000
9 8 4 1 -0.0000000
9 8 4 2 -0.0010928
9 8 4 3 0.0000000
9 8 4 4 0.0000000
9 8 5 0 -0.0001852
9 8 5 1 -0.0011469
9 8 5 2 0.0000000
9 8 5 3 -0.0002634
9 8 5 4 -0.0010331
9 8 5 5 0.0000000
9 8 6 0 0.0000000
9 8 6 1 0.0000000
9 8 6 2 0.0000828
9 8 6 3 0.0000000
9 8 6 4 0.0000000
9 8 6 5 0.0002926
9 8 6 6 -0.0000000
9 8 7 0 -0.0000000
9 8 7 1 -0.0000000
9 8 7 2 -0.0005028
9 8 7 3 0.0000000
9 8 7 4 0.0000000
9 8 7 5 0.0000346
9 8 7 6 0.0000000
9 8 7 7 -0.0000000
9 8 8 0 0.0000001
9 8 8 1 0.0010221
9 8 8 2 -0.0000000
9 8 8 3 0.0009427
9 8 8 4 0.0002616
9 8 8 5 0.0000000
9 8 8 6 0.0030414
9 8 8 7 0.0004312
9 8 8 8 -0.0000000
9 8 9 0 -0.0000000
9 8 9 1 0.0000000
9 8 9 2 0.0016581
9 8 9 3 -0.0000000
9 8 9 4 -0.0000000
9 8 9 5 -0.0013754
9 8 9 6 0.0000000
9 8 9 7 0.0000000
9 8 9 8 0.0145315
9 8 9 9 -0.0000000
9 9 0 0 0.3430176
9 9 1 0 0.0034217
9 9 1 1 0.5187112
9 9 2 0 -0.0000000
9 9 2 1 -0.0000000
9 9 2 2 0.2717923
9 9 3 0 0.0044669
9 9 3 1 0.1349350
9 9 3 2 -0.0000000
9 9 3 3 0.3666419
9 9 4 0 -0.0049517
9 9 4 1 0.0045821
9 9 4 2 -0.0000000
9 9 4 3 -0.0078193
9 9 4 4 0.2415316
9 9 5 0 -0.0000000
9 9 5 1 0.0000000
9 9 5 2 -0.0508462
9 9 5 3 0.0000000
9 9 5 4 0.0000000
9 9 5 5 0.3004530
9 9 6 0 -0.0076242
9 9 6 1 0.1929882
9 9 6 2 -0.0000000
9 9 6 3 0.1595492
9 9 6 4 0.0023583
9 9 6 5 0.0000000
9 9 6 6 0.7494052
9 9 7 0 0.0020465
9 9 7 1 0.0116223
9 9 7 2 -0.0000000
9 9 7 3 -0.0478144
9 9 7 4 -0.0025880
9 9 7 5 0.0000000
9 9 7 6 0.0085424
9 9 7 7 0.6182416
9 9 8 0 -0.0000000
9 9 8 1 0.0000000
9 9 8 2 0.0480631
9 9 8 3 -0.0000000
9 9 8 4 -0.0000000
9 9 8 5 -0.0314210
9 9 8 6 0.0000000
9 9 8 7 -0.0000000
9 9 8 8 0.8416886
9 9 9 0 0.0031099
9 9 9 1 -0.0404727
9 9 9 2 0.0000000
9 9 9 3 -0.0449588
9 9 9 4 -0.0068805
9 9 9 5 -0.0000000
9 9 9 6 -0.1530460
9 9 9 7 -0.0149379
9 9 9 8 -0.0000000
9 9 9 9 3.4993852
10 0 0 0 0.0247543
10 0 1 0 -0.0011545
10 0 1 1 0.0035408
10 0 2 0 0.0000000
10 0 2 1 -0.0000000
10 0 2 2 0.0001702
10 0 3 0 0.0000031
10 0 3 1 -0.0015516
10 0 3 2 0.0000000
10 0 3 3 0.0017977
10 0 4 0 -0.0031965
10 0 4 1 0.0007111
10 0 4 2 -0.0000000
10 0 4 3 -0.0009797
10 0 4 4 -0.0000072
10 0 5 0 0.0000000
10 0 5 1 -0.0000000
10 0 5 2 -0.0009232
10 0 5 3 0.0000000
10 0 5 4 0.0000000
10 0 5 5 0.0017834
10 0 6 0 0.0012553
10 0 6 1 -0.0021349
10 0 6 2 0.0000000
10 0 6 3 0.0004510
10 0 6 4 -0.0000699
10 0 6 5 -0.0000000
10 0 6 6 0.0012467
10 0 7 0 0.0027186
10 0 7 1 0.0005670
10 0 7 2 -0.0000000
10 0 7 3 -0.0002938
10 0 7 4 0.0006779
10 0 7 5 -0.0000000
10 0 7 6 -0.0005692
10 0 7 7 -0.0013608
10 0 8 0 0.0000000
10 0 8 1 -0.0000000
10 0 8 2 -0.0001502
10 0 8 3 0.0000000
10 0 8 4 0.0000000
10 0 8 5 0.0002074
10 0 8 6 -0.0000000
10 0 8 7 -0.0000000
10 0 8 8 -0.0007605
10 0 9 0 -0.0000357
10 0 9 1 -0.0000592
10 0 9 2 0.0000000
10 0 9 3 0.0000032
10 0 9 4 -0.0000000
10 0 9 5 0.0000000
10 0 9 6 0.0000275
10 0 9 7 0.0000134
10 0 9 8 -0.0000000
10 0 9 9 -0.0010080
10 0 10 0 0.0006751
10 0 10 1 0.0005556
10 0 10 2 -0.0000000
10 0 10 3 -0.0000177
10 0 10 4 0.0001508
10 0 10 5 -0.0000000
10 0 10 6 -0.0000046
10 0 10 7 0.0000524
10 0 10 8 -0.0000000
10 0 10 9 -0.0000224
10 0 10 10 -0.0012464
10 1 0 0 0.0348876
10 1 1 0 0.0014678
10 1 1 1 0.0385424
10 1 2 0 -0.0000000
10 1 2 1 -0.0000000
10 1 2 2 0.0145356
10 1 3 0 -0.0007958
10 1 3 1 -0.0028535
10 1 3 2 0.0000000
10 1 3 3 0.0247635
10 1 4 0 -0.0009152
10 1 4 1 0.0023187
10 1 4 2 0.0000000
10 1 4 3 -0.0056025
10 1 4 4 0.0126877
10 1 5 0 0.0000000
10 1 5 1 -0.0000000
10 1 5 2 -0.0090813
10 1 5 3 0.0000000
10 1 5 4 0.0000000
10 1 5 5 0.0234183
10 1 6 0 -0.0009049
10 1 6 1 -0.0109061
10 1 6 2 0.0000000
10 1 6 3 0.0007019
10 1 6 4 0.0008394
10 1 6 5 -0.0000000
10 1 6 6 0.0215187
10 1 7 0 0.0011153
10 1 7 1 0.0000846
10 1 7 2 0.0000000
10 1 7 3 -0.0021137
10 1 7 4 -0.0016761
10 1 7 5 -0.0000000
10 1 7 6 -0.0051386
10 1 7 7 0.0016858
10 1 8 0 -0.0000000
10 1 8 1 -0.0000000
10 1 8 2 -0.0035902
10 1 8 3 0.0000000
10 1 8 4 0.0000000
10 1 8 5 0.0044064
10 1 8 6 0.0000000
10 1 8 7 -0.0000000
10 1 8 8 -0.0062178
10 1 9 0 -0.0001221
10 1 9 1 -0.0001576
10 1 9 2 0.0000000
10 1 9 3 0.0007808
10 1 9 4 0.0001922
10 1 9 5 0.0000000
10 1 9 6 0.0037257
10 1 9 7 0.0002445
10 1 9 8 0.0000000
10 1 9 9 -0.0315921
10 1 10 0 0.0005556
10 1 10 1 0.0205604
10 1 10 2 -0.0000000
10 1 10 3 0.0098059
10 1 10 4 -0.0007668
10 1 10 5 0.0000000
10 1 10 6 0.0235408
10 1 10 7 -0.0002722
10 1 10 8 0.0000000
10 1 10 9 0.0005033
10 1 10 10 -0.0460024
10 2 0 0 -0.0000000
10 2 1 0 -0.0000000
10 2 1 1 -0.0000000
10 2 2 0 -0.0007532
10 2 2 1 -0.0044363
10 2 2 2 0.0000000
10 2 3 0 0.0000000
10 2 3 1 0.0000000
10 2 3 2 0.0065411
10 2 3 3 -0.0000000
10 2 4 0 0.0000000
10 2 4 1 0.0000000
10 2 4 2 0.0098323
10 2 4 3 0.0000000
10 2 4 4 -0.0000000
10 2 5 0 0.0018399
10 2 5 1 0.0021331
10 2 5 2 0.0000000
10 2 5 3 0.0022208
10 2 5 4 0.0111734
10 2 5 5 -0.0000000
10 2 6 0 0.0000000
10 2 6 1 0.0000000
10 2 6 2 0.0010163
10 2 6 3 -0.0000000
10 2 6 4 -0.0000000
10 2 6 5 -0.0029009
10 2 6 6 -0.0000000
10 2 7 0 -0.0000000
10 2 7 1 0.0000000
10 2 7 2 0.0074155
10 2 7 3 0.0000000
10 2 7 4 0.0000000
10 2 7 5 -0.0009690
10 2 7 6 0.0000000
10 2 7 7 -0.0000000
10 2 8 0 -0.0000209
10 2 8 1 0.0018967
10 2 8 2 0.0000000
10 2 8 3 0.0012704
10 2 8 4 -0.0002453
10 2 8 5 -0.0000000
10 2 8 6 0.0033961
10 2 8 7 -0.0001675
10 2 8 8 0.0000000
10 2 9 0 0.0000000
10 2 9 1 0.0000000
10 2 9 2 0.0000528
10 2 9 3 -0.0000000
10 2 9 4 -0.0000000
10 2 9 5 -0.0000752
10 2 9 6 -0.0000000
10 2 9 7 -0.0000000
10 2 9 8 0.0000966
10 2 9 9 0.0000000
10 2 10 0 -0.0000000
10 2 10 1 -0.0000000
10 2 10 2 0.0028059
10 2 10 3 -0.0000000
10 2 10 4 0.0000000
10 2 10 5 -0.0010572
10 2 10 6 -0.0000000
10 2 10 7 -0.0000000
10 2 10 8 0.0113188
10 2 10 9 -0.0000000
10 2 10 10 0.0000000
10 3 0 0 0.0024995
10 3 1 0 -0.0003373
10 3 1 1 0.0069831
10 3 2 0 0.0000000
10 3 2 1 0.0000000
10 3 2 2 0.0097989
10 3 3 0 -0.0006748
10 3 3 1 0.0013558
10 3 3 2 -0.0000000
10 3 3 3 0.0079912
10 3 4 0 0.0006031
10 3 4 1 -0.0008738
10 3 4 2 -0.0000000
10 3 4 3 -0.0010551
10 3 4 4 0.0109154
10 3 5 0 -0.0000000
10 3 5 1 0.0000000
10 3 5 2 0.0017948
10 3 5 3 -0.0000000
10 3 5 4 -0.0000000
10 3 5 5 0.0075857
10 3 6 0 0.0008113
10 3 6 1 0.0026800
10 3 6 2 -0.0000000
10 3 6 3 0.0005181
10 3 6 4 0.0016835
10 3 6 5 0.0000000
10 3 6 6 0.0066033
10 3 7 0 -0.0001623
10 3 7 1 -0.0021842
10 3 7 2 0.0000000
10 3 7 3 0.0035538
10 3 7 4 -0.0006475
10 3 7 5 -0.0000000
10 3 7 6 -0.0059707
10 3 7 7 0.0017975
10 3 8 0 0.0000000
10 3 8 1 -0.0000000
10 3 8 2 -0.0010913
10 3 8 3 -0.0000000
10 3 8 4 0.0000000
10 3 8 5 0.0012763
10 3 8 6 -0.0000000
10 3 8 7 0.0000000
10 3 8 8 -0.0002229
10 3 9 0 -0.0000326
10 3 9 1 0.0003139
10 3 9 2 -0.0000000
10 3 9 3 0.0005506
10 3 9 4 0.0000982
10 3 9 5 0.0000000
10 3 9 6 0.0022371
10 3 9 7 -0.0001091
10 3 9 8 -0.0000000
10 3 9 9 -0.0122696
10 3 10 0 -0.0000177
10 3 10 1 0.0098059
10 3 10 2 -0.0000000
10 3 10 3 0.0078824
10 3 10 4 -0.0004236
10 3 10 5 0.0000000
10 3 10 6 0.0144711
10 3 10 7 -0.0081185
10 3 10 8 -0.0000000
10 3 10 9 0.0007797
10 3 10 10 -0.0194437
10 4 0 0 -0.0299175
10 4 1 0 0.0017304
10 4 1 1 -0.0065956
10 4 2 0 -0.0000000
10 4 2 1 0.0000000
10 4 2 2 -0.0026940
10 4 3 0 -0.0004985
10 4 3 1 0.0000363
10 4 3 2 -0.0000000
10 4 3 3 -0.0096112
10 4 4 0 0.0001551
10 4 4 1 -0.0012929
10 4 4 2 0.0000000
10 4 4 3 0.0055535
10 4 4 4 -0.0038045
10 4 5 0 -0.0000000
10 4 5 1 0.0000000
10 4 5 2 0.0075532
10 4 5 3 -0.0000000
10 4 5 4 -0.0000000
10 4 5 5 -0.0067679
10 4 6 0 -0.0013741
10 4 6 1 0.0034485
10 4 6 2 -0.0000000
10 4 6 3 0.0042370
10 4 6 4 -0.0017181
10 4 6 5 -0.0000000
10 4 6 6 -0.0073250
10 4 7 0 0.0009382
10 4 7 1 0.0000416
10 4 7 2 -0.0000000
10 4 7 3 -0.0001687
10 4 7 4 0.0063900
10 4 7 5 -0.0000000
10 4 7 6 -0.0000527
10 4 7 7 -0.0082306
10 4 8 0 0.0000000
10 4 8 1 0.0000000
10 4 8 2 0.0003574
10 4 8 3 -0.0000000
10 4 8 4 -0.0000000
10 4 8 5 -0.0005936
10 4 8 6 -0.0000000
10 4 8 7 -0.0000000
10 4 8 8 -0.0003431
10 4 9 0 0.0000207
10 4 9 1 0.0001064
10 4 9 2 -0.0000000
10 4 9 3 0.0000347
10 4 9 4 -0.0000377
10 4 9 5 -0.0000000
10 4 9 6 -0.0000392
10 4 9 7 0.0000437
10 4 9 8 -0.0000000
10 4 9 9 0.0000152
10 4 10 0 0.0001508
10 4 10 1 -0.0007668
10 4 10 2 0.0000000
10 4 10 3 -0.0004236
10 4 10 4 0.0014889
10 4 10 5 -0.0000000
10 4 10 6 -0.0007651
10 4 10 7 -0.0009879
10 4 10 8 -0.0000000
10 4 10 9 -0.0000352
10 4 10 10 0.0001451
10 5 0 0 0.0000000
10 5 1 0 0.0000000
10 5 1 1 0.0000000
10 5 2 0 0.0004881
10 5 2 1 -0.0006943
10 5 2 2 0.0000000
10 5 3 0 0.0000000
10 5 3 1 0.0000000
10 5 3 2 0.0016073
10 5 3 3 0.0000000
10 5 4 0 -0.0000000
10 5 4 1 0.0000000
10 5 4 2 0.0040644
10 5 4 3 -0.0000000
10 5 4 4 0.0000000
10 5 5 0 -0.0007296
10 5 5 1 0.0005209
10 5 5 2 -0.0000000
10 5 5 3 0.0005825
10 5 5 4 0.0021762
10 5 5 5 0.0000000
10 5 6 0 -0.0000000
10 5 6 1 -0.0000000
10 5 6 2 -0.0005301
10 5 6 3 0.0000000
10 5 6 4 -0.0000000
10 5 6 5 -0.0002430
10 5 6 6 0.0000000
10 5 7 0 -0.0000000
10 5 7 1 -0.0000000
10 5 7 2 -0.0005317
10 5 7 3 -0.0000000
10 5 7 4 -0.0000000
10 5 7 5 0.0023580
10 5 7 6 -0.0000000
10 5 7 7 0.0000000
10 5 8 0 0.0000294
10 5 8 1 -0.0000020
10 5 8 2 -0.0000000
10 5 8 3 -0.0004875
10 5 8 4 -0.0001505
10 5 8 5 0.0000000
10 5 8 6 -0.0018108
10 5 8 7 -0.0002754
10 5 8 8 0.0000000
10 5 9 0 -0.0000000
10 5 9 1 0.0000000
10 5 9 2 -0.0000304
10 5 9 3 0.0000000
10 5 9 4 0.0000000
10 5 9 5 0.0000009
10 5 9 6 0.0000000
10 5 9 7 -0.0000000
10 5 9 8 -0.0002051
10 5 9 9 -0.0000000
10 5 10 0 -0.0000000
10 5 10 1 0.0000000
10 5 10 2 -0.0010572
10 5 10 3 0.0000000
10 5 10 4 -0.0000000
10 5 10 5 0.0013896
10 5 10 6 0.0000000
10 5 10 7 -0.0000000
10 5 10 8 -0.0080440
10 5 10 9 0.0000000
10 5 10 10 -0.0000000
10 6 0 0 0.0219050
10 6 1 0 -0.0001643
10 6 1 1 0.0294100
10 6 2 0 0.0000000
10 6 2 1 -0.0000000
10 6 2 2 0.0136780
10 6 3 0 0.0018761
10 6 3 1 0.0111872
10 6 3 2 -0.0000000
10 6 3 3 0.0174002
10 6 4 0 -0.0007674
10 6 4 1 0.0000075
10 6 4 2 -0.0000000
10 6 4 3 0.0020987
10 6 4 4 0.0097638
10 6 5 0 -0.0000000
10 6 5 1 -0.0000000
10 6 5 2 -0.0046184
10 6 5 3 0.0000000
10 6 5 4 -0.0000000
10 6 5 5 0.0163173
10 6 6 0 -0.0012594
10 6 6 1 0.0028799
10 6 6 2 -0.0000000
10 6 6 3 0.0037777
10 6 6 4 -0.0013216
10 6 6 5 0.0000000
10 6 6 6 0.0320683
10 6 7 0 -0.0004987
10 6 7 1 -0.0045411
10 6 7 2 0.0000000
10 6 7 3 -0.0049784
10 6 7 4 -0.0010218
10 6 7 5 -0.0000000
10 6 7 6 -0.0006456
10 6 7 7 0.0146356
10 6 8 0 -0.0000000
10 6 8 1 -0.0000000
10 6 8 2 -0.0018145
10 6 8 3 0.0000000
10 6 8 4 0.0000000
10 6 8 5 0.0027293
10 6 8 6 -0.0000000
10 6 8 7 0.0000000
10 6 8 8 0.0159332
10 6 9 0 -0.0000906
10 6 9 1 0.0012778
10 6 9 2 -0.0000000
10 6 9 3 0.0016469
10 6 9 4 0.0002385
10 6 9 5 0.0000000
10 6 9 6 0.0064134
10 6 9 7 0.0000016
10 6 9 8 0.0000000
10 6 9 9 -0.0198095
10 6 10 0 -0.0000046
10 6 10 1 0.0235408
10 6 10 2 -0.0000000
10 6 10 3 0.0144711
10 6 10 4 -0.0007651
10 6 10 5 0.0000000
10 6 10 6 0.0373573
10 6 10 7 -0.0084414
10 6 10 8 0.0000000
10 6 10 9 0.0015640
10 6 10 10 -0.0398888
10 7 0 0 0.0552407
10 7 1 0 -0.0032059
10 7 1 1 -0.0048745
10 7 2 0 0.0000000
10 7 2 1 0.0000000
10 7 2 2 0.0317147
10 7 3 0 0.0014113
10 7 3 1 -0.0069565
10 7 3 2 0.0000000
10 7 3 3 0.0216285
10 7 4 0 0.0004771
10 7 4 1 -0.0000509
10 7 4 2 0.0000000
10 7 4 3 -0.0002913
10 7 4 4 0.0349137
10 7 5 0 0.0000000
10 7 5 1 -0.0000000
10 7 5 2 0.0002124
10 7 5 3 -0.0000000
10 7 5 4 -0.0000000
10 7 5 5 0.0286945
10 7 6 0 0.0021591
10 7 6 1 -0.0198548
10 7 6 2 0.0000000
10 7 6 3 -0.0232631
10 7 6 4 0.0010830
10 7 6 5 -0.0000000
10 7 6 6 -0.0097561
10 7 7 0 -0.0024794
10 7 7 1 0.0049218
10 7 7 2 -0.0000000
10 7 7 3 0.0111577
10 7 7 4 -0.0073009
10 7 7 5 0.0000000
10 7 7 6 0.0257038
10 7 7 7 0.0054839
10 7 8 0 -0.0000000
10 7 8 1 -0.0000000
10 7 8 2 -0.0044523
10 7 8 3 0.0000000
10 7 8 4 0.0000000
10 7 8 5 0.0020557
10 7 8 6 -0.0000000
10 7 8 7 0.0000000
10 7 8 8 -0.0340626
10 7 9 0 -0.0000887
10 7 9 1 0.0001382
10 7 9 2 -0.0000000
10 7 9 3 -0.0000536
10 7 9 4 0.0001876
10 7 9 5 0.0000000
10 7 9 6 0.0013620
10 7 9 7 0.0002960
10 7 9 8 0.0000000
10 7 9 9 -0.0632212
10 7 10 0 0.0000524
10 7 10 1 -0.0002722
10 7 10 2 -0.0000000
10 7 10 3 -0.0081185
10 7 10 4 -0.0009879
10 7 10 5 -0.0000000
10 7 10 6 -0.0084414
10 7 10 7 0.0750994
10 7 10 8 -0.0000000
10 7 10 9 -0.0038252
10 7 10 10 -0.0676368
10 8 0 0 0.0000000
10 8 1 0 -0.0000000
10 8 1 1 -0.0000000
10 8 2 0 -0.0007328
10 8 2 1 -0.0087913
10 8 2 2 0.0000000
10 8 3 0 0.0000000
10 8 3 1 0.0000000
10 8 3 2 0.0043415
10 8 3 3 -0.0000000
10 8 4 0 0.0000000
10 8 4 1 0.0000000
10 8 4 2 0.0079588
10 8 4 3 -0.0000000
10 8 4 4 -0.0000000
10 8 5 0 0.0016592
10 8 5 1 0.0102412
10 8 5 2 -0.0000000
10 8 5 3 0.0016596
10 8 5 4 0.0073732
10 8 5 5 -0.0000000
10 8 6 0 -0.0000000
10 8 6 1 0.0000000
10 8 6 2 0.0053186
10 8 6 3 -0.0000000
10 8 6 4 -0.0000000
10 8 6 5 -0.0063446
10 8 6 6 0.0000000
10 8 7 0 0.0000000
10 8 7 1 0.0000000
10 8 7 2 0.0040185
10 8 7 3 -0.0000000
10 8 7 4 -0.0000000
10 8 7 5 -0.0008371
10 8 7 6 0.0000000
10 8 7 7 -0.0000000
10 8 8 0 -0.0004309
10 8 8 1 0.0196457
10 8 8 2 -0.0000000
10 8 8 3 0.0144801
10 8 8 4 -0.0003109
10 8 8 5 0.0000000
10 8 8 6 0.0393567
10 8 8 7 -0.0012069
10 8 8 8 0.0000000
10 8 9 0 -0.0000000
10 8 9 1 0.0000000
10 8 9 2 0.0006154
10 8 9 3 -0.0000000
10 8 9 4 -0.0000000
10 8 9 5 -0.0006107
10 8 9 6 0.0000000
10 8 9 7 0.0000000
10 8 9 8 -0.0000316
10 8 9 9 -0.0000000
10 8 10 0 -0.0000000
10 8 10 1 0.0000000
10 8 10 2 0.0113188
10 8 10 3 -0.0000000
10 8 10 4 -0.0000000
10 8 10 5 -0.0080440
10 8 10 6 0.0000000
10 8 10 7 -0.0000000
10 8 10 8 0.1090352
10 8 10 9 0.0000000
10 8 10 10 -0.0000000
10 9 0 0 0.0124981
10 9 1 0 0.0001775
10 9 1 1 0.0262126
10 9 2 0 -0.0000000
10 9 2 1 -0.0000000
10 9 2 2 0.0079731
10 9 3 0 0.0003530
10 9 3 1 0.0115007
10 9 3 2 -0.0000000
10 9 3 3 0.0158776
10 9 4 0 -0.0003286
10 9 4 1 0.0003827
10 9 4 2 -0.0000000
10 9 4 3 -0.0002002
10 9 4 4 0.0062076
10 9 5 0 -0.0000000
10 9 5 1 0.0000000
10 9 5 2 -0.0029550
10 9 5 3 0.0000000
10 9 5 4 0.0000000
10 9 5 5 0.0097156
10 9 6 0 -0.0005945
10 9 6 1 0.0179003
10 9 6 2 -0.0000000
10 9 6 3 0.0141148
10 9 6 4 0.0003667
10 9 6 5 0.0000000
10 9 6 6 0.0503922
10 9 7 0 0.0001095
10 9 7 1 0.0010282
10 9 7 2 -0.0000000
10 9 7 3 -0.0031561
10 9 7 4 -0.0000783
10 9 7 5 0.0000000
10 9 7 6 0.0010416
10 9 7 7 0.0335518
10 9 8 0 -0.0000000
10 9 8 1 0.0000000
10 9 8 2 0.0038863
10 9 8 3 -0.0000000
10 9 8 4 -0.0000000
10 9 8 5 -0.0025604
10 9 8 6 0.0000000
10 9 8 7 0.0000000
10 9 8 8 0.0496117
10 9 9 0 0.0003107
10 9 9 1 -0.0067666
10 9 9 2 0.0000000
10 9 9 3 -0.0060832
10 9 9 4 -0.0007434
10 9 9 5 -0.0000000
10 9 9 6 -0.0202236
10 9 9 7 -0.0036628
10 9 9 8 -0.0000000
10 9 9 9 0.3648303
10 9 10 0 -0.0000224
10 9 10 1 0.0005033
10 9 10 2 -0.0000000
10 9 10 3 0.0007797
10 9 10 4 -0.0000352
10 9 10 5 0.0000000
10 9 10 6 0.0015640
10 9 10 7 -0.0038252
10 9 10 8 0.0000000
10 9 10 9 0.0530073
10 9 10 10 0.0389064
10 10 0 0 0.2902129
10 10 1 0 0.0021556
10 10 1 1 0.3851664
10 10 2 0 -0.0000000
10 10 2 1 -0.0000000
10 10 2 2 0.2368357
10 10 3 0 0.0026153
10 10 3 1 0.0708260
10 10 3 2 -0.0000000
10 10 3 3 0.2892367
10 10 4 0 -0.0031976
10 10 4 1 0.0026857
10 10 4 2 -0.0000000
10 10 4 3 -0.0083245
10 10 4 4 0.2156642
10 10 5 0 -0.0000000
10 10 5 1 -0.0000000
10 10 5 2 -0.0371632
10 10 5 3 0.0000000
10 10 5 4 0.0000000
10 10 5 5 0.2569991
10 10 6 0 -0.0040328
10 10 6 1 0.0936744
10 10 6 2 -0.0000000
10 10 6 3 0.0818210
10 10 6 4 0.0001558
10 10 6 5 0.0000000
10 10 6 6 0.4817861
10 10 7 0 0.0014361
10 10 7 1 0.0025078
10 10 7 2 -0.0000000
10 10 7 3 -0.0366442
10 10 7 4 -0.0037581
10 10 7 5 -0.0000000
10 10 7 6 -0.0095282
10 10 7 7 0.4644442
10 10 8 0 -0.0000000
10 10 8 1 0.0000000
10 10 8 2 0.0308232
10 10 8 3 -0.0000000
10 10 8 4 -0.0000000
10 10 8 5 -0.0204493
10 10 8 6 0.0000000
10 10 8 7 -0.0000000
10 10 8 8 0.6110798
10 10 9 0 0.0005747
10 10 9 1 0.0006694
10 10 9 2 -0.0000000
10 10 9 3 -0.0026358
10 10 9 4 -0.0010388
10 10 9 5 -0.0000000
10 10 9 6 -0.0138169
10 10 9 7 -0.0004442
10 10 9 8 -0.0000000
10 10 9 9 0.8412153
10 10 10 0 -0.0012464
10 10 10 1 -0.0460024
10 10 10 2 0.0000000
10 10 10 3 -0.0194437
10 10 10 4 0.0001451
10 10 10 5 -0.0000000
10 10 10 6 -0.0398888
10 10 10 7 -0.0676368
10 10 10 8 -0.0000000
10 10 10 9 0.0389064
10 10 10 10 0.7072812
11 0 0 0 -0.0800684
11 0 1 0 0.0038990
11 0 1 1 -0.0098544
11 0 2 0 -0.0000000
11 0 2 1 0.0000000
11 0 2 2 0.0037697
11 0 3 0 0.0007028
11 0 3 1 0.0051986
11 0 3 2 -0.0000000
11 0 3 3 -0.0019193
11 0 4 0 0.0123091
11 0 4 1 -0.0024160
11 0 4 2 0.0000000
11 0 4 3 0.0028259
11 0 4 4 0.0044962
11 0 5 0 -0.0000000
11 0 5 1 0.0000000
11 0 5 2 0.0013224
11 0 5 3 -0.0000000
11 0 5 4 -0.0000000
11 0 5 5 -0.0005774
11 0 6 0 -0.0048048
11 0 6 1 0.0044621
11 0 6 2 -0.0000000
11 0 6 3 -0.0046014
11 0 6 4 0.0004911
11 0 6 5 -0.0000000
11 0 6 6 -0.0023764
11 0 7 0 -0.0111723
11 0 7 1 -0.0022303
11 0 7 2 0.0000000
11 0 7 3 0.0011799
11 0 7 4 -0.0042274
11 0 7 5 0.0000000
11 0 7 6 0.0029554
11 0 7 7 0.0067587
11 0 8 0 -0.0000000
11 0 8 1 -0.0000000
11 0 8 2 -0.0000909
11 0 8 3 0.0000000
11 0 8 4 -0.0000000
11 0 8 5 -0.0001809
11 0 8 6 0.0000000
11 0 8 7 -0.0000000
11 0 8 8 -0.0007560
11 0 9 0 0.0001203
11 0 9 1 0.0001001
11 0 9 2 -0.0000000
11 0 9 3 -0.0000471
11 0 9 4 0.0000182
11 0 9 5 -0.0000000
11 0 9 6 -0.0000522
11 0 9 7 -0.0000496
11 0 9 8 0.0000000
11 0 9 9 -0.0006611
11 0 10 0 -0.0026944
11 0 10 1 -0.0012614
11 0 10 2 0.0000000
11 0 10 3 0.0001769
11 0 10 4 -0.0009556
11 0 10 5 0.0000000
11 0 10 6 0.0005612
11 0 10 7 0.0020124
11 0 10 8 -0.0000000
11 0 10 9 0.0000113
11 0 10 10 -0.0004450
11 0 11 0 0.0110695
11 0 11 1 0.0039888
11 0 11 2 -0.0000000
11 0 11 3 -0.0005901
11 0 11 4 0.0042438
11 0 11 5 -0.0000000
11 0 11 6 -0.0028301
11 0 11 7 -0.0073609
11 0 11 8 -0.0000000
11 0 11 9 -0.0000670
11 0 11 10 -0.0011711
11 0 11 11 0.0070801
11 1 0 0 -0.0156516
11 1 1 0 -0.0037555
11 1 1 1 -0.0244139
11 1 2 0 0.0000000
11 1 2 1 0.0000000
11 1 2 2 0.0150869
11 1 3 0 0.0054674
11 1 3 1 0.0260787
11 1 3 2 -0.0000000
11 1 3 3 -0.0073445
11 1 4 0 0.0006974
11 1 4 1 -0.0056144
11 1 4 2 -0.0000000
11 1 4 3 0.0162484
11 1 4 4 0.0112867
11 1 5 0 -0.0000000
11 1 5 1 0.0000000
11 1 5 2 0.0109816
11 1 5 3 -0.0000000
11 1 5 4 -0.0000000
11 1 5 5 -0.0007257
11 1 6 0 -0.0000933
11 1 6 1 0.0133390
11 1 6 2 -0.0000000
11 1 6 3 -0.0099112
11 1 6 4 -0.0029310
11 1 6 5 0.0000000
11 1 6 6 0.0049846
11 1 7 0 -0.0038332
11 1 7 1 -0.0025288
11 1 7 2 -0.0000000
11 1 7 3 0.0070663
11 1 7 4 0.0003533
11 1 7 5 0.0000000
11 1 7 6 0.0288472
11 1 7 7 0.0127452
11 1 8 0 -0.0000000
11 1 8 1 -0.0000000
11 1 8 2 -0.0008546
11 1 8 3 -0.0000000
11 1 8 4 0.0000000
11 1 8 5 -0.0008069
11 1 8 6 -0.0000000
11 1 8 7 0.0000000
11 1 8 8 0.0064764
11 1 9 0 0.0000674
11 1 9 1 0.0010363
11 1 9 2 -0.0000000
11 1 9 3 -0.0000901
11 1 9 4 0.0000654
11 1 9 5 0.0000000
11 1 9 6 0.0009377
11 1 9 7 0.0005108
11 1 9 8 0.0000000
11 1 9 9 0.0069590
11 1 10 0 -0.0009920
11 1 10 1 -0.0054870
11 1 10 2 -0.0000000
11 1 10 3 -0.0002541
11 1 10 4 0.0000811
11 1 10 5 0.0000000
11 1 10 6 0.0046207
11 1 10 7 0.0148944
11 1 10 8 -0.0000000
11 1 10 9 0.0019534
11 1 10 10 -0.0114213
11 1 11 0 0.0039888
11 1 11 1 0.0334786
11 1 11 2 0.0000000
11 1 11 3 0.0097038
11 1 11 4 0.0001945
11 1 11 5 -0.0000000
11 1 11 6 0.0011817
11 1 11 7 -0.0015233
11 1 11 8 -0.0000000
11 1 11 9 0.0000431
11 1 11 10 0.0083747
11 1 11 11 0.0208200
11 2 0 0 0.0000000
11 2 1 0 0.0000000
11 2 1 1 0.0000000
11 2 2 0 0.0038538
11 2 2 1 0.0223971
11 2 2 2 -0.0000000
11 2 3 0 -0.0000000
11 2 3 1 -0.0000000
11 2 3 2 -0.0297352
11 2 3 3 0.0000000
11 2 4 0 -0.0000000
11 2 4 1 -0.0000000
11 2 4 2 -0.0443921
11 2 4 3 -0.0000000
11 2 4 4 -0.0000000
11 2 5 0 -0.0092451
11 2 5 1 -0.0128018
11 2 5 2 -0.0000000
11 2 5 3 -0.0093260
11 2 5 4 -0.0510632
11 2 5 5 0.0000000
11 2 6 0 0.0000000
11 2 6 1 -0.0000000
11 2 6 2 -0.0055856
11 2 6 3 0.0000000
11 2 6 4 0.0000000
11 2 6 5 0.0152130
11 2 6 6 -0.0000000
11 2 7 0 0.0000000
11 2 7 1 -0.0000000
11 2 7 2 -0.0340040
11 2 7 3 -0.0000000
11 2 7 4 0.0000000
11 2 7 5 0.0046104
11 2 7 6 -0.0000000
11 2 7 7 -0.0000000
11 2 8 0 -0.0001554
11 2 8 1 -0.0056925
11 2 8 2 0.0000000
11 2 8 3 -0.0021711
11 2 8 4 0.0015254
11 2 8 5 0.0000000
11 2 8 6 -0.0016728
11 2 8 7 0.0020501
11 2 8 8 -0.0000000
11 2 9 0 -0.0000000
11 2 9 1 -0.0000000
11 2 9 2 -0.0000085
11 2 9 3 0.0000000
11 2 9 4 -0.0000000
11 2 9 5 0.0001658
11 2 9 6 -0.0000000
11 2 9 7 -0.0000000
11 2 9 8 0.0006803
11 2 9 9 -0.0000000
11 2 10 0 0.0000000
11 2 10 1 -0.0000000
11 2 10 2 -0.0074948
11 2 10 3 0.0000000
11 2 10 4 -0.0000000
11 2 10 5 0.0004377
11 2 10 6 -0.0000000
11 2 10 7 -0.0000000
11 2 10 8 -0.0022173
11 2 10 9 -0.0000000
11 2 10 10 0.0000000
11 2 11 0 -0.0000000
11 2 11 1 0.0000000
11 2 11 2 0.0357550
11 2 11 3 -0.0000000
11 2 11 4 -0.0000000
11 2 11 5 -0.0047381
11 2 11 6 -0.0000000
11 2 11 7 -0.0000000
11 2 11 8 -0.0024460
11 2 11 9 0.0000000
11 2 11 10 -0.0000000
11 2 11 11 -0.0000000
11 3 0 0 0.0539948
11 3 1 0 0.0021440
11 3 1 1 0.0470680
11 3 2 0 -0.0000000
11 3 2 1 -0.0000000
11 3 2 2 -0.0037221
11 3 3 0 0.0052072
11 3 3 1 0.0131818
11 3 3 2 -0.0000000
11 3 3 3 0.0172740
11 3 4 0 -0.0042235
11 3 4 1 0.0048367
11 3 4 2 0.0000000
11 3 4 3 0.0031655
11 3 4 4 -0.0146870
11 3 5 0 0.0000000
11 3 5 1 -0.0000000
11 3 5 2 -0.0203271
11 3 5 3 0.0000000
11 3 5 4 0.0000000
11 3 5 5 0.0149651
11 3 6 0 -0.0058702
11 3 6 1 -0.0161162
11 3 6 2 0.0000000
11 3 6 3 0.0002368
11 3 6 4 -0.0073217
11 3 6 5 0.0000000
11 3 6 6 0.0401642
11 3 7 0 0.0005929
11 3 7 1 0.0049421
11 3 7 2 -0.0000000
11 3 7 3 -0.0193751
11 3 7 4 -0.0013479
11 3 7 5 0.0000000
11 3 7 6 0.0235503
11 3 7 7 0.0143725
11 3 8 0 0.0000000
11 3 8 1 -0.0000000
11 3 8 2 -0.0018891
11 3 8 3 0.0000000
11 3 8 4 0.0000000
11 3 8 5 0.0029042
11 3 8 6 -0.0000000
11 3 8 7 -0.0000000
11 3 8 8 0.0144977
11 3 9 0 -0.0000813
11 3 9 1 -0.0001367
11 3 9 2 0.0000000
11 3 9 3 0.0001310
11 3 9 4 0.0000511
11 3 9 5 0.0000000
11 3 9 6 0.0014350
11 3 9 7 0.0006481
11 3 9 8 -0.0000000
11 3 9 9 0.0065423
11 3 10 0 0.0003737
11 3 10 1 0.0048041
11 3 10 2 -0.0000000
11 3 10 3 -0.0039918
11 3 10 4 -0.0004124
11 3 10 5 0.0000000
11 3 10 6 0.0075797
11 3 10 7 0.0067181
11 3 10 8 0.0000000
11 3 10 9 0.0006652
11 3 10 10 -0.0034248
11 3 11 0 -0.0005901
11 3 11 1 0.0097038
11 3 11 2 -0.0000000
11 3 11 3 0.0331917
11 3 11 4 0.0021505
11 3 11 5 -0.0000000
11 3 11 6 -0.0047424
11 3 11 7 -0.0024561
11 3 11 8 0.0000000
11 3 11 9 0.0003933
11 3 11 10 0.0000897
11 3 11 11 0.0255908
11 4 0 0 0.1292569
11 4 1 0 -0.0074243
11 4 1 1 0.0306019
11 4 2 0 0.0000000
11 4 2 1 -0.0000000
11 4 2 2 0.0100250
11 4 3 0 0.0021551
11 4 3 1 0.0015780
11 4 3 2 0.0000000
11 4 3 3 0.0427405
11 4 4 0 -0.0005816
11 4 4 1 0.0060786
11 4 4 2 -0.0000000
11 4 4 3 -0.0243701
11 4 4 4 0.0148029
11 4 5 0 0.0000000
11 4 5 1 -0.0000000
11 4 5 2 -0.0335365
11 4 5 3 0.0000000
11 4 5 4 0.0000000
11 4 5 5 0.0286166
11 4 6 0 0.0058623
11 4 6 1 -0.0115785
11 4 6 2 0.0000000
11 4 6 3 -0.0161214
11 4 6 4 0.0073404
11 4 6 5 0.0000000
11 4 6 6 0.0380698
11 4 7 0 -0.0041637
11 4 7 1 0.0007352
11 4 7 2 -0.0000000
11 4 7 3 0.0000432
11 4 7 4 -0.0278377
11 4 7 5 0.0000000
11 4 7 6 0.0018925
11 4 7 7 0.0428903
11 4 8 0 0.0000000
11 4 8 1 0.0000000
11 4 8 2 -0.0002693
11 4 8 3 0.0000000
11 4 8 4 0.0000000
11 4 8 5 0.0016357
11 4 8 6 -0.0000000
11 4 8 7 -0.0000000
11 4 8 8 0.0115987
11 4 9 0 -0.0000710
11 4 9 1 -0.0001212
11 4 9 2 0.0000000
11 4 9 3 -0.0000703
11 4 9 4 0.0001313
11 4 9 5 0.0000000
11 4 9 6 0.0002478
11 4 9 7 -0.0000360
11 4 9 8 -0.0000000
11 4 9 9 0.0162492
11 4 10 0 -0.0007054
11 4 10 1 0.0012977
11 4 10 2 -0.0000000
11 4 10 3 0.0002978
11 4 10 4 -0.0063517
11 4 10 5 0.0000000
11 4 10 6 0.0010718
11 4 10 7 0.0074624
11 4 10 8 -0.0000000
11 4 10 9 0.0011926
11 4 10 10 0.0114866
11 4 11 0 0.0042438
11 4 11 1 0.0001945
11 4 11 2 -0.0000000
11 4 11 3 0.0021505
11 4 11 4 0.0281478
11 4 11 5 -0.0000000
11 4 11 6 -0.0015730
11 4 11 7 -0.0304160
11 4 11 8 0.0000000
11 4 11 9 0.0005092
11 4 11 10 -0.0073766
11 4 11 11 0.0442696
11 5 0 0 -0.0000000
11 5 1 0 -0.0000000
11 5 1 1 -0.0000000
11 5 2 0 -0.0031686
11 5 2 1 -0.0018020
11 5 2 2 -0.0000000
11 5 3 0 -0.0000000
11 5 3 1 -0.0000000
11 5 3 2 -0.0051620
11 5 3 3 0.0000000
11 5 4 0 0.0000000
11 5 4 1 -0.0000000
11 5 4 2 -0.0170162
11 5 4 3 0.0000000
11 5 4 4 0.0000000
11 5 5 0 0.0053314
11 5 5 1 0.0048928
11 5 5 2 -0.0000000
11 5 5 3 -0.0034890
11 5 5 4 -0.0067565
11 5 5 5 -0.0000000
11 5 6 0 -0.0000000
11 5 6 1 0.0000000
11 5 6 2 0.0046875
11 5 6 3 0.0000000
11 5 6 4 0.0000000
11 5 6 5 -0.0036060
11 5 6 6 -0.0000000
11 5 7 0 0.0000000
11 5 7 1 0.0000000
11 5 7 2 0.0040755
11 5 7 3 0.0000000
11 5 7 4 0.0000000
11 5 7 5 -0.0109090
11 5 7 6 0.0000000
11 5 7 7 -0.0000000
11 5 8 0 0.0001101
11 5 8 1 0.0002966
11 5 8 2 -0.0000000
11 5 8 3 0.0006125
11 5 8 4 0.0003303
11 5 8 5 -0.0000000
11 5 8 6 -0.0010172
11 5 8 7 -0.0012504
11 5 8 8 -0.0000000
11 5 9 0 0.0000000
11 5 9 1 0.0000000
11 5 9 2 0.0000036
11 5 9 3 0.0000000
11 5 9 4 0.0000000
11 5 9 5 0.0000309
11 5 9 6 0.0000000
11 5 9 7 0.0000000
11 5 9 8 0.0000398
11 5 9 9 -0.0000000
11 5 10 0 0.0000000
11 5 10 1 0.0000000
11 5 10 2 0.0006938
11 5 10 3 0.0000000
11 5 10 4 0.0000000
11 5 10 5 -0.0023833
11 5 10 6 0.0000000
11 5 10 7 0.0000000
11 5 10 8 -0.0026308
11 5 10 9 0.0000000
11 5 10 10 -0.0000000
11 5 11 0 -0.0000000
11 5 11 1 -0.0000000
11 5 11 2 -0.0047381
11 5 11 3 -0.0000000
11 5 11 4 -0.0000000
11 5 11 5 0.0119365
11 5 11 6 0.0000000
11 5 11 7 0.0000000
11 5 11 8 -0.0005382
11 5 11 9 0.0000000
11 5 11 10 0.0000000
11 5 11 11 -0.0000000
11 6 0 0 -0.0155882
11 6 1 0 0.0019451
11 6 1 1 0.0012655
11 6 2 0 -0.0000000
11 6 2 1 -0.0000000
11 6 2 2 -0.0034111
11 6 3 0 -0.0067721
11 6 3 1 -0.0134322
11 6 3 2 0.0000000
11 6 3 3 0.0068137
11 6 4 0 0.0017757
11 6 4 1 0.0016570
11 6 4 2 0.0000000
11 6 4 3 -0.0114756
11 6 4 4 0.0050612
11 6 5 0 -0.0000000
11 6 5 1 0.0000000
11 6 5 2 0.0040905
11 6 5 3 0.0000000
11 6 5 4 0.0000000
11 6 5 5 -0.0034731
11 6 6 0 0.0027801
11 6 6 1 0.0050554
11 6 6 2 -0.0000000
11 6 6 3 0.0067339
11 6 6 4 0.0068884
11 6 6 5 -0.0000000
11 6 6 6 -0.0080747
11 6 7 0 0.0024731
11 6 7 1 0.0164263
11 6 7 2 -0.0000000
11 6 7 3 0.0176207
11 6 7 4 0.0016822
11 6 7 5 0.0000000
11 6 7 6 0.0044280
11 6 7 7 -0.0082287
11 6 8 0 -0.0000000
11 6 8 1 0.0000000
11 6 8 2 0.0002898
11 6 8 3 -0.0000000
11 6 8 4 -0.0000000
11 6 8 5 -0.0004720
11 6 8 6 0.0000000
11 6 8 7 0.0000000
11 6 8 8 -0.0025699
11 6 9 0 -0.0000120
11 6 9 1 0.0007427
11 6 9 2 -0.0000000
11 6 9 3 0.0003341
11 6 9 4 0.0000992
11 6 9 5 0.0000000
11 6 9 6 0.0018448
11 6 9 7 0.0018664
11 6 9 8 -0.0000000
11 6 9 9 -0.0091909
11 6 10 0 0.0007025
11 6 10 1 0.0051480
11 6 10 2 -0.0000000
11 6 10 3 0.0024805
11 6 10 4 0.0005127
11 6 10 5 0.0000000
11 6 10 6 -0.0000355
11 6 10 7 0.0143829
11 6 10 8 0.0000000
11 6 10 9 0.0004942
11 6 10 10 -0.0254625
11 6 11 0 -0.0028301
11 6 11 1 0.0011817
11 6 11 2 -0.0000000
11 6 11 3 -0.0047424
11 6 11 4 -0.0015730
11 6 11 5 0.0000000
11 6 11 6 0.0329228
11 6 11 7 0.0127019
11 6 11 8 0.0000000
11 6 11 9 0.0015839
11 6 11 10 0.0103349
11 6 11 11 -0.0046082
11 7 0 0 -0.2547317
11 7 1 0 0.0113398
11 7 1 1 -0.0225581
11 7 2 0 -0.0000000
11 7 2 1 -0.0000000
11 7 2 2 -0.1311818
11 7 3 0 -0.0038402
11 7 3 1 0.0471647
11 7 3 2 -0.0000000
11 7 3 3 -0.1054995
11 7 4 0 -0.0011170
11 7 4 1 -0.0036937
11 7 4 2 0.0000000
11 7 4 3 0.0142624
11 7 4 4 -0.1410308
11 7 5 0 -0.0000000
11 7 5 1 0.0000000
11 7 5 2 0.0156460
11 7 5 3 0.0000000
11 7 5 4 -0.0000000
11 7 5 5 -0.1334635
11 7 6 0 -0.0084983
11 7 6 1 0.0952521
11 7 6 2 -0.0000000
11 7 6 3 0.0862769
11 7 6 4 -0.0047146
11 7 6 5 0.0000000
11 7 6 6 0.0275190
11 7 7 0 0.0075983
11 7 7 1 0.0083983
11 7 7 2 -0.0000000
11 7 7 3 -0.0175107
11 7 7 4 0.0361223
11 7 7 5 -0.0000000
11 7 7 6 -0.0022458
11 7 7 7 0.0050322
11 7 8 0 -0.0000000
11 7 8 1 0.0000000
11 7 8 2 0.0193096
11 7 8 3 -0.0000000
11 7 8 4 -0.0000000
11 7 8 5 -0.0144210
11 7 8 6 0.0000000
11 7 8 7 0.0000000
11 7 8 8 0.1510890
11 7 9 0 0.0004630
11 7 9 1 0.0022913
11 7 9 2 -0.0000000
11 7 9 3 -0.0001977
11 7 9 4 -0.0005445
11 7 9 5 -0.0000000
11 7 9 6 -0.0038459
11 7 9 7 0.0011149
11 7 9 8 -0.0000000
11 7 9 9 0.2608275
11 7 10 0 0.0005077
11 7 10 1 -0.0127687
11 7 10 2 0.0000000
11 7 10 3 -0.0058029
11 7 10 4 0.0086159
11 7 10 5 -0.0000000
11 7 10 6 -0.0044204
11 7 10 7 -0.0287873
11 7 10 8 0.0000000
11 7 10 9 0.0193253
11 7 10 10 0.1626444
11 7 11 0 -0.0073609
11 7 11 1 -0.0015233
11 7 11 2 -0.0000000
11 7 11 3 -0.0024561
11 7 11 4 -0.0304160
11 7 11 5 0.0000000
11 7 11 6 0.0127019
11 7 11 7 0.2035798
11 7 11 8 0.0000000
11 7 11 9 0.0030648
11 7 11 10 0.0593362
11 7 11 11 -0.0251487
11 8 0 0 0.0000000
11 8 1 0 -0.0000000
11 8 1 1 -0.0000000
11 8 2 0 -0.0003654
11 8 2 1 -0.0038272
11 8 2 2 0.0000000
11 8 3 0 0.0000000
11 8 3 1 0.0000000
11 8 3 2 0.0015799
11 8 3 3 -0.0000000
11 8 4 0 0.0000000
11 8 4 1 0.0000000
11 8 4 2 0.0054094
11 8 4 3 -0.0000000
11 8 4 4 -0.0000000
11 8 5 0 0.0008989
11 8 5 1 0.0028168
11 8 5 2 -0.0000000
11 8 5 3 0.0022531
11 8 5 4 0.0049404
11 8 5 5 -0.0000000
11 8 6 0 -0.0000000
11 8 6 1 0.0000000
11 8 6 2 0.0022129
11 8 6 3 -0.0000000
11 8 6 4 -0.0000000
11 8 6 5 -0.0029175
11 8 6 6 0.0000000
11 8 7 0 0.0000000
11 8 7 1 0.0000000
11 8 7 2 0.0050525
11 8 7 3 -0.0000000
11 8 7 4 -0.0000000
11 8 7 5 -0.0020611
11 8 7 6 0.0000000
11 8 7 7 -0.0000000
11 8 8 0 -0.0000658
11 8 8 1 0.0071123
11 8 8 2 -0.0000000
11 8 8 3 0.0035290
11 8 8 4 -0.0000367
11 8 8 5 0.0000000
11 8 8 6 0.0115801
11 8 8 7 0.0181298
11 8 8 8 0.0000000
11 8 9 0 -0.0000000
11 8 9 1 0.0000000
11 8 9 2 0.0002160
11 8 9 3 -0.0000000
11 8 9 4 -0.0000000
11 8 9 5 -0.0001433
11 8 9 6 0.0000000
11 8 9 7 0.0000000
11 8 9 8 0.0001755
11 8 9 9 -0.0000000
11 8 10 0 -0.0000000
11 8 10 1 0.0000000
11 8 10 2 0.0032218
11 8 10 3 -0.0000000
11 8 10 4 -0.0000000
11 8 10 5 -0.0023030
11 8 10 6 0.0000000
11 8 10 7 0.0000000
11 8 10 8 0.0253059
11 8 10 9 0.0000000
11 8 10 10 -0.0000000
11 8 11 0 -0.0000000
11 8 11 1 -0.0000000
11 8 11 2 -0.0024460
11 8 11 3 0.0000000
11 8 11 4 0.0000000
11 8 11 5 -0.0005382
11 8 11 6 0.0000000
11 8 11 7 0.0000000
11 8 11 8 0.0229403
11 8 11 9 0.0000000
11 8 11 10 0.0000000
11 8 11 11 0.0000000
11 9 0 0 0.0046707
11 9 1 0 0.0000765
11 9 1 1 0.0069447
11 9 2 0 -0.0000000
11 9 2 1 -0.0000000
11 9 2 2 0.0020889
11 9 3 0 -0.0000228
11 9 3 1 0.0012304
11 9 3 2 -0.0000000
11 9 3 3 0.0041908
11 9 4 0 -0.0001070
11 9 4 1 0.0003442
11 9 4 2 -0.0000000
11 9 4 3 -0.0006415
11 9 4 4 0.0017377
11 9 5 0 -0.0000000
11 9 5 1 -0.0000000
11 9 5 2 -0.0012468
11 9 5 3 0.0000000
11 9 5 4 0.0000000
11 9 5 5 0.0030428
11 9 6 0 -0.0000707
11 9 6 1 0.0026165
11 9 6 2 -0.0000000
11 9 6 3 0.0024027
11 9 6 4 0.0002301
11 9 6 5 0.0000000
11 9 6 6 0.0099245
11 9 7 0 0.0000869
11 9 7 1 0.0011289
11 9 7 2 -0.0000000
11 9 7 3 -0.0000477
11 9 7 4 -0.0002012
11 9 7 5 0.0000000
11 9 7 6 0.0012345
11 9 7 7 0.0065732
11 9 8 0 0.0000000
11 9 8 1 0.0000000
11 9 8 2 0.0006132
11 9 8 3 -0.0000000
11 9 8 4 -0.0000000
11 9 8 5 -0.0002415
11 9 8 6 0.0000000
11 9 8 7 0.0000000
11 9 8 8 0.0085153
11 9 9 0 0.0000663
11 9 9 1 -0.0006620
11 9 9 2 0.0000000
11 9 9 3 -0.0015780
11 9 9 4 0.0000329
11 9 9 5 -0.0000000
11 9 9 6 -0.0029054
11 9 9 7 0.0066747
11 9 9 8 -0.0000000
11 9 9 9 0.0538252
11 9 10 0 0.0000260
11 9 10 1 0.0007725
11 9 10 2 -0.0000000
11 9 10 3 0.0002892
11 9 10 4 -0.0000574
11 9 10 5 0.0000000
11 9 10 6 0.0005881
11 9 10 7 -0.0007309
11 9 10 8 0.0000000
11 9 10 9 0.0071203
11 9 10 10 0.0059734
11 9 11 0 -0.0000670
11 9 11 1 0.0000431
11 9 11 2 0.0000000
11 9 11 3 0.0003933
11 9 11 4 0.0005092
11 9 11 5 0.0000000
11 9 11 6 0.0015839
11 9 11 7 0.0030648
11 9 11 8 0.0000000
11 9 11 9 0.0067784
11 9 11 10 -0.0001085
11 9 11 11 0.0052265
11 10 0 0 -0.0747614
11 10 1 0 0.0018519
11 10 1 1 -0.0280033
11 10 2 0 -0.0000000
11 10 2 1 -0.0000000
11 10 2 2 -0.0365038
11 10 3 0 -0.0005520
11 10 3 1 0.0124640
11 10 3 2 -0.0000000
11 10 3 3 -0.0371787
11 10 4 0 0.0002575
11 10 4 1 -0.0022093
11 10 4 2 0.0000000
11 10 4 3 0.0064830
11 10 4 4 -0.0374310
11 10 5 0 -0.0000000
11 10 5 1 0.0000000
11 10 5 2 0.0088172
11 10 5 3 0.0000000
11 10 5 4 -0.0000000
11 10 5 5 -0.0419454
11 10 6 0 -0.0014352
11 10 6 1 0.0262233
11 10 6 2 -0.0000000
11 10 6 3 0.0174248
11 10 6 4 -0.0012712
11 10 6 5 0.0000000
11 10 6 6 -0.0074040
11 10 7 0 0.0010040
11 10 7 1 0.0058721
11 10 7 2 -0.0000000
11 10 7 3 0.0012107
11 10 7 4 0.0094959
11 10 7 5 0.0000000
11 10 7 6 0.0151274
11 10 7 7 -0.0022271
11 10 8 0 -0.0000000
11 10 8 1 0.0000000
11 10 8 2 0.0064807
11 10 8 3 -0.0000000
11 10 8 4 -0.0000000
11 10 8 5 -0.0063198
11 10 8 6 0.0000000
11 10 8 7 0.0000000
11 10 8 8 0.0426938
11 10 9 0 0.0001643
11 10 9 1 0.0010220
11 10 9 2 -0.0000000
11 10 9 3 -0.0003805
11 10 9 4 -0.0001735
11 10 9 5 -0.0000000
11 10 9 6 -0.0022227
11 10 9 7 0.0002474
11 10 9 8 -0.0000000
11 10 9 9 0.0655136
11 10 10 0 0.0000322
11 10 10 1 -0.0154475
11 10 10 2 0.0000000
11 10 10 3 -0.0126699
11 10 10 4 0.0029366
11 10 10 5 -0.0000000
11 10 10 6 -0.0204663
11 10 10 7 0.0364425
11 10 10 8 -0.0000000
11 10 10 9 0.0031839
11 10 10 10 0.0421731
11 10 11 0 -0.0011711
11 10 11 1 0.0083747
11 10 11 2 -0.0000000
11 10 11 3 0.0000897
11 10 11 4 -0.0073766
11 10 11 5 0.0000000
11 10 11 6 0.0103349
11 10 11 7 0.0593362
11 10 11 8 0.0000000
11 10 11 9 -0.0001085
11 10 11 10 0.0530174
11 10 11 11 0.0051730
11 11 0 0 0.5901880
11 11 1 0 -0.0087434
11 11 1 1 0.4589576
11 11 2 0 0.0000000
11 11 2 1 -0.0000000
11 11 2 2 0.4023254
11 11 3 0 0.0086475
11 11 3 1 0.0418275
11 11 3 2 -0.0000000
11 11 3 3 0.4354630
11 11 4 0 -0.0030807
11 11 4 1 0.0068914
11 11 4 2 -0.0000000
11 11 4 3 -0.0190676
11 11 4 4 0.3870424
11 11 5 0 0.0000000
11 11 5 1 -0.0000000
11 11 5 2 -0.0572946
11 11 5 3 0.0000000
11 11 5 4 0.0000000
11 11 5 5 0.4276580
11 11 6 0 0.0023645
11 11 6 1 -0.0072437
11 11 6 2 0.0000000
11 11 6 3 -0.0089049
11 11 6 4 0.0042667
11 11 6 5 0.0000000
11 11 6 6 0.5020727
11 11 7 0 -0.0068655
11 11 7 1 0.0031688
11 11 7 2 -0.0000000
11 11 7 3 -0.0137523
11 11 7 4 -0.0401447
11 11 7 5 0.0000000
11 11 7 6 0.0315915
11 11 7 7 0.5013991
11 11 8 0 0.0000000
11 11 8 1 0.0000000
11 11 8 2 0.0025173
11 11 8 3 -0.0000000
11 11 8 4 -0.0000000
11 11 8 5 0.0016175
11 11 8 6 -0.0000000
11 11 8 7 0.0000000
11 11 8 8 0.4338933
11 11 9 0 -0.0000481
11 11 9 1 -0.0007825
11 11 9 2 0.0000000
11 11 9 3 -0.0012468
11 11 9 4 -0.0000383
11 11 9 5 -0.0000000
11 11 9 6 -0.0018512
11 11 9 7 -0.0002551
11 11 9 8 -0.0000000
11 11 9 9 0.5430577
11 11 10 0 -0.0010941
11 11 10 1 0.0052726
11 11 10 2 -0.0000000
11 11 10 3 -0.0011758
11 11 10 4 -0.0086107
11 11 10 5 0.0000000
11 11 10 6 0.0134748
11 11 10 7 0.0364350
11 11 10 8 -0.0000000
11 11 10 9 0.0272588
11 11 10 10 0.4103358
11 11 11 0 0.0070801
11 11 11 1 0.0208200
11 11 11 2 -0.0000000
11 11 11 3 0.0255908
11 11 11 4 0.0442696
11 11 11 5 -0.0000000
11 11 11 6 -0.0046082
11 11 11 7 -0.0251487
11 11 11 8 0.0000000
11 11 11 9 0.0052265
11 11 11 10 0.0051730
11 11 11 11 0.5093198
