NMONOMER	1
NELEC	8
ENUC	7.351144
NBASIS	12
HOMO	2
LUMO	2
ENT	5
HF_ENERGY	-35.447290
ENERGIES
-10.878042
-0.588469
-0.492911
-0.302087
0.527159
0.736490
0.793168
849736.535446
965066.446209
996478.086638
1070620.580735
1118094.018589

OEI
-18.366699	
0.250539	-4.282839	
-0.000000	0.000000	-3.786360	
-0.131012	0.181504	-0.000000	-4.098148	
-0.269352	0.162459	0.000000	-0.487922	-3.094166	
-0.000000	0.000000	0.840490	0.000000	-0.000000	-3.678913	
-0.200508	0.812383	-0.000000	0.347799	0.110722	0.000000	-3.404148	
0.104589	0.059651	0.000000	-0.119619	0.452958	-0.000000	0.061582	849732.987960	
-0.000000	-0.000000	-0.069338	-0.000000	0.000000	0.114390	-0.000000	0.000000	965063.742135	
0.004995	0.019866	-0.000000	0.001897	0.002136	-0.000000	-0.018304	-0.002818	0.000000	996475.019101	
-0.035351	-0.198603	-0.000000	-0.031612	-0.106940	-0.000000	-0.160349	0.185478	-0.000000	-0.131101	1070618.175807	
0.101015	0.060272	0.000000	-0.223169	0.452554	-0.000000	0.026832	-0.926868	0.000000	-0.035411	0.325161	1118090.360413	

ENV_OEI
-4.894810	
0.466935	-0.740366	
-0.000000	0.000000	-0.167408	
-0.261036	-0.129295	-0.000000	-0.452258	
-0.481386	0.077829	0.000000	-0.125132	-0.215088	
-0.000000	-0.000000	0.185234	-0.000000	-0.000000	-0.375248	
-0.389146	-0.238925	-0.000000	-0.271893	-0.023953	-0.000000	-1.149961	
0.227594	0.013019	-0.000000	-0.075364	0.053575	-0.000000	0.001804	-0.690201	
0.000000	0.000000	0.072943	-0.000000	-0.000000	-0.042340	0.000000	-0.000000	-0.904092	
-0.018774	0.582101	0.000000	0.477317	-0.030094	0.000000	1.426712	-0.128949	0.000000	-18.832682	
-0.055676	0.052979	-0.000000	0.013308	-0.016137	0.000000	0.076169	-0.228663	-0.000000	-1.695263	-0.947137	
0.216248	0.008441	-0.000000	-0.001796	0.071124	0.000000	0.038073	0.242297	0.000000	-0.179717	0.061077	-0.506393	

OVERLAP
1.000000	
0.248362	1.000000	
0.061767	0.488736	1.000000	
0.061767	0.488736	0.167856	1.000000	
0.000000	0.027047	0.005362	0.005362	1.000000	
0.027047	0.301519	0.096511	0.096511	0.248362	1.000000	
0.000000	0.000000	0.155576	0.155576	-0.045312	-0.338874	1.000000	
0.000000	0.000000	0.380474	-0.380474	0.000000	0.000000	0.000000	1.000000	
0.000000	0.000000	0.219667	0.219667	0.000000	0.000000	0.000000	0.000000	1.000000	
0.045312	0.338874	0.109532	0.109532	0.000000	0.000000	-0.315123	0.000000	0.000000	1.000000	
0.000000	0.000000	0.051506	-0.051506	0.000000	0.000000	0.000000	0.166433	0.000000	0.000000	1.000000	
0.000000	0.000000	0.029737	0.029737	0.000000	0.000000	0.000000	0.000000	0.166433	0.000000	0.000000	1.000000	

MOCOEFF
-0.996488	-0.018463	0.008713	0.008713	-0.001653	0.008455	0.009478	-0.000000	0.018659	0.002924	0.000000	-0.003624	
0.165740	-0.497290	-0.036782	-0.036782	0.055610	-0.129202	0.339951	-0.000000	0.306762	-0.454084	0.000000	-0.048868	
-0.000000	0.000000	-0.526019	0.526019	0.000000	-0.000000	0.000000	-0.446017	-0.000000	-0.000000	0.128418	0.000000	
-0.093802	0.286465	0.272354	0.272354	0.043187	-0.146209	0.435541	0.000000	-0.630727	-0.294786	-0.000000	0.088776	
-0.160534	1.058496	-0.920453	-0.920453	-0.002394	0.025638	0.504594	0.000000	0.241425	-0.007556	-0.000000	0.014562	
-0.000000	0.000000	-0.803270	0.803270	0.000000	-0.000000	-0.000000	1.170082	0.000000	-0.000000	-0.111993	-0.000000	
-0.139791	0.822562	-0.088225	-0.088225	0.125555	-0.768510	-0.904099	-0.000000	0.066939	-0.926317	0.000000	-0.005894	
0.084288	-0.388041	0.000000	0.000000	-0.012324	0.049398	-0.203229	0.000000	-0.573902	-0.025821	0.000000	0.799278	
0.000000	-0.000000	0.000000	-0.000000	-0.000000	0.000000	0.000000	0.000000	-0.000000	-0.000000	-1.000000	0.000000	
0.000565	-0.002600	-0.000000	-0.000000	-1.025611	0.216380	-0.001361	-0.000000	-0.003845	-0.105483	0.000000	-0.019655	
-0.018948	0.087232	-0.000000	-0.000000	-0.019716	-0.850777	0.045686	0.000000	0.129014	0.446528	-0.000000	0.196306	
0.081637	-0.375835	0.000000	0.000000	0.011611	-0.229178	-0.196837	0.000000	-0.555851	0.120151	-0.000000	-0.583417	

ERI
0 0 0 0 3.5225596
1 0 0 0 -0.2190087
1 0 1 0 0.0267432
1 0 1 1 0.0061931
1 1 0 0 0.6946608
1 1 1 0 0.0061931
1 1 1 1 0.6490577
2 0 0 0 0.0000000
2 0 1 0 -0.0000000
2 0 1 1 0.0000000
2 0 2 0 0.0054921
2 0 2 1 0.0050938
2 0 2 2 -0.0000000
2 1 0 0 -0.0000000
2 1 1 0 -0.0000000
2 1 1 1 -0.0000000
2 1 2 0 0.0050938
2 1 2 1 0.0265006
2 1 2 2 -0.0000000
2 2 0 0 0.5765721
2 2 1 0 -0.0058276
2 2 1 1 0.3962699
2 2 2 0 -0.0000000
2 2 2 1 -0.0000000
2 2 2 2 0.5277840
3 0 0 0 0.1204833
3 0 1 0 -0.0124649
3 0 1 1 0.0051639
3 0 2 0 0.0000000
3 0 2 1 0.0000000
3 0 2 2 0.0029547
3 0 3 0 0.0193765
3 0 3 1 0.0110419
3 0 3 2 -0.0000000
3 0 3 3 -0.0084988
3 1 0 0 -0.0745213
3 1 1 0 0.0010750
3 1 1 1 0.0319614
3 1 2 0 0.0000000
3 1 2 1 0.0000000
3 1 2 2 -0.0257755
3 1 3 0 0.0110419
3 1 3 1 0.0782560
3 1 3 2 -0.0000000
3 1 3 3 -0.0523943
3 2 0 0 0.0000000
3 2 1 0 -0.0000000
3 2 1 1 0.0000000
3 2 2 0 -0.0041247
3 2 2 1 -0.0259923
3 2 2 2 0.0000000
3 2 3 0 -0.0000000
3 2 3 1 -0.0000000
3 2 3 2 0.0564931
3 2 3 3 0.0000000
3 3 0 0 0.7369673
3 3 1 0 -0.0050282
3 3 1 1 0.4959737
3 3 2 0 0.0000000
3 3 2 1 -0.0000000
3 3 2 2 0.4552500
3 3 3 0 -0.0084988
3 3 3 1 -0.0523943
3 3 3 2 0.0000000
3 3 3 3 0.5728572
4 0 0 0 0.2179898
4 0 1 0 -0.0166081
4 0 1 1 0.0166906
4 0 2 0 0.0000000
4 0 2 1 -0.0000000
4 0 2 2 0.0000213
4 0 3 0 0.0141927
4 0 3 1 -0.0000272
4 0 3 2 0.0000000
4 0 3 3 0.0041071
4 0 4 0 0.0255371
4 0 4 1 -0.0026026
4 0 4 2 -0.0000000
4 0 4 3 0.0007092
4 0 4 4 -0.0016490
4 1 0 0 -0.0565647
4 1 1 0 0.0014020
4 1 1 1 -0.0178308
4 1 2 0 -0.0000000
4 1 2 1 -0.0000000
4 1 2 2 0.0004731
4 1 3 0 0.0013621
4 1 3 1 0.0125958
4 1 3 2 -0.0000000
4 1 3 3 -0.0289539
4 1 4 0 -0.0026026
4 1 4 1 0.0071939
4 1 4 2 0.0000000
4 1 4 3 -0.0178679
4 1 4 4 0.0007768
4 2 0 0 -0.0000000
4 2 1 0 -0.0000000
4 2 1 1 -0.0000000
4 2 2 0 -0.0015734
4 2 2 1 0.0240592
4 2 2 2 -0.0000000
4 2 3 0 -0.0000000
4 2 3 1 -0.0000000
4 2 3 2 -0.0582545
4 2 3 3 0.0000000
4 2 4 0 -0.0000000
4 2 4 1 0.0000000
4 2 4 2 0.1235825
4 2 4 3 -0.0000000
4 2 4 4 0.0000000
4 3 0 0 0.1438703
4 3 1 0 -0.0032408
4 3 1 1 0.0486913
4 3 2 0 -0.0000000
4 3 2 1 -0.0000000
4 3 2 2 -0.0093202
4 3 3 0 -0.0096616
4 3 3 1 -0.0325519
4 3 3 2 0.0000000
4 3 3 3 0.0902197
4 3 4 0 0.0007092
4 3 4 1 -0.0178679
4 3 4 2 -0.0000000
4 3 4 3 0.0718616
4 3 4 4 -0.0004141
4 4 0 0 0.5989241
4 4 1 0 -0.0127360
4 4 1 1 0.3561535
4 4 2 0 0.0000000
4 4 2 1 0.0000000
4 4 2 2 0.5115929
4 4 3 0 0.0004101
4 4 3 1 -0.0349210
4 4 3 2 -0.0000000
4 4 3 3 0.4589824
4 4 4 0 -0.0016490
4 4 4 1 0.0007768
4 4 4 2 0.0000000
4 4 4 3 -0.0004141
4 4 4 4 0.5399272
5 0 0 0 0.0000000
5 0 1 0 -0.0000000
5 0 1 1 -0.0000000
5 0 2 0 -0.0113017
5 0 2 1 -0.0111121
5 0 2 2 0.0000000
5 0 3 0 0.0000000
5 0 3 1 -0.0000000
5 0 3 2 0.0105267
5 0 3 3 0.0000000
5 0 4 0 0.0000000
5 0 4 1 0.0000000
5 0 4 2 -0.0015796
5 0 4 3 0.0000000
5 0 4 4 0.0000000
5 0 5 0 0.0235204
5 0 5 1 0.0161094
5 0 5 2 0.0000000
5 0 5 3 -0.0075777
5 0 5 4 -0.0155231
5 0 5 5 -0.0000000
5 1 0 0 -0.0000000
5 1 1 0 -0.0000000
5 1 1 1 -0.0000000
5 1 2 0 -0.0079078
5 1 2 1 -0.0310576
5 1 2 2 -0.0000000
5 1 3 0 -0.0000000
5 1 3 1 0.0000000
5 1 3 2 0.0204640
5 1 3 3 -0.0000000
5 1 4 0 -0.0000000
5 1 4 1 0.0000000
5 1 4 2 -0.0024555
5 1 4 3 -0.0000000
5 1 4 4 -0.0000000
5 1 5 0 0.0161094
5 1 5 1 0.0461735
5 1 5 2 0.0000000
5 1 5 3 -0.0182821
5 1 5 4 -0.0212582
5 1 5 5 -0.0000000
5 2 0 0 -0.2348930
5 2 1 0 0.0012504
5 2 1 1 -0.1157724
5 2 2 0 -0.0000000
5 2 2 1 -0.0000000
5 2 2 2 -0.0079446
5 2 3 0 0.0001250
5 2 3 1 0.0131957
5 2 3 2 -0.0000000
5 2 3 3 -0.0902046
5 2 4 0 -0.0065677
5 2 4 1 0.0186915
5 2 4 2 -0.0000000
5 2 4 3 -0.0610728
5 2 4 4 0.0235018
5 2 5 0 0.0000000
5 2 5 1 0.0000000
5 2 5 2 0.1108358
5 2 5 3 0.0000000
5 2 5 4 -0.0000000
5 2 5 5 -0.0768088
5 3 0 0 -0.0000000
5 3 1 0 0.0000000
5 3 1 1 0.0000000
5 3 2 0 0.0044311
5 3 2 1 0.0067115
5 3 2 2 -0.0000000
5 3 3 0 -0.0000000
5 3 3 1 0.0000000
5 3 3 2 -0.0054113
5 3 3 3 -0.0000000
5 3 4 0 0.0000000
5 3 4 1 -0.0000000
5 3 4 2 -0.0377382
5 3 4 3 -0.0000000
5 3 4 4 -0.0000000
5 3 5 0 -0.0075777
5 3 5 1 -0.0182821
5 3 5 2 0.0000000
5 3 5 3 0.0362207
5 3 5 4 -0.0144018
5 3 5 5 -0.0000000
5 4 0 0 0.0000000
5 4 1 0 0.0000000
5 4 1 1 0.0000000
5 4 2 0 0.0058301
5 4 2 1 0.0336615
5 4 2 2 -0.0000000
5 4 3 0 0.0000000
5 4 3 1 -0.0000000
5 4 3 2 -0.0708634
5 4 3 3 0.0000000
5 4 4 0 0.0000000
5 4 4 1 -0.0000000
5 4 4 2 0.1034220
5 4 4 3 -0.0000000
5 4 4 4 0.0000000
5 4 5 0 -0.0155231
5 4 5 1 -0.0212582
5 4 5 2 -0.0000000
5 4 5 3 -0.0144018
5 4 5 4 0.1158170
5 4 5 5 0.0000000
5 5 0 0 0.7927654
5 5 1 0 -0.0064019
5 5 1 1 0.4871397
5 5 2 0 0.0000000
5 5 2 1 0.0000000
5 5 2 2 0.5203648
5 5 3 0 0.0030337
5 5 3 1 -0.0391315
5 5 3 2 -0.0000000
5 5 3 3 0.5165003
5 5 4 0 0.0086967
5 5 4 1 -0.0148887
5 5 4 2 -0.0000000
5 5 4 3 0.0303614
5 5 4 4 0.5012195
5 5 5 0 -0.0000000
5 5 5 1 -0.0000000
5 5 5 2 -0.0768088
5 5 5 3 -0.0000000
5 5 5 4 0.0000000
5 5 5 5 0.5878392
6 0 0 0 0.1830436
6 0 1 0 -0.0244071
6 0 1 1 -0.0107263
6 0 2 0 0.0000000
6 0 2 1 0.0000000
6 0 2 2 0.0045545
6 0 3 0 0.0014815
6 0 3 1 -0.0086812
6 0 3 2 -0.0000000
6 0 3 3 0.0114743
6 0 4 0 0.0103448
6 0 4 1 -0.0025642
6 0 4 2 0.0000000
6 0 4 3 0.0105591
6 0 4 4 0.0149044
6 0 5 0 0.0000000
6 0 5 1 -0.0000000
6 0 5 2 -0.0010990
6 0 5 3 0.0000000
6 0 5 4 0.0000000
6 0 5 5 0.0048024
6 0 6 0 0.0295719
6 0 6 1 0.0036973
6 0 6 2 -0.0000000
6 0 6 3 -0.0041738
6 0 6 4 -0.0042361
6 0 6 5 0.0000000
6 0 6 6 -0.0090666
6 1 0 0 -0.2431391
6 1 1 0 -0.0001068
6 1 1 1 -0.0519347
6 1 2 0 0.0000000
6 1 2 1 0.0000000
6 1 2 2 -0.0709721
6 1 3 0 -0.0053978
6 1 3 1 0.0471664
6 1 3 2 -0.0000000
6 1 3 3 -0.0742553
6 1 4 0 -0.0101976
6 1 4 1 0.0096157
6 1 4 2 0.0000000
6 1 4 3 -0.0161347
6 1 4 4 -0.0616119
6 1 5 0 -0.0000000
6 1 5 1 0.0000000
6 1 5 2 0.0417066
6 1 5 3 0.0000000
6 1 5 4 0.0000000
6 1 5 5 -0.1097697
6 1 6 0 0.0036973
6 1 6 1 0.1246302
6 1 6 2 -0.0000000
6 1 6 3 0.0535427
6 1 6 4 0.0018375
6 1 6 5 0.0000000
6 1 6 6 -0.0117843
6 2 0 0 0.0000000
6 2 1 0 -0.0000000
6 2 1 1 0.0000000
6 2 2 0 -0.0034789
6 2 2 1 -0.0132652
6 2 2 2 0.0000000
6 2 3 0 0.0000000
6 2 3 1 -0.0000000
6 2 3 2 0.0003255
6 2 3 3 0.0000000
6 2 4 0 0.0000000
6 2 4 1 -0.0000000
6 2 4 2 0.0014991
6 2 4 3 0.0000000
6 2 4 4 -0.0000000
6 2 5 0 0.0068876
6 2 5 1 0.0196133
6 2 5 2 -0.0000000
6 2 5 3 -0.0032475
6 2 5 4 -0.0024453
6 2 5 5 0.0000000
6 2 6 0 -0.0000000
6 2 6 1 -0.0000000
6 2 6 2 0.0133205
6 2 6 3 0.0000000
6 2 6 4 -0.0000000
6 2 6 5 -0.0177075
6 2 6 6 0.0000000
6 3 0 0 -0.1059311
6 3 1 0 0.0052937
6 3 1 1 0.0301490
6 3 2 0 -0.0000000
6 3 2 1 -0.0000000
6 3 2 2 -0.0494857
6 3 3 0 -0.0032074
6 3 3 1 0.0200804
6 3 3 2 0.0000000
6 3 3 3 -0.0462253
6 3 4 0 0.0017811
6 3 4 1 0.0028409
6 3 4 2 0.0000000
6 3 4 3 -0.0121712
6 3 4 4 -0.0631045
6 3 5 0 0.0000000
6 3 5 1 0.0000000
6 3 5 2 0.0026382
6 3 5 3 0.0000000
6 3 5 4 0.0000000
6 3 5 5 -0.0475378
6 3 6 0 -0.0041738
6 3 6 1 0.0535427
6 3 6 2 0.0000000
6 3 6 3 0.0603934
6 3 6 4 0.0086484
6 3 6 5 0.0000000
6 3 6 6 0.0258332
6 4 0 0 -0.0228649
6 4 1 0 0.0007101
6 4 1 1 -0.0007044
6 4 2 0 -0.0000000
6 4 2 1 -0.0000000
6 4 2 2 -0.0031855
6 4 3 0 0.0047842
6 4 3 1 0.0090259
6 4 3 2 0.0000000
6 4 3 3 -0.0238253
6 4 4 0 0.0030032
6 4 4 1 0.0021512
6 4 4 2 -0.0000000
6 4 4 3 -0.0207649
6 4 4 4 -0.0118796
6 4 5 0 0.0000000
6 4 5 1 0.0000000
6 4 5 2 0.0090356
6 4 5 3 0.0000000
6 4 5 4 -0.0000000
6 4 5 5 -0.0060919
6 4 6 0 -0.0042361
6 4 6 1 0.0018375
6 4 6 2 -0.0000000
6 4 6 3 0.0086484
6 4 6 4 0.0105228
6 4 6 5 -0.0000000
6 4 6 6 -0.0018271
6 5 0 0 -0.0000000
6 5 1 0 0.0000000
6 5 1 1 0.0000000
6 5 2 0 0.0062081
6 5 2 1 0.0244839
6 5 2 2 -0.0000000
6 5 3 0 0.0000000
6 5 3 1 0.0000000
6 5 3 2 -0.0153606
6 5 3 3 -0.0000000
6 5 4 0 0.0000000
6 5 4 1 -0.0000000
6 5 4 2 0.0162468
6 5 4 3 0.0000000
6 5 4 4 -0.0000000
6 5 5 0 -0.0131792
6 5 5 1 -0.0333023
6 5 5 2 -0.0000000
6 5 5 3 0.0015750
6 5 5 4 0.0245644
6 5 5 5 -0.0000000
6 5 6 0 0.0000000
6 5 6 1 0.0000000
6 5 6 2 -0.0177075
6 5 6 3 0.0000000
6 5 6 4 -0.0000000
6 5 6 5 0.0314967
6 5 6 6 0.0000000
6 6 0 0 0.7215916
6 6 1 0 -0.0001931
6 6 1 1 0.6128780
6 6 2 0 -0.0000000
6 6 2 1 -0.0000000
6 6 2 2 0.3956560
6 6 3 0 0.0127989
6 6 3 1 0.0631112
6 6 3 2 0.0000000
6 6 3 3 0.4808511
6 6 4 0 0.0162703
6 6 4 1 -0.0125356
6 6 4 2 -0.0000000
6 6 4 3 0.0396226
6 6 4 4 0.3639154
6 6 5 0 0.0000000
6 6 5 1 0.0000000
6 6 5 2 -0.1043829
6 6 5 3 0.0000000
6 6 5 4 -0.0000000
6 6 5 5 0.4726709
6 6 6 0 -0.0090666
6 6 6 1 -0.0117843
6 6 6 2 0.0000000
6 6 6 3 0.0258332
6 6 6 4 -0.0018271
6 6 6 5 0.0000000
6 6 6 6 0.6472543
7 0 0 0 -0.0837668
7 0 1 0 0.0040998
7 0 1 1 -0.0084358
7 0 2 0 -0.0000000
7 0 2 1 0.0000000
7 0 2 2 0.0038820
7 0 3 0 -0.0000798
7 0 3 1 0.0053791
7 0 3 2 -0.0000000
7 0 3 3 -0.0031318
7 0 4 0 -0.0127710
7 0 4 1 0.0022582
7 0 4 2 -0.0000000
7 0 4 3 -0.0030996
7 0 4 4 0.0045220
7 0 5 0 -0.0000000
7 0 5 1 0.0000000
7 0 5 2 0.0013401
7 0 5 3 -0.0000000
7 0 5 4 -0.0000000
7 0 5 5 -0.0004891
7 0 6 0 -0.0050406
7 0 6 1 0.0038140
7 0 6 2 -0.0000000
7 0 6 3 -0.0051659
7 0 6 4 -0.0007048
7 0 6 5 -0.0000000
7 0 6 6 -0.0027506
7 0 7 0 0.0112929
7 0 7 1 0.0017897
7 0 7 2 -0.0000000
7 0 7 3 -0.0016082
7 0 7 4 -0.0042186
7 0 7 5 -0.0000000
7 0 7 6 -0.0029083
7 0 7 7 0.0062508
7 1 0 0 -0.0093605
7 1 1 0 -0.0015389
7 1 1 1 -0.0067336
7 1 2 0 0.0000000
7 1 2 1 0.0000000
7 1 2 2 0.0069638
7 1 3 0 0.0035126
7 1 3 1 0.0100032
7 1 3 2 -0.0000000
7 1 3 3 -0.0092112
7 1 4 0 0.0001524
7 1 4 1 0.0026787
7 1 4 2 0.0000000
7 1 4 3 -0.0085079
7 1 4 4 0.0025892
7 1 5 0 -0.0000000
7 1 5 1 0.0000000
7 1 5 2 0.0032789
7 1 5 3 -0.0000000
7 1 5 4 0.0000000
7 1 5 5 0.0006972
7 1 6 0 -0.0005328
7 1 6 1 0.0017150
7 1 6 2 -0.0000000
7 1 6 3 -0.0048125
7 1 6 4 0.0026945
7 1 6 5 -0.0000000
7 1 6 6 -0.0013621
7 1 7 0 0.0017897
7 1 7 1 0.0140834
7 1 7 2 0.0000000
7 1 7 3 0.0038268
7 1 7 4 0.0007080
7 1 7 5 0.0000000
7 1 7 6 0.0057829
7 1 7 7 -0.0014090
7 2 0 0 0.0000000
7 2 1 0 0.0000000
7 2 1 1 0.0000000
7 2 2 0 0.0038830
7 2 2 1 0.0189396
7 2 2 2 -0.0000000
7 2 3 0 -0.0000000
7 2 3 1 -0.0000000
7 2 3 2 -0.0324929
7 2 3 3 0.0000000
7 2 4 0 -0.0000000
7 2 4 1 -0.0000000
7 2 4 2 0.0420407
7 2 4 3 -0.0000000
7 2 4 4 0.0000000
7 2 5 0 -0.0092238
7 2 5 1 -0.0131270
7 2 5 2 -0.0000000
7 2 5 3 -0.0066575
7 2 5 4 0.0498796
7 2 5 5 0.0000000
7 2 6 0 0.0000000
7 2 6 1 0.0000000
7 2 6 2 -0.0052214
7 2 6 3 0.0000000
7 2 6 4 -0.0000000
7 2 6 5 0.0151549
7 2 6 6 -0.0000000
7 2 7 0 -0.0000000
7 2 7 1 0.0000000
7 2 7 2 0.0332030
7 2 7 3 -0.0000000
7 2 7 4 -0.0000000
7 2 7 5 -0.0046993
7 2 7 6 0.0000000
7 2 7 7 0.0000000
7 3 0 0 0.0292836
7 3 1 0 0.0029545
7 3 1 1 0.0398976
7 3 2 0 -0.0000000
7 3 2 1 -0.0000000
7 3 2 2 -0.0215212
7 3 3 0 0.0029661
7 3 3 1 0.0064113
7 3 3 2 0.0000000
7 3 3 3 0.0008739
7 3 4 0 0.0038909
7 3 4 1 -0.0040361
7 3 4 2 -0.0000000
7 3 4 3 0.0002382
7 3 4 4 -0.0306642
7 3 5 0 -0.0000000
7 3 5 1 -0.0000000
7 3 5 2 -0.0186435
7 3 5 3 0.0000000
7 3 5 4 0.0000000
7 3 5 5 -0.0022681
7 3 6 0 -0.0058486
7 3 6 1 -0.0048472
7 3 6 2 0.0000000
7 3 6 3 0.0141583
7 3 6 4 0.0079557
7 3 6 5 0.0000000
7 3 6 6 0.0352577
7 3 7 0 -0.0016082
7 3 7 1 0.0038268
7 3 7 2 -0.0000000
7 3 7 3 0.0255667
7 3 7 4 0.0010103
7 3 7 5 -0.0000000
7 3 7 6 -0.0016493
7 3 7 7 0.0161630
7 4 0 0 -0.1311862
7 4 1 0 0.0072171
7 4 1 1 -0.0254078
7 4 2 0 -0.0000000
7 4 2 1 -0.0000000
7 4 2 2 -0.0127317
7 4 3 0 -0.0028781
7 4 3 1 0.0014985
7 4 3 2 -0.0000000
7 4 3 3 -0.0410715
7 4 4 0 -0.0005171
7 4 4 1 0.0043792
7 4 4 2 0.0000000
7 4 4 3 -0.0248142
7 4 4 4 -0.0186867
7 4 5 0 -0.0000000
7 4 5 1 0.0000000
7 4 5 2 0.0325205
7 4 5 3 0.0000000
7 4 5 4 0.0000000
7 4 5 5 -0.0305195
7 4 6 0 -0.0065567
7 4 6 1 0.0155268
7 4 6 2 -0.0000000
7 4 6 3 0.0179902
7 4 6 4 0.0086173
7 4 6 5 -0.0000000
7 4 6 6 -0.0353171
7 4 7 0 -0.0042186
7 4 7 1 0.0007080
7 4 7 2 -0.0000000
7 4 7 3 0.0010103
7 4 7 4 0.0279636
7 4 7 5 -0.0000000
7 4 7 6 0.0008548
7 4 7 7 -0.0381545
7 5 0 0 0.0000000
7 5 1 0 0.0000000
7 5 1 1 -0.0000000
7 5 2 0 -0.0033700
7 5 2 1 -0.0034285
7 5 2 2 -0.0000000
7 5 3 0 -0.0000000
7 5 3 1 -0.0000000
7 5 3 2 -0.0031378
7 5 3 3 0.0000000
7 5 4 0 -0.0000000
7 5 4 1 0.0000000
7 5 4 2 0.0160049
7 5 4 3 0.0000000
7 5 4 4 0.0000000
7 5 5 0 0.0057973
7 5 5 1 0.0064367
7 5 5 2 -0.0000000
7 5 5 3 -0.0054816
7 5 5 4 0.0049880
7 5 5 5 -0.0000000
7 5 6 0 -0.0000000
7 5 6 1 -0.0000000
7 5 6 2 0.0051999
7 5 6 3 0.0000000
7 5 6 4 -0.0000000
7 5 6 5 -0.0047464
7 5 6 6 -0.0000000
7 5 7 0 -0.0000000
7 5 7 1 0.0000000
7 5 7 2 -0.0046993
7 5 7 3 -0.0000000
7 5 7 4 -0.0000000
7 5 7 5 0.0107979
7 5 7 6 0.0000000
7 5 7 7 -0.0000000
7 6 0 0 -0.0191470
7 6 1 0 0.0015873
7 6 1 1 -0.0059317
7 6 2 0 0.0000000
7 6 2 1 0.0000000
7 6 2 2 -0.0095517
7 6 3 0 -0.0076495
7 6 3 1 -0.0202923
7 6 3 2 0.0000000
7 6 3 3 0.0065668
7 6 4 0 -0.0020446
7 6 4 1 -0.0010285
7 6 4 2 -0.0000000
7 6 4 3 0.0153740
7 6 4 4 0.0001409
7 6 5 0 -0.0000000
7 6 5 1 -0.0000000
7 6 5 2 0.0023841
7 6 5 3 0.0000000
7 6 5 4 -0.0000000
7 6 5 5 -0.0076709
7 6 6 0 0.0035771
7 6 6 1 0.0022521
7 6 6 2 -0.0000000
7 6 6 3 0.0076774
7 6 6 4 -0.0077633
7 6 6 5 -0.0000000
7 6 6 6 -0.0191912
7 6 7 0 -0.0029083
7 6 7 1 0.0057829
7 6 7 2 0.0000000
7 6 7 3 -0.0016493
7 6 7 4 0.0008548
7 6 7 5 0.0000000
7 6 7 6 0.0408757
7 6 7 7 -0.0177306
7 7 0 0 0.5615951
7 7 1 0 -0.0078725
7 7 1 1 0.4576117
7 7 2 0 0.0000000
7 7 2 1 0.0000000
7 7 2 2 0.3830409
7 7 3 0 0.0082093
7 7 3 1 0.0416921
7 7 3 2 0.0000000
7 7 3 3 0.4125093
7 7 4 0 0.0027236
7 7 4 1 -0.0041279
7 7 4 2 -0.0000000
7 7 4 3 0.0214591
7 7 4 4 0.3697936
7 7 5 0 0.0000000
7 7 5 1 0.0000000
7 7 5 2 -0.0550099
7 7 5 3 0.0000000
7 7 5 4 0.0000000
7 7 5 5 0.4074812
7 7 6 0 0.0030982
7 7 6 1 0.0149635
7 7 6 2 0.0000000
7 7 6 3 0.0079609
7 7 6 4 -0.0041509
7 7 6 5 0.0000000
7 7 6 6 0.5065826
7 7 7 0 0.0062508
7 7 7 1 -0.0014090
7 7 7 2 0.0000000
7 7 7 3 0.0161630
7 7 7 4 -0.0381545
7 7 7 5 -0.0000000
7 7 7 6 -0.0177306
7 7 7 7 0.5146546
8 0 0 0 0.0000000
8 0 1 0 0.0000000
8 0 1 1 0.0000000
8 0 2 0 0.0001894
8 0 2 1 0.0002735
8 0 2 2 -0.0000000
8 0 3 0 -0.0000000
8 0 3 1 -0.0000000
8 0 3 2 -0.0001635
8 0 3 3 0.0000000
8 0 4 0 -0.0000000
8 0 4 1 -0.0000000
8 0 4 2 -0.0000268
8 0 4 3 0.0000000
8 0 4 4 0.0000000
8 0 5 0 -0.0003908
8 0 5 1 -0.0004339
8 0 5 2 -0.0000000
8 0 5 3 0.0001492
8 0 5 4 0.0002355
8 0 5 5 0.0000000
8 0 6 0 0.0000000
8 0 6 1 0.0000000
8 0 6 2 -0.0001894
8 0 6 3 -0.0000000
8 0 6 4 -0.0000000
8 0 6 5 0.0003620
8 0 6 6 -0.0000000
8 0 7 0 0.0000000
8 0 7 1 0.0000000
8 0 7 2 0.0001594
8 0 7 3 -0.0000000
8 0 7 4 -0.0000000
8 0 7 5 -0.0001185
8 0 7 6 0.0000000
8 0 7 7 -0.0000000
8 0 8 0 0.0000105
8 0 8 1 -0.0000105
8 0 8 2 -0.0000000
8 0 8 3 -0.0000569
8 0 8 4 -0.0000019
8 0 8 5 -0.0000000
8 0 8 6 -0.0002045
8 0 8 7 -0.0000276
8 0 8 8 -0.0000000
8 1 0 0 0.0000000
8 1 1 0 0.0000000
8 1 1 1 0.0000000
8 1 2 0 0.0013660
8 1 2 1 0.0109894
8 1 2 2 -0.0000000
8 1 3 0 -0.0000000
8 1 3 1 -0.0000000
8 1 3 2 -0.0062737
8 1 3 3 0.0000000
8 1 4 0 -0.0000000
8 1 4 1 -0.0000000
8 1 4 2 0.0079842
8 1 4 3 -0.0000000
8 1 4 4 0.0000000
8 1 5 0 -0.0029883
8 1 5 1 -0.0148749
8 1 5 2 -0.0000000
8 1 5 3 -0.0002079
8 1 5 4 0.0090709
8 1 5 5 0.0000000
8 1 6 0 0.0000000
8 1 6 1 0.0000000
8 1 6 2 -0.0075863
8 1 6 3 0.0000000
8 1 6 4 -0.0000000
8 1 6 5 0.0105039
8 1 6 6 -0.0000000
8 1 7 0 0.0000000
8 1 7 1 0.0000000
8 1 7 2 0.0058673
8 1 7 3 -0.0000000
8 1 7 4 -0.0000000
8 1 7 5 -0.0016490
8 1 7 6 0.0000000
8 1 7 7 -0.0000000
8 1 8 0 -0.0000105
8 1 8 1 0.0261073
8 1 8 2 0.0000000
8 1 8 3 0.0133223
8 1 8 4 0.0013032
8 1 8 5 0.0000000
8 1 8 6 0.0273094
8 1 8 7 -0.0006801
8 1 8 8 -0.0000000
8 2 0 0 0.0193589
8 2 1 0 -0.0000981
8 2 1 1 0.0035085
8 2 2 0 0.0000000
8 2 2 1 -0.0000000
8 2 2 2 0.0151682
8 2 3 0 0.0002201
8 2 3 1 -0.0058829
8 2 3 2 -0.0000000
8 2 3 3 0.0098988
8 2 4 0 0.0001504
8 2 4 1 -0.0003415
8 2 4 2 -0.0000000
8 2 4 3 0.0000427
8 2 4 4 0.0135886
8 2 5 0 0.0000000
8 2 5 1 -0.0000000
8 2 5 2 -0.0022452
8 2 5 3 -0.0000000
8 2 5 4 0.0000000
8 2 5 5 0.0160958
8 2 6 0 0.0000090
8 2 6 1 -0.0148546
8 2 6 2 0.0000000
8 2 6 3 -0.0084141
8 2 6 4 -0.0003220
8 2 6 5 -0.0000000
8 2 6 6 -0.0045558
8 2 7 0 0.0001637
8 2 7 1 0.0007717
8 2 7 2 -0.0000000
8 2 7 3 -0.0018957
8 2 7 4 -0.0010473
8 2 7 5 -0.0000000
8 2 7 6 -0.0011776
8 2 7 7 -0.0077101
8 2 8 0 -0.0000000
8 2 8 1 0.0000000
8 2 8 2 0.0042020
8 2 8 3 -0.0000000
8 2 8 4 -0.0000000
8 2 8 5 -0.0033882
8 2 8 6 0.0000000
8 2 8 7 0.0000000
8 2 8 8 -0.0294539
8 3 0 0 -0.0000000
8 3 1 0 0.0000000
8 3 1 1 0.0000000
8 3 2 0 0.0002781
8 3 2 1 0.0027877
8 3 2 2 -0.0000000
8 3 3 0 -0.0000000
8 3 3 1 0.0000000
8 3 3 2 -0.0002573
8 3 3 3 -0.0000000
8 3 4 0 -0.0000000
8 3 4 1 -0.0000000
8 3 4 2 0.0017684
8 3 4 3 -0.0000000
8 3 4 4 -0.0000000
8 3 5 0 -0.0005978
8 3 5 1 -0.0041857
8 3 5 2 -0.0000000
8 3 5 3 -0.0014180
8 3 5 4 0.0014297
8 3 5 5 0.0000000
8 3 6 0 0.0000000
8 3 6 1 0.0000000
8 3 6 2 -0.0028859
8 3 6 3 0.0000000
8 3 6 4 -0.0000000
8 3 6 5 0.0031552
8 3 6 6 -0.0000000
8 3 7 0 -0.0000000
8 3 7 1 -0.0000000
8 3 7 2 0.0013132
8 3 7 3 0.0000000
8 3 7 4 -0.0000000
8 3 7 5 -0.0006968
8 3 7 6 0.0000000
8 3 7 7 0.0000000
8 3 8 0 -0.0000569
8 3 8 1 0.0133223
8 3 8 2 -0.0000000
8 3 8 3 0.0076594
8 3 8 4 0.0005554
8 3 8 5 0.0000000
8 3 8 6 0.0159249
8 3 8 7 0.0012140
8 3 8 8 0.0000000
8 4 0 0 -0.0000000
8 4 1 0 -0.0000000
8 4 1 1 -0.0000000
8 4 2 0 0.0000022
8 4 2 1 0.0013280
8 4 2 2 -0.0000000
8 4 3 0 -0.0000000
8 4 3 1 0.0000000
8 4 3 2 -0.0016990
8 4 3 3 -0.0000000
8 4 4 0 -0.0000000
8 4 4 1 0.0000000
8 4 4 2 0.0036490
8 4 4 3 -0.0000000
8 4 4 4 -0.0000000
8 4 5 0 -0.0001327
8 4 5 1 -0.0007180
8 4 5 2 0.0000000
8 4 5 3 -0.0009133
8 4 5 4 0.0028917
8 4 5 5 -0.0000000
8 4 6 0 0.0000000
8 4 6 1 0.0000000
8 4 6 2 -0.0003910
8 4 6 3 0.0000000
8 4 6 4 -0.0000000
8 4 6 5 0.0007766
8 4 6 6 -0.0000000
8 4 7 0 0.0000000
8 4 7 1 -0.0000000
8 4 7 2 0.0013747
8 4 7 3 -0.0000000
8 4 7 4 0.0000000
8 4 7 5 0.0002889
8 4 7 6 -0.0000000
8 4 7 7 0.0000000
8 4 8 0 -0.0000019
8 4 8 1 0.0013032
8 4 8 2 -0.0000000
8 4 8 3 0.0005554
8 4 8 4 0.0002525
8 4 8 5 0.0000000
8 4 8 6 0.0009879
8 4 8 7 0.0003291
8 4 8 8 0.0000000
8 5 0 0 -0.0263241
8 5 1 0 -0.0002717
8 5 1 1 -0.0148213
8 5 2 0 0.0000000
8 5 2 1 0.0000000
8 5 2 2 -0.0120665
8 5 3 0 -0.0002589
8 5 3 1 0.0036345
8 5 3 2 -0.0000000
8 5 3 3 -0.0135720
8 5 4 0 -0.0006196
8 5 4 1 0.0012589
8 5 4 2 0.0000000
8 5 4 3 -0.0027500
8 5 4 4 -0.0092217
8 5 5 0 0.0000000
8 5 5 1 0.0000000
8 5 5 2 0.0074575
8 5 5 3 0.0000000
8 5 5 4 0.0000000
8 5 5 5 -0.0176360
8 5 6 0 0.0004535
8 5 6 1 0.0134093
8 5 6 2 -0.0000000
8 5 6 3 0.0052461
8 5 6 4 0.0003066
8 5 6 5 0.0000000
8 5 6 6 -0.0063061
8 5 7 0 0.0001244
8 5 7 1 -0.0006150
8 5 7 2 0.0000000
8 5 7 3 -0.0002360
8 5 7 4 0.0020358
8 5 7 5 -0.0000000
8 5 7 6 0.0003162
8 5 7 7 0.0022074
8 5 8 0 -0.0000000
8 5 8 1 0.0000000
8 5 8 2 -0.0033882
8 5 8 3 0.0000000
8 5 8 4 0.0000000
8 5 8 5 0.0034201
8 5 8 6 0.0000000
8 5 8 7 -0.0000000
8 5 8 8 0.0175834
8 6 0 0 0.0000000
8 6 1 0 0.0000000
8 6 1 1 0.0000000
8 6 2 0 0.0000777
8 6 2 1 0.0026778
8 6 2 2 0.0000000
8 6 3 0 0.0000000
8 6 3 1 -0.0000000
8 6 3 2 -0.0025108
8 6 3 3 0.0000000
8 6 4 0 0.0000000
8 6 4 1 -0.0000000
8 6 4 2 0.0039433
8 6 4 3 0.0000000
8 6 4 4 0.0000000
8 6 5 0 -0.0002484
8 6 5 1 -0.0040181
8 6 5 2 -0.0000000
8 6 5 3 -0.0008764
8 6 5 4 0.0031206
8 6 5 5 0.0000000
8 6 6 0 -0.0000000
8 6 6 1 -0.0000000
8 6 6 2 -0.0034521
8 6 6 3 -0.0000000
8 6 6 4 -0.0000000
8 6 6 5 0.0028243
8 6 6 6 0.0000000
8 6 7 0 -0.0000000
8 6 7 1 0.0000000
8 6 7 2 0.0017371
8 6 7 3 -0.0000000
8 6 7 4 -0.0000000
8 6 7 5 -0.0003249
8 6 7 6 0.0000000
8 6 7 7 -0.0000000
8 6 8 0 -0.0002045
8 6 8 1 0.0273094
8 6 8 2 0.0000000
8 6 8 3 0.0159249
8 6 8 4 0.0009879
8 6 8 5 0.0000000
8 6 8 6 0.0377580
8 6 8 7 -0.0011020
8 6 8 8 -0.0000000
8 7 0 0 0.0000000
8 7 1 0 0.0000000
8 7 1 1 0.0000000
8 7 2 0 0.0001991
8 7 2 1 0.0009756
8 7 2 2 -0.0000000
8 7 3 0 -0.0000000
8 7 3 1 -0.0000000
8 7 3 2 -0.0011946
8 7 3 3 0.0000000
8 7 4 0 -0.0000000
8 7 4 1 -0.0000000
8 7 4 2 0.0004513
8 7 4 3 0.0000000
8 7 4 4 0.0000000
8 7 5 0 -0.0003990
8 7 5 1 -0.0015460
8 7 5 2 -0.0000000
8 7 5 3 0.0004548
8 7 5 4 0.0009740
8 7 5 5 0.0000000
8 7 6 0 0.0000000
8 7 6 1 0.0000000
8 7 6 2 -0.0005164
8 7 6 3 -0.0000000
8 7 6 4 -0.0000000
8 7 6 5 0.0007770
8 7 6 6 -0.0000000
8 7 7 0 -0.0000000
8 7 7 1 -0.0000000
8 7 7 2 -0.0010882
8 7 7 3 0.0000000
8 7 7 4 0.0000000
8 7 7 5 0.0011623
8 7 7 6 -0.0000000
8 7 7 7 0.0000000
8 7 8 0 -0.0000276
8 7 8 1 -0.0006801
8 7 8 2 0.0000000
8 7 8 3 0.0012140
8 7 8 4 0.0003291
8 7 8 5 -0.0000000
8 7 8 6 -0.0011020
8 7 8 7 0.0210482
8 7 8 8 0.0000000
8 8 0 0 0.3244231
8 8 1 0 0.0030276
8 8 1 1 0.4627897
8 8 2 0 0.0000000
8 8 2 1 0.0000000
8 8 2 2 0.2653405
8 8 3 0 0.0032354
8 8 3 1 0.0854168
8 8 3 2 0.0000000
8 8 3 3 0.3160213
8 8 4 0 0.0040722
8 8 4 1 0.0006962
8 8 4 2 -0.0000000
8 8 4 3 0.0093552
8 8 4 4 0.2382962
8 8 5 0 -0.0000000
8 8 5 1 0.0000000
8 8 5 2 -0.0446342
8 8 5 3 0.0000000
8 8 5 4 0.0000000
8 8 5 5 0.2900215
8 8 6 0 -0.0063011
8 8 6 1 0.1039337
8 8 6 2 0.0000000
8 8 6 3 0.0844373
8 8 6 4 0.0046111
8 8 6 5 0.0000000
8 8 6 6 0.5179217
8 8 7 0 -0.0013641
8 8 7 1 -0.0022881
8 8 7 2 0.0000000
8 8 7 3 0.0325197
8 8 7 4 -0.0035858
8 8 7 5 -0.0000000
8 8 7 6 -0.0094549
8 8 7 7 0.4670422
8 8 8 0 -0.0000000
8 8 8 1 -0.0000000
8 8 8 2 -0.0294539
8 8 8 3 0.0000000
8 8 8 4 0.0000000
8 8 8 5 0.0175834
8 8 8 6 -0.0000000
8 8 8 7 0.0000000
8 8 8 8 0.6728327
9 0 0 0 -0.0027919
9 0 1 0 0.0001129
9 0 1 1 -0.0003858
9 0 2 0 -0.0000000
9 0 2 1 0.0000000
9 0 2 2 -0.0003374
9 0 3 0 -0.0000662
9 0 3 1 0.0002159
9 0 3 2 -0.0000000
9 0 3 3 -0.0004862
9 0 4 0 -0.0002083
9 0 4 1 0.0000677
9 0 4 2 0.0000000
9 0 4 3 -0.0001450
9 0 4 4 -0.0003394
9 0 5 0 -0.0000000
9 0 5 1 0.0000000
9 0 5 2 0.0002276
9 0 5 3 0.0000000
9 0 5 4 -0.0000000
9 0 5 5 -0.0005841
9 0 6 0 -0.0000907
9 0 6 1 0.0004960
9 0 6 2 -0.0000000
9 0 6 3 0.0001937
9 0 6 4 0.0000206
9 0 6 5 0.0000000
9 0 6 6 -0.0002021
9 0 7 0 0.0001215
9 0 7 1 0.0000133
9 0 7 2 -0.0000000
9 0 7 3 -0.0000201
9 0 7 4 0.0000849
9 0 7 5 -0.0000000
9 0 7 6 -0.0000209
9 0 7 7 0.0000585
9 0 8 0 -0.0000000
9 0 8 1 -0.0000000
9 0 8 2 -0.0000722
9 0 8 3 0.0000000
9 0 8 4 0.0000000
9 0 8 5 0.0000699
9 0 8 6 -0.0000000
9 0 8 7 -0.0000000
9 0 8 8 0.0004547
9 0 9 0 0.0000068
9 0 9 1 -0.0000678
9 0 9 2 -0.0000000
9 0 9 3 -0.0000706
9 0 9 4 0.0000060
9 0 9 5 -0.0000000
9 0 9 6 -0.0002061
9 0 9 7 -0.0000198
9 0 9 8 -0.0000000
9 0 9 9 0.0031456
9 1 0 0 -0.0044711
9 1 1 0 -0.0001114
9 1 1 1 -0.0013055
9 1 2 0 0.0000000
9 1 2 1 0.0000000
9 1 2 2 -0.0025345
9 1 3 0 0.0000468
9 1 3 1 0.0022365
9 1 3 2 -0.0000000
9 1 3 3 -0.0022058
9 1 4 0 -0.0000935
9 1 4 1 0.0002287
9 1 4 2 0.0000000
9 1 4 3 -0.0004831
9 1 4 4 -0.0021917
9 1 5 0 0.0000000
9 1 5 1 0.0000000
9 1 5 2 0.0010076
9 1 5 3 0.0000000
9 1 5 4 -0.0000000
9 1 5 5 -0.0033543
9 1 6 0 0.0000863
9 1 6 1 0.0047255
9 1 6 2 -0.0000000
9 1 6 3 0.0020880
9 1 6 4 0.0000915
9 1 6 5 0.0000000
9 1 6 6 0.0018558
9 1 7 0 0.0000843
9 1 7 1 -0.0002788
9 1 7 2 -0.0000000
9 1 7 3 -0.0003561
9 1 7 4 0.0002065
9 1 7 5 -0.0000000
9 1 7 6 -0.0006688
9 1 7 7 -0.0005299
9 1 8 0 -0.0000000
9 1 8 1 -0.0000000
9 1 8 2 -0.0004077
9 1 8 3 0.0000000
9 1 8 4 0.0000000
9 1 8 5 0.0003964
9 1 8 6 -0.0000000
9 1 8 7 0.0000000
9 1 8 8 0.0009531
9 1 9 0 -0.0000678
9 1 9 1 0.0056095
9 1 9 2 0.0000000
9 1 9 3 0.0036794
9 1 9 4 -0.0000265
9 1 9 5 0.0000000
9 1 9 6 0.0105819
9 1 9 7 -0.0007682
9 1 9 8 -0.0000000
9 1 9 9 -0.0515253
9 2 0 0 0.0000000
9 2 1 0 0.0000000
9 2 1 1 0.0000000
9 2 2 0 -0.0000370
9 2 2 1 -0.0002236
9 2 2 2 0.0000000
9 2 3 0 -0.0000000
9 2 3 1 -0.0000000
9 2 3 2 0.0000516
9 2 3 3 0.0000000
9 2 4 0 0.0000000
9 2 4 1 0.0000000
9 2 4 2 -0.0000041
9 2 4 3 0.0000000
9 2 4 4 -0.0000000
9 2 5 0 0.0000733
9 2 5 1 0.0003564
9 2 5 2 0.0000000
9 2 5 3 -0.0000919
9 2 5 4 -0.0000269
9 2 5 5 -0.0000000
9 2 6 0 -0.0000000
9 2 6 1 -0.0000000
9 2 6 2 0.0002444
9 2 6 3 0.0000000
9 2 6 4 -0.0000000
9 2 6 5 -0.0002878
9 2 6 6 0.0000000
9 2 7 0 -0.0000000
9 2 7 1 0.0000000
9 2 7 2 -0.0000249
9 2 7 3 0.0000000
9 2 7 4 0.0000000
9 2 7 5 0.0000377
9 2 7 6 0.0000000
9 2 7 7 -0.0000000
9 2 8 0 -0.0000011
9 2 8 1 -0.0006028
9 2 8 2 0.0000000
9 2 8 3 -0.0003158
9 2 8 4 -0.0000128
9 2 8 5 -0.0000000
9 2 8 6 -0.0007097
9 2 8 7 0.0000535
9 2 8 8 -0.0000000
9 2 9 0 -0.0000000
9 2 9 1 0.0000000
9 2 9 2 0.0002027
9 2 9 3 0.0000000
9 2 9 4 -0.0000000
9 2 9 5 -0.0001726
9 2 9 6 0.0000000
9 2 9 7 0.0000000
9 2 9 8 -0.0016571
9 2 9 9 -0.0000000
9 3 0 0 -0.0001430
9 3 1 0 0.0000449
9 3 1 1 0.0008056
9 3 2 0 -0.0000000
9 3 2 1 -0.0000000
9 3 2 2 -0.0005842
9 3 3 0 -0.0000626
9 3 3 1 0.0002997
9 3 3 2 0.0000000
9 3 3 3 0.0001647
9 3 4 0 0.0000184
9 3 4 1 -0.0000739
9 3 4 2 -0.0000000
9 3 4 3 0.0001710
9 3 4 4 -0.0005509
9 3 5 0 -0.0000000
9 3 5 1 0.0000000
9 3 5 2 -0.0001359
9 3 5 3 0.0000000
9 3 5 4 0.0000000
9 3 5 5 -0.0003480
9 3 6 0 -0.0000122
9 3 6 1 0.0009823
9 3 6 2 0.0000000
9 3 6 3 0.0008530
9 3 6 4 0.0000207
9 3 6 5 0.0000000
9 3 6 6 0.0010612
9 3 7 0 -0.0000498
9 3 7 1 0.0000316
9 3 7 2 0.0000000
9 3 7 3 0.0000797
9 3 7 4 0.0000254
9 3 7 5 0.0000000
9 3 7 6 0.0002768
9 3 7 7 -0.0014037
9 3 8 0 0.0000000
9 3 8 1 0.0000000
9 3 8 2 0.0001323
9 3 8 3 0.0000000
9 3 8 4 -0.0000000
9 3 8 5 -0.0001382
9 3 8 6 0.0000000
9 3 8 7 -0.0000000
9 3 8 8 -0.0017667
9 3 9 0 -0.0000706
9 3 9 1 0.0036794
9 3 9 2 0.0000000
9 3 9 3 0.0026825
9 3 9 4 0.0000390
9 3 9 5 0.0000000
9 3 9 6 0.0074959
9 3 9 7 0.0006171
9 3 9 8 0.0000000
9 3 9 9 -0.0482678
9 4 0 0 -0.0007598
9 4 1 0 0.0000500
9 4 1 1 0.0000664
9 4 2 0 0.0000000
9 4 2 1 0.0000000
9 4 2 2 -0.0001667
9 4 3 0 -0.0000281
9 4 3 1 0.0001016
9 4 3 2 -0.0000000
9 4 3 3 -0.0001209
9 4 4 0 -0.0000122
9 4 4 1 0.0000052
9 4 4 2 0.0000000
9 4 4 3 -0.0000805
9 4 4 4 -0.0001985
9 4 5 0 -0.0000000
9 4 5 1 0.0000000
9 4 5 2 0.0001198
9 4 5 3 0.0000000
9 4 5 4 0.0000000
9 4 5 5 -0.0001906
9 4 6 0 -0.0000430
9 4 6 1 0.0003456
9 4 6 2 -0.0000000
9 4 6 3 0.0002700
9 4 6 4 0.0000845
9 4 6 5 0.0000000
9 4 6 6 0.0002487
9 4 7 0 -0.0000220
9 4 7 1 0.0000102
9 4 7 2 0.0000000
9 4 7 3 0.0000933
9 4 7 4 0.0001450
9 4 7 5 0.0000000
9 4 7 6 0.0000623
9 4 7 7 0.0001305
9 4 8 0 0.0000000
9 4 8 1 0.0000000
9 4 8 2 -0.0000798
9 4 8 3 0.0000000
9 4 8 4 0.0000000
9 4 8 5 0.0000626
9 4 8 6 0.0000000
9 4 8 7 0.0000000
9 4 8 8 0.0005083
9 4 9 0 0.0000060
9 4 9 1 -0.0000265
9 4 9 2 -0.0000000
9 4 9 3 0.0000390
9 4 9 4 -0.0001746
9 4 9 5 -0.0000000
9 4 9 6 -0.0001412
9 4 9 7 0.0001948
9 4 9 8 0.0000000
9 4 9 9 0.0041766
9 5 0 0 0.0000000
9 5 1 0 0.0000000
9 5 1 1 0.0000000
9 5 2 0 0.0000730
9 5 2 1 0.0004132
9 5 2 2 0.0000000
9 5 3 0 0.0000000
9 5 3 1 0.0000000
9 5 3 2 -0.0002925
9 5 3 3 0.0000000
9 5 4 0 0.0000000
9 5 4 1 -0.0000000
9 5 4 2 0.0002571
9 5 4 3 0.0000000
9 5 4 4 0.0000000
9 5 5 0 -0.0001566
9 5 5 1 -0.0006086
9 5 5 2 -0.0000000
9 5 5 3 0.0000981
9 5 5 4 0.0003534
9 5 5 5 0.0000000
9 5 6 0 0.0000000
9 5 6 1 0.0000000
9 5 6 2 -0.0003008
9 5 6 3 0.0000000
9 5 6 4 -0.0000000
9 5 6 5 0.0004741
9 5 6 6 0.0000000
9 5 7 0 -0.0000000
9 5 7 1 -0.0000000
9 5 7 2 0.0001831
9 5 7 3 -0.0000000
9 5 7 4 -0.0000000
9 5 7 5 -0.0000166
9 5 7 6 -0.0000000
9 5 7 7 -0.0000000
9 5 8 0 0.0000038
9 5 8 1 0.0006604
9 5 8 2 0.0000000
9 5 8 3 0.0003175
9 5 8 4 0.0000185
9 5 8 5 -0.0000000
9 5 8 6 0.0006634
9 5 8 7 0.0000282
9 5 8 8 -0.0000000
9 5 9 0 -0.0000000
9 5 9 1 0.0000000
9 5 9 2 -0.0001726
9 5 9 3 0.0000000
9 5 9 4 -0.0000000
9 5 9 5 0.0001498
9 5 9 6 0.0000000
9 5 9 7 -0.0000000
9 5 9 8 0.0013767
9 5 9 9 -0.0000000
9 6 0 0 0.0035331
9 6 1 0 0.0000944
9 6 1 1 0.0048615
9 6 2 0 -0.0000000
9 6 2 1 -0.0000000
9 6 2 2 0.0010799
9 6 3 0 0.0000955
9 6 3 1 0.0016026
9 6 3 2 0.0000000
9 6 3 3 0.0025246
9 6 4 0 0.0001294
9 6 4 1 -0.0001177
9 6 4 2 -0.0000000
9 6 4 3 0.0002922
9 6 4 4 0.0009586
9 6 5 0 -0.0000000
9 6 5 1 0.0000000
9 6 5 2 -0.0007325
9 6 5 3 0.0000000
9 6 5 4 -0.0000000
9 6 5 5 0.0018641
9 6 6 0 -0.0001623
9 6 6 1 0.0009484
9 6 6 2 0.0000000
9 6 6 3 0.0009046
9 6 6 4 -0.0000074
9 6 6 5 0.0000000
9 6 6 6 0.0046562
9 6 7 0 -0.0000229
9 6 7 1 -0.0001823
9 6 7 2 -0.0000000
9 6 7 3 -0.0004698
9 6 7 4 -0.0003436
9 6 7 5 -0.0000000
9 6 7 6 -0.0006495
9 6 7 7 -0.0032897
9 6 8 0 -0.0000000
9 6 8 1 -0.0000000
9 6 8 2 0.0008813
9 6 8 3 -0.0000000
9 6 8 4 -0.0000000
9 6 8 5 -0.0008806
9 6 8 6 0.0000000
9 6 8 7 -0.0000000
9 6 8 8 -0.0065252
9 6 9 0 -0.0002061
9 6 9 1 0.0105819
9 6 9 2 0.0000000
9 6 9 3 0.0074959
9 6 9 4 -0.0001412
9 6 9 5 0.0000000
9 6 9 6 0.0217461
9 6 9 7 -0.0009163
9 6 9 8 -0.0000000
9 6 9 9 -0.1487530
9 7 0 0 0.0009807
9 7 1 0 -0.0000985
9 7 1 1 -0.0007158
9 7 2 0 0.0000000
9 7 2 1 0.0000000
9 7 2 2 0.0007271
9 7 3 0 0.0000394
9 7 3 1 0.0002367
9 7 3 2 -0.0000000
9 7 3 3 0.0003709
9 7 4 0 -0.0000168
9 7 4 1 0.0001237
9 7 4 2 0.0000000
9 7 4 3 -0.0001445
9 7 4 4 0.0009182
9 7 5 0 0.0000000
9 7 5 1 -0.0000000
9 7 5 2 0.0003212
9 7 5 3 -0.0000000
9 7 5 4 -0.0000000
9 7 5 5 0.0004329
9 7 6 0 0.0000624
9 7 6 1 -0.0001054
9 7 6 2 -0.0000000
9 7 6 3 -0.0001133
9 7 6 4 0.0000294
9 7 6 5 -0.0000000
9 7 6 6 0.0001838
9 7 7 0 0.0000501
9 7 7 1 0.0013307
9 7 7 2 0.0000000
9 7 7 3 0.0006326
9 7 7 4 -0.0001628
9 7 7 5 0.0000000
9 7 7 6 0.0019837
9 7 7 7 0.0001770
9 7 8 0 -0.0000000
9 7 8 1 -0.0000000
9 7 8 2 0.0000016
9 7 8 3 -0.0000000
9 7 8 4 0.0000000
9 7 8 5 0.0001150
9 7 8 6 -0.0000000
9 7 8 7 -0.0000000
9 7 8 8 -0.0000623
9 7 9 0 -0.0000198
9 7 9 1 -0.0007682
9 7 9 2 0.0000000
9 7 9 3 0.0006171
9 7 9 4 0.0001948
9 7 9 5 -0.0000000
9 7 9 6 -0.0009163
9 7 9 7 0.0091562
9 7 9 8 0.0000000
9 7 9 9 0.0149379
9 8 0 0 -0.0000000
9 8 1 0 -0.0000000
9 8 1 1 -0.0000000
9 8 2 0 -0.0000752
9 8 2 1 -0.0012101
9 8 2 2 0.0000000
9 8 3 0 0.0000000
9 8 3 1 0.0000000
9 8 3 2 0.0005431
9 8 3 3 -0.0000000
9 8 4 0 0.0000000
9 8 4 1 0.0000000
9 8 4 2 -0.0010879
9 8 4 3 0.0000000
9 8 4 4 -0.0000000
9 8 5 0 0.0001853
9 8 5 1 0.0011514
9 8 5 2 0.0000000
9 8 5 3 0.0001580
9 8 5 4 -0.0010350
9 8 5 5 -0.0000000
9 8 6 0 -0.0000000
9 8 6 1 -0.0000000
9 8 6 2 -0.0000345
9 8 6 3 -0.0000000
9 8 6 4 0.0000000
9 8 6 5 -0.0003406
9 8 6 6 0.0000000
9 8 7 0 -0.0000000
9 8 7 1 -0.0000000
9 8 7 2 -0.0005028
9 8 7 3 0.0000000
9 8 7 4 0.0000000
9 8 7 5 0.0000350
9 8 7 6 -0.0000000
9 8 7 7 0.0000000
9 8 8 0 -0.0000006
9 8 8 1 0.0012450
9 8 8 2 0.0000000
9 8 8 3 0.0009902
9 8 8 4 -0.0002076
9 8 8 5 0.0000000
9 8 8 6 0.0029459
9 8 8 7 -0.0004312
9 8 8 8 0.0000000
9 8 9 0 -0.0000000
9 8 9 1 -0.0000000
9 8 9 2 -0.0016571
9 8 9 3 0.0000000
9 8 9 4 0.0000000
9 8 9 5 0.0013767
9 8 9 6 -0.0000000
9 8 9 7 0.0000000
9 8 9 8 0.0145315
9 8 9 9 0.0000000
9 9 0 0 0.3430272
9 9 1 0 0.0034162
9 9 1 1 0.5612738
9 9 2 0 0.0000000
9 9 2 1 0.0000000
9 9 2 2 0.2717172
9 9 3 0 0.0037031
9 9 3 1 0.1361190
9 9 3 2 0.0000000
9 9 3 3 0.3574723
9 9 4 0 0.0048625
9 9 4 1 0.0007427
9 9 4 2 -0.0000000
9 9 4 3 0.0117172
9 9 4 4 0.2418237
9 9 5 0 -0.0000000
9 9 5 1 0.0000000
9 9 5 2 -0.0508249
9 9 5 3 0.0000000
9 9 5 4 0.0000000
9 9 5 5 0.3005281
9 9 6 0 -0.0081173
9 9 6 1 0.2091591
9 9 6 2 0.0000000
9 9 6 3 0.1532646
9 9 6 4 0.0060826
9 9 6 5 0.0000000
9 9 6 6 0.7157106
9 9 7 0 -0.0020412
9 9 7 1 -0.0077859
9 9 7 2 0.0000000
9 9 7 3 0.0482460
9 9 7 4 -0.0021373
9 9 7 5 -0.0000000
9 9 7 6 -0.0103986
9 9 7 7 0.6182418
9 9 8 0 -0.0000000
9 9 8 1 -0.0000000
9 9 8 2 -0.0480399
9 9 8 3 0.0000000
9 9 8 4 0.0000000
9 9 8 5 0.0314565
9 9 8 6 -0.0000000
9 9 8 7 0.0000000
9 9 8 8 0.8416886
9 9 9 0 0.0031456
9 9 9 1 -0.0515253
9 9 9 2 -0.0000000
9 9 9 3 -0.0482678
9 9 9 4 0.0041766
9 9 9 5 -0.0000000
9 9 9 6 -0.1487530
9 9 9 7 0.0149379
9 9 9 8 0.0000000
9 9 9 9 3.4993855
10 0 0 0 0.0247623
10 0 1 0 -0.0010937
10 0 1 1 0.0030537
10 0 2 0 0.0000000
10 0 2 1 -0.0000000
10 0 2 2 0.0001694
10 0 3 0 0.0001223
10 0 3 1 -0.0017431
10 0 3 2 0.0000000
10 0 3 3 0.0021242
10 0 4 0 0.0032100
10 0 4 1 -0.0006694
10 0 4 2 0.0000000
10 0 4 3 0.0010801
10 0 4 4 0.0000209
10 0 5 0 0.0000000
10 0 5 1 -0.0000000
10 0 5 2 -0.0009241
10 0 5 3 0.0000000
10 0 5 4 0.0000000
10 0 5 5 0.0017871
10 0 6 0 0.0012656
10 0 6 1 -0.0020902
10 0 6 2 0.0000000
10 0 6 3 0.0006660
10 0 6 4 0.0000776
10 0 6 5 -0.0000000
10 0 6 6 0.0013821
10 0 7 0 -0.0027188
10 0 7 1 -0.0005122
10 0 7 2 0.0000000
10 0 7 3 0.0003600
10 0 7 4 0.0006894
10 0 7 5 0.0000000
10 0 7 6 0.0005690
10 0 7 7 -0.0013629
10 0 8 0 0.0000000
10 0 8 1 0.0000000
10 0 8 2 0.0001504
10 0 8 3 -0.0000000
10 0 8 4 -0.0000000
10 0 8 5 -0.0002079
10 0 8 6 0.0000000
10 0 8 7 0.0000000
10 0 8 8 -0.0007667
10 0 9 0 -0.0000358
10 0 9 1 -0.0000578
10 0 9 2 0.0000000
10 0 9 3 0.0000095
10 0 9 4 0.0000007
10 0 9 5 0.0000000
10 0 9 6 0.0000289
10 0 9 7 -0.0000134
10 0 9 8 -0.0000000
10 0 9 9 -0.0010098
10 0 10 0 0.0006752
10 0 10 1 0.0005489
10 0 10 2 -0.0000000
10 0 10 3 -0.0000674
10 0 10 4 -0.0001517
10 0 10 5 -0.0000000
10 0 10 6 -0.0000303
10 0 10 7 -0.0000542
10 0 10 8 -0.0000000
10 0 10 9 -0.0000227
10 0 10 10 -0.0012459
10 1 0 0 0.0359659
10 1 1 0 0.0013107
10 1 1 1 0.0388481
10 1 2 0 -0.0000000
10 1 2 1 -0.0000000
10 1 2 2 0.0159604
10 1 3 0 -0.0009383
10 1 3 1 -0.0037897
10 1 3 2 0.0000000
10 1 3 3 0.0266960
10 1 4 0 0.0008651
10 1 4 1 -0.0019687
10 1 4 2 -0.0000000
10 1 4 3 0.0058759
10 1 4 4 0.0141589
10 1 5 0 -0.0000000
10 1 5 1 -0.0000000
10 1 5 2 -0.0090904
10 1 5 3 0.0000000
10 1 5 4 0.0000000
10 1 5 5 0.0247564
10 1 6 0 -0.0009227
10 1 6 1 -0.0108975
10 1 6 2 0.0000000
10 1 6 3 0.0018249
10 1 6 4 -0.0009364
10 1 6 5 -0.0000000
10 1 6 6 0.0243929
10 1 7 0 -0.0010733
10 1 7 1 0.0007720
10 1 7 2 -0.0000000
10 1 7 3 0.0022750
10 1 7 4 -0.0016648
10 1 7 5 0.0000000
10 1 7 6 0.0055610
10 1 7 7 0.0025319
10 1 8 0 0.0000000
10 1 8 1 0.0000000
10 1 8 2 0.0037510
10 1 8 3 -0.0000000
10 1 8 4 -0.0000000
10 1 8 5 -0.0046292
10 1 8 6 0.0000000
10 1 8 7 -0.0000000
10 1 8 8 -0.0054446
10 1 9 0 -0.0001300
10 1 9 1 0.0002125
10 1 9 2 0.0000000
10 1 9 3 0.0011029
10 1 9 4 -0.0001393
10 1 9 5 0.0000000
10 1 9 6 0.0041599
10 1 9 7 -0.0002339
10 1 9 8 -0.0000000
10 1 9 9 -0.0334553
10 1 10 0 0.0005489
10 1 10 1 0.0245696
10 1 10 2 0.0000000
10 1 10 3 0.0102827
10 1 10 4 0.0013211
10 1 10 5 0.0000000
10 1 10 6 0.0248636
10 1 10 7 0.0013854
10 1 10 8 -0.0000000
10 1 10 9 0.0006438
10 1 10 10 -0.0493815
10 2 0 0 -0.0000000
10 2 1 0 -0.0000000
10 2 1 1 -0.0000000
10 2 2 0 -0.0007543
10 2 2 1 -0.0037884
10 2 2 2 0.0000000
10 2 3 0 0.0000000
10 2 3 1 0.0000000
10 2 3 2 0.0070773
10 2 3 3 -0.0000000
10 2 4 0 0.0000000
10 2 4 1 0.0000000
10 2 4 2 -0.0097442
10 2 4 3 0.0000000
10 2 4 4 -0.0000000
10 2 5 0 0.0018389
10 2 5 1 0.0021848
10 2 5 2 0.0000000
10 2 5 3 0.0020173
10 2 5 4 -0.0111857
10 2 5 5 -0.0000000
10 2 6 0 -0.0000000
10 2 6 1 -0.0000000
10 2 6 2 0.0010113
10 2 6 3 -0.0000000
10 2 6 4 0.0000000
10 2 6 5 -0.0029427
10 2 6 6 0.0000000
10 2 7 0 0.0000000
10 2 7 1 -0.0000000
10 2 7 2 -0.0074144
10 2 7 3 0.0000000
10 2 7 4 0.0000000
10 2 7 5 0.0009727
10 2 7 6 -0.0000000
10 2 7 7 0.0000000
10 2 8 0 0.0000213
10 2 8 1 -0.0021606
10 2 8 2 -0.0000000
10 2 8 3 -0.0012474
10 2 8 4 -0.0003071
10 2 8 5 -0.0000000
10 2 8 6 -0.0032368
10 2 8 7 -0.0001677
10 2 8 8 0.0000000
10 2 9 0 0.0000000
10 2 9 1 0.0000000
10 2 9 2 0.0000527
10 2 9 3 0.0000000
10 2 9 4 -0.0000000
10 2 9 5 -0.0000752
10 2 9 6 0.0000000
10 2 9 7 0.0000000
10 2 9 8 -0.0000965
10 2 9 9 0.0000000
10 2 10 0 -0.0000000
10 2 10 1 0.0000000
10 2 10 2 0.0028044
10 2 10 3 0.0000000
10 2 10 4 -0.0000000
10 2 10 5 -0.0010583
10 2 10 6 0.0000000
10 2 10 7 0.0000000
10 2 10 8 -0.0113129
10 2 10 9 0.0000000
10 2 10 10 -0.0000000
10 3 0 0 -0.0000045
10 3 1 0 -0.0004571
10 3 1 1 0.0055220
10 3 2 0 0.0000000
10 3 2 1 0.0000000
10 3 2 2 0.0090473
10 3 3 0 -0.0004291
10 3 3 1 0.0024134
10 3 3 2 -0.0000000
10 3 3 3 0.0060468
10 3 4 0 -0.0006390
10 3 4 1 0.0011301
10 3 4 2 0.0000000
10 3 4 3 0.0001638
10 3 4 4 0.0100856
10 3 5 0 0.0000000
10 3 5 1 0.0000000
10 3 5 2 0.0024783
10 3 5 3 -0.0000000
10 3 5 4 -0.0000000
10 3 5 5 0.0061125
10 3 6 0 0.0008645
10 3 6 1 0.0037668
10 3 6 2 -0.0000000
10 3 6 3 0.0002343
10 3 6 4 -0.0016391
10 3 6 5 0.0000000
10 3 6 6 0.0056856
10 3 7 0 0.0002715
10 3 7 1 0.0023361
10 3 7 2 0.0000000
10 3 7 3 -0.0034279
10 3 7 4 -0.0004254
10 3 7 5 0.0000000
10 3 7 6 0.0055754
10 3 7 7 0.0022127
10 3 8 0 -0.0000000
10 3 8 1 0.0000000
10 3 8 2 0.0008423
10 3 8 3 0.0000000
10 3 8 4 -0.0000000
10 3 8 5 -0.0009939
10 3 8 6 0.0000000
10 3 8 7 0.0000000
10 3 8 8 0.0010702
10 3 9 0 -0.0000260
10 3 9 1 0.0005382
10 3 9 2 0.0000000
10 3 9 3 0.0006189
10 3 9 4 -0.0000521
10 3 9 5 0.0000000
10 3 9 6 0.0021391
10 3 9 7 0.0001299
10 3 9 8 0.0000000
10 3 9 9 -0.0102878
10 3 10 0 -0.0000674
10 3 10 1 0.0102827
10 3 10 2 0.0000000
10 3 10 3 0.0074241
10 3 10 4 0.0006504
10 3 10 5 0.0000000
10 3 10 6 0.0131898
10 3 10 7 0.0084553
10 3 10 8 0.0000000
10 3 10 9 0.0008025
10 3 10 10 -0.0170599
10 4 0 0 0.0302053
10 4 1 0 -0.0016226
10 4 1 1 0.0067468
10 4 2 0 0.0000000
10 4 2 1 -0.0000000
10 4 2 2 0.0029761
10 4 3 0 0.0007345
10 4 3 1 0.0000492
10 4 3 2 0.0000000
10 4 3 3 0.0093725
10 4 4 0 0.0001804
10 4 4 1 -0.0009205
10 4 4 2 -0.0000000
10 4 4 3 0.0055437
10 4 4 4 0.0041388
10 4 5 0 0.0000000
10 4 5 1 -0.0000000
10 4 5 2 -0.0075825
10 4 5 3 -0.0000000
10 4 5 4 -0.0000000
10 4 5 5 0.0070715
10 4 6 0 0.0014155
10 4 6 1 -0.0036531
10 4 6 2 0.0000000
10 4 6 3 -0.0039953
10 4 6 4 -0.0019238
10 4 6 5 0.0000000
10 4 6 6 0.0086103
10 4 7 0 0.0009479
10 4 7 1 0.0001235
10 4 7 2 0.0000000
10 4 7 3 -0.0000714
10 4 7 4 -0.0064098
10 4 7 5 0.0000000
10 4 7 6 0.0001106
10 4 7 7 0.0084617
10 4 8 0 -0.0000000
10 4 8 1 0.0000000
10 4 8 2 0.0003910
10 4 8 3 0.0000000
10 4 8 4 -0.0000000
10 4 8 5 -0.0006423
10 4 8 6 0.0000000
10 4 8 7 -0.0000000
10 4 8 8 0.0005818
10 4 9 0 -0.0000223
10 4 9 1 -0.0000766
10 4 9 2 -0.0000000
10 4 9 3 0.0000109
10 4 9 4 -0.0000433
10 4 9 5 0.0000000
10 4 9 6 0.0001575
10 4 9 7 0.0000453
10 4 9 8 0.0000000
10 4 9 9 -0.0004033
10 4 10 0 -0.0001517
10 4 10 1 0.0013211
10 4 10 2 -0.0000000
10 4 10 3 0.0006504
10 4 10 4 0.0015312
10 4 10 5 0.0000000
10 4 10 6 0.0013337
10 4 10 7 -0.0007701
10 4 10 8 0.0000000
10 4 10 9 0.0000664
10 4 10 10 -0.0008899
10 5 0 0 0.0000000
10 5 1 0 0.0000000
10 5 1 1 0.0000000
10 5 2 0 0.0004874
10 5 2 1 -0.0005710
10 5 2 2 0.0000000
10 5 3 0 0.0000000
10 5 3 1 0.0000000
10 5 3 2 0.0016823
10 5 3 3 0.0000000
10 5 4 0 0.0000000
10 5 4 1 0.0000000
10 5 4 2 -0.0040462
10 5 4 3 -0.0000000
10 5 4 4 0.0000000
10 5 5 0 -0.0007316
10 5 5 1 0.0005574
10 5 5 2 -0.0000000
10 5 5 3 0.0005458
10 5 5 4 -0.0021618
10 5 5 5 0.0000000
10 5 6 0 -0.0000000
10 5 6 1 0.0000000
10 5 6 2 -0.0005237
10 5 6 3 0.0000000
10 5 6 4 0.0000000
10 5 6 5 -0.0002617
10 5 6 6 0.0000000
10 5 7 0 0.0000000
10 5 7 1 0.0000000
10 5 7 2 0.0005355
10 5 7 3 0.0000000
10 5 7 4 -0.0000000
10 5 7 5 -0.0023592
10 5 7 6 0.0000000
10 5 7 7 0.0000000
10 5 8 0 -0.0000299
10 5 8 1 0.0001329
10 5 8 2 0.0000000
10 5 8 3 0.0005715
10 5 8 4 -0.0001181
10 5 8 5 -0.0000000
10 5 8 6 0.0017864
10 5 8 7 -0.0002753
10 5 8 8 0.0000000
10 5 9 0 -0.0000000
10 5 9 1 0.0000000
10 5 9 2 -0.0000305
10 5 9 3 0.0000000
10 5 9 4 -0.0000000
10 5 9 5 0.0000009
10 5 9 6 0.0000000
10 5 9 7 -0.0000000
10 5 9 8 0.0002052
10 5 9 9 -0.0000000
10 5 10 0 -0.0000000
10 5 10 1 0.0000000
10 5 10 2 -0.0010583
10 5 10 3 0.0000000
10 5 10 4 0.0000000
10 5 10 5 0.0013912
10 5 10 6 0.0000000
10 5 10 7 0.0000000
10 5 10 8 0.0080524
10 5 10 9 0.0000000
10 5 10 10 -0.0000000
10 6 0 0 0.0198005
10 6 1 0 -0.0000761
10 6 1 1 0.0294366
10 6 2 0 -0.0000000
10 6 2 1 0.0000000
10 6 2 2 0.0124748
10 6 3 0 0.0018716
10 6 3 1 0.0103551
10 6 3 2 -0.0000000
10 6 3 3 0.0142446
10 6 4 0 0.0007558
10 6 4 1 0.0001004
10 6 4 2 0.0000000
10 6 4 3 -0.0022683
10 6 4 4 0.0085752
10 6 5 0 -0.0000000
10 6 5 1 0.0000000
10 6 5 2 -0.0041961
10 6 5 3 0.0000000
10 6 5 4 0.0000000
10 6 5 5 0.0147893
10 6 6 0 -0.0013762
10 6 6 1 0.0031562
10 6 6 2 0.0000000
10 6 6 3 0.0037476
10 6 6 4 0.0019306
10 6 6 5 0.0000000
10 6 6 6 0.0299137
10 6 7 0 0.0005250
10 6 7 1 0.0048495
10 6 7 2 -0.0000000
10 6 7 3 0.0046495
10 6 7 4 -0.0007693
10 6 7 5 0.0000000
10 6 7 6 -0.0003168
10 6 7 7 0.0143215
10 6 8 0 0.0000000
10 6 8 1 -0.0000000
10 6 8 2 0.0015922
10 6 8 3 -0.0000000
10 6 8 4 -0.0000000
10 6 8 5 -0.0024597
10 6 8 6 0.0000000
10 6 8 7 0.0000000
10 6 8 8 0.0161728
10 6 9 0 -0.0000847
10 6 9 1 0.0016922
10 6 9 2 0.0000000
10 6 9 3 0.0017463
10 6 9 4 -0.0001183
10 6 9 5 0.0000000
10 6 9 6 0.0059766
10 6 9 7 0.0000029
10 6 9 8 -0.0000000
10 6 9 9 -0.0177694
10 6 10 0 -0.0000303
10 6 10 1 0.0248636
10 6 10 2 0.0000000
10 6 10 3 0.0131898
10 6 10 4 0.0013337
10 6 10 5 0.0000000
10 6 10 6 0.0337639
10 6 10 7 0.0080134
10 6 10 8 -0.0000000
10 6 10 9 0.0014985
10 6 10 10 -0.0368110
10 7 0 0 -0.0552379
10 7 1 0 0.0029694
10 7 1 1 0.0079766
10 7 2 0 -0.0000000
10 7 2 1 -0.0000000
10 7 2 2 -0.0317149
10 7 3 0 -0.0018009
10 7 3 1 0.0065649
10 7 3 2 0.0000000
10 7 3 3 -0.0206069
10 7 4 0 0.0004288
10 7 4 1 0.0003740
10 7 4 2 -0.0000000
10 7 4 3 0.0002608
10 7 4 4 -0.0348706
10 7 5 0 -0.0000000
10 7 5 1 0.0000000
10 7 5 2 -0.0002101
10 7 5 3 0.0000000
10 7 5 4 0.0000000
10 7 5 5 -0.0286941
10 7 6 0 -0.0022423
10 7 6 1 0.0216188
10 7 6 2 0.0000000
10 7 6 3 0.0224876
10 7 6 4 0.0019532
10 7 6 5 0.0000000
10 7 6 6 0.0055868
10 7 7 0 -0.0024833
10 7 7 1 0.0071008
10 7 7 2 0.0000000
10 7 7 3 0.0117582
10 7 7 4 0.0077987
10 7 7 5 0.0000000
10 7 7 6 0.0247627
10 7 7 7 -0.0054839
10 7 8 0 -0.0000000
10 7 8 1 -0.0000000
10 7 8 2 -0.0044508
10 7 8 3 0.0000000
10 7 8 4 0.0000000
10 7 8 5 0.0020590
10 7 8 6 -0.0000000
10 7 8 7 -0.0000000
10 7 8 8 0.0340625
10 7 9 0 0.0000892
10 7 9 1 -0.0001981
10 7 9 2 0.0000000
10 7 9 3 0.0000003
10 7 9 4 0.0001684
10 7 9 5 -0.0000000
10 7 9 6 -0.0013581
10 7 9 7 0.0002960
10 7 9 8 0.0000000
10 7 9 9 0.0632210
10 7 10 0 -0.0000542
10 7 10 1 0.0013854
10 7 10 2 0.0000000
10 7 10 3 0.0084553
10 7 10 4 -0.0007701
10 7 10 5 0.0000000
10 7 10 6 0.0080134
10 7 10 7 0.0750994
10 7 10 8 -0.0000000
10 7 10 9 0.0038252
10 7 10 10 0.0676366
10 8 0 0 0.0000000
10 8 1 0 0.0000000
10 8 1 1 0.0000000
10 8 2 0 0.0007364
10 8 2 1 0.0081030
10 8 2 2 -0.0000000
10 8 3 0 -0.0000000
10 8 3 1 -0.0000000
10 8 3 2 -0.0054536
10 8 3 3 0.0000000
10 8 4 0 -0.0000000
10 8 4 1 -0.0000000
10 8 4 2 0.0078222
10 8 4 3 -0.0000000
10 8 4 4 0.0000000
10 8 5 0 -0.0016623
10 8 5 1 -0.0100402
10 8 5 2 -0.0000000
10 8 5 3 -0.0005253
10 8 5 4 0.0074540
10 8 5 5 0.0000000
10 8 6 0 0.0000000
10 8 6 1 0.0000000
10 8 6 2 -0.0055756
10 8 6 3 0.0000000
10 8 6 4 -0.0000000
10 8 6 5 0.0067592
10 8 6 6 -0.0000000
10 8 7 0 0.0000000
10 8 7 1 0.0000000
10 8 7 2 0.0040179
10 8 7 3 -0.0000000
10 8 7 4 -0.0000000
10 8 7 5 -0.0008401
10 8 7 6 0.0000000
10 8 7 7 0.0000000
10 8 8 0 -0.0004373
10 8 8 1 0.0226966
10 8 8 2 0.0000000
10 8 8 3 0.0144609
10 8 8 4 0.0010270
10 8 8 5 0.0000000
10 8 8 6 0.0376744
10 8 8 7 0.0012069
10 8 8 8 -0.0000000
10 8 9 0 -0.0000000
10 8 9 1 -0.0000000
10 8 9 2 -0.0006149
10 8 9 3 0.0000000
10 8 9 4 0.0000000
10 8 9 5 0.0006112
10 8 9 6 -0.0000000
10 8 9 7 0.0000000
10 8 9 8 -0.0000316
10 8 9 9 0.0000000
10 8 10 0 -0.0000000
10 8 10 1 -0.0000000
10 8 10 2 -0.0113129
10 8 10 3 0.0000000
10 8 10 4 0.0000000
10 8 10 5 0.0080524
10 8 10 6 -0.0000000
10 8 10 7 -0.0000000
10 8 10 8 0.1090352
10 8 10 9 -0.0000000
10 8 10 10 0.0000000
10 9 0 0 0.0124988
10 9 1 0 0.0001771
10 9 1 1 0.0300131
10 9 2 0 0.0000000
10 9 2 1 0.0000000
10 9 2 2 0.0079688
10 9 3 0 0.0003019
10 9 3 1 0.0119283
10 9 3 2 0.0000000
10 9 3 3 0.0151263
10 9 4 0 0.0003223
10 9 4 1 0.0000489
10 9 4 2 -0.0000000
10 9 4 3 0.0005211
10 9 4 4 0.0062170
10 9 5 0 -0.0000000
10 9 5 1 0.0000000
10 9 5 2 -0.0029537
10 9 5 3 0.0000000
10 9 5 4 0.0000000
10 9 5 5 0.0097199
10 9 6 0 -0.0006296
10 9 6 1 0.0195132
10 9 6 2 0.0000000
10 9 6 3 0.0135269
10 9 6 4 0.0003925
10 9 6 5 0.0000000
10 9 6 6 0.0473327
10 9 7 0 -0.0001091
10 9 7 1 -0.0007965
10 9 7 2 0.0000000
10 9 7 3 0.0031848
10 9 7 4 -0.0000552
10 9 7 5 -0.0000000
10 9 7 6 -0.0011529
10 9 7 7 0.0335518
10 9 8 0 -0.0000000
10 9 8 1 -0.0000000
10 9 8 2 -0.0038844
10 9 8 3 0.0000000
10 9 8 4 0.0000000
10 9 8 5 0.0025632
10 9 8 6 -0.0000000
10 9 8 7 0.0000000
10 9 8 8 0.0496117
10 9 9 0 0.0003151
10 9 9 1 -0.0082324
10 9 9 2 -0.0000000
10 9 9 3 -0.0063904
10 9 9 4 0.0003866
10 9 9 5 -0.0000000
10 9 9 6 -0.0195851
10 9 9 7 0.0036628
10 9 9 8 0.0000000
10 9 9 9 0.3648297
10 9 10 0 -0.0000227
10 9 10 1 0.0006438
10 9 10 2 0.0000000
10 9 10 3 0.0008025
10 9 10 4 0.0000664
10 9 10 5 0.0000000
10 9 10 6 0.0014985
10 9 10 7 0.0038252
10 9 10 8 -0.0000000
10 9 10 9 0.0530071
10 9 10 10 0.0389064
10 10 0 0 0.2902184
10 10 1 0 0.0021760
10 10 1 1 0.4065862
10 10 2 0 0.0000000
10 10 2 1 0.0000000
10 10 2 2 0.2367807
10 10 3 0 0.0021719
10 10 3 1 0.0695690
10 10 3 2 0.0000000
10 10 3 3 0.2843140
10 10 4 0 0.0031480
10 10 4 1 0.0003923
10 10 4 2 -0.0000000
10 10 4 3 0.0104982
10 10 4 4 0.2159487
10 10 5 0 -0.0000000
10 10 5 1 0.0000000
10 10 5 2 -0.0371482
10 10 5 3 0.0000000
10 10 5 4 0.0000000
10 10 5 5 0.2570539
10 10 6 0 -0.0043241
10 10 6 1 0.1009725
10 10 6 2 0.0000000
10 10 6 3 0.0788435
10 10 6 4 0.0040548
10 10 6 5 0.0000000
10 10 6 6 0.4649987
10 10 7 0 -0.0014362
10 10 7 1 0.0011694
10 10 7 2 0.0000000
10 10 7 3 0.0371672
10 10 7 4 -0.0031867
10 10 7 5 0.0000000
10 10 7 6 0.0078149
10 10 7 7 0.4644442
10 10 8 0 -0.0000000
10 10 8 1 -0.0000000
10 10 8 2 -0.0308081
10 10 8 3 0.0000000
10 10 8 4 0.0000000
10 10 8 5 0.0204721
10 10 8 6 -0.0000000
10 10 8 7 -0.0000000
10 10 8 8 0.6110799
10 10 9 0 0.0005791
10 10 9 1 -0.0002256
10 10 9 2 -0.0000000
10 10 9 3 -0.0033351
10 10 9 4 0.0008051
10 10 9 5 -0.0000000
10 10 9 6 -0.0136951
10 10 9 7 0.0004443
10 10 9 8 0.0000000
10 10 9 9 0.8412153
10 10 10 0 -0.0012459
10 10 10 1 -0.0493815
10 10 10 2 -0.0000000
10 10 10 3 -0.0170599
10 10 10 4 -0.0008899
10 10 10 5 -0.0000000
10 10 10 6 -0.0368110
10 10 10 7 0.0676366
10 10 10 8 0.0000000
10 10 10 9 0.0389064
10 10 10 10 0.7072813
11 0 0 0 -0.0800920
11 0 1 0 0.0037305
11 0 1 1 -0.0084931
11 0 2 0 -0.0000000
11 0 2 1 0.0000000
11 0 2 2 0.0037731
11 0 3 0 0.0002910
11 0 3 1 0.0057462
11 0 3 2 -0.0000000
11 0 3 3 -0.0033103
11 0 4 0 -0.0123535
11 0 4 1 0.0022606
11 0 4 2 -0.0000000
11 0 4 3 -0.0032310
11 0 4 4 0.0044060
11 0 5 0 -0.0000000
11 0 5 1 0.0000000
11 0 5 2 0.0013257
11 0 5 3 -0.0000000
11 0 5 4 -0.0000000
11 0 5 5 -0.0005834
11 0 6 0 -0.0048546
11 0 6 1 0.0040440
11 0 6 2 -0.0000000
11 0 6 3 -0.0051683
11 0 6 4 -0.0006070
11 0 6 5 -0.0000000
11 0 6 6 -0.0022798
11 0 7 0 0.0111731
11 0 7 1 0.0019792
11 0 7 2 -0.0000000
11 0 7 3 -0.0014538
11 0 7 4 -0.0042834
11 0 7 5 -0.0000000
11 0 7 6 -0.0029305
11 0 7 7 0.0067555
11 0 8 0 0.0000000
11 0 8 1 0.0000000
11 0 8 2 0.0000915
11 0 8 3 -0.0000000
11 0 8 4 0.0000000
11 0 8 5 0.0001809
11 0 8 6 -0.0000000
11 0 8 7 0.0000000
11 0 8 8 -0.0007549
11 0 9 0 0.0001204
11 0 9 1 0.0000930
11 0 9 2 -0.0000000
11 0 9 3 -0.0000580
11 0 9 4 -0.0000204
11 0 9 5 -0.0000000
11 0 9 6 -0.0000541
11 0 9 7 0.0000499
11 0 9 8 -0.0000000
11 0 9 9 -0.0006598
11 0 10 0 -0.0026948
11 0 10 1 -0.0012151
11 0 10 2 0.0000000
11 0 10 3 0.0003025
11 0 10 4 0.0009668
11 0 10 5 0.0000000
11 0 10 6 0.0005933
11 0 10 7 -0.0020100
11 0 10 8 -0.0000000
11 0 10 9 0.0000114
11 0 10 10 -0.0004425
11 0 11 0 0.0110709
11 0 11 1 0.0037890
11 0 11 2 -0.0000000
11 0 11 3 -0.0010187
11 0 11 4 -0.0042936
11 0 11 5 -0.0000000
11 0 11 6 -0.0029149
11 0 11 7 0.0073583
11 0 11 8 0.0000000
11 0 11 9 -0.0000676
11 0 11 10 -0.0011708
11 0 11 11 0.0070785
11 1 0 0 -0.0115328
11 1 1 0 -0.0029777
11 1 1 1 -0.0142435
11 1 2 0 0.0000000
11 1 2 1 0.0000000
11 1 2 2 0.0145391
11 1 3 0 0.0058430
11 1 3 1 0.0272924
11 1 3 2 -0.0000000
11 1 3 3 -0.0108458
11 1 4 0 -0.0003400
11 1 4 1 0.0043056
11 1 4 2 0.0000000
11 1 4 3 -0.0165195
11 1 4 4 0.0098927
11 1 5 0 -0.0000000
11 1 5 1 0.0000000
11 1 5 2 0.0093211
11 1 5 3 -0.0000000
11 1 5 4 0.0000000
11 1 5 5 0.0004177
11 1 6 0 -0.0005996
11 1 6 1 0.0109695
11 1 6 2 -0.0000000
11 1 6 3 -0.0108092
11 1 6 4 0.0036387
11 1 6 5 0.0000000
11 1 6 6 0.0079353
11 1 7 0 0.0036524
11 1 7 1 -0.0007312
11 1 7 2 0.0000000
11 1 7 3 -0.0077004
11 1 7 4 -0.0002214
11 1 7 5 -0.0000000
11 1 7 6 -0.0306518
11 1 7 7 0.0135594
11 1 8 0 0.0000000
11 1 8 1 0.0000000
11 1 8 2 0.0010023
11 1 8 3 -0.0000000
11 1 8 4 0.0000000
11 1 8 5 0.0005699
11 1 8 6 -0.0000000
11 1 8 7 0.0000000
11 1 8 8 0.0075944
11 1 9 0 0.0000591
11 1 9 1 0.0010987
11 1 9 2 -0.0000000
11 1 9 3 -0.0001025
11 1 9 4 -0.0000596
11 1 9 5 0.0000000
11 1 9 6 0.0011026
11 1 9 7 -0.0006542
11 1 9 8 -0.0000000
11 1 9 9 0.0070632
11 1 10 0 -0.0009232
11 1 10 1 -0.0045591
11 1 10 2 -0.0000000
11 1 10 3 0.0001935
11 1 10 4 0.0000108
11 1 10 5 0.0000000
11 1 10 6 0.0054809
11 1 10 7 -0.0160979
11 1 10 8 0.0000000
11 1 10 9 0.0020259
11 1 10 10 -0.0128773
11 1 11 0 0.0037890
11 1 11 1 0.0352369
11 1 11 2 0.0000000
11 1 11 3 0.0093119
11 1 11 4 -0.0001856
11 1 11 5 0.0000000
11 1 11 6 0.0002232
11 1 11 7 0.0011321
11 1 11 8 0.0000000
11 1 11 9 0.0001532
11 1 11 10 0.0088326
11 1 11 11 0.0227493
11 2 0 0 0.0000000
11 2 1 0 0.0000000
11 2 1 1 0.0000000
11 2 2 0 0.0038581
11 2 2 1 0.0193890
11 2 2 2 -0.0000000
11 2 3 0 -0.0000000
11 2 3 1 -0.0000000
11 2 3 2 -0.0324108
11 2 3 3 0.0000000
11 2 4 0 -0.0000000
11 2 4 1 -0.0000000
11 2 4 2 0.0439739
11 2 4 3 -0.0000000
11 2 4 4 0.0000000
11 2 5 0 -0.0092405
11 2 5 1 -0.0128533
11 2 5 2 -0.0000000
11 2 5 3 -0.0080364
11 2 5 4 0.0511598
11 2 5 5 0.0000000
11 2 6 0 0.0000000
11 2 6 1 0.0000000
11 2 6 2 -0.0056502
11 2 6 3 0.0000000
11 2 6 4 -0.0000000
11 2 6 5 0.0154877
11 2 6 6 -0.0000000
11 2 7 0 -0.0000000
11 2 7 1 0.0000000
11 2 7 2 0.0339976
11 2 7 3 -0.0000000
11 2 7 4 -0.0000000
11 2 7 5 -0.0046275
11 2 7 6 0.0000000
11 2 7 7 -0.0000000
11 2 8 0 0.0001566
11 2 8 1 0.0059333
11 2 8 2 0.0000000
11 2 8 3 0.0017070
11 2 8 4 0.0015672
11 2 8 5 0.0000000
11 2 8 6 0.0012910
11 2 8 7 0.0020492
11 2 8 8 0.0000000
11 2 9 0 -0.0000000
11 2 9 1 -0.0000000
11 2 9 2 -0.0000084
11 2 9 3 0.0000000
11 2 9 4 0.0000000
11 2 9 5 0.0001656
11 2 9 6 -0.0000000
11 2 9 7 -0.0000000
11 2 9 8 -0.0006803
11 2 9 9 0.0000000
11 2 10 0 0.0000000
11 2 10 1 0.0000000
11 2 10 2 -0.0074939
11 2 10 3 0.0000000
11 2 10 4 0.0000000
11 2 10 5 0.0004415
11 2 10 6 0.0000000
11 2 10 7 0.0000000
11 2 10 8 0.0022192
11 2 10 9 -0.0000000
11 2 10 10 -0.0000000
11 2 11 0 -0.0000000
11 2 11 1 0.0000000
11 2 11 2 0.0357481
11 2 11 3 -0.0000000
11 2 11 4 -0.0000000
11 2 11 5 -0.0047557
11 2 11 6 0.0000000
11 2 11 7 -0.0000000
11 2 11 8 0.0024464
11 2 11 9 0.0000000
11 2 11 10 -0.0000000
11 2 11 11 0.0000000
11 3 0 0 0.0560163
11 3 1 0 0.0025739
11 3 1 1 0.0493498
11 3 2 0 0.0000000
11 3 2 1 -0.0000000
11 3 2 2 -0.0051223
11 3 3 0 0.0038427
11 3 3 1 0.0066967
11 3 3 2 0.0000000
11 3 3 3 0.0174187
11 3 4 0 0.0041351
11 3 4 1 -0.0053454
11 3 4 2 -0.0000000
11 3 4 3 0.0003988
11 3 4 4 -0.0150025
11 3 5 0 -0.0000000
11 3 5 1 -0.0000000
11 3 5 2 -0.0214193
11 3 5 3 0.0000000
11 3 5 4 0.0000000
11 3 5 5 0.0151787
11 3 6 0 -0.0060014
11 3 6 1 -0.0176852
11 3 6 2 0.0000000
11 3 6 3 0.0033983
11 3 6 4 0.0077022
11 3 6 5 0.0000000
11 3 6 6 0.0407718
11 3 7 0 -0.0009904
11 3 7 1 -0.0052192
11 3 7 2 -0.0000000
11 3 7 3 0.0185683
11 3 7 4 -0.0017159
11 3 7 5 -0.0000000
11 3 7 6 -0.0217037
11 3 7 7 0.0133049
11 3 8 0 -0.0000000
11 3 8 1 -0.0000000
11 3 8 2 0.0017903
11 3 8 3 -0.0000000
11 3 8 4 -0.0000000
11 3 8 5 -0.0029614
11 3 8 6 0.0000000
11 3 8 7 -0.0000000
11 3 8 8 0.0138663
11 3 9 0 -0.0000888
11 3 9 1 -0.0001133
11 3 9 2 0.0000000
11 3 9 3 0.0002369
11 3 9 4 -0.0000288
11 3 9 5 0.0000000
11 3 9 6 0.0014301
11 3 9 7 -0.0006849
11 3 9 8 0.0000000
11 3 9 9 0.0056599
11 3 10 0 0.0004834
11 3 10 1 0.0055044
11 3 10 2 0.0000000
11 3 10 3 -0.0039811
11 3 10 4 0.0005241
11 3 10 5 0.0000000
11 3 10 6 0.0070675
11 3 10 7 -0.0061052
11 3 10 8 -0.0000000
11 3 10 9 0.0005241
11 3 10 10 -0.0034188
11 3 11 0 -0.0010187
11 3 11 1 0.0093119
11 3 11 2 -0.0000000
11 3 11 3 0.0310641
11 3 11 4 -0.0020823
11 3 11 5 -0.0000000
11 3 11 6 -0.0051842
11 3 11 7 0.0020953
11 3 11 8 -0.0000000
11 3 11 9 0.0004671
11 3 11 10 -0.0002752
11 3 11 11 0.0239251
11 4 0 0 -0.1287848
11 4 1 0 0.0069867
11 4 1 1 -0.0291751
11 4 2 0 -0.0000000
11 4 2 1 -0.0000000
11 4 2 2 -0.0100891
11 4 3 0 -0.0031303
11 4 3 1 -0.0014546
11 4 3 2 -0.0000000
11 4 3 3 -0.0400062
11 4 4 0 -0.0006535
11 4 4 1 0.0043399
11 4 4 2 0.0000000
11 4 4 3 -0.0243814
11 4 4 4 -0.0152861
11 4 5 0 -0.0000000
11 4 5 1 0.0000000
11 4 5 2 0.0333238
11 4 5 3 0.0000000
11 4 5 4 0.0000000
11 4 5 5 -0.0285357
11 4 6 0 -0.0061041
11 4 6 1 0.0124320
11 4 6 2 -0.0000000
11 4 6 3 0.0155996
11 4 6 4 0.0081067
11 4 6 5 -0.0000000
11 4 6 6 -0.0405852
11 4 7 0 -0.0042077
11 4 7 1 0.0005011
11 4 7 2 -0.0000000
11 4 7 3 -0.0002883
11 4 7 4 0.0278611
11 4 7 5 -0.0000000
11 4 7 6 0.0011777
11 4 7 7 -0.0428544
11 4 8 0 -0.0000000
11 4 8 1 -0.0000000
11 4 8 2 -0.0002515
11 4 8 3 -0.0000000
11 4 8 4 0.0000000
11 4 8 5 0.0016074
11 4 8 6 -0.0000000
11 4 8 7 -0.0000000
11 4 8 8 -0.0114737
11 4 9 0 0.0000699
11 4 9 1 0.0001252
11 4 9 2 0.0000000
11 4 9 3 0.0000532
11 4 9 4 0.0001290
11 4 9 5 -0.0000000
11 4 9 6 -0.0002160
11 4 9 7 -0.0000701
11 4 9 8 0.0000000
11 4 9 9 -0.0163136
11 4 10 0 0.0007204
11 4 10 1 -0.0012248
11 4 10 2 0.0000000
11 4 10 3 -0.0001693
11 4 10 4 -0.0063687
11 4 10 5 -0.0000000
11 4 10 6 -0.0008326
11 4 10 7 0.0071939
11 4 10 8 0.0000000
11 4 10 9 -0.0011802
11 4 10 10 -0.0118802
11 4 11 0 -0.0042936
11 4 11 1 -0.0001856
11 4 11 2 -0.0000000
11 4 11 3 -0.0020823
11 4 11 4 0.0281458
11 4 11 5 -0.0000000
11 4 11 6 0.0016940
11 4 11 7 -0.0305712
11 4 11 8 0.0000000
11 4 11 9 -0.0004815
11 4 11 10 0.0075157
11 4 11 11 -0.0440610
11 5 0 0 0.0000000
11 5 1 0 -0.0000000
11 5 1 1 0.0000000
11 5 2 0 -0.0031660
11 5 2 1 -0.0020370
11 5 2 2 -0.0000000
11 5 3 0 -0.0000000
11 5 3 1 -0.0000000
11 5 3 2 -0.0049465
11 5 3 3 0.0000000
11 5 4 0 -0.0000000
11 5 4 1 -0.0000000
11 5 4 2 0.0169970
11 5 4 3 0.0000000
11 5 4 4 0.0000000
11 5 5 0 0.0053439
11 5 5 1 0.0043983
11 5 5 2 -0.0000000
11 5 5 3 -0.0041517
11 5 5 4 0.0066036
11 5 5 5 -0.0000000
11 5 6 0 -0.0000000
11 5 6 1 -0.0000000
11 5 6 2 0.0047774
11 5 6 3 0.0000000
11 5 6 4 -0.0000000
11 5 6 5 -0.0037421
11 5 6 6 0.0000000
11 5 7 0 -0.0000000
11 5 7 1 -0.0000000
11 5 7 2 -0.0040925
11 5 7 3 -0.0000000
11 5 7 4 -0.0000000
11 5 7 5 0.0109154
11 5 7 6 -0.0000000
11 5 7 7 -0.0000000
11 5 8 0 -0.0001106
11 5 8 1 -0.0003046
11 5 8 2 -0.0000000
11 5 8 3 -0.0005410
11 5 8 4 0.0003372
11 5 8 5 0.0000000
11 5 8 6 0.0010531
11 5 8 7 -0.0012519
11 5 8 8 -0.0000000
11 5 9 0 -0.0000000
11 5 9 1 0.0000000
11 5 9 2 0.0000039
11 5 9 3 0.0000000
11 5 9 4 -0.0000000
11 5 9 5 0.0000311
11 5 9 6 0.0000000
11 5 9 7 -0.0000000
11 5 9 8 -0.0000393
11 5 9 9 -0.0000000
11 5 10 0 0.0000000
11 5 10 1 0.0000000
11 5 10 2 0.0006976
11 5 10 3 0.0000000
11 5 10 4 0.0000000
11 5 10 5 -0.0023841
11 5 10 6 0.0000000
11 5 10 7 -0.0000000
11 5 10 8 0.0026292
11 5 10 9 0.0000000
11 5 10 10 -0.0000000
11 5 11 0 -0.0000000
11 5 11 1 0.0000000
11 5 11 2 -0.0047557
11 5 11 3 -0.0000000
11 5 11 4 -0.0000000
11 5 11 5 0.0119436
11 5 11 6 0.0000000
11 5 11 7 -0.0000000
11 5 11 8 0.0005364
11 5 11 9 0.0000000
11 5 11 10 0.0000000
11 5 11 11 0.0000000
11 6 0 0 -0.0158173
11 6 1 0 0.0014016
11 6 1 1 -0.0017018
11 6 2 0 0.0000000
11 6 2 1 -0.0000000
11 6 2 2 -0.0037231
11 6 3 0 -0.0071887
11 6 3 1 -0.0137832
11 6 3 2 0.0000000
11 6 3 3 0.0097527
11 6 4 0 -0.0019827
11 6 4 1 -0.0010677
11 6 4 2 -0.0000000
11 6 4 3 0.0125383
11 6 4 4 0.0055929
11 6 5 0 -0.0000000
11 6 5 1 0.0000000
11 6 5 2 0.0041607
11 6 5 3 0.0000000
11 6 5 4 -0.0000000
11 6 5 5 -0.0037948
11 6 6 0 0.0034563
11 6 6 1 0.0059812
11 6 6 2 -0.0000000
11 6 6 3 0.0060905
11 6 6 4 -0.0081726
11 6 6 5 -0.0000000
11 6 6 6 -0.0106854
11 6 7 0 -0.0025466
11 6 7 1 -0.0178701
11 6 7 2 0.0000000
11 6 7 3 -0.0168081
11 6 7 4 0.0011197
11 6 7 5 -0.0000000
11 6 7 6 -0.0003855
11 6 7 7 -0.0088863
11 6 8 0 0.0000000
11 6 8 1 0.0000000
11 6 8 2 -0.0004175
11 6 8 3 0.0000000
11 6 8 4 -0.0000000
11 6 8 5 0.0005601
11 6 8 6 -0.0000000
11 6 8 7 0.0000000
11 6 8 8 -0.0034159
11 6 9 0 -0.0000122
11 6 9 1 0.0008093
11 6 9 2 -0.0000000
11 6 9 3 0.0003463
11 6 9 4 -0.0000671
11 6 9 5 0.0000000
11 6 9 6 0.0016808
11 6 9 7 -0.0018066
11 6 9 8 0.0000000
11 6 9 9 -0.0095751
11 6 10 0 0.0007158
11 6 10 1 0.0053306
11 6 10 2 -0.0000000
11 6 10 3 0.0021930
11 6 10 4 -0.0004241
11 6 10 5 0.0000000
11 6 10 6 -0.0009565
11 6 10 7 -0.0134676
11 6 10 8 -0.0000000
11 6 10 9 0.0003912
11 6 10 10 -0.0245724
11 6 11 0 -0.0029149
11 6 11 1 0.0002232
11 6 11 2 0.0000000
11 6 11 3 -0.0051842
11 6 11 4 0.0016940
11 6 11 5 0.0000000
11 6 11 6 0.0332929
11 6 11 7 -0.0124335
11 6 11 8 -0.0000000
11 6 11 9 0.0015656
11 6 11 10 0.0098383
11 6 11 11 -0.0061730
11 7 0 0 0.2547220
11 7 1 0 -0.0105627
11 7 1 1 0.0050861
11 7 2 0 0.0000000
11 7 2 1 -0.0000000
11 7 2 2 0.1311587
11 7 3 0 0.0052536
11 7 3 1 -0.0476092
11 7 3 2 -0.0000000
11 7 3 3 0.1054582
11 7 4 0 -0.0009557
11 7 4 1 -0.0047161
11 7 4 2 -0.0000000
11 7 4 3 0.0127016
11 7 4 4 0.1411720
11 7 5 0 0.0000000
11 7 5 1 -0.0000000
11 7 5 2 -0.0156443
11 7 5 3 -0.0000000
11 7 5 4 -0.0000000
11 7 5 5 0.1334866
11 7 6 0 0.0088515
11 7 6 1 -0.1018543
11 7 6 2 0.0000000
11 7 6 3 -0.0814793
11 7 6 4 -0.0084349
11 7 6 5 -0.0000000
11 7 6 6 -0.0101370
11 7 7 0 0.0075901
11 7 7 1 0.0067268
11 7 7 2 -0.0000000
11 7 7 3 -0.0178296
11 7 7 4 -0.0363666
11 7 7 5 0.0000000
11 7 7 6 -0.0012112
11 7 7 7 -0.0050323
11 7 8 0 0.0000000
11 7 8 1 0.0000000
11 7 8 2 0.0192990
11 7 8 3 -0.0000000
11 7 8 4 -0.0000000
11 7 8 5 -0.0144353
11 7 8 6 0.0000000
11 7 8 7 -0.0000000
11 7 8 8 -0.1510891
11 7 9 0 -0.0004648
11 7 9 1 -0.0020784
11 7 9 2 0.0000000
11 7 9 3 0.0005873
11 7 9 4 -0.0004826
11 7 9 5 0.0000000
11 7 9 6 0.0039341
11 7 9 7 0.0011149
11 7 9 8 -0.0000000
11 7 9 9 -0.2608275
11 7 10 0 -0.0005037
11 7 10 1 0.0134216
11 7 10 2 0.0000000
11 7 10 3 0.0047246
11 7 10 4 0.0087289
11 7 10 5 0.0000000
11 7 10 6 0.0034404
11 7 10 7 -0.0287872
11 7 10 8 0.0000000
11 7 10 9 -0.0193253
11 7 10 10 -0.1626445
11 7 11 0 0.0073583
11 7 11 1 0.0011321
11 7 11 2 -0.0000000
11 7 11 3 0.0020953
11 7 11 4 -0.0305712
11 7 11 5 -0.0000000
11 7 11 6 -0.0124335
11 7 11 7 0.2035799
11 7 11 8 0.0000000
11 7 11 9 -0.0030648
11 7 11 10 -0.0593360
11 7 11 11 0.0251489
11 8 0 0 0.0000000
11 8 1 0 0.0000000
11 8 1 1 0.0000000
11 8 2 0 0.0003673
11 8 2 1 0.0035601
11 8 2 2 -0.0000000
11 8 3 0 -0.0000000
11 8 3 1 -0.0000000
11 8 3 2 -0.0020863
11 8 3 3 0.0000000
11 8 4 0 -0.0000000
11 8 4 1 -0.0000000
11 8 4 2 0.0053560
11 8 4 3 -0.0000000
11 8 4 4 0.0000000
11 8 5 0 -0.0008997
11 8 5 1 -0.0028646
11 8 5 2 -0.0000000
11 8 5 3 -0.0019132
11 8 5 4 0.0049560
11 8 5 5 0.0000000
11 8 6 0 0.0000000
11 8 6 1 0.0000000
11 8 6 2 -0.0023678
11 8 6 3 0.0000000
11 8 6 4 -0.0000000
11 8 6 5 0.0030792
11 8 6 6 -0.0000000
11 8 7 0 0.0000000
11 8 7 1 0.0000000
11 8 7 2 0.0050509
11 8 7 3 -0.0000000
11 8 7 4 -0.0000000
11 8 7 5 -0.0020648
11 8 7 6 0.0000000
11 8 7 7 0.0000000
11 8 8 0 -0.0000675
11 8 8 1 0.0079393
11 8 8 2 0.0000000
11 8 8 3 0.0034083
11 8 8 4 0.0002370
11 8 8 5 0.0000000
11 8 8 6 0.0110649
11 8 8 7 -0.0181298
11 8 8 8 -0.0000000
11 8 9 0 -0.0000000
11 8 9 1 -0.0000000
11 8 9 2 -0.0002160
11 8 9 3 0.0000000
11 8 9 4 0.0000000
11 8 9 5 0.0001432
11 8 9 6 -0.0000000
11 8 9 7 0.0000000
11 8 9 8 0.0001755
11 8 9 9 0.0000000
11 8 10 0 -0.0000000
11 8 10 1 -0.0000000
11 8 10 2 -0.0032201
11 8 10 3 0.0000000
11 8 10 4 0.0000000
11 8 10 5 0.0023054
11 8 10 6 -0.0000000
11 8 10 7 0.0000000
11 8 10 8 0.0253058
11 8 10 9 -0.0000000
11 8 10 10 0.0000000
11 8 11 0 0.0000000
11 8 11 1 0.0000000
11 8 11 2 0.0024464
11 8 11 3 -0.0000000
11 8 11 4 0.0000000
11 8 11 5 0.0005364
11 8 11 6 -0.0000000
11 8 11 7 0.0000000
11 8 11 8 0.0229403
11 8 11 9 -0.0000000
11 8 11 10 -0.0000000
11 8 11 11 0.0000000
11 9 0 0 0.0046708
11 9 1 0 0.0000704
11 9 1 1 0.0074139
11 9 2 0 -0.0000000
11 9 2 1 -0.0000000
11 9 2 2 0.0020871
11 9 3 0 -0.0000345
11 9 3 1 0.0012118
11 9 3 2 0.0000000
11 9 3 3 0.0041885
11 9 4 0 0.0001046
11 9 4 1 -0.0002398
11 9 4 2 -0.0000000
11 9 4 3 0.0007225
11 9 4 4 0.0017495
11 9 5 0 -0.0000000
11 9 5 1 0.0000000
11 9 5 2 -0.0012461
11 9 5 3 0.0000000
11 9 5 4 0.0000000
11 9 5 5 0.0030446
11 9 6 0 -0.0000751
11 9 6 1 0.0028879
11 9 6 2 0.0000000
11 9 6 3 0.0023610
11 9 6 4 -0.0001085
11 9 6 5 0.0000000
11 9 6 6 0.0094455
11 9 7 0 -0.0000867
11 9 7 1 -0.0011781
11 9 7 2 0.0000000
11 9 7 3 0.0000941
11 9 7 4 -0.0002170
11 9 7 5 -0.0000000
11 9 7 6 -0.0011821
11 9 7 7 0.0065732
11 9 8 0 -0.0000000
11 9 8 1 -0.0000000
11 9 8 2 -0.0006130
11 9 8 3 0.0000000
11 9 8 4 0.0000000
11 9 8 5 0.0002419
11 9 8 6 -0.0000000
11 9 8 7 0.0000000
11 9 8 8 0.0085152
11 9 9 0 0.0000668
11 9 9 1 -0.0009358
11 9 9 2 -0.0000000
11 9 9 3 -0.0016444
11 9 9 4 -0.0000936
11 9 9 5 -0.0000000
11 9 9 6 -0.0027897
11 9 9 7 -0.0066747
11 9 9 8 0.0000000
11 9 9 9 0.0538250
11 9 10 0 0.0000260
11 9 10 1 0.0008220
11 9 10 2 -0.0000000
11 9 10 3 0.0002449
11 9 10 4 0.0000683
11 9 10 5 0.0000000
11 9 10 6 0.0005377
11 9 10 7 0.0007309
11 9 10 8 -0.0000000
11 9 10 9 0.0071202
11 9 10 10 0.0059734
11 9 11 0 -0.0000676
11 9 11 1 0.0001532
11 9 11 2 0.0000000
11 9 11 3 0.0004671
11 9 11 4 -0.0004815
11 9 11 5 0.0000000
11 9 11 6 0.0015656
11 9 11 7 -0.0030648
11 9 11 8 -0.0000000
11 9 11 9 0.0067784
11 9 11 10 -0.0001085
11 9 11 11 0.0052265
11 10 0 0 -0.0747598
11 10 1 0 0.0017288
11 10 1 1 -0.0232167
11 10 2 0 -0.0000000
11 10 2 1 0.0000000
11 10 2 2 -0.0364907
11 10 3 0 -0.0007796
11 10 3 1 0.0134627
11 10 3 2 -0.0000000
11 10 3 3 -0.0377149
11 10 4 0 -0.0002795
11 10 4 1 0.0022534
11 10 4 2 0.0000000
11 10 4 3 -0.0063662
11 10 4 4 -0.0375403
11 10 5 0 -0.0000000
11 10 5 1 0.0000000
11 10 5 2 0.0088131
11 10 5 3 0.0000000
11 10 5 4 0.0000000
11 10 5 5 -0.0419583
11 10 6 0 -0.0014943
11 10 6 1 0.0277822
11 10 6 2 -0.0000000
11 10 6 3 0.0158551
11 10 6 4 0.0020698
11 10 6 5 0.0000000
11 10 6 6 -0.0115463
11 10 7 0 -0.0009984
11 10 7 1 -0.0066749
11 10 7 2 0.0000000
11 10 7 3 -0.0014959
11 10 7 4 0.0092677
11 10 7 5 -0.0000000
11 10 7 6 -0.0149093
11 10 7 7 -0.0022270
11 10 8 0 -0.0000000
11 10 8 1 -0.0000000
11 10 8 2 -0.0064760
11 10 8 3 0.0000000
11 10 8 4 0.0000000
11 10 8 5 0.0063246
11 10 8 6 -0.0000000
11 10 8 7 0.0000000
11 10 8 8 0.0426937
11 10 9 0 0.0001652
11 10 9 1 0.0008773
11 10 9 2 -0.0000000
11 10 9 3 -0.0005753
11 10 9 4 0.0001351
11 10 9 5 -0.0000000
11 10 9 6 -0.0022451
11 10 9 7 -0.0002474
11 10 9 8 0.0000000
11 10 9 9 0.0655134
11 10 10 0 0.0000332
11 10 10 1 -0.0174568
11 10 10 2 -0.0000000
11 10 10 3 -0.0121293
11 10 10 4 -0.0033611
11 10 10 5 -0.0000000
11 10 10 6 -0.0190652
11 10 10 7 -0.0364426
11 10 10 8 0.0000000
11 10 10 9 0.0031839
11 10 10 10 0.0421730
11 10 11 0 -0.0011708
11 10 11 1 0.0088326
11 10 11 2 -0.0000000
11 10 11 3 -0.0002752
11 10 11 4 0.0075157
11 10 11 5 0.0000000
11 10 11 6 0.0098383
11 10 11 7 -0.0593360
11 10 11 8 -0.0000000
11 10 11 9 -0.0001085
11 10 11 10 0.0530173
11 10 11 11 0.0051729
11 11 0 0 0.5901865
11 11 1 0 -0.0078518
11 11 1 1 0.4654057
11 11 2 0 0.0000000
11 11 2 1 0.0000000
11 11 2 2 0.4022409
11 11 3 0 0.0094601
11 11 3 1 0.0384204
11 11 3 2 0.0000000
11 11 3 3 0.4270754
11 11 4 0 0.0031823
11 11 4 1 -0.0050001
11 11 4 2 -0.0000000
11 11 4 3 0.0198047
11 11 4 4 0.3874079
11 11 5 0 0.0000000
11 11 5 1 -0.0000000
11 11 5 2 -0.0572759
11 11 5 3 -0.0000000
11 11 5 4 0.0000000
11 11 5 5 0.4277428
11 11 6 0 0.0022845
11 11 6 1 -0.0079610
11 11 6 2 0.0000000
11 11 6 3 -0.0068205
11 11 6 4 -0.0033722
11 11 6 5 0.0000000
11 11 6 6 0.5036486
11 11 7 0 0.0068669
11 11 7 1 -0.0034473
11 11 7 2 0.0000000
11 11 7 3 0.0129999
11 11 7 4 -0.0404353
11 11 7 5 -0.0000000
11 11 7 6 -0.0315099
11 11 7 7 0.5013991
11 11 8 0 0.0000000
11 11 8 1 -0.0000000
11 11 8 2 -0.0025185
11 11 8 3 0.0000000
11 11 8 4 -0.0000000
11 11 8 5 -0.0016156
11 11 8 6 0.0000000
11 11 8 7 0.0000000
11 11 8 8 0.4338932
11 11 9 0 -0.0000478
11 11 9 1 -0.0009762
11 11 9 2 -0.0000000
11 11 9 3 -0.0012563
11 11 9 4 -0.0000020
11 11 9 5 -0.0000000
11 11 9 6 -0.0017504
11 11 9 7 0.0002551
11 11 9 8 0.0000000
11 11 9 9 0.5430575
11 11 10 0 -0.0010954
11 11 10 1 0.0057849
11 11 10 2 -0.0000000
11 11 10 3 -0.0011255
11 11 10 4 0.0087850
11 11 10 5 0.0000000
11 11 10 6 0.0131524
11 11 10 7 -0.0364349
11 11 10 8 0.0000000
11 11 10 9 0.0272588
11 11 10 10 0.4103357
11 11 11 0 0.0070785
11 11 11 1 0.0227493
11 11 11 2 0.0000000
11 11 11 3 0.0239251
11 11 11 4 -0.0440610
11 11 11 5 0.0000000
11 11 11 6 -0.0061730
11 11 11 7 0.0251489
11 11 11 8 0.0000000
11 11 11 9 0.0052265
11 11 11 10 0.0051729
11 11 11 11 0.5093198
