NMONOMER	1
NELEC	8
ENUC	7.676927
NBASIS	12
HOMO	2
LUMO	2
ENT	5
HF_ENERGY	-35.242279
ENERGIES
-10.743822
-0.815931
-0.410591
-0.204359
0.560780
0.791928
0.855632
849736.589376
965066.326025
996477.972105
1070620.615701
1118094.030042

OEI
-18.213673	
0.199437	-4.436658	
0.000000	-0.000000	-4.021051	
-0.199279	0.141447	-0.000000	-4.070847	
0.121746	-0.124051	0.000000	0.459544	-3.115478	
-0.248975	0.880712	-0.000000	0.093538	-0.062728	-3.841204	
0.000000	-0.000000	-0.740398	-0.000000	0.000000	0.000000	-3.412491	
-0.114851	-0.050036	0.000000	0.045157	-0.004225	-0.021061	0.000000	849733.004005	
-0.000000	-0.000000	0.119177	-0.000000	0.000000	0.000000	-0.013533	0.000000	965063.415113	
0.004813	0.020661	-0.000000	0.000082	-0.005470	-0.014515	-0.000000	0.001101	-0.000000	996474.642206	
-0.037284	-0.203571	-0.000000	-0.077423	-0.130474	-0.102744	0.000000	-0.133098	0.000000	-0.145648	1070618.028874	
0.111575	0.069551	0.000000	-0.131181	0.008399	0.006027	-0.000000	0.779156	-0.000000	-0.039338	0.306526	1118090.351815	

ENV_OEI
-4.740224	
0.374347	-0.545650	
0.000000	0.000000	-0.323170	
-0.384042	-0.169830	0.000000	-0.554805	
0.241523	-0.349223	0.000000	-0.275685	-0.749782	
-0.510291	-0.017260	-0.000000	-0.265708	-0.322851	-0.699234	
0.000000	0.000000	-0.069236	0.000000	0.000000	0.000000	-0.350637	
-0.226723	-0.010586	-0.000000	0.041006	-0.000342	-0.045020	0.000000	-0.687761	
0.000000	0.000000	-0.178714	-0.000000	-0.000000	0.000000	0.167747	-0.000000	-0.882620	
-0.015421	0.369967	-0.000000	0.791999	1.424330	0.667594	-0.000000	0.147468	-0.000000	-18.886496	
-0.056056	0.058947	-0.000000	0.034278	0.052347	0.070377	-0.000000	0.087346	0.000000	-1.722433	-0.852502	
0.216538	-0.017175	-0.000000	0.029839	0.005014	0.017378	-0.000000	-0.243585	0.000000	-0.169474	-0.031285	-0.551275	

OVERLAP
1.000000	
0.248362	1.000000	
0.061767	0.488736	1.000000	
0.061767	0.488736	0.167856	1.000000	
0.000000	0.027047	0.038545	0.038545	1.000000	
0.027047	0.301519	0.378700	0.378700	0.248362	1.000000	
0.000000	0.000000	-0.259000	-0.259000	-0.045312	-0.338874	1.000000	
0.000000	0.000000	-0.380474	0.380474	0.000000	0.000000	0.000000	1.000000	
0.000000	0.000000	-0.073326	-0.073326	0.000000	0.000000	0.000000	0.000000	1.000000	
0.045312	0.338874	0.278171	0.278171	0.000000	0.000000	-0.315123	0.000000	0.000000	1.000000	
0.000000	0.000000	-0.268260	0.268260	0.000000	0.000000	0.000000	0.166433	0.000000	0.000000	1.000000	
0.000000	0.000000	-0.051700	-0.051700	0.000000	0.000000	0.000000	0.000000	0.166433	0.000000	0.000000	1.000000	

MOCOEFF
0.996504	0.017021	-0.006693	-0.006693	0.001359	-0.006716	-0.016718	0.000000	-0.023609	-0.002334	0.000000	0.003237	
-0.133393	0.283476	0.258437	0.258437	-0.037435	0.009687	-0.288113	-0.000000	-0.211699	0.391351	0.000000	0.061956	
-0.000000	0.000000	-0.469387	0.469387	0.000000	-0.000000	0.000000	0.582242	-0.000000	-0.000000	-0.348739	0.000000	
0.136087	-0.539545	-0.177781	-0.177781	-0.070206	0.324812	-0.448197	0.000000	0.497725	0.449980	-0.000000	-0.101220	
-0.083454	0.506942	-0.802950	-0.802950	-0.123456	0.755407	0.297569	-0.000000	-0.308072	0.689531	-0.000000	-0.031752	
0.182032	-1.109233	0.564884	0.564884	-0.059547	0.377416	1.014850	0.000000	0.065665	0.596237	0.000000	0.047480	
-0.000000	0.000000	0.935741	-0.935741	0.000000	-0.000000	-0.000000	1.101114	-0.000000	-0.000000	0.318781	-0.000000	
0.084288	-0.388040	0.000000	0.000000	-0.012324	0.049399	-0.203229	0.000000	-0.573901	-0.025821	-0.000000	0.799278	
0.000000	-0.000000	-0.000000	0.000000	-0.000000	-0.000000	0.000000	-0.000000	0.000000	0.000000	-1.000000	-0.000000	
-0.000565	0.002600	0.000000	0.000000	1.025611	-0.216380	0.001361	0.000000	0.003845	0.105482	-0.000000	0.019655	
0.018948	-0.087231	-0.000000	-0.000000	0.019715	0.850777	-0.045686	0.000000	-0.129013	-0.446529	-0.000000	-0.196305	
-0.081637	0.375836	0.000000	0.000000	-0.011611	0.229176	0.196837	-0.000000	0.555851	-0.120150	-0.000000	0.583417	

ERI
0 0 0 0 3.5227718
1 0 0 0 -0.1782716
1 0 1 0 0.0178350
1 0 1 1 0.0056281
1 1 0 0 0.6204427
1 1 1 0 0.0056281
1 1 1 1 0.5883503
2 0 0 0 -0.0000000
2 0 1 0 0.0000000
2 0 1 1 -0.0000000
2 0 2 0 0.0086378
2 0 2 1 0.0099377
2 0 2 2 0.0000000
2 1 0 0 0.0000000
2 1 1 0 -0.0000000
2 1 1 1 -0.0000000
2 1 2 0 0.0099377
2 1 2 1 0.0992323
2 1 2 2 0.0000000
2 2 0 0 0.6363103
2 2 1 0 -0.0003821
2 2 1 1 0.5021070
2 2 2 0 0.0000000
2 2 2 1 0.0000000
2 2 2 2 0.5340185
3 0 0 0 0.1782501
3 0 1 0 -0.0134293
3 0 1 1 0.0073211
3 0 2 0 -0.0000000
3 0 2 1 0.0000000
3 0 2 2 0.0035689
3 0 3 0 0.0244981
3 0 3 1 0.0064721
3 0 3 2 0.0000000
3 0 3 3 -0.0074612
3 1 0 0 -0.0692844
3 1 1 0 0.0009670
3 1 1 1 0.0245325
3 1 2 0 0.0000000
3 1 2 1 0.0000000
3 1 2 2 -0.0265644
3 1 3 0 0.0064721
3 1 3 1 0.0668243
3 1 3 2 -0.0000000
3 1 3 3 -0.0351319
3 2 0 0 -0.0000000
3 2 1 0 0.0000000
3 2 1 1 0.0000000
3 2 2 0 -0.0076467
3 2 2 1 -0.0471595
3 2 2 2 -0.0000000
3 2 3 0 0.0000000
3 2 3 1 -0.0000000
3 2 3 2 0.0427057
3 2 3 3 0.0000000
3 3 0 0 0.7416670
3 3 1 0 -0.0048159
3 3 1 1 0.4853444
3 3 2 0 -0.0000000
3 3 2 1 -0.0000000
3 3 2 2 0.4750838
3 3 3 0 -0.0074612
3 3 3 1 -0.0351319
3 3 3 2 0.0000000
3 3 3 3 0.5957249
4 0 0 0 -0.1099314
4 0 1 0 0.0081485
4 0 1 1 -0.0045796
4 0 2 0 0.0000000
4 0 2 1 -0.0000000
4 0 2 2 -0.0026061
4 0 3 0 -0.0149540
4 0 3 1 -0.0034012
4 0 3 2 -0.0000000
4 0 3 3 0.0042756
4 0 4 0 0.0091636
4 0 4 1 0.0003970
4 0 4 2 0.0000000
4 0 4 3 -0.0043091
4 0 4 4 0.0001744
4 1 0 0 0.0340269
4 1 1 0 0.0006099
4 1 1 1 0.0313891
4 1 2 0 -0.0000000
4 1 2 1 0.0000000
4 1 2 2 -0.0291789
4 1 3 0 -0.0008061
4 1 3 1 0.0300381
4 1 3 2 -0.0000000
4 1 3 3 0.0407386
4 1 4 0 0.0003970
4 1 4 1 0.0659345
4 1 4 2 -0.0000000
4 1 4 3 0.0155257
4 1 4 4 0.0163752
4 2 0 0 -0.0000000
4 2 1 0 0.0000000
4 2 1 1 0.0000000
4 2 2 0 -0.0018076
4 2 2 1 -0.0730711
4 2 2 2 -0.0000000
4 2 3 0 -0.0000000
4 2 3 1 -0.0000000
4 2 3 2 0.0246759
4 2 3 3 0.0000000
4 2 4 0 0.0000000
4 2 4 1 -0.0000000
4 2 4 2 0.0785683
4 2 4 3 0.0000000
4 2 4 4 0.0000000
4 3 0 0 -0.1800145
4 3 1 0 0.0058053
4 3 1 1 0.0352880
4 3 2 0 0.0000000
4 3 2 1 -0.0000000
4 3 2 2 -0.0188903
4 3 3 0 0.0071933
4 3 3 1 0.0633327
4 3 3 2 0.0000000
4 3 3 3 -0.0920387
4 3 4 0 -0.0043091
4 3 4 1 0.0155257
4 3 4 2 0.0000000
4 3 4 3 0.1147120
4 3 4 4 0.0304057
4 4 0 0 0.5248434
4 4 1 0 0.0002303
4 4 1 1 0.5087714
4 4 2 0 -0.0000000
4 4 2 1 -0.0000000
4 4 2 2 0.4702529
4 4 3 0 -0.0003427
4 4 3 1 0.0190693
4 4 3 2 0.0000000
4 4 3 3 0.4682479
4 4 4 0 0.0001744
4 4 4 1 0.0163752
4 4 4 2 0.0000000
4 4 4 3 0.0304057
4 4 4 4 0.5091098
5 0 0 0 0.2396656
5 0 1 0 -0.0263085
5 0 1 1 -0.0121693
5 0 2 0 0.0000000
5 0 2 1 0.0000000
5 0 2 2 -0.0010092
5 0 3 0 0.0113856
5 0 3 1 -0.0057109
5 0 3 2 -0.0000000
5 0 3 3 0.0135558
5 0 4 0 -0.0068905
5 0 4 1 -0.0000163
5 0 4 2 -0.0000000
5 0 4 3 -0.0142625
5 0 4 4 0.0003621
5 0 5 0 0.0440551
5 0 5 1 0.0044745
5 0 5 2 0.0000000
5 0 5 3 -0.0033665
5 0 5 4 0.0021611
5 0 5 5 -0.0104165
5 1 0 0 -0.2669840
5 1 1 0 -0.0006840
5 1 1 1 -0.0670316
5 1 2 0 0.0000000
5 1 2 1 -0.0000000
5 1 2 2 -0.0617974
5 1 3 0 -0.0075577
5 1 3 1 0.0280912
5 1 3 2 0.0000000
5 1 3 3 -0.0839726
5 1 4 0 0.0046350
5 1 4 1 -0.0044818
5 1 4 2 0.0000000
5 1 4 3 0.0570284
5 1 4 4 -0.0045275
5 1 5 0 0.0044745
5 1 5 1 0.1053709
5 1 5 2 -0.0000000
5 1 5 3 0.0194537
5 1 5 4 0.0041916
5 1 5 5 -0.1120925
5 2 0 0 0.0000000
5 2 1 0 -0.0000000
5 2 1 1 0.0000000
5 2 2 0 -0.0052247
5 2 2 1 0.0081464
5 2 2 2 0.0000000
5 2 3 0 0.0000000
5 2 3 1 -0.0000000
5 2 3 2 -0.0038473
5 2 3 3 0.0000000
5 2 4 0 -0.0000000
5 2 4 1 0.0000000
5 2 4 2 -0.0253005
5 2 4 3 -0.0000000
5 2 4 4 -0.0000000
5 2 5 0 0.0000000
5 2 5 1 -0.0000000
5 2 5 2 0.0307461
5 2 5 3 -0.0000000
5 2 5 4 0.0000000
5 2 5 5 0.0000000
5 3 0 0 -0.0421506
5 3 1 0 0.0032265
5 3 1 1 0.0261210
5 3 2 0 -0.0000000
5 3 2 1 -0.0000000
5 3 2 2 -0.0090013
5 3 3 0 -0.0026957
5 3 3 1 0.0062187
5 3 3 2 0.0000000
5 3 3 3 -0.0067347
5 3 4 0 0.0010590
5 3 4 1 0.0276598
5 3 4 2 -0.0000000
5 3 4 3 0.0343705
5 3 4 4 0.0190637
5 3 5 0 -0.0033665
5 3 5 1 0.0194537
5 3 5 2 -0.0000000
5 3 5 3 0.0425126
5 3 5 4 0.0065638
5 3 5 5 -0.0006035
5 4 0 0 0.0205272
5 4 1 0 -0.0018021
5 4 1 1 0.0061471
5 4 2 0 0.0000000
5 4 2 1 0.0000000
5 4 2 2 -0.0218840
5 4 3 0 0.0012367
5 4 3 1 0.0351624
5 4 3 2 -0.0000000
5 4 3 3 0.0253164
5 4 4 0 -0.0006545
5 4 4 1 0.0451832
5 4 4 2 -0.0000000
5 4 4 3 0.0119094
5 4 4 4 0.0070998
5 4 5 0 0.0021611
5 4 5 1 0.0041916
5 4 5 2 0.0000000
5 4 5 3 0.0065638
5 4 5 4 0.0514327
5 4 5 5 0.0144238
5 5 0 0 0.8249311
5 5 1 0 0.0007142
5 5 1 1 0.5775073
5 5 2 0 -0.0000000
5 5 2 1 -0.0000000
5 5 2 2 0.5127706
5 5 3 0 0.0182173
5 5 3 1 0.0181286
5 5 3 2 0.0000000
5 5 3 3 0.5124086
5 5 4 0 -0.0108943
5 5 4 1 0.0266805
5 5 4 2 0.0000000
5 5 4 3 -0.0015158
5 5 4 4 0.4957823
5 5 5 0 -0.0104165
5 5 5 1 -0.1120925
5 5 5 2 0.0000000
5 5 5 3 -0.0006035
5 5 5 4 0.0144238
5 5 5 5 0.6339581
6 0 0 0 -0.0000000
6 0 1 0 0.0000000
6 0 1 1 0.0000000
6 0 2 0 0.0130126
6 0 2 1 0.0134047
6 0 2 2 0.0000000
6 0 3 0 -0.0000000
6 0 3 1 0.0000000
6 0 3 2 -0.0107514
6 0 3 3 -0.0000000
6 0 4 0 0.0000000
6 0 4 1 -0.0000000
6 0 4 2 -0.0023385
6 0 4 3 0.0000000
6 0 4 4 -0.0000000
6 0 5 0 -0.0000000
6 0 5 1 0.0000000
6 0 5 2 -0.0068701
6 0 5 3 -0.0000000
6 0 5 4 0.0000000
6 0 5 5 -0.0000000
6 0 6 0 0.0197211
6 0 6 1 0.0047349
6 0 6 2 -0.0000000
6 0 6 3 -0.0101538
6 0 6 4 0.0090059
6 0 6 5 -0.0113732
6 0 6 6 0.0000000
6 1 0 0 0.0000000
6 1 1 0 0.0000000
6 1 1 1 0.0000000
6 1 2 0 0.0034881
6 1 2 1 -0.0303868
6 1 2 2 0.0000000
6 1 3 0 0.0000000
6 1 3 1 -0.0000000
6 1 3 2 0.0058162
6 1 3 3 0.0000000
6 1 4 0 -0.0000000
6 1 4 1 0.0000000
6 1 4 2 0.0446167
6 1 4 3 -0.0000000
6 1 4 4 0.0000000
6 1 5 0 0.0000000
6 1 5 1 -0.0000000
6 1 5 2 -0.0296573
6 1 5 3 -0.0000000
6 1 5 4 -0.0000000
6 1 5 5 0.0000000
6 1 6 0 0.0047349
6 1 6 1 0.0387483
6 1 6 2 0.0000000
6 1 6 3 -0.0151259
6 1 6 4 -0.0444190
6 1 6 5 0.0264347
6 1 6 6 0.0000000
6 2 0 0 0.2522852
6 2 1 0 -0.0056823
6 2 1 1 0.0074902
6 2 2 0 0.0000000
6 2 2 1 -0.0000000
6 2 2 2 0.0379049
6 2 3 0 0.0017960
6 2 3 1 -0.0215285
6 2 3 2 0.0000000
6 2 3 3 0.0959094
6 2 4 0 -0.0014061
6 2 4 1 0.0262739
6 2 4 2 0.0000000
6 2 4 3 -0.0725399
6 2 4 4 -0.0179351
6 2 5 0 0.0087398
6 2 5 1 -0.0735980
6 2 5 2 0.0000000
6 2 5 3 -0.0189723
6 2 5 4 0.0306375
6 2 5 5 0.0533685
6 2 6 0 -0.0000000
6 2 6 1 0.0000000
6 2 6 2 0.1205005
6 2 6 3 0.0000000
6 2 6 4 -0.0000000
6 2 6 5 0.0000000
6 2 6 6 0.0497306
6 3 0 0 0.0000000
6 3 1 0 -0.0000000
6 3 1 1 -0.0000000
6 3 2 0 -0.0070280
6 3 2 1 -0.0102094
6 3 2 2 0.0000000
6 3 3 0 0.0000000
6 3 3 1 -0.0000000
6 3 3 2 0.0253280
6 3 3 3 0.0000000
6 3 4 0 -0.0000000
6 3 4 1 -0.0000000
6 3 4 2 -0.0143005
6 3 4 3 -0.0000000
6 3 4 4 -0.0000000
6 3 5 0 -0.0000000
6 3 5 1 -0.0000000
6 3 5 2 0.0087614
6 3 5 3 -0.0000000
6 3 5 4 -0.0000000
6 3 5 5 0.0000000
6 3 6 0 -0.0101538
6 3 6 1 -0.0151259
6 3 6 2 0.0000000
6 3 6 3 0.0317308
6 3 6 4 -0.0068861
6 3 6 5 -0.0005407
6 3 6 6 0.0000000
6 4 0 0 -0.0000000
6 4 1 0 0.0000000
6 4 1 1 -0.0000000
6 4 2 0 0.0062059
6 4 2 1 0.0800588
6 4 2 2 0.0000000
6 4 3 0 -0.0000000
6 4 3 1 -0.0000000
6 4 3 2 -0.0440258
6 4 3 3 -0.0000000
6 4 4 0 0.0000000
6 4 4 1 -0.0000000
6 4 4 2 -0.0732594
6 4 4 3 -0.0000000
6 4 4 4 -0.0000000
6 4 5 0 0.0000000
6 4 5 1 -0.0000000
6 4 5 2 0.0301311
6 4 5 3 -0.0000000
6 4 5 4 0.0000000
6 4 5 5 -0.0000000
6 4 6 0 0.0090059
6 4 6 1 -0.0444190
6 4 6 2 -0.0000000
6 4 6 3 -0.0068861
6 4 6 4 0.0923555
6 4 6 5 -0.0623276
6 4 6 6 0.0000000
6 5 0 0 -0.0000000
6 5 1 0 -0.0000000
6 5 1 1 -0.0000000
6 5 2 0 -0.0082367
6 5 2 1 -0.0701235
6 5 2 2 0.0000000
6 5 3 0 -0.0000000
6 5 3 1 -0.0000000
6 5 3 2 0.0274511
6 5 3 3 -0.0000000
6 5 4 0 0.0000000
6 5 4 1 -0.0000000
6 5 4 2 0.0584210
6 5 4 3 -0.0000000
6 5 4 4 -0.0000000
6 5 5 0 0.0000000
6 5 5 1 0.0000000
6 5 5 2 -0.0079914
6 5 5 3 -0.0000000
6 5 5 4 -0.0000000
6 5 5 5 0.0000000
6 5 6 0 -0.0113732
6 5 6 1 0.0264347
6 5 6 2 0.0000000
6 5 6 3 -0.0005407
6 5 6 4 -0.0623276
6 5 6 5 0.0614904
6 5 6 6 -0.0000000
6 6 0 0 0.7271238
6 6 1 0 -0.0055569
6 6 1 1 0.4905524
6 6 2 0 0.0000000
6 6 2 1 0.0000000
6 6 2 2 0.5300257
6 6 3 0 0.0046290
6 6 3 1 -0.0280159
6 6 3 2 -0.0000000
6 6 3 3 0.4917439
6 6 4 0 -0.0030652
6 6 4 1 -0.0290488
6 6 4 2 -0.0000000
6 6 4 3 -0.0368101
6 6 4 4 0.4749853
6 6 5 0 0.0069979
6 6 5 1 -0.0599221
6 6 5 2 0.0000000
6 6 5 3 -0.0179248
6 6 5 4 -0.0227682
6 6 5 5 0.5213473
6 6 6 0 0.0000000
6 6 6 1 0.0000000
6 6 6 2 0.0497306
6 6 6 3 0.0000000
6 6 6 4 0.0000000
6 6 6 5 -0.0000000
6 6 6 6 0.5568243
7 0 0 0 0.0850579
7 0 1 0 -0.0034776
7 0 1 1 0.0063151
7 0 2 0 -0.0000000
7 0 2 1 0.0000000
7 0 2 2 0.0006682
7 0 3 0 0.0036264
7 0 3 1 -0.0048565
7 0 3 2 -0.0000000
7 0 3 3 0.0052379
7 0 4 0 -0.0025524
7 0 4 1 0.0028413
7 0 4 2 0.0000000
7 0 4 3 -0.0018308
7 0 4 4 0.0027578
7 0 5 0 0.0058345
7 0 5 1 -0.0045120
7 0 5 2 -0.0000000
7 0 5 3 0.0062430
7 0 5 4 -0.0034080
7 0 5 5 0.0056083
7 0 6 0 -0.0000000
7 0 6 1 0.0000000
7 0 6 2 -0.0016735
7 0 6 3 -0.0000000
7 0 6 4 0.0000000
7 0 6 5 -0.0000000
7 0 6 6 -0.0006799
7 0 7 0 0.0112641
7 0 7 1 0.0013098
7 0 7 2 0.0000000
7 0 7 3 -0.0027426
7 0 7 4 0.0011007
7 0 7 5 -0.0032783
7 0 7 6 0.0000000
7 0 7 7 -0.0059833
7 1 0 0 0.0072878
7 1 1 0 0.0006131
7 1 1 1 -0.0008674
7 1 2 0 0.0000000
7 1 2 1 0.0000000
7 1 2 2 -0.0054995
7 1 3 0 -0.0028238
7 1 3 1 -0.0056480
7 1 3 2 -0.0000000
7 1 3 3 0.0103143
7 1 4 0 0.0016612
7 1 4 1 0.0066241
7 1 4 2 0.0000000
7 1 4 3 -0.0076720
7 1 4 4 -0.0004678
7 1 5 0 0.0005626
7 1 5 1 -0.0030568
7 1 5 2 0.0000000
7 1 5 3 0.0051540
7 1 5 4 0.0012685
7 1 5 5 -0.0007975
7 1 6 0 -0.0000000
7 1 6 1 0.0000000
7 1 6 2 0.0033207
7 1 6 3 -0.0000000
7 1 6 4 -0.0000000
7 1 6 5 -0.0000000
7 1 6 6 -0.0042581
7 1 7 0 0.0013098
7 1 7 1 0.0109507
7 1 7 2 -0.0000000
7 1 7 3 0.0059293
7 1 7 4 0.0073175
7 1 7 5 -0.0007062
7 1 7 6 0.0000000
7 1 7 7 0.0027162
7 2 0 0 -0.0000000
7 2 1 0 0.0000000
7 2 1 1 0.0000000
7 2 2 0 -0.0046588
7 2 2 1 -0.0210192
7 2 2 2 -0.0000000
7 2 3 0 -0.0000000
7 2 3 1 -0.0000000
7 2 3 2 0.0135585
7 2 3 3 0.0000000
7 2 4 0 0.0000000
7 2 4 1 0.0000000
7 2 4 2 0.0127691
7 2 4 3 0.0000000
7 2 4 4 0.0000000
7 2 5 0 -0.0000000
7 2 5 1 0.0000000
7 2 5 2 0.0019513
7 2 5 3 0.0000000
7 2 5 4 -0.0000000
7 2 5 5 0.0000000
7 2 6 0 -0.0068693
7 2 6 1 0.0012306
7 2 6 2 -0.0000000
7 2 6 3 0.0092476
7 2 6 4 -0.0162873
7 2 6 5 0.0148674
7 2 6 6 -0.0000000
7 2 7 0 0.0000000
7 2 7 1 -0.0000000
7 2 7 2 0.0175054
7 2 7 3 -0.0000000
7 2 7 4 -0.0000000
7 2 7 5 0.0000000
7 2 7 6 0.0157924
7 2 7 7 0.0000000
7 3 0 0 0.0077770
7 3 1 0 -0.0040164
7 3 1 1 -0.0260347
7 3 2 0 -0.0000000
7 3 2 1 -0.0000000
7 3 2 2 -0.0007074
7 3 3 0 -0.0012735
7 3 3 1 -0.0021704
7 3 3 2 0.0000000
7 3 3 3 0.0043806
7 3 4 0 0.0009407
7 3 4 1 -0.0089783
7 3 4 2 0.0000000
7 3 4 3 -0.0187190
7 3 4 4 -0.0105241
7 3 5 0 0.0077466
7 3 5 1 0.0034018
7 3 5 2 0.0000000
7 3 5 3 -0.0173299
7 3 5 4 0.0036546
7 3 5 5 -0.0203301
7 3 6 0 -0.0000000
7 3 6 1 -0.0000000
7 3 6 2 0.0151508
7 3 6 3 0.0000000
7 3 6 4 -0.0000000
7 3 6 5 0.0000000
7 3 6 6 0.0059102
7 3 7 0 -0.0027426
7 3 7 1 0.0059293
7 3 7 2 -0.0000000
7 3 7 3 0.0262639
7 3 7 4 0.0010260
7 3 7 5 0.0008229
7 3 7 6 0.0000000
7 3 7 7 -0.0047166
7 4 0 0 -0.0063225
7 4 1 0 0.0021374
7 4 1 1 0.0099913
7 4 2 0 0.0000000
7 4 2 1 0.0000000
7 4 2 2 0.0050222
7 4 3 0 0.0012054
7 4 3 1 0.0019754
7 4 3 2 -0.0000000
7 4 3 3 -0.0075231
7 4 4 0 -0.0007488
7 4 4 1 -0.0006837
7 4 4 2 -0.0000000
7 4 4 3 0.0082167
7 4 4 4 0.0027348
7 4 5 0 -0.0045867
7 4 5 1 -0.0024147
7 4 5 2 -0.0000000
7 4 5 3 0.0043364
7 4 5 4 -0.0046358
7 4 5 5 0.0094970
7 4 6 0 0.0000000
7 4 6 1 0.0000000
7 4 6 2 -0.0067263
7 4 6 3 -0.0000000
7 4 6 4 0.0000000
7 4 6 5 -0.0000000
7 4 6 6 -0.0002830
7 4 7 0 0.0011007
7 4 7 1 0.0073175
7 4 7 2 -0.0000000
7 4 7 3 0.0010260
7 4 7 4 0.0222754
7 4 7 5 0.0159629
7 4 7 6 -0.0000000
7 4 7 7 -0.0022883
7 5 0 0 0.0112204
7 5 1 0 -0.0011969
7 5 1 1 0.0040911
7 5 2 0 -0.0000000
7 5 2 1 -0.0000000
7 5 2 2 0.0043604
7 5 3 0 0.0075231
7 5 3 1 0.0181833
7 5 3 2 0.0000000
7 5 3 3 -0.0154625
7 5 4 0 -0.0043927
7 5 4 1 -0.0005069
7 5 4 2 0.0000000
7 5 4 3 0.0152013
7 5 4 4 -0.0017337
7 5 5 0 -0.0026439
7 5 5 1 -0.0013367
7 5 5 2 0.0000000
7 5 5 3 -0.0078761
7 5 5 4 0.0076615
7 5 5 5 0.0147396
7 5 6 0 -0.0000000
7 5 6 1 -0.0000000
7 5 6 2 0.0035608
7 5 6 3 0.0000000
7 5 6 4 -0.0000000
7 5 6 5 -0.0000000
7 5 6 6 0.0020989
7 5 7 0 -0.0032783
7 5 7 1 -0.0007062
7 5 7 2 0.0000000
7 5 7 3 0.0008229
7 5 7 4 0.0159629
7 5 7 5 0.0276413
7 5 7 6 -0.0000000
7 5 7 7 0.0192597
7 6 0 0 -0.0000000
7 6 1 0 0.0000000
7 6 1 1 -0.0000000
7 6 2 0 -0.0054748
7 6 2 1 -0.0120425
7 6 2 2 -0.0000000
7 6 3 0 -0.0000000
7 6 3 1 -0.0000000
7 6 3 2 0.0122606
7 6 3 3 0.0000000
7 6 4 0 0.0000000
7 6 4 1 0.0000000
7 6 4 2 0.0017223
7 6 4 3 -0.0000000
7 6 4 4 0.0000000
7 6 5 0 -0.0000000
7 6 5 1 -0.0000000
7 6 5 2 0.0058986
7 6 5 3 0.0000000
7 6 5 4 -0.0000000
7 6 5 5 0.0000000
7 6 6 0 -0.0081346
7 6 6 1 -0.0052621
7 6 6 2 -0.0000000
7 6 6 3 0.0126788
7 6 6 4 -0.0074678
7 6 6 5 0.0077786
7 6 6 6 -0.0000000
7 6 7 0 0.0000000
7 6 7 1 0.0000000
7 6 7 2 0.0157924
7 6 7 3 0.0000000
7 6 7 4 -0.0000000
7 6 7 5 -0.0000000
7 6 7 6 0.0206012
7 6 7 7 -0.0000000
7 7 0 0 0.5615103
7 7 1 0 -0.0061830
7 7 1 1 0.4374920
7 7 2 0 -0.0000000
7 7 2 1 -0.0000000
7 7 2 2 0.4011671
7 7 3 0 0.0085272
7 7 3 1 0.0442239
7 7 3 2 0.0000000
7 7 3 3 0.4251881
7 7 4 0 -0.0049797
7 7 4 1 0.0473610
7 7 4 2 -0.0000000
7 7 4 3 0.0205382
7 7 4 4 0.4227969
7 7 5 0 0.0054251
7 7 5 1 -0.0218954
7 7 5 2 0.0000000
7 7 5 3 0.0098483
7 7 5 4 0.0549578
7 7 5 5 0.4653102
7 7 6 0 -0.0000000
7 7 6 1 0.0000000
7 7 6 2 0.0461426
7 7 6 3 -0.0000000
7 7 6 4 -0.0000000
7 7 6 5 -0.0000000
7 7 6 6 0.4143308
7 7 7 0 -0.0059833
7 7 7 1 0.0027162
7 7 7 2 0.0000000
7 7 7 3 -0.0047166
7 7 7 4 -0.0022883
7 7 7 5 0.0192597
7 7 7 6 -0.0000000
7 7 7 7 0.5146545
8 0 0 0 0.0000000
8 0 1 0 0.0000000
8 0 1 1 0.0000000
8 0 2 0 -0.0002377
8 0 2 1 -0.0002875
8 0 2 2 -0.0000000
8 0 3 0 -0.0000000
8 0 3 1 -0.0000000
8 0 3 2 0.0001923
8 0 3 3 0.0000000
8 0 4 0 0.0000000
8 0 4 1 -0.0000000
8 0 4 2 -0.0000583
8 0 4 3 -0.0000000
8 0 4 4 0.0000000
8 0 5 0 -0.0000000
8 0 5 1 -0.0000000
8 0 5 2 0.0003036
8 0 5 3 0.0000000
8 0 5 4 -0.0000000
8 0 5 5 0.0000000
8 0 6 0 -0.0003478
8 0 6 1 -0.0002446
8 0 6 2 -0.0000000
8 0 6 3 0.0002164
8 0 6 4 -0.0000184
8 0 6 5 0.0002153
8 0 6 6 -0.0000000
8 0 7 0 0.0000000
8 0 7 1 -0.0000000
8 0 7 2 0.0001255
8 0 7 3 0.0000000
8 0 7 4 -0.0000000
8 0 7 5 0.0000000
8 0 7 6 0.0001605
8 0 7 7 -0.0000000
8 0 8 0 0.0000108
8 0 8 1 -0.0000604
8 0 8 2 -0.0000000
8 0 8 3 -0.0001053
8 0 8 4 -0.0001113
8 0 8 5 -0.0001947
8 0 8 6 0.0000000
8 0 8 7 0.0000309
8 0 8 8 -0.0000000
8 1 0 0 0.0000000
8 1 1 0 0.0000000
8 1 1 1 0.0000000
8 1 2 0 -0.0020694
8 1 2 1 -0.0343219
8 1 2 2 -0.0000000
8 1 3 0 -0.0000000
8 1 3 1 -0.0000000
8 1 3 2 0.0121585
8 1 3 3 0.0000000
8 1 4 0 0.0000000
8 1 4 1 -0.0000000
8 1 4 2 0.0308077
8 1 4 3 0.0000000
8 1 4 4 0.0000000
8 1 5 0 -0.0000000
8 1 5 1 0.0000000
8 1 5 2 -0.0063483
8 1 5 3 -0.0000000
8 1 5 4 -0.0000000
8 1 5 5 0.0000000
8 1 6 0 -0.0027688
8 1 6 1 0.0172812
8 1 6 2 0.0000000
8 1 6 3 -0.0015517
8 1 6 4 -0.0327232
8 1 6 5 0.0256346
8 1 6 6 -0.0000000
8 1 7 0 0.0000000
8 1 7 1 -0.0000000
8 1 7 2 0.0069887
8 1 7 3 0.0000000
8 1 7 4 -0.0000000
8 1 7 5 0.0000000
8 1 7 6 0.0012323
8 1 7 7 -0.0000000
8 1 8 0 -0.0000604
8 1 8 1 0.0298599
8 1 8 2 -0.0000000
8 1 8 3 0.0150957
8 1 8 4 0.0091287
8 1 8 5 0.0251243
8 1 8 6 -0.0000000
8 1 8 7 0.0004249
8 1 8 8 -0.0000000
8 2 0 0 -0.0339959
8 2 1 0 -0.0001673
8 2 1 1 -0.0151019
8 2 2 0 -0.0000000
8 2 2 1 -0.0000000
8 2 2 2 -0.0296511
8 2 3 0 -0.0002709
8 2 3 1 0.0156027
8 2 3 2 -0.0000000
8 2 3 3 -0.0126112
8 2 4 0 0.0001184
8 2 4 1 0.0218311
8 2 4 2 -0.0000000
8 2 4 3 0.0155864
8 2 4 4 -0.0074236
8 2 5 0 0.0003642
8 2 5 1 0.0160827
8 2 5 2 -0.0000000
8 2 5 3 0.0127231
8 2 5 4 0.0205610
8 2 5 5 -0.0147417
8 2 6 0 -0.0000000
8 2 6 1 -0.0000000
8 2 6 2 -0.0024438
8 2 6 3 -0.0000000
8 2 6 4 -0.0000000
8 2 6 5 -0.0000000
8 2 6 6 -0.0298779
8 2 7 0 -0.0000073
8 2 7 1 0.0026015
8 2 7 2 0.0000000
8 2 7 3 -0.0034062
8 2 7 4 -0.0009362
8 2 7 5 0.0014473
8 2 7 6 -0.0000000
8 2 7 7 0.0209527
8 2 8 0 -0.0000000
8 2 8 1 -0.0000000
8 2 8 2 0.0215474
8 2 8 3 0.0000000
8 2 8 4 0.0000000
8 2 8 5 -0.0000000
8 2 8 6 -0.0164073
8 2 8 7 0.0000000
8 2 8 8 0.0597165
8 3 0 0 -0.0000000
8 3 1 0 0.0000000
8 3 1 1 -0.0000000
8 3 2 0 -0.0001907
8 3 2 1 -0.0057305
8 3 2 2 -0.0000000
8 3 3 0 -0.0000000
8 3 3 1 0.0000000
8 3 3 2 0.0008021
8 3 3 3 -0.0000000
8 3 4 0 0.0000000
8 3 4 1 0.0000000
8 3 4 2 0.0070885
8 3 4 3 0.0000000
8 3 4 4 0.0000000
8 3 5 0 -0.0000000
8 3 5 1 0.0000000
8 3 5 2 0.0000775
8 3 5 3 -0.0000000
8 3 5 4 -0.0000000
8 3 5 5 0.0000000
8 3 6 0 -0.0002164
8 3 6 1 0.0035618
8 3 6 2 0.0000000
8 3 6 3 -0.0020167
8 3 6 4 -0.0065778
8 3 6 5 0.0042294
8 3 6 6 -0.0000000
8 3 7 0 0.0000000
8 3 7 1 0.0000000
8 3 7 2 0.0012176
8 3 7 3 -0.0000000
8 3 7 4 -0.0000000
8 3 7 5 -0.0000000
8 3 7 6 -0.0001346
8 3 7 7 0.0000000
8 3 8 0 -0.0001053
8 3 8 1 0.0150957
8 3 8 2 0.0000000
8 3 8 3 0.0116138
8 3 8 4 0.0120564
8 3 8 5 0.0147516
8 3 8 6 -0.0000000
8 3 8 7 -0.0009721
8 3 8 8 0.0000000
8 4 0 0 0.0000000
8 4 1 0 -0.0000000
8 4 1 1 -0.0000000
8 4 2 0 0.0003334
8 4 2 1 0.0104103
8 4 2 2 -0.0000000
8 4 3 0 0.0000000
8 4 3 1 0.0000000
8 4 3 2 -0.0032485
8 4 3 3 -0.0000000
8 4 4 0 -0.0000000
8 4 4 1 0.0000000
8 4 4 2 -0.0084646
8 4 4 3 0.0000000
8 4 4 4 -0.0000000
8 4 5 0 0.0000000
8 4 5 1 -0.0000000
8 4 5 2 0.0067853
8 4 5 3 0.0000000
8 4 5 4 0.0000000
8 4 5 5 -0.0000000
8 4 6 0 0.0005626
8 4 6 1 -0.0073086
8 4 6 2 -0.0000000
8 4 6 3 -0.0001002
8 4 6 4 0.0095210
8 4 6 5 -0.0098317
8 4 6 6 0.0000000
8 4 7 0 -0.0000000
8 4 7 1 0.0000000
8 4 7 2 -0.0013340
8 4 7 3 -0.0000000
8 4 7 4 0.0000000
8 4 7 5 -0.0000000
8 4 7 6 -0.0012320
8 4 7 7 0.0000000
8 4 8 0 -0.0001113
8 4 8 1 0.0091287
8 4 8 2 0.0000000
8 4 8 3 0.0120564
8 4 8 4 0.0185471
8 4 8 5 0.0110845
8 4 8 6 -0.0000000
8 4 8 7 0.0014178
8 4 8 8 0.0000000
8 5 0 0 -0.0000000
8 5 1 0 0.0000000
8 5 1 1 0.0000000
8 5 2 0 -0.0003906
8 5 2 1 -0.0204755
8 5 2 2 0.0000000
8 5 3 0 -0.0000000
8 5 3 1 -0.0000000
8 5 3 2 0.0081131
8 5 3 3 -0.0000000
8 5 4 0 0.0000000
8 5 4 1 -0.0000000
8 5 4 2 0.0242723
8 5 4 3 -0.0000000
8 5 4 4 0.0000000
8 5 5 0 -0.0000000
8 5 5 1 0.0000000
8 5 5 2 -0.0095127
8 5 5 3 -0.0000000
8 5 5 4 -0.0000000
8 5 5 5 0.0000000
8 5 6 0 -0.0005880
8 5 6 1 0.0164368
8 5 6 2 0.0000000
8 5 6 3 -0.0032538
8 5 6 4 -0.0267807
8 5 6 5 0.0176320
8 5 6 6 -0.0000000
8 5 7 0 0.0000000
8 5 7 1 -0.0000000
8 5 7 2 0.0039277
8 5 7 3 0.0000000
8 5 7 4 -0.0000000
8 5 7 5 -0.0000000
8 5 7 6 -0.0011354
8 5 7 7 -0.0000000
8 5 8 0 -0.0001947
8 5 8 1 0.0251243
8 5 8 2 -0.0000000
8 5 8 3 0.0147516
8 5 8 4 0.0110845
8 5 8 5 0.0257445
8 5 8 6 -0.0000000
8 5 8 7 0.0005948
8 5 8 8 -0.0000000
8 6 0 0 -0.0005281
8 6 1 0 0.0001859
8 6 1 1 0.0034431
8 6 2 0 0.0000000
8 6 2 1 0.0000000
8 6 2 2 0.0131595
8 6 3 0 -0.0003151
8 6 3 1 -0.0112511
8 6 3 2 -0.0000000
8 6 3 3 -0.0030109
8 6 4 0 0.0002646
8 6 4 1 -0.0200701
8 6 4 2 -0.0000000
8 6 4 3 -0.0071115
8 6 4 4 0.0030566
8 6 5 0 -0.0001362
8 6 5 1 -0.0017912
8 6 5 2 0.0000000
8 6 5 3 -0.0080031
8 6 5 4 -0.0200336
8 6 5 5 -0.0002904
8 6 6 0 0.0000000
8 6 6 1 -0.0000000
8 6 6 2 -0.0104651
8 6 6 3 0.0000000
8 6 6 4 0.0000000
8 6 6 5 -0.0000000
8 6 6 6 0.0158308
8 6 7 0 0.0001241
8 6 7 1 -0.0024479
8 6 7 2 -0.0000000
8 6 7 3 0.0016374
8 6 7 4 -0.0001218
8 6 7 5 -0.0032769
8 6 7 6 0.0000000
8 6 7 7 -0.0246871
8 6 8 0 0.0000000
8 6 8 1 -0.0000000
8 6 8 2 -0.0164073
8 6 8 3 -0.0000000
8 6 8 4 -0.0000000
8 6 8 5 -0.0000000
8 6 8 6 0.0149666
8 6 8 7 -0.0000000
8 6 8 8 -0.0426072
8 7 0 0 0.0000000
8 7 1 0 -0.0000000
8 7 1 1 -0.0000000
8 7 2 0 0.0002626
8 7 2 1 0.0031207
8 7 2 2 0.0000000
8 7 3 0 0.0000000
8 7 3 1 0.0000000
8 7 3 2 -0.0017091
8 7 3 3 -0.0000000
8 7 4 0 -0.0000000
8 7 4 1 0.0000000
8 7 4 2 -0.0018197
8 7 4 3 -0.0000000
8 7 4 4 -0.0000000
8 7 5 0 0.0000000
8 7 5 1 -0.0000000
8 7 5 2 0.0011314
8 7 5 3 -0.0000000
8 7 5 4 0.0000000
8 7 5 5 -0.0000000
8 7 6 0 0.0003321
8 7 6 1 -0.0021854
8 7 6 2 -0.0000000
8 7 6 3 -0.0000722
8 7 6 4 0.0021438
8 7 6 5 -0.0028802
8 7 6 6 0.0000000
8 7 7 0 -0.0000000
8 7 7 1 -0.0000000
8 7 7 2 0.0036999
8 7 7 3 0.0000000
8 7 7 4 0.0000000
8 7 7 5 -0.0000000
8 7 7 6 -0.0039254
8 7 7 7 -0.0000000
8 7 8 0 0.0000309
8 7 8 1 0.0004249
8 7 8 2 0.0000000
8 7 8 3 -0.0009721
8 7 8 4 0.0014178
8 7 8 5 0.0005948
8 7 8 6 -0.0000000
8 7 8 7 0.0210482
8 7 8 8 -0.0000000
8 8 0 0 0.3245203
8 8 1 0 0.0028954
8 8 1 1 0.4543684
8 8 2 0 -0.0000000
8 8 2 1 -0.0000000
8 8 2 2 0.3553932
8 8 3 0 0.0034585
8 8 3 1 0.0845665
8 8 3 2 0.0000000
8 8 3 3 0.3523160
8 8 4 0 -0.0022830
8 8 4 1 0.0694282
8 8 4 2 -0.0000000
8 8 4 3 0.1083710
8 8 4 4 0.4465382
8 8 5 0 -0.0069054
8 8 5 1 0.0584327
8 8 5 2 -0.0000000
8 8 5 3 0.0644075
8 8 5 4 0.0596387
8 8 5 5 0.4316676
8 8 6 0 0.0000000
8 8 6 1 -0.0000000
8 8 6 2 -0.0511461
8 8 6 3 -0.0000000
8 8 6 4 -0.0000000
8 8 6 5 -0.0000000
8 8 6 6 0.3517307
8 8 7 0 0.0014127
8 8 7 1 0.0015528
8 8 7 2 0.0000000
8 8 7 3 -0.0293535
8 8 7 4 0.0056355
8 8 7 5 0.0119944
8 8 7 6 -0.0000000
8 8 7 7 0.4670423
8 8 8 0 -0.0000000
8 8 8 1 -0.0000000
8 8 8 2 0.0597165
8 8 8 3 0.0000000
8 8 8 4 0.0000000
8 8 8 5 -0.0000000
8 8 8 6 -0.0426072
8 8 8 7 -0.0000000
8 8 8 8 0.6728328
9 0 0 0 -0.0028062
9 0 1 0 0.0000923
9 0 1 1 -0.0003110
9 0 2 0 0.0000000
9 0 2 1 -0.0000000
9 0 2 2 -0.0003685
9 0 3 0 -0.0001190
9 0 3 1 0.0002161
9 0 3 2 -0.0000000
9 0 3 3 -0.0004529
9 0 4 0 0.0000752
9 0 4 1 0.0000573
9 0 4 2 -0.0000000
9 0 4 3 0.0003299
9 0 4 4 -0.0000963
9 0 5 0 -0.0001166
9 0 5 1 0.0004457
9 0 5 2 -0.0000000
9 0 5 3 0.0000926
9 0 5 4 0.0001231
9 0 5 5 -0.0005164
9 0 6 0 0.0000000
9 0 6 1 -0.0000000
9 0 6 2 -0.0003006
9 0 6 3 -0.0000000
9 0 6 4 -0.0000000
9 0 6 5 0.0000000
9 0 6 6 -0.0004283
9 0 7 0 -0.0001228
9 0 7 1 -0.0000073
9 0 7 2 -0.0000000
9 0 7 3 -0.0000011
9 0 7 4 -0.0000033
9 0 7 5 0.0000362
9 0 7 6 -0.0000000
9 0 7 7 0.0000326
9 0 8 0 -0.0000000
9 0 8 1 -0.0000000
9 0 8 2 0.0001454
9 0 8 3 0.0000000
9 0 8 4 0.0000000
9 0 8 5 -0.0000000
9 0 8 6 -0.0000812
9 0 8 7 0.0000000
9 0 8 8 0.0004266
9 0 9 0 0.0000059
9 0 9 1 -0.0000275
9 0 9 2 0.0000000
9 0 9 3 -0.0000968
9 0 9 4 -0.0001698
9 0 9 5 -0.0000803
9 0 9 6 0.0000000
9 0 9 7 0.0000188
9 0 9 8 -0.0000000
9 0 9 9 0.0027390
9 1 0 0 -0.0046232
9 1 1 0 -0.0000801
9 1 1 1 -0.0019812
9 1 2 0 -0.0000000
9 1 2 1 -0.0000000
9 1 2 2 -0.0040776
9 1 3 0 0.0000249
9 1 3 1 0.0029500
9 1 3 2 -0.0000000
9 1 3 3 -0.0014164
9 1 4 0 -0.0000112
9 1 4 1 0.0036145
9 1 4 2 -0.0000000
9 1 4 3 0.0031408
9 1 4 4 0.0002209
9 1 5 0 0.0001149
9 1 5 1 0.0027066
9 1 5 2 0.0000000
9 1 5 3 0.0018286
9 1 5 4 0.0035466
9 1 5 5 -0.0021544
9 1 6 0 -0.0000000
9 1 6 1 -0.0000000
9 1 6 2 0.0001034
9 1 6 3 -0.0000000
9 1 6 4 -0.0000000
9 1 6 5 -0.0000000
9 1 6 6 -0.0041494
9 1 7 0 -0.0000730
9 1 7 1 0.0004062
9 1 7 2 -0.0000000
9 1 7 3 0.0001949
9 1 7 4 0.0002950
9 1 7 5 0.0006130
9 1 7 6 -0.0000000
9 1 7 7 0.0007133
9 1 8 0 -0.0000000
9 1 8 1 -0.0000000
9 1 8 2 0.0016893
9 1 8 3 0.0000000
9 1 8 4 0.0000000
9 1 8 5 -0.0000000
9 1 8 6 -0.0013787
9 1 8 7 0.0000000
9 1 8 8 0.0026708
9 1 9 0 -0.0000275
9 1 9 1 0.0038569
9 1 9 2 -0.0000000
9 1 9 3 0.0043135
9 1 9 4 0.0066986
9 1 9 5 0.0048561
9 1 9 6 -0.0000000
9 1 9 7 0.0007306
9 1 9 8 -0.0000000
9 1 9 9 -0.0267629
9 2 0 0 -0.0000000
9 2 1 0 -0.0000000
9 2 1 1 -0.0000000
9 2 2 0 -0.0001400
9 2 2 1 -0.0020946
9 2 2 2 -0.0000000
9 2 3 0 -0.0000000
9 2 3 1 -0.0000000
9 2 3 2 0.0010019
9 2 3 3 -0.0000000
9 2 4 0 0.0000000
9 2 4 1 -0.0000000
9 2 4 2 0.0022154
9 2 4 3 0.0000000
9 2 4 4 0.0000000
9 2 5 0 -0.0000000
9 2 5 1 0.0000000
9 2 5 2 -0.0002792
9 2 5 3 -0.0000000
9 2 5 4 -0.0000000
9 2 5 5 0.0000000
9 2 6 0 -0.0001825
9 2 6 1 0.0009860
9 2 6 2 0.0000000
9 2 6 3 -0.0002371
9 2 6 4 -0.0023067
9 2 6 5 0.0015024
9 2 6 6 -0.0000000
9 2 7 0 -0.0000000
9 2 7 1 0.0000000
9 2 7 2 0.0003660
9 2 7 3 0.0000000
9 2 7 4 0.0000000
9 2 7 5 0.0000000
9 2 7 6 0.0000171
9 2 7 7 0.0000000
9 2 8 0 -0.0000021
9 2 8 1 0.0019883
9 2 8 2 0.0000000
9 2 8 3 0.0012752
9 2 8 4 0.0012995
9 2 8 5 0.0017831
9 2 8 6 -0.0000000
9 2 8 7 -0.0000245
9 2 8 8 0.0000000
9 2 9 0 0.0000000
9 2 9 1 -0.0000000
9 2 9 2 0.0014056
9 2 9 3 -0.0000000
9 2 9 4 -0.0000000
9 2 9 5 -0.0000000
9 2 9 6 -0.0012594
9 2 9 7 0.0000000
9 2 9 8 0.0042370
9 2 9 9 0.0000000
9 3 0 0 0.0004625
9 3 1 0 0.0000595
9 3 1 1 0.0010449
9 3 2 0 -0.0000000
9 3 2 1 -0.0000000
9 3 2 2 -0.0001243
9 3 3 0 -0.0000389
9 3 3 1 0.0004720
9 3 3 2 -0.0000000
9 3 3 3 0.0009788
9 3 4 0 0.0000306
9 3 4 1 0.0011184
9 3 4 2 0.0000000
9 3 4 3 0.0007338
9 3 4 4 0.0011699
9 3 5 0 -0.0000649
9 3 5 1 -0.0001278
9 3 5 2 0.0000000
9 3 5 3 0.0005328
9 3 5 4 0.0004280
9 3 5 5 0.0004135
9 3 6 0 0.0000000
9 3 6 1 0.0000000
9 3 6 2 0.0004089
9 3 6 3 -0.0000000
9 3 6 4 -0.0000000
9 3 6 5 -0.0000000
9 3 6 6 -0.0001888
9 3 7 0 0.0000522
9 3 7 1 -0.0001098
9 3 7 2 0.0000000
9 3 7 3 0.0000517
9 3 7 4 -0.0000310
9 3 7 5 -0.0002575
9 3 7 6 0.0000000
9 3 7 7 -0.0026555
9 3 8 0 0.0000000
9 3 8 1 0.0000000
9 3 8 2 -0.0010588
9 3 8 3 0.0000000
9 3 8 4 0.0000000
9 3 8 5 0.0000000
9 3 8 6 0.0008057
9 3 8 7 0.0000000
9 3 8 8 -0.0037686
9 3 9 0 -0.0000968
9 3 9 1 0.0043135
9 3 9 2 -0.0000000
9 3 9 3 0.0064101
9 3 9 4 0.0103146
9 3 9 5 0.0063253
9 3 9 6 -0.0000000
9 3 9 7 -0.0005304
9 3 9 8 0.0000000
9 3 9 9 -0.0827874
9 4 0 0 0.0017300
9 4 1 0 0.0000030
9 4 1 1 0.0019061
9 4 2 0 -0.0000000
9 4 2 1 -0.0000000
9 4 2 2 0.0012692
9 4 3 0 0.0000856
9 4 3 1 0.0003587
9 4 3 2 0.0000000
9 4 3 3 0.0011480
9 4 4 0 -0.0000222
9 4 4 1 -0.0002439
9 4 4 2 0.0000000
9 4 4 3 0.0003090
9 4 4 4 0.0017537
9 4 5 0 -0.0000375
9 4 5 1 -0.0005554
9 4 5 2 0.0000000
9 4 5 3 -0.0006436
9 4 5 4 -0.0008538
9 4 5 5 0.0010098
9 4 6 0 0.0000000
9 4 6 1 0.0000000
9 4 6 2 0.0002104
9 4 6 3 0.0000000
9 4 6 4 0.0000000
9 4 6 5 0.0000000
9 4 6 6 0.0014927
9 4 7 0 -0.0000442
9 4 7 1 -0.0002555
9 4 7 2 -0.0000000
9 4 7 3 0.0009355
9 4 7 4 0.0004082
9 4 7 5 0.0000213
9 4 7 6 -0.0000000
9 4 7 7 -0.0055258
9 4 8 0 0.0000000
9 4 8 1 0.0000000
9 4 8 2 -0.0029723
9 4 8 3 -0.0000000
9 4 8 4 -0.0000000
9 4 8 5 0.0000000
9 4 8 6 0.0024350
9 4 8 7 -0.0000000
9 4 8 8 -0.0084173
9 4 9 0 -0.0001698
9 4 9 1 0.0066986
9 4 9 2 -0.0000000
9 4 9 3 0.0103146
9 4 9 4 0.0171407
9 4 9 5 0.0101406
9 4 9 6 -0.0000000
9 4 9 7 0.0006563
9 4 9 8 0.0000000
9 4 9 9 -0.1547624
9 5 0 0 0.0030094
9 5 1 0 0.0000966
9 5 1 1 0.0029195
9 5 2 0 0.0000000
9 5 2 1 0.0000000
9 5 2 2 -0.0000022
9 5 3 0 0.0000900
9 5 3 1 0.0018774
9 5 3 2 -0.0000000
9 5 3 3 0.0027380
9 5 4 0 -0.0000449
9 5 4 1 0.0032382
9 5 4 2 -0.0000000
9 5 4 3 0.0015052
9 5 4 4 0.0024197
9 5 5 0 -0.0001850
9 5 5 1 -0.0008973
9 5 5 2 0.0000000
9 5 5 3 0.0010255
9 5 5 4 0.0024117
9 5 5 5 0.0026353
9 5 6 0 0.0000000
9 5 6 1 -0.0000000
9 5 6 2 0.0017389
9 5 6 3 -0.0000000
9 5 6 4 0.0000000
9 5 6 5 -0.0000000
9 5 6 6 -0.0003793
9 5 7 0 0.0000490
9 5 7 1 0.0003083
9 5 7 2 -0.0000000
9 5 7 3 0.0002336
9 5 7 4 0.0004180
9 5 7 5 0.0003620
9 5 7 6 -0.0000000
9 5 7 7 0.0001165
9 5 8 0 0.0000000
9 5 8 1 -0.0000000
9 5 8 2 -0.0002981
9 5 8 3 -0.0000000
9 5 8 4 -0.0000000
9 5 8 5 -0.0000000
9 5 8 6 -0.0001438
9 5 8 7 0.0000000
9 5 8 8 -0.0016856
9 5 9 0 -0.0000803
9 5 9 1 0.0048561
9 5 9 2 -0.0000000
9 5 9 3 0.0063253
9 5 9 4 0.0101406
9 5 9 5 0.0067870
9 5 9 6 -0.0000000
9 5 9 7 0.0007950
9 5 9 8 -0.0000000
9 5 9 9 -0.0647276
9 6 0 0 -0.0000000
9 6 1 0 -0.0000000
9 6 1 1 -0.0000000
9 6 2 0 0.0000652
9 6 2 1 0.0020115
9 6 2 2 0.0000000
9 6 3 0 -0.0000000
9 6 3 1 -0.0000000
9 6 3 2 -0.0009409
9 6 3 3 -0.0000000
9 6 4 0 0.0000000
9 6 4 1 -0.0000000
9 6 4 2 -0.0024198
9 6 4 3 -0.0000000
9 6 4 4 -0.0000000
9 6 5 0 0.0000000
9 6 5 1 -0.0000000
9 6 5 2 0.0007513
9 6 5 3 -0.0000000
9 6 5 4 0.0000000
9 6 5 5 -0.0000000
9 6 6 0 0.0000936
9 6 6 1 -0.0014266
9 6 6 2 -0.0000000
9 6 6 3 0.0003331
9 6 6 4 0.0026438
9 6 6 5 -0.0016366
9 6 6 6 0.0000000
9 6 7 0 -0.0000000
9 6 7 1 -0.0000000
9 6 7 2 -0.0004186
9 6 7 3 -0.0000000
9 6 7 4 -0.0000000
9 6 7 5 -0.0000000
9 6 7 6 -0.0000394
9 6 7 7 -0.0000000
9 6 8 0 0.0000110
9 6 8 1 -0.0020843
9 6 8 2 0.0000000
9 6 8 3 -0.0013037
9 6 8 4 -0.0011816
9 6 8 5 -0.0020736
9 6 8 6 0.0000000
9 6 8 7 0.0001143
9 6 8 8 0.0000000
9 6 9 0 0.0000000
9 6 9 1 -0.0000000
9 6 9 2 -0.0012594
9 6 9 3 -0.0000000
9 6 9 4 -0.0000000
9 6 9 5 -0.0000000
9 6 9 6 0.0011516
9 6 9 7 -0.0000000
9 6 9 8 -0.0036726
9 6 9 9 0.0000000
9 7 0 0 -0.0009791
9 7 1 0 0.0000820
9 7 1 1 0.0008572
9 7 2 0 0.0000000
9 7 2 1 0.0000000
9 7 2 2 0.0002463
9 7 3 0 -0.0000379
9 7 3 1 -0.0003105
9 7 3 2 0.0000000
9 7 3 3 -0.0003210
9 7 4 0 0.0000299
9 7 4 1 -0.0001158
9 7 4 2 0.0000000
9 7 4 3 -0.0000094
9 7 4 4 0.0002471
9 7 5 0 -0.0000916
9 7 5 1 0.0003547
9 7 5 2 -0.0000000
9 7 5 3 0.0001033
9 7 5 4 -0.0004644
9 7 5 5 0.0002225
9 7 6 0 0.0000000
9 7 6 1 -0.0000000
9 7 6 2 -0.0007378
9 7 6 3 -0.0000000
9 7 6 4 0.0000000
9 7 6 5 -0.0000000
9 7 6 6 0.0002497
9 7 7 0 0.0000536
9 7 7 1 0.0010659
9 7 7 2 -0.0000000
9 7 7 3 0.0009951
9 7 7 4 0.0019543
9 7 7 5 0.0009828
9 7 7 6 -0.0000000
9 7 7 7 -0.0001770
9 7 8 0 0.0000000
9 7 8 1 0.0000000
9 7 8 2 -0.0002627
9 7 8 3 -0.0000000
9 7 8 4 -0.0000000
9 7 8 5 0.0000000
9 7 8 6 0.0003861
9 7 8 7 0.0000000
9 7 8 8 0.0000623
9 7 9 0 0.0000188
9 7 9 1 0.0007306
9 7 9 2 0.0000000
9 7 9 3 -0.0005304
9 7 9 4 0.0006563
9 7 9 5 0.0007950
9 7 9 6 -0.0000000
9 7 9 7 0.0091562
9 7 9 8 0.0000000
9 7 9 9 -0.0149381
9 8 0 0 0.0000000
9 8 1 0 -0.0000000
9 8 1 1 -0.0000000
9 8 2 0 0.0001048
9 8 2 1 0.0033056
9 8 2 2 0.0000000
9 8 3 0 0.0000000
9 8 3 1 0.0000000
9 8 3 2 -0.0003639
9 8 3 3 -0.0000000
9 8 4 0 -0.0000000
9 8 4 1 0.0000000
9 8 4 2 -0.0017366
9 8 4 3 -0.0000000
9 8 4 4 -0.0000000
9 8 5 0 0.0000000
9 8 5 1 -0.0000000
9 8 5 2 0.0018650
9 8 5 3 -0.0000000
9 8 5 4 0.0000000
9 8 5 5 -0.0000000
9 8 6 0 0.0001578
9 8 6 1 -0.0024901
9 8 6 2 -0.0000000
9 8 6 3 -0.0003874
9 8 6 4 0.0022311
9 8 6 5 -0.0031383
9 8 6 6 0.0000000
9 8 7 0 -0.0000000
9 8 7 1 0.0000000
9 8 7 2 -0.0004575
9 8 7 3 -0.0000000
9 8 7 4 0.0000000
9 8 7 5 -0.0000000
9 8 7 6 -0.0000687
9 8 7 7 -0.0000000
9 8 8 0 0.0000161
9 8 8 1 0.0003856
9 8 8 2 -0.0000000
9 8 8 3 0.0018866
9 8 8 4 0.0042596
9 8 8 5 0.0004646
9 8 8 6 -0.0000000
9 8 8 7 0.0004312
9 8 8 8 -0.0000000
9 8 9 0 -0.0000000
9 8 9 1 -0.0000000
9 8 9 2 0.0042370
9 8 9 3 0.0000000
9 8 9 4 0.0000000
9 8 9 5 -0.0000000
9 8 9 6 -0.0036726
9 8 9 7 0.0000000
9 8 9 8 0.0145315
9 8 9 9 -0.0000000
9 9 0 0 0.3431416
9 9 1 0 0.0035144
9 9 1 1 0.5294232
9 9 2 0 -0.0000000
9 9 2 1 -0.0000000
9 9 2 2 0.3730849
9 9 3 0 0.0039654
9 9 3 1 0.1451337
9 9 3 2 -0.0000000
9 9 3 3 0.4242435
9 9 4 0 -0.0031459
9 9 4 1 0.1570327
9 9 4 2 -0.0000000
9 9 4 3 0.1937749
9 9 4 4 0.5737729
9 9 5 0 -0.0084185
9 9 5 1 0.1007924
9 9 5 2 -0.0000000
9 9 5 3 0.1214330
9 9 5 4 0.1502466
9 9 5 5 0.5098423
9 9 6 0 0.0000000
9 9 6 1 -0.0000000
9 9 6 2 -0.0548965
9 9 6 3 -0.0000000
9 9 6 4 -0.0000000
9 9 6 5 -0.0000000
9 9 6 6 0.3624847
9 9 7 0 0.0020489
9 9 7 1 0.0085471
9 9 7 2 0.0000000
9 9 7 3 -0.0463214
9 9 7 4 0.0019539
9 9 7 5 0.0186202
9 9 7 6 -0.0000000
9 9 7 7 0.6182420
9 9 8 0 -0.0000000
9 9 8 1 -0.0000000
9 9 8 2 0.1091092
9 9 8 3 0.0000000
9 9 8 4 0.0000000
9 9 8 5 -0.0000000
9 9 8 6 -0.0894444
9 9 8 7 -0.0000000
9 9 8 8 0.8416887
9 9 9 0 0.0027390
9 9 9 1 -0.0267629
9 9 9 2 0.0000000
9 9 9 3 -0.0827874
9 9 9 4 -0.1547624
9 9 9 5 -0.0647276
9 9 9 6 0.0000000
9 9 9 7 -0.0149381
9 9 9 8 -0.0000000
9 9 9 9 3.4993861
10 0 0 0 0.0251000
10 0 1 0 -0.0009207
10 0 1 1 0.0024037
10 0 2 0 -0.0000000
10 0 2 1 0.0000000
10 0 2 2 0.0012643
10 0 3 0 0.0010047
10 0 3 1 -0.0016013
10 0 3 2 -0.0000000
10 0 3 3 0.0025475
10 0 4 0 -0.0006936
10 0 4 1 0.0005711
10 0 4 2 0.0000000
10 0 4 3 -0.0012219
10 0 4 4 0.0010858
10 0 5 0 0.0014791
10 0 5 1 -0.0021716
10 0 5 2 0.0000000
10 0 5 3 0.0011847
10 0 5 4 -0.0009741
10 0 5 5 0.0027618
10 0 6 0 -0.0000000
10 0 6 1 0.0000000
10 0 6 2 0.0004620
10 0 6 3 -0.0000000
10 0 6 4 0.0000000
10 0 6 5 -0.0000000
10 0 6 6 0.0011001
10 0 7 0 0.0027183
10 0 7 1 0.0003633
10 0 7 2 0.0000000
10 0 7 3 -0.0005403
10 0 7 4 0.0003603
10 0 7 5 -0.0007797
10 0 7 6 0.0000000
10 0 7 7 -0.0012122
10 0 8 0 0.0000000
10 0 8 1 0.0000000
10 0 8 2 -0.0003529
10 0 8 3 -0.0000000
10 0 8 4 -0.0000000
10 0 8 5 0.0000000
10 0 8 6 0.0001910
10 0 8 7 -0.0000000
10 0 8 8 -0.0006602
10 0 9 0 -0.0000359
10 0 9 1 -0.0000577
10 0 9 2 -0.0000000
10 0 9 3 0.0000201
10 0 9 4 0.0000169
10 0 9 5 0.0000231
10 0 9 6 -0.0000000
10 0 9 7 0.0000115
10 0 9 8 -0.0000000
10 0 9 9 -0.0008058
10 0 10 0 0.0006755
10 0 10 1 0.0005168
10 0 10 2 0.0000000
10 0 10 3 -0.0001075
10 0 10 4 0.0001693
10 0 10 5 -0.0001041
10 0 10 6 0.0000000
10 0 10 7 0.0000167
10 0 10 8 -0.0000000
10 0 10 9 -0.0000061
10 0 10 10 -0.0010815
10 1 0 0 0.0343632
10 1 1 0 0.0009135
10 1 1 1 0.0329227
10 1 2 0 0.0000000
10 1 2 1 0.0000000
10 1 2 2 0.0262823
10 1 3 0 -0.0006301
10 1 3 1 -0.0057980
10 1 3 2 -0.0000000
10 1 3 3 0.0267306
10 1 4 0 0.0003444
10 1 4 1 -0.0019414
10 1 4 2 0.0000000
10 1 4 3 -0.0031370
10 1 4 4 0.0256278
10 1 5 0 -0.0010833
10 1 5 1 -0.0114930
10 1 5 2 0.0000000
10 1 5 3 -0.0000886
10 1 5 4 -0.0076092
10 1 5 5 0.0272875
10 1 6 0 0.0000000
10 1 6 1 0.0000000
10 1 6 2 0.0004504
10 1 6 3 -0.0000000
10 1 6 4 0.0000000
10 1 6 5 -0.0000000
10 1 6 6 0.0265307
10 1 7 0 0.0009004
10 1 7 1 -0.0014301
10 1 7 2 0.0000000
10 1 7 3 -0.0009479
10 1 7 4 -0.0009660
10 1 7 5 -0.0051483
10 1 7 6 0.0000000
10 1 7 7 -0.0013366
10 1 8 0 0.0000000
10 1 8 1 0.0000000
10 1 8 2 -0.0118743
10 1 8 3 -0.0000000
10 1 8 4 -0.0000000
10 1 8 5 0.0000000
10 1 8 6 0.0095523
10 1 8 7 -0.0000000
10 1 8 8 -0.0106025
10 1 9 0 -0.0001200
10 1 9 1 -0.0007645
10 1 9 2 -0.0000000
10 1 9 3 0.0019760
10 1 9 4 0.0041776
10 1 9 5 0.0015583
10 1 9 6 -0.0000000
10 1 9 7 0.0003053
10 1 9 8 -0.0000000
10 1 9 9 -0.0416052
10 1 10 0 0.0005168
10 1 10 1 0.0243673
10 1 10 2 -0.0000000
10 1 10 3 0.0126614
10 1 10 4 0.0141054
10 1 10 5 0.0181892
10 1 10 6 -0.0000000
10 1 10 7 0.0008728
10 1 10 8 -0.0000000
10 1 10 9 -0.0000525
10 1 10 10 -0.0555494
10 2 0 0 -0.0000000
10 2 1 0 0.0000000
10 2 1 1 -0.0000000
10 2 2 0 -0.0006502
10 2 2 1 0.0002952
10 2 2 2 -0.0000000
10 2 3 0 -0.0000000
10 2 3 1 -0.0000000
10 2 3 2 0.0007002
10 2 3 3 -0.0000000
10 2 4 0 0.0000000
10 2 4 1 -0.0000000
10 2 4 2 -0.0006812
10 2 4 3 -0.0000000
10 2 4 4 -0.0000000
10 2 5 0 -0.0000000
10 2 5 1 -0.0000000
10 2 5 2 0.0016100
10 2 5 3 0.0000000
10 2 5 4 0.0000000
10 2 5 5 -0.0000000
10 2 6 0 -0.0009793
10 2 6 1 -0.0016355
10 2 6 2 -0.0000000
10 2 6 3 0.0018148
10 2 6 4 0.0005301
10 2 6 5 -0.0004024
10 2 6 6 0.0000000
10 2 7 0 0.0000000
10 2 7 1 0.0000000
10 2 7 2 0.0032637
10 2 7 3 0.0000000
10 2 7 4 0.0000000
10 2 7 5 0.0000000
10 2 7 6 0.0032153
10 2 7 7 -0.0000000
10 2 8 0 -0.0000881
10 2 8 1 0.0005380
10 2 8 2 -0.0000000
10 2 8 3 0.0026961
10 2 8 4 0.0046186
10 2 8 5 0.0028627
10 2 8 6 -0.0000000
10 2 8 7 0.0006855
10 2 8 8 -0.0000000
10 2 9 0 -0.0000000
10 2 9 1 -0.0000000
10 2 9 2 0.0004690
10 2 9 3 -0.0000000
10 2 9 4 -0.0000000
10 2 9 5 -0.0000000
10 2 9 6 -0.0005612
10 2 9 7 0.0000000
10 2 9 8 0.0009269
10 2 9 9 0.0000000
10 2 10 0 0.0000000
10 2 10 1 -0.0000000
10 2 10 2 0.0070631
10 2 10 3 -0.0000000
10 2 10 4 -0.0000000
10 2 10 5 -0.0000000
10 2 10 6 -0.0042676
10 2 10 7 0.0000000
10 2 10 8 0.0231840
10 2 10 9 -0.0000000
10 2 10 10 0.0000000
10 3 0 0 0.0100666
10 3 1 0 -0.0006382
10 3 1 1 0.0118585
10 3 2 0 -0.0000000
10 3 2 1 -0.0000000
10 3 2 2 0.0087919
10 3 3 0 -0.0000078
10 3 3 1 0.0047068
10 3 3 2 0.0000000
10 3 3 3 0.0119214
10 3 4 0 0.0000091
10 3 4 1 0.0029753
10 3 4 2 -0.0000000
10 3 4 3 0.0037061
10 3 4 4 0.0151893
10 3 5 0 0.0011456
10 3 5 1 0.0016520
10 3 5 2 0.0000000
10 3 5 3 -0.0006542
10 3 5 4 0.0038045
10 3 5 5 0.0089874
10 3 6 0 -0.0000000
10 3 6 1 -0.0000000
10 3 6 2 0.0013053
10 3 6 3 0.0000000
10 3 6 4 -0.0000000
10 3 6 5 0.0000000
10 3 6 6 0.0102613
10 3 7 0 -0.0004842
10 3 7 1 -0.0020482
10 3 7 2 0.0000000
10 3 7 3 0.0011967
10 3 7 4 -0.0060671
10 3 7 5 -0.0034686
10 3 7 6 0.0000000
10 3 7 7 0.0089248
10 3 8 0 0.0000000
10 3 8 1 0.0000000
10 3 8 2 -0.0023753
10 3 8 3 0.0000000
10 3 8 4 0.0000000
10 3 8 5 0.0000000
10 3 8 6 0.0022709
10 3 8 7 0.0000000
10 3 8 8 0.0072889
10 3 9 0 -0.0000300
10 3 9 1 0.0004519
10 3 9 2 -0.0000000
10 3 9 3 0.0015969
10 3 9 4 0.0029730
10 3 9 5 0.0014699
10 3 9 6 -0.0000000
10 3 9 7 -0.0001982
10 3 9 8 0.0000000
10 3 9 9 -0.0058279
10 3 10 0 -0.0001075
10 3 10 1 0.0126614
10 3 10 2 -0.0000000
10 3 10 3 0.0116603
10 3 10 4 0.0115700
10 3 10 5 0.0119052
10 3 10 6 -0.0000000
10 3 10 7 -0.0107802
10 3 10 8 0.0000000
10 3 10 9 0.0014751
10 3 10 10 -0.0160736
10 4 0 0 0.0135047
10 4 1 0 0.0009502
10 4 1 1 0.0251265
10 4 2 0 0.0000000
10 4 2 1 0.0000000
10 4 2 2 0.0103471
10 4 3 0 0.0003152
10 4 3 1 0.0070831
10 4 3 2 -0.0000000
10 4 3 3 0.0164263
10 4 4 0 -0.0002668
10 4 4 1 0.0113846
10 4 4 2 -0.0000000
10 4 4 3 0.0105238
10 4 4 4 0.0216153
10 4 5 0 -0.0017984
10 4 5 1 -0.0022774
10 4 5 2 -0.0000000
10 4 5 3 0.0071141
10 4 5 4 0.0065659
10 4 5 5 0.0204863
10 4 6 0 0.0000000
10 4 6 1 0.0000000
10 4 6 2 0.0003936
10 4 6 3 -0.0000000
10 4 6 4 -0.0000000
10 4 6 5 -0.0000000
10 4 6 6 0.0080367
10 4 7 0 0.0006609
10 4 7 1 -0.0017811
10 4 7 2 0.0000000
10 4 7 3 -0.0065886
10 4 7 4 -0.0025792
10 4 7 5 -0.0010161
10 4 7 6 0.0000000
10 4 7 7 0.0176913
10 4 8 0 -0.0000000
10 4 8 1 -0.0000000
10 4 8 2 0.0006369
10 4 8 3 0.0000000
10 4 8 4 0.0000000
10 4 8 5 -0.0000000
10 4 8 6 -0.0008359
10 4 8 7 0.0000000
10 4 8 8 0.0229086
10 4 9 0 -0.0000409
10 4 9 1 0.0010972
10 4 9 2 -0.0000000
10 4 9 3 0.0022452
10 4 9 4 0.0036701
10 4 9 5 0.0024062
10 4 9 6 -0.0000000
10 4 9 7 -0.0001910
10 4 9 8 0.0000000
10 4 9 9 0.0128391
10 4 10 0 0.0001693
10 4 10 1 0.0141054
10 4 10 2 -0.0000000
10 4 10 3 0.0115700
10 4 10 4 0.0157794
10 4 10 5 0.0133494
10 4 10 6 -0.0000000
10 4 10 7 -0.0112707
10 4 10 8 0.0000000
10 4 10 9 0.0029513
10 4 10 10 -0.0042286
10 5 0 0 0.0107225
10 5 1 0 -0.0002698
10 5 1 1 0.0157023
10 5 2 0 -0.0000000
10 5 2 1 -0.0000000
10 5 2 2 0.0143480
10 5 3 0 0.0018144
10 5 3 1 0.0046923
10 5 3 2 0.0000000
10 5 3 3 0.0060960
10 5 4 0 -0.0010719
10 5 4 1 -0.0035397
10 5 4 2 0.0000000
10 5 4 3 0.0069726
10 5 4 4 0.0163754
10 5 5 0 -0.0007553
10 5 5 1 0.0002231
10 5 5 2 -0.0000000
10 5 5 3 -0.0029627
10 5 5 4 -0.0025455
10 5 5 5 0.0143728
10 5 6 0 -0.0000000
10 5 6 1 0.0000000
10 5 6 2 -0.0038033
10 5 6 3 0.0000000
10 5 6 4 -0.0000000
10 5 6 5 0.0000000
10 5 6 6 0.0152886
10 5 7 0 -0.0008669
10 5 7 1 -0.0039479
10 5 7 2 0.0000000
10 5 7 3 -0.0013256
10 5 7 4 0.0007313
10 5 7 5 0.0035645
10 5 7 6 0.0000000
10 5 7 7 0.0031160
10 5 8 0 0.0000000
10 5 8 1 0.0000000
10 5 8 2 -0.0067691
10 5 8 3 -0.0000000
10 5 8 4 -0.0000000
10 5 8 5 0.0000000
10 5 8 6 0.0062405
10 5 8 7 -0.0000000
10 5 8 8 0.0028476
10 5 9 0 -0.0000537
10 5 9 1 0.0001492
10 5 9 2 -0.0000000
10 5 9 3 0.0020348
10 5 9 4 0.0042465
10 5 9 5 0.0016419
10 5 9 6 -0.0000000
10 5 9 7 0.0001670
10 5 9 8 -0.0000000
10 5 9 9 -0.0298965
10 5 10 0 -0.0001041
10 5 10 1 0.0181892
10 5 10 2 -0.0000000
10 5 10 3 0.0119052
10 5 10 4 0.0133494
10 5 10 5 0.0189173
10 5 10 6 -0.0000000
10 5 10 7 -0.0005436
10 5 10 8 -0.0000000
10 5 10 9 -0.0003902
10 5 10 10 -0.0401889
10 6 0 0 -0.0000000
10 6 1 0 0.0000000
10 6 1 1 -0.0000000
10 6 2 0 -0.0013016
10 6 2 1 -0.0082239
10 6 2 2 -0.0000000
10 6 3 0 -0.0000000
10 6 3 1 -0.0000000
10 6 3 2 0.0047456
10 6 3 3 -0.0000000
10 6 4 0 0.0000000
10 6 4 1 0.0000000
10 6 4 2 0.0059733
10 6 4 3 -0.0000000
10 6 4 4 -0.0000000
10 6 5 0 -0.0000000
10 6 5 1 0.0000000
10 6 5 2 -0.0017758
10 6 5 3 0.0000000
10 6 5 4 -0.0000000
10 6 5 5 0.0000000
10 6 6 0 -0.0019672
10 6 6 1 0.0030681
10 6 6 2 0.0000000
10 6 6 3 0.0020995
10 6 6 4 -0.0080666
10 6 6 5 0.0067812
10 6 6 6 -0.0000000
10 6 7 0 0.0000000
10 6 7 1 0.0000000
10 6 7 2 0.0043546
10 6 7 3 0.0000000
10 6 7 4 -0.0000000
10 6 7 5 0.0000000
10 6 7 6 0.0047101
10 6 7 7 -0.0000000
10 6 8 0 0.0000973
10 6 8 1 0.0029656
10 6 8 2 0.0000000
10 6 8 3 -0.0011693
10 6 8 4 -0.0043655
10 6 8 5 0.0003672
10 6 8 6 -0.0000000
10 6 8 7 -0.0013430
10 6 8 8 -0.0000000
10 6 9 0 0.0000000
10 6 9 1 -0.0000000
10 6 9 2 -0.0002940
10 6 9 3 -0.0000000
10 6 9 4 -0.0000000
10 6 9 5 -0.0000000
10 6 9 6 0.0002670
10 6 9 7 -0.0000000
10 6 9 8 -0.0014172
10 6 9 9 0.0000000
10 6 10 0 0.0000000
10 6 10 1 -0.0000000
10 6 10 2 -0.0042676
10 6 10 3 -0.0000000
10 6 10 4 -0.0000000
10 6 10 5 -0.0000000
10 6 10 6 0.0056098
10 6 10 7 0.0000000
10 6 10 8 -0.0152716
10 6 10 9 0.0000000
10 6 10 10 0.0000000
10 7 0 0 0.0551881
10 7 1 0 -0.0024963
10 7 1 1 -0.0092087
10 7 2 0 -0.0000000
10 7 2 1 0.0000000
10 7 2 2 0.0114970
10 7 3 0 0.0017537
10 7 3 1 -0.0058293
10 7 3 2 0.0000000
10 7 3 3 0.0119727
10 7 4 0 -0.0008557
10 7 4 1 -0.0080354
10 7 4 2 -0.0000000
10 7 4 3 -0.0231216
10 7 4 4 -0.0106226
10 7 5 0 0.0029859
10 7 5 1 -0.0180735
10 7 5 2 0.0000000
10 7 5 3 -0.0162169
10 7 5 4 -0.0010740
10 7 5 5 0.0075857
10 7 6 0 -0.0000000
10 7 6 1 0.0000000
10 7 6 2 0.0229212
10 7 6 3 0.0000000
10 7 6 4 -0.0000000
10 7 6 5 0.0000000
10 7 6 6 0.0152064
10 7 7 0 -0.0023917
10 7 7 1 0.0047127
10 7 7 2 -0.0000000
10 7 7 3 0.0184551
10 7 7 4 0.0188764
10 7 7 5 0.0135943
10 7 7 6 -0.0000000
10 7 7 7 0.0054839
10 7 8 0 0.0000000
10 7 8 1 0.0000000
10 7 8 2 -0.0057228
10 7 8 3 -0.0000000
10 7 8 4 -0.0000000
10 7 8 5 0.0000000
10 7 8 6 0.0005886
10 7 8 7 -0.0000000
10 7 8 8 -0.0340621
10 7 9 0 -0.0000873
10 7 9 1 -0.0000047
10 7 9 2 -0.0000000
10 7 9 3 0.0002838
10 7 9 4 0.0013200
10 7 9 5 0.0007369
10 7 9 6 -0.0000000
10 7 9 7 0.0002960
10 7 9 8 0.0000000
10 7 9 9 -0.0632203
10 7 10 0 0.0000167
10 7 10 1 0.0008728
10 7 10 2 0.0000000
10 7 10 3 -0.0107802
10 7 10 4 -0.0112707
10 7 10 5 -0.0005436
10 7 10 6 0.0000000
10 7 10 7 0.0750992
10 7 10 8 0.0000000
10 7 10 9 -0.0038251
10 7 10 10 -0.0676360
10 8 0 0 -0.0000000
10 8 1 0 0.0000000
10 8 1 1 0.0000000
10 8 2 0 -0.0010468
10 8 2 1 -0.0253567
10 8 2 2 -0.0000000
10 8 3 0 -0.0000000
10 8 3 1 -0.0000000
10 8 3 2 0.0088059
10 8 3 3 0.0000000
10 8 4 0 0.0000000
10 8 4 1 -0.0000000
10 8 4 2 0.0255685
10 8 4 3 0.0000000
10 8 4 4 0.0000000
10 8 5 0 -0.0000000
10 8 5 1 0.0000000
10 8 5 2 -0.0080476
10 8 5 3 -0.0000000
10 8 5 4 -0.0000000
10 8 5 5 0.0000000
10 8 6 0 -0.0012897
10 8 6 1 0.0178682
10 8 6 2 0.0000000
10 8 6 3 -0.0021215
10 8 6 4 -0.0278468
10 8 6 5 0.0205958
10 8 6 6 -0.0000000
10 8 7 0 -0.0000000
10 8 7 1 -0.0000000
10 8 7 2 0.0049170
10 8 7 3 0.0000000
10 8 7 4 0.0000000
10 8 7 5 -0.0000000
10 8 7 6 -0.0012791
10 8 7 7 -0.0000000
10 8 8 0 -0.0004882
10 8 8 1 0.0234135
10 8 8 2 -0.0000000
10 8 8 3 0.0184983
10 8 8 4 0.0183297
10 8 8 5 0.0307297
10 8 8 6 -0.0000000
10 8 8 7 -0.0012068
10 8 8 8 -0.0000000
10 8 9 0 -0.0000000
10 8 9 1 -0.0000000
10 8 9 2 0.0025837
10 8 9 3 0.0000000
10 8 9 4 0.0000000
10 8 9 5 -0.0000000
10 8 9 6 -0.0032564
10 8 9 7 0.0000000
10 8 9 8 -0.0000316
10 8 9 9 -0.0000000
10 8 10 0 -0.0000000
10 8 10 1 -0.0000000
10 8 10 2 0.0231840
10 8 10 3 0.0000000
10 8 10 4 0.0000000
10 8 10 5 -0.0000000
10 8 10 6 -0.0152716
10 8 10 7 0.0000000
10 8 10 8 0.1090353
10 8 10 9 0.0000000
10 8 10 10 0.0000000
10 9 0 0 0.0125061
10 9 1 0 0.0002111
10 9 1 1 0.0260535
10 9 2 0 -0.0000000
10 9 2 1 -0.0000000
10 9 2 2 0.0136816
10 9 3 0 0.0003109
10 9 3 1 0.0131822
10 9 3 2 -0.0000000
10 9 3 3 0.0211277
10 9 4 0 -0.0002820
10 9 4 1 0.0158522
10 9 4 2 -0.0000000
10 9 4 3 0.0177545
10 9 4 4 0.0339850
10 9 5 0 -0.0006067
10 9 5 1 0.0079756
10 9 5 2 -0.0000000
10 9 5 3 0.0107971
10 9 5 4 0.0161118
10 9 5 5 0.0256796
10 9 6 0 0.0000000
10 9 6 1 -0.0000000
10 9 6 2 -0.0027685
10 9 6 3 -0.0000000
10 9 6 4 -0.0000000
10 9 6 5 -0.0000000
10 9 6 6 0.0123850
10 9 7 0 0.0001058
10 9 7 1 0.0009481
10 9 7 2 0.0000000
10 9 7 3 -0.0030935
10 9 7 4 0.0000814
10 9 7 5 0.0018470
10 9 7 6 -0.0000000
10 9 7 7 0.0335518
10 9 8 0 -0.0000000
10 9 8 1 -0.0000000
10 9 8 2 0.0096443
10 9 8 3 0.0000000
10 9 8 4 0.0000000
10 9 8 5 -0.0000000
10 9 8 6 -0.0088468
10 9 8 7 -0.0000000
10 9 8 8 0.0496116
10 9 9 0 0.0002722
10 9 9 1 -0.0054952
10 9 9 2 0.0000000
10 9 9 3 -0.0105575
10 9 9 4 -0.0188958
10 9 9 5 -0.0095837
10 9 9 6 0.0000000
10 9 9 7 -0.0036628
10 9 9 8 -0.0000000
10 9 9 9 0.3648289
10 9 10 0 -0.0000061
10 9 10 1 -0.0000525
10 9 10 2 -0.0000000
10 9 10 3 0.0014751
10 9 10 4 0.0029513
10 9 10 5 -0.0003902
10 9 10 6 0.0000000
10 9 10 7 -0.0038251
10 9 10 8 0.0000000
10 9 10 9 0.0530069
10 9 10 10 0.0389063
10 10 0 0 0.2902884
10 10 1 0 0.0021301
10 10 1 1 0.3970116
10 10 2 0 -0.0000000
10 10 2 1 -0.0000000
10 10 2 2 0.3095553
10 10 3 0 0.0024098
10 10 3 1 0.0719417
10 10 3 2 -0.0000000
10 10 3 3 0.3180821
10 10 4 0 -0.0016731
10 10 4 1 0.0696144
10 10 4 2 -0.0000000
10 10 4 3 0.0933964
10 10 4 4 0.3909362
10 10 5 0 -0.0046847
10 10 5 1 0.0573865
10 10 5 2 -0.0000000
10 10 5 3 0.0628440
10 10 5 4 0.0618102
10 10 5 5 0.3806685
10 10 6 0 0.0000000
10 10 6 1 -0.0000000
10 10 6 2 -0.0398455
10 10 6 3 -0.0000000
10 10 6 4 -0.0000000
10 10 6 5 -0.0000000
10 10 6 6 0.3060677
10 10 7 0 0.0014436
10 10 7 1 0.0005366
10 10 7 2 0.0000000
10 10 7 3 -0.0380489
10 10 7 4 -0.0105146
10 10 7 5 0.0032850
10 10 7 6 -0.0000000
10 10 7 7 0.4644443
10 10 8 0 -0.0000000
10 10 8 1 -0.0000000
10 10 8 2 0.0661186
10 10 8 3 0.0000000
10 10 8 4 0.0000000
10 10 8 5 -0.0000000
10 10 8 6 -0.0493135
10 10 8 7 -0.0000000
10 10 8 8 0.6110801
10 10 9 0 0.0005273
10 10 9 1 0.0029178
10 10 9 2 0.0000000
10 10 9 3 -0.0072005
10 10 9 4 -0.0164417
10 10 9 5 -0.0044959
10 10 9 6 0.0000000
10 10 9 7 -0.0004443
10 10 9 8 -0.0000000
10 10 9 9 0.8412154
10 10 10 0 -0.0010815
10 10 10 1 -0.0555494
10 10 10 2 0.0000000
10 10 10 3 -0.0160736
10 10 10 4 -0.0042286
10 10 10 5 -0.0401889
10 10 10 6 0.0000000
10 10 10 7 -0.0676360
10 10 10 8 0.0000000
10 10 10 9 0.0389063
10 10 10 10 0.7072817
11 0 0 0 -0.0814032
11 0 1 0 0.0031817
11 0 1 1 -0.0064198
11 0 2 0 0.0000000
11 0 2 1 -0.0000000
11 0 2 2 -0.0007799
11 0 3 0 -0.0031691
11 0 3 1 0.0051925
11 0 3 2 0.0000000
11 0 3 3 -0.0054461
11 0 4 0 0.0022724
11 0 4 1 -0.0027767
11 0 4 2 -0.0000000
11 0 4 3 0.0021186
11 0 4 4 -0.0027124
11 0 5 0 -0.0055401
11 0 5 1 0.0046582
11 0 5 2 0.0000000
11 0 5 3 -0.0063133
11 0 5 4 0.0036457
11 0 5 5 -0.0053883
11 0 6 0 0.0000000
11 0 6 1 -0.0000000
11 0 6 2 0.0016683
11 0 6 3 0.0000000
11 0 6 4 -0.0000000
11 0 6 5 0.0000000
11 0 6 6 0.0006614
11 0 7 0 -0.0111508
11 0 7 1 -0.0014374
11 0 7 2 -0.0000000
11 0 7 3 0.0026363
11 0 7 4 -0.0012071
11 0 7 5 0.0034732
11 0 7 6 -0.0000000
11 0 7 7 0.0064586
11 0 8 0 -0.0000000
11 0 8 1 -0.0000000
11 0 8 2 0.0001552
11 0 8 3 0.0000000
11 0 8 4 0.0000000
11 0 8 5 -0.0000000
11 0 8 6 -0.0002305
11 0 8 7 -0.0000000
11 0 8 8 -0.0008649
11 0 9 0 0.0001216
11 0 9 1 0.0000898
11 0 9 2 0.0000000
11 0 9 3 -0.0000689
11 0 9 4 0.0000132
11 0 9 5 -0.0000593
11 0 9 6 0.0000000
11 0 9 7 -0.0000477
11 0 9 8 0.0000000
11 0 9 9 -0.0008069
11 0 10 0 -0.0026948
11 0 10 1 -0.0010690
11 0 10 2 -0.0000000
11 0 10 3 0.0005301
11 0 10 4 -0.0006146
11 0 10 5 0.0008898
11 0 10 6 -0.0000000
11 0 10 7 0.0020215
11 0 10 8 -0.0000000
11 0 10 9 0.0000023
11 0 10 10 -0.0005734
11 0 11 0 0.0110544
11 0 11 1 0.0031843
11 0 11 2 0.0000000
11 0 11 3 -0.0021527
11 0 11 4 0.0019449
11 0 11 5 -0.0038968
11 0 11 6 0.0000000
11 0 11 7 -0.0071518
11 0 11 8 -0.0000000
11 0 11 9 -0.0000723
11 0 11 10 -0.0010740
11 0 11 11 0.0067978
11 1 0 0 -0.0085884
11 1 1 0 -0.0016780
11 1 1 1 -0.0052353
11 1 2 0 -0.0000000
11 1 2 1 -0.0000000
11 1 2 2 0.0017987
11 1 3 0 0.0046979
11 1 3 1 0.0215260
11 1 3 2 0.0000000
11 1 3 3 -0.0147082
11 1 4 0 -0.0026542
11 1 4 1 -0.0033009
11 1 4 2 -0.0000000
11 1 4 3 0.0139435
11 1 4 4 0.0002486
11 1 5 0 -0.0002203
11 1 5 1 0.0071749
11 1 5 2 0.0000000
11 1 5 3 -0.0114547
11 1 5 4 0.0086554
11 1 5 5 0.0026431
11 1 6 0 -0.0000000
11 1 6 1 -0.0000000
11 1 6 2 0.0013148
11 1 6 3 0.0000000
11 1 6 4 -0.0000000
11 1 6 5 -0.0000000
11 1 6 6 0.0002483
11 1 7 0 -0.0029954
11 1 7 1 0.0006626
11 1 7 2 -0.0000000
11 1 7 3 0.0092147
11 1 7 4 0.0136744
11 1 7 5 0.0232059
11 1 7 6 -0.0000000
11 1 7 7 0.0119711
11 1 8 0 -0.0000000
11 1 8 1 0.0000000
11 1 8 2 0.0000750
11 1 8 3 -0.0000000
11 1 8 4 0.0000000
11 1 8 5 -0.0000000
11 1 8 6 -0.0016775
11 1 8 7 -0.0000000
11 1 8 8 0.0084351
11 1 9 0 0.0000503
11 1 9 1 0.0008112
11 1 9 2 0.0000000
11 1 9 3 0.0000911
11 1 9 4 0.0009759
11 1 9 5 0.0005620
11 1 9 6 -0.0000000
11 1 9 7 0.0004967
11 1 9 8 -0.0000000
11 1 9 9 0.0082336
11 1 10 0 -0.0007800
11 1 10 1 -0.0030186
11 1 10 2 -0.0000000
11 1 10 3 0.0006534
11 1 10 4 0.0002386
11 1 10 5 0.0064468
11 1 10 6 -0.0000000
11 1 10 7 0.0130566
11 1 10 8 -0.0000000
11 1 10 9 0.0020443
11 1 10 10 -0.0106633
11 1 11 0 0.0031843
11 1 11 1 0.0290838
11 1 11 2 -0.0000000
11 1 11 3 0.0106191
11 1 11 4 0.0122804
11 1 11 5 -0.0097323
11 1 11 6 0.0000000
11 1 11 7 0.0000819
11 1 11 8 -0.0000000
11 1 11 9 0.0000802
11 1 11 10 0.0073056
11 1 11 11 0.0202024
11 2 0 0 -0.0000000
11 2 1 0 -0.0000000
11 2 1 1 -0.0000000
11 2 2 0 0.0043731
11 2 2 1 0.0162741
11 2 2 2 0.0000000
11 2 3 0 0.0000000
11 2 3 1 0.0000000
11 2 3 2 -0.0105311
11 2 3 3 -0.0000000
11 2 4 0 -0.0000000
11 2 4 1 -0.0000000
11 2 4 2 -0.0090225
11 2 4 3 0.0000000
11 2 4 4 -0.0000000
11 2 5 0 0.0000000
11 2 5 1 0.0000000
11 2 5 2 -0.0034300
11 2 5 3 -0.0000000
11 2 5 4 0.0000000
11 2 5 5 -0.0000000
11 2 6 0 0.0065360
11 2 6 1 0.0016721
11 2 6 2 0.0000000
11 2 6 3 -0.0088083
11 2 6 4 0.0109994
11 2 6 5 -0.0117905
11 2 6 6 0.0000000
11 2 7 0 -0.0000000
11 2 7 1 -0.0000000
11 2 7 2 -0.0156425
11 2 7 3 -0.0000000
11 2 7 4 0.0000000
11 2 7 5 -0.0000000
11 2 7 6 -0.0181456
11 2 7 7 0.0000000
11 2 8 0 -0.0001319
11 2 8 1 -0.0039086
11 2 8 2 0.0000000
11 2 8 3 -0.0005284
11 2 8 4 0.0027401
11 2 8 5 -0.0005119
11 2 8 6 0.0000000
11 2 8 7 0.0036921
11 2 8 8 -0.0000000
11 2 9 0 0.0000000
11 2 9 1 0.0000000
11 2 9 2 -0.0000476
11 2 9 3 -0.0000000
11 2 9 4 -0.0000000
11 2 9 5 0.0000000
11 2 9 6 0.0000636
11 2 9 7 -0.0000000
11 2 9 8 0.0005446
11 2 9 9 0.0000000
11 2 10 0 -0.0000000
11 2 10 1 -0.0000000
11 2 10 2 -0.0019837
11 2 10 3 -0.0000000
11 2 10 4 0.0000000
11 2 10 5 -0.0000000
11 2 10 6 -0.0054279
11 2 10 7 -0.0000000
11 2 10 8 0.0037956
11 2 10 9 0.0000000
11 2 10 10 0.0000000
11 2 11 0 0.0000000
11 2 11 1 -0.0000000
11 2 11 2 0.0190584
11 2 11 3 0.0000000
11 2 11 4 -0.0000000
11 2 11 5 0.0000000
11 2 11 6 0.0166264
11 2 11 7 -0.0000000
11 2 11 8 0.0009586
11 2 11 9 -0.0000000
11 2 11 10 -0.0000000
11 2 11 11 -0.0000000
11 3 0 0 0.0190929
11 3 1 0 0.0036406
11 3 1 1 0.0335926
11 3 2 0 0.0000000
11 3 2 1 0.0000000
11 3 2 2 0.0128655
11 3 3 0 0.0021546
11 3 3 1 0.0018425
11 3 3 2 -0.0000000
11 3 3 3 0.0078520
11 3 4 0 -0.0013668
11 3 4 1 0.0054051
11 3 4 2 -0.0000000
11 3 4 3 0.0094811
11 3 4 4 0.0129001
11 3 5 0 -0.0077144
11 3 5 1 -0.0152739
11 3 5 2 -0.0000000
11 3 5 3 0.0078679
11 3 5 4 -0.0057960
11 3 5 5 0.0334133
11 3 6 0 0.0000000
11 3 6 1 0.0000000
11 3 6 2 -0.0055862
11 3 6 3 -0.0000000
11 3 6 4 0.0000000
11 3 6 5 -0.0000000
11 3 6 6 0.0058192
11 3 7 0 0.0020806
11 3 7 1 0.0048879
11 3 7 2 -0.0000000
11 3 7 3 -0.0109174
11 3 7 4 0.0198599
11 3 7 5 0.0155233
11 3 7 6 -0.0000000
11 3 7 7 0.0015779
11 3 8 0 -0.0000000
11 3 8 1 -0.0000000
11 3 8 2 -0.0035767
11 3 8 3 -0.0000000
11 3 8 4 0.0000000
11 3 8 5 0.0000000
11 3 8 6 0.0013909
11 3 8 7 0.0000000
11 3 8 8 0.0093936
11 3 9 0 -0.0000645
11 3 9 1 -0.0000778
11 3 9 2 -0.0000000
11 3 9 3 0.0006379
11 3 9 4 0.0013454
11 3 9 5 0.0009659
11 3 9 6 -0.0000000
11 3 9 7 0.0010334
11 3 9 8 0.0000000
11 3 9 9 -0.0009954
11 3 10 0 0.0006718
11 3 10 1 0.0053420
11 3 10 2 -0.0000000
11 3 10 3 -0.0031006
11 3 10 4 0.0040095
11 3 10 5 0.0056783
11 3 10 6 -0.0000000
11 3 10 7 0.0075752
11 3 10 8 0.0000000
11 3 10 9 0.0001810
11 3 10 10 -0.0108869
11 3 11 0 -0.0021527
11 3 11 1 0.0106191
11 3 11 2 0.0000000
11 3 11 3 0.0284869
11 3 11 4 -0.0003975
11 3 11 5 -0.0039154
11 3 11 6 0.0000000
11 3 11 7 0.0066357
11 3 11 8 -0.0000000
11 3 11 9 0.0006075
11 3 11 10 0.0037290
11 3 11 11 0.0124111
11 4 0 0 0.0050339
11 4 1 0 -0.0025647
11 4 1 1 -0.0102959
11 4 2 0 -0.0000000
11 4 2 1 -0.0000000
11 4 2 2 -0.0041857
11 4 3 0 -0.0002087
11 4 3 1 0.0065477
11 4 3 2 0.0000000
11 4 3 3 0.0049684
11 4 4 0 0.0002592
11 4 4 1 0.0015999
11 4 4 2 0.0000000
11 4 4 3 -0.0047952
11 4 4 4 -0.0008194
11 4 5 0 0.0045548
11 4 5 1 0.0051882
11 4 5 2 0.0000000
11 4 5 3 -0.0083820
11 4 5 4 0.0085027
11 4 5 5 -0.0066394
11 4 6 0 -0.0000000
11 4 6 1 -0.0000000
11 4 6 2 0.0069584
11 4 6 3 0.0000000
11 4 6 4 -0.0000000
11 4 6 5 0.0000000
11 4 6 6 0.0008785
11 4 7 0 -0.0020075
11 4 7 1 0.0081662
11 4 7 2 0.0000000
11 4 7 3 0.0187436
11 4 7 4 0.0079644
11 4 7 5 0.0067124
11 4 7 6 -0.0000000
11 4 7 7 0.0098080
11 4 8 0 0.0000000
11 4 8 1 0.0000000
11 4 8 2 0.0014392
11 4 8 3 0.0000000
11 4 8 4 0.0000000
11 4 8 5 -0.0000000
11 4 8 6 -0.0017889
11 4 8 7 0.0000000
11 4 8 8 -0.0010733
11 4 9 0 0.0000226
11 4 9 1 0.0008750
11 4 9 2 0.0000000
11 4 9 3 0.0003099
11 4 9 4 0.0011092
11 4 9 5 0.0008510
11 4 9 6 -0.0000000
11 4 9 7 0.0014202
11 4 9 8 -0.0000000
11 4 9 9 -0.0044368
11 4 10 0 -0.0004183
11 4 10 1 0.0002059
11 4 10 2 0.0000000
11 4 10 3 0.0009080
11 4 10 4 -0.0023738
11 4 10 5 0.0013441
11 4 10 6 -0.0000000
11 4 10 7 0.0190199
11 4 10 8 0.0000000
11 4 10 9 0.0005761
11 4 10 10 -0.0180417
11 4 11 0 0.0019449
11 4 11 1 0.0122804
11 4 11 2 -0.0000000
11 4 11 3 -0.0003975
11 4 11 4 0.0195070
11 4 11 5 0.0092073
11 4 11 6 -0.0000000
11 4 11 7 -0.0031894
11 4 11 8 0.0000000
11 4 11 9 0.0010719
11 4 11 10 0.0091569
11 4 11 11 0.0155978
11 5 0 0 -0.0109711
11 5 1 0 0.0013566
11 5 1 1 -0.0011155
11 5 2 0 0.0000000
11 5 2 1 0.0000000
11 5 2 2 -0.0047976
11 5 3 0 -0.0077197
11 5 3 1 -0.0147682
11 5 3 2 -0.0000000
11 5 3 3 0.0169234
11 5 4 0 0.0045280
11 5 4 1 0.0055988
11 5 4 2 -0.0000000
11 5 4 3 -0.0132359
11 5 4 4 0.0049179
11 5 5 0 0.0024830
11 5 5 1 0.0020217
11 5 5 2 -0.0000000
11 5 5 3 0.0103999
11 5 5 4 -0.0038689
11 5 5 5 -0.0123367
11 5 6 0 0.0000000
11 5 6 1 0.0000000
11 5 6 2 -0.0022159
11 5 6 3 -0.0000000
11 5 6 4 0.0000000
11 5 6 5 -0.0000000
11 5 6 6 -0.0040153
11 5 7 0 0.0035647
11 5 7 1 0.0130562
11 5 7 2 -0.0000000
11 5 7 3 0.0107978
11 5 7 4 0.0021724
11 5 7 5 -0.0155588
11 5 7 6 -0.0000000
11 5 7 7 -0.0121751
11 5 8 0 -0.0000000
11 5 8 1 -0.0000000
11 5 8 2 0.0005386
11 5 8 3 -0.0000000
11 5 8 4 -0.0000000
11 5 8 5 -0.0000000
11 5 8 6 0.0005773
11 5 8 7 -0.0000000
11 5 8 8 -0.0033828
11 5 9 0 -0.0000244
11 5 9 1 0.0002359
11 5 9 2 -0.0000000
11 5 9 3 0.0004536
11 5 9 4 0.0007318
11 5 9 5 0.0005771
11 5 9 6 -0.0000000
11 5 9 7 0.0010751
11 5 9 8 0.0000000
11 5 9 9 -0.0063563
11 5 10 0 0.0009255
11 5 10 1 0.0057199
11 5 10 2 -0.0000000
11 5 10 3 0.0020152
11 5 10 4 0.0005153
11 5 10 5 -0.0028328
11 5 10 6 -0.0000000
11 5 10 7 0.0035906
11 5 10 8 -0.0000000
11 5 10 9 0.0002473
11 5 10 10 -0.0148100
11 5 11 0 -0.0038968
11 5 11 1 -0.0097323
11 5 11 2 0.0000000
11 5 11 3 -0.0039154
11 5 11 4 0.0092073
11 5 11 5 0.0280614
11 5 11 6 -0.0000000
11 5 11 7 0.0124664
11 5 11 8 -0.0000000
11 5 11 9 0.0011368
11 5 11 10 0.0045068
11 5 11 11 -0.0141290
11 6 0 0 0.0000000
11 6 1 0 -0.0000000
11 6 1 1 -0.0000000
11 6 2 0 0.0056702
11 6 2 1 0.0179804
11 6 2 2 0.0000000
11 6 3 0 0.0000000
11 6 3 1 0.0000000
11 6 3 2 -0.0139691
11 6 3 3 -0.0000000
11 6 4 0 -0.0000000
11 6 4 1 -0.0000000
11 6 4 2 -0.0076204
11 6 4 3 0.0000000
11 6 4 4 -0.0000000
11 6 5 0 0.0000000
11 6 5 1 0.0000000
11 6 5 2 -0.0042019
11 6 5 3 -0.0000000
11 6 5 4 0.0000000
11 6 5 5 -0.0000000
11 6 6 0 0.0083753
11 6 6 1 0.0013356
11 6 6 2 0.0000000
11 6 6 3 -0.0116244
11 6 6 4 0.0135624
11 6 6 5 -0.0125740
11 6 6 6 0.0000000
11 6 7 0 -0.0000000
11 6 7 1 -0.0000000
11 6 7 2 -0.0185664
11 6 7 3 -0.0000000
11 6 7 4 -0.0000000
11 6 7 5 -0.0000000
11 6 7 6 -0.0191781
11 6 7 7 0.0000000
11 6 8 0 -0.0001391
11 6 8 1 -0.0057953
11 6 8 2 -0.0000000
11 6 8 3 -0.0015911
11 6 8 4 -0.0003513
11 6 8 5 -0.0033217
11 6 8 6 0.0000000
11 6 8 7 -0.0020073
11 6 8 8 0.0000000
11 6 9 0 0.0000000
11 6 9 1 -0.0000000
11 6 9 2 -0.0003899
11 6 9 3 -0.0000000
11 6 9 4 -0.0000000
11 6 9 5 -0.0000000
11 6 9 6 0.0004702
11 6 9 7 -0.0000000
11 6 9 8 0.0001356
11 6 9 9 0.0000000
11 6 10 0 -0.0000000
11 6 10 1 -0.0000000
11 6 10 2 -0.0047662
11 6 10 3 -0.0000000
11 6 10 4 -0.0000000
11 6 10 5 -0.0000000
11 6 10 6 -0.0040382
11 6 10 7 -0.0000000
11 6 10 8 -0.0084950
11 6 10 9 -0.0000000
11 6 10 10 0.0000000
11 6 11 0 0.0000000
11 6 11 1 0.0000000
11 6 11 2 0.0166264
11 6 11 3 0.0000000
11 6 11 4 -0.0000000
11 6 11 5 -0.0000000
11 6 11 6 0.0219317
11 6 11 7 -0.0000000
11 6 11 8 -0.0058202
11 6 11 9 -0.0000000
11 6 11 10 -0.0000000
11 6 11 11 0.0000000
11 7 0 0 -0.2545509
11 7 1 0 0.0088630
11 7 1 1 -0.0007697
11 7 2 0 0.0000000
11 7 2 1 -0.0000000
11 7 2 2 -0.0734380
11 7 3 0 -0.0053544
11 7 3 1 0.0473945
11 7 3 2 -0.0000000
11 7 3 3 -0.0794570
11 7 4 0 0.0028275
11 7 4 1 0.0403859
11 7 4 2 -0.0000000
11 7 4 3 0.0943175
11 7 4 4 0.0128431
11 7 5 0 -0.0116189
11 7 5 1 0.0795042
11 7 5 2 -0.0000000
11 7 5 3 0.0587083
11 7 5 4 0.0208388
11 7 5 5 -0.0539250
11 7 6 0 0.0000000
11 7 6 1 -0.0000000
11 7 6 2 -0.0859529
11 7 6 3 -0.0000000
11 7 6 4 -0.0000000
11 7 6 5 -0.0000000
11 7 6 6 -0.0926565
11 7 7 0 0.0073575
11 7 7 1 0.0044574
11 7 7 2 0.0000000
11 7 7 3 -0.0256059
11 7 7 4 0.0129070
11 7 7 5 -0.0015526
11 7 7 6 0.0000000
11 7 7 7 0.0050325
11 7 8 0 -0.0000000
11 7 8 1 -0.0000000
11 7 8 2 0.0372838
11 7 8 3 0.0000000
11 7 8 4 0.0000000
11 7 8 5 -0.0000000
11 7 8 6 -0.0206806
11 7 8 7 -0.0000000
11 7 8 8 0.1510892
11 7 9 0 0.0004475
11 7 9 1 0.0032391
11 7 9 2 0.0000000
11 7 9 3 -0.0019039
11 7 9 4 -0.0053042
11 7 9 5 -0.0009043
11 7 9 6 0.0000000
11 7 9 7 0.0011149
11 7 9 8 -0.0000000
11 7 9 9 0.2608277
11 7 10 0 0.0005067
11 7 10 1 -0.0166588
11 7 10 2 0.0000000
11 7 10 3 -0.0045772
11 7 10 4 0.0081964
11 7 10 5 -0.0082148
11 7 10 6 0.0000000
11 7 10 7 -0.0287868
11 7 10 8 -0.0000000
11 7 10 9 0.0193252
11 7 10 10 0.1626449
11 7 11 0 -0.0071518
11 7 11 1 0.0000819
11 7 11 2 -0.0000000
11 7 11 3 0.0066357
11 7 11 4 -0.0031894
11 7 11 5 0.0124664
11 7 11 6 -0.0000000
11 7 11 7 0.2035800
11 7 11 8 0.0000000
11 7 11 9 0.0030648
11 7 11 10 0.0593354
11 7 11 11 -0.0251494
11 8 0 0 -0.0000000
11 8 1 0 0.0000000
11 8 1 1 0.0000000
11 8 2 0 -0.0005219
11 8 2 1 -0.0072512
11 8 2 2 -0.0000000
11 8 3 0 -0.0000000
11 8 3 1 -0.0000000
11 8 3 2 0.0016737
11 8 3 3 0.0000000
11 8 4 0 0.0000000
11 8 4 1 -0.0000000
11 8 4 2 0.0077111
11 8 4 3 0.0000000
11 8 4 4 0.0000000
11 8 5 0 -0.0000000
11 8 5 1 0.0000000
11 8 5 2 -0.0005701
11 8 5 3 -0.0000000
11 8 5 4 -0.0000000
11 8 5 5 0.0000000
11 8 6 0 -0.0007636
11 8 6 1 0.0028376
11 8 6 2 0.0000000
11 8 6 3 -0.0001976
11 8 6 4 -0.0074461
11 8 6 5 0.0054146
11 8 6 6 -0.0000000
11 8 7 0 -0.0000000
11 8 7 1 -0.0000000
11 8 7 2 0.0067623
11 8 7 3 0.0000000
11 8 7 4 0.0000000
11 8 7 5 -0.0000000
11 8 7 6 -0.0015338
11 8 7 7 0.0000000
11 8 8 0 -0.0000809
11 8 8 1 0.0081344
11 8 8 2 -0.0000000
11 8 8 3 0.0045498
11 8 8 4 0.0055730
11 8 8 5 0.0090798
11 8 8 6 -0.0000000
11 8 8 7 0.0181298
11 8 8 8 0.0000000
11 8 9 0 -0.0000000
11 8 9 1 -0.0000000
11 8 9 2 0.0006567
11 8 9 3 0.0000000
11 8 9 4 0.0000000
11 8 9 5 -0.0000000
11 8 9 6 -0.0007313
11 8 9 7 0.0000000
11 8 9 8 0.0001755
11 8 9 9 0.0000000
11 8 10 0 -0.0000000
11 8 10 1 -0.0000000
11 8 10 2 0.0064760
11 8 10 3 0.0000000
11 8 10 4 0.0000000
11 8 10 5 -0.0000000
11 8 10 6 -0.0040854
11 8 10 7 -0.0000000
11 8 10 8 0.0253056
11 8 10 9 0.0000000
11 8 10 10 0.0000000
11 8 11 0 -0.0000000
11 8 11 1 -0.0000000
11 8 11 2 0.0009586
11 8 11 3 -0.0000000
11 8 11 4 0.0000000
11 8 11 5 -0.0000000
11 8 11 6 -0.0058202
11 8 11 7 0.0000000
11 8 11 8 0.0229402
11 8 11 9 0.0000000
11 8 11 10 0.0000000
11 8 11 11 0.0000000
11 9 0 0 0.0046732
11 9 1 0 0.0000677
11 9 1 1 0.0065307
11 9 2 0 0.0000000
11 9 2 1 -0.0000000
11 9 2 2 0.0038379
11 9 3 0 -0.0000109
11 9 3 1 0.0014782
11 9 3 2 -0.0000000
11 9 3 3 0.0053745
11 9 4 0 -0.0000086
11 9 4 1 0.0029309
11 9 4 2 -0.0000000
11 9 4 3 0.0024685
11 9 4 4 0.0072690
11 9 5 0 -0.0000865
11 9 5 1 0.0009302
11 9 5 2 -0.0000000
11 9 5 3 0.0020547
11 9 5 4 0.0025000
11 9 5 5 0.0060957
11 9 6 0 0.0000000
11 9 6 1 -0.0000000
11 9 6 2 -0.0003861
11 9 6 3 -0.0000000
11 9 6 4 -0.0000000
11 9 6 5 -0.0000000
11 9 6 6 0.0037791
11 9 7 0 0.0000923
11 9 7 1 0.0010122
11 9 7 2 0.0000000
11 9 7 3 0.0001981
11 9 7 4 0.0011714
11 9 7 5 0.0006175
11 9 7 6 -0.0000000
11 9 7 7 0.0065731
11 9 8 0 -0.0000000
11 9 8 1 -0.0000000
11 9 8 2 0.0013185
11 9 8 3 0.0000000
11 9 8 4 0.0000000
11 9 8 5 -0.0000000
11 9 8 6 -0.0011892
11 9 8 7 0.0000000
11 9 8 8 0.0085152
11 9 9 0 0.0000584
11 9 9 1 -0.0004857
11 9 9 2 0.0000000
11 9 9 3 -0.0023151
11 9 9 4 -0.0028428
11 9 9 5 -0.0011107
11 9 9 6 0.0000000
11 9 9 7 0.0066747
11 9 9 8 -0.0000000
11 9 9 9 0.0538245
11 9 10 0 0.0000288
11 9 10 1 0.0007343
11 9 10 2 -0.0000000
11 9 10 3 0.0003627
11 9 10 4 0.0006167
11 9 10 5 0.0001919
11 9 10 6 -0.0000000
11 9 10 7 -0.0007308
11 9 10 8 0.0000000
11 9 10 9 0.0071201
11 9 10 10 0.0059734
11 9 11 0 -0.0000723
11 9 11 1 0.0000802
11 9 11 2 -0.0000000
11 9 11 3 0.0006075
11 9 11 4 0.0010719
11 9 11 5 0.0011368
11 9 11 6 -0.0000000
11 9 11 7 0.0030648
11 9 11 8 0.0000000
11 9 11 9 0.0067784
11 9 11 10 -0.0001085
11 9 11 11 0.0052265
11 10 0 0 -0.0747366
11 10 1 0 0.0014203
11 10 1 1 -0.0202937
11 10 2 0 0.0000000
11 10 2 1 -0.0000000
11 10 2 2 -0.0294224
11 10 3 0 -0.0009103
11 10 3 1 0.0141285
11 10 3 2 0.0000000
11 10 3 3 -0.0342220
11 10 4 0 0.0005468
11 10 4 1 0.0077232
11 10 4 2 -0.0000000
11 10 4 3 0.0200486
11 10 4 4 -0.0134376
11 10 5 0 -0.0019674
11 10 5 1 0.0237754
11 10 5 2 -0.0000000
11 10 5 3 0.0115328
11 10 5 4 0.0072874
11 10 5 5 -0.0271157
11 10 6 0 0.0000000
11 10 6 1 -0.0000000
11 10 6 2 -0.0198372
11 10 6 3 -0.0000000
11 10 6 4 -0.0000000
11 10 6 5 -0.0000000
11 10 6 6 -0.0338325
11 10 7 0 0.0009585
11 10 7 1 0.0045323
11 10 7 2 -0.0000000
11 10 7 3 0.0024832
11 10 7 4 0.0160315
11 10 7 5 0.0081454
11 10 7 6 -0.0000000
11 10 7 7 -0.0022268
11 10 8 0 -0.0000000
11 10 8 1 -0.0000000
11 10 8 2 0.0153488
11 10 8 3 0.0000000
11 10 8 4 0.0000000
11 10 8 5 -0.0000000
11 10 8 6 -0.0107881
11 10 8 7 -0.0000000
11 10 8 8 0.0426932
11 10 9 0 0.0001565
11 10 9 1 0.0014366
11 10 9 2 0.0000000
11 10 9 3 -0.0012749
11 10 9 4 -0.0027253
11 10 9 5 -0.0006790
11 10 9 6 0.0000000
11 10 9 7 0.0002474
11 10 9 8 -0.0000000
11 10 9 9 0.0655126
11 10 10 0 0.0000078
11 10 10 1 -0.0169456
11 10 10 2 0.0000000
11 10 10 3 -0.0151750
11 10 10 4 -0.0123353
11 10 10 5 -0.0123950
11 10 10 6 0.0000000
11 10 10 7 0.0364430
11 10 10 8 0.0000000
11 10 10 9 0.0031839
11 10 10 10 0.0421724
11 10 11 0 -0.0010740
11 10 11 1 0.0073056
11 10 11 2 -0.0000000
11 10 11 3 0.0037290
11 10 11 4 0.0091569
11 10 11 5 0.0045068
11 10 11 6 -0.0000000
11 10 11 7 0.0593354
11 10 11 8 0.0000000
11 10 11 9 -0.0001085
11 10 11 10 0.0530170
11 10 11 11 0.0051728
11 11 0 0 0.5901094
11 11 1 0 -0.0061102
11 11 1 1 0.4445364
11 11 2 0 -0.0000000
11 11 2 1 -0.0000000
11 11 2 2 0.4144923
11 11 3 0 0.0097094
11 11 3 1 0.0392193
11 11 3 2 0.0000000
11 11 3 3 0.4335297
11 11 4 0 -0.0055740
11 11 4 1 0.0390322
11 11 4 2 -0.0000000
11 11 4 3 0.0072417
11 11 4 4 0.4180362
11 11 5 0 0.0045727
11 11 5 1 -0.0404862
11 11 5 2 0.0000000
11 11 5 3 -0.0015229
11 11 5 4 0.0472939
11 11 5 5 0.4783015
11 11 6 0 -0.0000000
11 11 6 1 0.0000000
11 11 6 2 0.0567704
11 11 6 3 0.0000000
11 11 6 4 -0.0000000
11 11 6 5 -0.0000000
11 11 6 6 0.4264237
11 11 7 0 -0.0065669
11 11 7 1 0.0034355
11 11 7 2 -0.0000000
11 11 7 3 0.0017755
11 11 7 4 0.0082197
11 11 7 5 0.0276200
11 11 7 6 -0.0000000
11 11 7 7 0.5013990
11 11 8 0 -0.0000000
11 11 8 1 -0.0000000
11 11 8 2 0.0110741
11 11 8 3 0.0000000
11 11 8 4 0.0000000
11 11 8 5 -0.0000000
11 11 8 6 -0.0193519
11 11 8 7 -0.0000000
11 11 8 8 0.4338928
11 11 9 0 -0.0000684
11 11 9 1 -0.0000953
11 11 9 2 0.0000000
11 11 9 3 -0.0020555
11 11 9 4 -0.0037037
11 11 9 5 0.0006657
11 11 9 6 -0.0000000
11 11 9 7 -0.0002551
11 11 9 8 -0.0000000
11 11 9 9 0.5430569
11 11 10 0 -0.0009725
11 11 10 1 0.0033525
11 11 10 2 -0.0000000
11 11 10 3 0.0044321
11 11 10 4 0.0129335
11 11 10 5 0.0056477
11 11 10 6 -0.0000000
11 11 10 7 0.0364347
11 11 10 8 0.0000000
11 11 10 9 0.0272587
11 11 10 10 0.4103353
11 11 11 0 0.0067978
11 11 11 1 0.0202024
11 11 11 2 -0.0000000
11 11 11 3 0.0124111
11 11 11 4 0.0155978
11 11 11 5 -0.0141290
11 11 11 6 0.0000000
11 11 11 7 -0.0251494
11 11 11 8 0.0000000
11 11 11 9 0.0052265
11 11 11 10 0.0051728
11 11 11 11 0.5093197
