NMONOMER	1
NELEC	8
ENUC	7.351144
NBASIS	12
HOMO	2
LUMO	2
ENT	5
HF_ENERGY	-35.138186
ENERGIES
-10.832447
-0.489862
-0.430359
-0.236724
0.583470
0.799399
0.912634
849736.652347
965066.584890
996478.285926
1070620.705971
1118094.135059

OEI
-18.389323	
-0.271338	-4.288603	
-0.000000	-0.000000	-3.749186	
-0.104525	-0.148158	-0.000000	-4.072811	
-0.268313	-0.188396	-0.000000	-0.482627	-3.051987	
-0.000000	-0.000000	-0.851419	0.000000	-0.000000	-3.643448	
-0.198253	-0.800558	0.000000	0.421988	0.098618	0.000000	-3.170736	
0.104904	-0.067129	0.000000	-0.109545	0.459054	-0.000000	0.064967	849733.109426	
-0.000000	-0.000000	0.073653	0.000000	-0.000000	0.117725	-0.000000	-0.000000	965063.915153	
0.005111	-0.021121	-0.000000	0.004531	0.002462	-0.000000	-0.017050	-0.002814	-0.000000	996475.290114	
-0.035719	0.191479	0.000000	-0.042357	-0.105557	-0.000000	-0.172480	0.193387	0.000000	-0.124916	1070618.333908	
0.101370	-0.078833	0.000000	-0.215209	0.459587	-0.000000	0.025179	-0.959781	-0.000000	-0.034540	0.332969	1118090.474752	

ENV_OEI
-4.917528	
-0.507862	-0.610633	
-0.000000	-0.000000	-0.128959	
-0.208236	0.092784	0.000000	-0.406027	
-0.473837	-0.096140	-0.000000	-0.122250	-0.178318	
-0.000000	0.000000	-0.196471	-0.000000	-0.000000	-0.341058	
-0.388511	0.147892	0.000000	-0.222153	-0.006240	-0.000000	-1.067439	
0.225187	-0.015161	-0.000000	-0.066440	0.069545	-0.000000	-0.009643	-0.568735	
-0.000000	0.000000	-0.063169	0.000000	-0.000000	-0.035070	0.000000	0.000000	-0.731074	
-0.018224	-0.479157	-0.000000	0.453642	-0.055387	0.000000	1.468784	-0.127242	-0.000000	-18.561668	
-0.055574	-0.046210	-0.000000	0.011853	-0.021265	0.000000	0.082857	-0.237611	0.000000	-1.672942	-0.789036	
0.213880	-0.015179	-0.000000	0.000335	0.081872	0.000000	0.048651	0.148129	-0.000000	-0.177493	0.098420	-0.392054	

OVERLAP
1.000000	
0.248362	1.000000	
0.061767	0.488736	1.000000	
0.061767	0.488736	0.167856	1.000000	
0.000000	0.027047	0.005362	0.005362	1.000000	
0.027047	0.301519	0.096511	0.096511	0.248362	1.000000	
0.000000	0.000000	0.155576	0.155576	-0.045312	-0.338874	1.000000	
0.000000	0.000000	0.380474	-0.380474	0.000000	0.000000	0.000000	1.000000	
0.000000	0.000000	0.219667	0.219667	0.000000	0.000000	0.000000	0.000000	1.000000	
0.045312	0.338874	0.109532	0.109532	0.000000	0.000000	-0.315123	0.000000	0.000000	1.000000	
0.000000	0.000000	0.051506	-0.051506	0.000000	0.000000	0.000000	0.166433	0.000000	0.000000	1.000000	
0.000000	0.000000	0.029737	0.029737	0.000000	0.000000	0.000000	0.000000	0.166433	0.000000	0.000000	1.000000	

MOCOEFF
-0.996522	-0.018361	0.008877	0.008877	-0.001627	0.008241	0.008977	-0.000000	0.018615	0.002743	-0.000000	-0.003626	
-0.178920	0.555624	0.054990	0.054990	-0.046374	0.083780	-0.338419	0.000000	-0.356279	0.387758	-0.000000	0.056026	
-0.000000	0.000000	-0.525238	0.525238	-0.000000	0.000000	-0.000000	-0.447155	-0.000000	0.000000	0.128527	0.000000	
-0.074651	0.215683	0.261693	0.261693	0.041504	-0.118676	0.511647	0.000000	-0.602541	-0.286437	-0.000000	0.084719	
-0.157707	1.043622	-0.922392	-0.922392	-0.004664	0.038036	0.511562	-0.000000	0.248077	0.008917	0.000000	0.013571	
-0.000000	0.000000	0.803782	-0.803782	0.000000	-0.000000	-0.000000	-1.169647	0.000000	-0.000000	0.111868	-0.000000	
-0.138044	0.825833	-0.090723	-0.090723	0.129740	-0.778967	-0.859811	0.000000	0.056176	-0.958504	-0.000000	-0.003954	
0.084288	-0.388041	0.000000	0.000000	-0.012324	0.049398	-0.203229	-0.000000	-0.573902	-0.025821	-0.000000	0.799278	
0.000000	0.000000	-0.000000	0.000000	-0.000000	0.000000	0.000000	-0.000000	-0.000000	-0.000000	1.000000	0.000000	
0.000565	-0.002600	-0.000000	-0.000000	-1.025611	0.216380	-0.001361	0.000000	-0.003845	-0.105483	-0.000000	-0.019655	
-0.018948	0.087232	-0.000000	-0.000000	-0.019716	-0.850777	0.045686	-0.000000	0.129015	0.446528	0.000000	0.196307	
0.081636	-0.375835	0.000000	0.000000	0.011611	-0.229178	-0.196837	-0.000000	-0.555850	0.120151	0.000000	-0.583417	

ERI
0 0 0 0 3.5227331
1 0 0 0 0.2358336
1 0 1 0 0.0308265
1 0 1 1 -0.0060033
1 1 0 0 0.7274089
1 1 1 0 -0.0060033
1 1 1 1 0.6496538
2 0 0 0 0.0000000
2 0 1 0 0.0000000
2 0 1 1 0.0000000
2 0 2 0 0.0055112
2 0 2 1 -0.0055797
2 0 2 2 -0.0000000
2 1 0 0 0.0000000
2 1 1 0 -0.0000000
2 1 1 1 0.0000000
2 1 2 0 -0.0055797
2 1 2 1 0.0322385
2 1 2 2 -0.0000000
2 2 0 0 0.5770342
2 2 1 0 0.0062320
2 2 1 1 0.4069184
2 2 2 0 -0.0000000
2 2 2 1 -0.0000000
2 2 2 2 0.5278153
3 0 0 0 0.0954422
3 0 1 0 0.0106487
3 0 1 1 0.0047617
3 0 2 0 0.0000000
3 0 2 1 0.0000000
3 0 2 2 0.0022356
3 0 3 0 0.0177336
3 0 3 1 -0.0130974
3 0 3 2 -0.0000000
3 0 3 3 -0.0072628
3 1 0 0 0.0612174
3 1 1 0 0.0011762
3 1 1 1 -0.0278876
3 1 2 0 0.0000000
3 1 2 1 -0.0000000
3 1 2 2 0.0248248
3 1 3 0 -0.0130974
3 1 3 1 0.0857253
3 1 3 2 0.0000000
3 1 3 3 0.0416950
3 2 0 0 0.0000000
3 2 1 0 0.0000000
3 2 1 1 -0.0000000
3 2 2 0 -0.0035276
3 2 2 1 0.0270876
3 2 2 2 0.0000000
3 2 3 0 -0.0000000
3 2 3 1 0.0000000
3 2 3 2 0.0506572
3 2 3 3 0.0000000
3 3 0 0 0.7396688
3 3 1 0 0.0051830
3 3 1 1 0.5146167
3 3 2 0 0.0000000
3 3 2 1 0.0000000
3 3 2 2 0.4557436
3 3 3 0 -0.0072628
3 3 3 1 0.0416950
3 3 3 2 0.0000000
3 3 3 3 0.5701390
4 0 0 0 0.2146744
4 0 1 0 0.0177102
4 0 1 1 0.0176300
4 0 2 0 0.0000000
4 0 2 1 0.0000000
4 0 2 2 -0.0000484
4 0 3 0 0.0123762
4 0 3 1 -0.0014660
4 0 3 2 -0.0000000
4 0 3 3 0.0041294
4 0 4 0 0.0250155
4 0 4 1 0.0026140
4 0 4 2 0.0000000
4 0 4 3 0.0002714
4 0 4 4 -0.0019280
4 1 0 0 0.0634296
4 1 1 0 0.0016138
4 1 1 1 0.0243972
4 1 2 0 -0.0000000
4 1 2 1 0.0000000
4 1 2 2 -0.0024628
4 1 3 0 -0.0021696
4 1 3 1 0.0138600
4 1 3 2 0.0000000
4 1 3 3 0.0323116
4 1 4 0 0.0026140
4 1 4 1 0.0097039
4 1 4 2 -0.0000000
4 1 4 3 0.0213593
4 1 4 4 -0.0027663
4 2 0 0 0.0000000
4 2 1 0 0.0000000
4 2 1 1 0.0000000
4 2 2 0 -0.0015064
4 2 2 1 -0.0292255
4 2 2 2 -0.0000000
4 2 3 0 -0.0000000
4 2 3 1 0.0000000
4 2 3 2 -0.0551337
4 2 3 3 0.0000000
4 2 4 0 0.0000000
4 2 4 1 -0.0000000
4 2 4 2 0.1247139
4 2 4 3 0.0000000
4 2 4 4 -0.0000000
4 3 0 0 0.1397463
4 3 1 0 0.0028903
4 3 1 1 0.0521355
4 3 2 0 -0.0000000
4 3 2 1 0.0000000
4 3 2 2 -0.0075923
4 3 3 0 -0.0103244
4 3 3 1 0.0340690
4 3 3 2 0.0000000
4 3 3 3 0.0851573
4 3 4 0 0.0002714
4 3 4 1 0.0213593
4 3 4 2 0.0000000
4 3 4 3 0.0686165
4 3 4 4 0.0009330
4 4 0 0 0.5961937
4 4 1 0 0.0132518
4 4 1 1 0.3663777
4 4 2 0 0.0000000
4 4 2 1 -0.0000000
4 4 2 2 0.5118119
4 4 3 0 -0.0012781
4 4 3 1 0.0369381
4 4 3 2 0.0000000
4 4 3 3 0.4573831
4 4 4 0 -0.0019280
4 4 4 1 -0.0027663
4 4 4 2 -0.0000000
4 4 4 3 0.0009330
4 4 4 4 0.5404860
5 0 0 0 0.0000000
5 0 1 0 0.0000000
5 0 1 1 -0.0000000
5 0 2 0 0.0113134
5 0 2 1 -0.0122593
5 0 2 2 -0.0000000
5 0 3 0 -0.0000000
5 0 3 1 0.0000000
5 0 3 2 -0.0092030
5 0 3 3 0.0000000
5 0 4 0 0.0000000
5 0 4 1 -0.0000000
5 0 4 2 0.0018033
5 0 4 3 0.0000000
5 0 4 4 0.0000000
5 0 5 0 0.0234917
5 0 5 1 -0.0172312
5 0 5 2 -0.0000000
5 0 5 3 -0.0057141
5 0 5 4 -0.0152546
5 0 5 5 -0.0000000
5 1 0 0 0.0000000
5 1 1 0 0.0000000
5 1 1 1 -0.0000000
5 1 2 0 -0.0085229
5 1 2 1 0.0351555
5 1 2 2 0.0000000
5 1 3 0 0.0000000
5 1 3 1 0.0000000
5 1 3 2 0.0177407
5 1 3 3 0.0000000
5 1 4 0 0.0000000
5 1 4 1 0.0000000
5 1 4 2 -0.0005257
5 1 4 3 -0.0000000
5 1 4 4 0.0000000
5 1 5 0 -0.0172312
5 1 5 1 0.0519907
5 1 5 2 0.0000000
5 1 5 3 0.0156897
5 1 5 4 0.0203515
5 1 5 5 0.0000000
5 2 0 0 0.2351012
5 2 1 0 0.0012731
5 2 1 1 0.1214470
5 2 2 0 -0.0000000
5 2 2 1 0.0000000
5 2 2 2 0.0081533
5 2 3 0 -0.0002042
5 2 3 1 0.0089141
5 2 3 2 0.0000000
5 2 3 3 0.0902285
5 2 4 0 0.0066160
5 2 4 1 0.0225888
5 2 4 2 0.0000000
5 2 4 3 0.0584793
5 2 4 4 -0.0247003
5 2 5 0 -0.0000000
5 2 5 1 0.0000000
5 2 5 2 0.1109694
5 2 5 3 -0.0000000
5 2 5 4 0.0000000
5 2 5 5 0.0766584
5 3 0 0 -0.0000000
5 3 1 0 -0.0000000
5 3 1 1 -0.0000000
5 3 2 0 -0.0035224
5 3 2 1 0.0036550
5 3 2 2 -0.0000000
5 3 3 0 -0.0000000
5 3 3 1 -0.0000000
5 3 3 2 0.0038231
5 3 3 3 -0.0000000
5 3 4 0 -0.0000000
5 3 4 1 -0.0000000
5 3 4 2 0.0373409
5 3 4 3 -0.0000000
5 3 4 4 -0.0000000
5 3 5 0 -0.0057141
5 3 5 1 0.0156897
5 3 5 2 -0.0000000
5 3 5 3 0.0329574
5 3 5 4 -0.0164563
5 3 5 5 -0.0000000
5 4 0 0 0.0000000
5 4 1 0 0.0000000
5 4 1 1 -0.0000000
5 4 2 0 -0.0056775
5 4 2 1 0.0391391
5 4 2 2 0.0000000
5 4 3 0 0.0000000
5 4 3 1 -0.0000000
5 4 3 2 0.0662011
5 4 3 3 -0.0000000
5 4 4 0 0.0000000
5 4 4 1 0.0000000
5 4 4 2 -0.1045156
5 4 4 3 -0.0000000
5 4 4 4 0.0000000
5 4 5 0 -0.0152546
5 4 5 1 0.0203515
5 4 5 2 0.0000000
5 4 5 3 -0.0164563
5 4 5 4 0.1156717
5 4 5 5 0.0000000
5 5 0 0 0.7923093
5 5 1 0 0.0068101
5 5 1 1 0.5026665
5 5 2 0 -0.0000000
5 5 2 1 0.0000000
5 5 2 2 0.5204984
5 5 3 0 0.0023646
5 5 3 1 0.0337518
5 5 3 2 0.0000000
5 5 3 3 0.5156622
5 5 4 0 0.0086456
5 5 4 1 0.0152189
5 5 4 2 0.0000000
5 5 4 3 0.0297414
5 5 4 4 0.5006866
5 5 5 0 -0.0000000
5 5 5 1 0.0000000
5 5 5 2 0.0766584
5 5 5 3 -0.0000000
5 5 5 4 0.0000000
5 5 5 5 0.5875405
6 0 0 0 0.1802990
6 0 1 0 0.0250833
6 0 1 1 -0.0087393
6 0 2 0 0.0000000
6 0 2 1 0.0000000
6 0 2 2 0.0043727
6 0 3 0 -0.0013124
6 0 3 1 0.0098028
6 0 3 2 0.0000000
6 0 3 3 0.0098913
6 0 4 0 0.0101215
6 0 4 1 0.0031027
6 0 4 2 0.0000000
6 0 4 3 0.0099641
6 0 4 4 0.0140925
6 0 5 0 0.0000000
6 0 5 1 0.0000000
6 0 5 2 0.0010980
6 0 5 3 -0.0000000
6 0 5 4 0.0000000
6 0 5 5 0.0046826
6 0 6 0 0.0275610
6 0 6 1 -0.0031569
6 0 6 2 0.0000000
6 0 6 3 -0.0031565
6 0 6 4 -0.0032274
6 0 6 5 0.0000000
6 0 6 6 -0.0084366
6 1 0 0 0.2369129
6 1 1 0 0.0000744
6 1 1 1 0.0688745
6 1 2 0 0.0000000
6 1 2 1 -0.0000000
6 1 2 2 0.0673324
6 1 3 0 0.0051512
6 1 3 1 0.0405662
6 1 3 2 0.0000000
6 1 3 3 0.0697325
6 1 4 0 0.0102637
6 1 4 1 0.0089022
6 1 4 2 0.0000000
6 1 4 3 0.0161528
6 1 4 4 0.0572916
6 1 5 0 0.0000000
6 1 5 1 0.0000000
6 1 5 2 0.0414338
6 1 5 3 -0.0000000
6 1 5 4 -0.0000000
6 1 5 5 0.1059103
6 1 6 0 -0.0031569
6 1 6 1 0.1145517
6 1 6 2 -0.0000000
6 1 6 3 -0.0577260
6 1 6 4 0.0000502
6 1 6 5 -0.0000000
6 1 6 6 -0.0028281
6 2 0 0 -0.0000000
6 2 1 0 0.0000000
6 2 1 1 -0.0000000
6 2 2 0 -0.0034518
6 2 2 1 0.0134298
6 2 2 2 0.0000000
6 2 3 0 0.0000000
6 2 3 1 0.0000000
6 2 3 2 -0.0008414
6 2 3 3 -0.0000000
6 2 4 0 -0.0000000
6 2 4 1 -0.0000000
6 2 4 2 0.0015715
6 2 4 3 -0.0000000
6 2 4 4 0.0000000
6 2 5 0 -0.0068133
6 2 5 1 0.0199939
6 2 5 2 -0.0000000
6 2 5 3 0.0013072
6 2 5 4 0.0023254
6 2 5 5 0.0000000
6 2 6 0 0.0000000
6 2 6 1 -0.0000000
6 2 6 2 0.0121942
6 2 6 3 -0.0000000
6 2 6 4 0.0000000
6 2 6 5 0.0163068
6 2 6 6 -0.0000000
6 3 0 0 -0.1260890
6 3 1 0 -0.0055139
6 3 1 1 0.0137452
6 3 2 0 0.0000000
6 3 2 1 0.0000000
6 3 2 2 -0.0535909
6 3 3 0 -0.0035269
6 3 3 1 -0.0222418
6 3 3 2 -0.0000000
6 3 3 3 -0.0517051
6 3 4 0 0.0005109
6 3 4 1 -0.0029395
6 3 4 2 -0.0000000
6 3 4 3 -0.0130043
6 3 4 4 -0.0650620
6 3 5 0 0.0000000
6 3 5 1 -0.0000000
6 3 5 2 -0.0064949
6 3 5 3 0.0000000
6 3 5 4 0.0000000
6 3 5 5 -0.0555841
6 3 6 0 -0.0031565
6 3 6 1 -0.0577260
6 3 6 2 -0.0000000
6 3 6 3 0.0642976
6 3 6 4 0.0055473
6 3 6 5 0.0000000
6 3 6 6 0.0321363
6 4 0 0 -0.0191822
6 4 1 0 -0.0001534
6 4 1 1 -0.0045286
6 4 2 0 0.0000000
6 4 2 1 -0.0000000
6 4 2 2 -0.0012504
6 4 3 0 0.0044909
6 4 3 1 -0.0076533
6 4 3 2 -0.0000000
6 4 3 3 -0.0205522
6 4 4 0 0.0026358
6 4 4 1 -0.0029513
6 4 4 2 0.0000000
6 4 4 3 -0.0188924
6 4 4 4 -0.0082827
6 4 5 0 0.0000000
6 4 5 1 -0.0000000
6 4 5 2 -0.0089018
6 4 5 3 0.0000000
6 4 5 4 -0.0000000
6 4 5 5 -0.0042818
6 4 6 0 -0.0032274
6 4 6 1 0.0000502
6 4 6 2 0.0000000
6 4 6 3 0.0055473
6 4 6 4 0.0085233
6 4 6 5 -0.0000000
6 4 6 6 -0.0041574
6 5 0 0 -0.0000000
6 5 1 0 -0.0000000
6 5 1 1 0.0000000
6 5 2 0 -0.0061123
6 5 2 1 0.0257301
6 5 2 2 -0.0000000
6 5 3 0 0.0000000
6 5 3 1 -0.0000000
6 5 3 2 0.0125715
6 5 3 3 -0.0000000
6 5 4 0 0.0000000
6 5 4 1 0.0000000
6 5 4 2 -0.0162863
6 5 4 3 0.0000000
6 5 4 4 -0.0000000
6 5 5 0 -0.0129537
6 5 5 1 0.0335341
6 5 5 2 0.0000000
6 5 5 3 -0.0017680
6 5 5 4 0.0241212
6 5 5 5 -0.0000000
6 5 6 0 0.0000000
6 5 6 1 -0.0000000
6 5 6 2 0.0163068
6 5 6 3 0.0000000
6 5 6 4 -0.0000000
6 5 6 5 0.0291906
6 5 6 6 0.0000000
6 6 0 0 0.6887770
6 6 1 0 0.0003525
6 6 1 1 0.5978402
6 6 2 0 0.0000000
6 6 2 1 0.0000000
6 6 2 2 0.3848488
6 6 3 0 0.0127299
6 6 3 1 -0.0786696
6 6 3 2 -0.0000000
6 6 3 3 0.4795260
6 6 4 0 0.0155927
6 6 4 1 0.0149987
6 6 4 2 0.0000000
6 6 4 3 0.0336065
6 6 4 4 0.3515703
6 6 5 0 0.0000000
6 6 5 1 -0.0000000
6 6 5 2 0.1000970
6 6 5 3 0.0000000
6 6 5 4 -0.0000000
6 6 5 5 0.4579554
6 6 6 0 -0.0084366
6 6 6 1 -0.0028281
6 6 6 2 -0.0000000
6 6 6 3 0.0321363
6 6 6 4 -0.0041574
6 6 6 5 0.0000000
6 6 6 6 0.6517150
7 0 0 0 -0.0837431
7 0 1 0 -0.0043016
7 0 1 1 -0.0096626
7 0 2 0 -0.0000000
7 0 2 1 -0.0000000
7 0 2 2 0.0038794
7 0 3 0 0.0003480
7 0 3 1 -0.0048701
7 0 3 2 -0.0000000
7 0 3 3 -0.0018564
7 0 4 0 -0.0127208
7 0 4 1 -0.0024039
7 0 4 2 -0.0000000
7 0 4 3 -0.0027051
7 0 4 4 0.0046117
7 0 5 0 -0.0000000
7 0 5 1 -0.0000000
7 0 5 2 -0.0013387
7 0 5 3 -0.0000000
7 0 5 4 -0.0000000
7 0 5 5 -0.0004821
7 0 6 0 -0.0050000
7 0 6 1 -0.0042236
7 0 6 2 -0.0000000
7 0 6 3 -0.0046319
7 0 6 4 -0.0005755
7 0 6 5 -0.0000000
7 0 6 6 -0.0028694
7 0 7 0 0.0112925
7 0 7 1 -0.0020482
7 0 7 2 -0.0000000
7 0 7 3 -0.0013609
7 0 7 4 -0.0041625
7 0 7 5 -0.0000000
7 0 7 6 -0.0029437
7 0 7 7 0.0062527
7 1 0 0 0.0108603
7 1 1 0 -0.0021518
7 1 1 1 0.0118019
7 1 2 0 -0.0000000
7 1 2 1 0.0000000
7 1 2 2 -0.0091874
7 1 3 0 -0.0034003
7 1 3 1 0.0102631
7 1 3 2 0.0000000
7 1 3 3 0.0073490
7 1 4 0 0.0001411
7 1 4 1 0.0035388
7 1 4 2 -0.0000000
7 1 4 3 0.0086733
7 1 4 4 -0.0053768
7 1 5 0 -0.0000000
7 1 5 1 0.0000000
7 1 5 2 0.0047252
7 1 5 3 -0.0000000
7 1 5 4 0.0000000
7 1 5 5 -0.0012618
7 1 6 0 0.0000972
7 1 6 1 0.0027455
7 1 6 2 -0.0000000
7 1 6 3 0.0060156
7 1 6 4 -0.0022463
7 1 6 5 0.0000000
7 1 6 6 0.0038277
7 1 7 0 -0.0020482
7 1 7 1 0.0130651
7 1 7 2 -0.0000000
7 1 7 3 -0.0026060
7 1 7 4 -0.0004620
7 1 7 5 -0.0000000
7 1 7 6 -0.0048689
7 1 7 7 0.0019887
7 2 0 0 0.0000000
7 2 1 0 -0.0000000
7 2 1 1 0.0000000
7 2 2 0 0.0038830
7 2 2 1 -0.0218174
7 2 2 2 -0.0000000
7 2 3 0 -0.0000000
7 2 3 1 0.0000000
7 2 3 2 -0.0300055
7 2 3 3 0.0000000
7 2 4 0 0.0000000
7 2 4 1 -0.0000000
7 2 4 2 0.0424336
7 2 4 3 0.0000000
7 2 4 4 -0.0000000
7 2 5 0 0.0092289
7 2 5 1 -0.0131895
7 2 5 2 -0.0000000
7 2 5 3 0.0079131
7 2 5 4 -0.0497813
7 2 5 5 -0.0000000
7 2 6 0 -0.0000000
7 2 6 1 0.0000000
7 2 6 2 -0.0052097
7 2 6 3 -0.0000000
7 2 6 4 0.0000000
7 2 6 5 -0.0149358
7 2 6 6 0.0000000
7 2 7 0 -0.0000000
7 2 7 1 -0.0000000
7 2 7 2 0.0332122
7 2 7 3 -0.0000000
7 2 7 4 0.0000000
7 2 7 5 0.0046775
7 2 7 6 -0.0000000
7 2 7 7 0.0000000
7 3 0 0 0.0277678
7 3 1 0 -0.0027458
7 3 1 1 0.0379333
7 3 2 0 -0.0000000
7 3 2 1 0.0000000
7 3 2 2 -0.0204828
7 3 3 0 0.0041511
7 3 3 1 -0.0111664
7 3 3 2 -0.0000000
7 3 3 3 -0.0002838
7 3 4 0 0.0040327
7 3 4 1 0.0038690
7 3 4 2 0.0000000
7 3 4 3 -0.0027293
7 3 4 4 -0.0306982
7 3 5 0 -0.0000000
7 3 5 1 -0.0000000
7 3 5 2 0.0180404
7 3 5 3 0.0000000
7 3 5 4 0.0000000
7 3 5 5 -0.0022120
7 3 6 0 -0.0057543
7 3 6 1 0.0051825
7 3 6 2 -0.0000000
7 3 6 3 0.0118869
7 3 6 4 0.0072603
7 3 6 5 0.0000000
7 3 6 6 0.0364833
7 3 7 0 -0.0013609
7 3 7 1 -0.0026060
7 3 7 2 -0.0000000
7 3 7 3 0.0262957
7 3 7 4 0.0010701
7 3 7 5 -0.0000000
7 3 7 6 -0.0017358
7 3 7 7 0.0163922
7 4 0 0 -0.1312802
7 4 1 0 -0.0076249
7 4 1 1 -0.0274169
7 4 2 0 -0.0000000
7 4 2 1 -0.0000000
7 4 2 2 -0.0124003
7 4 3 0 -0.0018846
7 4 3 1 -0.0015910
7 4 3 2 -0.0000000
7 4 3 3 -0.0431707
7 4 4 0 -0.0004386
7 4 4 1 -0.0059680
7 4 4 2 -0.0000000
7 4 4 3 -0.0249320
7 4 4 4 -0.0179417
7 4 5 0 -0.0000000
7 4 5 1 0.0000000
7 4 5 2 -0.0327265
7 4 5 3 0.0000000
7 4 5 4 0.0000000
7 4 5 5 -0.0303177
7 4 6 0 -0.0063008
7 4 6 1 -0.0144782
7 4 6 2 0.0000000
7 4 6 3 0.0184143
7 4 6 4 0.0076993
7 4 6 5 -0.0000000
7 4 6 6 -0.0322250
7 4 7 0 -0.0041625
7 4 7 1 -0.0004620
7 4 7 2 0.0000000
7 4 7 3 0.0010701
7 4 7 4 0.0279148
7 4 7 5 -0.0000000
7 4 7 6 0.0007685
7 4 7 7 -0.0380992
7 5 0 0 0.0000000
7 5 1 0 -0.0000000
7 5 1 1 0.0000000
7 5 2 0 0.0033729
7 5 2 1 -0.0033708
7 5 2 2 -0.0000000
7 5 3 0 -0.0000000
7 5 3 1 0.0000000
7 5 3 2 0.0035036
7 5 3 3 0.0000000
7 5 4 0 -0.0000000
7 5 4 1 0.0000000
7 5 4 2 -0.0160052
7 5 4 3 0.0000000
7 5 4 4 0.0000000
7 5 5 0 0.0057816
7 5 5 1 -0.0070551
7 5 5 2 0.0000000
7 5 5 3 -0.0046395
7 5 5 4 0.0051829
7 5 5 5 -0.0000000
7 5 6 0 -0.0000000
7 5 6 1 0.0000000
7 5 6 2 -0.0051198
7 5 6 3 0.0000000
7 5 6 4 -0.0000000
7 5 6 5 -0.0045957
7 5 6 6 -0.0000000
7 5 7 0 -0.0000000
7 5 7 1 -0.0000000
7 5 7 2 0.0046775
7 5 7 3 -0.0000000
7 5 7 4 -0.0000000
7 5 7 5 0.0107888
7 5 7 6 0.0000000
7 5 7 7 -0.0000000
7 6 0 0 -0.0200755
7 6 1 0 -0.0022392
7 6 1 1 -0.0015584
7 6 2 0 -0.0000000
7 6 2 1 0.0000000
7 6 2 2 -0.0103597
7 6 3 0 -0.0073739
7 6 3 1 0.0205530
7 6 3 2 0.0000000
7 6 3 3 0.0017210
7 6 4 0 -0.0018243
7 6 4 1 0.0017508
7 6 4 2 0.0000000
7 6 4 3 0.0146101
7 6 4 4 -0.0015385
7 6 5 0 -0.0000000
7 6 5 1 0.0000000
7 6 5 2 -0.0021593
7 6 5 3 0.0000000
7 6 5 4 -0.0000000
7 6 5 5 -0.0081557
7 6 6 0 0.0029092
7 6 6 1 -0.0012929
7 6 6 2 0.0000000
7 6 6 3 0.0087275
7 6 6 4 -0.0063919
7 6 6 5 -0.0000000
7 6 6 6 -0.0173731
7 6 7 0 -0.0029437
7 6 7 1 -0.0048689
7 6 7 2 -0.0000000
7 6 7 3 -0.0017358
7 6 7 4 0.0007685
7 6 7 5 0.0000000
7 6 7 6 0.0412141
7 6 7 7 -0.0175823
7 7 0 0 0.5615978
7 7 1 0 0.0086506
7 7 1 1 0.4490689
7 7 2 0 0.0000000
7 7 2 1 0.0000000
7 7 2 2 0.3831481
7 7 3 0 0.0073966
7 7 3 1 -0.0437826
7 7 3 2 -0.0000000
7 7 3 3 0.4195813
7 7 4 0 0.0026234
7 7 4 1 0.0063696
7 7 4 2 0.0000000
7 7 4 3 0.0206058
7 7 4 4 0.3694234
7 7 5 0 0.0000000
7 7 5 1 -0.0000000
7 7 5 2 0.0550336
7 7 5 3 0.0000000
7 7 5 4 0.0000000
7 7 5 5 0.4073742
7 7 6 0 0.0031165
7 7 6 1 -0.0138722
7 7 6 2 -0.0000000
7 7 6 3 0.0070378
7 7 6 4 -0.0054186
7 7 6 5 0.0000000
7 7 6 6 0.5084211
7 7 7 0 0.0062527
7 7 7 1 0.0019887
7 7 7 2 0.0000000
7 7 7 3 0.0163922
7 7 7 4 -0.0380992
7 7 7 5 -0.0000000
7 7 7 6 -0.0175823
7 7 7 7 0.5146545
8 0 0 0 -0.0000000
8 0 1 0 0.0000000
8 0 1 1 -0.0000000
8 0 2 0 -0.0001895
8 0 2 1 0.0002928
8 0 2 2 0.0000000
8 0 3 0 0.0000000
8 0 3 1 -0.0000000
8 0 3 2 0.0001304
8 0 3 3 -0.0000000
8 0 4 0 -0.0000000
8 0 4 1 0.0000000
8 0 4 2 0.0000237
8 0 4 3 0.0000000
8 0 4 4 0.0000000
8 0 5 0 -0.0003899
8 0 5 1 0.0004578
8 0 5 2 0.0000000
8 0 5 3 0.0000975
8 0 5 4 0.0002272
8 0 5 5 0.0000000
8 0 6 0 0.0000000
8 0 6 1 -0.0000000
8 0 6 2 0.0001839
8 0 6 3 -0.0000000
8 0 6 4 -0.0000000
8 0 6 5 0.0003497
8 0 6 6 -0.0000000
8 0 7 0 0.0000000
8 0 7 1 0.0000000
8 0 7 2 -0.0001586
8 0 7 3 0.0000000
8 0 7 4 -0.0000000
8 0 7 5 -0.0001181
8 0 7 6 0.0000000
8 0 7 7 -0.0000000
8 0 8 0 0.0000104
8 0 8 1 -0.0000049
8 0 8 2 0.0000000
8 0 8 3 -0.0000459
8 0 8 4 0.0000015
8 0 8 5 -0.0000000
8 0 8 6 -0.0002017
8 0 8 7 -0.0000280
8 0 8 8 -0.0000000
8 1 0 0 0.0000000
8 1 1 0 -0.0000000
8 1 1 1 0.0000000
8 1 2 0 0.0013299
8 1 2 1 -0.0113669
8 1 2 2 -0.0000000
8 1 3 0 -0.0000000
8 1 3 1 0.0000000
8 1 3 2 -0.0047631
8 1 3 3 0.0000000
8 1 4 0 0.0000000
8 1 4 1 -0.0000000
8 1 4 2 0.0077863
8 1 4 3 -0.0000000
8 1 4 4 0.0000000
8 1 5 0 0.0029074
8 1 5 1 -0.0146339
8 1 5 2 -0.0000000
8 1 5 3 0.0016349
8 1 5 4 -0.0086429
8 1 5 5 -0.0000000
8 1 6 0 -0.0000000
8 1 6 1 0.0000000
8 1 6 2 -0.0068295
8 1 6 3 -0.0000000
8 1 6 4 0.0000000
8 1 6 5 -0.0095041
8 1 6 6 0.0000000
8 1 7 0 0.0000000
8 1 7 1 -0.0000000
8 1 7 2 0.0056545
8 1 7 3 -0.0000000
8 1 7 4 0.0000000
8 1 7 5 0.0015629
8 1 7 6 -0.0000000
8 1 7 7 -0.0000000
8 1 8 0 -0.0000049
8 1 8 1 0.0215431
8 1 8 2 0.0000000
8 1 8 3 -0.0126959
8 1 8 4 -0.0007221
8 1 8 5 -0.0000000
8 1 8 6 -0.0258189
8 1 8 7 0.0007351
8 1 8 8 -0.0000000
8 2 0 0 -0.0193845
8 2 1 0 -0.0001177
8 2 1 1 -0.0057455
8 2 2 0 0.0000000
8 2 2 1 -0.0000000
8 2 2 2 -0.0151843
8 2 3 0 -0.0002118
8 2 3 1 -0.0052658
8 2 3 2 -0.0000000
8 2 3 3 -0.0097896
8 2 4 0 -0.0001496
8 2 4 1 -0.0000824
8 2 4 2 0.0000000
8 2 4 3 -0.0002000
8 2 4 4 -0.0135986
8 2 5 0 0.0000000
8 2 5 1 -0.0000000
8 2 5 2 -0.0022533
8 2 5 3 0.0000000
8 2 5 4 -0.0000000
8 2 5 5 -0.0161086
8 2 6 0 -0.0000120
8 2 6 1 -0.0139316
8 2 6 2 -0.0000000
8 2 6 3 0.0091684
8 2 6 4 -0.0000406
8 2 6 5 0.0000000
8 2 6 6 0.0066508
8 2 7 0 -0.0001634
8 2 7 1 0.0009822
8 2 7 2 0.0000000
8 2 7 3 0.0017767
8 2 7 4 0.0010100
8 2 7 5 0.0000000
8 2 7 6 0.0012396
8 2 7 7 0.0077122
8 2 8 0 0.0000000
8 2 8 1 0.0000000
8 2 8 2 0.0042086
8 2 8 3 -0.0000000
8 2 8 4 0.0000000
8 2 8 5 0.0033875
8 2 8 6 -0.0000000
8 2 8 7 0.0000000
8 2 8 8 0.0294710
8 3 0 0 0.0000000
8 3 1 0 0.0000000
8 3 1 1 -0.0000000
8 3 2 0 -0.0003859
8 3 2 1 0.0037634
8 3 2 2 0.0000000
8 3 3 0 0.0000000
8 3 3 1 -0.0000000
8 3 3 2 0.0001851
8 3 3 3 0.0000000
8 3 4 0 -0.0000000
8 3 4 1 0.0000000
8 3 4 2 -0.0023293
8 3 4 3 -0.0000000
8 3 4 4 0.0000000
8 3 5 0 -0.0008321
8 3 5 1 0.0052426
8 3 5 2 0.0000000
8 3 5 3 -0.0019925
8 3 5 4 0.0020298
8 3 5 5 0.0000000
8 3 6 0 0.0000000
8 3 6 1 -0.0000000
8 3 6 2 0.0031729
8 3 6 3 0.0000000
8 3 6 4 -0.0000000
8 3 6 5 0.0036059
8 3 6 6 -0.0000000
8 3 7 0 0.0000000
8 3 7 1 0.0000000
8 3 7 2 -0.0017300
8 3 7 3 0.0000000
8 3 7 4 -0.0000000
8 3 7 5 -0.0008106
8 3 7 6 0.0000000
8 3 7 7 -0.0000000
8 3 8 0 -0.0000459
8 3 8 1 -0.0126959
8 3 8 2 -0.0000000
8 3 8 3 0.0083284
8 3 8 4 0.0002910
8 3 8 5 0.0000000
8 3 8 6 0.0172903
8 3 8 7 0.0012087
8 3 8 8 -0.0000000
8 4 0 0 -0.0000000
8 4 1 0 0.0000000
8 4 1 1 -0.0000000
8 4 2 0 0.0000035
8 4 2 1 0.0013991
8 4 2 2 -0.0000000
8 4 3 0 -0.0000000
8 4 3 1 -0.0000000
8 4 3 2 0.0014898
8 4 3 3 -0.0000000
8 4 4 0 -0.0000000
8 4 4 1 0.0000000
8 4 4 2 -0.0035911
8 4 4 3 -0.0000000
8 4 4 4 -0.0000000
8 4 5 0 -0.0001215
8 4 5 1 0.0005610
8 4 5 2 -0.0000000
8 4 5 3 -0.0009331
8 4 5 4 0.0028327
8 4 5 5 -0.0000000
8 4 6 0 0.0000000
8 4 6 1 -0.0000000
8 4 6 2 0.0002716
8 4 6 3 0.0000000
8 4 6 4 -0.0000000
8 4 6 5 0.0006676
8 4 6 6 -0.0000000
8 4 7 0 0.0000000
8 4 7 1 0.0000000
8 4 7 2 -0.0013327
8 4 7 3 0.0000000
8 4 7 4 0.0000000
8 4 7 5 0.0003035
8 4 7 6 -0.0000000
8 4 7 7 0.0000000
8 4 8 0 0.0000015
8 4 8 1 -0.0007221
8 4 8 2 0.0000000
8 4 8 3 0.0002910
8 4 8 4 0.0002250
8 4 8 5 0.0000000
8 4 8 6 0.0003146
8 4 8 7 0.0003296
8 4 8 8 0.0000000
8 5 0 0 -0.0263046
8 5 1 0 0.0002654
8 5 1 1 -0.0165012
8 5 2 0 -0.0000000
8 5 2 1 0.0000000
8 5 2 2 -0.0120662
8 5 3 0 -0.0003088
8 5 3 1 -0.0026070
8 5 3 2 0.0000000
8 5 3 3 -0.0136257
8 5 4 0 -0.0006262
8 5 4 1 -0.0012552
8 5 4 2 -0.0000000
8 5 4 3 -0.0026795
8 5 4 4 -0.0091490
8 5 5 0 0.0000000
8 5 5 1 -0.0000000
8 5 5 2 -0.0074608
8 5 5 3 0.0000000
8 5 5 4 0.0000000
8 5 5 5 -0.0176058
8 5 6 0 0.0004229
8 5 6 1 -0.0126270
8 5 6 2 0.0000000
8 5 6 3 0.0060676
8 5 6 4 0.0001229
8 5 6 5 0.0000000
8 5 6 6 -0.0046241
8 5 7 0 0.0001243
8 5 7 1 0.0006071
8 5 7 2 -0.0000000
8 5 7 3 -0.0002800
8 5 7 4 0.0020332
8 5 7 5 -0.0000000
8 5 7 6 0.0003045
8 5 7 7 0.0021999
8 5 8 0 -0.0000000
8 5 8 1 -0.0000000
8 5 8 2 0.0033875
8 5 8 3 0.0000000
8 5 8 4 0.0000000
8 5 8 5 0.0034135
8 5 8 6 0.0000000
8 5 8 7 -0.0000000
8 5 8 8 0.0175547
8 6 0 0 0.0000000
8 6 1 0 -0.0000000
8 6 1 1 0.0000000
8 6 2 0 -0.0001506
8 6 2 1 0.0037129
8 6 2 2 0.0000000
8 6 3 0 0.0000000
8 6 3 1 0.0000000
8 6 3 2 0.0022953
8 6 3 3 0.0000000
8 6 4 0 0.0000000
8 6 4 1 0.0000000
8 6 4 2 -0.0045171
8 6 4 3 0.0000000
8 6 4 4 0.0000000
8 6 5 0 -0.0004125
8 6 5 1 0.0049336
8 6 5 2 0.0000000
8 6 5 3 -0.0014935
8 6 5 4 0.0036058
8 6 5 5 0.0000000
8 6 6 0 -0.0000000
8 6 6 1 0.0000000
8 6 6 2 0.0038332
8 6 6 3 -0.0000000
8 6 6 4 -0.0000000
8 6 6 5 0.0032266
8 6 6 6 -0.0000000
8 6 7 0 -0.0000000
8 6 7 1 0.0000000
8 6 7 2 -0.0020822
8 6 7 3 0.0000000
8 6 7 4 -0.0000000
8 6 7 5 -0.0004251
8 6 7 6 0.0000000
8 6 7 7 -0.0000000
8 6 8 0 -0.0002017
8 6 8 1 -0.0258189
8 6 8 2 -0.0000000
8 6 8 3 0.0172903
8 6 8 4 0.0003146
8 6 8 5 0.0000000
8 6 8 6 0.0416808
8 6 8 7 -0.0010720
8 6 8 8 -0.0000000
8 7 0 0 -0.0000000
8 7 1 0 0.0000000
8 7 1 1 -0.0000000
8 7 2 0 -0.0001991
8 7 2 1 0.0010963
8 7 2 2 0.0000000
8 7 3 0 0.0000000
8 7 3 1 -0.0000000
8 7 3 2 0.0010773
8 7 3 3 -0.0000000
8 7 4 0 -0.0000000
8 7 4 1 0.0000000
8 7 4 2 -0.0004718
8 7 4 3 0.0000000
8 7 4 4 0.0000000
8 7 5 0 -0.0003985
8 7 5 1 0.0016109
8 7 5 2 0.0000000
8 7 5 3 0.0002956
8 7 5 4 0.0009584
8 7 5 5 0.0000000
8 7 6 0 0.0000000
8 7 6 1 -0.0000000
8 7 6 2 0.0005181
8 7 6 3 -0.0000000
8 7 6 4 -0.0000000
8 7 6 5 0.0007380
8 7 6 6 -0.0000000
8 7 7 0 0.0000000
8 7 7 1 -0.0000000
8 7 7 2 0.0010894
8 7 7 3 -0.0000000
8 7 7 4 0.0000000
8 7 7 5 0.0011612
8 7 7 6 -0.0000000
8 7 7 7 0.0000000
8 7 8 0 -0.0000280
8 7 8 1 0.0007351
8 7 8 2 0.0000000
8 7 8 3 0.0012087
8 7 8 4 0.0003296
8 7 8 5 -0.0000000
8 7 8 6 -0.0010720
8 7 8 7 0.0210482
8 7 8 8 0.0000000
8 8 0 0 0.3244156
8 8 1 0 -0.0029930
8 8 1 1 0.4391386
8 8 2 0 -0.0000000
8 8 2 1 0.0000000
8 8 2 2 0.2654274
8 8 3 0 0.0038334
8 8 3 1 -0.0880528
8 8 3 2 -0.0000000
8 8 3 3 0.3229358
8 8 4 0 0.0041373
8 8 4 1 0.0024323
8 8 4 2 0.0000000
8 8 4 3 0.0070462
8 8 4 4 0.2380369
8 8 5 0 -0.0000000
8 8 5 1 -0.0000000
8 8 5 2 0.0446581
8 8 5 3 0.0000000
8 8 5 4 0.0000000
8 8 5 5 0.2899346
8 8 6 0 -0.0059110
8 8 6 1 -0.0973550
8 8 6 2 -0.0000000
8 8 6 3 0.0872953
8 8 6 4 -0.0000641
8 8 6 5 0.0000000
8 8 6 6 0.5349251
8 8 7 0 -0.0013684
8 8 7 1 0.0046626
8 8 7 2 0.0000000
8 8 7 3 0.0325917
8 8 7 4 -0.0038512
8 8 7 5 -0.0000000
8 8 7 6 -0.0081373
8 8 7 7 0.4670421
8 8 8 0 -0.0000000
8 8 8 1 -0.0000000
8 8 8 2 0.0294710
8 8 8 3 -0.0000000
8 8 8 4 0.0000000
8 8 8 5 0.0175547
8 8 8 6 -0.0000000
8 8 8 7 0.0000000
8 8 8 8 0.6728327
9 0 0 0 -0.0027897
9 0 1 0 -0.0001219
9 0 1 1 -0.0004616
9 0 2 0 -0.0000000
9 0 2 1 -0.0000000
9 0 2 2 -0.0003369
9 0 3 0 -0.0000545
9 0 3 1 -0.0001894
9 0 3 2 -0.0000000
9 0 3 3 -0.0004736
9 0 4 0 -0.0002067
9 0 4 1 -0.0000698
9 0 4 2 -0.0000000
9 0 4 3 -0.0001409
9 0 4 4 -0.0003357
9 0 5 0 -0.0000000
9 0 5 1 -0.0000000
9 0 5 2 -0.0002274
9 0 5 3 0.0000000
9 0 5 4 -0.0000000
9 0 5 5 -0.0005823
9 0 6 0 -0.0000906
9 0 6 1 -0.0004766
9 0 6 2 -0.0000000
9 0 6 3 0.0002275
9 0 6 4 0.0000125
9 0 6 5 0.0000000
9 0 6 6 -0.0001379
9 0 7 0 0.0001214
9 0 7 1 -0.0000157
9 0 7 2 -0.0000000
9 0 7 3 -0.0000170
9 0 7 4 0.0000852
9 0 7 5 -0.0000000
9 0 7 6 -0.0000201
9 0 7 7 0.0000577
9 0 8 0 0.0000000
9 0 8 1 -0.0000000
9 0 8 2 0.0000719
9 0 8 3 -0.0000000
9 0 8 4 0.0000000
9 0 8 5 0.0000695
9 0 8 6 -0.0000000
9 0 8 7 0.0000000
9 0 8 8 0.0004525
9 0 9 0 0.0000067
9 0 9 1 0.0000512
9 0 9 2 0.0000000
9 0 9 3 -0.0000639
9 0 9 4 0.0000078
9 0 9 5 -0.0000000
9 0 9 6 -0.0002076
9 0 9 7 -0.0000201
9 0 9 8 -0.0000000
9 0 9 9 0.0031112
9 1 0 0 0.0045865
9 1 1 0 -0.0001256
9 1 1 1 0.0023074
9 1 2 0 -0.0000000
9 1 2 1 -0.0000000
9 1 2 2 0.0025202
9 1 3 0 -0.0000324
9 1 3 1 0.0018598
9 1 3 2 0.0000000
9 1 3 3 0.0021849
9 1 4 0 0.0001027
9 1 4 1 0.0001937
9 1 4 2 0.0000000
9 1 4 3 0.0005196
9 1 4 4 0.0021635
9 1 5 0 -0.0000000
9 1 5 1 0.0000000
9 1 5 2 0.0010462
9 1 5 3 -0.0000000
9 1 5 4 0.0000000
9 1 5 5 0.0033854
9 1 6 0 -0.0000898
9 1 6 1 0.0043294
9 1 6 2 0.0000000
9 1 6 3 -0.0022360
9 1 6 4 0.0000054
9 1 6 5 -0.0000000
9 1 6 6 -0.0021518
9 1 7 0 -0.0000891
9 1 7 1 -0.0002145
9 1 7 2 -0.0000000
9 1 7 3 0.0003282
9 1 7 4 -0.0002312
9 1 7 5 0.0000000
9 1 7 6 0.0006855
9 1 7 7 0.0002690
9 1 8 0 -0.0000000
9 1 8 1 0.0000000
9 1 8 2 -0.0004546
9 1 8 3 -0.0000000
9 1 8 4 -0.0000000
9 1 8 5 -0.0004430
9 1 8 6 0.0000000
9 1 8 7 0.0000000
9 1 8 8 -0.0013741
9 1 9 0 0.0000512
9 1 9 1 0.0041570
9 1 9 2 0.0000000
9 1 9 3 -0.0030663
9 1 9 4 0.0001758
9 1 9 5 -0.0000000
9 1 9 6 -0.0093190
9 1 9 7 0.0007792
9 1 9 8 -0.0000000
9 1 9 9 0.0408994
9 2 0 0 0.0000000
9 2 1 0 -0.0000000
9 2 1 1 0.0000000
9 2 2 0 -0.0000368
9 2 2 1 0.0002381
9 2 2 2 0.0000000
9 2 3 0 -0.0000000
9 2 3 1 0.0000000
9 2 3 2 0.0000210
9 2 3 3 0.0000000
9 2 4 0 0.0000000
9 2 4 1 0.0000000
9 2 4 2 -0.0000082
9 2 4 3 0.0000000
9 2 4 4 0.0000000
9 2 5 0 -0.0000736
9 2 5 1 0.0003751
9 2 5 2 0.0000000
9 2 5 3 0.0000480
9 2 5 4 0.0000221
9 2 5 5 0.0000000
9 2 6 0 0.0000000
9 2 6 1 0.0000000
9 2 6 2 0.0002364
9 2 6 3 -0.0000000
9 2 6 4 0.0000000
9 2 6 5 0.0002755
9 2 6 6 -0.0000000
9 2 7 0 -0.0000000
9 2 7 1 -0.0000000
9 2 7 2 -0.0000252
9 2 7 3 0.0000000
9 2 7 4 -0.0000000
9 2 7 5 -0.0000378
9 2 7 6 0.0000000
9 2 7 7 0.0000000
9 2 8 0 0.0000011
9 2 8 1 -0.0005438
9 2 8 2 -0.0000000
9 2 8 3 0.0003306
9 2 8 4 -0.0000009
9 2 8 5 0.0000000
9 2 8 6 0.0007509
9 2 8 7 -0.0000536
9 2 8 8 -0.0000000
9 2 9 0 0.0000000
9 2 9 1 0.0000000
9 2 9 2 0.0002033
9 2 9 3 -0.0000000
9 2 9 4 0.0000000
9 2 9 5 0.0001721
9 2 9 6 -0.0000000
9 2 9 7 0.0000000
9 2 9 8 0.0016585
9 2 9 9 0.0000000
9 3 0 0 -0.0006971
9 3 1 0 -0.0000368
9 3 1 1 0.0002798
9 3 2 0 -0.0000000
9 3 2 1 0.0000000
9 3 2 2 -0.0008478
9 3 3 0 -0.0000606
9 3 3 1 -0.0003469
9 3 3 2 -0.0000000
9 3 3 3 -0.0001746
9 3 4 0 0.0000052
9 3 4 1 0.0000773
9 3 4 2 0.0000000
9 3 4 3 0.0000892
9 3 4 4 -0.0007837
9 3 5 0 0.0000000
9 3 5 1 -0.0000000
9 3 5 2 0.0000141
9 3 5 3 0.0000000
9 3 5 4 0.0000000
9 3 5 5 -0.0007198
9 3 6 0 0.0000014
9 3 6 1 -0.0012298
9 3 6 2 -0.0000000
9 3 6 3 0.0010497
9 3 6 4 0.0000004
9 3 6 5 0.0000000
9 3 6 6 0.0011981
9 3 7 0 -0.0000418
9 3 7 1 -0.0000000
9 3 7 2 -0.0000000
9 3 7 3 0.0000632
9 3 7 4 0.0000559
9 3 7 5 0.0000000
9 3 7 6 0.0002561
9 3 7 7 -0.0012800
9 3 8 0 -0.0000000
9 3 8 1 0.0000000
9 3 8 2 -0.0000538
9 3 8 3 -0.0000000
9 3 8 4 -0.0000000
9 3 8 5 -0.0000608
9 3 8 6 -0.0000000
9 3 8 7 0.0000000
9 3 8 8 -0.0013556
9 3 9 0 -0.0000639
9 3 9 1 -0.0030663
9 3 9 2 -0.0000000
9 3 9 3 0.0025648
9 3 9 4 -0.0001443
9 3 9 5 0.0000000
9 3 9 6 0.0075499
9 3 9 7 0.0005965
9 3 9 8 -0.0000000
9 3 9 9 -0.0450707
9 4 0 0 -0.0008061
9 4 1 0 -0.0000518
9 4 1 1 -0.0000495
9 4 2 0 -0.0000000
9 4 2 1 0.0000000
9 4 2 2 -0.0001741
9 4 3 0 -0.0000219
9 4 3 1 -0.0000632
9 4 3 2 0.0000000
9 4 3 3 -0.0001670
9 4 4 0 -0.0000136
9 4 4 1 0.0000016
9 4 4 2 -0.0000000
9 4 4 3 -0.0001013
9 4 4 4 -0.0002030
9 4 5 0 -0.0000000
9 4 5 1 -0.0000000
9 4 5 2 -0.0001313
9 4 5 3 0.0000000
9 4 5 4 0.0000000
9 4 5 5 -0.0002110
9 4 6 0 -0.0000395
9 4 6 1 -0.0002889
9 4 6 2 0.0000000
9 4 6 3 0.0002644
9 4 6 4 0.0000482
9 4 6 5 0.0000000
9 4 6 6 0.0002192
9 4 7 0 -0.0000204
9 4 7 1 -0.0000008
9 4 7 2 -0.0000000
9 4 7 3 0.0000972
9 4 7 4 0.0001496
9 4 7 5 0.0000000
9 4 7 6 0.0000752
9 4 7 7 0.0001930
9 4 8 0 0.0000000
9 4 8 1 -0.0000000
9 4 8 2 0.0000935
9 4 8 3 0.0000000
9 4 8 4 0.0000000
9 4 8 5 0.0000762
9 4 8 6 0.0000000
9 4 8 7 0.0000000
9 4 8 8 0.0006195
9 4 9 0 0.0000078
9 4 9 1 0.0001758
9 4 9 2 0.0000000
9 4 9 3 -0.0001443
9 4 9 4 0.0000236
9 4 9 5 -0.0000000
9 4 9 6 -0.0005322
9 4 9 7 0.0002009
9 4 9 8 0.0000000
9 4 9 9 0.0068274
9 5 0 0 0.0000000
9 5 1 0 -0.0000000
9 5 1 1 0.0000000
9 5 2 0 -0.0000723
9 5 2 1 0.0004491
9 5 2 2 0.0000000
9 5 3 0 0.0000000
9 5 3 1 -0.0000000
9 5 3 2 0.0002390
9 5 3 3 0.0000000
9 5 4 0 0.0000000
9 5 4 1 0.0000000
9 5 4 2 -0.0002642
9 5 4 3 0.0000000
9 5 4 4 0.0000000
9 5 5 0 -0.0001573
9 5 5 1 0.0006337
9 5 5 2 0.0000000
9 5 5 3 0.0000273
9 5 5 4 0.0003458
9 5 5 5 0.0000000
9 5 6 0 0.0000000
9 5 6 1 -0.0000000
9 5 6 2 0.0002909
9 5 6 3 0.0000000
9 5 6 4 -0.0000000
9 5 6 5 0.0004538
9 5 6 6 0.0000000
9 5 7 0 -0.0000000
9 5 7 1 0.0000000
9 5 7 2 -0.0001831
9 5 7 3 -0.0000000
9 5 7 4 -0.0000000
9 5 7 5 -0.0000161
9 5 7 6 -0.0000000
9 5 7 7 -0.0000000
9 5 8 0 0.0000036
9 5 8 1 -0.0006016
9 5 8 2 -0.0000000
9 5 8 3 0.0003391
9 5 8 4 0.0000052
9 5 8 5 -0.0000000
9 5 8 6 0.0007060
9 5 8 7 0.0000285
9 5 8 8 -0.0000000
9 5 9 0 -0.0000000
9 5 9 1 -0.0000000
9 5 9 2 0.0001721
9 5 9 3 0.0000000
9 5 9 4 -0.0000000
9 5 9 5 0.0001500
9 5 9 6 0.0000000
9 5 9 7 -0.0000000
9 5 9 8 0.0013751
9 5 9 9 -0.0000000
9 6 0 0 0.0033029
9 6 1 0 -0.0000898
9 6 1 1 0.0044234
9 6 2 0 0.0000000
9 6 2 1 0.0000000
9 6 2 2 0.0009338
9 6 3 0 0.0001108
9 6 3 1 -0.0017898
9 6 3 2 -0.0000000
9 6 3 3 0.0026275
9 6 4 0 0.0001271
9 6 4 1 0.0001668
9 6 4 2 0.0000000
9 6 4 3 0.0002305
9 6 4 4 0.0008232
9 6 5 0 -0.0000000
9 6 5 1 -0.0000000
9 6 5 2 0.0006897
9 6 5 3 0.0000000
9 6 5 4 -0.0000000
9 6 5 5 0.0016862
9 6 6 0 -0.0001483
9 6 6 1 -0.0011897
9 6 6 2 -0.0000000
9 6 6 3 0.0011138
9 6 6 4 -0.0000669
9 6 6 5 0.0000000
9 6 6 6 0.0049883
9 6 7 0 -0.0000215
9 6 7 1 0.0001227
9 6 7 2 0.0000000
9 6 7 3 -0.0004657
9 6 7 4 -0.0003148
9 6 7 5 -0.0000000
9 6 7 6 -0.0006992
9 6 7 7 -0.0033679
9 6 8 0 -0.0000000
9 6 8 1 0.0000000
9 6 8 2 -0.0008663
9 6 8 3 -0.0000000
9 6 8 4 -0.0000000
9 6 8 5 -0.0008649
9 6 8 6 0.0000000
9 6 8 7 -0.0000000
9 6 8 8 -0.0065390
9 6 9 0 -0.0002076
9 6 9 1 -0.0093190
9 6 9 2 -0.0000000
9 6 9 3 0.0075499
9 6 9 4 -0.0005322
9 6 9 5 0.0000000
9 6 9 6 0.0233233
9 6 9 7 -0.0009192
9 6 9 8 -0.0000000
9 6 9 9 -0.1529020
9 7 0 0 0.0009808
9 7 1 0 0.0001037
9 7 1 1 -0.0007390
9 7 2 0 0.0000000
9 7 2 1 -0.0000000
9 7 2 2 0.0007265
9 7 3 0 0.0000276
9 7 3 1 -0.0001534
9 7 3 2 -0.0000000
9 7 3 3 0.0004111
9 7 4 0 -0.0000178
9 7 4 1 -0.0001320
9 7 4 2 -0.0000000
9 7 4 3 -0.0001274
9 7 4 4 0.0009207
9 7 5 0 0.0000000
9 7 5 1 0.0000000
9 7 5 2 -0.0003215
9 7 5 3 -0.0000000
9 7 5 4 -0.0000000
9 7 5 5 0.0004335
9 7 6 0 0.0000591
9 7 6 1 0.0001251
9 7 6 2 0.0000000
9 7 6 3 -0.0001057
9 7 6 4 0.0000404
9 7 6 5 -0.0000000
9 7 6 6 0.0001644
9 7 7 0 0.0000504
9 7 7 1 -0.0011872
9 7 7 2 -0.0000000
9 7 7 3 0.0006426
9 7 7 4 -0.0001982
9 7 7 5 0.0000000
9 7 7 6 0.0020666
9 7 7 7 0.0001770
9 7 8 0 0.0000000
9 7 8 1 0.0000000
9 7 8 2 -0.0000015
9 7 8 3 -0.0000000
9 7 8 4 0.0000000
9 7 8 5 0.0001150
9 7 8 6 -0.0000000
9 7 8 7 -0.0000000
9 7 8 8 -0.0000624
9 7 9 0 -0.0000201
9 7 9 1 0.0007792
9 7 9 2 0.0000000
9 7 9 3 0.0005965
9 7 9 4 0.0002009
9 7 9 5 -0.0000000
9 7 9 6 -0.0009192
9 7 9 7 0.0091562
9 7 9 8 0.0000000
9 7 9 9 0.0149379
9 8 0 0 0.0000000
9 8 1 0 -0.0000000
9 8 1 1 0.0000000
9 8 2 0 0.0000750
9 8 2 1 -0.0012493
9 8 2 2 -0.0000000
9 8 3 0 -0.0000000
9 8 3 1 0.0000000
9 8 3 2 -0.0004282
9 8 3 3 0.0000000
9 8 4 0 0.0000000
9 8 4 1 -0.0000000
9 8 4 2 0.0010925
9 8 4 3 0.0000000
9 8 4 4 -0.0000000
9 8 5 0 0.0001851
9 8 5 1 -0.0011472
9 8 5 2 -0.0000000
9 8 5 3 0.0002586
9 8 5 4 -0.0010333
9 8 5 5 0.0000000
9 8 6 0 -0.0000000
9 8 6 1 0.0000000
9 8 6 2 0.0000811
9 8 6 3 -0.0000000
9 8 6 4 0.0000000
9 8 6 5 -0.0002947
9 8 6 6 0.0000000
9 8 7 0 -0.0000000
9 8 7 1 -0.0000000
9 8 7 2 0.0005028
9 8 7 3 -0.0000000
9 8 7 4 0.0000000
9 8 7 5 0.0000345
9 8 7 6 -0.0000000
9 8 7 7 -0.0000000
9 8 8 0 0.0000000
9 8 8 1 -0.0010308
9 8 8 2 -0.0000000
9 8 8 3 0.0009441
9 8 8 4 -0.0002605
9 8 8 5 0.0000000
9 8 8 6 0.0030381
9 8 8 7 -0.0004312
9 8 8 8 -0.0000000
9 8 9 0 -0.0000000
9 8 9 1 -0.0000000
9 8 9 2 0.0016585
9 8 9 3 -0.0000000
9 8 9 4 0.0000000
9 8 9 5 0.0013751
9 8 9 6 -0.0000000
9 8 9 7 0.0000000
9 8 9 8 0.0145315
9 8 9 9 0.0000000
9 9 0 0 0.3430180
9 9 1 0 -0.0034267
9 9 1 1 0.5204109
9 9 2 0 -0.0000000
9 9 2 1 0.0000000
9 9 2 2 0.2718162
9 9 3 0 0.0044380
9 9 3 1 -0.1349275
9 9 3 2 -0.0000000
9 9 3 3 0.3661315
9 9 4 0 0.0049498
9 9 4 1 0.0044619
9 9 4 2 0.0000000
9 9 4 3 0.0079089
9 9 4 4 0.2415333
9 9 5 0 -0.0000000
9 9 5 1 -0.0000000
9 9 5 2 0.0508529
9 9 5 3 0.0000000
9 9 5 4 0.0000000
9 9 5 5 0.3004291
9 9 6 0 -0.0076414
9 9 6 1 -0.1937544
9 9 6 2 -0.0000000
9 9 6 3 0.1592407
9 9 6 4 -0.0021844
9 9 6 5 0.0000000
9 9 6 6 0.7482139
9 9 7 0 -0.0020462
9 9 7 1 0.0114456
9 9 7 2 0.0000000
9 9 7 3 0.0478457
9 9 7 4 -0.0025805
9 9 7 5 -0.0000000
9 9 7 6 -0.0086083
9 9 7 7 0.6182416
9 9 8 0 -0.0000000
9 9 8 1 -0.0000000
9 9 8 2 0.0480705
9 9 8 3 -0.0000000
9 9 8 4 0.0000000
9 9 8 5 0.0314097
9 9 8 6 -0.0000000
9 9 8 7 0.0000000
9 9 8 8 0.8416886
9 9 9 0 0.0031112
9 9 9 1 0.0408994
9 9 9 2 0.0000000
9 9 9 3 -0.0450707
9 9 9 4 0.0068274
9 9 9 5 -0.0000000
9 9 9 6 -0.1529020
9 9 9 7 0.0149379
9 9 9 8 0.0000000
9 9 9 9 3.4993852
10 0 0 0 0.0247546
10 0 1 0 0.0011527
10 0 1 1 0.0035217
10 0 2 0 0.0000000
10 0 2 1 0.0000000
10 0 2 2 0.0001706
10 0 3 0 0.0000091
10 0 3 1 0.0015615
10 0 3 2 0.0000000
10 0 3 3 0.0018114
10 0 4 0 0.0031966
10 0 4 1 0.0007079
10 0 4 2 0.0000000
10 0 4 3 0.0009832
10 0 4 4 -0.0000067
10 0 5 0 0.0000000
10 0 5 1 0.0000000
10 0 5 2 0.0009237
10 0 5 3 0.0000000
10 0 5 4 0.0000000
10 0 5 5 0.0017831
10 0 6 0 0.0012566
10 0 6 1 0.0021340
10 0 6 2 0.0000000
10 0 6 3 0.0004606
10 0 6 4 0.0000696
10 0 6 5 -0.0000000
10 0 6 6 0.0012518
10 0 7 0 -0.0027186
10 0 7 1 0.0005650
10 0 7 2 0.0000000
10 0 7 3 0.0002969
10 0 7 4 0.0006781
10 0 7 5 0.0000000
10 0 7 6 0.0005694
10 0 7 7 -0.0013609
10 0 8 0 -0.0000000
10 0 8 1 0.0000000
10 0 8 2 -0.0001502
10 0 8 3 0.0000000
10 0 8 4 -0.0000000
10 0 8 5 -0.0002074
10 0 8 6 0.0000000
10 0 8 7 -0.0000000
10 0 8 8 -0.0007607
10 0 9 0 -0.0000357
10 0 9 1 0.0000592
10 0 9 2 0.0000000
10 0 9 3 0.0000035
10 0 9 4 0.0000000
10 0 9 5 0.0000000
10 0 9 6 0.0000275
10 0 9 7 -0.0000134
10 0 9 8 0.0000000
10 0 9 9 -0.0010080
10 0 10 0 0.0006751
10 0 10 1 -0.0005554
10 0 10 2 -0.0000000
10 0 10 3 -0.0000200
10 0 10 4 -0.0001508
10 0 10 5 0.0000000
10 0 10 6 -0.0000056
10 0 10 7 -0.0000524
10 0 10 8 -0.0000000
10 0 10 9 -0.0000224
10 0 10 10 -0.0012464
10 1 0 0 -0.0349314
10 1 1 0 0.0014616
10 1 1 1 -0.0385593
10 1 2 0 0.0000000
10 1 2 1 -0.0000000
10 1 2 2 -0.0146008
10 1 3 0 0.0008031
10 1 3 1 -0.0029027
10 1 3 2 -0.0000000
10 1 3 3 -0.0248459
10 1 4 0 -0.0009134
10 1 4 1 -0.0022968
10 1 4 2 0.0000000
10 1 4 3 -0.0056134
10 1 4 4 -0.0127485
10 1 5 0 0.0000000
10 1 5 1 -0.0000000
10 1 5 2 -0.0090833
10 1 5 3 0.0000000
10 1 5 4 -0.0000000
10 1 5 5 -0.0234702
10 1 6 0 0.0009049
10 1 6 1 -0.0109093
10 1 6 2 0.0000000
10 1 6 3 -0.0007512
10 1 6 4 0.0008480
10 1 6 5 0.0000000
10 1 6 6 -0.0216294
10 1 7 0 0.0011139
10 1 7 1 -0.0000517
10 1 7 2 0.0000000
10 1 7 3 -0.0021174
10 1 7 4 0.0016782
10 1 7 5 -0.0000000
10 1 7 6 -0.0051602
10 1 7 7 -0.0017163
10 1 8 0 0.0000000
10 1 8 1 -0.0000000
10 1 8 2 0.0035985
10 1 8 3 -0.0000000
10 1 8 4 0.0000000
10 1 8 5 0.0044150
10 1 8 6 -0.0000000
10 1 8 7 -0.0000000
10 1 8 8 0.0061928
10 1 9 0 0.0001225
10 1 9 1 -0.0001451
10 1 9 2 0.0000000
10 1 9 3 -0.0007929
10 1 9 4 0.0001918
10 1 9 5 -0.0000000
10 1 9 6 -0.0037439
10 1 9 7 0.0002441
10 1 9 8 -0.0000000
10 1 9 9 0.0316727
10 1 10 0 -0.0005554
10 1 10 1 0.0207147
10 1 10 2 0.0000000
10 1 10 3 -0.0098202
10 1 10 4 -0.0007791
10 1 10 5 -0.0000000
10 1 10 6 -0.0236075
10 1 10 7 -0.0003182
10 1 10 8 -0.0000000
10 1 10 9 -0.0005089
10 1 10 10 0.0461439
10 2 0 0 -0.0000000
10 2 1 0 0.0000000
10 2 1 1 -0.0000000
10 2 2 0 -0.0007538
10 2 2 1 0.0044086
10 2 2 2 -0.0000000
10 2 3 0 0.0000000
10 2 3 1 -0.0000000
10 2 3 2 0.0065618
10 2 3 3 -0.0000000
10 2 4 0 -0.0000000
10 2 4 1 0.0000000
10 2 4 2 -0.0098272
10 2 4 3 -0.0000000
10 2 4 4 -0.0000000
10 2 5 0 -0.0018399
10 2 5 1 0.0021365
10 2 5 2 -0.0000000
10 2 5 3 -0.0022110
10 2 5 4 0.0111755
10 2 5 5 -0.0000000
10 2 6 0 0.0000000
10 2 6 1 -0.0000000
10 2 6 2 0.0010152
10 2 6 3 0.0000000
10 2 6 4 -0.0000000
10 2 6 5 0.0029049
10 2 6 6 -0.0000000
10 2 7 0 0.0000000
10 2 7 1 0.0000000
10 2 7 2 -0.0074159
10 2 7 3 -0.0000000
10 2 7 4 0.0000000
10 2 7 5 -0.0009678
10 2 7 6 -0.0000000
10 2 7 7 -0.0000000
10 2 8 0 -0.0000209
10 2 8 1 -0.0019072
10 2 8 2 0.0000000
10 2 8 3 0.0012689
10 2 8 4 0.0002466
10 2 8 5 0.0000000
10 2 8 6 0.0033912
10 2 8 7 0.0001674
10 2 8 8 0.0000000
10 2 9 0 0.0000000
10 2 9 1 -0.0000000
10 2 9 2 0.0000528
10 2 9 3 -0.0000000
10 2 9 4 0.0000000
10 2 9 5 0.0000752
10 2 9 6 -0.0000000
10 2 9 7 0.0000000
10 2 9 8 0.0000967
10 2 9 9 0.0000000
10 2 10 0 -0.0000000
10 2 10 1 0.0000000
10 2 10 2 0.0028064
10 2 10 3 -0.0000000
10 2 10 4 -0.0000000
10 2 10 5 0.0010569
10 2 10 6 -0.0000000
10 2 10 7 -0.0000000
10 2 10 8 0.0113207
10 2 10 9 -0.0000000
10 2 10 10 0.0000000
10 3 0 0 0.0023928
10 3 1 0 0.0003444
10 3 1 1 0.0069002
10 3 2 0 0.0000000
10 3 2 1 -0.0000000
10 3 2 2 0.0097638
10 3 3 0 -0.0006654
10 3 3 1 -0.0013966
10 3 3 2 -0.0000000
10 3 3 3 0.0079116
10 3 4 0 -0.0006052
10 3 4 1 -0.0008855
10 3 4 2 -0.0000000
10 3 4 3 0.0010209
10 3 4 4 0.0108809
10 3 5 0 0.0000000
10 3 5 1 -0.0000000
10 3 5 2 -0.0018249
10 3 5 3 0.0000000
10 3 5 4 -0.0000000
10 3 5 5 0.0075207
10 3 6 0 0.0008142
10 3 6 1 -0.0027282
10 3 6 2 0.0000000
10 3 6 3 0.0005075
10 3 6 4 -0.0016816
10 3 6 5 -0.0000000
10 3 6 6 0.0065632
10 3 7 0 0.0001674
10 3 7 1 -0.0021881
10 3 7 2 -0.0000000
10 3 7 3 -0.0035513
10 3 7 4 -0.0006403
10 3 7 5 0.0000000
10 3 7 6 0.0059543
10 3 7 7 0.0018150
10 3 8 0 0.0000000
10 3 8 1 0.0000000
10 3 8 2 -0.0010804
10 3 8 3 0.0000000
10 3 8 4 -0.0000000
10 3 8 5 -0.0012632
10 3 8 6 0.0000000
10 3 8 7 -0.0000000
10 3 8 8 -0.0001698
10 3 9 0 -0.0000323
10 3 9 1 -0.0003226
10 3 9 2 -0.0000000
10 3 9 3 0.0005531
10 3 9 4 -0.0000971
10 3 9 5 0.0000000
10 3 9 6 0.0022322
10 3 9 7 0.0001101
10 3 9 8 -0.0000000
10 3 9 9 -0.0121788
10 3 10 0 -0.0000200
10 3 10 1 -0.0098202
10 3 10 2 -0.0000000
10 3 10 3 0.0078555
10 3 10 4 0.0004276
10 3 10 5 0.0000000
10 3 10 6 0.0144135
10 3 10 7 0.0081326
10 3 10 8 -0.0000000
10 3 10 9 0.0007805
10 3 10 10 -0.0193311
10 4 0 0 0.0299251
10 4 1 0 0.0017263
10 4 1 1 0.0065952
10 4 2 0 0.0000000
10 4 2 1 0.0000000
10 4 2 2 0.0027040
10 4 3 0 0.0005081
10 4 3 1 0.0000340
10 4 3 2 0.0000000
10 4 3 3 0.0096014
10 4 4 0 0.0001554
10 4 4 1 0.0012742
10 4 4 2 0.0000000
10 4 4 3 0.0055555
10 4 4 4 0.0038114
10 4 5 0 0.0000000
10 4 5 1 -0.0000000
10 4 5 2 0.0075554
10 4 5 3 -0.0000000
10 4 5 4 -0.0000000
10 4 5 5 0.0067713
10 4 6 0 0.0013760
10 4 6 1 0.0034628
10 4 6 2 -0.0000000
10 4 6 3 -0.0042272
10 4 6 4 -0.0017260
10 4 6 5 0.0000000
10 4 6 6 0.0073632
10 4 7 0 0.0009383
10 4 7 1 -0.0000428
10 4 7 2 -0.0000000
10 4 7 3 -0.0001669
10 4 7 4 -0.0063906
10 4 7 5 0.0000000
10 4 7 6 -0.0000491
10 4 7 7 0.0082351
10 4 8 0 -0.0000000
10 4 8 1 0.0000000
10 4 8 2 -0.0003584
10 4 8 3 0.0000000
10 4 8 4 -0.0000000
10 4 8 5 -0.0005947
10 4 8 6 0.0000000
10 4 8 7 -0.0000000
10 4 8 8 0.0003472
10 4 9 0 -0.0000207
10 4 9 1 0.0001060
10 4 9 2 0.0000000
10 4 9 3 -0.0000336
10 4 9 4 -0.0000378
10 4 9 5 0.0000000
10 4 9 6 0.0000418
10 4 9 7 0.0000437
10 4 9 8 0.0000000
10 4 9 9 -0.0000244
10 4 10 0 -0.0001508
10 4 10 1 -0.0007791
10 4 10 2 -0.0000000
10 4 10 3 0.0004276
10 4 10 4 0.0014895
10 4 10 5 0.0000000
10 4 10 6 0.0007769
10 4 10 7 -0.0009839
10 4 10 8 0.0000000
10 4 10 9 0.0000358
10 4 10 10 -0.0001620
10 5 0 0 0.0000000
10 5 1 0 -0.0000000
10 5 1 1 0.0000000
10 5 2 0 -0.0004881
10 5 2 1 -0.0006897
10 5 2 2 0.0000000
10 5 3 0 0.0000000
10 5 3 1 -0.0000000
10 5 3 2 -0.0016113
10 5 3 3 0.0000000
10 5 4 0 0.0000000
10 5 4 1 -0.0000000
10 5 4 2 0.0040660
10 5 4 3 -0.0000000
10 5 4 4 0.0000000
10 5 5 0 -0.0007291
10 5 5 1 -0.0005233
10 5 5 2 0.0000000
10 5 5 3 0.0005814
10 5 5 4 -0.0021797
10 5 5 5 0.0000000
10 5 6 0 -0.0000000
10 5 6 1 -0.0000000
10 5 6 2 0.0005304
10 5 6 3 0.0000000
10 5 6 4 0.0000000
10 5 6 5 -0.0002451
10 5 6 6 0.0000000
10 5 7 0 0.0000000
10 5 7 1 -0.0000000
10 5 7 2 -0.0005305
10 5 7 3 0.0000000
10 5 7 4 -0.0000000
10 5 7 5 -0.0023577
10 5 7 6 0.0000000
10 5 7 7 0.0000000
10 5 8 0 -0.0000294
10 5 8 1 -0.0000064
10 5 8 2 -0.0000000
10 5 8 3 0.0004905
10 5 8 4 -0.0001500
10 5 8 5 -0.0000000
10 5 8 6 0.0018092
10 5 8 7 -0.0002754
10 5 8 8 0.0000000
10 5 9 0 -0.0000000
10 5 9 1 -0.0000000
10 5 9 2 0.0000304
10 5 9 3 0.0000000
10 5 9 4 -0.0000000
10 5 9 5 0.0000009
10 5 9 6 0.0000000
10 5 9 7 -0.0000000
10 5 9 8 0.0002051
10 5 9 9 -0.0000000
10 5 10 0 0.0000000
10 5 10 1 -0.0000000
10 5 10 2 0.0010569
10 5 10 3 0.0000000
10 5 10 4 0.0000000
10 5 10 5 0.0013892
10 5 10 6 0.0000000
10 5 10 7 0.0000000
10 5 10 8 0.0080414
10 5 10 9 0.0000000
10 5 10 10 -0.0000000
10 6 0 0 0.0218365
10 6 1 0 0.0001601
10 6 1 1 0.0294319
10 6 2 0 0.0000000
10 6 2 1 0.0000000
10 6 2 2 0.0136384
10 6 3 0 0.0018767
10 6 3 1 -0.0111526
10 6 3 2 -0.0000000
10 6 3 3 0.0172687
10 6 4 0 0.0007669
10 6 4 1 0.0000073
10 6 4 2 -0.0000000
10 6 4 3 -0.0021056
10 6 4 4 0.0097226
10 6 5 0 -0.0000000
10 6 5 1 -0.0000000
10 6 5 2 0.0046055
10 6 5 3 0.0000000
10 6 5 4 0.0000000
10 6 5 5 0.0162619
10 6 6 0 -0.0012631
10 6 6 1 -0.0028929
10 6 6 2 -0.0000000
10 6 6 3 0.0037737
10 6 6 4 0.0013373
10 6 6 5 0.0000000
10 6 6 6 0.0319962
10 6 7 0 0.0004999
10 6 7 1 -0.0045581
10 6 7 2 -0.0000000
10 6 7 3 0.0049646
10 6 7 4 -0.0010148
10 6 7 5 0.0000000
10 6 7 6 0.0006107
10 6 7 7 0.0146274
10 6 8 0 0.0000000
10 6 8 1 0.0000000
10 6 8 2 -0.0018073
10 6 8 3 -0.0000000
10 6 8 4 -0.0000000
10 6 8 5 -0.0027193
10 6 8 6 0.0000000
10 6 8 7 0.0000000
10 6 8 8 0.0159435
10 6 9 0 -0.0000904
10 6 9 1 -0.0012945
10 6 9 2 -0.0000000
10 6 9 3 0.0016510
10 6 9 4 -0.0002359
10 6 9 5 0.0000000
10 6 9 6 0.0063984
10 6 9 7 -0.0000014
10 6 9 8 -0.0000000
10 6 9 9 -0.0197366
10 6 10 0 -0.0000056
10 6 10 1 -0.0236075
10 6 10 2 -0.0000000
10 6 10 3 0.0144135
10 6 10 4 0.0007769
10 6 10 5 0.0000000
10 6 10 6 0.0372293
10 6 10 7 0.0084267
10 6 10 8 -0.0000000
10 6 10 9 0.0015617
10 6 10 10 -0.0397798
10 7 0 0 -0.0552406
10 7 1 0 -0.0031970
10 7 1 1 0.0049940
10 7 2 0 -0.0000000
10 7 2 1 0.0000000
10 7 2 2 -0.0317146
10 7 3 0 -0.0014280
10 7 3 1 -0.0069238
10 7 3 2 -0.0000000
10 7 3 3 -0.0216008
10 7 4 0 0.0004765
10 7 4 1 0.0000419
10 7 4 2 0.0000000
10 7 4 3 -0.0002797
10 7 4 4 -0.0349133
10 7 5 0 -0.0000000
10 7 5 1 -0.0000000
10 7 5 2 0.0002131
10 7 5 3 0.0000000
10 7 5 4 0.0000000
10 7 5 5 -0.0286946
10 7 6 0 -0.0021624
10 7 6 1 -0.0199427
10 7 6 2 -0.0000000
10 7 6 3 0.0232282
10 7 6 4 0.0011015
10 7 6 5 0.0000000
10 7 6 6 0.0096084
10 7 7 0 -0.0024795
10 7 7 1 -0.0050075
10 7 7 2 -0.0000000
10 7 7 3 0.0111821
10 7 7 4 0.0073105
10 7 7 5 0.0000000
10 7 7 6 0.0256739
10 7 7 7 -0.0054839
10 7 8 0 -0.0000000
10 7 8 1 -0.0000000
10 7 8 2 0.0044528
10 7 8 3 -0.0000000
10 7 8 4 0.0000000
10 7 8 5 0.0020547
10 7 8 6 -0.0000000
10 7 8 7 -0.0000000
10 7 8 8 0.0340626
10 7 9 0 0.0000887
10 7 9 1 0.0001402
10 7 9 2 0.0000000
10 7 9 3 0.0000517
10 7 9 4 0.0001872
10 7 9 5 -0.0000000
10 7 9 6 -0.0013619
10 7 9 7 0.0002960
10 7 9 8 -0.0000000
10 7 9 9 0.0632212
10 7 10 0 -0.0000524
10 7 10 1 -0.0003182
10 7 10 2 -0.0000000
10 7 10 3 0.0081326
10 7 10 4 -0.0009839
10 7 10 5 0.0000000
10 7 10 6 0.0084267
10 7 10 7 0.0750994
10 7 10 8 -0.0000000
10 7 10 9 0.0038252
10 7 10 10 0.0676368
10 8 0 0 -0.0000000
10 8 1 0 0.0000000
10 8 1 1 -0.0000000
10 8 2 0 -0.0007334
10 8 2 1 0.0087674
10 8 2 2 0.0000000
10 8 3 0 0.0000000
10 8 3 1 -0.0000000
10 8 3 2 0.0043872
10 8 3 3 -0.0000000
10 8 4 0 -0.0000000
10 8 4 1 0.0000000
10 8 4 2 -0.0079551
10 8 4 3 0.0000000
10 8 4 4 0.0000000
10 8 5 0 -0.0016591
10 8 5 1 0.0102356
10 8 5 2 0.0000000
10 8 5 3 -0.0016101
10 8 5 4 0.0073761
10 8 5 5 0.0000000
10 8 6 0 0.0000000
10 8 6 1 -0.0000000
10 8 6 2 0.0053287
10 8 6 3 0.0000000
10 8 6 4 -0.0000000
10 8 6 5 0.0063608
10 8 6 6 -0.0000000
10 8 7 0 0.0000000
10 8 7 1 0.0000000
10 8 7 2 -0.0040187
10 8 7 3 0.0000000
10 8 7 4 -0.0000000
10 8 7 5 -0.0008361
10 8 7 6 0.0000000
10 8 7 7 0.0000000
10 8 8 0 -0.0004311
10 8 8 1 -0.0197668
10 8 8 2 -0.0000000
10 8 8 3 0.0144716
10 8 8 4 0.0003255
10 8 8 5 0.0000000
10 8 8 6 0.0392990
10 8 8 7 0.0012069
10 8 8 8 -0.0000000
10 8 9 0 -0.0000000
10 8 9 1 -0.0000000
10 8 9 2 0.0006156
10 8 9 3 -0.0000000
10 8 9 4 0.0000000
10 8 9 5 0.0006106
10 8 9 6 -0.0000000
10 8 9 7 0.0000000
10 8 9 8 -0.0000316
10 8 9 9 0.0000000
10 8 10 0 -0.0000000
10 8 10 1 -0.0000000
10 8 10 2 0.0113207
10 8 10 3 -0.0000000
10 8 10 4 0.0000000
10 8 10 5 0.0080414
10 8 10 6 -0.0000000
10 8 10 7 -0.0000000
10 8 10 8 0.1090352
10 8 10 9 0.0000000
10 8 10 10 0.0000000
10 9 0 0 0.0124982
10 9 1 0 -0.0001778
10 9 1 1 0.0263622
10 9 2 0 -0.0000000
10 9 2 1 0.0000000
10 9 2 2 0.0079745
10 9 3 0 0.0003511
10 9 3 1 -0.0115140
10 9 3 2 -0.0000000
10 9 3 3 0.0158361
10 9 4 0 0.0003285
10 9 4 1 0.0003744
10 9 4 2 0.0000000
10 9 4 3 0.0002075
10 9 4 4 0.0062074
10 9 5 0 -0.0000000
10 9 5 1 -0.0000000
10 9 5 2 0.0029554
10 9 5 3 0.0000000
10 9 5 4 0.0000000
10 9 5 5 0.0097142
10 9 6 0 -0.0005957
10 9 6 1 -0.0179749
10 9 6 2 -0.0000000
10 9 6 3 0.0140862
10 9 6 4 -0.0003507
10 9 6 5 0.0000000
10 9 6 6 0.0502842
10 9 7 0 -0.0001095
10 9 7 1 0.0010173
10 9 7 2 0.0000000
10 9 7 3 0.0031584
10 9 7 4 -0.0000780
10 9 7 5 -0.0000000
10 9 7 6 -0.0010455
10 9 7 7 0.0335518
10 9 8 0 -0.0000000
10 9 8 1 -0.0000000
10 9 8 2 0.0038869
10 9 8 3 -0.0000000
10 9 8 4 0.0000000
10 9 8 5 0.0025594
10 9 8 6 -0.0000000
10 9 8 7 0.0000000
10 9 8 8 0.0496117
10 9 9 0 0.0003109
10 9 9 1 0.0068235
10 9 9 2 0.0000000
10 9 9 3 -0.0060923
10 9 9 4 0.0007363
10 9 9 5 -0.0000000
10 9 9 6 -0.0202020
10 9 9 7 0.0036628
10 9 9 8 0.0000000
10 9 9 9 0.3648303
10 9 10 0 -0.0000224
10 9 10 1 -0.0005089
10 9 10 2 -0.0000000
10 9 10 3 0.0007805
10 9 10 4 0.0000358
10 9 10 5 0.0000000
10 9 10 6 0.0015617
10 9 10 7 0.0038252
10 9 10 8 0.0000000
10 9 10 9 0.0530073
10 9 10 10 0.0389064
10 10 0 0 0.2902131
10 10 1 0 -0.0021593
10 10 1 1 0.3860336
10 10 2 0 -0.0000000
10 10 2 1 0.0000000
10 10 2 2 0.2368531
10 10 3 0 0.0025985
10 10 3 1 -0.0707411
10 10 3 2 -0.0000000
10 10 3 3 0.2889605
10 10 4 0 0.0031964
10 10 4 1 0.0026052
10 10 4 2 0.0000000
10 10 4 3 0.0083757
10 10 4 4 0.2156674
10 10 5 0 -0.0000000
10 10 5 1 -0.0000000
10 10 5 2 0.0371679
10 10 5 3 0.0000000
10 10 5 4 0.0000000
10 10 5 5 0.2569817
10 10 6 0 -0.0040428
10 10 6 1 -0.0940296
10 10 6 2 -0.0000000
10 10 6 3 0.0816733
10 10 6 4 -0.0000724
10 10 6 5 0.0000000
10 10 6 6 0.4811917
10 10 7 0 -0.0014360
10 10 7 1 0.0023463
10 10 7 2 0.0000000
10 10 7 3 0.0366716
10 10 7 4 -0.0037477
10 10 7 5 0.0000000
10 10 7 6 0.0094678
10 10 7 7 0.4644442
10 10 8 0 -0.0000000
10 10 8 1 -0.0000000
10 10 8 2 0.0308280
10 10 8 3 -0.0000000
10 10 8 4 0.0000000
10 10 8 5 0.0204421
10 10 8 6 -0.0000000
10 10 8 7 -0.0000000
10 10 8 8 0.6110798
10 10 9 0 0.0005749
10 10 9 1 -0.0006365
10 10 9 2 0.0000000
10 10 9 3 -0.0026632
10 10 9 4 0.0010344
10 10 9 5 -0.0000000
10 10 9 6 -0.0138135
10 10 9 7 0.0004442
10 10 9 8 -0.0000000
10 10 9 9 0.8412153
10 10 10 0 -0.0012464
10 10 10 1 0.0461439
10 10 10 2 0.0000000
10 10 10 3 -0.0193311
10 10 10 4 -0.0001620
10 10 10 5 -0.0000000
10 10 10 6 -0.0397798
10 10 10 7 0.0676368
10 10 10 8 0.0000000
10 10 10 9 0.0389064
10 10 10 10 0.7072812
11 0 0 0 -0.0800693
11 0 1 0 -0.0038950
11 0 1 1 -0.0097990
11 0 2 0 -0.0000000
11 0 2 1 -0.0000000
11 0 2 2 0.0037691
11 0 3 0 0.0006819
11 0 3 1 -0.0052304
11 0 3 2 -0.0000000
11 0 3 3 -0.0019765
11 0 4 0 -0.0123093
11 0 4 1 -0.0024059
11 0 4 2 -0.0000000
11 0 4 3 -0.0028393
11 0 4 4 0.0044949
11 0 5 0 -0.0000000
11 0 5 1 -0.0000000
11 0 5 2 -0.0013237
11 0 5 3 -0.0000000
11 0 5 4 -0.0000000
11 0 5 5 -0.0005769
11 0 6 0 -0.0048100
11 0 6 1 -0.0044460
11 0 6 2 -0.0000000
11 0 6 3 -0.0046273
11 0 6 4 -0.0004925
11 0 6 5 -0.0000000
11 0 6 6 -0.0023743
11 0 7 0 0.0111723
11 0 7 1 -0.0022211
11 0 7 2 -0.0000000
11 0 7 3 -0.0011929
11 0 7 4 -0.0042283
11 0 7 5 -0.0000000
11 0 7 6 -0.0029559
11 0 7 7 0.0067586
11 0 8 0 0.0000000
11 0 8 1 0.0000000
11 0 8 2 -0.0000909
11 0 8 3 0.0000000
11 0 8 4 0.0000000
11 0 8 5 0.0001809
11 0 8 6 -0.0000000
11 0 8 7 0.0000000
11 0 8 8 -0.0007559
11 0 9 0 0.0001203
11 0 9 1 -0.0000999
11 0 9 2 -0.0000000
11 0 9 3 -0.0000476
11 0 9 4 -0.0000182
11 0 9 5 -0.0000000
11 0 9 6 -0.0000523
11 0 9 7 0.0000496
11 0 9 8 -0.0000000
11 0 9 9 -0.0006611
11 0 10 0 -0.0026944
11 0 10 1 0.0012599
11 0 10 2 0.0000000
11 0 10 3 0.0001827
11 0 10 4 0.0009558
11 0 10 5 0.0000000
11 0 10 6 0.0005627
11 0 10 7 -0.0020123
11 0 10 8 0.0000000
11 0 10 9 0.0000113
11 0 10 10 -0.0004449
11 0 11 0 0.0110696
11 0 11 1 -0.0039822
11 0 11 2 -0.0000000
11 0 11 3 -0.0006099
11 0 11 4 -0.0042445
11 0 11 5 -0.0000000
11 0 11 6 -0.0028346
11 0 11 7 0.0073608
11 0 11 8 0.0000000
11 0 11 9 -0.0000670
11 0 11 10 -0.0011711
11 0 11 11 0.0070800
11 1 0 0 0.0154561
11 1 1 0 -0.0037225
11 1 1 1 0.0239723
11 1 2 0 -0.0000000
11 1 2 1 0.0000000
11 1 2 2 -0.0150617
11 1 3 0 -0.0054922
11 1 3 1 0.0261827
11 1 3 2 0.0000000
11 1 3 3 0.0074997
11 1 4 0 0.0006822
11 1 4 1 0.0055401
11 1 4 2 -0.0000000
11 1 4 3 0.0162640
11 1 4 4 -0.0112319
11 1 5 0 -0.0000000
11 1 5 1 0.0000000
11 1 5 2 0.0109095
11 1 5 3 -0.0000000
11 1 5 4 0.0000000
11 1 5 5 0.0006655
11 1 6 0 0.0001156
11 1 6 1 0.0132419
11 1 6 2 -0.0000000
11 1 6 3 0.0099688
11 1 6 4 -0.0029653
11 1 6 5 0.0000000
11 1 6 6 -0.0051238
11 1 7 0 -0.0038272
11 1 7 1 0.0024076
11 1 7 2 -0.0000000
11 1 7 3 0.0070790
11 1 7 4 -0.0003402
11 1 7 5 0.0000000
11 1 7 6 0.0289394
11 1 7 7 -0.0127906
11 1 8 0 0.0000000
11 1 8 1 -0.0000000
11 1 8 2 0.0008614
11 1 8 3 0.0000000
11 1 8 4 0.0000000
11 1 8 5 -0.0007963
11 1 8 6 0.0000000
11 1 8 7 0.0000000
11 1 8 8 -0.0065304
11 1 9 0 -0.0000670
11 1 9 1 0.0010381
11 1 9 2 0.0000000
11 1 9 3 0.0000915
11 1 9 4 0.0000655
11 1 9 5 -0.0000000
11 1 9 6 -0.0009449
11 1 9 7 0.0005164
11 1 9 8 -0.0000000
11 1 9 9 -0.0069707
11 1 10 0 0.0009895
11 1 10 1 -0.0054529
11 1 10 2 0.0000000
11 1 10 3 0.0002359
11 1 10 4 0.0000790
11 1 10 5 -0.0000000
11 1 10 6 -0.0046601
11 1 10 7 0.0149446
11 1 10 8 0.0000000
11 1 10 9 -0.0019569
11 1 10 10 0.0114756
11 1 11 0 -0.0039822
11 1 11 1 0.0335596
11 1 11 2 -0.0000000
11 1 11 3 -0.0096969
11 1 11 4 0.0001980
11 1 11 5 -0.0000000
11 1 11 6 -0.0011446
11 1 11 7 -0.0015136
11 1 11 8 0.0000000
11 1 11 9 -0.0000472
11 1 11 10 -0.0083914
11 1 11 11 -0.0209159
11 2 0 0 0.0000000
11 2 1 0 -0.0000000
11 2 1 1 0.0000000
11 2 2 0 0.0038572
11 2 2 1 -0.0222712
11 2 2 2 -0.0000000
11 2 3 0 -0.0000000
11 2 3 1 0.0000000
11 2 3 2 -0.0298403
11 2 3 3 0.0000000
11 2 4 0 0.0000000
11 2 4 1 -0.0000000
11 2 4 2 0.0443690
11 2 4 3 0.0000000
11 2 4 4 -0.0000000
11 2 5 0 0.0092453
11 2 5 1 -0.0128120
11 2 5 2 -0.0000000
11 2 5 3 0.0092650
11 2 5 4 -0.0510738
11 2 5 5 -0.0000000
11 2 6 0 -0.0000000
11 2 6 1 0.0000000
11 2 6 2 -0.0055854
11 2 6 3 -0.0000000
11 2 6 4 0.0000000
11 2 6 5 -0.0152357
11 2 6 6 0.0000000
11 2 7 0 -0.0000000
11 2 7 1 -0.0000000
11 2 7 2 0.0340061
11 2 7 3 0.0000000
11 2 7 4 0.0000000
11 2 7 5 0.0046050
11 2 7 6 0.0000000
11 2 7 7 -0.0000000
11 2 8 0 -0.0001555
11 2 8 1 0.0057038
11 2 8 2 0.0000000
11 2 8 3 -0.0021511
11 2 8 4 -0.0015265
11 2 8 5 -0.0000000
11 2 8 6 -0.0016591
11 2 8 7 -0.0020504
11 2 8 8 -0.0000000
11 2 9 0 -0.0000000
11 2 9 1 0.0000000
11 2 9 2 -0.0000085
11 2 9 3 0.0000000
11 2 9 4 -0.0000000
11 2 9 5 -0.0001658
11 2 9 6 -0.0000000
11 2 9 7 0.0000000
11 2 9 8 0.0006803
11 2 9 9 -0.0000000
11 2 10 0 0.0000000
11 2 10 1 0.0000000
11 2 10 2 -0.0074951
11 2 10 3 0.0000000
11 2 10 4 -0.0000000
11 2 10 5 -0.0004365
11 2 10 6 -0.0000000
11 2 10 7 0.0000000
11 2 10 8 -0.0022167
11 2 10 9 -0.0000000
11 2 10 10 0.0000000
11 2 11 0 -0.0000000
11 2 11 1 -0.0000000
11 2 11 2 0.0357573
11 2 11 3 -0.0000000
11 2 11 4 0.0000000
11 2 11 5 0.0047325
11 2 11 6 -0.0000000
11 2 11 7 0.0000000
11 2 11 8 -0.0024458
11 2 11 9 -0.0000000
11 2 11 10 -0.0000000
11 2 11 11 -0.0000000
11 3 0 0 0.0540575
11 3 1 0 -0.0021718
11 3 1 1 0.0472251
11 3 2 0 -0.0000000
11 3 2 1 0.0000000
11 3 2 2 -0.0037765
11 3 3 0 0.0051537
11 3 3 1 -0.0129078
11 3 3 2 -0.0000000
11 3 3 3 0.0172235
11 3 4 0 0.0042220
11 3 4 1 0.0048629
11 3 4 2 0.0000000
11 3 4 3 -0.0030353
11 3 4 4 -0.0147175
11 3 5 0 -0.0000000
11 3 5 1 0.0000000
11 3 5 2 0.0203750
11 3 5 3 0.0000000
11 3 5 4 0.0000000
11 3 5 5 0.0149583
11 3 6 0 -0.0058772
11 3 6 1 0.0161948
11 3 6 2 -0.0000000
11 3 6 3 0.0003684
11 3 6 4 0.0073239
11 3 6 5 0.0000000
11 3 6 6 0.0401848
11 3 7 0 -0.0006114
11 3 7 1 0.0049423
11 3 7 2 0.0000000
11 3 7 3 0.0193500
11 3 7 4 -0.0013547
11 3 7 5 -0.0000000
11 3 7 6 -0.0234695
11 3 7 7 0.0143161
11 3 8 0 0.0000000
11 3 8 1 0.0000000
11 3 8 2 -0.0018859
11 3 8 3 0.0000000
11 3 8 4 -0.0000000
11 3 8 5 -0.0029065
11 3 8 6 0.0000000
11 3 8 7 0.0000000
11 3 8 8 0.0144697
11 3 9 0 -0.0000816
11 3 9 1 0.0001367
11 3 9 2 -0.0000000
11 3 9 3 0.0001350
11 3 9 4 -0.0000506
11 3 9 5 0.0000000
11 3 9 6 0.0014346
11 3 9 7 -0.0006494
11 3 9 8 -0.0000000
11 3 9 9 0.0065017
11 3 10 0 0.0003787
11 3 10 1 -0.0048316
11 3 10 2 -0.0000000
11 3 10 3 -0.0039922
11 3 10 4 0.0004145
11 3 10 5 0.0000000
11 3 10 6 0.0075606
11 3 10 7 -0.0066859
11 3 10 8 0.0000000
11 3 10 9 0.0006586
11 3 10 10 -0.0034221
11 3 11 0 -0.0006099
11 3 11 1 -0.0096969
11 3 11 2 -0.0000000
11 3 11 3 0.0330985
11 3 11 4 -0.0021468
11 3 11 5 -0.0000000
11 3 11 6 -0.0047628
11 3 11 7 0.0024339
11 3 11 8 0.0000000
11 3 11 9 0.0003961
11 3 11 10 0.0000731
11 3 11 11 0.0255089
11 4 0 0 -0.1292491
11 4 1 0 -0.0074077
11 4 1 1 -0.0305679
11 4 2 0 -0.0000000
11 4 2 1 -0.0000000
11 4 2 2 -0.0100419
11 4 3 0 -0.0021954
11 4 3 1 0.0015798
11 4 3 2 -0.0000000
11 4 3 3 -0.0426547
11 4 4 0 -0.0005819
11 4 4 1 -0.0059943
11 4 4 2 -0.0000000
11 4 4 3 -0.0243808
11 4 4 4 -0.0148103
11 4 5 0 -0.0000000
11 4 5 1 0.0000000
11 4 5 2 -0.0335380
11 4 5 3 0.0000000
11 4 5 4 0.0000000
11 4 5 5 -0.0285987
11 4 6 0 -0.0058715
11 4 6 1 -0.0116299
11 4 6 2 0.0000000
11 4 6 3 0.0160926
11 4 6 4 0.0073715
11 4 6 5 -0.0000000
11 4 6 6 -0.0381622
11 4 7 0 -0.0041642
11 4 7 1 -0.0007318
11 4 7 2 0.0000000
11 4 7 3 0.0000367
11 4 7 4 0.0278385
11 4 7 5 -0.0000000
11 4 7 6 0.0018763
11 4 7 7 -0.0428890
11 4 8 0 -0.0000000
11 4 8 1 0.0000000
11 4 8 2 0.0002694
11 4 8 3 -0.0000000
11 4 8 4 0.0000000
11 4 8 5 0.0016352
11 4 8 6 -0.0000000
11 4 8 7 -0.0000000
11 4 8 8 -0.0115960
11 4 9 0 0.0000710
11 4 9 1 -0.0001212
11 4 9 2 -0.0000000
11 4 9 3 0.0000694
11 4 9 4 0.0001312
11 4 9 5 -0.0000000
11 4 9 6 -0.0002473
11 4 9 7 -0.0000367
11 4 9 8 0.0000000
11 4 9 9 -0.0162500
11 4 10 0 0.0007056
11 4 10 1 0.0012981
11 4 10 2 0.0000000
11 4 10 3 -0.0002934
11 4 10 4 -0.0063521
11 4 10 5 -0.0000000
11 4 10 6 -0.0010656
11 4 10 7 0.0074565
11 4 10 8 0.0000000
11 4 10 9 -0.0011923
11 4 10 10 -0.0114948
11 4 11 0 -0.0042445
11 4 11 1 0.0001980
11 4 11 2 0.0000000
11 4 11 3 -0.0021468
11 4 11 4 0.0281478
11 4 11 5 -0.0000000
11 4 11 6 0.0015774
11 4 11 7 -0.0304190
11 4 11 8 0.0000000
11 4 11 9 -0.0005087
11 4 11 10 0.0073797
11 4 11 11 -0.0442646
11 5 0 0 0.0000000
11 5 1 0 -0.0000000
11 5 1 1 0.0000000
11 5 2 0 0.0031689
11 5 2 1 -0.0018116
11 5 2 2 0.0000000
11 5 3 0 -0.0000000
11 5 3 1 0.0000000
11 5 3 2 0.0051562
11 5 3 3 0.0000000
11 5 4 0 -0.0000000
11 5 4 1 0.0000000
11 5 4 2 -0.0170251
11 5 4 3 0.0000000
11 5 4 4 0.0000000
11 5 5 0 0.0053286
11 5 5 1 -0.0048693
11 5 5 2 0.0000000
11 5 5 3 -0.0035197
11 5 5 4 0.0067709
11 5 5 5 -0.0000000
11 5 6 0 -0.0000000
11 5 6 1 0.0000000
11 5 6 2 -0.0046944
11 5 6 3 0.0000000
11 5 6 4 -0.0000000
11 5 6 5 -0.0036048
11 5 6 6 0.0000000
11 5 7 0 -0.0000000
11 5 7 1 0.0000000
11 5 7 2 0.0040701
11 5 7 3 -0.0000000
11 5 7 4 -0.0000000
11 5 7 5 0.0109069
11 5 7 6 -0.0000000
11 5 7 7 0.0000000
11 5 8 0 -0.0001101
11 5 8 1 0.0002961
11 5 8 2 0.0000000
11 5 8 3 -0.0006091
11 5 8 4 0.0003308
11 5 8 5 0.0000000
11 5 8 6 0.0010191
11 5 8 7 -0.0012499
11 5 8 8 0.0000000
11 5 9 0 -0.0000000
11 5 9 1 -0.0000000
11 5 9 2 -0.0000036
11 5 9 3 0.0000000
11 5 9 4 -0.0000000
11 5 9 5 0.0000310
11 5 9 6 0.0000000
11 5 9 7 -0.0000000
11 5 9 8 -0.0000399
11 5 9 9 -0.0000000
11 5 10 0 0.0000000
11 5 10 1 -0.0000000
11 5 10 2 -0.0006926
11 5 10 3 0.0000000
11 5 10 4 0.0000000
11 5 10 5 -0.0023830
11 5 10 6 0.0000000
11 5 10 7 -0.0000000
11 5 10 8 0.0026313
11 5 10 9 0.0000000
11 5 10 10 -0.0000000
11 5 11 0 -0.0000000
11 5 11 1 -0.0000000
11 5 11 2 0.0047325
11 5 11 3 -0.0000000
11 5 11 4 -0.0000000
11 5 11 5 0.0119343
11 5 11 6 0.0000000
11 5 11 7 -0.0000000
11 5 11 8 0.0005387
11 5 11 9 0.0000000
11 5 11 10 0.0000000
11 5 11 11 0.0000000
11 6 0 0 -0.0156250
11 6 1 0 -0.0019229
11 6 1 1 0.0011383
11 6 2 0 -0.0000000
11 6 2 1 0.0000000
11 6 2 2 -0.0034279
11 6 3 0 -0.0067919
11 6 3 1 0.0134547
11 6 3 2 0.0000000
11 6 3 3 0.0069327
11 6 4 0 -0.0017823
11 6 4 1 0.0016260
11 6 4 2 0.0000000
11 6 4 3 0.0115100
11 6 4 4 0.0050743
11 6 5 0 -0.0000000
11 6 5 1 0.0000000
11 6 5 2 -0.0040999
11 6 5 3 0.0000000
11 6 5 4 -0.0000000
11 6 5 5 -0.0034889
11 6 6 0 0.0028017
11 6 6 1 -0.0050960
11 6 6 2 0.0000000
11 6 6 3 0.0067180
11 6 6 4 -0.0069281
11 6 6 5 -0.0000000
11 6 6 6 -0.0081806
11 6 7 0 -0.0024771
11 6 7 1 0.0164989
11 6 7 2 0.0000000
11 6 7 3 -0.0175863
11 6 7 4 0.0016708
11 6 7 5 -0.0000000
11 6 7 6 -0.0042826
11 6 7 7 -0.0082631
11 6 8 0 0.0000000
11 6 8 1 -0.0000000
11 6 8 2 0.0002945
11 6 8 3 0.0000000
11 6 8 4 -0.0000000
11 6 8 5 0.0004754
11 6 8 6 -0.0000000
11 6 8 7 0.0000000
11 6 8 8 -0.0026030
11 6 9 0 -0.0000120
11 6 9 1 -0.0007455
11 6 9 2 -0.0000000
11 6 9 3 0.0003344
11 6 9 4 -0.0000985
11 6 9 5 0.0000000
11 6 9 6 0.0018390
11 6 9 7 -0.0018644
11 6 9 8 0.0000000
11 6 9 9 -0.0092093
11 6 10 0 0.0007033
11 6 10 1 -0.0051583
11 6 10 2 -0.0000000
11 6 10 3 0.0024675
11 6 10 4 -0.0005109
11 6 10 5 0.0000000
11 6 10 6 -0.0000688
11 6 10 7 -0.0143490
11 6 10 8 -0.0000000
11 6 10 9 0.0004902
11 6 10 10 -0.0254348
11 6 11 0 -0.0028346
11 6 11 1 -0.0011446
11 6 11 2 -0.0000000
11 6 11 3 -0.0047628
11 6 11 4 0.0015774
11 6 11 5 0.0000000
11 6 11 6 0.0329351
11 6 11 7 -0.0127003
11 6 11 8 -0.0000000
11 6 11 9 0.0015833
11 6 11 10 0.0103192
11 6 11 11 -0.0046752
11 7 0 0 0.2547314
11 7 1 0 0.0113114
11 7 1 1 0.0218747
11 7 2 0 0.0000000
11 7 2 1 -0.0000000
11 7 2 2 0.1311892
11 7 3 0 0.0039006
11 7 3 1 0.0471418
11 7 3 2 0.0000000
11 7 3 3 0.1055619
11 7 4 0 -0.0011152
11 7 4 1 0.0036854
11 7 4 2 0.0000000
11 7 4 3 0.0142356
11 7 4 4 0.1410341
11 7 5 0 0.0000000
11 7 5 1 0.0000000
11 7 5 2 0.0156465
11 7 5 3 -0.0000000
11 7 5 4 -0.0000000
11 7 5 5 0.1334561
11 7 6 0 0.0085121
11 7 6 1 0.0955901
11 7 6 2 0.0000000
11 7 6 3 -0.0860600
11 7 6 4 -0.0048023
11 7 6 5 -0.0000000
11 7 6 6 -0.0269010
11 7 7 0 0.0075979
11 7 7 1 -0.0083263
11 7 7 2 -0.0000000
11 7 7 3 -0.0175402
11 7 7 4 -0.0361264
11 7 7 5 0.0000000
11 7 7 6 -0.0022181
11 7 7 7 -0.0050322
11 7 8 0 0.0000000
11 7 8 1 0.0000000
11 7 8 2 -0.0193130
11 7 8 3 0.0000000
11 7 8 4 -0.0000000
11 7 8 5 -0.0144165
11 7 8 6 0.0000000
11 7 8 7 -0.0000000
11 7 8 8 -0.1510890
11 7 9 0 -0.0004631
11 7 9 1 0.0022842
11 7 9 2 0.0000000
11 7 9 3 0.0002138
11 7 9 4 -0.0005435
11 7 9 5 0.0000000
11 7 9 6 0.0038494
11 7 9 7 0.0011149
11 7 9 8 0.0000000
11 7 9 9 -0.2608275
11 7 10 0 -0.0005075
11 7 10 1 -0.0127985
11 7 10 2 -0.0000000
11 7 10 3 0.0057580
11 7 10 4 0.0086188
11 7 10 5 0.0000000
11 7 10 6 0.0043870
11 7 10 7 -0.0287873
11 7 10 8 0.0000000
11 7 10 9 -0.0193253
11 7 10 10 -0.1626444
11 7 11 0 0.0073608
11 7 11 1 -0.0015136
11 7 11 2 0.0000000
11 7 11 3 0.0024339
11 7 11 4 -0.0304190
11 7 11 5 -0.0000000
11 7 11 6 -0.0127003
11 7 11 7 0.2035798
11 7 11 8 -0.0000000
11 7 11 9 -0.0030648
11 7 11 10 -0.0593362
11 7 11 11 0.0251487
11 8 0 0 -0.0000000
11 8 1 0 0.0000000
11 8 1 1 -0.0000000
11 8 2 0 -0.0003657
11 8 2 1 0.0038178
11 8 2 2 0.0000000
11 8 3 0 0.0000000
11 8 3 1 -0.0000000
11 8 3 2 0.0015997
11 8 3 3 -0.0000000
11 8 4 0 -0.0000000
11 8 4 1 0.0000000
11 8 4 2 -0.0054075
11 8 4 3 -0.0000000
11 8 4 4 0.0000000
11 8 5 0 -0.0008988
11 8 5 1 0.0028203
11 8 5 2 0.0000000
11 8 5 3 -0.0022381
11 8 5 4 0.0049419
11 8 5 5 0.0000000
11 8 6 0 0.0000000
11 8 6 1 -0.0000000
11 8 6 2 0.0022184
11 8 6 3 0.0000000
11 8 6 4 -0.0000000
11 8 6 5 0.0029241
11 8 6 6 -0.0000000
11 8 7 0 0.0000000
11 8 7 1 0.0000000
11 8 7 2 -0.0050529
11 8 7 3 0.0000000
11 8 7 4 -0.0000000
11 8 7 5 -0.0020599
11 8 7 6 0.0000000
11 8 7 7 0.0000000
11 8 8 0 -0.0000658
11 8 8 1 -0.0071450
11 8 8 2 -0.0000000
11 8 8 3 0.0035212
11 8 8 4 0.0000409
11 8 8 5 0.0000000
11 8 8 6 0.0115623
11 8 8 7 -0.0181298
11 8 8 8 -0.0000000
11 8 9 0 -0.0000000
11 8 9 1 -0.0000000
11 8 9 2 0.0002160
11 8 9 3 -0.0000000
11 8 9 4 0.0000000
11 8 9 5 0.0001432
11 8 9 6 -0.0000000
11 8 9 7 0.0000000
11 8 9 8 0.0001755
11 8 9 9 0.0000000
11 8 10 0 -0.0000000
11 8 10 1 -0.0000000
11 8 10 2 0.0032223
11 8 10 3 -0.0000000
11 8 10 4 0.0000000
11 8 10 5 0.0023023
11 8 10 6 -0.0000000
11 8 10 7 0.0000000
11 8 10 8 0.0253059
11 8 10 9 0.0000000
11 8 10 10 0.0000000
11 8 11 0 0.0000000
11 8 11 1 0.0000000
11 8 11 2 -0.0024458
11 8 11 3 0.0000000
11 8 11 4 0.0000000
11 8 11 5 0.0005387
11 8 11 6 -0.0000000
11 8 11 7 -0.0000000
11 8 11 8 0.0229403
11 8 11 9 -0.0000000
11 8 11 10 -0.0000000
11 8 11 11 0.0000000
11 9 0 0 0.0046707
11 9 1 0 -0.0000763
11 9 1 1 0.0069630
11 9 2 0 -0.0000000
11 9 2 1 0.0000000
11 9 2 2 0.0020895
11 9 3 0 -0.0000233
11 9 3 1 -0.0012280
11 9 3 2 -0.0000000
11 9 3 3 0.0041892
11 9 4 0 0.0001070
11 9 4 1 0.0003408
11 9 4 2 0.0000000
11 9 4 3 0.0006437
11 9 4 4 0.0017378
11 9 5 0 -0.0000000
11 9 5 1 -0.0000000
11 9 5 2 0.0012470
11 9 5 3 0.0000000
11 9 5 4 0.0000000
11 9 5 5 0.0030422
11 9 6 0 -0.0000708
11 9 6 1 -0.0026287
11 9 6 2 -0.0000000
11 9 6 3 0.0024004
11 9 6 4 -0.0002278
11 9 6 5 0.0000000
11 9 6 6 0.0099076
11 9 7 0 -0.0000869
11 9 7 1 0.0011307
11 9 7 2 0.0000000
11 9 7 3 0.0000501
11 9 7 4 -0.0002016
11 9 7 5 -0.0000000
11 9 7 6 -0.0012327
11 9 7 7 0.0065732
11 9 8 0 -0.0000000
11 9 8 1 -0.0000000
11 9 8 2 0.0006132
11 9 8 3 -0.0000000
11 9 8 4 0.0000000
11 9 8 5 0.0002413
11 9 8 6 -0.0000000
11 9 8 7 0.0000000
11 9 8 8 0.0085153
11 9 9 0 0.0000663
11 9 9 1 0.0006730
11 9 9 2 0.0000000
11 9 9 3 -0.0015805
11 9 9 4 -0.0000340
11 9 9 5 -0.0000000
11 9 9 6 -0.0029015
11 9 9 7 -0.0066747
11 9 9 8 0.0000000
11 9 9 9 0.0538252
11 9 10 0 0.0000260
11 9 10 1 -0.0007746
11 9 10 2 -0.0000000
11 9 10 3 0.0002871
11 9 10 4 0.0000577
11 9 10 5 0.0000000
11 9 10 6 0.0005863
11 9 10 7 0.0007309
11 9 10 8 0.0000000
11 9 10 9 0.0071203
11 9 10 10 0.0059734
11 9 11 0 -0.0000670
11 9 11 1 -0.0000472
11 9 11 2 -0.0000000
11 9 11 3 0.0003961
11 9 11 4 -0.0005087
11 9 11 5 0.0000000
11 9 11 6 0.0015833
11 9 11 7 -0.0030648
11 9 11 8 -0.0000000
11 9 11 9 0.0067784
11 9 11 10 -0.0001085
11 9 11 11 0.0052265
11 10 0 0 -0.0747614
11 10 1 0 -0.0018475
11 10 1 1 -0.0278193
11 10 2 0 -0.0000000
11 10 2 1 0.0000000
11 10 2 2 -0.0365080
11 10 3 0 -0.0005618
11 10 3 1 -0.0125016
11 10 3 2 -0.0000000
11 10 3 3 -0.0372134
11 10 4 0 -0.0002576
11 10 4 1 -0.0021958
11 10 4 2 -0.0000000
11 10 4 3 -0.0064842
11 10 4 4 -0.0374329
11 10 5 0 -0.0000000
11 10 5 1 -0.0000000
11 10 5 2 -0.0088185
11 10 5 3 0.0000000
11 10 5 4 -0.0000000
11 10 5 5 -0.0419413
11 10 6 0 -0.0014376
11 10 6 1 -0.0263027
11 10 6 2 -0.0000000
11 10 6 3 0.0173545
11 10 6 4 0.0012921
11 10 6 5 0.0000000
11 10 6 6 -0.0075515
11 10 7 0 -0.0010038
11 10 7 1 0.0059018
11 10 7 2 0.0000000
11 10 7 3 -0.0012162
11 10 7 4 0.0094913
11 10 7 5 -0.0000000
11 10 7 6 -0.0151184
11 10 7 7 -0.0022271
11 10 8 0 -0.0000000
11 10 8 1 -0.0000000
11 10 8 2 0.0064821
11 10 8 3 -0.0000000
11 10 8 4 0.0000000
11 10 8 5 0.0063183
11 10 8 6 -0.0000000
11 10 8 7 0.0000000
11 10 8 8 0.0426938
11 10 9 0 0.0001643
11 10 9 1 -0.0010169
11 10 9 2 -0.0000000
11 10 9 3 -0.0003885
11 10 9 4 0.0001729
11 10 9 5 -0.0000000
11 10 9 6 -0.0022237
11 10 9 7 -0.0002474
11 10 9 8 -0.0000000
11 10 9 9 0.0655136
11 10 10 0 0.0000322
11 10 10 1 0.0155308
11 10 10 2 0.0000000
11 10 10 3 -0.0126440
11 10 10 4 -0.0029455
11 10 10 5 -0.0000000
11 10 10 6 -0.0204180
11 10 10 7 -0.0364425
11 10 10 8 0.0000000
11 10 10 9 0.0031839
11 10 10 10 0.0421731
11 10 11 0 -0.0011711
11 10 11 1 -0.0083914
11 10 11 2 -0.0000000
11 10 11 3 0.0000731
11 10 11 4 0.0073797
11 10 11 5 0.0000000
11 10 11 6 0.0103192
11 10 11 7 -0.0593362
11 10 11 8 -0.0000000
11 10 11 9 -0.0001085
11 10 11 10 0.0530173
11 10 11 11 0.0051730
11 11 0 0 0.5901880
11 11 1 0 0.0087059
11 11 1 1 0.4592675
11 11 2 0 0.0000000
11 11 2 1 0.0000000
11 11 2 2 0.4023523
11 11 3 0 0.0086855
11 11 3 1 -0.0417061
11 11 3 2 -0.0000000
11 11 3 3 0.4350904
11 11 4 0 0.0030810
11 11 4 1 0.0068124
11 11 4 2 0.0000000
11 11 4 3 0.0190968
11 11 4 4 0.3870477
11 11 5 0 0.0000000
11 11 5 1 -0.0000000
11 11 5 2 0.0573006
11 11 5 3 -0.0000000
11 11 5 4 0.0000000
11 11 5 5 0.4276312
11 11 6 0 0.0023632
11 11 6 1 0.0072820
11 11 6 2 -0.0000000
11 11 6 3 -0.0088286
11 11 6 4 -0.0042604
11 11 6 5 0.0000000
11 11 6 6 0.5021301
11 11 7 0 0.0068656
11 11 7 1 0.0031636
11 11 7 2 0.0000000
11 11 7 3 0.0137172
11 11 7 4 -0.0401506
11 11 7 5 -0.0000000
11 11 7 6 -0.0315998
11 11 7 7 0.5013991
11 11 8 0 -0.0000000
11 11 8 1 -0.0000000
11 11 8 2 0.0025169
11 11 8 3 -0.0000000
11 11 8 4 -0.0000000
11 11 8 5 -0.0016181
11 11 8 6 0.0000000
11 11 8 7 0.0000000
11 11 8 8 0.4338933
11 11 9 0 -0.0000481
11 11 9 1 0.0007904
11 11 9 2 0.0000000
11 11 9 3 -0.0012470
11 11 9 4 0.0000375
11 11 9 5 -0.0000000
11 11 9 6 -0.0018477
11 11 9 7 0.0002551
11 11 9 8 -0.0000000
11 11 9 9 0.5430577
11 11 10 0 -0.0010942
11 11 10 1 -0.0052894
11 11 10 2 -0.0000000
11 11 10 3 -0.0011746
11 11 10 4 0.0086143
11 11 10 5 0.0000000
11 11 10 6 0.0134660
11 11 10 7 -0.0364350
11 11 10 8 0.0000000
11 11 10 9 0.0272588
11 11 10 10 0.4103358
11 11 11 0 0.0070800
11 11 11 1 -0.0209159
11 11 11 2 -0.0000000
11 11 11 3 0.0255089
11 11 11 4 -0.0442646
11 11 11 5 0.0000000
11 11 11 6 -0.0046752
11 11 11 7 0.0251487
11 11 11 8 0.0000000
11 11 11 9 0.0052265
11 11 11 10 0.0051730
11 11 11 11 0.5093198
