NMONOMER	1
NELEC	8
ENUC	7.676927
NBASIS	12
HOMO	2
LUMO	2
ENT	5
HF_ENERGY	-35.339998
ENERGIES
-10.801054
-0.760651
-0.337923
-0.174563
0.642498
0.842476
0.904123
849736.648198
965066.448147
996478.228463
1070621.133300
1118093.789081

OEI
-18.374578	
0.220827	-4.445228	
-0.000000	0.000000	-3.964156	
-0.189243	0.153192	-0.000000	-4.158772	
0.147907	-0.301036	-0.000000	0.373517	-2.961193	
-0.231636	0.876461	0.000000	0.249552	0.166485	-3.700216	
0.000000	-0.000000	0.774130	-0.000000	-0.000000	0.000000	-3.395849	
-0.115857	-0.054336	0.000000	0.034940	0.004918	-0.015338	0.000000	849733.075845	
-0.000000	0.000000	0.131067	-0.000000	-0.000000	0.000000	0.019274	0.000000	965063.600440	
-0.004993	-0.022879	-0.000000	-0.002577	0.002876	0.013421	0.000000	-0.000991	0.000000	996475.022794	
0.037958	0.197051	-0.000000	0.072987	0.119079	0.134471	-0.000000	0.145857	-0.000000	-0.134827	1070618.603581	
0.112636	0.082503	0.000000	-0.124526	-0.007013	-0.000525	0.000000	0.833206	0.000000	0.037888	-0.318839	1118090.114473	

ENV_OEI
-4.901463	
0.414992	-0.455413	
-0.000000	0.000000	-0.271260	
-0.368425	-0.057879	-0.000000	-0.503312	
0.298377	-0.307986	0.000000	-0.149034	-0.605846	
-0.472597	0.013463	0.000000	-0.225856	-0.311390	-0.785788	
0.000000	-0.000000	0.100629	0.000000	0.000000	0.000000	-0.329010	
-0.226241	-0.021369	0.000000	0.042782	0.049091	0.003297	0.000000	-0.543432	
0.000000	-0.000000	-0.149941	0.000000	0.000000	-0.000000	-0.138844	-0.000000	-0.697293	
0.015004	-0.265608	0.000000	-0.625068	-1.356047	-0.952873	0.000000	-0.126432	0.000000	-18.515938	
0.055987	-0.047781	0.000000	-0.011799	-0.041592	-0.081920	0.000000	-0.238885	-0.000000	-1.668098	-0.767294	
0.215323	0.016469	-0.000000	0.040921	0.030616	0.022003	-0.000000	-0.137130	-0.000000	0.177578	-0.101153	-0.361577	

OVERLAP
1.000000	
0.248362	1.000000	
0.061767	0.488736	1.000000	
0.061767	0.488736	0.167856	1.000000	
0.000000	0.027047	0.038545	0.038545	1.000000	
0.027047	0.301519	0.378700	0.378700	0.248362	1.000000	
0.000000	0.000000	-0.155576	-0.155576	-0.015125	-0.113119	1.000000	
0.000000	0.000000	0.380474	-0.380474	0.000000	0.000000	0.000000	1.000000	
0.000000	0.000000	-0.219667	-0.219667	-0.042713	-0.319437	0.000000	0.000000	1.000000	
0.015125	0.113119	0.044121	0.044121	0.000000	0.000000	0.112775	0.000000	-0.151526	1.000000	
0.000000	0.000000	0.268260	-0.268260	0.000000	0.000000	0.000000	0.166433	0.000000	0.000000	1.000000	
0.042713	0.319437	0.279473	0.279473	0.000000	0.000000	-0.151526	0.000000	-0.261465	0.000000	0.000000	1.000000	

MOCOEFF
-0.996624	-0.016465	0.006509	0.006509	-0.001354	0.006659	0.027566	-0.000000	0.007767	-0.002281	-0.000000	0.003205	
0.145712	-0.342114	-0.269034	-0.269034	0.028237	0.039339	0.324532	-0.000000	0.197448	-0.173202	0.000000	-0.286107	
-0.000000	0.000000	-0.472853	0.472853	-0.000000	-0.000000	-0.000000	-0.578157	0.000000	0.000000	0.349919	0.000000	
-0.129771	0.538206	0.087693	0.087693	0.056148	-0.225436	-0.306650	0.000000	0.669272	-0.035897	-0.000000	-0.384046	
0.102912	-0.645119	0.899500	0.899500	0.118159	-0.704979	0.232101	-0.000000	-0.141638	-0.161902	-0.000000	-0.603167	
-0.165867	1.017834	-0.415995	-0.415995	0.084888	-0.518956	-0.365247	0.000000	-0.948967	-0.284191	0.000000	-0.687395	
0.000000	-0.000000	-0.933994	0.933994	-0.000000	0.000000	0.000000	1.103264	0.000000	0.000000	0.317486	0.000000	
-0.084288	0.388040	-0.000000	-0.000000	0.012325	-0.049401	0.608823	-0.000000	-0.000000	-0.744813	0.000000	0.291146	
-0.000000	0.000000	-0.000000	0.000000	0.000000	-0.000000	0.000000	0.000000	0.000000	0.000000	1.000000	0.000000	
-0.000564	0.002599	0.000000	0.000000	1.025611	-0.216380	0.004077	0.000000	-0.000000	0.053739	-0.000000	0.092871	
0.018947	-0.087225	-0.000000	-0.000000	0.019715	0.850780	-0.136854	0.000000	-0.000000	-0.334096	0.000000	-0.355391	
0.081637	-0.375837	0.000000	0.000000	0.011610	-0.229165	-0.589676	0.000000	-0.000000	-0.509850	0.000000	0.308002	

ERI
0 0 0 0 3.5234033
1 0 0 0 -0.1941898
1 0 1 0 0.0208485
1 0 1 1 0.0054575
1 1 0 0 0.6444980
1 1 1 0 0.0054575
1 1 1 1 0.5892136
2 0 0 0 0.0000000
2 0 1 0 -0.0000000
2 0 1 1 0.0000000
2 0 2 0 0.0085318
2 0 2 1 0.0105327
2 0 2 2 -0.0000000
2 1 0 0 0.0000000
2 1 1 0 0.0000000
2 1 1 1 0.0000000
2 1 2 0 0.0105327
2 1 2 1 0.1079811
2 1 2 2 -0.0000000
2 2 0 0 0.6344430
2 2 1 0 -0.0004787
2 2 1 1 0.5102832
2 2 2 0 -0.0000000
2 2 2 1 -0.0000000
2 2 2 2 0.5334630
3 0 0 0 0.1695209
3 0 1 0 -0.0137583
3 0 1 1 0.0080136
3 0 2 0 0.0000000
3 0 2 1 -0.0000000
3 0 2 2 0.0037992
3 0 3 0 0.0250813
3 0 3 1 0.0083807
3 0 3 2 -0.0000000
3 0 3 3 -0.0092269
3 1 0 0 -0.0673264
3 1 1 0 0.0011836
3 1 1 1 0.0172618
3 1 2 0 -0.0000000
3 1 2 1 -0.0000000
3 1 2 2 -0.0183949
3 1 3 0 0.0083807
3 1 3 1 0.0640930
3 1 3 2 -0.0000000
3 1 3 3 -0.0477611
3 2 0 0 0.0000000
3 2 1 0 -0.0000000
3 2 1 1 -0.0000000
3 2 2 0 -0.0065074
3 2 2 1 -0.0349918
3 2 2 2 0.0000000
3 2 3 0 -0.0000000
3 2 3 1 -0.0000000
3 2 3 2 0.0328199
3 2 3 3 0.0000000
3 3 0 0 0.7733502
3 3 1 0 -0.0061121
3 3 1 1 0.4893618
3 3 2 0 0.0000000
3 3 2 1 0.0000000
3 3 2 2 0.4763251
3 3 3 0 -0.0092269
3 3 3 1 -0.0477611
3 3 3 2 0.0000000
3 3 3 3 0.6281290
4 0 0 0 -0.1354774
4 0 1 0 0.0128001
4 0 1 1 -0.0013587
4 0 2 0 -0.0000000
4 0 2 1 0.0000000
4 0 2 2 -0.0019631
4 0 3 0 -0.0140339
4 0 3 1 -0.0019122
4 0 3 2 -0.0000000
4 0 3 3 0.0007365
4 0 4 0 0.0098622
4 0 4 1 -0.0003490
4 0 4 2 -0.0000000
4 0 4 3 -0.0010334
4 0 4 4 -0.0000341
4 1 0 0 0.0874869
4 1 1 0 0.0006325
4 1 1 1 0.0405864
4 1 2 0 0.0000000
4 1 2 1 -0.0000000
4 1 2 2 -0.0176868
4 1 3 0 0.0011323
4 1 3 1 0.0179961
4 1 3 2 0.0000000
4 1 3 3 0.0562922
4 1 4 0 -0.0003490
4 1 4 1 0.0712388
4 1 4 2 0.0000000
4 1 4 3 0.0089524
4 1 4 4 0.0058961
4 2 0 0 0.0000000
4 2 1 0 -0.0000000
4 2 1 1 -0.0000000
4 2 2 0 -0.0014220
4 2 2 1 -0.0786263
4 2 2 2 0.0000000
4 2 3 0 0.0000000
4 2 3 1 0.0000000
4 2 3 2 0.0150314
4 2 3 3 0.0000000
4 2 4 0 -0.0000000
4 2 4 1 0.0000000
4 2 4 2 0.0879425
4 2 4 3 -0.0000000
4 2 4 4 -0.0000000
4 3 0 0 -0.1374812
4 3 1 0 0.0045099
4 3 1 1 0.0195333
4 3 2 0 -0.0000000
4 3 2 1 0.0000000
4 3 2 2 -0.0167757
4 3 3 0 0.0080480
4 3 3 1 0.0575608
4 3 3 2 -0.0000000
4 3 3 3 -0.0850764
4 3 4 0 -0.0010334
4 3 4 1 0.0089524
4 3 4 2 -0.0000000
4 3 4 3 0.0766190
4 3 4 4 0.0345227
4 4 0 0 0.4979007
4 4 1 0 0.0019519
4 4 1 1 0.5137412
4 4 2 0 0.0000000
4 4 2 1 0.0000000
4 4 2 2 0.4752683
4 4 3 0 0.0016575
4 4 3 1 0.0224982
4 4 3 2 -0.0000000
4 4 3 3 0.4377669
4 4 4 0 -0.0000341
4 4 4 1 0.0058961
4 4 4 2 -0.0000000
4 4 4 3 0.0345227
4 4 4 4 0.5220028
5 0 0 0 0.2179707
5 0 1 0 -0.0260418
5 0 1 1 -0.0116364
5 0 2 0 -0.0000000
5 0 2 1 -0.0000000
5 0 2 2 -0.0013614
5 0 3 0 0.0068809
5 0 3 1 -0.0072952
5 0 3 2 0.0000000
5 0 3 3 0.0157970
5 0 4 0 -0.0124689
5 0 4 1 -0.0009869
5 0 4 2 0.0000000
5 0 4 3 -0.0119692
5 0 4 4 -0.0033907
5 0 5 0 0.0394197
5 0 5 1 0.0046541
5 0 5 2 -0.0000000
5 0 5 3 -0.0046069
5 0 5 4 0.0027867
5 0 5 5 -0.0103752
5 1 0 0 -0.2601582
5 1 1 0 -0.0003092
5 1 1 1 -0.0713008
5 1 2 0 -0.0000000
5 1 2 1 0.0000000
5 1 2 2 -0.0649692
5 1 3 0 -0.0080142
5 1 3 1 0.0292957
5 1 3 2 -0.0000000
5 1 3 3 -0.0865846
5 1 4 0 0.0029066
5 1 4 1 -0.0151569
5 1 4 2 -0.0000000
5 1 4 3 0.0440451
5 1 4 4 0.0005440
5 1 5 0 0.0046541
5 1 5 1 0.1017551
5 1 5 2 0.0000000
5 1 5 3 0.0366625
5 1 5 4 0.0362234
5 1 5 5 -0.0878051
5 2 0 0 -0.0000000
5 2 1 0 0.0000000
5 2 1 1 -0.0000000
5 2 2 0 -0.0053972
5 2 2 1 -0.0036565
5 2 2 2 -0.0000000
5 2 3 0 -0.0000000
5 2 3 1 0.0000000
5 2 3 2 0.0011929
5 2 3 3 -0.0000000
5 2 4 0 0.0000000
5 2 4 1 -0.0000000
5 2 4 2 -0.0172534
5 2 4 3 0.0000000
5 2 4 4 0.0000000
5 2 5 0 -0.0000000
5 2 5 1 0.0000000
5 2 5 2 0.0231581
5 2 5 3 0.0000000
5 2 5 4 -0.0000000
5 2 5 5 -0.0000000
5 3 0 0 -0.0910309
5 3 1 0 0.0043570
5 3 1 1 0.0194883
5 3 2 0 0.0000000
5 3 2 1 0.0000000
5 3 2 2 -0.0151618
5 3 3 0 -0.0023607
5 3 3 1 0.0114348
5 3 3 2 -0.0000000
5 3 3 3 -0.0387734
5 3 4 0 0.0017351
5 3 4 1 0.0180278
5 3 4 2 -0.0000000
5 3 4 3 0.0379453
5 3 4 4 0.0282505
5 3 5 0 -0.0046069
5 3 5 1 0.0366625
5 3 5 2 0.0000000
5 3 5 3 0.0558038
5 3 5 4 0.0198883
5 3 5 5 -0.0006272
5 4 0 0 -0.0513943
5 4 1 0 -0.0010571
5 4 1 1 -0.0100362
5 4 2 0 -0.0000000
5 4 2 1 -0.0000000
5 4 2 2 -0.0321798
5 4 3 0 -0.0023093
5 4 3 1 0.0310169
5 4 3 2 0.0000000
5 4 3 3 0.0069008
5 4 4 0 0.0004824
5 4 4 1 0.0406603
5 4 4 2 0.0000000
5 4 4 3 0.0268109
5 4 4 4 0.0019242
5 4 5 0 0.0027867
5 4 5 1 0.0362234
5 4 5 2 -0.0000000
5 4 5 3 0.0198883
5 4 5 4 0.0568849
5 4 5 5 0.0115429
5 5 0 0 0.7958250
5 5 1 0 -0.0001669
5 5 1 1 0.5753158
5 5 2 0 0.0000000
5 5 2 1 0.0000000
5 5 2 2 0.4973068
5 5 3 0 0.0185996
5 5 3 1 0.0358804
5 5 3 2 -0.0000000
5 5 3 3 0.5129669
5 5 4 0 -0.0065750
5 5 4 1 0.0657524
5 5 4 2 -0.0000000
5 5 4 3 0.0175375
5 5 4 4 0.4984870
5 5 5 0 -0.0103752
5 5 5 1 -0.0878051
5 5 5 2 -0.0000000
5 5 5 3 -0.0006272
5 5 5 4 0.0115429
5 5 5 5 0.6286312
6 0 0 0 -0.0000000
6 0 1 0 0.0000000
6 0 1 1 0.0000000
6 0 2 0 -0.0129590
6 0 2 1 -0.0143365
6 0 2 2 0.0000000
6 0 3 0 -0.0000000
6 0 3 1 0.0000000
6 0 3 2 0.0092978
6 0 3 3 -0.0000000
6 0 4 0 0.0000000
6 0 4 1 0.0000000
6 0 4 2 0.0019005
6 0 4 3 0.0000000
6 0 4 4 0.0000000
6 0 5 0 -0.0000000
6 0 5 1 0.0000000
6 0 5 2 0.0071751
6 0 5 3 -0.0000000
6 0 5 4 0.0000000
6 0 5 5 -0.0000000
6 0 6 0 0.0198019
6 0 6 1 0.0056354
6 0 6 2 0.0000000
6 0 6 3 -0.0104638
6 0 6 4 0.0098962
6 0 6 5 -0.0099735
6 0 6 6 0.0000000
6 1 0 0 0.0000000
6 1 1 0 0.0000000
6 1 1 1 0.0000000
6 1 2 0 -0.0040841
6 1 2 1 0.0290869
6 1 2 2 0.0000000
6 1 3 0 0.0000000
6 1 3 1 -0.0000000
6 1 3 2 0.0018944
6 1 3 3 0.0000000
6 1 4 0 -0.0000000
6 1 4 1 0.0000000
6 1 4 2 -0.0493569
6 1 4 3 -0.0000000
6 1 4 4 0.0000000
6 1 5 0 -0.0000000
6 1 5 1 -0.0000000
6 1 5 2 0.0230952
6 1 5 3 -0.0000000
6 1 5 4 -0.0000000
6 1 5 5 0.0000000
6 1 6 0 0.0056354
6 1 6 1 0.0406991
6 1 6 2 -0.0000000
6 1 6 3 -0.0103658
6 1 6 4 -0.0478844
6 1 6 5 0.0180507
6 1 6 6 0.0000000
6 2 0 0 -0.2519499
6 2 1 0 0.0059786
6 2 1 1 -0.0139847
6 2 2 0 0.0000000
6 2 2 1 -0.0000000
6 2 2 2 -0.0370258
6 2 3 0 -0.0012723
6 2 3 1 0.0259251
6 2 3 2 -0.0000000
6 2 3 3 -0.1088233
6 2 4 0 0.0028409
6 2 4 1 -0.0407232
6 2 4 2 0.0000000
6 2 4 3 0.0523229
6 2 4 4 0.0375783
6 2 5 0 -0.0081511
6 2 5 1 0.0686624
6 2 5 2 0.0000000
6 2 5 3 0.0358926
6 2 5 4 -0.0098050
6 2 5 5 -0.0535230
6 2 6 0 0.0000000
6 2 6 1 -0.0000000
6 2 6 2 0.1204066
6 2 6 3 -0.0000000
6 2 6 4 0.0000000
6 2 6 5 0.0000000
6 2 6 6 -0.0505227
6 3 0 0 0.0000000
6 3 1 0 -0.0000000
6 3 1 1 -0.0000000
6 3 2 0 0.0071546
6 3 2 1 0.0208196
6 3 2 2 0.0000000
6 3 3 0 0.0000000
6 3 3 1 -0.0000000
6 3 3 2 -0.0285388
6 3 3 3 0.0000000
6 3 4 0 -0.0000000
6 3 4 1 -0.0000000
6 3 4 2 0.0027717
6 3 4 3 -0.0000000
6 3 4 4 -0.0000000
6 3 5 0 -0.0000000
6 3 5 1 -0.0000000
6 3 5 2 -0.0034948
6 3 5 3 -0.0000000
6 3 5 4 -0.0000000
6 3 5 5 0.0000000
6 3 6 0 -0.0104638
6 3 6 1 -0.0103658
6 3 6 2 -0.0000000
6 3 6 3 0.0325204
6 3 6 4 -0.0157964
6 3 6 5 0.0042159
6 3 6 6 0.0000000
6 4 0 0 0.0000000
6 4 1 0 0.0000000
6 4 1 1 -0.0000000
6 4 2 0 -0.0068479
6 4 2 1 -0.0925895
6 4 2 2 0.0000000
6 4 3 0 0.0000000
6 4 3 1 -0.0000000
6 4 3 2 0.0307850
6 4 3 3 -0.0000000
6 4 4 0 -0.0000000
6 4 4 1 -0.0000000
6 4 4 2 0.0892423
6 4 4 3 -0.0000000
6 4 4 4 -0.0000000
6 4 5 0 0.0000000
6 4 5 1 -0.0000000
6 4 5 2 -0.0174315
6 4 5 3 -0.0000000
6 4 5 4 0.0000000
6 4 5 5 -0.0000000
6 4 6 0 0.0098962
6 4 6 1 -0.0478844
6 4 6 2 0.0000000
6 4 6 3 -0.0157964
6 4 6 4 0.1083536
6 4 6 5 -0.0546020
6 4 6 6 0.0000000
6 5 0 0 -0.0000000
6 5 1 0 -0.0000000
6 5 1 1 -0.0000000
6 5 2 0 0.0072080
6 5 2 1 0.0587488
6 5 2 2 0.0000000
6 5 3 0 -0.0000000
6 5 3 1 -0.0000000
6 5 3 2 -0.0119742
6 5 3 3 -0.0000000
6 5 4 0 0.0000000
6 5 4 1 -0.0000000
6 5 4 2 -0.0462326
6 5 4 3 -0.0000000
6 5 4 4 -0.0000000
6 5 5 0 0.0000000
6 5 5 1 0.0000000
6 5 5 2 -0.0035951
6 5 5 3 -0.0000000
6 5 5 4 -0.0000000
6 5 5 5 -0.0000000
6 5 6 0 -0.0099735
6 5 6 1 0.0180507
6 5 6 2 0.0000000
6 5 6 3 0.0042159
6 5 6 4 -0.0546020
6 5 6 5 0.0421278
6 5 6 6 -0.0000000
6 6 0 0 0.7290021
6 6 1 0 -0.0060101
6 6 1 1 0.4990721
6 6 2 0 -0.0000000
6 6 2 1 -0.0000000
6 6 2 2 0.5299319
6 6 3 0 0.0043215
6 6 3 1 -0.0216176
6 6 3 2 0.0000000
6 6 3 3 0.4986936
6 6 4 0 -0.0038829
6 6 4 1 -0.0167032
6 6 4 2 0.0000000
6 6 4 3 -0.0319145
6 6 4 4 0.4766767
6 6 5 0 0.0063865
6 6 5 1 -0.0640995
6 6 5 2 -0.0000000
6 6 5 3 -0.0267871
6 6 5 4 -0.0354785
6 6 5 5 0.5052064
6 6 6 0 0.0000000
6 6 6 1 0.0000000
6 6 6 2 -0.0505227
6 6 6 3 0.0000000
6 6 6 4 0.0000000
6 6 6 5 -0.0000000
6 6 6 6 0.5575676
7 0 0 0 0.0850691
7 0 1 0 -0.0038222
7 0 1 1 0.0071213
7 0 2 0 0.0000000
7 0 2 1 -0.0000000
7 0 2 2 0.0006820
7 0 3 0 0.0034620
7 0 3 1 -0.0050436
7 0 3 2 0.0000000
7 0 3 3 0.0045616
7 0 4 0 -0.0032321
7 0 4 1 0.0034241
7 0 4 2 -0.0000000
7 0 4 3 -0.0024813
7 0 4 4 0.0036002
7 0 5 0 0.0053233
7 0 5 1 -0.0044191
7 0 5 2 0.0000000
7 0 5 3 0.0057415
7 0 5 4 -0.0031694
7 0 5 5 0.0046140
7 0 6 0 -0.0000000
7 0 6 1 0.0000000
7 0 6 2 0.0016639
7 0 6 3 -0.0000000
7 0 6 4 0.0000000
7 0 6 5 -0.0000000
7 0 6 6 -0.0006895
7 0 7 0 0.0112603
7 0 7 1 0.0015666
7 0 7 2 -0.0000000
7 0 7 3 -0.0026520
7 0 7 4 0.0014102
7 0 7 5 -0.0031139
7 0 7 6 0.0000000
7 0 7 7 -0.0059793
7 1 0 0 0.0065519
7 1 1 0 0.0010235
7 1 1 1 0.0013061
7 1 2 0 -0.0000000
7 1 2 1 -0.0000000
7 1 2 2 -0.0056907
7 1 3 0 -0.0031008
7 1 3 1 -0.0074559
7 1 3 2 0.0000000
7 1 3 3 0.0107503
7 1 4 0 0.0013727
7 1 4 1 0.0074480
7 1 4 2 0.0000000
7 1 4 3 -0.0065509
7 1 4 4 -0.0013330
7 1 5 0 0.0004049
7 1 5 1 -0.0025309
7 1 5 2 -0.0000000
7 1 5 3 0.0051268
7 1 5 4 0.0012759
7 1 5 5 0.0006014
7 1 6 0 0.0000000
7 1 6 1 0.0000000
7 1 6 2 -0.0023236
7 1 6 3 -0.0000000
7 1 6 4 0.0000000
7 1 6 5 -0.0000000
7 1 6 6 -0.0046824
7 1 7 0 0.0015666
7 1 7 1 0.0100147
7 1 7 2 0.0000000
7 1 7 3 0.0040826
7 1 7 4 0.0071400
7 1 7 5 -0.0002220
7 1 7 6 -0.0000000
7 1 7 7 0.0024820
7 2 0 0 -0.0000000
7 2 1 0 -0.0000000
7 2 1 1 -0.0000000
7 2 2 0 -0.0046072
7 2 2 1 -0.0221451
7 2 2 2 0.0000000
7 2 3 0 0.0000000
7 2 3 1 0.0000000
7 2 3 2 0.0105308
7 2 3 3 -0.0000000
7 2 4 0 -0.0000000
7 2 4 1 0.0000000
7 2 4 2 0.0131435
7 2 4 3 0.0000000
7 2 4 4 -0.0000000
7 2 5 0 0.0000000
7 2 5 1 -0.0000000
7 2 5 2 0.0039653
7 2 5 3 -0.0000000
7 2 5 4 0.0000000
7 2 5 5 -0.0000000
7 2 6 0 0.0068479
7 2 6 1 -0.0004318
7 2 6 2 -0.0000000
7 2 6 3 -0.0105905
7 2 6 4 0.0175361
7 2 6 5 -0.0122647
7 2 6 6 0.0000000
7 2 7 0 -0.0000000
7 2 7 1 0.0000000
7 2 7 2 0.0173883
7 2 7 3 0.0000000
7 2 7 4 0.0000000
7 2 7 5 -0.0000000
7 2 7 6 -0.0157804
7 2 7 7 -0.0000000
7 3 0 0 0.0085064
7 3 1 0 -0.0042801
7 3 1 1 -0.0264990
7 3 2 0 0.0000000
7 3 2 1 0.0000000
7 3 2 2 -0.0018716
7 3 3 0 -0.0024745
7 3 3 1 -0.0038393
7 3 3 2 0.0000000
7 3 3 3 0.0113257
7 3 4 0 -0.0005324
7 3 4 1 -0.0085502
7 3 4 2 0.0000000
7 3 4 3 -0.0154991
7 3 4 4 -0.0162058
7 3 5 0 0.0081341
7 3 5 1 0.0027927
7 3 5 2 -0.0000000
7 3 5 3 -0.0193319
7 3 5 4 0.0024730
7 3 5 5 -0.0218608
7 3 6 0 -0.0000000
7 3 6 1 -0.0000000
7 3 6 2 -0.0158412
7 3 6 3 0.0000000
7 3 6 4 -0.0000000
7 3 6 5 0.0000000
7 3 6 6 0.0056705
7 3 7 0 -0.0026520
7 3 7 1 0.0040826
7 3 7 2 0.0000000
7 3 7 3 0.0266309
7 3 7 4 0.0016892
7 3 7 5 -0.0006388
7 3 7 6 0.0000000
7 3 7 7 -0.0048632
7 4 0 0 -0.0072185
7 4 1 0 0.0020100
7 4 1 1 0.0066802
7 4 2 0 -0.0000000
7 4 2 1 -0.0000000
7 4 2 2 0.0039767
7 4 3 0 -0.0001585
7 4 3 1 -0.0009481
7 4 3 2 0.0000000
7 4 3 3 -0.0049675
7 4 4 0 0.0007599
7 4 4 1 -0.0010565
7 4 4 2 -0.0000000
7 4 4 3 0.0017231
7 4 4 4 0.0042903
7 4 5 0 -0.0030486
7 4 5 1 -0.0021751
7 4 5 2 0.0000000
7 4 5 3 0.0044915
7 4 5 4 -0.0051163
7 4 5 5 0.0028164
7 4 6 0 0.0000000
7 4 6 1 0.0000000
7 4 6 2 0.0055577
7 4 6 3 -0.0000000
7 4 6 4 0.0000000
7 4 6 5 -0.0000000
7 4 6 6 -0.0001747
7 4 7 0 0.0014102
7 4 7 1 0.0071400
7 4 7 2 0.0000000
7 4 7 3 0.0016892
7 4 7 4 0.0174048
7 4 7 5 0.0143637
7 4 7 6 -0.0000000
7 4 7 7 -0.0061262
7 5 0 0 0.0105608
7 5 1 0 -0.0012856
7 5 1 1 0.0021265
7 5 2 0 0.0000000
7 5 2 1 0.0000000
7 5 2 2 0.0048982
7 5 3 0 0.0078774
7 5 3 1 0.0191559
7 5 3 2 -0.0000000
7 5 3 3 -0.0162034
7 5 4 0 -0.0029495
7 5 4 1 0.0003833
7 5 4 2 -0.0000000
7 5 4 3 0.0149614
7 5 4 4 -0.0003874
7 5 5 0 -0.0033713
7 5 5 1 -0.0010368
7 5 5 2 -0.0000000
7 5 5 3 -0.0063151
7 5 5 4 0.0037419
7 5 5 5 0.0163400
7 5 6 0 -0.0000000
7 5 6 1 -0.0000000
7 5 6 2 -0.0032074
7 5 6 3 0.0000000
7 5 6 4 -0.0000000
7 5 6 5 -0.0000000
7 5 6 6 0.0021709
7 5 7 0 -0.0031139
7 5 7 1 -0.0002220
7 5 7 2 -0.0000000
7 5 7 3 -0.0006388
7 5 7 4 0.0143637
7 5 7 5 0.0330848
7 5 7 6 -0.0000000
7 5 7 7 0.0183984
7 6 0 0 -0.0000000
7 6 1 0 0.0000000
7 6 1 1 0.0000000
7 6 2 0 0.0054552
7 6 2 1 0.0131047
7 6 2 2 -0.0000000
7 6 3 0 -0.0000000
7 6 3 1 -0.0000000
7 6 3 2 -0.0109995
7 6 3 3 0.0000000
7 6 4 0 0.0000000
7 6 4 1 0.0000000
7 6 4 2 -0.0017101
7 6 4 3 -0.0000000
7 6 4 4 0.0000000
7 6 5 0 -0.0000000
7 6 5 1 -0.0000000
7 6 5 2 -0.0062461
7 6 5 3 0.0000000
7 6 5 4 -0.0000000
7 6 5 5 -0.0000000
7 6 6 0 -0.0081731
7 6 6 1 -0.0062265
7 6 6 2 0.0000000
7 6 6 3 0.0129054
7 6 6 4 -0.0075595
7 6 6 5 0.0068435
7 6 6 6 -0.0000000
7 6 7 0 0.0000000
7 6 7 1 -0.0000000
7 6 7 2 -0.0157804
7 6 7 3 0.0000000
7 6 7 4 -0.0000000
7 6 7 5 -0.0000000
7 6 7 6 0.0207183
7 6 7 7 -0.0000000
7 7 0 0 0.5615210
7 7 1 0 -0.0067728
7 7 1 1 0.4310842
7 7 2 0 0.0000000
7 7 2 1 -0.0000000
7 7 2 2 0.4008252
7 7 3 0 0.0084062
7 7 3 1 0.0393778
7 7 3 2 -0.0000000
7 7 3 3 0.4253933
7 7 4 0 -0.0050630
7 7 4 1 0.0524037
7 7 4 2 0.0000000
7 7 4 3 0.0221053
7 7 4 4 0.4111034
7 7 5 0 0.0046315
7 7 5 1 -0.0142501
7 7 5 2 -0.0000000
7 7 5 3 0.0061853
7 7 5 4 0.0476988
7 7 5 5 0.4831954
7 7 6 0 -0.0000000
7 7 6 1 0.0000000
7 7 6 2 -0.0460926
7 7 6 3 -0.0000000
7 7 6 4 -0.0000000
7 7 6 5 -0.0000000
7 7 6 6 0.4146727
7 7 7 0 -0.0059793
7 7 7 1 0.0024820
7 7 7 2 -0.0000000
7 7 7 3 -0.0048632
7 7 7 4 -0.0061262
7 7 7 5 0.0183984
7 7 7 6 -0.0000000
7 7 7 7 0.5146546
8 0 0 0 0.0000000
8 0 1 0 -0.0000000
8 0 1 1 -0.0000000
8 0 2 0 -0.0002359
8 0 2 1 -0.0003080
8 0 2 2 0.0000000
8 0 3 0 0.0000000
8 0 3 1 -0.0000000
8 0 3 2 0.0001686
8 0 3 3 0.0000000
8 0 4 0 -0.0000000
8 0 4 1 -0.0000000
8 0 4 2 -0.0000943
8 0 4 3 -0.0000000
8 0 4 4 0.0000000
8 0 5 0 0.0000000
8 0 5 1 0.0000000
8 0 5 2 0.0002846
8 0 5 3 -0.0000000
8 0 5 4 -0.0000000
8 0 5 5 -0.0000000
8 0 6 0 0.0003482
8 0 6 1 0.0002629
8 0 6 2 -0.0000000
8 0 6 3 -0.0001944
8 0 6 4 0.0000437
8 0 6 5 -0.0002124
8 0 6 6 0.0000000
8 0 7 0 0.0000000
8 0 7 1 0.0000000
8 0 7 2 0.0001250
8 0 7 3 0.0000000
8 0 7 4 0.0000000
8 0 7 5 -0.0000000
8 0 7 6 -0.0001606
8 0 7 7 -0.0000000
8 0 8 0 0.0000107
8 0 8 1 -0.0000426
8 0 8 2 -0.0000000
8 0 8 3 -0.0000879
8 0 8 4 -0.0000856
8 0 8 5 -0.0002145
8 0 8 6 0.0000000
8 0 8 7 0.0000305
8 0 8 8 -0.0000000
8 1 0 0 -0.0000000
8 1 1 0 -0.0000000
8 1 1 1 -0.0000000
8 1 2 0 -0.0020321
8 1 2 1 -0.0346173
8 1 2 2 0.0000000
8 1 3 0 0.0000000
8 1 3 1 0.0000000
8 1 3 2 0.0065212
8 1 3 3 -0.0000000
8 1 4 0 -0.0000000
8 1 4 1 0.0000000
8 1 4 2 0.0307676
8 1 4 3 -0.0000000
8 1 4 4 -0.0000000
8 1 5 0 0.0000000
8 1 5 1 -0.0000000
8 1 5 2 -0.0016304
8 1 5 3 -0.0000000
8 1 5 4 0.0000000
8 1 5 5 -0.0000000
8 1 6 0 0.0027398
8 1 6 1 -0.0164471
8 1 6 2 0.0000000
8 1 6 3 -0.0025273
8 1 6 4 0.0350089
8 1 6 5 -0.0195567
8 1 6 6 0.0000000
8 1 7 0 -0.0000000
8 1 7 1 0.0000000
8 1 7 2 0.0067896
8 1 7 3 -0.0000000
8 1 7 4 0.0000000
8 1 7 5 -0.0000000
8 1 7 6 -0.0013232
8 1 7 7 0.0000000
8 1 8 0 -0.0000426
8 1 8 1 0.0259524
8 1 8 2 -0.0000000
8 1 8 3 0.0136175
8 1 8 4 0.0052839
8 1 8 5 0.0256673
8 1 8 6 -0.0000000
8 1 8 7 0.0004412
8 1 8 8 0.0000000
8 2 0 0 -0.0339936
8 2 1 0 -0.0001627
8 2 1 1 -0.0189558
8 2 2 0 0.0000000
8 2 2 1 0.0000000
8 2 2 2 -0.0296818
8 2 3 0 -0.0003004
8 2 3 1 0.0117344
8 2 3 2 -0.0000000
8 2 3 3 -0.0151075
8 2 4 0 0.0000181
8 2 4 1 0.0184024
8 2 4 2 -0.0000000
8 2 4 3 0.0133728
8 2 4 4 -0.0113984
8 2 5 0 0.0003611
8 2 5 1 0.0186319
8 2 5 2 0.0000000
8 2 5 3 0.0143297
8 2 5 4 0.0238606
8 2 5 5 -0.0044284
8 2 6 0 -0.0000000
8 2 6 1 -0.0000000
8 2 6 2 0.0024041
8 2 6 3 -0.0000000
8 2 6 4 -0.0000000
8 2 6 5 -0.0000000
8 2 6 6 -0.0299542
8 2 7 0 -0.0000085
8 2 7 1 0.0028063
8 2 7 2 -0.0000000
8 2 7 3 -0.0031585
8 2 7 4 -0.0014742
8 2 7 5 0.0011997
8 2 7 6 -0.0000000
8 2 7 7 0.0210441
8 2 8 0 -0.0000000
8 2 8 1 -0.0000000
8 2 8 2 0.0216690
8 2 8 3 -0.0000000
8 2 8 4 -0.0000000
8 2 8 5 0.0000000
8 2 8 6 0.0163825
8 2 8 7 -0.0000000
8 2 8 8 0.0598740
8 3 0 0 0.0000000
8 3 1 0 -0.0000000
8 3 1 1 -0.0000000
8 3 2 0 -0.0003426
8 3 2 1 -0.0086349
8 3 2 2 0.0000000
8 3 3 0 0.0000000
8 3 3 1 -0.0000000
8 3 3 2 0.0001244
8 3 3 3 0.0000000
8 3 4 0 -0.0000000
8 3 4 1 0.0000000
8 3 4 2 0.0091115
8 3 4 3 -0.0000000
8 3 4 4 -0.0000000
8 3 5 0 0.0000000
8 3 5 1 -0.0000000
8 3 5 2 0.0005801
8 3 5 3 0.0000000
8 3 5 4 0.0000000
8 3 5 5 -0.0000000
8 3 6 0 0.0004335
8 3 6 1 -0.0049919
8 3 6 2 0.0000000
8 3 6 3 0.0008665
8 3 6 4 0.0098098
8 3 6 5 -0.0047955
8 3 6 6 0.0000000
8 3 7 0 -0.0000000
8 3 7 1 0.0000000
8 3 7 2 0.0016720
8 3 7 3 0.0000000
8 3 7 4 0.0000000
8 3 7 5 -0.0000000
8 3 7 6 -0.0001257
8 3 7 7 -0.0000000
8 3 8 0 -0.0000879
8 3 8 1 0.0136175
8 3 8 2 -0.0000000
8 3 8 3 0.0099012
8 3 8 4 0.0087574
8 3 8 5 0.0167295
8 3 8 6 -0.0000000
8 3 8 7 -0.0011152
8 3 8 8 -0.0000000
8 4 0 0 -0.0000000
8 4 1 0 0.0000000
8 4 1 1 0.0000000
8 4 2 0 0.0003294
8 4 2 1 0.0127783
8 4 2 2 -0.0000000
8 4 3 0 -0.0000000
8 4 3 1 -0.0000000
8 4 3 2 -0.0024511
8 4 3 3 -0.0000000
8 4 4 0 0.0000000
8 4 4 1 -0.0000000
8 4 4 2 -0.0126773
8 4 4 3 -0.0000000
8 4 4 4 0.0000000
8 4 5 0 -0.0000000
8 4 5 1 0.0000000
8 4 5 2 0.0064028
8 4 5 3 0.0000000
8 4 5 4 -0.0000000
8 4 5 5 0.0000000
8 4 6 0 -0.0005708
8 4 6 1 0.0091970
8 4 6 2 -0.0000000
8 4 6 3 0.0014120
8 4 6 4 -0.0143292
8 4 6 5 0.0096713
8 4 6 6 -0.0000000
8 4 7 0 0.0000000
8 4 7 1 -0.0000000
8 4 7 2 -0.0017267
8 4 7 3 0.0000000
8 4 7 4 -0.0000000
8 4 7 5 0.0000000
8 4 7 6 0.0009945
8 4 7 7 -0.0000000
8 4 8 0 -0.0000856
8 4 8 1 0.0052839
8 4 8 2 -0.0000000
8 4 8 3 0.0087574
8 4 8 4 0.0169776
8 4 8 5 0.0119977
8 4 8 6 -0.0000000
8 4 8 7 0.0011883
8 4 8 8 -0.0000000
8 5 0 0 -0.0000000
8 5 1 0 -0.0000000
8 5 1 1 -0.0000000
8 5 2 0 -0.0004097
8 5 2 1 -0.0206317
8 5 2 2 -0.0000000
8 5 3 0 0.0000000
8 5 3 1 0.0000000
8 5 3 2 0.0041558
8 5 3 3 0.0000000
8 5 4 0 -0.0000000
8 5 4 1 0.0000000
8 5 4 2 0.0253430
8 5 4 3 0.0000000
8 5 4 4 -0.0000000
8 5 5 0 0.0000000
8 5 5 1 -0.0000000
8 5 5 2 -0.0044842
8 5 5 3 0.0000000
8 5 5 4 0.0000000
8 5 5 5 -0.0000000
8 5 6 0 0.0005899
8 5 6 1 -0.0158314
8 5 6 2 -0.0000000
8 5 6 3 -0.0000734
8 5 6 4 0.0285440
8 5 6 5 -0.0123160
8 5 6 6 0.0000000
8 5 7 0 -0.0000000
8 5 7 1 0.0000000
8 5 7 2 0.0039512
8 5 7 3 -0.0000000
8 5 7 4 -0.0000000
8 5 7 5 0.0000000
8 5 7 6 0.0012769
8 5 7 7 0.0000000
8 5 8 0 -0.0002145
8 5 8 1 0.0256673
8 5 8 2 0.0000000
8 5 8 3 0.0167295
8 5 8 4 0.0119977
8 5 8 5 0.0329343
8 5 8 6 -0.0000000
8 5 8 7 0.0007996
8 5 8 8 0.0000000
8 6 0 0 0.0006545
8 6 1 0 -0.0002038
8 6 1 1 -0.0057065
8 6 2 0 0.0000000
8 6 2 1 0.0000000
8 6 2 2 -0.0131272
8 6 3 0 0.0003261
8 6 3 1 0.0080295
8 6 3 2 -0.0000000
8 6 3 3 0.0021280
8 6 4 0 -0.0002511
8 6 4 1 0.0193540
8 6 4 2 -0.0000000
8 6 4 3 0.0072161
8 6 4 4 -0.0078341
8 6 5 0 0.0000940
8 6 5 1 0.0044019
8 6 5 2 -0.0000000
8 6 5 3 0.0074764
8 6 5 4 0.0200836
8 6 5 5 0.0083988
8 6 6 0 -0.0000000
8 6 6 1 0.0000000
8 6 6 2 -0.0104837
8 6 6 3 -0.0000000
8 6 6 4 -0.0000000
8 6 6 5 -0.0000000
8 6 6 6 -0.0156422
8 6 7 0 -0.0001241
8 6 7 1 0.0024373
8 6 7 2 -0.0000000
8 6 7 3 -0.0015754
8 6 7 4 -0.0005800
8 6 7 5 0.0032472
8 6 7 6 -0.0000000
8 6 7 7 0.0246093
8 6 8 0 0.0000000
8 6 8 1 -0.0000000
8 6 8 2 0.0163825
8 6 8 3 -0.0000000
8 6 8 4 -0.0000000
8 6 8 5 -0.0000000
8 6 8 6 0.0148450
8 6 8 7 -0.0000000
8 6 8 8 0.0423855
8 7 0 0 0.0000000
8 7 1 0 0.0000000
8 7 1 1 0.0000000
8 7 2 0 0.0002609
8 7 2 1 0.0032371
8 7 2 2 -0.0000000
8 7 3 0 -0.0000000
8 7 3 1 -0.0000000
8 7 3 2 -0.0013269
8 7 3 3 0.0000000
8 7 4 0 0.0000000
8 7 4 1 -0.0000000
8 7 4 2 -0.0021013
8 7 4 3 0.0000000
8 7 4 4 0.0000000
8 7 5 0 -0.0000000
8 7 5 1 0.0000000
8 7 5 2 0.0008354
8 7 5 3 0.0000000
8 7 5 4 -0.0000000
8 7 5 5 0.0000000
8 7 6 0 -0.0003324
8 7 6 1 0.0021186
8 7 6 2 -0.0000000
8 7 6 3 0.0003633
8 7 6 4 -0.0025505
8 7 6 5 0.0025383
8 7 6 6 -0.0000000
8 7 7 0 -0.0000000
8 7 7 1 0.0000000
8 7 7 2 0.0037145
8 7 7 3 -0.0000000
8 7 7 4 -0.0000000
8 7 7 5 0.0000000
8 7 7 6 0.0039117
8 7 7 7 0.0000000
8 7 8 0 0.0000305
8 7 8 1 0.0004412
8 7 8 2 -0.0000000
8 7 8 3 -0.0011152
8 7 8 4 0.0011883
8 7 8 5 0.0007996
8 7 8 6 -0.0000000
8 7 8 7 0.0210483
8 7 8 8 -0.0000000
8 8 0 0 0.3245175
8 8 1 0 0.0029104
8 8 1 1 0.4367966
8 8 2 0 -0.0000000
8 8 2 1 -0.0000000
8 8 2 2 0.3557723
8 8 3 0 0.0040776
8 8 3 1 0.0770955
8 8 3 2 -0.0000000
8 8 3 3 0.3355338
8 8 4 0 -0.0005694
8 8 4 1 0.0582261
8 8 4 2 -0.0000000
8 8 4 3 0.0874797
8 8 4 4 0.4466045
8 8 5 0 -0.0068843
8 8 5 1 0.0669461
8 8 5 2 0.0000000
8 8 5 3 0.0771196
8 8 5 4 0.0748522
8 8 5 5 0.4659580
8 8 6 0 0.0000000
8 8 6 1 -0.0000000
8 8 6 2 0.0511311
8 8 6 3 -0.0000000
8 8 6 4 -0.0000000
8 8 6 5 -0.0000000
8 8 6 6 0.3513516
8 8 7 0 0.0014084
8 8 7 1 0.0030304
8 8 7 2 -0.0000000
8 8 7 3 -0.0300144
8 8 7 4 0.0003465
8 8 7 5 0.0113803
8 8 7 6 -0.0000000
8 8 7 7 0.4670424
8 8 8 0 -0.0000000
8 8 8 1 0.0000000
8 8 8 2 0.0598740
8 8 8 3 -0.0000000
8 8 8 4 -0.0000000
8 8 8 5 0.0000000
8 8 8 6 0.0423855
8 8 8 7 -0.0000000
8 8 8 8 0.6728328
9 0 0 0 0.0028046
9 0 1 0 -0.0001016
9 0 1 1 0.0003674
9 0 2 0 0.0000000
9 0 2 1 -0.0000000
9 0 2 2 0.0003656
9 0 3 0 0.0001164
9 0 3 1 -0.0001942
9 0 3 2 0.0000000
9 0 3 3 0.0005008
9 0 4 0 -0.0000838
9 0 4 1 0.0000308
9 0 4 2 0.0000000
9 0 4 3 -0.0002624
9 0 4 4 0.0000928
9 0 5 0 0.0001035
9 0 5 1 -0.0004477
9 0 5 2 -0.0000000
9 0 5 3 -0.0001626
9 0 5 4 -0.0002270
9 0 5 5 0.0004111
9 0 6 0 -0.0000000
9 0 6 1 0.0000000
9 0 6 2 -0.0002999
9 0 6 3 0.0000000
9 0 6 4 0.0000000
9 0 6 5 -0.0000000
9 0 6 6 0.0004299
9 0 7 0 0.0001227
9 0 7 1 0.0000082
9 0 7 2 0.0000000
9 0 7 3 0.0000025
9 0 7 4 0.0000101
9 0 7 5 -0.0000346
9 0 7 6 0.0000000
9 0 7 7 -0.0000328
9 0 8 0 0.0000000
9 0 8 1 -0.0000000
9 0 8 2 -0.0001455
9 0 8 3 0.0000000
9 0 8 4 0.0000000
9 0 8 5 -0.0000000
9 0 8 6 -0.0000806
9 0 8 7 -0.0000000
9 0 8 8 -0.0004260
9 0 9 0 0.0000059
9 0 9 1 -0.0000146
9 0 9 2 -0.0000000
9 0 9 3 -0.0000754
9 0 9 4 -0.0001613
9 0 9 5 -0.0001134
9 0 9 6 0.0000000
9 0 9 7 0.0000186
9 0 9 8 -0.0000000
9 0 9 9 -0.0027324
9 1 0 0 0.0047691
9 1 1 0 0.0000914
9 1 1 1 0.0028405
9 1 2 0 0.0000000
9 1 2 1 0.0000000
9 1 2 2 0.0040839
9 1 3 0 -0.0000145
9 1 3 1 -0.0022070
9 1 3 2 0.0000000
9 1 3 3 0.0020349
9 1 4 0 0.0000330
9 1 4 1 -0.0028160
9 1 4 2 0.0000000
9 1 4 3 -0.0026108
9 1 4 4 0.0005858
9 1 5 0 -0.0001191
9 1 5 1 -0.0031617
9 1 5 2 0.0000000
9 1 5 3 -0.0021197
9 1 5 4 -0.0041650
9 1 5 5 0.0005446
9 1 6 0 0.0000000
9 1 6 1 0.0000000
9 1 6 2 0.0000184
9 1 6 3 0.0000000
9 1 6 4 0.0000000
9 1 6 5 0.0000000
9 1 6 6 0.0041440
9 1 7 0 0.0000769
9 1 7 1 -0.0003715
9 1 7 2 0.0000000
9 1 7 3 -0.0001379
9 1 7 4 -0.0001842
9 1 7 5 -0.0006775
9 1 7 6 0.0000000
9 1 7 7 -0.0010005
9 1 8 0 0.0000000
9 1 8 1 -0.0000000
9 1 8 2 -0.0018317
9 1 8 3 -0.0000000
9 1 8 4 0.0000000
9 1 8 5 -0.0000000
9 1 8 6 -0.0014681
9 1 8 7 0.0000000
9 1 8 8 -0.0031420
9 1 9 0 -0.0000146
9 1 9 1 0.0027946
9 1 9 2 -0.0000000
9 1 9 3 0.0029125
9 1 9 4 0.0049179
9 1 9 5 0.0051505
9 1 9 6 -0.0000000
9 1 9 7 0.0007261
9 1 9 8 0.0000000
9 1 9 9 0.0159430
9 2 0 0 -0.0000000
9 2 1 0 -0.0000000
9 2 1 1 0.0000000
9 2 2 0 0.0001391
9 2 2 1 0.0022046
9 2 2 2 -0.0000000
9 2 3 0 0.0000000
9 2 3 1 0.0000000
9 2 3 2 -0.0006220
9 2 3 3 -0.0000000
9 2 4 0 0.0000000
9 2 4 1 -0.0000000
9 2 4 2 -0.0022939
9 2 4 3 0.0000000
9 2 4 4 0.0000000
9 2 5 0 -0.0000000
9 2 5 1 0.0000000
9 2 5 2 -0.0000783
9 2 5 3 0.0000000
9 2 5 4 -0.0000000
9 2 5 5 0.0000000
9 2 6 0 -0.0001834
9 2 6 1 0.0009986
9 2 6 2 -0.0000000
9 2 6 3 0.0000403
9 2 6 4 -0.0025306
9 2 6 5 0.0011039
9 2 6 6 -0.0000000
9 2 7 0 -0.0000000
9 2 7 1 0.0000000
9 2 7 2 -0.0003679
9 2 7 3 0.0000000
9 2 7 4 0.0000000
9 2 7 5 0.0000000
9 2 7 6 0.0000192
9 2 7 7 0.0000000
9 2 8 0 0.0000025
9 2 8 1 -0.0018227
9 2 8 2 0.0000000
9 2 8 3 -0.0011906
9 2 8 4 -0.0011303
9 2 8 5 -0.0021242
9 2 8 6 0.0000000
9 2 8 7 0.0000250
9 2 8 8 0.0000000
9 2 9 0 -0.0000000
9 2 9 1 -0.0000000
9 2 9 2 0.0014149
9 2 9 3 -0.0000000
9 2 9 4 -0.0000000
9 2 9 5 0.0000000
9 2 9 6 0.0012584
9 2 9 7 -0.0000000
9 2 9 8 0.0042506
9 2 9 9 -0.0000000
9 3 0 0 0.0001248
9 3 1 0 -0.0000542
9 3 1 1 -0.0004735
9 3 2 0 -0.0000000
9 3 2 1 -0.0000000
9 3 2 2 0.0005261
9 3 3 0 0.0000481
9 3 3 1 -0.0003657
9 3 3 2 0.0000000
9 3 3 3 -0.0004900
9 3 4 0 -0.0000372
9 3 4 1 -0.0011828
9 3 4 2 0.0000000
9 3 4 3 -0.0007352
9 3 4 4 -0.0008360
9 3 5 0 0.0000408
9 3 5 1 -0.0003174
9 3 5 2 0.0000000
9 3 5 3 -0.0007806
9 3 5 4 -0.0009386
9 3 5 5 -0.0004399
9 3 6 0 -0.0000000
9 3 6 1 0.0000000
9 3 6 2 0.0003326
9 3 6 3 0.0000000
9 3 6 4 0.0000000
9 3 6 5 0.0000000
9 3 6 6 0.0006027
9 3 7 0 -0.0000506
9 3 7 1 0.0000523
9 3 7 2 0.0000000
9 3 7 3 0.0000373
9 3 7 4 0.0000350
9 3 7 5 0.0002438
9 3 7 6 -0.0000000
9 3 7 7 0.0019689
9 3 8 0 -0.0000000
9 3 8 1 0.0000000
9 3 8 2 0.0006003
9 3 8 3 0.0000000
9 3 8 4 0.0000000
9 3 8 5 0.0000000
9 3 8 6 0.0004399
9 3 8 7 -0.0000000
9 3 8 8 0.0025653
9 3 9 0 -0.0000754
9 3 9 1 0.0029125
9 3 9 2 -0.0000000
9 3 9 3 0.0043321
9 3 9 4 0.0078967
9 3 9 5 0.0069835
9 3 9 6 -0.0000000
9 3 9 7 -0.0005789
9 3 9 8 -0.0000000
9 3 9 9 0.0642556
9 4 0 0 -0.0010982
9 4 1 0 0.0000138
9 4 1 1 -0.0014267
9 4 2 0 -0.0000000
9 4 2 1 -0.0000000
9 4 2 2 -0.0011400
9 4 3 0 -0.0000640
9 4 3 1 -0.0002667
9 4 3 2 0.0000000
9 4 3 3 -0.0007375
9 4 4 0 0.0000029
9 4 4 1 0.0005239
9 4 4 2 0.0000000
9 4 4 3 -0.0002053
9 4 4 4 -0.0018121
9 4 5 0 0.0000068
9 4 5 1 0.0003263
9 4 5 2 -0.0000000
9 4 5 3 0.0005615
9 4 5 4 0.0009955
9 4 5 5 -0.0000480
9 4 6 0 0.0000000
9 4 6 1 -0.0000000
9 4 6 2 -0.0000628
9 4 6 3 -0.0000000
9 4 6 4 -0.0000000
9 4 6 5 -0.0000000
9 4 6 6 -0.0014171
9 4 7 0 0.0000479
9 4 7 1 0.0003710
9 4 7 2 -0.0000000
9 4 7 3 -0.0008203
9 4 7 4 -0.0004154
9 4 7 5 -0.0000327
9 4 7 6 -0.0000000
9 4 7 7 0.0056852
9 4 8 0 -0.0000000
9 4 8 1 0.0000000
9 4 8 2 0.0029354
9 4 8 3 -0.0000000
9 4 8 4 -0.0000000
9 4 8 5 0.0000000
9 4 8 6 0.0024499
9 4 8 7 -0.0000000
9 4 8 8 0.0082623
9 4 9 0 -0.0001613
9 4 9 1 0.0049179
9 4 9 2 -0.0000000
9 4 9 3 0.0078967
9 4 9 4 0.0152509
9 4 9 5 0.0128250
9 4 9 6 -0.0000000
9 4 9 7 0.0004602
9 4 9 8 -0.0000000
9 4 9 9 0.1489196
9 5 0 0 -0.0031111
9 5 1 0 -0.0000947
9 5 1 1 -0.0028328
9 5 2 0 0.0000000
9 5 2 1 0.0000000
9 5 2 2 -0.0000489
9 5 3 0 -0.0001183
9 5 3 1 -0.0016376
9 5 3 2 -0.0000000
9 5 3 3 -0.0026761
9 5 4 0 -0.0000007
9 5 4 1 -0.0034526
9 5 4 2 -0.0000000
9 5 4 3 -0.0016887
9 5 4 4 -0.0023804
9 5 5 0 0.0001837
9 5 5 1 0.0003272
9 5 5 2 0.0000000
9 5 5 3 -0.0010277
9 5 5 4 -0.0025501
9 5 5 5 -0.0036333
9 5 6 0 -0.0000000
9 5 6 1 0.0000000
9 5 6 2 0.0017709
9 5 6 3 0.0000000
9 5 6 4 -0.0000000
9 5 6 5 0.0000000
9 5 6 6 0.0002624
9 5 7 0 -0.0000403
9 5 7 1 -0.0002188
9 5 7 2 -0.0000000
9 5 7 3 -0.0003486
9 5 7 4 -0.0004619
9 5 7 5 -0.0004786
9 5 7 6 0.0000000
9 5 7 7 0.0009531
9 5 8 0 0.0000000
9 5 8 1 -0.0000000
9 5 8 2 0.0008017
9 5 8 3 -0.0000000
9 5 8 4 -0.0000000
9 5 8 5 -0.0000000
9 5 8 6 0.0002688
9 5 8 7 0.0000000
9 5 8 8 0.0032107
9 5 9 0 -0.0001134
9 5 9 1 0.0051505
9 5 9 2 0.0000000
9 5 9 3 0.0069835
9 5 9 4 0.0128250
9 5 9 5 0.0118170
9 5 9 6 -0.0000000
9 5 9 7 0.0008967
9 5 9 8 0.0000000
9 5 9 9 0.0956615
9 6 0 0 0.0000000
9 6 1 0 0.0000000
9 6 1 1 0.0000000
9 6 2 0 0.0000652
9 6 2 1 0.0020928
9 6 2 2 -0.0000000
9 6 3 0 0.0000000
9 6 3 1 0.0000000
9 6 3 2 -0.0005543
9 6 3 3 0.0000000
9 6 4 0 0.0000000
9 6 4 1 0.0000000
9 6 4 2 -0.0025577
9 6 4 3 0.0000000
9 6 4 4 0.0000000
9 6 5 0 -0.0000000
9 6 5 1 0.0000000
9 6 5 2 0.0003496
9 6 5 3 0.0000000
9 6 5 4 -0.0000000
9 6 5 5 0.0000000
9 6 6 0 -0.0000910
9 6 6 1 0.0014385
9 6 6 2 -0.0000000
9 6 6 3 0.0000059
9 6 6 4 -0.0028636
9 6 6 5 0.0011788
9 6 6 6 -0.0000000
9 6 7 0 0.0000000
9 6 7 1 0.0000000
9 6 7 2 -0.0004176
9 6 7 3 0.0000000
9 6 7 4 0.0000000
9 6 7 5 0.0000000
9 6 7 6 0.0000421
9 6 7 7 -0.0000000
9 6 8 0 0.0000113
9 6 8 1 -0.0018963
9 6 8 2 -0.0000000
9 6 8 3 -0.0012199
9 6 8 4 -0.0009602
9 6 8 5 -0.0023774
9 6 8 6 0.0000000
9 6 8 7 0.0001142
9 6 8 8 -0.0000000
9 6 9 0 0.0000000
9 6 9 1 -0.0000000
9 6 9 2 0.0012584
9 6 9 3 -0.0000000
9 6 9 4 -0.0000000
9 6 9 5 -0.0000000
9 6 9 6 0.0011423
9 6 9 7 -0.0000000
9 6 9 8 0.0036569
9 6 9 9 -0.0000000
9 7 0 0 0.0009786
9 7 1 0 -0.0000861
9 7 1 1 -0.0008756
9 7 2 0 0.0000000
9 7 2 1 0.0000000
9 7 2 2 -0.0002520
9 7 3 0 0.0000326
9 7 3 1 0.0002331
9 7 3 2 0.0000000
9 7 3 3 0.0003549
9 7 4 0 -0.0000431
9 7 4 1 0.0001775
9 7 4 2 0.0000000
9 7 4 3 0.0001004
9 7 4 4 -0.0003885
9 7 5 0 0.0000833
9 7 5 1 -0.0003426
9 7 5 2 -0.0000000
9 7 5 3 -0.0001355
9 7 5 4 0.0004220
9 7 5 5 -0.0000968
9 7 6 0 -0.0000000
9 7 6 1 0.0000000
9 7 6 2 -0.0007375
9 7 6 3 0.0000000
9 7 6 4 -0.0000000
9 7 6 5 -0.0000000
9 7 6 6 -0.0002444
9 7 7 0 -0.0000535
9 7 7 1 -0.0009255
9 7 7 2 0.0000000
9 7 7 3 -0.0008023
9 7 7 4 -0.0018615
9 7 7 5 -0.0013950
9 7 7 6 0.0000000
9 7 7 7 0.0001771
9 7 8 0 -0.0000000
9 7 8 1 0.0000000
9 7 8 2 0.0002642
9 7 8 3 -0.0000000
9 7 8 4 -0.0000000
9 7 8 5 0.0000000
9 7 8 6 0.0003852
9 7 8 7 -0.0000000
9 7 8 8 -0.0000619
9 7 9 0 0.0000186
9 7 9 1 0.0007261
9 7 9 2 -0.0000000
9 7 9 3 -0.0005789
9 7 9 4 0.0004602
9 7 9 5 0.0008967
9 7 9 6 -0.0000000
9 7 9 7 0.0091562
9 7 9 8 0.0000000
9 7 9 9 0.0149403
9 8 0 0 -0.0000000
9 8 1 0 -0.0000000
9 8 1 1 -0.0000000
9 8 2 0 -0.0001042
9 8 2 1 -0.0033084
9 8 2 2 0.0000000
9 8 3 0 0.0000000
9 8 3 1 0.0000000
9 8 3 2 0.0000137
9 8 3 3 0.0000000
9 8 4 0 -0.0000000
9 8 4 1 0.0000000
9 8 4 2 0.0020084
9 8 4 3 -0.0000000
9 8 4 4 -0.0000000
9 8 5 0 0.0000000
9 8 5 1 -0.0000000
9 8 5 2 -0.0016451
9 8 5 3 -0.0000000
9 8 5 4 0.0000000
9 8 5 5 -0.0000000
9 8 6 0 0.0001574
9 8 6 1 -0.0023952
9 8 6 2 0.0000000
9 8 6 3 -0.0006916
9 8 6 4 0.0026433
9 8 6 5 -0.0028006
9 8 6 6 0.0000000
9 8 7 0 -0.0000000
9 8 7 1 0.0000000
9 8 7 2 0.0004573
9 8 7 3 -0.0000000
9 8 7 4 0.0000000
9 8 7 5 -0.0000000
9 8 7 6 -0.0000704
9 8 7 7 0.0000000
9 8 8 0 -0.0000160
9 8 8 1 -0.0001553
9 8 8 2 -0.0000000
9 8 8 3 -0.0014001
9 8 8 4 -0.0042868
9 8 8 5 -0.0013064
9 8 8 6 0.0000000
9 8 8 7 -0.0004312
9 8 8 8 0.0000000
9 8 9 0 -0.0000000
9 8 9 1 0.0000000
9 8 9 2 0.0042506
9 8 9 3 -0.0000000
9 8 9 4 -0.0000000
9 8 9 5 0.0000000
9 8 9 6 0.0036569
9 8 9 7 0.0000000
9 8 9 8 0.0145315
9 8 9 9 0.0000000
9 9 0 0 0.3431382
9 9 1 0 0.0035571
9 9 1 1 0.4981468
9 9 2 0 -0.0000000
9 9 2 1 -0.0000000
9 9 2 2 0.3734918
9 9 3 0 0.0047652
9 9 3 1 0.1232952
9 9 3 2 -0.0000000
9 9 3 3 0.3923314
9 9 4 0 -0.0010681
9 9 4 1 0.1335191
9 9 4 2 -0.0000000
9 9 4 3 0.1582715
9 9 4 4 0.5587284
9 9 5 0 -0.0084663
9 9 5 1 0.1188589
9 9 5 2 0.0000000
9 9 5 3 0.1406516
9 9 5 4 0.1828452
9 9 5 5 0.5880786
9 9 6 0 0.0000000
9 9 6 1 -0.0000000
9 9 6 2 0.0548557
9 9 6 3 -0.0000000
9 9 6 4 -0.0000000
9 9 6 5 -0.0000000
9 9 6 6 0.3620778
9 9 7 0 0.0020418
9 9 7 1 0.0110147
9 9 7 2 -0.0000000
9 9 7 3 -0.0461882
9 9 7 4 -0.0060514
9 9 7 5 0.0166728
9 9 7 6 -0.0000000
9 9 7 7 0.6182421
9 9 8 0 -0.0000000
9 9 8 1 0.0000000
9 9 8 2 0.1094400
9 9 8 3 -0.0000000
9 9 8 4 -0.0000000
9 9 8 5 0.0000000
9 9 8 6 0.0890394
9 9 8 7 0.0000000
9 9 8 8 0.8416888
9 9 9 0 -0.0027324
9 9 9 1 0.0159430
9 9 9 2 -0.0000000
9 9 9 3 0.0642556
9 9 9 4 0.1489196
9 9 9 5 0.0956615
9 9 9 6 -0.0000000
9 9 9 7 0.0149403
9 9 9 8 0.0000000
9 9 9 9 3.4993864
10 0 0 0 -0.0250965
10 0 1 0 0.0010125
10 0 1 1 -0.0027219
10 0 2 0 -0.0000000
10 0 2 1 0.0000000
10 0 2 2 -0.0012596
10 0 3 0 -0.0009645
10 0 3 1 0.0015972
10 0 3 2 -0.0000000
10 0 3 3 -0.0025144
10 0 4 0 0.0008565
10 0 4 1 -0.0009272
10 0 4 2 0.0000000
10 0 4 3 0.0011952
10 0 4 4 -0.0012390
10 0 5 0 -0.0013438
10 0 5 1 0.0021433
10 0 5 2 0.0000000
10 0 5 3 -0.0008881
10 0 5 4 0.0011794
10 0 5 5 -0.0023099
10 0 6 0 0.0000000
10 0 6 1 -0.0000000
10 0 6 2 0.0004617
10 0 6 3 0.0000000
10 0 6 4 -0.0000000
10 0 6 5 0.0000000
10 0 6 6 -0.0011032
10 0 7 0 -0.0027170
10 0 7 1 -0.0004142
10 0 7 2 0.0000000
10 0 7 3 0.0005275
10 0 7 4 -0.0004440
10 0 7 5 0.0007159
10 0 7 6 -0.0000000
10 0 7 7 0.0012117
10 0 8 0 -0.0000000
10 0 8 1 0.0000000
10 0 8 2 0.0003536
10 0 8 3 -0.0000000
10 0 8 4 -0.0000000
10 0 8 5 0.0000000
10 0 8 6 0.0001900
10 0 8 7 0.0000000
10 0 8 8 0.0006591
10 0 9 0 -0.0000359
10 0 9 1 -0.0000599
10 0 9 2 0.0000000
10 0 9 3 0.0000137
10 0 9 4 0.0000135
10 0 9 5 0.0000246
10 0 9 6 -0.0000000
10 0 9 7 0.0000115
10 0 9 8 -0.0000000
10 0 9 9 0.0008085
10 0 10 0 0.0006751
10 0 10 1 0.0005226
10 0 10 2 -0.0000000
10 0 10 3 -0.0000884
10 0 10 4 0.0001851
10 0 10 5 -0.0000570
10 0 10 6 0.0000000
10 0 10 7 0.0000157
10 0 10 8 -0.0000000
10 0 10 9 0.0000063
10 0 10 10 0.0010838
10 1 0 0 -0.0329841
10 1 1 0 -0.0010070
10 1 1 1 -0.0326250
10 1 2 0 0.0000000
10 1 2 1 0.0000000
10 1 2 2 -0.0249599
10 1 3 0 0.0006314
10 1 3 1 0.0052602
10 1 3 2 -0.0000000
10 1 3 3 -0.0254049
10 1 4 0 -0.0005169
10 1 4 1 0.0001610
10 1 4 2 -0.0000000
10 1 4 3 0.0035139
10 1 4 4 -0.0256473
10 1 5 0 0.0010086
10 1 5 1 0.0115114
10 1 5 2 -0.0000000
10 1 5 3 0.0007562
10 1 5 4 0.0082674
10 1 5 5 -0.0220078
10 1 6 0 -0.0000000
10 1 6 1 -0.0000000
10 1 6 2 0.0004691
10 1 6 3 -0.0000000
10 1 6 4 -0.0000000
10 1 6 5 -0.0000000
10 1 6 6 -0.0251354
10 1 7 0 -0.0009423
10 1 7 1 0.0009074
10 1 7 2 -0.0000000
10 1 7 3 0.0006925
10 1 7 4 -0.0002691
10 1 7 5 0.0050780
10 1 7 6 -0.0000000
10 1 7 7 0.0023937
10 1 8 0 -0.0000000
10 1 8 1 0.0000000
10 1 8 2 0.0115211
10 1 8 3 -0.0000000
10 1 8 4 -0.0000000
10 1 8 5 0.0000000
10 1 8 6 0.0091564
10 1 8 7 -0.0000000
10 1 8 8 0.0116233
10 1 9 0 -0.0001148
10 1 9 1 -0.0010546
10 1 9 2 0.0000000
10 1 9 3 0.0012204
10 1 9 4 0.0035985
10 1 9 5 0.0020433
10 1 9 6 -0.0000000
10 1 9 7 0.0003166
10 1 9 8 0.0000000
10 1 9 9 0.0404471
10 1 10 0 0.0005226
10 1 10 1 0.0210156
10 1 10 2 -0.0000000
10 1 10 3 0.0106262
10 1 10 4 0.0109797
10 1 10 5 0.0197785
10 1 10 6 -0.0000000
10 1 10 7 0.0018430
10 1 10 8 0.0000000
10 1 10 9 0.0002006
10 1 10 10 0.0529955
10 2 0 0 0.0000000
10 2 1 0 0.0000000
10 2 1 1 0.0000000
10 2 2 0 0.0006411
10 2 2 1 -0.0002509
10 2 2 2 0.0000000
10 2 3 0 -0.0000000
10 2 3 1 -0.0000000
10 2 3 2 -0.0007182
10 2 3 3 0.0000000
10 2 4 0 0.0000000
10 2 4 1 0.0000000
10 2 4 2 0.0009032
10 2 4 3 -0.0000000
10 2 4 4 0.0000000
10 2 5 0 -0.0000000
10 2 5 1 -0.0000000
10 2 5 2 -0.0015130
10 2 5 3 0.0000000
10 2 5 4 -0.0000000
10 2 5 5 0.0000000
10 2 6 0 -0.0009737
10 2 6 1 -0.0017609
10 2 6 2 0.0000000
10 2 6 3 0.0016403
10 2 6 4 0.0007727
10 2 6 5 -0.0002888
10 2 6 6 0.0000000
10 2 7 0 0.0000000
10 2 7 1 -0.0000000
10 2 7 2 -0.0032354
10 2 7 3 -0.0000000
10 2 7 4 -0.0000000
10 2 7 5 0.0000000
10 2 7 6 0.0032095
10 2 7 7 -0.0000000
10 2 8 0 0.0000879
10 2 8 1 -0.0001608
10 2 8 2 -0.0000000
10 2 8 3 -0.0020964
10 2 8 4 -0.0043110
10 2 8 5 -0.0037725
10 2 8 6 0.0000000
10 2 8 7 -0.0006905
10 2 8 8 -0.0000000
10 2 9 0 0.0000000
10 2 9 1 0.0000000
10 2 9 2 0.0004722
10 2 9 3 -0.0000000
10 2 9 4 -0.0000000
10 2 9 5 0.0000000
10 2 9 6 0.0005606
10 2 9 7 -0.0000000
10 2 9 8 0.0009322
10 2 9 9 -0.0000000
10 2 10 0 -0.0000000
10 2 10 1 -0.0000000
10 2 10 2 0.0070946
10 2 10 3 -0.0000000
10 2 10 4 -0.0000000
10 2 10 5 0.0000000
10 2 10 6 0.0042622
10 2 10 7 -0.0000000
10 2 10 8 0.0232406
10 2 10 9 -0.0000000
10 2 10 10 -0.0000000
10 3 0 0 -0.0102819
10 3 1 0 0.0007019
10 3 1 1 -0.0099232
10 3 2 0 -0.0000000
10 3 2 1 0.0000000
10 3 2 2 -0.0087400
10 3 3 0 0.0002361
10 3 3 1 -0.0030333
10 3 3 2 0.0000000
10 3 3 3 -0.0115190
10 3 4 0 0.0001677
10 3 4 1 -0.0014434
10 3 4 2 -0.0000000
10 3 4 3 -0.0021055
10 3 4 4 -0.0131256
10 3 5 0 -0.0012540
10 3 5 1 -0.0016409
10 3 5 2 0.0000000
10 3 5 3 0.0009994
10 3 5 4 -0.0035772
10 3 5 5 -0.0089800
10 3 6 0 0.0000000
10 3 6 1 0.0000000
10 3 6 2 0.0013936
10 3 6 3 -0.0000000
10 3 6 4 0.0000000
10 3 6 5 -0.0000000
10 3 6 6 -0.0104624
10 3 7 0 0.0004694
10 3 7 1 0.0016802
10 3 7 2 -0.0000000
10 3 7 3 -0.0025537
10 3 7 4 0.0048454
10 3 7 5 0.0046828
10 3 7 6 -0.0000000
10 3 7 7 -0.0066710
10 3 8 0 -0.0000000
10 3 8 1 0.0000000
10 3 8 2 0.0029693
10 3 8 3 -0.0000000
10 3 8 4 -0.0000000
10 3 8 5 0.0000000
10 3 8 6 0.0027372
10 3 8 7 0.0000000
10 3 8 8 -0.0038857
10 3 9 0 -0.0000308
10 3 9 1 0.0000845
10 3 9 2 -0.0000000
10 3 9 3 0.0010555
10 3 9 4 0.0025319
10 3 9 5 0.0017531
10 3 9 6 -0.0000000
10 3 9 7 -0.0001610
10 3 9 8 -0.0000000
10 3 9 9 0.0088898
10 3 10 0 -0.0000884
10 3 10 1 0.0106262
10 3 10 2 -0.0000000
10 3 10 3 0.0098412
10 3 10 4 0.0093546
10 3 10 5 0.0133910
10 3 10 6 -0.0000000
10 3 10 7 -0.0093441
10 3 10 8 -0.0000000
10 3 10 9 -0.0011392
10 3 10 10 0.0176758
10 4 0 0 -0.0130832
10 4 1 0 -0.0009752
10 4 1 1 -0.0225190
10 4 2 0 0.0000000
10 4 2 1 0.0000000
10 4 2 2 -0.0090229
10 4 3 0 -0.0000830
10 4 3 1 -0.0052015
10 4 3 2 -0.0000000
10 4 3 3 -0.0150070
10 4 4 0 -0.0002323
10 4 4 1 -0.0121490
10 4 4 2 0.0000000
10 4 4 3 -0.0080932
10 4 4 4 -0.0199487
10 4 5 0 0.0014765
10 4 5 1 0.0005396
10 4 5 2 0.0000000
10 4 5 3 -0.0080285
10 4 5 4 -0.0086216
10 4 5 5 -0.0223519
10 4 6 0 -0.0000000
10 4 6 1 -0.0000000
10 4 6 2 0.0012216
10 4 6 3 0.0000000
10 4 6 4 0.0000000
10 4 6 5 0.0000000
10 4 6 6 -0.0067704
10 4 7 0 -0.0007707
10 4 7 1 0.0007314
10 4 7 2 -0.0000000
10 4 7 3 0.0056896
10 4 7 4 0.0035149
10 4 7 5 0.0029943
10 4 7 6 -0.0000000
10 4 7 7 -0.0176401
10 4 8 0 -0.0000000
10 4 8 1 -0.0000000
10 4 8 2 -0.0013371
10 4 8 3 0.0000000
10 4 8 4 0.0000000
10 4 8 5 -0.0000000
10 4 8 6 -0.0014880
10 4 8 7 0.0000000
10 4 8 8 -0.0224184
10 4 9 0 -0.0000358
10 4 9 1 0.0008010
10 4 9 2 -0.0000000
10 4 9 3 0.0016544
10 4 9 4 0.0029885
10 4 9 5 0.0029095
10 4 9 6 -0.0000000
10 4 9 7 -0.0002307
10 4 9 8 -0.0000000
10 4 9 9 -0.0164082
10 4 10 0 0.0001851
10 4 10 1 0.0109797
10 4 10 2 -0.0000000
10 4 10 3 0.0093546
10 4 10 4 0.0135767
10 4 10 5 0.0146190
10 4 10 6 -0.0000000
10 4 10 7 -0.0120249
10 4 10 8 -0.0000000
10 4 10 9 -0.0031084
10 4 10 10 -0.0001942
10 5 0 0 -0.0146555
10 5 1 0 0.0001636
10 5 1 1 -0.0208860
10 5 2 0 -0.0000000
10 5 2 1 -0.0000000
10 5 2 2 -0.0173378
10 5 3 0 -0.0019434
10 5 3 1 -0.0066158
10 5 3 2 0.0000000
10 5 3 3 -0.0095293
10 5 4 0 0.0006897
10 5 4 1 0.0011959
10 5 4 2 0.0000000
10 5 4 3 -0.0076382
10 5 4 4 -0.0236815
10 5 5 0 0.0011243
10 5 5 1 0.0003305
10 5 5 2 -0.0000000
10 5 5 3 0.0003033
10 5 5 4 0.0005958
10 5 5 5 -0.0186581
10 5 6 0 0.0000000
10 5 6 1 -0.0000000
10 5 6 2 -0.0035904
10 5 6 3 -0.0000000
10 5 6 4 0.0000000
10 5 6 5 -0.0000000
10 5 6 6 -0.0178878
10 5 7 0 0.0007267
10 5 7 1 0.0042583
10 5 7 2 0.0000000
10 5 7 3 0.0027679
10 5 7 4 0.0009435
10 5 7 5 -0.0026212
10 5 7 6 -0.0000000
10 5 7 7 -0.0065366
10 5 8 0 0.0000000
10 5 8 1 0.0000000
10 5 8 2 0.0071222
10 5 8 3 -0.0000000
10 5 8 4 -0.0000000
10 5 8 5 0.0000000
10 5 8 6 0.0064267
10 5 8 7 -0.0000000
10 5 8 8 -0.0067583
10 5 9 0 -0.0000655
10 5 9 1 -0.0000119
10 5 9 2 0.0000000
10 5 9 3 0.0018966
10 5 9 4 0.0048848
10 5 9 5 0.0031551
10 5 9 6 -0.0000000
10 5 9 7 0.0001325
10 5 9 8 0.0000000
10 5 9 9 0.0289719
10 5 10 0 -0.0000570
10 5 10 1 0.0197785
10 5 10 2 0.0000000
10 5 10 3 0.0133910
10 5 10 4 0.0146190
10 5 10 5 0.0262909
10 5 10 6 -0.0000000
10 5 10 7 -0.0029980
10 5 10 8 0.0000000
10 5 10 9 -0.0002018
10 5 10 10 0.0430841
10 6 0 0 0.0000000
10 6 1 0 -0.0000000
10 6 1 1 0.0000000
10 6 2 0 -0.0012952
10 6 2 1 -0.0085974
10 6 2 2 0.0000000
10 6 3 0 0.0000000
10 6 3 1 0.0000000
10 6 3 2 0.0035604
10 6 3 3 0.0000000
10 6 4 0 -0.0000000
10 6 4 1 -0.0000000
10 6 4 2 0.0065024
10 6 4 3 0.0000000
10 6 4 4 0.0000000
10 6 5 0 0.0000000
10 6 5 1 -0.0000000
10 6 5 2 -0.0007893
10 6 5 3 -0.0000000
10 6 5 4 0.0000000
10 6 5 5 0.0000000
10 6 6 0 0.0019727
10 6 6 1 -0.0028405
10 6 6 2 0.0000000
10 6 6 3 -0.0029839
10 6 6 4 0.0087949
10 6 6 5 -0.0054718
10 6 6 6 0.0000000
10 6 7 0 -0.0000000
10 6 7 1 -0.0000000
10 6 7 2 0.0043489
10 6 7 3 -0.0000000
10 6 7 4 0.0000000
10 6 7 5 -0.0000000
10 6 7 6 -0.0047378
10 6 7 7 0.0000000
10 6 8 0 0.0000969
10 6 8 1 0.0031154
10 6 8 2 -0.0000000
10 6 8 3 -0.0004844
10 6 8 4 -0.0043760
10 6 8 5 -0.0003339
10 6 8 6 -0.0000000
10 6 8 7 -0.0013405
10 6 8 8 0.0000000
10 6 9 0 0.0000000
10 6 9 1 0.0000000
10 6 9 2 0.0002931
10 6 9 3 -0.0000000
10 6 9 4 -0.0000000
10 6 9 5 -0.0000000
10 6 9 6 0.0002635
10 6 9 7 -0.0000000
10 6 9 8 0.0014138
10 6 9 9 -0.0000000
10 6 10 0 0.0000000
10 6 10 1 -0.0000000
10 6 10 2 0.0042622
10 6 10 3 -0.0000000
10 6 10 4 -0.0000000
10 6 10 5 -0.0000000
10 6 10 6 0.0055780
10 6 10 7 0.0000000
10 6 10 8 0.0151857
10 6 10 9 -0.0000000
10 6 10 10 -0.0000000
10 7 0 0 -0.0551879
10 7 1 0 0.0026704
10 7 1 1 0.0070196
10 7 2 0 -0.0000000
10 7 2 1 -0.0000000
10 7 2 2 -0.0113259
10 7 3 0 -0.0015717
10 7 3 1 0.0048468
10 7 3 2 -0.0000000
10 7 3 3 -0.0172336
10 7 4 0 0.0012377
10 7 4 1 0.0037581
10 7 4 2 -0.0000000
10 7 4 3 0.0171825
10 7 4 4 0.0137332
10 7 5 0 -0.0027676
10 7 5 1 0.0185053
10 7 5 2 0.0000000
10 7 5 3 0.0203685
10 7 5 4 0.0077551
10 7 5 5 -0.0032402
10 7 6 0 0.0000000
10 7 6 1 -0.0000000
10 7 6 2 0.0229055
10 7 6 3 -0.0000000
10 7 6 4 -0.0000000
10 7 6 5 -0.0000000
10 7 6 6 -0.0153748
10 7 7 0 0.0023877
10 7 7 1 -0.0026546
10 7 7 2 -0.0000000
10 7 7 3 -0.0160289
10 7 7 4 -0.0180395
10 7 7 5 -0.0177351
10 7 7 6 0.0000000
10 7 7 7 -0.0054842
10 7 8 0 -0.0000000
10 7 8 1 0.0000000
10 7 8 2 0.0057244
10 7 8 3 -0.0000000
10 7 8 4 -0.0000000
10 7 8 5 0.0000000
10 7 8 6 0.0005671
10 7 8 7 -0.0000000
10 7 8 8 0.0340599
10 7 9 0 -0.0000872
10 7 9 1 -0.0000736
10 7 9 2 -0.0000000
10 7 9 3 0.0001088
10 7 9 4 0.0011880
10 7 9 5 0.0009681
10 7 9 6 -0.0000000
10 7 9 7 0.0002962
10 7 9 8 0.0000000
10 7 9 9 0.0632169
10 7 10 0 0.0000157
10 7 10 1 0.0018430
10 7 10 2 -0.0000000
10 7 10 3 -0.0093441
10 7 10 4 -0.0120249
10 7 10 5 -0.0029980
10 7 10 6 0.0000000
10 7 10 7 0.0750982
10 7 10 8 0.0000000
10 7 10 9 0.0038249
10 7 10 10 0.0676330
10 8 0 0 -0.0000000
10 8 1 0 0.0000000
10 8 1 1 0.0000000
10 8 2 0 0.0010409
10 8 2 1 0.0262248
10 8 2 2 -0.0000000
10 8 3 0 -0.0000000
10 8 3 1 -0.0000000
10 8 3 2 -0.0045015
10 8 3 3 0.0000000
10 8 4 0 0.0000000
10 8 4 1 -0.0000000
10 8 4 2 -0.0269240
10 8 4 3 0.0000000
10 8 4 4 0.0000000
10 8 5 0 -0.0000000
10 8 5 1 0.0000000
10 8 5 2 0.0040164
10 8 5 3 0.0000000
10 8 5 4 -0.0000000
10 8 5 5 0.0000000
10 8 6 0 -0.0012880
10 8 6 1 0.0178109
10 8 6 2 -0.0000000
10 8 6 3 0.0015146
10 8 6 4 -0.0306618
10 8 6 5 0.0159298
10 8 6 6 -0.0000000
10 8 7 0 0.0000000
10 8 7 1 -0.0000000
10 8 7 2 -0.0049218
10 8 7 3 0.0000000
10 8 7 4 0.0000000
10 8 7 5 -0.0000000
10 8 7 6 -0.0012609
10 8 7 7 0.0000000
10 8 8 0 0.0004835
10 8 8 1 -0.0207861
10 8 8 2 0.0000000
10 8 8 3 -0.0167650
10 8 8 4 -0.0148429
10 8 8 5 -0.0351746
10 8 8 6 0.0000000
10 8 8 7 0.0012063
10 8 8 8 0.0000000
10 8 9 0 -0.0000000
10 8 9 1 0.0000000
10 8 9 2 0.0025957
10 8 9 3 -0.0000000
10 8 9 4 -0.0000000
10 8 9 5 0.0000000
10 8 9 6 0.0032468
10 8 9 7 0.0000000
10 8 9 8 -0.0000316
10 8 9 9 0.0000000
10 8 10 0 -0.0000000
10 8 10 1 0.0000000
10 8 10 2 0.0232406
10 8 10 3 -0.0000000
10 8 10 4 -0.0000000
10 8 10 5 0.0000000
10 8 10 6 0.0151857
10 8 10 7 0.0000000
10 8 10 8 0.1090359
10 8 10 9 -0.0000000
10 8 10 10 0.0000000
10 9 0 0 0.0125060
10 9 1 0 0.0002138
10 9 1 1 0.0232450
10 9 2 0 0.0000000
10 9 2 1 -0.0000000
10 9 2 2 0.0137022
10 9 3 0 0.0003718
10 9 3 1 0.0107764
10 9 3 2 -0.0000000
10 9 3 3 0.0181788
10 9 4 0 -0.0001288
10 9 4 1 0.0137073
10 9 4 2 -0.0000000
10 9 4 3 0.0147009
10 9 4 4 0.0317956
10 9 5 0 -0.0006201
10 9 5 1 0.0097952
10 9 5 2 0.0000000
10 9 5 3 0.0123327
10 9 5 4 0.0193759
10 9 5 5 0.0336268
10 9 6 0 0.0000000
10 9 6 1 -0.0000000
10 9 6 2 0.0027636
10 9 6 3 -0.0000000
10 9 6 4 -0.0000000
10 9 6 5 -0.0000000
10 9 6 6 0.0123646
10 9 7 0 0.0001054
10 9 7 1 0.0010944
10 9 7 2 -0.0000000
10 9 7 3 -0.0030745
10 9 7 4 -0.0005522
10 9 7 5 0.0017119
10 9 7 6 -0.0000000
10 9 7 7 0.0335518
10 9 8 0 -0.0000000
10 9 8 1 0.0000000
10 9 8 2 0.0096770
10 9 8 3 -0.0000000
10 9 8 4 -0.0000000
10 9 8 5 0.0000000
10 9 8 6 0.0088109
10 9 8 7 0.0000000
10 9 8 8 0.0496115
10 9 9 0 -0.0002713
10 9 9 1 0.0040862
10 9 9 2 -0.0000000
10 9 9 3 0.0083777
10 9 9 4 0.0179761
10 9 9 5 0.0134363
10 9 9 6 -0.0000000
10 9 9 7 0.0036630
10 9 9 8 0.0000000
10 9 9 9 0.3648283
10 9 10 0 0.0000063
10 9 10 1 0.0002006
10 9 10 2 -0.0000000
10 9 10 3 -0.0011392
10 9 10 4 -0.0031084
10 9 10 5 -0.0002018
10 9 10 6 -0.0000000
10 9 10 7 0.0038249
10 9 10 8 -0.0000000
10 9 10 9 0.0530068
10 9 10 10 0.0389063
10 10 0 0 0.2902844
10 10 1 0 0.0021388
10 10 1 1 0.3812456
10 10 2 0 -0.0000000
10 10 2 1 -0.0000000
10 10 2 2 0.3098499
10 10 3 0 0.0028544
10 10 3 1 0.0634122
10 10 3 2 -0.0000000
10 10 3 3 0.3027929
10 10 4 0 -0.0004951
10 10 4 1 0.0580884
10 10 4 2 -0.0000000
10 10 4 3 0.0752874
10 10 4 4 0.3875946
10 10 5 0 -0.0046802
10 10 5 1 0.0653325
10 10 5 2 0.0000000
10 10 5 3 0.0731720
10 10 5 4 0.0749593
10 10 5 5 0.4150647
10 10 6 0 0.0000000
10 10 6 1 -0.0000000
10 10 6 2 0.0398321
10 10 6 3 -0.0000000
10 10 6 4 -0.0000000
10 10 6 5 -0.0000000
10 10 6 6 0.3057715
10 10 7 0 0.0014378
10 10 7 1 0.0032015
10 10 7 2 -0.0000000
10 10 7 3 -0.0366002
10 10 7 4 -0.0148098
10 10 7 5 -0.0004603
10 10 7 6 -0.0000000
10 10 7 7 0.4644440
10 10 8 0 -0.0000000
10 10 8 1 0.0000000
10 10 8 2 0.0663013
10 10 8 3 -0.0000000
10 10 8 4 -0.0000000
10 10 8 5 0.0000000
10 10 8 6 0.0490683
10 10 8 7 -0.0000000
10 10 8 8 0.6110813
10 10 9 0 -0.0005264
10 10 9 1 -0.0038710
10 10 9 2 0.0000000
10 10 9 3 0.0049582
10 10 9 4 0.0159567
10 10 9 5 0.0075313
10 10 9 6 -0.0000000
10 10 9 7 0.0004448
10 10 9 8 0.0000000
10 10 9 9 0.8412170
10 10 10 0 0.0010838
10 10 10 1 0.0529955
10 10 10 2 -0.0000000
10 10 10 3 0.0176758
10 10 10 4 -0.0001942
10 10 10 5 0.0430841
10 10 10 6 -0.0000000
10 10 10 7 0.0676330
10 10 10 8 0.0000000
10 10 10 9 0.0389063
10 10 10 10 0.7072844
11 0 0 0 -0.0814078
11 0 1 0 0.0034947
11 0 1 1 -0.0072775
11 0 2 0 -0.0000000
11 0 2 1 0.0000000
11 0 2 2 -0.0007905
11 0 3 0 -0.0030068
11 0 3 1 0.0053652
11 0 3 2 -0.0000000
11 0 3 3 -0.0047789
11 0 4 0 0.0029474
11 0 4 1 -0.0033797
11 0 4 2 0.0000000
11 0 4 3 0.0027504
11 0 4 4 -0.0035702
11 0 5 0 -0.0050722
11 0 5 1 0.0045705
11 0 5 2 -0.0000000
11 0 5 3 -0.0057851
11 0 5 4 0.0033748
11 0 5 5 -0.0043070
11 0 6 0 0.0000000
11 0 6 1 -0.0000000
11 0 6 2 -0.0016597
11 0 6 3 0.0000000
11 0 6 4 -0.0000000
11 0 6 5 0.0000000
11 0 6 6 0.0006737
11 0 7 0 -0.0111465
11 0 7 1 -0.0016895
11 0 7 2 0.0000000
11 0 7 3 0.0025447
11 0 7 4 -0.0015622
11 0 7 5 0.0032758
11 0 7 6 -0.0000000
11 0 7 7 0.0064517
11 0 8 0 -0.0000000
11 0 8 1 0.0000000
11 0 8 2 0.0001552
11 0 8 3 -0.0000000
11 0 8 4 -0.0000000
11 0 8 5 0.0000000
11 0 8 6 0.0002289
11 0 8 7 -0.0000000
11 0 8 8 -0.0008653
11 0 9 0 -0.0001215
11 0 9 1 -0.0000953
11 0 9 2 0.0000000
11 0 9 3 0.0000620
11 0 9 4 -0.0000185
11 0 9 5 0.0000559
11 0 9 6 -0.0000000
11 0 9 7 0.0000475
11 0 9 8 0.0000000
11 0 9 9 -0.0008099
11 0 10 0 0.0026934
11 0 10 1 0.0011129
11 0 10 2 -0.0000000
11 0 10 3 -0.0004986
11 0 10 4 0.0007281
11 0 10 5 -0.0007537
11 0 10 6 0.0000000
11 0 10 7 -0.0020184
11 0 10 8 0.0000000
11 0 10 9 0.0000019
11 0 10 10 -0.0005748
11 0 11 0 0.0110495
11 0 11 1 0.0033916
11 0 11 2 -0.0000000
11 0 11 3 -0.0020256
11 0 11 4 0.0024457
11 0 11 5 -0.0034749
11 0 11 6 0.0000000
11 0 11 7 -0.0071465
11 0 11 8 -0.0000000
11 0 11 9 0.0000719
11 0 11 10 0.0010747
11 0 11 11 0.0067902
11 1 0 0 -0.0096265
11 1 1 0 -0.0021587
11 1 1 1 -0.0104711
11 1 2 0 0.0000000
11 1 2 1 0.0000000
11 1 2 2 0.0011532
11 1 3 0 0.0049048
11 1 3 1 0.0222659
11 1 3 2 -0.0000000
11 1 3 3 -0.0150718
11 1 4 0 -0.0022027
11 1 4 1 -0.0042911
11 1 4 2 0.0000000
11 1 4 3 0.0140190
11 1 4 4 -0.0008919
11 1 5 0 -0.0001846
11 1 5 1 0.0083502
11 1 5 2 -0.0000000
11 1 5 3 -0.0099774
11 1 5 4 0.0078148
11 1 5 5 0.0035569
11 1 6 0 -0.0000000
11 1 6 1 -0.0000000
11 1 6 2 -0.0016127
11 1 6 3 0.0000000
11 1 6 4 -0.0000000
11 1 6 5 -0.0000000
11 1 6 6 -0.0000259
11 1 7 0 -0.0031892
11 1 7 1 -0.0017883
11 1 7 2 -0.0000000
11 1 7 3 0.0070245
11 1 7 4 0.0087287
11 1 7 5 0.0245979
11 1 7 6 -0.0000000
11 1 7 7 0.0119998
11 1 8 0 -0.0000000
11 1 8 1 -0.0000000
11 1 8 2 0.0002745
11 1 8 3 -0.0000000
11 1 8 4 0.0000000
11 1 8 5 0.0000000
11 1 8 6 0.0017453
11 1 8 7 0.0000000
11 1 8 8 0.0079070
11 1 9 0 -0.0000546
11 1 9 1 -0.0007530
11 1 9 2 0.0000000
11 1 9 3 0.0000316
11 1 9 4 -0.0007566
11 1 9 5 -0.0006290
11 1 9 6 0.0000000
11 1 9 7 -0.0003636
11 1 9 8 -0.0000000
11 1 9 9 0.0085630
11 1 10 0 0.0008403
11 1 10 1 0.0037752
11 1 10 2 -0.0000000
11 1 10 3 -0.0003512
11 1 10 4 0.0010902
11 1 10 5 -0.0059084
11 1 10 6 0.0000000
11 1 10 7 -0.0120060
11 1 10 8 -0.0000000
11 1 10 9 0.0020067
11 1 10 10 -0.0090747
11 1 11 0 0.0033916
11 1 11 1 0.0277376
11 1 11 2 -0.0000000
11 1 11 3 0.0095542
11 1 11 4 0.0147475
11 1 11 5 -0.0068082
11 1 11 6 0.0000000
11 1 11 7 -0.0006787
11 1 11 8 0.0000000
11 1 11 9 0.0000178
11 1 11 10 -0.0067066
11 1 11 11 0.0194206
11 2 0 0 0.0000000
11 2 1 0 0.0000000
11 2 1 1 0.0000000
11 2 2 0 0.0043227
11 2 2 1 0.0171450
11 2 2 2 -0.0000000
11 2 3 0 -0.0000000
11 2 3 1 -0.0000000
11 2 3 2 -0.0082058
11 2 3 3 0.0000000
11 2 4 0 0.0000000
11 2 4 1 0.0000000
11 2 4 2 -0.0089600
11 2 4 3 -0.0000000
11 2 4 4 0.0000000
11 2 5 0 -0.0000000
11 2 5 1 -0.0000000
11 2 5 2 -0.0048032
11 2 5 3 0.0000000
11 2 5 4 -0.0000000
11 2 5 5 0.0000000
11 2 6 0 -0.0065139
11 2 6 1 -0.0024451
11 2 6 2 0.0000000
11 2 6 3 0.0094680
11 2 6 4 -0.0119112
11 2 6 5 0.0100226
11 2 6 6 -0.0000000
11 2 7 0 0.0000000
11 2 7 1 -0.0000000
11 2 7 2 -0.0155065
11 2 7 3 -0.0000000
11 2 7 4 -0.0000000
11 2 7 5 0.0000000
11 2 7 6 0.0181321
11 2 7 7 -0.0000000
11 2 8 0 -0.0001312
11 2 8 1 -0.0038826
11 2 8 2 0.0000000
11 2 8 3 -0.0010560
11 2 8 4 0.0026314
11 2 8 5 -0.0001829
11 2 8 6 0.0000000
11 2 8 7 0.0036996
11 2 8 8 -0.0000000
11 2 9 0 0.0000000
11 2 9 1 0.0000000
11 2 9 2 0.0000468
11 2 9 3 -0.0000000
11 2 9 4 0.0000000
11 2 9 5 0.0000000
11 2 9 6 0.0000622
11 2 9 7 0.0000000
11 2 9 8 -0.0005441
11 2 9 9 -0.0000000
11 2 10 0 -0.0000000
11 2 10 1 -0.0000000
11 2 10 2 0.0019458
11 2 10 3 0.0000000
11 2 10 4 0.0000000
11 2 10 5 -0.0000000
11 2 10 6 -0.0054198
11 2 10 7 0.0000000
11 2 10 8 -0.0038268
11 2 10 9 -0.0000000
11 2 10 10 0.0000000
11 2 11 0 -0.0000000
11 2 11 1 -0.0000000
11 2 11 2 0.0189353
11 2 11 3 -0.0000000
11 2 11 4 0.0000000
11 2 11 5 -0.0000000
11 2 11 6 -0.0166154
11 2 11 7 0.0000000
11 2 11 8 0.0009800
11 2 11 9 0.0000000
11 2 11 10 0.0000000
11 2 11 11 -0.0000000
11 3 0 0 0.0181793
11 3 1 0 0.0038339
11 3 1 1 0.0344239
11 3 2 0 -0.0000000
11 3 2 1 -0.0000000
11 3 2 2 0.0135357
11 3 3 0 0.0033700
11 3 3 1 0.0043023
11 3 3 2 -0.0000000
11 3 3 3 0.0033012
11 3 4 0 0.0001817
11 3 4 1 0.0078215
11 3 4 2 -0.0000000
11 3 4 3 0.0094306
11 3 4 4 0.0178219
11 3 5 0 -0.0081226
11 3 5 1 -0.0143871
11 3 5 2 0.0000000
11 3 5 3 0.0082918
11 3 5 4 -0.0080142
11 3 5 5 0.0315302
11 3 6 0 0.0000000
11 3 6 1 0.0000000
11 3 6 2 0.0061368
11 3 6 3 -0.0000000
11 3 6 4 0.0000000
11 3 6 5 -0.0000000
11 3 6 6 0.0057675
11 3 7 0 0.0019844
11 3 7 1 0.0034741
11 3 7 2 -0.0000000
11 3 7 3 -0.0150934
11 3 7 4 0.0149337
11 3 7 5 0.0192297
11 3 7 6 -0.0000000
11 3 7 7 0.0016075
11 3 8 0 0.0000000
11 3 8 1 -0.0000000
11 3 8 2 -0.0037247
11 3 8 3 0.0000000
11 3 8 4 0.0000000
11 3 8 5 -0.0000000
11 3 8 6 -0.0014413
11 3 8 7 -0.0000000
11 3 8 8 0.0100731
11 3 9 0 0.0000623
11 3 9 1 0.0002237
11 3 9 2 -0.0000000
11 3 9 3 -0.0004064
11 3 9 4 -0.0011200
11 3 9 5 -0.0011049
11 3 9 6 0.0000000
11 3 9 7 -0.0008613
11 3 9 8 0.0000000
11 3 9 9 0.0002377
11 3 10 0 -0.0006336
11 3 10 1 -0.0048261
11 3 10 2 0.0000000
11 3 10 3 0.0035295
11 3 10 4 -0.0028490
11 3 10 5 -0.0066345
11 3 10 6 0.0000000
11 3 10 7 -0.0060783
11 3 10 8 0.0000000
11 3 10 9 0.0002358
11 3 10 10 -0.0089585
11 3 11 0 -0.0020256
11 3 11 1 0.0095542
11 3 11 2 -0.0000000
11 3 11 3 0.0299767
11 3 11 4 0.0023573
11 3 11 5 -0.0048374
11 3 11 6 0.0000000
11 3 11 7 0.0065416
11 3 11 8 -0.0000000
11 3 11 9 -0.0004501
11 3 11 10 -0.0029835
11 3 11 11 0.0122762
11 4 0 0 0.0086752
11 4 1 0 -0.0025795
11 4 1 1 -0.0080245
11 4 2 0 0.0000000
11 4 2 1 0.0000000
11 4 2 2 -0.0019074
11 4 3 0 0.0013185
11 4 3 1 0.0090836
11 4 3 2 -0.0000000
11 4 3 3 0.0043265
11 4 4 0 -0.0012094
11 4 4 1 0.0010275
11 4 4 2 -0.0000000
11 4 4 3 0.0012036
11 4 4 4 -0.0031387
11 4 5 0 0.0029940
11 4 5 1 0.0040572
11 4 5 2 -0.0000000
11 4 5 3 -0.0096863
11 4 5 4 0.0072639
11 4 5 5 0.0015524
11 4 6 0 -0.0000000
11 4 6 1 -0.0000000
11 4 6 2 -0.0066374
11 4 6 3 0.0000000
11 4 6 4 -0.0000000
11 4 6 5 0.0000000
11 4 6 6 0.0022386
11 4 7 0 -0.0024511
11 4 7 1 0.0045570
11 4 7 2 -0.0000000
11 4 7 3 0.0142488
11 4 7 4 0.0092241
11 4 7 5 0.0139717
11 4 7 6 -0.0000000
11 4 7 7 0.0122046
11 4 8 0 -0.0000000
11 4 8 1 -0.0000000
11 4 8 2 0.0009478
11 4 8 3 -0.0000000
11 4 8 4 -0.0000000
11 4 8 5 0.0000000
11 4 8 6 0.0017421
11 4 8 7 -0.0000000
11 4 8 8 0.0007166
11 4 9 0 -0.0000209
11 4 9 1 -0.0007524
11 4 9 2 0.0000000
11 4 9 3 -0.0001869
11 4 9 4 -0.0009870
11 4 9 5 -0.0010658
11 4 9 6 0.0000000
11 4 9 7 -0.0013142
11 4 9 8 -0.0000000
11 4 9 9 -0.0031220
11 4 10 0 0.0005219
11 4 10 1 0.0003875
11 4 10 2 0.0000000
11 4 10 3 -0.0003377
11 4 10 4 0.0023922
11 4 10 5 -0.0021605
11 4 10 6 0.0000000
11 4 10 7 -0.0190296
11 4 10 8 0.0000000
11 4 10 9 0.0005825
11 4 10 10 -0.0163500
11 4 11 0 0.0024457
11 4 11 1 0.0147475
11 4 11 2 0.0000000
11 4 11 3 0.0023573
11 4 11 4 0.0173675
11 4 11 5 0.0071136
11 4 11 6 -0.0000000
11 4 11 7 -0.0046682
11 4 11 8 -0.0000000
11 4 11 9 -0.0009090
11 4 11 10 -0.0086939
11 4 11 11 0.0195222
11 5 0 0 -0.0092653
11 5 1 0 0.0013089
11 5 1 1 -0.0000779
11 5 2 0 -0.0000000
11 5 2 1 -0.0000000
11 5 2 2 -0.0047349
11 5 3 0 -0.0077787
11 5 3 1 -0.0143673
11 5 3 2 0.0000000
11 5 3 3 0.0177237
11 5 4 0 0.0029769
11 5 4 1 0.0047550
11 5 4 2 0.0000000
11 5 4 3 -0.0127748
11 5 4 4 0.0029642
11 5 5 0 0.0032283
11 5 5 1 0.0026472
11 5 5 2 0.0000000
11 5 5 3 0.0073934
11 5 5 4 0.0010781
11 5 5 5 -0.0108932
11 5 6 0 0.0000000
11 5 6 1 0.0000000
11 5 6 2 0.0011963
11 5 6 3 -0.0000000
11 5 6 4 0.0000000
11 5 6 5 -0.0000000
11 5 6 6 -0.0035062
11 5 7 0 0.0031433
11 5 7 1 0.0138400
11 5 7 2 0.0000000
11 5 7 3 0.0143157
11 5 7 4 0.0088803
11 5 7 5 -0.0101960
11 5 7 6 -0.0000000
11 5 7 7 -0.0097357
11 5 8 0 0.0000000
11 5 8 1 0.0000000
11 5 8 2 0.0006057
11 5 8 3 0.0000000
11 5 8 4 0.0000000
11 5 8 5 0.0000000
11 5 8 6 -0.0002642
11 5 8 7 0.0000000
11 5 8 8 -0.0027359
11 5 9 0 0.0000213
11 5 9 1 -0.0003285
11 5 9 2 -0.0000000
11 5 9 3 -0.0004165
11 5 9 4 -0.0009164
11 5 9 5 -0.0009888
11 5 9 6 0.0000000
11 5 9 7 -0.0013734
11 5 9 8 0.0000000
11 5 9 9 -0.0067636
11 5 10 0 -0.0008401
11 5 10 1 -0.0057129
11 5 10 2 -0.0000000
11 5 10 3 -0.0023906
11 5 10 4 -0.0009930
11 5 10 5 0.0016297
11 5 10 6 0.0000000
11 5 10 7 -0.0077010
11 5 10 8 -0.0000000
11 5 10 9 0.0004281
11 5 10 10 -0.0186306
11 5 11 0 -0.0034749
11 5 11 1 -0.0068082
11 5 11 2 -0.0000000
11 5 11 3 -0.0048374
11 5 11 4 0.0071136
11 5 11 5 0.0300626
11 5 11 6 -0.0000000
11 5 11 7 0.0120273
11 5 11 8 0.0000000
11 5 11 9 -0.0013370
11 5 11 10 -0.0064803
11 5 11 11 -0.0098081
11 6 0 0 0.0000000
11 6 1 0 -0.0000000
11 6 1 1 -0.0000000
11 6 2 0 -0.0056485
11 6 2 1 -0.0192068
11 6 2 2 0.0000000
11 6 3 0 0.0000000
11 6 3 1 0.0000000
11 6 3 2 0.0117010
11 6 3 3 -0.0000000
11 6 4 0 -0.0000000
11 6 4 1 -0.0000000
11 6 4 2 0.0078405
11 6 4 3 0.0000000
11 6 4 4 -0.0000000
11 6 5 0 0.0000000
11 6 5 1 0.0000000
11 6 5 2 0.0054601
11 6 5 3 -0.0000000
11 6 5 4 0.0000000
11 6 5 5 -0.0000000
11 6 6 0 0.0084122
11 6 6 1 0.0022938
11 6 6 2 -0.0000000
11 6 6 3 -0.0126386
11 6 6 4 0.0143611
11 6 6 5 -0.0105762
11 6 6 6 0.0000000
11 6 7 0 -0.0000000
11 6 7 1 -0.0000000
11 6 7 2 0.0185528
11 6 7 3 -0.0000000
11 6 7 4 -0.0000000
11 6 7 5 -0.0000000
11 6 7 6 -0.0193142
11 6 7 7 0.0000000
11 6 8 0 0.0001396
11 6 8 1 0.0055775
11 6 8 2 -0.0000000
11 6 8 3 0.0018010
11 6 8 4 0.0000295
11 6 8 5 0.0036195
11 6 8 6 -0.0000000
11 6 8 7 0.0019936
11 6 8 8 0.0000000
11 6 9 0 -0.0000000
11 6 9 1 0.0000000
11 6 9 2 -0.0003923
11 6 9 3 0.0000000
11 6 9 4 0.0000000
11 6 9 5 0.0000000
11 6 9 6 -0.0004702
11 6 9 7 0.0000000
11 6 9 8 0.0001376
11 6 9 9 0.0000000
11 6 10 0 0.0000000
11 6 10 1 0.0000000
11 6 10 2 -0.0047582
11 6 10 3 0.0000000
11 6 10 4 0.0000000
11 6 10 5 0.0000000
11 6 10 6 0.0040757
11 6 10 7 0.0000000
11 6 10 8 -0.0084808
11 6 10 9 -0.0000000
11 6 10 10 0.0000000
11 6 11 0 0.0000000
11 6 11 1 0.0000000
11 6 11 2 -0.0166154
11 6 11 3 0.0000000
11 6 11 4 -0.0000000
11 6 11 5 -0.0000000
11 6 11 6 0.0220550
11 6 11 7 -0.0000000
11 6 11 8 0.0058164
11 6 11 9 0.0000000
11 6 11 10 0.0000000
11 6 11 11 0.0000000
11 7 0 0 -0.2545650
11 7 1 0 0.0094618
11 7 1 1 -0.0134797
11 7 2 0 -0.0000000
11 7 2 1 -0.0000000
11 7 2 2 -0.0728012
11 7 3 0 -0.0046621
11 7 3 1 0.0417498
11 7 3 2 -0.0000000
11 7 3 3 -0.0975244
11 7 4 0 0.0044609
11 7 4 1 0.0234921
11 7 4 2 -0.0000000
11 7 4 3 0.0723281
11 7 4 4 0.0206549
11 7 5 0 -0.0108177
11 7 5 1 0.0831292
11 7 5 2 0.0000000
11 7 5 3 0.0750244
11 7 5 4 0.0454230
11 7 5 5 -0.0309466
11 7 6 0 0.0000000
11 7 6 1 -0.0000000
11 7 6 2 0.0858796
11 7 6 3 -0.0000000
11 7 6 4 -0.0000000
11 7 6 5 -0.0000000
11 7 6 6 -0.0932937
11 7 7 0 0.0073486
11 7 7 1 0.0059394
11 7 7 2 -0.0000000
11 7 7 3 -0.0265004
11 7 7 4 0.0103432
11 7 7 5 -0.0003749
11 7 7 6 0.0000000
11 7 7 7 0.0050325
11 7 8 0 -0.0000000
11 7 8 1 0.0000000
11 7 8 2 0.0373604
11 7 8 3 -0.0000000
11 7 8 4 -0.0000000
11 7 8 5 0.0000000
11 7 8 6 0.0205423
11 7 8 7 -0.0000000
11 7 8 8 0.1510897
11 7 9 0 -0.0004470
11 7 9 1 -0.0034952
11 7 9 2 0.0000000
11 7 9 3 0.0010566
11 7 9 4 0.0051520
11 7 9 5 0.0017872
11 7 9 6 -0.0000000
11 7 9 7 -0.0011144
11 7 9 8 0.0000000
11 7 9 9 0.2608285
11 7 10 0 -0.0005056
11 7 10 1 0.0162231
11 7 10 2 -0.0000000
11 7 10 3 0.0062477
11 7 10 4 -0.0086514
11 7 10 5 0.0074873
11 7 10 6 -0.0000000
11 7 10 7 0.0287846
11 7 10 8 0.0000000
11 7 10 9 0.0193252
11 7 10 10 0.1626474
11 7 11 0 -0.0071465
11 7 11 1 -0.0006787
11 7 11 2 0.0000000
11 7 11 3 0.0065416
11 7 11 4 -0.0046682
11 7 11 5 0.0120273
11 7 11 6 -0.0000000
11 7 11 7 0.2035810
11 7 11 8 0.0000000
11 7 11 9 -0.0030652
11 7 11 10 -0.0593324
11 7 11 11 -0.0251516
11 8 0 0 -0.0000000
11 8 1 0 -0.0000000
11 8 1 1 -0.0000000
11 8 2 0 -0.0005185
11 8 2 1 -0.0074953
11 8 2 2 0.0000000
11 8 3 0 0.0000000
11 8 3 1 0.0000000
11 8 3 2 0.0003489
11 8 3 3 -0.0000000
11 8 4 0 -0.0000000
11 8 4 1 0.0000000
11 8 4 2 0.0076890
11 8 4 3 -0.0000000
11 8 4 4 -0.0000000
11 8 5 0 0.0000000
11 8 5 1 -0.0000000
11 8 5 2 0.0005826
11 8 5 3 -0.0000000
11 8 5 4 0.0000000
11 8 5 5 -0.0000000
11 8 6 0 0.0007636
11 8 6 1 -0.0028039
11 8 6 2 0.0000000
11 8 6 3 -0.0006485
11 8 6 4 0.0081841
11 8 6 5 -0.0041209
11 8 6 6 0.0000000
11 8 7 0 -0.0000000
11 8 7 1 0.0000000
11 8 7 2 0.0067679
11 8 7 3 -0.0000000
11 8 7 4 -0.0000000
11 8 7 5 0.0000000
11 8 7 6 0.0015088
11 8 7 7 0.0000000
11 8 8 0 -0.0000800
11 8 8 1 0.0074124
11 8 8 2 -0.0000000
11 8 8 3 0.0041048
11 8 8 4 0.0044706
11 8 8 5 0.0104200
11 8 8 6 -0.0000000
11 8 8 7 0.0181299
11 8 8 8 0.0000000
11 8 9 0 0.0000000
11 8 9 1 -0.0000000
11 8 9 2 -0.0006595
11 8 9 3 0.0000000
11 8 9 4 0.0000000
11 8 9 5 -0.0000000
11 8 9 6 -0.0007289
11 8 9 7 -0.0000000
11 8 9 8 -0.0001755
11 8 9 9 0.0000000
11 8 10 0 0.0000000
11 8 10 1 -0.0000000
11 8 10 2 -0.0064908
11 8 10 3 0.0000000
11 8 10 4 0.0000000
11 8 10 5 -0.0000000
11 8 10 6 -0.0040613
11 8 10 7 0.0000000
11 8 10 8 -0.0253045
11 8 10 9 0.0000000
11 8 10 10 0.0000000
11 8 11 0 -0.0000000
11 8 11 1 0.0000000
11 8 11 2 0.0009800
11 8 11 3 -0.0000000
11 8 11 4 -0.0000000
11 8 11 5 0.0000000
11 8 11 6 0.0058164
11 8 11 7 0.0000000
11 8 11 8 0.0229395
11 8 11 9 -0.0000000
11 8 11 10 -0.0000000
11 8 11 11 0.0000000
11 9 0 0 -0.0046724
11 9 1 0 -0.0000708
11 9 1 1 -0.0061681
11 9 2 0 0.0000000
11 9 2 1 0.0000000
11 9 2 2 -0.0038404
11 9 3 0 0.0000028
11 9 3 1 -0.0010886
11 9 3 2 0.0000000
11 9 3 3 -0.0048800
11 9 4 0 -0.0000078
11 9 4 1 -0.0026168
11 9 4 2 0.0000000
11 9 4 3 -0.0019655
11 9 4 4 -0.0068819
11 9 5 0 0.0000843
11 9 5 1 -0.0012668
11 9 5 2 -0.0000000
11 9 5 3 -0.0021991
11 9 5 4 -0.0030149
11 9 5 5 -0.0073389
11 9 6 0 -0.0000000
11 9 6 1 0.0000000
11 9 6 2 -0.0003861
11 9 6 3 0.0000000
11 9 6 4 0.0000000
11 9 6 5 0.0000000
11 9 6 6 -0.0037759
11 9 7 0 -0.0000922
11 9 7 1 -0.0009528
11 9 7 2 0.0000000
11 9 7 3 -0.0001087
11 9 7 4 -0.0010775
11 9 7 5 -0.0008583
11 9 7 6 0.0000000
11 9 7 7 -0.0065728
11 9 8 0 0.0000000
11 9 8 1 -0.0000000
11 9 8 2 -0.0013230
11 9 8 3 0.0000000
11 9 8 4 0.0000000
11 9 8 5 -0.0000000
11 9 8 6 -0.0011843
11 9 8 7 -0.0000000
11 9 8 8 -0.0085153
11 9 9 0 0.0000582
11 9 9 1 -0.0002361
11 9 9 2 -0.0000000
11 9 9 3 -0.0019698
11 9 9 4 -0.0028318
11 9 9 5 -0.0017192
11 9 9 6 0.0000000
11 9 9 7 0.0066747
11 9 9 8 -0.0000000
11 9 9 9 -0.0538240
11 9 10 0 0.0000287
11 9 10 1 0.0006891
11 9 10 2 -0.0000000
11 9 10 3 0.0003303
11 9 10 4 0.0006224
11 9 10 5 0.0003412
11 9 10 6 -0.0000000
11 9 10 7 -0.0007309
11 9 10 8 0.0000000
11 9 10 9 -0.0071200
11 9 10 10 -0.0059736
11 9 11 0 0.0000719
11 9 11 1 0.0000178
11 9 11 2 0.0000000
11 9 11 3 -0.0004501
11 9 11 4 -0.0009090
11 9 11 5 -0.0013370
11 9 11 6 0.0000000
11 9 11 7 -0.0030652
11 9 11 8 -0.0000000
11 9 11 9 0.0067783
11 9 11 10 -0.0001083
11 9 11 11 -0.0052262
11 10 0 0 0.0747345
11 10 1 0 -0.0015222
11 10 1 1 0.0239011
11 10 2 0 0.0000000
11 10 2 1 0.0000000
11 10 2 2 0.0292739
11 10 3 0 0.0008046
11 10 3 1 -0.0125938
11 10 3 2 0.0000000
11 10 3 3 0.0374820
11 10 4 0 -0.0008189
11 10 4 1 -0.0031735
11 10 4 2 0.0000000
11 10 4 3 -0.0153711
11 10 4 4 0.0128154
11 10 5 0 0.0018216
11 10 5 1 -0.0242708
11 10 5 2 -0.0000000
11 10 5 3 -0.0151860
11 10 5 4 -0.0122117
11 10 5 5 0.0208645
11 10 6 0 -0.0000000
11 10 6 1 0.0000000
11 10 6 2 -0.0198189
11 10 6 3 0.0000000
11 10 6 4 0.0000000
11 10 6 5 0.0000000
11 10 6 6 0.0339778
11 10 7 0 -0.0009578
11 10 7 1 -0.0037705
11 10 7 2 0.0000000
11 10 7 3 -0.0006828
11 10 7 4 -0.0145743
11 10 7 5 -0.0110899
11 10 7 6 0.0000000
11 10 7 7 0.0022261
11 10 8 0 0.0000000
11 10 8 1 -0.0000000
11 10 8 2 -0.0153880
11 10 8 3 0.0000000
11 10 8 4 0.0000000
11 10 8 5 -0.0000000
11 10 8 6 -0.0107307
11 10 8 7 0.0000000
11 10 8 8 -0.0426908
11 10 9 0 0.0001562
11 10 9 1 0.0015952
11 10 9 2 -0.0000000
11 10 9 3 -0.0008444
11 10 9 4 -0.0026442
11 10 9 5 -0.0011519
11 10 9 6 0.0000000
11 10 9 7 0.0002473
11 10 9 8 -0.0000000
11 10 9 9 -0.0655088
11 10 10 0 0.0000065
11 10 10 1 -0.0152437
11 10 10 2 0.0000000
11 10 10 3 -0.0143254
11 10 10 4 -0.0117848
11 10 10 5 -0.0157067
11 10 10 6 0.0000000
11 10 10 7 0.0364451
11 10 10 8 0.0000000
11 10 10 9 -0.0031837
11 10 10 10 -0.0421696
11 10 11 0 0.0010747
11 10 11 1 -0.0067066
11 10 11 2 0.0000000
11 10 11 3 -0.0029835
11 10 11 4 -0.0086939
11 10 11 5 -0.0064803
11 10 11 6 0.0000000
11 10 11 7 -0.0593324
11 10 11 8 -0.0000000
11 10 11 9 -0.0001083
11 10 11 10 0.0530157
11 10 11 11 -0.0051727
11 11 0 0 0.5901225
11 11 1 0 -0.0067411
11 11 1 1 0.4401885
11 11 2 0 0.0000000
11 11 2 1 -0.0000000
11 11 2 2 0.4140724
11 11 3 0 0.0096722
11 11 3 1 0.0363845
11 11 3 2 -0.0000000
11 11 3 3 0.4367700
11 11 4 0 -0.0053653
11 11 4 1 0.0483777
11 11 4 2 0.0000000
11 11 4 3 0.0125733
11 11 4 4 0.4072439
11 11 5 0 0.0037497
11 11 5 1 -0.0331296
11 11 5 2 -0.0000000
11 11 5 3 -0.0074889
11 11 5 4 0.0349419
11 11 5 5 0.4901930
11 11 6 0 -0.0000000
11 11 6 1 0.0000000
11 11 6 2 -0.0567252
11 11 6 3 0.0000000
11 11 6 4 -0.0000000
11 11 6 5 -0.0000000
11 11 6 6 0.4268454
11 11 7 0 -0.0065610
11 11 7 1 0.0022902
11 11 7 2 -0.0000000
11 11 7 3 0.0001660
11 11 7 4 0.0033392
11 11 7 5 0.0287928
11 11 7 6 -0.0000000
11 11 7 7 0.5013992
11 11 8 0 -0.0000000
11 11 8 1 0.0000000
11 11 8 2 0.0111454
11 11 8 3 -0.0000000
11 11 8 4 -0.0000000
11 11 8 5 0.0000000
11 11 8 6 0.0193104
11 11 8 7 0.0000000
11 11 8 8 0.4338916
11 11 9 0 0.0000681
11 11 9 1 -0.0000993
11 11 9 2 0.0000000
11 11 9 3 0.0016480
11 11 9 4 0.0039572
11 11 9 5 0.0000961
11 11 9 6 0.0000000
11 11 9 7 0.0002550
11 11 9 8 0.0000000
11 11 9 9 0.5430551
11 11 10 0 0.0009726
11 11 10 1 -0.0026047
11 11 10 2 0.0000000
11 11 10 3 -0.0029690
11 11 10 4 -0.0121691
11 11 10 5 -0.0081479
11 11 10 6 0.0000000
11 11 10 7 -0.0364332
11 11 10 8 0.0000000
11 11 10 9 0.0272587
11 11 10 10 0.4103339
11 11 11 0 0.0067902
11 11 11 1 0.0194206
11 11 11 2 -0.0000000
11 11 11 3 0.0122762
11 11 11 4 0.0195222
11 11 11 5 -0.0098081
11 11 11 6 0.0000000
11 11 11 7 -0.0251516
11 11 11 8 0.0000000
11 11 11 9 -0.0052262
11 11 11 10 -0.0051727
11 11 11 11 0.5093196
