NMONOMER	1
NELEC	10
ENUC	12.405415
NBASIS	13
HOMO	2
LUMO	2
ENT	5
HF_ENERGY	-40.753565
ENERGIES
-10.994256
-0.909305
-0.506632
-0.500914
-0.473254
0.717653
0.736647
0.752469
0.798550
965064.741670
965066.554187
996490.822820
1073373.755697

OEI
-19.708480	
0.378871	-5.430602	
-0.000000	0.000000	-4.872744	
0.001421	-0.050185	-0.000000	-4.934296	
0.015142	-0.015681	0.000000	0.006485	-4.828498	
-0.000000	0.000000	-1.004982	-0.000000	0.000000	-4.396053	
-0.130621	0.374289	-0.000000	-0.273405	-0.899601	0.000000	-4.366459	
0.160617	-0.379161	-0.000000	0.883693	-0.392793	-0.000000	-0.041496	-4.243290	
-0.313750	0.936172	0.000000	0.498422	0.211264	0.000000	0.052927	0.017455	-3.932094	
0.000013	0.003828	0.000000	0.009878	-0.108499	0.000000	-0.114451	-0.056282	0.017698	965061.568432	
0.000000	0.000000	0.109678	-0.000000	0.000000	0.128153	0.000000	0.000000	-0.000000	-0.000000	965063.380838	
0.005233	0.019386	-0.000000	0.018304	0.002131	-0.000000	0.000388	-0.006010	-0.017925	-0.000023	-0.000000	996487.315311	
0.014432	0.127977	0.000000	0.185795	0.020631	-0.000000	-0.018110	0.090207	0.169575	-0.000310	-0.000000	0.142385	1073371.026569	

ENV_OEI
-0.168338	
-0.000184	-0.201489	
-0.000000	-0.000000	-0.117009	
-0.007181	-0.200478	-0.000000	-0.408051	
0.000532	-0.005066	-0.000000	-0.034328	-0.085760	
-0.000000	0.000000	-0.059406	0.000000	0.000000	-0.119878	
-0.002657	0.023041	-0.000000	0.038240	-0.041633	-0.000000	-0.104282	
0.010335	-0.084711	-0.000000	-0.161197	-0.051053	0.000000	0.022630	-0.229137	
0.007697	-0.119989	-0.000000	-0.343358	-0.027477	0.000000	0.060148	-0.335012	-0.727110	
0.000495	0.012789	-0.000000	0.012485	0.060399	-0.000000	0.026552	0.016027	0.003260	-0.646645	
-0.000000	-0.000000	-0.044140	0.000000	-0.000000	-0.016181	-0.000000	-0.000000	0.000000	0.000000	-0.703594	
-0.023088	0.171190	0.000000	0.615926	0.061372	-0.000000	-0.144149	0.689147	1.302754	0.013923	0.000000	-18.506295	
0.001339	0.008045	0.000000	-0.000231	-0.011101	0.000000	-0.002569	-0.023135	-0.040682	0.078327	0.000000	1.656879	-0.538004	

OVERLAP
1.000000	
0.248362	1.000000	
0.061767	0.488736	1.000000	
0.061767	0.488736	0.167856	1.000000	
0.061767	0.488736	0.167856	0.167856	1.000000	
0.000000	0.027047	0.005362	0.005362	0.005362	1.000000	
0.027047	0.301519	0.096511	0.096511	0.096511	0.248362	1.000000	
0.000000	0.000000	0.259000	-0.362202	0.259000	-0.015125	-0.113119	1.000000	
0.000000	0.000000	-0.380474	0.000000	0.380474	0.000000	0.000000	0.000000	1.000000	
0.000000	0.000000	0.073326	0.293305	0.073326	-0.042713	-0.319437	0.000000	0.000000	1.000000	
0.015125	0.113119	0.064594	-0.019500	0.064594	0.000000	0.000000	0.112775	0.000000	-0.151526	1.000000	
0.000000	0.000000	-0.051506	0.000000	0.051506	0.000000	0.000000	0.000000	0.166433	0.000000	0.000000	1.000000	
0.042713	0.319437	0.093323	0.123102	0.093323	0.000000	0.000000	-0.151526	0.000000	-0.261465	0.000000	0.000000	1.000000	

MOCOEFF
0.991807	0.038373	-0.007077	-0.006966	-0.007077	0.001736	-0.009071	0.000138	0.000000	-0.000230	-0.000943	-0.000000	-0.002578	
-0.226067	0.665044	0.182729	0.154275	0.182729	-0.017753	-0.007636	-0.002231	0.000000	-0.061196	0.059107	-0.000000	0.181120	
0.000000	-0.000000	-0.430196	-0.000000	0.430196	-0.000000	0.000000	0.000000	0.577562	-0.000000	-0.000000	-0.140441	0.000000	
-0.001614	0.055261	-0.170269	-0.222042	-0.170269	-0.057095	0.138839	-0.159660	-0.000000	-0.613890	0.128020	0.000000	0.397874	
-0.009397	0.037254	-0.266064	0.483596	-0.266064	-0.005920	0.014769	-0.551811	0.000000	0.148039	0.146485	-0.000000	-0.003890	
0.000000	-0.000000	0.858412	0.000000	-0.858412	0.000000	-0.000000	0.000000	1.111056	-0.000000	-0.000000	-0.096489	-0.000000	
0.085576	-0.547496	0.769382	-0.539115	0.769382	0.012552	-0.078600	-1.049724	0.000000	-0.005154	0.054727	-0.000000	-0.104824	
-0.105194	0.686281	-0.323675	-0.992488	-0.323675	-0.060830	0.366943	-0.180296	0.000000	0.963470	0.182909	-0.000000	0.390590	
0.207959	-1.303744	0.317378	0.519528	0.317378	-0.115177	0.684980	0.310195	-0.000000	0.422280	0.276275	0.000000	0.819668	
-0.000000	0.000000	-0.000000	0.000000	-0.000000	0.000003	-0.000005	0.000000	0.000000	-0.000000	-0.942641	0.000000	0.333809	
-0.000000	-0.000000	0.000000	0.000000	-0.000000	-0.000000	0.000000	0.000000	0.000000	-0.000000	-0.000000	-1.000000	0.000000	
-0.000000	0.000000	0.000000	0.000000	0.000000	1.025836	-0.215515	-0.000000	0.000000	-0.000000	0.035062	-0.000000	0.099002	
0.000000	-0.000000	0.000000	0.000000	0.000000	-0.014390	-0.882584	0.000000	0.000000	0.000000	0.154615	-0.000000	0.436606	

ERI
0 0 0 0 3.5002527
1 0 0 0 -0.3002545
1 0 1 0 0.0405142
1 0 1 1 -0.0097349
1 1 0 0 0.7197676
1 1 1 0 -0.0097349
1 1 1 1 0.5110740
2 0 0 0 0.0000000
2 0 1 0 -0.0000000
2 0 1 1 0.0000000
2 0 2 0 0.0089101
2 0 2 1 0.0140030
2 0 2 2 0.0000000
2 1 0 0 -0.0000000
2 1 1 0 0.0000000
2 1 1 1 0.0000000
2 1 2 0 0.0140030
2 1 2 1 0.1085977
2 1 2 2 0.0000000
2 2 0 0 0.6332346
2 2 1 0 -0.0041787
2 2 1 1 0.4883261
2 2 2 0 0.0000000
2 2 2 1 0.0000000
2 2 2 2 0.5374260
3 0 0 0 -0.0022040
3 0 1 0 0.0011741
3 0 1 1 0.0017553
3 0 2 0 0.0000000
3 0 2 1 0.0000000
3 0 2 2 -0.0023845
3 0 3 0 0.0102668
3 0 3 1 0.0153809
3 0 3 2 0.0000000
3 0 3 3 0.0034074
3 1 0 0 0.0171238
3 1 1 0 0.0007756
3 1 1 1 0.0144807
3 1 2 0 0.0000000
3 1 2 1 -0.0000000
3 1 2 2 -0.0282717
3 1 3 0 0.0153809
3 1 3 1 0.1081150
3 1 3 2 0.0000000
3 1 3 3 0.0508080
3 2 0 0 0.0000000
3 2 1 0 -0.0000000
3 2 1 1 -0.0000000
3 2 2 0 -0.0024023
3 2 2 1 -0.0350522
3 2 2 2 -0.0000000
3 2 3 0 0.0000000
3 2 3 1 0.0000000
3 2 3 2 0.0288499
3 2 3 3 0.0000000
3 3 0 0 0.6574707
3 3 1 0 -0.0044169
3 3 1 1 0.4955581
3 3 2 0 0.0000000
3 3 2 1 0.0000000
3 3 2 2 0.4404293
3 3 3 0 0.0034074
3 3 3 1 0.0508080
3 3 3 2 0.0000000
3 3 3 3 0.5349390
4 0 0 0 -0.0123181
4 0 1 0 0.0014435
4 0 1 1 -0.0011898
4 0 2 0 -0.0000000
4 0 2 1 -0.0000000
4 0 2 2 -0.0036058
4 0 3 0 -0.0000518
4 0 3 1 0.0000245
4 0 3 2 0.0000000
4 0 3 3 0.0005065
4 0 4 0 0.0088231
4 0 4 1 0.0135805
4 0 4 2 -0.0000000
4 0 4 3 -0.0028191
4 0 4 4 0.0034704
4 1 0 0 0.0063801
4 1 1 0 -0.0006610
4 1 1 1 -0.0044044
4 1 2 0 -0.0000000
4 1 2 1 0.0000000
4 1 2 2 -0.0483119
4 1 3 0 0.0000878
4 1 3 1 0.0032530
4 1 3 2 0.0000000
4 1 3 3 0.0126785
4 1 4 0 0.0135805
4 1 4 1 0.1016616
4 1 4 2 -0.0000000
4 1 4 3 -0.0393948
4 1 4 4 0.0439633
4 2 0 0 -0.0000000
4 2 1 0 0.0000000
4 2 1 1 -0.0000000
4 2 2 0 -0.0029969
4 2 2 1 -0.0488958
4 2 2 2 0.0000000
4 2 3 0 0.0000000
4 2 3 1 0.0000000
4 2 3 2 0.0226087
4 2 3 3 -0.0000000
4 2 4 0 -0.0000000
4 2 4 1 -0.0000000
4 2 4 2 0.0460096
4 2 4 3 0.0000000
4 2 4 4 -0.0000000
4 3 0 0 -0.0012262
4 3 1 0 0.0002071
4 3 1 1 0.0030476
4 3 2 0 0.0000000
4 3 2 1 0.0000000
4 3 2 2 0.0221877
4 3 3 0 0.0013740
4 3 3 1 0.0128236
4 3 3 2 -0.0000000
4 3 3 3 0.0023983
4 3 4 0 -0.0028191
4 3 4 1 -0.0393948
4 3 4 2 0.0000000
4 3 4 3 0.0374996
4 3 4 4 -0.0310919
4 4 0 0 0.6307699
4 4 1 0 -0.0043629
4 4 1 1 0.4809040
4 4 2 0 -0.0000000
4 4 2 1 -0.0000000
4 4 2 2 0.4485367
4 4 3 0 -0.0029059
4 4 3 1 -0.0330403
4 4 3 2 0.0000000
4 4 3 3 0.4481294
4 4 4 0 0.0034704
4 4 4 1 0.0439633
4 4 4 2 -0.0000000
4 4 4 3 -0.0310919
4 4 4 4 0.5325580
5 0 0 0 0.0000000
5 0 1 0 -0.0000000
5 0 1 1 0.0000000
5 0 2 0 0.0136883
5 0 2 1 0.0194899
5 0 2 2 0.0000000
5 0 3 0 0.0000000
5 0 3 1 0.0000000
5 0 3 2 -0.0029461
5 0 3 3 0.0000000
5 0 4 0 -0.0000000
5 0 4 1 -0.0000000
5 0 4 2 -0.0035623
5 0 4 3 0.0000000
5 0 4 4 -0.0000000
5 0 5 0 0.0211583
5 0 5 1 0.0148916
5 0 5 2 -0.0000000
5 0 5 3 0.0029123
5 0 5 4 0.0053145
5 0 5 5 -0.0000000
5 1 0 0 -0.0000000
5 1 1 0 0.0000000
5 1 1 1 -0.0000000
5 1 2 0 0.0102051
5 1 2 1 0.0195394
5 1 2 2 -0.0000000
5 1 3 0 0.0000000
5 1 3 1 0.0000000
5 1 3 2 0.0107058
5 1 3 3 -0.0000000
5 1 4 0 -0.0000000
5 1 4 1 -0.0000000
5 1 4 2 0.0182698
5 1 4 3 -0.0000000
5 1 4 4 -0.0000000
5 1 5 0 0.0148916
5 1 5 1 0.0490331
5 1 5 2 -0.0000000
5 1 5 3 -0.0037419
5 1 5 4 -0.0041457
5 1 5 5 -0.0000000
5 2 0 0 0.2530628
5 2 1 0 -0.0056131
5 2 1 1 0.0830986
5 2 2 0 -0.0000000
5 2 2 1 -0.0000000
5 2 2 2 0.0343256
5 2 3 0 0.0017736
5 2 3 1 0.0306720
5 2 3 2 0.0000000
5 2 3 3 0.0867113
5 2 4 0 0.0028267
5 2 4 1 0.0463599
5 2 4 2 -0.0000000
5 2 4 3 -0.0210761
5 2 4 4 0.0678969
5 2 5 0 -0.0000000
5 2 5 1 -0.0000000
5 2 5 2 0.1213429
5 2 5 3 0.0000000
5 2 5 4 -0.0000000
5 2 5 5 0.0550457
5 3 0 0 0.0000000
5 3 1 0 -0.0000000
5 3 1 1 0.0000000
5 3 2 0 0.0019122
5 3 2 1 0.0287283
5 3 2 2 0.0000000
5 3 3 0 -0.0000000
5 3 3 1 -0.0000000
5 3 3 2 -0.0023699
5 3 3 3 0.0000000
5 3 4 0 -0.0000000
5 3 4 1 -0.0000000
5 3 4 2 -0.0199780
5 3 4 3 0.0000000
5 3 4 4 0.0000000
5 3 5 0 0.0029123
5 3 5 1 -0.0037419
5 3 5 2 0.0000000
5 3 5 3 0.0232476
5 3 5 4 0.0163926
5 3 5 5 0.0000000
5 4 0 0 -0.0000000
5 4 1 0 0.0000000
5 4 1 1 -0.0000000
5 4 2 0 0.0035344
5 4 2 1 0.0473804
5 4 2 2 -0.0000000
5 4 3 0 -0.0000000
5 4 3 1 -0.0000000
5 4 3 2 -0.0217494
5 4 3 3 -0.0000000
5 4 4 0 -0.0000000
5 4 4 1 0.0000000
5 4 4 2 -0.0199750
5 4 4 3 -0.0000000
5 4 4 4 0.0000000
5 4 5 0 0.0053145
5 4 5 1 -0.0041457
5 4 5 2 -0.0000000
5 4 5 3 0.0163926
5 4 5 4 0.0391029
5 4 5 5 -0.0000000
5 5 0 0 0.7360321
5 5 1 0 -0.0088477
5 5 1 1 0.4984970
5 5 2 0 -0.0000000
5 5 2 1 -0.0000000
5 5 2 2 0.5308719
5 5 3 0 0.0000705
5 5 3 1 -0.0131052
5 5 3 2 0.0000000
5 5 3 3 0.4563465
5 5 4 0 0.0000169
5 5 4 1 -0.0257942
5 5 4 2 0.0000000
5 5 4 3 0.0179376
5 5 4 4 0.4620480
5 5 5 0 -0.0000000
5 5 5 1 -0.0000000
5 5 5 2 0.0550457
5 5 5 3 0.0000000
5 5 5 4 -0.0000000
5 5 5 5 0.5571828
6 0 0 0 0.1114668
6 0 1 0 -0.0152994
6 0 1 1 0.0030887
6 0 2 0 0.0000000
6 0 2 1 0.0000000
6 0 2 2 -0.0032520
6 0 3 0 0.0034732
6 0 3 1 0.0052246
6 0 3 2 0.0000000
6 0 3 3 0.0032068
6 0 4 0 0.0117535
6 0 4 1 0.0176233
6 0 4 2 -0.0000000
6 0 4 3 -0.0027678
6 0 4 4 0.0046969
6 0 5 0 0.0000000
6 0 5 1 -0.0000000
6 0 5 2 0.0067252
6 0 5 3 -0.0000000
6 0 5 4 -0.0000000
6 0 5 5 0.0039702
6 0 6 0 0.0247473
6 0 6 1 0.0122900
6 0 6 2 0.0000000
6 0 6 3 0.0016432
6 0 6 4 -0.0025129
6 0 6 5 -0.0000000
6 0 6 6 -0.0097780
6 1 0 0 -0.1005546
6 1 1 0 0.0036473
6 1 1 1 -0.0316277
6 1 2 0 0.0000000
6 1 2 1 0.0000000
6 1 2 2 -0.0067777
6 1 3 0 0.0023550
6 1 3 1 0.0018731
6 1 3 2 -0.0000000
6 1 3 3 -0.0343467
6 1 4 0 0.0096564
6 1 4 1 0.0207065
6 1 4 2 0.0000000
6 1 4 3 0.0096172
6 1 4 4 -0.0299074
6 1 5 0 -0.0000000
6 1 5 1 0.0000000
6 1 5 2 -0.0298486
6 1 5 3 -0.0000000
6 1 5 4 -0.0000000
6 1 5 5 -0.0012170
6 1 6 0 0.0122900
6 1 6 1 0.0527161
6 1 6 2 -0.0000000
6 1 6 3 -0.0117056
6 1 6 4 -0.0339568
6 1 6 5 0.0000000
6 1 6 6 -0.0420070
6 2 0 0 0.0000000
6 2 1 0 -0.0000000
6 2 1 1 0.0000000
6 2 2 0 0.0008436
6 2 2 1 0.0509542
6 2 2 2 0.0000000
6 2 3 0 -0.0000000
6 2 3 1 -0.0000000
6 2 3 2 -0.0252921
6 2 3 3 0.0000000
6 2 4 0 0.0000000
6 2 4 1 0.0000000
6 2 4 2 -0.0311538
6 2 4 3 -0.0000000
6 2 4 4 0.0000000
6 2 5 0 0.0014110
6 2 5 1 -0.0196293
6 2 5 2 0.0000000
6 2 5 3 0.0242115
6 2 5 4 0.0427946
6 2 5 5 -0.0000000
6 2 6 0 0.0000000
6 2 6 1 -0.0000000
6 2 6 2 0.0598881
6 2 6 3 0.0000000
6 2 6 4 0.0000000
6 2 6 5 -0.0499630
6 2 6 6 -0.0000000
6 3 0 0 0.0672377
6 3 1 0 -0.0018774
6 3 1 1 0.0189121
6 3 2 0 -0.0000000
6 3 2 1 -0.0000000
6 3 2 2 -0.0006793
6 3 3 0 -0.0044487
6 3 3 1 -0.0192128
6 3 3 2 0.0000000
6 3 3 3 0.0214690
6 3 4 0 0.0018725
6 3 4 1 0.0276179
6 3 4 2 -0.0000000
6 3 4 3 -0.0081113
6 3 4 4 0.0373734
6 3 5 0 -0.0000000
6 3 5 1 -0.0000000
6 3 5 2 0.0302999
6 3 5 3 0.0000000
6 3 5 4 0.0000000
6 3 5 5 0.0032631
6 3 6 0 0.0016432
6 3 6 1 -0.0117056
6 3 6 2 0.0000000
6 3 6 3 0.0320437
6 3 6 4 0.0109907
6 3 6 5 -0.0000000
6 3 6 6 0.0138848
6 4 0 0 0.2259128
6 4 1 0 -0.0047309
6 4 1 1 0.0784962
6 4 2 0 0.0000000
6 4 2 1 0.0000000
6 4 2 2 0.0456855
6 4 3 0 0.0019628
6 4 3 1 0.0297934
6 4 3 2 -0.0000000
6 4 3 3 0.0723611
6 4 4 0 -0.0037159
6 4 4 1 -0.0169533
6 4 4 2 -0.0000000
6 4 4 3 0.0136981
6 4 4 4 0.0478841
6 4 5 0 0.0000000
6 4 5 1 -0.0000000
6 4 5 2 0.0615176
6 4 5 3 0.0000000
6 4 5 4 -0.0000000
6 4 5 5 0.0550175
6 4 6 0 -0.0025129
6 4 6 1 -0.0339568
6 4 6 2 0.0000000
6 4 6 3 0.0109907
6 4 6 4 0.0837469
6 4 6 5 -0.0000000
6 4 6 6 0.0785265
6 5 0 0 -0.0000000
6 5 1 0 -0.0000000
6 5 1 1 -0.0000000
6 5 2 0 -0.0044284
6 5 2 1 -0.0626949
6 5 2 2 0.0000000
6 5 3 0 -0.0000000
6 5 3 1 -0.0000000
6 5 3 2 0.0331968
6 5 3 3 -0.0000000
6 5 4 0 -0.0000000
6 5 4 1 -0.0000000
6 5 4 2 0.0535191
6 5 4 3 0.0000000
6 5 4 4 -0.0000000
6 5 5 0 -0.0057635
6 5 5 1 0.0248610
6 5 5 2 -0.0000000
6 5 5 3 -0.0252685
6 5 5 4 -0.0343537
6 5 5 5 0.0000000
6 5 6 0 -0.0000000
6 5 6 1 0.0000000
6 5 6 2 -0.0499630
6 5 6 3 -0.0000000
6 5 6 4 -0.0000000
6 5 6 5 0.0774611
6 5 6 6 0.0000000
6 6 0 0 0.7359413
6 6 1 0 -0.0093461
6 6 1 1 0.4970512
6 6 2 0 -0.0000000
6 6 2 1 -0.0000000
6 6 2 2 0.5054438
6 6 3 0 -0.0024845
6 6 3 1 -0.0236316
6 6 3 2 0.0000000
6 6 3 3 0.4564270
6 6 4 0 -0.0092998
6 6 4 1 -0.0482429
6 6 4 2 0.0000000
6 6 4 3 0.0156027
6 6 4 4 0.4832604
6 6 5 0 0.0000000
6 6 5 1 -0.0000000
6 6 5 2 0.0356952
6 6 5 3 0.0000000
6 6 5 4 -0.0000000
6 6 5 5 0.5141639
6 6 6 0 -0.0097780
6 6 6 1 -0.0420070
6 6 6 2 -0.0000000
6 6 6 3 0.0138848
6 6 6 4 0.0785265
6 6 6 5 0.0000000
6 6 6 6 0.5530358
7 0 0 0 -0.1370466
7 0 1 0 0.0176860
7 0 1 1 -0.0066693
7 0 2 0 0.0000000
7 0 2 1 0.0000000
7 0 2 2 -0.0010016
7 0 3 0 -0.0116476
7 0 3 1 -0.0162541
7 0 3 2 -0.0000000
7 0 3 3 -0.0046065
7 0 4 0 0.0059288
7 0 4 1 0.0069249
7 0 4 2 -0.0000000
7 0 4 3 -0.0026285
7 0 4 4 0.0028078
7 0 5 0 -0.0000000
7 0 5 1 0.0000000
7 0 5 2 -0.0025408
7 0 5 3 0.0000000
7 0 5 4 0.0000000
7 0 5 5 -0.0034411
7 0 6 0 -0.0040264
7 0 6 1 0.0043024
7 0 6 2 0.0000000
7 0 6 3 0.0054600
7 0 6 4 -0.0061774
7 0 6 5 -0.0000000
7 0 6 6 -0.0062264
7 0 7 0 0.0253409
7 0 7 1 0.0093415
7 0 7 2 0.0000000
7 0 7 3 -0.0046165
7 0 7 4 -0.0020328
7 0 7 5 -0.0000000
7 0 7 6 -0.0047334
7 0 7 7 0.0099864
7 1 0 0 0.1036742
7 1 1 0 -0.0048685
7 1 1 1 0.0280704
7 1 2 0 0.0000000
7 1 2 1 0.0000000
7 1 2 2 0.0213532
7 1 3 0 -0.0082742
7 1 3 1 -0.0142854
7 1 3 2 0.0000000
7 1 3 3 0.0411926
7 1 4 0 0.0037173
7 1 4 1 0.0105711
7 1 4 2 0.0000000
7 1 4 3 0.0060093
7 1 4 4 0.0107641
7 1 5 0 0.0000000
7 1 5 1 0.0000000
7 1 5 2 0.0291320
7 1 5 3 0.0000000
7 1 5 4 -0.0000000
7 1 5 5 0.0256682
7 1 6 0 0.0038774
7 1 6 1 -0.0017090
7 1 6 2 -0.0000000
7 1 6 3 0.0162128
7 1 6 4 0.0225022
7 1 6 5 0.0000000
7 1 6 6 0.0146137
7 1 7 0 0.0093415
7 1 7 1 0.0450389
7 1 7 2 0.0000000
7 1 7 3 -0.0329404
7 1 7 4 0.0203034
7 1 7 5 -0.0000000
7 1 7 6 -0.0200403
7 1 7 7 0.0396788
7 2 0 0 0.0000000
7 2 1 0 -0.0000000
7 2 1 1 0.0000000
7 2 2 0 0.0026429
7 2 2 1 -0.0091252
7 2 2 2 0.0000000
7 2 3 0 0.0000000
7 2 3 1 0.0000000
7 2 3 2 -0.0001021
7 2 3 3 0.0000000
7 2 4 0 0.0000000
7 2 4 1 0.0000000
7 2 4 2 0.0185166
7 2 4 3 -0.0000000
7 2 4 4 0.0000000
7 2 5 0 0.0038389
7 2 5 1 0.0176782
7 2 5 2 0.0000000
7 2 5 3 -0.0156577
7 2 5 4 -0.0079803
7 2 5 5 0.0000000
7 2 6 0 0.0000000
7 2 6 1 -0.0000000
7 2 6 2 -0.0179455
7 2 6 3 0.0000000
7 2 6 4 0.0000000
7 2 6 5 0.0230262
7 2 6 6 0.0000000
7 2 7 0 0.0000000
7 2 7 1 0.0000000
7 2 7 2 0.0203542
7 2 7 3 -0.0000000
7 2 7 4 -0.0000000
7 2 7 5 0.0014925
7 2 7 6 0.0000000
7 2 7 7 0.0000000
7 3 0 0 -0.2179805
7 3 1 0 0.0053661
7 3 1 1 -0.0711161
7 3 2 0 0.0000000
7 3 2 1 0.0000000
7 3 2 2 -0.0753908
7 3 3 0 0.0066415
7 3 3 1 0.0363634
7 3 3 2 -0.0000000
7 3 3 3 -0.0554746
7 3 4 0 0.0016134
7 3 4 1 0.0195426
7 3 4 2 -0.0000000
7 3 4 3 -0.0023168
7 3 4 4 -0.0496601
7 3 5 0 0.0000000
7 3 5 1 0.0000000
7 3 5 2 -0.0346863
7 3 5 3 -0.0000000
7 3 5 4 0.0000000
7 3 5 5 -0.0788565
7 3 6 0 0.0027352
7 3 6 1 0.0227636
7 3 6 2 0.0000000
7 3 6 3 -0.0155705
7 3 6 4 -0.0422049
7 3 6 5 -0.0000000
7 3 6 6 -0.0812831
7 3 7 0 -0.0046165
7 3 7 1 -0.0329404
7 3 7 2 -0.0000000
7 3 7 3 0.0844897
7 3 7 4 -0.0337075
7 3 7 5 0.0000000
7 3 7 6 0.0227699
7 3 7 7 -0.0751123
7 4 0 0 0.0995549
7 4 1 0 -0.0022435
7 4 1 1 0.0369352
7 4 2 0 0.0000000
7 4 2 1 0.0000000
7 4 2 2 0.0525763
7 4 3 0 0.0010690
7 4 3 1 0.0200312
7 4 3 2 -0.0000000
7 4 3 3 0.0309510
7 4 4 0 0.0002150
7 4 4 1 -0.0420471
7 4 4 2 -0.0000000
7 4 4 3 0.0259581
7 4 4 4 -0.0145421
7 4 5 0 0.0000000
7 4 5 1 -0.0000000
7 4 5 2 0.0001328
7 4 5 3 0.0000000
7 4 5 4 -0.0000000
7 4 5 5 0.0570333
7 4 6 0 0.0014353
7 4 6 1 0.0076661
7 4 6 2 0.0000000
7 4 6 3 -0.0229732
7 4 6 4 0.0382388
7 4 6 5 0.0000000
7 4 6 6 0.0401265
7 4 7 0 -0.0020328
7 4 7 1 0.0203034
7 4 7 2 -0.0000000
7 4 7 3 -0.0337075
7 4 7 4 0.0729552
7 4 7 5 0.0000000
7 4 7 6 -0.0301528
7 4 7 7 -0.0195380
7 5 0 0 0.0000000
7 5 1 0 0.0000000
7 5 1 1 0.0000000
7 5 2 0 0.0060121
7 5 2 1 0.0432597
7 5 2 2 0.0000000
7 5 3 0 0.0000000
7 5 3 1 0.0000000
7 5 3 2 -0.0235054
7 5 3 3 -0.0000000
7 5 4 0 -0.0000000
7 5 4 1 -0.0000000
7 5 4 2 -0.0188487
7 5 4 3 0.0000000
7 5 4 4 -0.0000000
7 5 5 0 0.0086034
7 5 5 1 0.0012450
7 5 5 2 -0.0000000
7 5 5 3 0.0060175
7 5 5 4 0.0280485
7 5 5 5 0.0000000
7 5 6 0 -0.0000000
7 5 6 1 0.0000000
7 5 6 2 0.0295562
7 5 6 3 -0.0000000
7 5 6 4 0.0000000
7 5 6 5 -0.0312988
7 5 6 6 0.0000000
7 5 7 0 -0.0000000
7 5 7 1 -0.0000000
7 5 7 2 0.0014925
7 5 7 3 0.0000000
7 5 7 4 0.0000000
7 5 7 5 0.0305146
7 5 7 6 -0.0000000
7 5 7 7 -0.0000000
7 6 0 0 0.0068225
7 6 1 0 0.0008954
7 6 1 1 0.0037457
7 6 2 0 -0.0000000
7 6 2 1 -0.0000000
7 6 2 2 -0.0294113
7 6 3 0 0.0059319
7 6 3 1 0.0190964
7 6 3 2 0.0000000
7 6 3 3 0.0031466
7 6 4 0 0.0033998
7 6 4 1 0.0418838
7 6 4 2 0.0000000
7 6 4 3 -0.0308796
7 6 4 4 0.0359381
7 6 5 0 -0.0000000
7 6 5 1 0.0000000
7 6 5 2 0.0326195
7 6 5 3 -0.0000000
7 6 5 4 0.0000000
7 6 5 5 -0.0217749
7 6 6 0 0.0060050
7 6 6 1 -0.0093231
7 6 6 2 -0.0000000
7 6 6 3 0.0054292
7 6 6 4 0.0007505
7 6 6 5 0.0000000
7 6 6 6 -0.0146944
7 6 7 0 -0.0047334
7 6 7 1 -0.0200403
7 6 7 2 0.0000000
7 6 7 3 0.0227699
7 6 7 4 -0.0301528
7 6 7 5 -0.0000000
7 6 7 6 0.0507948
7 6 7 7 0.0268356
7 7 0 0 0.7139805
7 7 1 0 -0.0101185
7 7 1 1 0.4788141
7 7 2 0 0.0000000
7 7 2 1 0.0000000
7 7 2 2 0.4385715
7 7 3 0 -0.0104247
7 7 3 1 -0.0400813
7 7 3 2 -0.0000000
7 7 3 3 0.4800888
7 7 4 0 0.0040316
7 7 4 1 0.0510156
7 7 4 2 -0.0000000
7 7 4 3 -0.0399448
7 7 4 4 0.5105144
7 7 5 0 0.0000000
7 7 5 1 -0.0000000
7 7 5 2 0.0898459
7 7 5 3 0.0000000
7 7 5 4 0.0000000
7 7 5 5 0.4558867
7 7 6 0 0.0048620
7 7 6 1 -0.0444344
7 7 6 2 0.0000000
7 7 6 3 0.0496984
7 7 6 4 0.0407025
7 7 6 5 -0.0000000
7 7 6 6 0.4700067
7 7 7 0 0.0099864
7 7 7 1 0.0396788
7 7 7 2 0.0000000
7 7 7 3 -0.0751123
7 7 7 4 -0.0195380
7 7 7 5 -0.0000000
7 7 7 6 0.0268356
7 7 7 7 0.5634973
8 0 0 0 0.2695971
8 0 1 0 -0.0374977
8 0 1 1 0.0074253
8 0 2 0 -0.0000000
8 0 2 1 -0.0000000
8 0 2 2 0.0050355
8 0 3 0 -0.0068319
8 0 3 1 -0.0086301
8 0 3 2 0.0000000
8 0 3 3 0.0016112
8 0 4 0 -0.0038612
8 0 4 1 -0.0031118
8 0 4 2 0.0000000
8 0 4 3 -0.0001649
8 0 4 4 0.0037253
8 0 5 0 0.0000000
8 0 5 1 -0.0000000
8 0 5 2 0.0024712
8 0 5 3 0.0000000
8 0 5 4 -0.0000000
8 0 5 5 0.0063585
8 0 6 0 0.0083261
8 0 6 1 -0.0069894
8 0 6 2 -0.0000000
8 0 6 3 0.0033521
8 0 6 4 0.0035358
8 0 6 5 0.0000000
8 0 6 6 0.0109270
8 0 7 0 -0.0110657
8 0 7 1 0.0075018
8 0 7 2 0.0000000
8 0 7 3 -0.0082295
8 0 7 4 0.0010803
8 0 7 5 -0.0000000
8 0 7 6 -0.0049900
8 0 7 7 0.0124345
8 0 8 0 0.0387565
8 0 8 1 -0.0042885
8 0 8 2 0.0000000
8 0 8 3 0.0004247
8 0 8 4 0.0006350
8 0 8 5 0.0000000
8 0 8 6 0.0040668
8 0 8 7 -0.0046788
8 0 8 8 0.0005285
8 1 0 0 -0.2495417
8 1 1 0 0.0088155
8 1 1 1 -0.0808984
8 1 2 0 -0.0000000
8 1 2 1 -0.0000000
8 1 2 2 -0.0679256
8 1 3 0 -0.0050060
8 1 3 1 -0.0116822
8 1 3 2 -0.0000000
8 1 3 3 -0.0562442
8 1 4 0 -0.0012093
8 1 4 1 -0.0048247
8 1 4 2 -0.0000000
8 1 4 3 0.0002191
8 1 4 4 -0.0645571
8 1 5 0 -0.0000000
8 1 5 1 0.0000000
8 1 5 2 -0.0581287
8 1 5 3 -0.0000000
8 1 5 4 0.0000000
8 1 5 5 -0.0848155
8 1 6 0 -0.0070713
8 1 6 1 0.0099364
8 1 6 2 -0.0000000
8 1 6 3 -0.0103420
8 1 6 4 -0.0505434
8 1 6 5 0.0000000
8 1 6 6 -0.0747909
8 1 7 0 0.0085973
8 1 7 1 -0.0076037
8 1 7 2 -0.0000000
8 1 7 3 0.0466100
8 1 7 4 -0.0242799
8 1 7 5 -0.0000000
8 1 7 6 -0.0098566
8 1 7 7 -0.0551698
8 1 8 0 -0.0042885
8 1 8 1 0.0657857
8 1 8 2 0.0000000
8 1 8 3 0.0477181
8 1 8 4 0.0177549
8 1 8 5 0.0000000
8 1 8 6 0.0037439
8 1 8 7 0.0075666
8 1 8 8 -0.0506540
8 2 0 0 -0.0000000
8 2 1 0 0.0000000
8 2 1 1 -0.0000000
8 2 2 0 -0.0069702
8 2 2 1 -0.0122349
8 2 2 2 -0.0000000
8 2 3 0 -0.0000000
8 2 3 1 -0.0000000
8 2 3 2 -0.0100460
8 2 3 3 -0.0000000
8 2 4 0 -0.0000000
8 2 4 1 -0.0000000
8 2 4 2 -0.0105882
8 2 4 3 0.0000000
8 2 4 4 -0.0000000
8 2 5 0 -0.0102624
8 2 5 1 -0.0323093
8 2 5 2 -0.0000000
8 2 5 3 0.0002667
8 2 5 4 0.0042437
8 2 5 5 -0.0000000
8 2 6 0 -0.0000000
8 2 6 1 0.0000000
8 2 6 2 0.0134374
8 2 6 3 -0.0000000
8 2 6 4 -0.0000000
8 2 6 5 -0.0173539
8 2 6 6 -0.0000000
8 2 7 0 -0.0000000
8 2 7 1 -0.0000000
8 2 7 2 -0.0091930
8 2 7 3 0.0000000
8 2 7 4 0.0000000
8 2 7 5 0.0013967
8 2 7 6 -0.0000000
8 2 7 7 -0.0000000
8 2 8 0 0.0000000
8 2 8 1 0.0000000
8 2 8 2 0.0231838
8 2 8 3 0.0000000
8 2 8 4 -0.0000000
8 2 8 5 0.0151577
8 2 8 6 0.0000000
8 2 8 7 0.0000000
8 2 8 8 -0.0000000
8 3 0 0 -0.1211276
8 3 1 0 0.0024567
8 3 1 1 -0.0405860
8 3 2 0 -0.0000000
8 3 2 1 -0.0000000
8 3 2 2 -0.0511934
8 3 3 0 -0.0042979
8 3 3 1 0.0302624
8 3 3 2 0.0000000
8 3 3 3 -0.0026170
8 3 4 0 0.0000781
8 3 4 1 -0.0004661
8 3 4 2 0.0000000
8 3 4 3 0.0081590
8 3 4 4 -0.0580291
8 3 5 0 -0.0000000
8 3 5 1 -0.0000000
8 3 5 2 -0.0097027
8 3 5 3 -0.0000000
8 3 5 4 -0.0000000
8 3 5 5 -0.0596285
8 3 6 0 -0.0024115
8 3 6 1 0.0021726
8 3 6 2 -0.0000000
8 3 6 3 -0.0112628
8 3 6 4 -0.0063564
8 3 6 5 0.0000000
8 3 6 6 -0.0607788
8 3 7 0 0.0057340
8 3 7 1 0.0181640
8 3 7 2 -0.0000000
8 3 7 3 0.0402128
8 3 7 4 0.0073120
8 3 7 5 -0.0000000
8 3 7 6 -0.0101981
8 3 7 7 -0.0398311
8 3 8 0 0.0004247
8 3 8 1 0.0477181
8 3 8 2 0.0000000
8 3 8 3 0.0811455
8 3 8 4 0.0065947
8 3 8 5 -0.0000000
8 3 8 6 -0.0049527
8 3 8 7 0.0470984
8 3 8 8 0.0288045
8 4 0 0 -0.0532527
8 4 1 0 0.0014914
8 4 1 1 -0.0178998
8 4 2 0 -0.0000000
8 4 2 1 -0.0000000
8 4 2 2 -0.0279812
8 4 3 0 -0.0001754
8 4 3 1 -0.0009242
8 4 3 2 0.0000000
8 4 3 3 -0.0102680
8 4 4 0 -0.0061059
8 4 4 1 -0.0017930
8 4 4 2 -0.0000000
8 4 4 3 -0.0175073
8 4 4 4 -0.0035759
8 4 5 0 0.0000000
8 4 5 1 0.0000000
8 4 5 2 -0.0001394
8 4 5 3 -0.0000000
8 4 5 4 0.0000000
8 4 5 5 -0.0377962
8 4 6 0 -0.0088500
8 4 6 1 -0.0252040
8 4 6 2 -0.0000000
8 4 6 3 0.0012954
8 4 6 4 -0.0130310
8 4 6 5 -0.0000000
8 4 6 6 -0.0153689
8 4 7 0 -0.0026615
8 4 7 1 -0.0166996
8 4 7 2 0.0000000
8 4 7 3 0.0156266
8 4 7 4 -0.0292438
8 4 7 5 -0.0000000
8 4 7 6 0.0178238
8 4 7 7 0.0073139
8 4 8 0 0.0006350
8 4 8 1 0.0177549
8 4 8 2 -0.0000000
8 4 8 3 0.0065947
8 4 8 4 0.0314866
8 4 8 5 0.0000000
8 4 8 6 0.0035901
8 4 8 7 -0.0007770
8 4 8 8 -0.0116534
8 5 0 0 -0.0000000
8 5 1 0 -0.0000000
8 5 1 1 -0.0000000
8 5 2 0 -0.0117903
8 5 2 1 -0.0666707
8 5 2 2 -0.0000000
8 5 3 0 -0.0000000
8 5 3 1 -0.0000000
8 5 3 2 0.0145610
8 5 3 3 -0.0000000
8 5 4 0 0.0000000
8 5 4 1 0.0000000
8 5 4 2 0.0238425
8 5 4 3 -0.0000000
8 5 4 4 0.0000000
8 5 5 0 -0.0172633
8 5 5 1 -0.0206553
8 5 5 2 0.0000000
8 5 5 3 -0.0232215
8 5 5 4 -0.0325542
8 5 5 5 0.0000000
8 5 6 0 0.0000000
8 5 6 1 0.0000000
8 5 6 2 -0.0333230
8 5 6 3 0.0000000
8 5 6 4 -0.0000000
8 5 6 5 0.0347007
8 5 6 6 -0.0000000
8 5 7 0 -0.0000000
8 5 7 1 -0.0000000
8 5 7 2 0.0057122
8 5 7 3 -0.0000000
8 5 7 4 -0.0000000
8 5 7 5 -0.0269010
8 5 7 6 0.0000000
8 5 7 7 -0.0000000
8 5 8 0 0.0000000
8 5 8 1 0.0000000
8 5 8 2 0.0151577
8 5 8 3 -0.0000000
8 5 8 4 0.0000000
8 5 8 5 0.0519830
8 5 8 6 -0.0000000
8 5 8 7 -0.0000000
8 5 8 8 -0.0000000
8 6 0 0 -0.0074954
8 6 1 0 -0.0009454
8 6 1 1 -0.0020993
8 6 2 0 -0.0000000
8 6 2 1 0.0000000
8 6 2 2 0.0295258
8 6 3 0 -0.0008038
8 6 3 1 -0.0101942
8 6 3 2 -0.0000000
8 6 3 3 -0.0169357
8 6 4 0 -0.0098071
8 6 4 1 -0.0595379
8 6 4 2 -0.0000000
8 6 4 3 0.0167284
8 6 4 4 -0.0257559
8 6 5 0 0.0000000
8 6 5 1 0.0000000
8 6 5 2 -0.0355510
8 6 5 3 0.0000000
8 6 5 4 -0.0000000
8 6 5 5 0.0181811
8 6 6 0 -0.0128787
8 6 6 1 -0.0109175
8 6 6 2 -0.0000000
8 6 6 3 -0.0228848
8 6 6 4 0.0022005
8 6 6 5 0.0000000
8 6 6 6 0.0291185
8 6 7 0 -0.0051093
8 6 7 1 -0.0100426
8 6 7 2 -0.0000000
8 6 7 3 -0.0152063
8 6 7 4 0.0269505
8 6 7 5 0.0000000
8 6 7 6 -0.0253057
8 6 7 7 -0.0320872
8 6 8 0 0.0040668
8 6 8 1 0.0037439
8 6 8 2 0.0000000
8 6 8 3 -0.0049527
8 6 8 4 0.0035901
8 6 8 5 -0.0000000
8 6 8 6 0.0445930
8 6 8 7 0.0135775
8 6 8 8 -0.0339871
8 7 0 0 -0.0066831
8 7 1 0 0.0024931
8 7 1 1 0.0069513
8 7 2 0 -0.0000000
8 7 2 1 -0.0000000
8 7 2 2 -0.0102999
8 7 3 0 0.0074987
8 7 3 1 0.0656223
8 7 3 2 0.0000000
8 7 3 3 0.0423327
8 7 4 0 -0.0053188
8 7 4 1 -0.0324740
8 7 4 2 0.0000000
8 7 4 3 0.0244124
8 7 4 4 -0.0494755
8 7 5 0 -0.0000000
8 7 5 1 -0.0000000
8 7 5 2 0.0064191
8 7 5 3 -0.0000000
8 7 5 4 -0.0000000
8 7 5 5 -0.0125719
8 7 6 0 -0.0054121
8 7 6 1 -0.0098395
8 7 6 2 -0.0000000
8 7 6 3 -0.0201907
8 7 6 4 0.0300651
8 7 6 5 0.0000000
8 7 6 6 -0.0108137
8 7 7 0 -0.0099780
8 7 7 1 0.0070565
8 7 7 2 0.0000000
8 7 7 3 0.0120662
8 7 7 4 0.0364209
8 7 7 5 0.0000000
8 7 7 6 -0.0152711
8 7 7 7 -0.0418739
8 7 8 0 -0.0046788
8 7 8 1 0.0075666
8 7 8 2 0.0000000
8 7 8 3 0.0470984
8 7 8 4 -0.0007770
8 7 8 5 -0.0000000
8 7 8 6 0.0135775
8 7 8 7 0.0761227
8 7 8 8 0.0687222
8 8 0 0 0.6703284
8 8 1 0 -0.0097128
8 8 1 1 0.4708777
8 8 2 0 0.0000000
8 8 2 1 0.0000000
8 8 2 2 0.4065717
8 8 3 0 0.0117718
8 8 3 1 0.0951691
8 8 3 2 -0.0000000
8 8 3 3 0.5132359
8 8 4 0 0.0036305
8 8 4 1 0.0294352
8 8 4 2 -0.0000000
8 8 4 3 0.0044942
8 8 4 4 0.4244872
8 8 5 0 0.0000000
8 8 5 1 -0.0000000
8 8 5 2 0.0982855
8 8 5 3 0.0000000
8 8 5 4 -0.0000000
8 8 5 5 0.4352875
8 8 6 0 0.0129958
8 8 6 1 -0.0198080
8 8 6 2 0.0000000
8 8 6 3 0.0096699
8 8 6 4 0.0751222
8 8 6 5 -0.0000000
8 8 6 6 0.4218370
8 8 7 0 -0.0148968
8 8 7 1 0.0292457
8 8 7 2 0.0000000
8 8 7 3 -0.0068493
8 8 7 4 0.0300359
8 8 7 5 0.0000000
8 8 7 6 0.0232276
8 8 7 7 0.4429379
8 8 8 0 0.0005285
8 8 8 1 -0.0506540
8 8 8 2 -0.0000000
8 8 8 3 0.0288045
8 8 8 4 -0.0116534
8 8 8 5 -0.0000000
8 8 8 6 -0.0339871
8 8 8 7 0.0687222
8 8 8 8 0.5632720
9 0 0 0 -0.0000057
9 0 1 0 -0.0000084
9 0 1 1 -0.0000410
9 0 2 0 -0.0000000
9 0 2 1 -0.0000000
9 0 2 2 -0.0001254
9 0 3 0 -0.0000238
9 0 3 1 -0.0000478
9 0 3 2 0.0000000
9 0 3 3 -0.0000025
9 0 4 0 0.0002553
9 0 4 1 0.0005530
9 0 4 2 -0.0000000
9 0 4 3 -0.0000198
9 0 4 4 0.0001572
9 0 5 0 -0.0000000
9 0 5 1 -0.0000000
9 0 5 2 0.0001213
9 0 5 3 -0.0000000
9 0 5 4 0.0000000
9 0 5 5 0.0000191
9 0 6 0 0.0003512
9 0 6 1 0.0003938
9 0 6 2 0.0000000
9 0 6 3 0.0001829
9 0 6 4 -0.0001130
9 0 6 5 -0.0000000
9 0 6 6 -0.0002945
9 0 7 0 0.0001742
9 0 7 1 0.0001926
9 0 7 2 0.0000000
9 0 7 3 0.0000927
9 0 7 4 -0.0000583
9 0 7 5 -0.0000000
9 0 7 6 0.0000571
9 0 7 7 0.0001297
9 0 8 0 -0.0000537
9 0 8 1 -0.0000488
9 0 8 2 -0.0000000
9 0 8 3 0.0000011
9 0 8 4 -0.0002662
9 0 8 5 0.0000000
9 0 8 6 -0.0004239
9 0 8 7 -0.0002406
9 0 8 8 0.0001362
9 0 9 0 0.0000117
9 0 9 1 0.0000645
9 0 9 2 -0.0000000
9 0 9 3 0.0000113
9 0 9 4 0.0000050
9 0 9 5 0.0000000
9 0 9 6 0.0000053
9 0 9 7 -0.0000757
9 0 9 8 -0.0001504
9 0 9 9 0.0000036
9 1 0 0 -0.0007384
9 1 1 0 -0.0000493
9 1 1 1 -0.0013357
9 1 2 0 -0.0000000
9 1 2 1 -0.0000000
9 1 2 2 -0.0044989
9 1 3 0 -0.0001480
9 1 3 1 -0.0009458
9 1 3 2 0.0000000
9 1 3 3 -0.0002318
9 1 4 0 0.0015499
9 1 4 1 0.0127941
9 1 4 2 -0.0000000
9 1 4 3 -0.0004500
9 1 4 4 0.0042955
9 1 5 0 -0.0000000
9 1 5 1 -0.0000000
9 1 5 2 0.0041071
9 1 5 3 -0.0000000
9 1 5 4 0.0000000
9 1 5 5 -0.0016694
9 1 6 0 0.0019637
9 1 6 1 0.0060061
9 1 6 2 0.0000000
9 1 6 3 0.0057910
9 1 6 4 -0.0016383
9 1 6 5 -0.0000000
9 1 6 6 -0.0053063
9 1 7 0 0.0009800
9 1 7 1 0.0031253
9 1 7 2 0.0000000
9 1 7 3 0.0035708
9 1 7 4 -0.0055800
9 1 7 5 -0.0000000
9 1 7 6 0.0021826
9 1 7 7 0.0032399
9 1 8 0 -0.0003007
9 1 8 1 -0.0004874
9 1 8 2 -0.0000000
9 1 8 3 -0.0000987
9 1 8 4 -0.0032690
9 1 8 5 0.0000000
9 1 8 6 -0.0077432
9 1 8 7 -0.0042673
9 1 8 8 0.0025739
9 1 9 0 0.0000645
9 1 9 1 0.0079701
9 1 9 2 0.0000000
9 1 9 3 0.0121175
9 1 9 4 0.0014578
9 1 9 5 -0.0000000
9 1 9 6 -0.0016831
9 1 9 7 0.0060294
9 1 9 8 0.0130744
9 1 9 9 0.0011081
9 2 0 0 -0.0000000
9 2 1 0 0.0000000
9 2 1 1 -0.0000000
9 2 2 0 -0.0001052
9 2 2 1 -0.0017396
9 2 2 2 -0.0000000
9 2 3 0 -0.0000000
9 2 3 1 0.0000000
9 2 3 2 0.0003914
9 2 3 3 -0.0000000
9 2 4 0 0.0000000
9 2 4 1 0.0000000
9 2 4 2 0.0020615
9 2 4 3 0.0000000
9 2 4 4 -0.0000000
9 2 5 0 -0.0001133
9 2 5 1 0.0007016
9 2 5 2 -0.0000000
9 2 5 3 -0.0007406
9 2 5 4 -0.0001667
9 2 5 5 -0.0000000
9 2 6 0 0.0000000
9 2 6 1 0.0000000
9 2 6 2 -0.0005739
9 2 6 3 0.0000000
9 2 6 4 -0.0000000
9 2 6 5 0.0020831
9 2 6 6 -0.0000000
9 2 7 0 -0.0000000
9 2 7 1 0.0000000
9 2 7 2 0.0010529
9 2 7 3 -0.0000000
9 2 7 4 -0.0000000
9 2 7 5 -0.0003395
9 2 7 6 0.0000000
9 2 7 7 -0.0000000
9 2 8 0 0.0000000
9 2 8 1 0.0000000
9 2 8 2 -0.0002841
9 2 8 3 0.0000000
9 2 8 4 -0.0000000
9 2 8 5 0.0006214
9 2 8 6 -0.0000000
9 2 8 7 0.0000000
9 2 8 8 -0.0000000
9 2 9 0 -0.0000000
9 2 9 1 0.0000000
9 2 9 2 0.0005763
9 2 9 3 0.0000000
9 2 9 4 -0.0000000
9 2 9 5 0.0003266
9 2 9 6 -0.0000000
9 2 9 7 0.0000000
9 2 9 8 0.0000000
9 2 9 9 0.0000000
9 3 0 0 -0.0019786
9 3 1 0 -0.0000349
9 3 1 1 -0.0019591
9 3 2 0 -0.0000000
9 3 2 1 -0.0000000
9 3 2 2 -0.0040154
9 3 3 0 -0.0001400
9 3 3 1 -0.0007008
9 3 3 2 0.0000000
9 3 3 3 -0.0009449
9 3 4 0 0.0013272
9 3 4 1 0.0109804
9 3 4 2 -0.0000000
9 3 4 3 0.0016407
9 3 4 4 0.0023992
9 3 5 0 -0.0000000
9 3 5 1 -0.0000000
9 3 5 2 0.0028051
9 3 5 3 -0.0000000
9 3 5 4 0.0000000
9 3 5 5 -0.0015982
9 3 6 0 0.0016918
9 3 6 1 0.0068118
9 3 6 2 0.0000000
9 3 6 3 0.0063559
9 3 6 4 -0.0010454
9 3 6 5 -0.0000000
9 3 6 6 -0.0049406
9 3 7 0 0.0008643
9 3 7 1 0.0036337
9 3 7 2 0.0000000
9 3 7 3 0.0042783
9 3 7 4 -0.0049175
9 3 7 5 -0.0000000
9 3 7 6 0.0005691
9 3 7 7 0.0008272
9 3 8 0 -0.0002599
9 3 8 1 -0.0000626
9 3 8 2 -0.0000000
9 3 8 3 0.0005717
9 3 8 4 -0.0044901
9 3 8 5 0.0000000
9 3 8 6 -0.0071406
9 3 8 7 -0.0031669
9 3 8 8 0.0024079
9 3 9 0 0.0000113
9 3 9 1 0.0121175
9 3 9 2 0.0000000
9 3 9 3 0.0202555
9 3 9 4 0.0020963
9 3 9 5 -0.0000000
9 3 9 6 -0.0030054
9 3 9 7 0.0115342
9 3 9 8 0.0242468
9 3 9 9 0.0026130
9 4 0 0 0.0220458
9 4 1 0 -0.0001302
9 4 1 1 0.0133183
9 4 2 0 -0.0000000
9 4 2 1 -0.0000000
9 4 2 2 0.0125508
9 4 3 0 0.0001294
9 4 3 1 -0.0041191
9 4 3 2 -0.0000000
9 4 3 3 0.0060147
9 4 4 0 0.0002781
9 4 4 1 0.0025938
9 4 4 2 -0.0000000
9 4 4 3 -0.0015969
9 4 4 4 0.0173914
9 4 5 0 -0.0000000
9 4 5 1 0.0000000
9 4 5 2 0.0036794
9 4 5 3 0.0000000
9 4 5 4 0.0000000
9 4 5 5 0.0138749
9 4 6 0 0.0004232
9 4 6 1 -0.0002538
9 4 6 2 0.0000000
9 4 6 3 0.0029135
9 4 6 4 0.0034257
9 4 6 5 -0.0000000
9 4 6 6 0.0147527
9 4 7 0 -0.0000465
9 4 7 1 -0.0021464
9 4 7 2 0.0000000
9 4 7 3 -0.0069206
9 4 7 4 -0.0010439
9 4 7 5 -0.0000000
9 4 7 6 0.0027833
9 4 7 7 0.0116483
9 4 8 0 -0.0000224
9 4 8 1 -0.0092230
9 4 8 2 -0.0000000
9 4 8 3 -0.0131292
9 4 8 4 -0.0021356
9 4 8 5 0.0000000
9 4 8 6 -0.0003318
9 4 8 7 -0.0095535
9 4 8 8 -0.0020323
9 4 9 0 0.0000050
9 4 9 1 0.0014578
9 4 9 2 -0.0000000
9 4 9 3 0.0020963
9 4 9 4 0.0052076
9 4 9 5 -0.0000000
9 4 9 6 0.0025628
9 4 9 7 0.0027348
9 4 9 8 0.0025119
9 4 9 9 -0.0310853
9 5 0 0 -0.0000000
9 5 1 0 0.0000000
9 5 1 1 -0.0000000
9 5 2 0 0.0001892
9 5 2 1 0.0019304
9 5 2 2 -0.0000000
9 5 3 0 -0.0000000
9 5 3 1 -0.0000000
9 5 3 2 -0.0004687
9 5 3 3 -0.0000000
9 5 4 0 -0.0000000
9 5 4 1 0.0000000
9 5 4 2 0.0000384
9 5 4 3 -0.0000000
9 5 4 4 -0.0000000
9 5 5 0 0.0002889
9 5 5 1 0.0007638
9 5 5 2 -0.0000000
9 5 5 3 0.0006399
9 5 5 4 0.0017933
9 5 5 5 -0.0000000
9 5 6 0 -0.0000000
9 5 6 1 0.0000000
9 5 6 2 0.0016169
9 5 6 3 -0.0000000
9 5 6 4 -0.0000000
9 5 6 5 -0.0002806
9 5 6 6 -0.0000000
9 5 7 0 0.0000000
9 5 7 1 0.0000000
9 5 7 2 0.0000455
9 5 7 3 0.0000000
9 5 7 4 -0.0000000
9 5 7 5 0.0011062
9 5 7 6 -0.0000000
9 5 7 7 -0.0000000
9 5 8 0 0.0000000
9 5 8 1 0.0000000
9 5 8 2 -0.0003866
9 5 8 3 0.0000000
9 5 8 4 0.0000000
9 5 8 5 -0.0015304
9 5 8 6 -0.0000000
9 5 8 7 -0.0000000
9 5 8 8 -0.0000000
9 5 9 0 0.0000000
9 5 9 1 -0.0000000
9 5 9 2 0.0003266
9 5 9 3 -0.0000000
9 5 9 4 -0.0000000
9 5 9 5 0.0003890
9 5 9 6 -0.0000000
9 5 9 7 -0.0000000
9 5 9 8 -0.0000000
9 5 9 9 0.0000000
9 6 0 0 0.0213354
9 6 1 0 -0.0001255
9 6 1 1 0.0126143
9 6 2 0 0.0000000
9 6 2 1 0.0000000
9 6 2 2 0.0103325
9 6 3 0 0.0005301
9 6 3 1 0.0018925
9 6 3 2 -0.0000000
9 6 3 3 0.0098612
9 6 4 0 -0.0002242
9 6 4 1 -0.0015642
9 6 4 2 -0.0000000
9 6 4 3 0.0000499
9 6 4 4 0.0108646
9 6 5 0 0.0000000
9 6 5 1 -0.0000000
9 6 5 2 0.0040396
9 6 5 3 0.0000000
9 6 5 4 -0.0000000
9 6 5 5 0.0112894
9 6 6 0 -0.0000796
9 6 6 1 -0.0024735
9 6 6 2 0.0000000
9 6 6 3 0.0002290
9 6 6 4 0.0057504
9 6 6 5 -0.0000000
9 6 6 6 0.0129824
9 6 7 0 -0.0007340
9 6 7 1 -0.0009967
9 6 7 2 0.0000000
9 6 7 3 -0.0054745
9 6 7 4 0.0027394
9 6 7 5 0.0000000
9 6 7 6 0.0015267
9 6 7 7 0.0080602
9 6 8 0 -0.0001096
9 6 8 1 -0.0070509
9 6 8 2 -0.0000000
9 6 8 3 -0.0067548
9 6 8 4 -0.0009433
9 6 8 5 -0.0000000
9 6 8 6 0.0012153
9 6 8 7 -0.0015880
9 6 8 8 0.0051182
9 6 9 0 0.0000053
9 6 9 1 -0.0016831
9 6 9 2 -0.0000000
9 6 9 3 -0.0030054
9 6 9 4 0.0025628
9 6 9 5 -0.0000000
9 6 9 6 0.0025126
9 6 9 7 -0.0007796
9 6 9 8 -0.0039757
9 6 9 9 -0.0126534
9 7 0 0 0.0105028
9 7 1 0 -0.0000729
9 7 1 1 0.0060594
9 7 2 0 0.0000000
9 7 2 1 0.0000000
9 7 2 2 0.0050613
9 7 3 0 0.0002363
9 7 3 1 0.0007916
9 7 3 2 -0.0000000
9 7 3 3 0.0048118
9 7 4 0 0.0002038
9 7 4 1 0.0013793
9 7 4 2 -0.0000000
9 7 4 3 0.0004690
9 7 4 4 0.0054993
9 7 5 0 0.0000000
9 7 5 1 -0.0000000
9 7 5 2 0.0024281
9 7 5 3 0.0000000
9 7 5 4 0.0000000
9 7 5 5 0.0061061
9 7 6 0 0.0003513
9 7 6 1 0.0009896
9 7 6 2 0.0000000
9 7 6 3 0.0014253
9 7 6 4 0.0026404
9 7 6 5 -0.0000000
9 7 6 6 0.0055214
9 7 7 0 -0.0001734
9 7 7 1 0.0006453
9 7 7 2 0.0000000
9 7 7 3 -0.0019568
9 7 7 4 0.0006642
9 7 7 5 0.0000000
9 7 7 6 0.0003492
9 7 7 7 0.0037691
9 7 8 0 -0.0001152
9 7 8 1 -0.0037139
9 7 8 2 -0.0000000
9 7 8 3 -0.0032628
9 7 8 4 -0.0026608
9 7 8 5 -0.0000000
9 7 8 6 -0.0008207
9 7 8 7 -0.0013949
9 7 8 8 0.0030636
9 7 9 0 -0.0000757
9 7 9 1 0.0060294
9 7 9 2 0.0000000
9 7 9 3 0.0115342
9 7 9 4 0.0027348
9 7 9 5 -0.0000000
9 7 9 6 -0.0007796
9 7 9 7 0.0087752
9 7 9 8 0.0165839
9 7 9 9 -0.0061820
9 8 0 0 -0.0032612
9 8 1 0 0.0000102
9 8 1 1 -0.0023361
9 8 2 0 -0.0000000
9 8 2 1 -0.0000000
9 8 2 2 -0.0040348
9 8 3 0 -0.0001039
9 8 3 1 -0.0007648
9 8 3 2 0.0000000
9 8 3 3 -0.0014492
9 8 4 0 0.0002776
9 8 4 1 0.0061020
9 8 4 2 -0.0000000
9 8 4 3 -0.0008202
9 8 4 4 0.0010375
9 8 5 0 -0.0000000
9 8 5 1 -0.0000000
9 8 5 2 0.0018508
9 8 5 3 -0.0000000
9 8 5 4 0.0000000
9 8 5 5 -0.0031896
9 8 6 0 0.0002702
9 8 6 1 0.0021318
9 8 6 2 0.0000000
9 8 6 3 0.0034580
9 8 6 4 -0.0010335
9 8 6 5 -0.0000000
9 8 6 6 -0.0036445
9 8 7 0 0.0002401
9 8 7 1 0.0011352
9 8 7 2 0.0000000
9 8 7 3 0.0029749
9 8 7 4 -0.0052440
9 8 7 5 -0.0000000
9 8 7 6 0.0013844
9 8 7 7 0.0009358
9 8 8 0 -0.0000218
9 8 8 1 0.0008673
9 8 8 2 -0.0000000
9 8 8 3 0.0006594
9 8 8 4 -0.0015752
9 8 8 5 0.0000000
9 8 8 6 -0.0035624
9 8 8 7 -0.0018299
9 8 8 8 0.0002848
9 8 9 0 -0.0001504
9 8 9 1 0.0130744
9 8 9 2 0.0000000
9 8 9 3 0.0242468
9 8 9 4 0.0025119
9 8 9 5 -0.0000000
9 8 9 6 -0.0039757
9 8 9 7 0.0165839
9 8 9 8 0.0345033
9 8 9 9 0.0020153
9 9 0 0 0.3243038
9 9 1 0 0.0003943
9 9 1 1 0.3284776
9 9 2 0 0.0000000
9 9 2 1 0.0000000
9 9 2 2 0.2711844
9 9 3 0 0.0060244
9 9 3 1 0.1085797
9 9 3 2 0.0000000
9 9 3 3 0.4026108
9 9 4 0 0.0004451
9 9 4 1 0.0119505
9 9 4 2 -0.0000000
9 9 4 3 0.0142848
9 9 4 4 0.2770529
9 9 5 0 0.0000000
9 9 5 1 -0.0000000
9 9 5 2 0.0447154
9 9 5 3 -0.0000000
9 9 5 4 -0.0000000
9 9 5 5 0.2759562
9 9 6 0 0.0025491
9 9 6 1 -0.0131062
9 9 6 2 0.0000000
9 9 6 3 -0.0110987
9 9 6 4 0.0402268
9 9 6 5 -0.0000000
9 9 6 6 0.2732856
9 9 7 0 -0.0061351
9 9 7 1 0.0296033
9 9 7 2 0.0000000
9 9 7 3 0.0499533
9 9 7 4 0.0253378
9 9 7 5 -0.0000000
9 9 7 6 0.0050405
9 9 7 7 0.3055117
9 9 8 0 -0.0037058
9 9 8 1 0.0276871
9 9 8 2 -0.0000000
9 9 8 3 0.1142149
9 9 8 4 0.0056707
9 9 8 5 -0.0000000
9 9 8 6 -0.0251827
9 9 8 7 0.1128074
9 9 8 8 0.4834592
9 9 9 0 0.0000036
9 9 9 1 0.0011081
9 9 9 2 0.0000000
9 9 9 3 0.0026130
9 9 9 4 -0.0310853
9 9 9 5 0.0000000
9 9 9 6 -0.0126534
9 9 9 7 -0.0061820
9 9 9 8 0.0020153
9 9 9 9 0.6728327
10 0 0 0 -0.0000000
10 0 1 0 -0.0000000
10 0 1 1 -0.0000000
10 0 2 0 -0.0002583
10 0 2 1 -0.0005669
10 0 2 2 -0.0000000
10 0 3 0 0.0000000
10 0 3 1 0.0000000
10 0 3 2 -0.0000014
10 0 3 3 -0.0000000
10 0 4 0 -0.0000000
10 0 4 1 -0.0000000
10 0 4 2 0.0001036
10 0 4 3 -0.0000000
10 0 4 4 0.0000000
10 0 5 0 -0.0003944
10 0 5 1 -0.0004294
10 0 5 2 0.0000000
10 0 5 3 -0.0001825
10 0 5 4 -0.0001549
10 0 5 5 0.0000000
10 0 6 0 -0.0000000
10 0 6 1 -0.0000000
10 0 6 2 -0.0000710
10 0 6 3 -0.0000000
10 0 6 4 -0.0000000
10 0 6 5 0.0001326
10 0 6 6 0.0000000
10 0 7 0 -0.0000000
10 0 7 1 -0.0000000
10 0 7 2 -0.0000385
10 0 7 3 -0.0000000
10 0 7 4 -0.0000000
10 0 7 5 -0.0001608
10 0 7 6 0.0000000
10 0 7 7 -0.0000000
10 0 8 0 0.0000000
10 0 8 1 0.0000000
10 0 8 2 0.0002988
10 0 8 3 0.0000000
10 0 8 4 0.0000000
10 0 8 5 0.0005059
10 0 8 6 0.0000000
10 0 8 7 0.0000000
10 0 8 8 -0.0000000
10 0 9 0 -0.0000000
10 0 9 1 -0.0000000
10 0 9 2 0.0000035
10 0 9 3 -0.0000000
10 0 9 4 -0.0000000
10 0 9 5 -0.0000078
10 0 9 6 -0.0000000
10 0 9 7 -0.0000000
10 0 9 8 0.0000000
10 0 9 9 0.0000000
10 0 10 0 0.0000117
10 0 10 1 0.0000647
10 0 10 2 0.0000000
10 0 10 3 0.0000116
10 0 10 4 -0.0000011
10 0 10 5 0.0000000
10 0 10 6 0.0000198
10 0 10 7 -0.0000683
10 0 10 8 -0.0001527
10 0 10 9 0.0000021
10 0 10 10 0.0000000
10 1 0 0 -0.0000000
10 1 1 0 -0.0000000
10 1 1 1 -0.0000000
10 1 2 0 -0.0015756
10 1 2 1 -0.0132996
10 1 2 2 -0.0000000
10 1 3 0 0.0000000
10 1 3 1 0.0000000
10 1 3 2 -0.0001598
10 1 3 3 0.0000000
10 1 4 0 -0.0000000
10 1 4 1 -0.0000000
10 1 4 2 0.0037357
10 1 4 3 -0.0000000
10 1 4 4 0.0000000
10 1 5 0 -0.0022163
10 1 5 1 -0.0063652
10 1 5 2 0.0000000
10 1 5 3 -0.0060966
10 1 5 4 -0.0050193
10 1 5 5 0.0000000
10 1 6 0 -0.0000000
10 1 6 1 -0.0000000
10 1 6 2 -0.0051475
10 1 6 3 -0.0000000
10 1 6 4 -0.0000000
10 1 6 5 0.0043155
10 1 6 6 0.0000000
10 1 7 0 -0.0000000
10 1 7 1 -0.0000000
10 1 7 2 0.0021756
10 1 7 3 -0.0000000
10 1 7 4 -0.0000000
10 1 7 5 -0.0031464
10 1 7 6 0.0000000
10 1 7 7 -0.0000000
10 1 8 0 0.0000000
10 1 8 1 0.0000000
10 1 8 2 0.0044089
10 1 8 3 0.0000000
10 1 8 4 0.0000000
10 1 8 5 0.0088978
10 1 8 6 0.0000000
10 1 8 7 0.0000000
10 1 8 8 -0.0000000
10 1 9 0 -0.0000000
10 1 9 1 -0.0000000
10 1 9 2 0.0003036
10 1 9 3 -0.0000000
10 1 9 4 0.0000000
10 1 9 5 -0.0005301
10 1 9 6 -0.0000000
10 1 9 7 -0.0000000
10 1 9 8 0.0000000
10 1 9 9 0.0000000
10 1 10 0 0.0000647
10 1 10 1 0.0080083
10 1 10 2 0.0000000
10 1 10 3 0.0121684
10 1 10 4 0.0010362
10 1 10 5 -0.0000000
10 1 10 6 -0.0006433
10 1 10 7 0.0065663
10 1 10 8 0.0129387
10 1 10 9 0.0000553
10 1 10 10 0.0000000
10 2 0 0 -0.0222577
10 2 1 0 0.0001185
10 2 1 1 -0.0137720
10 2 2 0 -0.0000000
10 2 2 1 -0.0000000
10 2 2 2 -0.0171805
10 2 3 0 -0.0001672
10 2 3 1 0.0037892
10 2 3 2 0.0000000
10 2 3 3 -0.0059350
10 2 4 0 0.0000971
10 2 4 1 0.0019747
10 2 4 2 0.0000000
10 2 4 3 0.0002489
10 2 4 4 -0.0129270
10 2 5 0 -0.0000000
10 2 5 1 -0.0000000
10 2 5 2 -0.0031843
10 2 5 3 -0.0000000
10 2 5 4 0.0000000
10 2 5 5 -0.0172906
10 2 6 0 -0.0000091
10 2 6 1 -0.0001845
10 2 6 2 -0.0000000
10 2 6 3 -0.0009692
10 2 6 4 -0.0024262
10 2 6 5 -0.0000000
10 2 6 6 -0.0151420
10 2 7 0 0.0002560
10 2 7 1 0.0019982
10 2 7 2 -0.0000000
10 2 7 3 0.0082322
10 2 7 4 -0.0017787
10 2 7 5 -0.0000000
10 2 7 6 -0.0001250
10 2 7 7 -0.0088970
10 2 8 0 -0.0000400
10 2 8 1 0.0093631
10 2 8 2 0.0000000
10 2 8 3 0.0129199
10 2 8 4 0.0022140
10 2 8 5 -0.0000000
10 2 8 6 -0.0022361
10 2 8 7 0.0078706
10 2 8 8 0.0028060
10 2 9 0 0.0000042
10 2 9 1 0.0004134
10 2 9 2 0.0000000
10 2 9 3 0.0006416
10 2 9 4 -0.0037546
10 2 9 5 0.0000000
10 2 9 6 -0.0022786
10 2 9 7 -0.0010126
10 2 9 8 0.0006746
10 2 9 9 0.0256794
10 2 10 0 0.0000000
10 2 10 1 0.0000000
10 2 10 2 0.0049655
10 2 10 3 0.0000000
10 2 10 4 0.0000000
10 2 10 5 0.0032094
10 2 10 6 0.0000000
10 2 10 7 0.0000000
10 2 10 8 0.0000000
10 2 10 9 0.0000000
10 2 10 10 0.0312798
10 3 0 0 0.0000000
10 3 1 0 -0.0000000
10 3 1 1 0.0000000
10 3 2 0 -0.0013579
10 3 2 1 -0.0115100
10 3 2 2 0.0000000
10 3 3 0 0.0000000
10 3 3 1 0.0000000
10 3 3 2 -0.0019964
10 3 3 3 0.0000000
10 3 4 0 -0.0000000
10 3 4 1 -0.0000000
10 3 4 2 0.0025399
10 3 4 3 -0.0000000
10 3 4 4 0.0000000
10 3 5 0 -0.0019258
10 3 5 1 -0.0072496
10 3 5 2 -0.0000000
10 3 5 3 -0.0070224
10 3 5 4 -0.0039745
10 3 5 5 0.0000000
10 3 6 0 -0.0000000
10 3 6 1 -0.0000000
10 3 6 2 -0.0039699
10 3 6 3 -0.0000000
10 3 6 4 -0.0000000
10 3 6 5 0.0026348
10 3 6 6 0.0000000
10 3 7 0 -0.0000000
10 3 7 1 -0.0000000
10 3 7 2 0.0026045
10 3 7 3 -0.0000000
10 3 7 4 -0.0000000
10 3 7 5 -0.0017126
10 3 7 6 0.0000000
10 3 7 7 -0.0000000
10 3 8 0 0.0000000
10 3 8 1 0.0000000
10 3 8 2 0.0053937
10 3 8 3 0.0000000
10 3 8 4 0.0000000
10 3 8 5 0.0082476
10 3 8 6 0.0000000
10 3 8 7 0.0000000
10 3 8 8 -0.0000000
10 3 9 0 -0.0000000
10 3 9 1 -0.0000000
10 3 9 2 0.0003610
10 3 9 3 -0.0000000
10 3 9 4 0.0000000
10 3 9 5 -0.0006206
10 3 9 6 0.0000000
10 3 9 7 -0.0000000
10 3 9 8 0.0000000
10 3 9 9 -0.0000000
10 3 10 0 0.0000116
10 3 10 1 0.0121684
10 3 10 2 0.0000000
10 3 10 3 0.0203088
10 3 10 4 0.0018488
10 3 10 5 -0.0000000
10 3 10 6 -0.0016332
10 3 10 7 0.0122408
10 3 10 8 0.0240818
10 3 10 9 0.0002827
10 3 10 10 -0.0000000
10 4 0 0 -0.0000000
10 4 1 0 0.0000000
10 4 1 1 -0.0000000
10 4 2 0 -0.0000636
10 4 2 1 0.0003223
10 4 2 2 -0.0000000
10 4 3 0 -0.0000000
10 4 3 1 0.0000000
10 4 3 2 -0.0005700
10 4 3 3 -0.0000000
10 4 4 0 0.0000000
10 4 4 1 0.0000000
10 4 4 2 -0.0017314
10 4 4 3 0.0000000
10 4 4 4 -0.0000000
10 4 5 0 -0.0001253
10 4 5 1 -0.0015403
10 4 5 2 0.0000000
10 4 5 3 -0.0000501
10 4 5 4 -0.0004278
10 4 5 5 -0.0000000
10 4 6 0 -0.0000000
10 4 6 1 -0.0000000
10 4 6 2 0.0001584
10 4 6 3 -0.0000000
10 4 6 4 -0.0000000
10 4 6 5 -0.0017287
10 4 6 6 -0.0000000
10 4 7 0 -0.0000000
10 4 7 1 -0.0000000
10 4 7 2 -0.0007202
10 4 7 3 0.0000000
10 4 7 4 -0.0000000
10 4 7 5 0.0000939
10 4 7 6 -0.0000000
10 4 7 7 -0.0000000
10 4 8 0 0.0000000
10 4 8 1 0.0000000
10 4 8 2 0.0008902
10 4 8 3 0.0000000
10 4 8 4 0.0000000
10 4 8 5 0.0003760
10 4 8 6 0.0000000
10 4 8 7 0.0000000
10 4 8 8 0.0000000
10 4 9 0 0.0000000
10 4 9 1 0.0000000
10 4 9 2 -0.0005293
10 4 9 3 0.0000000
10 4 9 4 -0.0000000
10 4 9 5 -0.0004114
10 4 9 6 -0.0000000
10 4 9 7 -0.0000000
10 4 9 8 0.0000000
10 4 9 9 0.0000000
10 4 10 0 -0.0000011
10 4 10 1 0.0010362
10 4 10 2 0.0000000
10 4 10 3 0.0018488
10 4 10 4 0.0007363
10 4 10 5 -0.0000000
10 4 10 6 0.0001188
10 4 10 7 0.0013669
10 4 10 8 0.0022245
10 4 10 9 -0.0027772
10 4 10 10 0.0000000
10 5 0 0 -0.0239001
10 5 1 0 0.0001571
10 5 1 1 -0.0138578
10 5 2 0 0.0000000
10 5 2 1 0.0000000
10 5 2 2 -0.0119475
10 5 3 0 -0.0005535
10 5 3 1 -0.0018621
10 5 3 2 0.0000000
10 5 3 3 -0.0111680
10 5 4 0 -0.0002224
10 5 4 1 -0.0021679
10 5 4 2 0.0000000
10 5 4 3 0.0005390
10 5 4 4 -0.0119004
10 5 5 0 0.0000000
10 5 5 1 0.0000000
10 5 5 2 -0.0075807
10 5 5 3 -0.0000000
10 5 5 4 0.0000000
10 5 5 5 -0.0139643
10 5 6 0 -0.0005552
10 5 6 1 0.0005040
10 5 6 2 -0.0000000
10 5 6 3 -0.0018979
10 5 6 4 -0.0043270
10 5 6 5 0.0000000
10 5 6 6 -0.0112307
10 5 7 0 0.0005075
10 5 7 1 -0.0000469
10 5 7 2 -0.0000000
10 5 7 3 0.0051906
10 5 7 4 -0.0008723
10 5 7 5 -0.0000000
10 5 7 6 -0.0019650
10 5 7 7 -0.0101318
10 5 8 0 0.0002226
10 5 8 1 0.0081975
10 5 8 2 0.0000000
10 5 8 3 0.0076580
10 5 8 4 0.0017140
10 5 8 5 -0.0000000
10 5 8 6 0.0010773
10 5 8 7 0.0032246
10 5 8 8 -0.0066384
10 5 9 0 -0.0000074
10 5 9 1 -0.0004557
10 5 9 2 0.0000000
10 5 9 3 -0.0004300
10 5 9 4 -0.0025984
10 5 9 5 0.0000000
10 5 9 6 -0.0016659
10 5 9 7 -0.0011018
10 5 9 8 -0.0003351
10 5 9 9 0.0109431
10 5 10 0 0.0000000
10 5 10 1 -0.0000000
10 5 10 2 0.0032094
10 5 10 3 -0.0000000
10 5 10 4 -0.0000000
10 5 10 5 0.0026566
10 5 10 6 0.0000000
10 5 10 7 -0.0000000
10 5 10 8 -0.0000000
10 5 10 9 0.0000000
10 5 10 10 0.0140811
10 6 0 0 -0.0000000
10 6 1 0 0.0000000
10 6 1 1 -0.0000000
10 6 2 0 -0.0000751
10 6 2 1 -0.0016030
10 6 2 2 -0.0000000
10 6 3 0 -0.0000000
10 6 3 1 -0.0000000
10 6 3 2 0.0006223
10 6 3 3 -0.0000000
10 6 4 0 -0.0000000
10 6 4 1 -0.0000000
10 6 4 2 0.0002827
10 6 4 3 0.0000000
10 6 4 4 -0.0000000
10 6 5 0 -0.0001235
10 6 5 1 0.0000317
10 6 5 2 -0.0000000
10 6 5 3 -0.0004916
10 6 5 4 -0.0015346
10 6 5 5 0.0000000
10 6 6 0 -0.0000000
10 6 6 1 0.0000000
10 6 6 2 -0.0019077
10 6 6 3 -0.0000000
10 6 6 4 -0.0000000
10 6 6 5 0.0006997
10 6 6 6 -0.0000000
10 6 7 0 -0.0000000
10 6 7 1 -0.0000000
10 6 7 2 0.0000505
10 6 7 3 0.0000000
10 6 7 4 -0.0000000
10 6 7 5 -0.0010712
10 6 7 6 0.0000000
10 6 7 7 -0.0000000
10 6 8 0 0.0000000
10 6 8 1 0.0000000
10 6 8 2 -0.0002337
10 6 8 3 0.0000000
10 6 8 4 0.0000000
10 6 8 5 0.0011207
10 6 8 6 0.0000000
10 6 8 7 0.0000000
10 6 8 8 -0.0000000
10 6 9 0 -0.0000000
10 6 9 1 -0.0000000
10 6 9 2 -0.0003008
10 6 9 3 -0.0000000
10 6 9 4 -0.0000000
10 6 9 5 -0.0002835
10 6 9 6 -0.0000000
10 6 9 7 -0.0000000
10 6 9 8 -0.0000000
10 6 9 9 0.0000000
10 6 10 0 0.0000198
10 6 10 1 -0.0006433
10 6 10 2 0.0000000
10 6 10 3 -0.0016332
10 6 10 4 0.0001188
10 6 10 5 0.0000000
10 6 10 6 0.0005488
10 6 10 7 -0.0012266
10 6 10 8 -0.0026401
10 6 10 9 -0.0014889
10 6 10 10 0.0000000
10 7 0 0 -0.0000000
10 7 1 0 0.0000000
10 7 1 1 -0.0000000
10 7 2 0 -0.0003608
10 7 2 1 -0.0030379
10 7 2 2 -0.0000000
10 7 3 0 -0.0000000
10 7 3 1 -0.0000000
10 7 3 2 -0.0001194
10 7 3 3 -0.0000000
10 7 4 0 -0.0000000
10 7 4 1 -0.0000000
10 7 4 2 0.0000590
10 7 4 3 0.0000000
10 7 4 4 -0.0000000
10 7 5 0 -0.0005055
10 7 5 1 -0.0024408
10 7 5 2 -0.0000000
10 7 5 3 -0.0016799
10 7 5 4 -0.0014075
10 7 5 5 -0.0000000
10 7 6 0 -0.0000000
10 7 6 1 0.0000000
10 7 6 2 -0.0013197
10 7 6 3 -0.0000000
10 7 6 4 -0.0000000
10 7 6 5 0.0000858
10 7 6 6 -0.0000000
10 7 7 0 -0.0000000
10 7 7 1 -0.0000000
10 7 7 2 0.0004743
10 7 7 3 0.0000000
10 7 7 4 -0.0000000
10 7 7 5 -0.0007303
10 7 7 6 -0.0000000
10 7 7 7 -0.0000000
10 7 8 0 0.0000000
10 7 8 1 0.0000000
10 7 8 2 0.0021884
10 7 8 3 0.0000000
10 7 8 4 0.0000000
10 7 8 5 0.0023556
10 7 8 6 0.0000000
10 7 8 7 0.0000000
10 7 8 8 -0.0000000
10 7 9 0 -0.0000000
10 7 9 1 -0.0000000
10 7 9 2 -0.0000528
10 7 9 3 -0.0000000
10 7 9 4 -0.0000000
10 7 9 5 -0.0004302
10 7 9 6 -0.0000000
10 7 9 7 -0.0000000
10 7 9 8 -0.0000000
10 7 9 9 0.0000000
10 7 10 0 -0.0000683
10 7 10 1 0.0065663
10 7 10 2 0.0000000
10 7 10 3 0.0122408
10 7 10 4 0.0013669
10 7 10 5 -0.0000000
10 7 10 6 -0.0012266
10 7 10 7 0.0088278
10 7 10 8 0.0171814
10 7 10 9 -0.0005545
10 7 10 10 0.0000000
10 8 0 0 0.0000000
10 8 1 0 -0.0000000
10 8 1 1 0.0000000
10 8 2 0 -0.0002337
10 8 2 1 -0.0058286
10 8 2 2 0.0000000
10 8 3 0 0.0000000
10 8 3 1 0.0000000
10 8 3 2 0.0003124
10 8 3 3 0.0000000
10 8 4 0 0.0000000
10 8 4 1 0.0000000
10 8 4 2 0.0022975
10 8 4 3 -0.0000000
10 8 4 4 0.0000000
10 8 5 0 -0.0002697
10 8 5 1 -0.0018183
10 8 5 2 0.0000000
10 8 5 3 -0.0036322
10 8 5 4 -0.0026460
10 8 5 5 0.0000000
10 8 6 0 0.0000000
10 8 6 1 -0.0000000
10 8 6 2 -0.0035059
10 8 6 3 0.0000000
10 8 6 4 0.0000000
10 8 6 5 0.0027480
10 8 6 6 0.0000000
10 8 7 0 -0.0000000
10 8 7 1 -0.0000000
10 8 7 2 0.0027653
10 8 7 3 -0.0000000
10 8 7 4 -0.0000000
10 8 7 5 -0.0011800
10 8 7 6 0.0000000
10 8 7 7 0.0000000
10 8 8 0 0.0000000
10 8 8 1 -0.0000000
10 8 8 2 0.0023963
10 8 8 3 -0.0000000
10 8 8 4 0.0000000
10 8 8 5 0.0034723
10 8 8 6 -0.0000000
10 8 8 7 0.0000000
10 8 8 8 -0.0000000
10 8 9 0 0.0000000
10 8 9 1 0.0000000
10 8 9 2 0.0003735
10 8 9 3 0.0000000
10 8 9 4 0.0000000
10 8 9 5 -0.0005456
10 8 9 6 0.0000000
10 8 9 7 -0.0000000
10 8 9 8 0.0000000
10 8 9 9 -0.0000000
10 8 10 0 -0.0001527
10 8 10 1 0.0129387
10 8 10 2 0.0000000
10 8 10 3 0.0240818
10 8 10 4 0.0022245
10 8 10 5 -0.0000000
10 8 10 6 -0.0026401
10 8 10 7 0.0171814
10 8 10 8 0.0341373
10 8 10 9 0.0001261
10 8 10 10 -0.0000000
10 9 0 0 -0.0000000
10 9 1 0 -0.0000000
10 9 1 1 -0.0000000
10 9 2 0 0.0000043
10 9 2 1 0.0008188
10 9 2 2 0.0000000
10 9 3 0 -0.0000000
10 9 3 1 -0.0000000
10 9 3 2 0.0000245
10 9 3 3 -0.0000000
10 9 4 0 0.0000000
10 9 4 1 0.0000000
10 9 4 2 -0.0023221
10 9 4 3 0.0000000
10 9 4 4 -0.0000000
10 9 5 0 -0.0000185
10 9 5 1 -0.0011786
10 9 5 2 0.0000000
10 9 5 3 0.0001261
10 9 5 4 -0.0007965
10 9 5 5 0.0000000
10 9 6 0 -0.0000000
10 9 6 1 -0.0000000
10 9 6 2 -0.0002556
10 9 6 3 0.0000000
10 9 6 4 -0.0000000
10 9 6 5 -0.0019598
10 9 6 6 -0.0000000
10 9 7 0 -0.0000000
10 9 7 1 -0.0000000
10 9 7 2 -0.0010833
10 9 7 3 0.0000000
10 9 7 4 -0.0000000
10 9 7 5 -0.0001373
10 9 7 6 -0.0000000
10 9 7 7 -0.0000000
10 9 8 0 0.0000000
10 9 8 1 0.0000000
10 9 8 2 0.0006044
10 9 8 3 -0.0000000
10 9 8 4 0.0000000
10 9 8 5 -0.0001504
10 9 8 6 0.0000000
10 9 8 7 -0.0000000
10 9 8 8 0.0000000
10 9 9 0 0.0000000
10 9 9 1 0.0000000
10 9 9 2 0.0028002
10 9 9 3 -0.0000000
10 9 9 4 0.0000000
10 9 9 5 0.0015690
10 9 9 6 0.0000000
10 9 9 7 0.0000000
10 9 9 8 -0.0000000
10 9 9 9 0.0000000
10 9 10 0 0.0000021
10 9 10 1 0.0000553
10 9 10 2 0.0000000
10 9 10 3 0.0002827
10 9 10 4 -0.0027772
10 9 10 5 0.0000000
10 9 10 6 -0.0014889
10 9 10 7 -0.0005545
10 9 10 8 0.0001261
10 9 10 9 0.0362686
10 9 10 10 0.0000000
10 10 0 0 0.3243038
10 10 1 0 0.0003944
10 10 1 1 0.3285831
10 10 2 0 0.0000000
10 10 2 1 0.0000000
10 10 2 2 0.2758601
10 10 3 0 0.0060247
10 10 3 1 0.1086600
10 10 3 2 0.0000000
10 10 3 3 0.4025223
10 10 4 0 0.0004378
10 10 4 1 0.0106274
10 10 4 2 0.0000000
10 10 4 3 0.0150198
10 10 4 4 0.2724207
10 10 5 0 0.0000000
10 10 5 1 -0.0000000
10 10 5 2 0.0462729
10 10 5 3 -0.0000000
10 10 5 4 -0.0000000
10 10 5 5 0.2795020
10 10 6 0 0.0025828
10 10 6 1 -0.0109141
10 10 6 2 0.0000000
10 10 6 3 -0.0109798
10 10 6 4 0.0379752
10 10 6 5 -0.0000000
10 10 6 6 0.2718325
10 10 7 0 -0.0061180
10 10 7 1 0.0306533
10 10 7 2 0.0000000
10 10 7 3 0.0498542
10 10 7 4 0.0262200
10 10 7 5 0.0000000
10 10 7 6 0.0028622
10 10 7 7 0.3036371
10 10 8 0 -0.0037110
10 10 8 1 0.0273895
10 10 8 2 -0.0000000
10 10 8 3 0.1142848
10 10 8 4 0.0048775
10 10 8 5 -0.0000000
10 10 8 6 -0.0241733
10 10 8 7 0.1135544
10 10 8 8 0.4831806
10 10 9 0 0.0000058
10 10 9 1 0.0008384
10 10 9 2 0.0000000
10 10 9 3 0.0022198
10 10 9 4 -0.0255160
10 10 9 5 0.0000000
10 10 9 6 -0.0099815
10 10 9 7 -0.0045714
10 10 9 8 0.0014100
10 10 9 9 0.6002955
10 10 10 0 0.0000000
10 10 10 1 0.0000000
10 10 10 2 0.0312798
10 10 10 3 -0.0000000
10 10 10 4 0.0000000
10 10 10 5 0.0140811
10 10 10 6 0.0000000
10 10 10 7 0.0000000
10 10 10 8 -0.0000000
10 10 10 9 0.0000000
10 10 10 10 0.6728328
11 0 0 0 -0.0022401
11 0 1 0 0.0001419
11 0 1 1 -0.0004655
11 0 2 0 -0.0000000
11 0 2 1 0.0000000
11 0 2 2 -0.0004371
11 0 3 0 -0.0000246
11 0 3 1 0.0000527
11 0 3 2 0.0000000
11 0 3 3 -0.0003148
11 0 4 0 0.0000040
11 0 4 1 0.0000024
11 0 4 2 0.0000000
11 0 4 3 0.0000164
11 0 4 4 -0.0004331
11 0 5 0 -0.0000000
11 0 5 1 0.0000000
11 0 5 2 -0.0002342
11 0 5 3 -0.0000000
11 0 5 4 0.0000000
11 0 5 5 -0.0005418
11 0 6 0 -0.0000638
11 0 6 1 0.0000733
11 0 6 2 -0.0000000
11 0 6 3 -0.0000753
11 0 6 4 -0.0002112
11 0 6 5 0.0000000
11 0 6 6 -0.0005304
11 0 7 0 0.0000918
11 0 7 1 -0.0000229
11 0 7 2 -0.0000000
11 0 7 3 0.0003000
11 0 7 4 -0.0000806
11 0 7 5 -0.0000000
11 0 7 6 -0.0000358
11 0 7 7 -0.0004174
11 0 8 0 -0.0001096
11 0 8 1 0.0003384
11 0 8 2 0.0000000
11 0 8 3 0.0003418
11 0 8 4 0.0000733
11 0 8 5 -0.0000000
11 0 8 6 -0.0000159
11 0 8 7 0.0001513
11 0 8 8 -0.0001633
11 0 9 0 0.0000000
11 0 9 1 0.0000029
11 0 9 2 0.0000000
11 0 9 3 0.0000075
11 0 9 4 -0.0000838
11 0 9 5 0.0000000
11 0 9 6 -0.0000555
11 0 9 7 -0.0000269
11 0 9 8 0.0000086
11 0 9 9 0.0004791
11 0 10 0 0.0000000
11 0 10 1 0.0000000
11 0 10 2 0.0000845
11 0 10 3 -0.0000000
11 0 10 4 0.0000000
11 0 10 5 0.0000619
11 0 10 6 0.0000000
11 0 10 7 0.0000000
11 0 10 8 -0.0000000
11 0 10 9 0.0000000
11 0 10 10 0.0004791
11 0 11 0 0.0000059
11 0 11 1 -0.0000146
11 0 11 2 -0.0000000
11 0 11 3 -0.0000798
11 0 11 4 -0.0000081
11 0 11 5 0.0000000
11 0 11 6 0.0000210
11 0 11 7 -0.0001016
11 0 11 8 -0.0001927
11 0 11 9 0.0000004
11 0 11 10 0.0000000
11 0 11 11 0.0033138
11 1 0 0 -0.0035028
11 1 1 0 -0.0000018
11 1 1 1 -0.0022269
11 1 2 0 -0.0000000
11 1 2 1 0.0000000
11 1 2 2 -0.0023691
11 1 3 0 -0.0000718
11 1 3 1 0.0004150
11 1 3 2 0.0000000
11 1 3 3 -0.0008223
11 1 4 0 -0.0000017
11 1 4 1 0.0000657
11 1 4 2 0.0000000
11 1 4 3 0.0001568
11 1 4 4 -0.0023284
11 1 5 0 -0.0000000
11 1 5 1 -0.0000000
11 1 5 2 -0.0006659
11 1 5 3 -0.0000000
11 1 5 4 0.0000000
11 1 5 5 -0.0024966
11 1 6 0 -0.0000256
11 1 6 1 0.0000503
11 1 6 2 -0.0000000
11 1 6 3 -0.0002597
11 1 6 4 -0.0006234
11 1 6 5 0.0000000
11 1 6 6 -0.0023913
11 1 7 0 0.0000724
11 1 7 1 0.0005332
11 1 7 2 -0.0000000
11 1 7 3 0.0014667
11 1 7 4 -0.0001626
11 1 7 5 -0.0000000
11 1 7 6 -0.0003150
11 1 7 7 -0.0013634
11 1 8 0 0.0000378
11 1 8 1 0.0017974
11 1 8 2 0.0000000
11 1 8 3 0.0025594
11 1 8 4 0.0003722
11 1 8 5 -0.0000000
11 1 8 6 -0.0002554
11 1 8 7 0.0015097
11 1 8 8 0.0008185
11 1 9 0 0.0000002
11 1 9 1 0.0000307
11 1 9 2 0.0000000
11 1 9 3 0.0000660
11 1 9 4 -0.0005138
11 1 9 5 0.0000000
11 1 9 6 -0.0003259
11 1 9 7 -0.0001439
11 1 9 8 0.0000752
11 1 9 9 0.0021435
11 1 10 0 0.0000000
11 1 10 1 0.0000000
11 1 10 2 0.0005210
11 1 10 3 -0.0000000
11 1 10 4 0.0000000
11 1 10 5 0.0003592
11 1 10 6 0.0000000
11 1 10 7 0.0000000
11 1 10 8 -0.0000000
11 1 10 9 0.0000000
11 1 10 10 0.0021410
11 1 11 0 -0.0000146
11 1 11 1 0.0009738
11 1 11 2 0.0000000
11 1 11 3 0.0021052
11 1 11 4 0.0002175
11 1 11 5 -0.0000000
11 1 11 6 -0.0003650
11 1 11 7 0.0018763
11 1 11 8 0.0037248
11 1 11 9 0.0000608
11 1 11 10 0.0000000
11 1 11 11 -0.0101375
11 2 0 0 -0.0000000
11 2 1 0 -0.0000000
11 2 1 1 -0.0000000
11 2 2 0 -0.0001072
11 2 2 1 -0.0007253
11 2 2 2 -0.0000000
11 2 3 0 0.0000000
11 2 3 1 0.0000000
11 2 3 2 0.0000354
11 2 3 3 0.0000000
11 2 4 0 0.0000000
11 2 4 1 0.0000000
11 2 4 2 0.0002293
11 2 4 3 -0.0000000
11 2 4 4 -0.0000000
11 2 5 0 -0.0001525
11 2 5 1 -0.0003430
11 2 5 2 -0.0000000
11 2 5 3 -0.0002782
11 2 5 4 -0.0002537
11 2 5 5 0.0000000
11 2 6 0 -0.0000000
11 2 6 1 -0.0000000
11 2 6 2 -0.0002585
11 2 6 3 -0.0000000
11 2 6 4 -0.0000000
11 2 6 5 0.0002404
11 2 6 6 -0.0000000
11 2 7 0 -0.0000000
11 2 7 1 -0.0000000
11 2 7 2 0.0001287
11 2 7 3 -0.0000000
11 2 7 4 -0.0000000
11 2 7 5 -0.0001658
11 2 7 6 0.0000000
11 2 7 7 -0.0000000
11 2 8 0 0.0000000
11 2 8 1 0.0000000
11 2 8 2 0.0003006
11 2 8 3 0.0000000
11 2 8 4 0.0000000
11 2 8 5 0.0005341
11 2 8 6 -0.0000000
11 2 8 7 0.0000000
11 2 8 8 -0.0000000
11 2 9 0 0.0000000
11 2 9 1 0.0000000
11 2 9 2 0.0000144
11 2 9 3 0.0000000
11 2 9 4 0.0000000
11 2 9 5 -0.0000196
11 2 9 6 -0.0000000
11 2 9 7 0.0000000
11 2 9 8 0.0000000
11 2 9 9 -0.0000000
11 2 10 0 0.0000041
11 2 10 1 0.0003929
11 2 10 2 0.0000000
11 2 10 3 0.0006289
11 2 10 4 0.0000548
11 2 10 5 -0.0000000
11 2 10 6 -0.0000569
11 2 10 7 0.0003992
11 2 10 8 0.0007688
11 2 10 9 -0.0000329
11 2 10 10 -0.0000000
11 2 11 0 -0.0000000
11 2 11 1 0.0000000
11 2 11 2 0.0002444
11 2 11 3 0.0000000
11 2 11 4 0.0000000
11 2 11 5 0.0001626
11 2 11 6 -0.0000000
11 2 11 7 0.0000000
11 2 11 8 0.0000000
11 2 11 9 0.0000000
11 2 11 10 0.0017992
11 2 11 11 -0.0000000
11 3 0 0 -0.0029615
11 3 1 0 0.0000064
11 3 1 1 -0.0018211
11 3 2 0 0.0000000
11 3 2 1 0.0000000
11 3 2 2 -0.0019979
11 3 3 0 -0.0000932
11 3 3 1 0.0003886
11 3 3 2 0.0000000
11 3 3 3 -0.0003592
11 3 4 0 0.0000031
11 3 4 1 0.0001031
11 3 4 2 -0.0000000
11 3 4 3 0.0001584
11 3 4 4 -0.0019310
11 3 5 0 -0.0000000
11 3 5 1 -0.0000000
11 3 5 2 -0.0005800
11 3 5 3 -0.0000000
11 3 5 4 0.0000000
11 3 5 5 -0.0020975
11 3 6 0 -0.0000319
11 3 6 1 0.0000165
11 3 6 2 -0.0000000
11 3 6 3 -0.0002270
11 3 6 4 -0.0005623
11 3 6 5 0.0000000
11 3 6 6 -0.0019995
11 3 7 0 0.0001049
11 3 7 1 0.0006282
11 3 7 2 -0.0000000
11 3 7 3 0.0014496
11 3 7 4 -0.0001437
11 3 7 5 -0.0000000
11 3 7 6 -0.0003133
11 3 7 7 -0.0009643
11 3 8 0 0.0000416
11 3 8 1 0.0017579
11 3 8 2 0.0000000
11 3 8 3 0.0026340
11 3 8 4 0.0003525
11 3 8 5 -0.0000000
11 3 8 6 -0.0002718
11 3 8 7 0.0014351
11 3 8 8 0.0010841
11 3 9 0 0.0000004
11 3 9 1 0.0000401
11 3 9 2 0.0000000
11 3 9 3 0.0000700
11 3 9 4 -0.0001699
11 3 9 5 0.0000000
11 3 9 6 -0.0001253
11 3 9 7 -0.0000241
11 3 9 8 0.0000848
11 3 9 9 -0.0007266
11 3 10 0 -0.0000000
11 3 10 1 -0.0000000
11 3 10 2 0.0001797
11 3 10 3 -0.0000000
11 3 10 4 0.0000000
11 3 10 5 0.0001292
11 3 10 6 0.0000000
11 3 10 7 0.0000000
11 3 10 8 -0.0000000
11 3 10 9 0.0000000
11 3 10 10 -0.0007312
11 3 11 0 -0.0000798
11 3 11 1 0.0021052
11 3 11 2 0.0000000
11 3 11 3 0.0051058
11 3 11 4 0.0005208
11 3 11 5 -0.0000000
11 3 11 6 -0.0009723
11 3 11 7 0.0048972
11 3 11 8 0.0096066
11 3 11 9 0.0001550
11 3 11 10 -0.0000000
11 3 11 11 -0.0581042
11 4 0 0 -0.0003569
11 4 1 0 0.0000040
11 4 1 1 -0.0001721
11 4 2 0 0.0000000
11 4 2 1 0.0000000
11 4 2 2 0.0000036
11 4 3 0 0.0000004
11 4 3 1 0.0001117
11 4 3 2 -0.0000000
11 4 3 3 -0.0000506
11 4 4 0 -0.0001056
11 4 4 1 -0.0006908
11 4 4 2 0.0000000
11 4 4 3 0.0000966
11 4 4 4 -0.0005218
11 4 5 0 0.0000000
11 4 5 1 0.0000000
11 4 5 2 -0.0002844
11 4 5 3 0.0000000
11 4 5 4 -0.0000000
11 4 5 5 -0.0001869
11 4 6 0 -0.0001389
11 4 6 1 -0.0003172
11 4 6 2 -0.0000000
11 4 6 3 -0.0002995
11 4 6 4 0.0000137
11 4 6 5 0.0000000
11 4 6 6 0.0000255
11 4 7 0 -0.0000569
11 4 7 1 -0.0000907
11 4 7 2 -0.0000000
11 4 7 3 0.0000161
11 4 7 4 0.0002903
11 4 7 5 0.0000000
11 4 7 6 -0.0001561
11 4 7 7 -0.0003173
11 4 8 0 0.0000251
11 4 8 1 0.0002492
11 4 8 2 0.0000000
11 4 8 3 0.0003287
11 4 8 4 0.0002858
11 4 8 5 -0.0000000
11 4 8 6 0.0004338
11 4 8 7 0.0004480
11 4 8 8 -0.0000182
11 4 9 0 -0.0000041
11 4 9 1 -0.0003877
11 4 9 2 -0.0000000
11 4 9 3 -0.0006193
11 4 9 4 -0.0001112
11 4 9 5 0.0000000
11 4 9 6 0.0000726
11 4 9 7 -0.0003872
11 4 9 8 -0.0007655
11 4 9 9 -0.0000521
11 4 10 0 0.0000000
11 4 10 1 0.0000000
11 4 10 2 0.0000139
11 4 10 3 0.0000000
11 4 10 4 0.0000000
11 4 10 5 0.0000393
11 4 10 6 0.0000000
11 4 10 7 0.0000000
11 4 10 8 0.0000000
11 4 10 9 -0.0000000
11 4 10 10 0.0000142
11 4 11 0 -0.0000081
11 4 11 1 0.0002175
11 4 11 2 0.0000000
11 4 11 3 0.0005208
11 4 11 4 0.0002983
11 4 11 5 -0.0000000
11 4 11 6 0.0000437
11 4 11 7 0.0005878
11 4 11 8 0.0009927
11 4 11 9 -0.0017859
11 4 11 10 0.0000000
11 4 11 11 -0.0058522
11 5 0 0 -0.0000000
11 5 1 0 0.0000000
11 5 1 1 -0.0000000
11 5 2 0 -0.0001121
11 5 2 1 -0.0005372
11 5 2 2 -0.0000000
11 5 3 0 -0.0000000
11 5 3 1 -0.0000000
11 5 3 2 -0.0000528
11 5 3 3 -0.0000000
11 5 4 0 0.0000000
11 5 4 1 0.0000000
11 5 4 2 0.0000410
11 5 4 3 -0.0000000
11 5 4 4 -0.0000000
11 5 5 0 -0.0001641
11 5 5 1 -0.0004424
11 5 5 2 0.0000000
11 5 5 3 -0.0002365
11 5 5 4 -0.0001803
11 5 5 5 0.0000000
11 5 6 0 0.0000000
11 5 6 1 0.0000000
11 5 6 2 -0.0001197
11 5 6 3 0.0000000
11 5 6 4 -0.0000000
11 5 6 5 0.0000408
11 5 6 6 -0.0000000
11 5 7 0 -0.0000000
11 5 7 1 -0.0000000
11 5 7 2 0.0000190
11 5 7 3 -0.0000000
11 5 7 4 -0.0000000
11 5 7 5 -0.0000972
11 5 7 6 0.0000000
11 5 7 7 -0.0000000
11 5 8 0 0.0000000
11 5 8 1 0.0000000
11 5 8 2 0.0003350
11 5 8 3 -0.0000000
11 5 8 4 -0.0000000
11 5 8 5 0.0004658
11 5 8 6 -0.0000000
11 5 8 7 0.0000000
11 5 8 8 -0.0000000
11 5 9 0 0.0000000
11 5 9 1 0.0000000
11 5 9 2 0.0000007
11 5 9 3 0.0000000
11 5 9 4 -0.0000000
11 5 9 5 -0.0000198
11 5 9 6 -0.0000000
11 5 9 7 0.0000000
11 5 9 8 0.0000000
11 5 9 9 0.0000000
11 5 10 0 0.0000051
11 5 10 1 0.0003128
11 5 10 2 0.0000000
11 5 10 3 0.0004933
11 5 10 4 0.0000536
11 5 10 5 0.0000000
11 5 10 6 -0.0000394
11 5 10 7 0.0002936
11 5 10 8 0.0005400
11 5 10 9 0.0000657
11 5 10 10 0.0000000
11 5 11 0 0.0000000
11 5 11 1 -0.0000000
11 5 11 2 0.0001626
11 5 11 3 -0.0000000
11 5 11 4 -0.0000000
11 5 11 5 0.0001109
11 5 11 6 0.0000000
11 5 11 7 -0.0000000
11 5 11 8 -0.0000000
11 5 11 9 0.0000000
11 5 11 10 0.0011816
11 5 11 11 0.0000000
11 6 0 0 -0.0000964
11 6 1 0 0.0000079
11 6 1 1 -0.0000564
11 6 2 0 -0.0000000
11 6 2 1 -0.0000000
11 6 2 2 0.0000250
11 6 3 0 -0.0000064
11 6 3 1 -0.0000550
11 6 3 2 -0.0000000
11 6 3 3 -0.0001769
11 6 4 0 -0.0000999
11 6 4 1 -0.0004824
11 6 4 2 0.0000000
11 6 4 3 -0.0000520
11 6 4 4 -0.0001318
11 6 5 0 0.0000000
11 6 5 1 0.0000000
11 6 5 2 -0.0001132
11 6 5 3 0.0000000
11 6 5 4 -0.0000000
11 6 5 5 -0.0001032
11 6 6 0 -0.0001391
11 6 6 1 -0.0003667
11 6 6 2 -0.0000000
11 6 6 3 -0.0001958
11 6 6 4 0.0001030
11 6 6 5 0.0000000
11 6 6 6 0.0001733
11 6 7 0 -0.0000470
11 6 7 1 -0.0001756
11 6 7 2 -0.0000000
11 6 7 3 -0.0001514
11 6 7 4 0.0001224
11 6 7 5 0.0000000
11 6 7 6 0.0000089
11 6 7 7 -0.0000932
11 6 8 0 0.0000228
11 6 8 1 0.0000274
11 6 8 2 0.0000000
11 6 8 3 -0.0000356
11 6 8 4 0.0002587
11 6 8 5 -0.0000000
11 6 8 6 0.0003501
11 6 8 7 0.0001535
11 6 8 8 -0.0002119
11 6 9 0 -0.0000045
11 6 9 1 -0.0002762
11 6 9 2 -0.0000000
11 6 9 3 -0.0004323
11 6 9 4 -0.0001600
11 6 9 5 0.0000000
11 6 9 6 -0.0000033
11 6 9 7 -0.0002814
11 6 9 8 -0.0004785
11 6 9 9 0.0009206
11 6 10 0 0.0000000
11 6 10 1 0.0000000
11 6 10 2 0.0001106
11 6 10 3 0.0000000
11 6 10 4 0.0000000
11 6 10 5 0.0000956
11 6 10 6 0.0000000
11 6 10 7 0.0000000
11 6 10 8 0.0000000
11 6 10 9 0.0000000
11 6 10 10 0.0008049
11 6 11 0 0.0000210
11 6 11 1 -0.0003650
11 6 11 2 -0.0000000
11 6 11 3 -0.0009723
11 6 11 4 0.0000437
11 6 11 5 0.0000000
11 6 11 6 0.0002823
11 6 11 7 -0.0009292
11 6 11 8 -0.0019035
11 6 11 9 -0.0010609
11 6 11 10 0.0000000
11 6 11 11 0.0153828
11 7 0 0 0.0011276
11 7 1 0 -0.0000090
11 7 1 1 0.0008433
11 7 2 0 -0.0000000
11 7 2 1 -0.0000000
11 7 2 2 0.0003747
11 7 3 0 0.0000878
11 7 3 1 0.0008028
11 7 3 2 0.0000000
11 7 3 3 0.0015916
11 7 4 0 -0.0000431
11 7 4 1 -0.0001465
11 7 4 2 0.0000000
11 7 4 3 0.0001121
11 7 4 4 0.0003147
11 7 5 0 -0.0000000
11 7 5 1 -0.0000000
11 7 5 2 0.0001466
11 7 5 3 -0.0000000
11 7 5 4 -0.0000000
11 7 5 5 0.0004608
11 7 6 0 -0.0000249
11 7 6 1 -0.0002603
11 7 6 2 -0.0000000
11 7 6 3 -0.0001636
11 7 6 4 0.0002204
11 7 6 5 0.0000000
11 7 6 6 0.0005673
11 7 7 0 -0.0001180
11 7 7 1 0.0000975
11 7 7 2 0.0000000
11 7 7 3 0.0002198
11 7 7 4 0.0001810
11 7 7 5 -0.0000000
11 7 7 6 0.0000323
11 7 7 7 0.0005951
11 7 8 0 -0.0000222
11 7 8 1 0.0001176
11 7 8 2 0.0000000
11 7 8 3 0.0005767
11 7 8 4 0.0001586
11 7 8 5 0.0000000
11 7 8 6 0.0000419
11 7 8 7 0.0006544
11 7 8 8 0.0014434
11 7 9 0 -0.0000023
11 7 9 1 -0.0001524
11 7 9 2 -0.0000000
11 7 9 3 -0.0002564
11 7 9 4 0.0004409
11 7 9 5 -0.0000000
11 7 9 6 0.0003551
11 7 9 7 0.0000369
11 7 9 8 -0.0002869
11 7 9 9 -0.0033528
11 7 10 0 0.0000000
11 7 10 1 0.0000000
11 7 10 2 -0.0004689
11 7 10 3 0.0000000
11 7 10 4 0.0000000
11 7 10 5 -0.0003513
11 7 10 6 -0.0000000
11 7 10 7 -0.0000000
11 7 10 8 0.0000000
11 7 10 9 0.0000000
11 7 10 10 -0.0034119
11 7 11 0 -0.0001016
11 7 11 1 0.0018763
11 7 11 2 0.0000000
11 7 11 3 0.0048972
11 7 11 4 0.0005878
11 7 11 5 -0.0000000
11 7 11 6 -0.0009292
11 7 11 7 0.0049412
11 7 11 8 0.0095773
11 7 11 9 -0.0005144
11 7 11 10 0.0000000
11 7 11 11 -0.0725076
11 8 0 0 0.0031800
11 8 1 0 -0.0000064
11 8 1 1 0.0021995
11 8 2 0 0.0000000
11 8 2 1 0.0000000
11 8 2 2 0.0009951
11 8 3 0 0.0001739
11 8 3 1 0.0019053
11 8 3 2 0.0000000
11 8 3 3 0.0039972
11 8 4 0 0.0000275
11 8 4 1 0.0002801
11 8 4 2 -0.0000000
11 8 4 3 0.0003199
11 8 4 4 0.0010445
11 8 5 0 0.0000000
11 8 5 1 -0.0000000
11 8 5 2 0.0008306
11 8 5 3 -0.0000000
11 8 5 4 -0.0000000
11 8 5 5 0.0014214
11 8 6 0 0.0000948
11 8 6 1 -0.0002514
11 8 6 2 0.0000000
11 8 6 3 -0.0000822
11 8 6 4 0.0006842
11 8 6 5 -0.0000000
11 8 6 6 0.0012953
11 8 7 0 -0.0001622
11 8 7 1 0.0006357
11 8 7 2 0.0000000
11 8 7 3 0.0005862
11 8 7 4 0.0004188
11 8 7 5 0.0000000
11 8 7 6 0.0000780
11 8 7 7 0.0017427
11 8 8 0 -0.0000903
11 8 8 1 0.0001158
11 8 8 2 -0.0000000
11 8 8 3 0.0015054
11 8 8 4 -0.0000072
11 8 8 5 -0.0000000
11 8 8 6 -0.0004142
11 8 8 7 0.0015610
11 8 8 8 0.0042197
11 8 9 0 0.0000005
11 8 9 1 0.0000153
11 8 9 2 -0.0000000
11 8 9 3 -0.0000039
11 8 9 4 0.0008169
11 8 9 5 -0.0000000
11 8 9 6 0.0005952
11 8 9 7 0.0003335
11 8 9 8 -0.0000179
11 8 9 9 -0.0054302
11 8 10 0 -0.0000000
11 8 10 1 -0.0000000
11 8 10 2 -0.0008160
11 8 10 3 -0.0000000
11 8 10 4 -0.0000000
11 8 10 5 -0.0006789
11 8 10 6 -0.0000000
11 8 10 7 -0.0000000
11 8 10 8 0.0000000
11 8 10 9 -0.0000000
11 8 10 10 -0.0054123
11 8 11 0 -0.0001927
11 8 11 1 0.0037248
11 8 11 2 0.0000000
11 8 11 3 0.0096066
11 8 11 4 0.0009927
11 8 11 5 -0.0000000
11 8 11 6 -0.0019035
11 8 11 7 0.0095773
11 8 11 8 0.0186985
11 8 11 9 0.0001611
11 8 11 10 -0.0000000
11 8 11 11 -0.1349275
11 9 0 0 0.0000001
11 9 1 0 0.0000044
11 9 1 1 0.0001140
11 9 2 0 0.0000000
11 9 2 1 0.0000000
11 9 2 2 0.0005445
11 9 3 0 0.0000116
11 9 3 1 0.0001430
11 9 3 2 -0.0000000
11 9 3 3 0.0000333
11 9 4 0 -0.0001246
11 9 4 1 -0.0016363
11 9 4 2 0.0000000
11 9 4 3 -0.0001058
11 9 4 4 -0.0006781
11 9 5 0 0.0000000
11 9 5 1 0.0000000
11 9 5 2 -0.0006137
11 9 5 3 0.0000000
11 9 5 4 -0.0000000
11 9 5 5 0.0002810
11 9 6 0 -0.0001547
11 9 6 1 -0.0004945
11 9 6 2 -0.0000000
11 9 6 3 -0.0007491
11 9 6 4 0.0002136
11 9 6 5 0.0000000
11 9 6 6 0.0005886
11 9 7 0 -0.0000765
11 9 7 1 -0.0002492
11 9 7 2 -0.0000000
11 9 7 3 -0.0004118
11 9 7 4 0.0006207
11 9 7 5 0.0000000
11 9 7 6 -0.0005235
11 9 7 7 -0.0006897
11 9 8 0 0.0000236
11 9 8 1 0.0000875
11 9 8 2 0.0000000
11 9 8 3 0.0001381
11 9 8 4 -0.0003713
11 9 8 5 -0.0000000
11 9 8 6 0.0005808
11 9 8 7 0.0004239
11 9 8 8 -0.0001930
11 9 9 0 -0.0000051
11 9 9 1 0.0003580
11 9 9 2 0.0000000
11 9 9 3 0.0013164
11 9 9 4 0.0000797
11 9 9 5 -0.0000000
11 9 9 6 -0.0002414
11 9 9 7 0.0015613
11 9 9 8 0.0026769
11 9 9 9 0.0000005
11 9 10 0 0.0000000
11 9 10 1 0.0000000
11 9 10 2 -0.0000554
11 9 10 3 0.0000000
11 9 10 4 -0.0000000
11 9 10 5 0.0001107
11 9 10 6 0.0000000
11 9 10 7 0.0000000
11 9 10 8 -0.0000000
11 9 10 9 0.0000000
11 9 10 10 0.0000006
11 9 11 0 0.0000004
11 9 11 1 0.0000608
11 9 11 2 0.0000000
11 9 11 3 0.0001550
11 9 11 4 -0.0017859
11 9 11 5 0.0000000
11 9 11 6 -0.0010609
11 9 11 7 -0.0005144
11 9 11 8 0.0001611
11 9 11 9 0.0145241
11 9 11 10 0.0000000
11 9 11 11 0.0000074
11 10 0 0 0.0000000
11 10 1 0 0.0000000
11 10 1 1 0.0000000
11 10 2 0 0.0001260
11 10 2 1 0.0016880
11 10 2 2 0.0000000
11 10 3 0 -0.0000000
11 10 3 1 -0.0000000
11 10 3 2 0.0001984
11 10 3 3 -0.0000000
11 10 4 0 0.0000000
11 10 4 1 0.0000000
11 10 4 2 -0.0004787
11 10 4 3 0.0000000
11 10 4 4 -0.0000000
11 10 5 0 0.0001735
11 10 5 1 0.0005091
11 10 5 2 -0.0000000
11 10 5 3 0.0007674
11 10 5 4 0.0007074
11 10 5 5 -0.0000000
11 10 6 0 0.0000000
11 10 6 1 0.0000000
11 10 6 2 0.0007757
11 10 6 3 0.0000000
11 10 6 4 0.0000000
11 10 6 5 -0.0006972
11 10 6 6 -0.0000000
11 10 7 0 0.0000000
11 10 7 1 0.0000000
11 10 7 2 -0.0001054
11 10 7 3 0.0000000
11 10 7 4 0.0000000
11 10 7 5 0.0005697
11 10 7 6 -0.0000000
11 10 7 7 0.0000000
11 10 8 0 -0.0000000
11 10 8 1 -0.0000000
11 10 8 2 0.0002153
11 10 8 3 -0.0000000
11 10 8 4 -0.0000000
11 10 8 5 -0.0006542
11 10 8 6 0.0000000
11 10 8 7 -0.0000000
11 10 8 8 0.0000000
11 10 9 0 0.0000000
11 10 9 1 0.0000000
11 10 9 2 -0.0000554
11 10 9 3 0.0000000
11 10 9 4 -0.0000000
11 10 9 5 0.0001106
11 10 9 6 0.0000000
11 10 9 7 0.0000000
11 10 9 8 -0.0000000
11 10 9 9 -0.0000000
11 10 10 0 -0.0000051
11 10 10 1 0.0003537
11 10 10 2 0.0000000
11 10 10 3 0.0013086
11 10 10 4 0.0001913
11 10 10 5 -0.0000000
11 10 10 6 -0.0004361
11 10 10 7 0.0014618
11 10 10 8 0.0027070
11 10 10 9 -0.0000001
11 10 10 10 -0.0000000
11 10 11 0 0.0000000
11 10 11 1 0.0000000
11 10 11 2 0.0017992
11 10 11 3 -0.0000000
11 10 11 4 0.0000000
11 10 11 5 0.0011816
11 10 11 6 0.0000000
11 10 11 7 0.0000000
11 10 11 8 -0.0000000
11 10 11 9 0.0000000
11 10 11 10 0.0145241
11 10 11 11 -0.0000000
11 11 0 0 0.3429071
11 11 1 0 0.0003674
11 11 1 1 0.3581495
11 11 2 0 0.0000000
11 11 2 1 0.0000000
11 11 2 2 0.2837486
11 11 3 0 0.0070025
11 11 3 1 0.1506345
11 11 3 2 0.0000000
11 11 3 3 0.4865116
11 11 4 0 0.0005053
11 11 4 1 0.0156788
11 11 4 2 0.0000000
11 11 4 3 0.0226116
11 11 4 4 0.2857517
11 11 5 0 0.0000000
11 11 5 1 -0.0000000
11 11 5 2 0.0527552
11 11 5 3 -0.0000000
11 11 5 4 -0.0000000
11 11 5 5 0.2885727
11 11 6 0 0.0031177
11 11 6 1 -0.0175412
11 11 6 2 0.0000000
11 11 6 3 -0.0202784
11 11 6 4 0.0445372
11 11 6 5 -0.0000000
11 11 6 6 0.2838226
11 11 7 0 -0.0075703
11 11 7 1 0.0538773
11 11 7 2 0.0000000
11 11 7 3 0.0971425
11 11 7 4 0.0341163
11 11 7 5 -0.0000000
11 11 7 6 -0.0018621
11 11 7 7 0.3532228
11 11 8 0 -0.0049053
11 11 8 1 0.0694207
11 11 8 2 0.0000000
11 11 8 3 0.2102551
11 11 8 4 0.0144771
11 11 8 5 -0.0000000
11 11 8 6 -0.0413161
11 11 8 7 0.1974965
11 11 8 8 0.6581562
11 11 9 0 0.0000090
11 11 9 1 0.0017498
11 11 9 2 0.0000000
11 11 9 3 0.0043774
11 11 9 4 -0.0510154
11 11 9 5 0.0000000
11 11 9 6 -0.0232193
11 11 9 7 -0.0111136
11 11 9 8 0.0035210
11 11 9 9 0.8418913
11 11 10 0 0.0000000
11 11 10 1 0.0000000
11 11 10 2 0.0513542
11 11 10 3 -0.0000000
11 11 10 4 0.0000000
11 11 10 5 0.0257407
11 11 10 6 0.0000000
11 11 10 7 0.0000000
11 11 10 8 -0.0000000
11 11 10 9 0.0000000
11 11 10 10 0.8418913
11 11 11 0 0.0033138
11 11 11 1 -0.0101375
11 11 11 2 -0.0000000
11 11 11 3 -0.0581042
11 11 11 4 -0.0058522
11 11 11 5 0.0000000
11 11 11 6 0.0153828
11 11 11 7 -0.0725076
11 11 11 8 -0.1349275
11 11 11 9 0.0000074
11 11 11 10 -0.0000000
11 11 11 11 3.5030027
12 0 0 0 -0.0060981
12 0 1 0 0.0003775
12 0 1 1 -0.0013583
12 0 2 0 -0.0000000
12 0 2 1 0.0000000
12 0 2 2 -0.0012429
12 0 3 0 -0.0000797
12 0 3 1 0.0000497
12 0 3 2 0.0000000
12 0 3 3 -0.0010306
12 0 4 0 0.0000096
12 0 4 1 -0.0000028
12 0 4 2 0.0000000
12 0 4 3 0.0000306
12 0 4 4 -0.0012334
12 0 5 0 -0.0000000
12 0 5 1 0.0000000
12 0 5 2 -0.0006596
12 0 5 3 -0.0000000
12 0 5 4 0.0000000
12 0 5 5 -0.0015309
12 0 6 0 -0.0001768
12 0 6 1 0.0002038
12 0 6 2 -0.0000000
12 0 6 3 -0.0001830
12 0 6 4 -0.0005923
12 0 6 5 0.0000000
12 0 6 6 -0.0014943
12 0 7 0 0.0002612
12 0 7 1 -0.0000867
12 0 7 2 -0.0000000
12 0 7 3 0.0007304
12 0 7 4 -0.0002374
12 0 7 5 -0.0000000
12 0 7 6 -0.0000997
12 0 7 7 -0.0012349
12 0 8 0 -0.0002815
12 0 8 1 0.0008690
12 0 8 2 0.0000000
12 0 8 3 0.0007826
12 0 8 4 0.0001871
12 0 8 5 -0.0000000
12 0 8 6 -0.0000121
12 0 8 7 0.0002607
12 0 8 8 -0.0007875
12 0 9 0 0.0000001
12 0 9 1 0.0000067
12 0 9 2 0.0000000
12 0 9 3 0.0000171
12 0 9 4 -0.0001969
12 0 9 5 0.0000000
12 0 9 6 -0.0001362
12 0 9 7 -0.0000667
12 0 9 8 0.0000203
12 0 9 9 0.0009554
12 0 10 0 0.0000000
12 0 10 1 0.0000000
12 0 10 2 0.0001984
12 0 10 3 -0.0000000
12 0 10 4 0.0000000
12 0 10 5 0.0001521
12 0 10 6 0.0000000
12 0 10 7 0.0000000
12 0 10 8 -0.0000000
12 0 10 9 0.0000000
12 0 10 10 0.0009554
12 0 11 0 0.0000071
12 0 11 1 0.0000296
12 0 11 2 0.0000000
12 0 11 3 0.0000244
12 0 11 4 0.0000030
12 0 11 5 0.0000000
12 0 11 6 0.0000018
12 0 11 7 -0.0000074
12 0 11 8 -0.0000138
12 0 11 9 -0.0000001
12 0 11 10 -0.0000000
12 0 11 11 0.0011951
12 0 12 0 0.0000199
12 0 12 1 0.0001700
12 0 12 2 0.0000000
12 0 12 3 0.0002170
12 0 12 4 0.0000243
12 0 12 5 -0.0000000
12 0 12 6 -0.0000108
12 0 12 7 0.0000734
12 0 12 8 0.0001627
12 0 12 9 0.0000023
12 0 12 10 0.0000000
12 0 12 11 -0.0000180
12 0 12 12 0.0014042
12 1 0 0 -0.0199733
12 1 1 0 -0.0000111
12 1 1 1 -0.0156616
12 1 2 0 -0.0000000
12 1 2 1 -0.0000000
12 1 2 2 -0.0130163
12 1 3 0 -0.0005735
12 1 3 1 -0.0041335
12 1 3 2 -0.0000000
12 1 3 3 -0.0156450
12 1 4 0 -0.0000335
12 1 4 1 -0.0003964
12 1 4 2 0.0000000
12 1 4 3 -0.0003175
12 1 4 4 -0.0129775
12 1 5 0 -0.0000000
12 1 5 1 0.0000000
12 1 5 2 -0.0041091
12 1 5 3 -0.0000000
12 1 5 4 0.0000000
12 1 5 5 -0.0140462
12 1 6 0 -0.0002386
12 1 6 1 0.0007331
12 1 6 2 -0.0000000
12 1 6 3 -0.0003485
12 1 6 4 -0.0036763
12 1 6 5 0.0000000
12 1 6 6 -0.0134631
12 1 7 0 0.0005956
12 1 7 1 0.0004270
12 1 7 2 -0.0000000
12 1 7 3 0.0025810
12 1 7 4 -0.0016113
12 1 7 5 -0.0000000
12 1 7 6 -0.0012062
12 1 7 7 -0.0115228
12 1 8 0 0.0003488
12 1 8 1 0.0051288
12 1 8 2 0.0000000
12 1 8 3 0.0036246
12 1 8 4 0.0010307
12 1 8 5 0.0000000
12 1 8 6 0.0003046
12 1 8 7 0.0000261
12 1 8 8 -0.0118834
12 1 9 0 0.0000029
12 1 9 1 0.0000979
12 1 9 2 0.0000000
12 1 9 3 0.0002242
12 1 9 4 -0.0029098
12 1 9 5 0.0000000
12 1 9 6 -0.0021698
12 1 9 7 -0.0011147
12 1 9 8 0.0002386
12 1 9 9 0.0059940
12 1 10 0 0.0000000
12 1 10 1 0.0000000
12 1 10 2 0.0029315
12 1 10 3 -0.0000000
12 1 10 4 0.0000000
12 1 10 5 0.0024365
12 1 10 6 0.0000000
12 1 10 7 0.0000000
12 1 10 8 -0.0000000
12 1 10 9 0.0000000
12 1 10 10 0.0059832
12 1 11 0 0.0000693
12 1 11 1 0.0002942
12 1 11 2 -0.0000000
12 1 11 3 -0.0002687
12 1 11 4 -0.0000197
12 1 11 5 0.0000000
12 1 11 6 0.0002128
12 1 11 7 -0.0009901
12 1 11 8 -0.0018539
12 1 11 9 -0.0000097
12 1 11 10 -0.0000000
12 1 11 11 0.0205674
12 1 12 0 0.0001700
12 1 12 1 0.0067180
12 1 12 2 0.0000000
12 1 12 3 0.0106166
12 1 12 4 0.0011213
12 1 12 5 -0.0000000
12 1 12 6 -0.0010746
12 1 12 7 0.0061893
12 1 12 8 0.0130841
12 1 12 9 0.0003979
12 1 12 10 0.0000000
12 1 12 11 0.0004678
12 1 12 12 0.0326796
12 2 0 0 -0.0000000
12 2 1 0 -0.0000000
12 2 1 1 -0.0000000
12 2 2 0 -0.0002381
12 2 2 1 -0.0014080
12 2 2 2 -0.0000000
12 2 3 0 -0.0000000
12 2 3 1 -0.0000000
12 2 3 2 0.0000166
12 2 3 3 -0.0000000
12 2 4 0 0.0000000
12 2 4 1 -0.0000000
12 2 4 2 0.0004652
12 2 4 3 -0.0000000
12 2 4 4 -0.0000000
12 2 5 0 -0.0003454
12 2 5 1 -0.0006700
12 2 5 2 -0.0000000
12 2 5 3 -0.0004452
12 2 5 4 -0.0004383
12 2 5 5 0.0000000
12 2 6 0 -0.0000000
12 2 6 1 0.0000000
12 2 6 2 -0.0003878
12 2 6 3 -0.0000000
12 2 6 4 -0.0000000
12 2 6 5 0.0004501
12 2 6 6 -0.0000000
12 2 7 0 -0.0000000
12 2 7 1 -0.0000000
12 2 7 2 0.0000673
12 2 7 3 -0.0000000
12 2 7 4 -0.0000000
12 2 7 5 -0.0003753
12 2 7 6 0.0000000
12 2 7 7 -0.0000000
12 2 8 0 0.0000000
12 2 8 1 0.0000000
12 2 8 2 0.0003851
12 2 8 3 0.0000000
12 2 8 4 0.0000000
12 2 8 5 0.0009924
12 2 8 6 0.0000000
12 2 8 7 0.0000000
12 2 8 8 -0.0000000
12 2 9 0 0.0000000
12 2 9 1 0.0000000
12 2 9 2 0.0000065
12 2 9 3 -0.0000000
12 2 9 4 -0.0000000
12 2 9 5 0.0000137
12 2 9 6 -0.0000000
12 2 9 7 -0.0000000
12 2 9 8 -0.0000000
12 2 9 9 -0.0000000
12 2 10 0 0.0000668
12 2 10 1 0.0000015
12 2 10 2 0.0000000
12 2 10 3 -0.0009190
12 2 10 4 -0.0000962
12 2 10 5 0.0000000
12 2 10 6 0.0002850
12 2 10 7 -0.0014515
12 2 10 8 -0.0027589
12 2 10 9 -0.0001425
12 2 10 10 -0.0000000
12 2 11 0 0.0000000
12 2 11 1 0.0000000
12 2 11 2 -0.0000532
12 2 11 3 -0.0000000
12 2 11 4 -0.0000000
12 2 11 5 -0.0000303
12 2 11 6 0.0000000
12 2 11 7 -0.0000000
12 2 11 8 -0.0000000
12 2 11 9 -0.0000000
12 2 11 10 -0.0002862
12 2 11 11 0.0000000
12 2 12 0 0.0000000
12 2 12 1 0.0000000
12 2 12 2 0.0014145
12 2 12 3 0.0000000
12 2 12 4 0.0000000
12 2 12 5 0.0009367
12 2 12 6 -0.0000000
12 2 12 7 0.0000000
12 2 12 8 0.0000000
12 2 12 9 0.0000000
12 2 12 10 0.0117530
12 2 12 11 0.0000000
12 2 12 12 0.0000000
12 3 0 0 -0.0266506
12 3 1 0 0.0000110
12 3 1 1 -0.0220011
12 3 2 0 -0.0000000
12 3 2 1 -0.0000000
12 3 2 2 -0.0168743
12 3 3 0 -0.0009074
12 3 3 1 -0.0084343
12 3 3 2 -0.0000000
12 3 3 3 -0.0252605
12 3 4 0 -0.0000428
12 3 4 1 -0.0007760
12 3 4 2 0.0000000
12 3 4 3 -0.0009491
12 3 4 4 -0.0168365
12 3 5 0 -0.0000000
12 3 5 1 0.0000000
12 3 5 2 -0.0056125
12 3 5 3 -0.0000000
12 3 5 4 0.0000000
12 3 5 5 -0.0184120
12 3 6 0 -0.0003781
12 3 6 1 0.0011700
12 3 6 2 -0.0000000
12 3 6 3 -0.0000528
12 3 6 4 -0.0050024
12 3 6 5 0.0000000
12 3 6 6 -0.0176616
12 3 7 0 0.0009657
12 3 7 1 -0.0003045
12 3 7 2 -0.0000000
12 3 7 3 0.0015144
12 3 7 4 -0.0024346
12 3 7 5 -0.0000000
12 3 7 6 -0.0013951
12 3 7 7 -0.0164474
12 3 8 0 0.0005279
12 3 8 1 0.0050604
12 3 8 2 0.0000000
12 3 8 3 0.0011400
12 3 8 4 0.0009815
12 3 8 5 0.0000000
12 3 8 6 0.0010197
12 3 8 7 -0.0032129
12 3 8 8 -0.0216948
12 3 9 0 0.0000066
12 3 9 1 0.0001133
12 3 9 2 0.0000000
12 3 9 3 0.0002171
12 3 9 4 -0.0033207
12 3 9 5 0.0000000
12 3 9 6 -0.0027396
12 3 9 7 -0.0014792
12 3 9 8 0.0001861
12 3 9 9 -0.0006948
12 3 10 0 -0.0000000
12 3 10 1 0.0000000
12 3 10 2 0.0033433
12 3 10 3 -0.0000000
12 3 10 4 0.0000000
12 3 10 5 0.0030948
12 3 10 6 0.0000000
12 3 10 7 0.0000000
12 3 10 8 -0.0000000
12 3 10 9 0.0000000
12 3 10 10 -0.0007146
12 3 11 0 0.0000945
12 3 11 1 0.0001904
12 3 11 2 -0.0000000
12 3 11 3 -0.0008388
12 3 11 4 -0.0000759
12 3 11 5 0.0000000
12 3 11 6 0.0003860
12 3 11 7 -0.0018375
12 3 11 8 -0.0034892
12 3 11 9 -0.0000244
12 3 11 10 0.0000000
12 3 11 11 0.0221075
12 3 12 0 0.0002170
12 3 12 1 0.0106166
12 3 12 2 0.0000000
12 3 12 3 0.0173597
12 3 12 4 0.0017821
12 3 12 5 -0.0000000
12 3 12 6 -0.0019120
12 3 12 7 0.0106547
12 3 12 8 0.0223520
12 3 12 9 0.0010127
12 3 12 10 -0.0000000
12 3 12 11 0.0014072
12 3 12 12 0.0437922
12 4 0 0 -0.0029852
12 4 1 0 0.0000081
12 4 1 1 -0.0023574
12 4 2 0 0.0000000
12 4 2 1 -0.0000000
12 4 2 2 -0.0014000
12 4 3 0 -0.0000757
12 4 3 1 -0.0007743
12 4 3 2 -0.0000000
12 4 3 3 -0.0027603
12 4 4 0 -0.0002398
12 4 4 1 -0.0014440
12 4 4 2 0.0000000
12 4 4 3 0.0000063
12 4 4 4 -0.0024956
12 4 5 0 0.0000000
12 4 5 1 0.0000000
12 4 5 2 -0.0009981
12 4 5 3 0.0000000
12 4 5 4 -0.0000000
12 4 5 5 -0.0019757
12 4 6 0 -0.0003477
12 4 6 1 -0.0004950
12 4 6 2 -0.0000000
12 4 6 3 -0.0004550
12 4 6 4 -0.0003658
12 4 6 5 0.0000000
12 4 6 6 -0.0014195
12 4 7 0 -0.0000491
12 4 7 1 -0.0003283
12 4 7 2 -0.0000000
12 4 7 3 -0.0000406
12 4 7 4 0.0001082
12 4 7 5 0.0000000
12 4 7 6 -0.0004100
12 4 7 7 -0.0022359
12 4 8 0 0.0001048
12 4 8 1 0.0006825
12 4 8 2 0.0000000
12 4 8 3 0.0002240
12 4 8 4 0.0004030
12 4 8 5 -0.0000000
12 4 8 6 0.0009576
12 4 8 7 0.0002088
12 4 8 8 -0.0026096
12 4 9 0 -0.0000662
12 4 9 1 0.0000130
12 4 9 2 0.0000000
12 4 9 3 0.0009493
12 4 9 4 -0.0002984
12 4 9 5 -0.0000000
12 4 9 6 -0.0006199
12 4 9 7 0.0012765
12 4 9 8 0.0027915
12 4 9 9 -0.0000799
12 4 10 0 0.0000000
12 4 10 1 -0.0000000
12 4 10 2 0.0003781
12 4 10 3 -0.0000000
12 4 10 4 0.0000000
12 4 10 5 0.0003357
12 4 10 6 0.0000000
12 4 10 7 0.0000000
12 4 10 8 -0.0000000
12 4 10 9 -0.0000000
12 4 10 10 0.0002070
12 4 11 0 0.0000106
12 4 11 1 0.0000260
12 4 11 2 -0.0000000
12 4 11 3 -0.0000832
12 4 11 4 -0.0000608
12 4 11 5 0.0000000
12 4 11 6 0.0000146
12 4 11 7 -0.0002126
12 4 11 8 -0.0003739
12 4 11 9 0.0002842
12 4 11 10 -0.0000000
12 4 11 11 0.0025937
12 4 12 0 0.0000243
12 4 12 1 0.0011213
12 4 12 2 0.0000000
12 4 12 3 0.0017821
12 4 12 4 0.0016025
12 4 12 5 -0.0000000
12 4 12 6 0.0006342
12 4 12 7 0.0015714
12 4 12 8 0.0023141
12 4 12 9 -0.0116670
12 4 12 10 0.0000000
12 4 12 11 0.0001435
12 4 12 12 0.0049372
12 5 0 0 0.0000000
12 5 1 0 0.0000000
12 5 1 1 0.0000000
12 5 2 0 -0.0002843
12 5 2 1 -0.0011664
12 5 2 2 0.0000000
12 5 3 0 0.0000000
12 5 3 1 0.0000000
12 5 3 2 -0.0002043
12 5 3 3 0.0000000
12 5 4 0 0.0000000
12 5 4 1 0.0000000
12 5 4 2 -0.0000202
12 5 4 3 0.0000000
12 5 4 4 0.0000000
12 5 5 0 -0.0004223
12 5 5 1 -0.0011285
12 5 5 2 0.0000000
12 5 5 3 -0.0005014
12 5 5 4 -0.0003707
12 5 5 5 0.0000000
12 5 6 0 0.0000000
12 5 6 1 0.0000000
12 5 6 2 -0.0001431
12 5 6 3 0.0000000
12 5 6 4 0.0000000
12 5 6 5 -0.0000422
12 5 6 6 0.0000000
12 5 7 0 -0.0000000
12 5 7 1 -0.0000000
12 5 7 2 -0.0001478
12 5 7 3 0.0000000
12 5 7 4 0.0000000
12 5 7 5 -0.0002263
12 5 7 6 0.0000000
12 5 7 7 0.0000000
12 5 8 0 -0.0000000
12 5 8 1 0.0000000
12 5 8 2 0.0006959
12 5 8 3 0.0000000
12 5 8 4 -0.0000000
12 5 8 5 0.0010491
12 5 8 6 -0.0000000
12 5 8 7 0.0000000
12 5 8 8 0.0000000
12 5 9 0 0.0000000
12 5 9 1 0.0000000
12 5 9 2 -0.0000198
12 5 9 3 -0.0000000
12 5 9 4 0.0000000
12 5 9 5 -0.0000136
12 5 9 6 0.0000000
12 5 9 7 -0.0000000
12 5 9 8 -0.0000000
12 5 9 9 0.0000000
12 5 10 0 0.0000508
12 5 10 1 0.0002544
12 5 10 2 -0.0000000
12 5 10 3 -0.0001983
12 5 10 4 0.0000051
12 5 10 5 -0.0000000
12 5 10 6 0.0001607
12 5 10 7 -0.0007484
12 5 10 8 -0.0014969
12 5 10 9 0.0002844
12 5 10 10 0.0000000
12 5 11 0 -0.0000000
12 5 11 1 0.0000000
12 5 11 2 -0.0000233
12 5 11 3 0.0000000
12 5 11 4 0.0000000
12 5 11 5 -0.0000026
12 5 11 6 -0.0000000
12 5 11 7 0.0000000
12 5 11 8 0.0000000
12 5 11 9 -0.0000000
12 5 11 10 -0.0001562
12 5 11 11 -0.0000000
12 5 12 0 -0.0000000
12 5 12 1 -0.0000000
12 5 12 2 0.0009367
12 5 12 3 -0.0000000
12 5 12 4 -0.0000000
12 5 12 5 0.0006563
12 5 12 6 0.0000000
12 5 12 7 -0.0000000
12 5 12 8 -0.0000000
12 5 12 9 0.0000000
12 5 12 10 0.0075531
12 5 12 11 -0.0000000
12 5 12 12 -0.0000000
12 6 0 0 0.0019227
12 6 1 0 0.0000249
12 6 1 1 0.0019330
12 6 2 0 -0.0000000
12 6 2 1 -0.0000000
12 6 2 2 0.0012694
12 6 3 0 0.0000792
12 6 3 1 0.0012055
12 6 3 2 0.0000000
12 6 3 3 0.0027030
12 6 4 0 -0.0002460
12 6 4 1 -0.0009118
12 6 4 2 0.0000000
12 6 4 3 -0.0000127
12 6 4 4 0.0011020
12 6 5 0 0.0000000
12 6 5 1 0.0000000
12 6 5 2 0.0002848
12 6 5 3 0.0000000
12 6 5 4 -0.0000000
12 6 5 5 0.0011358
12 6 6 0 -0.0003168
12 6 6 1 -0.0010685
12 6 6 2 -0.0000000
12 6 6 3 -0.0005269
12 6 6 4 0.0007236
12 6 6 5 -0.0000000
12 6 6 6 0.0018415
12 6 7 0 -0.0002190
12 6 7 1 -0.0001693
12 6 7 2 0.0000000
12 6 7 3 0.0001085
12 6 7 4 0.0003477
12 6 7 5 -0.0000000
12 6 7 6 0.0001681
12 6 7 7 0.0014784
12 6 8 0 -0.0000037
12 6 8 1 0.0001280
12 6 8 2 0.0000000
12 6 8 3 0.0008330
12 6 8 4 0.0005555
12 6 8 5 -0.0000000
12 6 8 6 0.0005246
12 6 8 7 0.0013383
12 6 8 8 0.0027297
12 6 9 0 -0.0000455
12 6 9 1 -0.0002275
12 6 9 2 0.0000000
12 6 9 3 0.0001761
12 6 9 4 0.0000728
12 6 9 5 -0.0000000
12 6 9 6 -0.0000018
12 6 9 7 0.0007459
12 6 9 8 0.0013264
12 6 9 9 0.0027170
12 6 10 0 0.0000000
12 6 10 1 0.0000000
12 6 10 2 -0.0000251
12 6 10 3 -0.0000000
12 6 10 4 0.0000000
12 6 10 5 -0.0001250
12 6 10 6 0.0000000
12 6 10 7 -0.0000000
12 6 10 8 -0.0000000
12 6 10 9 0.0000000
12 6 10 10 0.0022165
12 6 11 0 -0.0000064
12 6 11 1 0.0000480
12 6 11 2 0.0000000
12 6 11 3 0.0001888
12 6 11 4 -0.0000014
12 6 11 5 -0.0000000
12 6 11 6 -0.0000527
12 6 11 7 0.0002504
12 6 11 8 0.0004892
12 6 11 9 0.0001406
12 6 11 10 -0.0000000
12 6 11 11 0.0002588
12 6 12 0 -0.0000108
12 6 12 1 -0.0010746
12 6 12 2 -0.0000000
12 6 12 3 -0.0019120
12 6 12 4 0.0006342
12 6 12 5 0.0000000
12 6 12 6 0.0007543
12 6 12 7 -0.0010073
12 6 12 8 -0.0026733
12 6 12 9 -0.0067841
12 6 12 10 0.0000000
12 6 12 11 -0.0002964
12 6 12 12 -0.0024696
12 7 0 0 -0.0090595
12 7 1 0 -0.0000386
12 7 1 1 -0.0091917
12 7 2 0 -0.0000000
12 7 2 1 -0.0000000
12 7 2 2 -0.0064232
12 7 3 0 -0.0002505
12 7 3 1 -0.0048894
12 7 3 2 -0.0000000
12 7 3 3 -0.0126832
12 7 4 0 -0.0001438
12 7 4 1 -0.0010230
12 7 4 2 -0.0000000
12 7 4 3 -0.0007769
12 7 4 4 -0.0065571
12 7 5 0 -0.0000000
12 7 5 1 0.0000000
12 7 5 2 -0.0022298
12 7 5 3 0.0000000
12 7 5 4 0.0000000
12 7 5 5 -0.0070766
12 7 6 0 -0.0002693
12 7 6 1 0.0000798
12 7 6 2 -0.0000000
12 7 6 3 0.0001358
12 7 6 4 -0.0016944
12 7 6 5 0.0000000
12 7 6 6 -0.0064261
12 7 7 0 0.0001884
12 7 7 1 -0.0011528
12 7 7 2 -0.0000000
12 7 7 3 -0.0014618
12 7 7 4 -0.0010639
12 7 7 5 -0.0000000
12 7 7 6 -0.0002617
12 7 7 7 -0.0074823
12 7 8 0 0.0002511
12 7 8 1 0.0001629
12 7 8 2 0.0000000
12 7 8 3 -0.0031588
12 7 8 4 0.0002683
12 7 8 5 0.0000000
12 7 8 6 0.0012787
12 7 8 7 -0.0035400
12 7 8 8 -0.0132501
12 7 9 0 -0.0000220
12 7 9 1 -0.0000901
12 7 9 2 0.0000000
12 7 9 3 0.0001468
12 7 9 4 -0.0007121
12 7 9 5 0.0000000
12 7 9 6 -0.0009296
12 7 9 7 -0.0001021
12 7 9 8 0.0007796
12 7 9 9 -0.0084690
12 7 10 0 0.0000000
12 7 10 1 0.0000000
12 7 10 2 0.0007436
12 7 10 3 -0.0000000
12 7 10 4 0.0000000
12 7 10 5 0.0009837
12 7 10 6 0.0000000
12 7 10 7 0.0000000
12 7 10 8 -0.0000000
12 7 10 9 0.0000000
12 7 10 10 -0.0087249
12 7 11 0 0.0000413
12 7 11 1 -0.0001772
12 7 11 2 -0.0000000
12 7 11 3 -0.0009555
12 7 11 4 -0.0001084
12 7 11 5 0.0000000
12 7 11 6 0.0002813
12 7 11 7 -0.0013856
12 7 11 8 -0.0026609
12 7 11 9 0.0000677
12 7 11 10 -0.0000000
12 7 11 11 0.0062889
12 7 12 0 0.0000734
12 7 12 1 0.0061893
12 7 12 2 0.0000000
12 7 12 3 0.0106547
12 7 12 4 0.0015714
12 7 12 5 -0.0000000
12 7 12 6 -0.0010073
12 7 12 7 0.0073100
12 7 12 8 0.0148363
12 7 12 9 -0.0032848
12 7 12 10 0.0000000
12 7 12 11 0.0010899
12 7 12 12 0.0199117
12 8 0 0 -0.0160917
12 8 1 0 -0.0000358
12 8 1 1 -0.0172174
12 8 2 0 0.0000000
12 8 2 1 -0.0000000
12 8 2 2 -0.0123984
12 8 3 0 -0.0004604
12 8 3 1 -0.0086236
12 8 3 2 -0.0000000
12 8 3 3 -0.0232178
12 8 4 0 0.0000050
12 8 4 1 -0.0007414
12 8 4 2 -0.0000000
12 8 4 3 -0.0011719
12 8 4 4 -0.0124743
12 8 5 0 -0.0000000
12 8 5 1 0.0000000
12 8 5 2 -0.0030959
12 8 5 3 0.0000000
12 8 5 4 0.0000000
12 8 5 5 -0.0130153
12 8 6 0 -0.0001499
12 8 6 1 0.0008494
12 8 6 2 -0.0000000
12 8 6 3 0.0007140
12 8 6 4 -0.0027460
12 8 6 5 0.0000000
12 8 6 6 -0.0127093
12 8 7 0 0.0005278
12 8 7 1 -0.0011505
12 8 7 2 -0.0000000
12 8 7 3 -0.0023420
12 8 7 4 -0.0016617
12 8 7 5 -0.0000000
12 8 7 6 -0.0004906
12 8 7 7 -0.0139216
12 8 8 0 0.0003539
12 8 8 1 0.0001720
12 8 8 2 0.0000000
12 8 8 3 -0.0050698
12 8 8 4 -0.0001271
12 8 8 5 0.0000000
12 8 8 6 0.0013632
12 8 8 7 -0.0060284
12 8 8 8 -0.0227463
12 8 9 0 0.0000074
12 8 9 1 0.0001009
12 8 9 2 0.0000000
12 8 9 3 0.0001509
12 8 9 4 -0.0019825
12 8 9 5 0.0000000
12 8 9 6 -0.0019335
12 8 9 7 -0.0010655
12 8 9 8 0.0000942
12 8 9 9 -0.0120884
12 8 10 0 -0.0000000
12 8 10 1 -0.0000000
12 8 10 2 0.0019943
12 8 10 3 -0.0000000
12 8 10 4 0.0000000
12 8 10 5 0.0021854
12 8 10 6 0.0000000
12 8 10 7 0.0000000
12 8 10 8 -0.0000000
12 8 10 9 -0.0000000
12 8 10 10 -0.0120111
12 8 11 0 0.0000896
12 8 11 1 -0.0002812
12 8 11 2 -0.0000000
12 8 11 3 -0.0018807
12 8 11 4 -0.0001891
12 8 11 5 0.0000000
12 8 11 6 0.0005821
12 8 11 7 -0.0028259
12 8 11 8 -0.0053925
12 8 11 9 -0.0000212
12 8 11 10 0.0000000
12 8 11 11 0.0214202
12 8 12 0 0.0001627
12 8 12 1 0.0130841
12 8 12 2 0.0000000
12 8 12 3 0.0223520
12 8 12 4 0.0023141
12 8 12 5 -0.0000000
12 8 12 6 -0.0026733
12 8 12 7 0.0148363
12 8 12 8 0.0309539
12 8 12 9 0.0010326
12 8 12 10 -0.0000000
12 8 12 11 0.0015818
12 8 12 12 0.0473976
12 9 0 0 0.0000004
12 9 1 0 0.0000437
12 9 1 1 0.0009478
12 9 2 0 0.0000000
12 9 2 1 0.0000000
12 9 2 2 0.0044507
12 9 3 0 0.0001158
12 9 3 1 0.0011553
12 9 3 2 -0.0000000
12 9 3 3 0.0000562
12 9 4 0 -0.0012531
12 9 4 1 -0.0136849
12 9 4 2 0.0000000
12 9 4 3 0.0004770
12 9 4 4 -0.0052887
12 9 5 0 0.0000000
12 9 5 1 0.0000000
12 9 5 2 -0.0049373
12 9 5 3 0.0000000
12 9 5 4 -0.0000000
12 9 5 5 0.0019817
12 9 6 0 -0.0015311
12 9 6 1 -0.0054058
12 9 6 2 -0.0000000
12 9 6 3 -0.0066322
12 9 6 4 0.0011509
12 9 6 5 0.0000000
12 9 6 6 0.0045087
12 9 7 0 -0.0007576
12 9 7 1 -0.0028251
12 9 7 2 -0.0000000
12 9 7 3 -0.0039003
12 9 7 4 0.0077859
12 9 7 5 0.0000000
12 9 7 6 -0.0028465
12 9 7 7 -0.0041874
12 9 8 0 0.0002328
12 9 8 1 0.0007142
12 9 8 2 0.0000000
12 9 8 3 0.0006807
12 9 8 4 0.0031760
12 9 8 5 -0.0000000
12 9 8 6 0.0077048
12 9 8 7 0.0046423
12 9 8 8 -0.0024719
12 9 9 0 0.0004167
12 9 9 1 -0.0107612
12 9 9 2 -0.0000000
12 9 9 3 -0.0222434
12 9 9 4 -0.0029425
12 9 9 5 0.0000000
12 9 9 6 0.0044483
12 9 9 7 -0.0179927
12 9 9 8 -0.0370860
12 9 9 9 0.0000007
12 9 10 0 0.0000000
12 9 10 1 0.0000000
12 9 10 2 -0.0005474
12 9 10 3 0.0000000
12 9 10 4 -0.0000000
12 9 10 5 0.0010923
12 9 10 6 0.0000000
12 9 10 7 0.0000000
12 9 10 8 -0.0000000
12 9 10 9 0.0000000
12 9 10 10 -0.0000001
12 9 11 0 -0.0000002
12 9 11 1 -0.0000262
12 9 11 2 -0.0000000
12 9 11 3 -0.0000669
12 9 11 4 0.0007700
12 9 11 5 -0.0000000
12 9 11 6 0.0004744
12 9 11 7 0.0002303
12 9 11 8 -0.0000721
12 9 11 9 -0.0001295
12 9 11 10 -0.0000000
12 9 11 11 -0.0000012
12 9 12 0 0.0000023
12 9 12 1 0.0003979
12 9 12 2 0.0000000
12 9 12 3 0.0010127
12 9 12 4 -0.0116670
12 9 12 5 0.0000000
12 9 12 6 -0.0067841
12 9 12 7 -0.0032848
12 9 12 8 0.0010326
12 9 12 9 0.1160615
12 9 12 10 0.0000000
12 9 12 11 -0.0000002
12 9 12 12 -0.0000007
12 10 0 0 0.0000000
12 10 1 0 0.0000000
12 10 1 1 0.0000000
12 10 2 0 0.0012668
12 10 2 1 0.0141117
12 10 2 2 0.0000000
12 10 3 0 -0.0000000
12 10 3 1 -0.0000000
12 10 3 2 0.0002686
12 10 3 3 -0.0000000
12 10 4 0 0.0000000
12 10 4 1 0.0000000
12 10 4 2 -0.0040401
12 10 4 3 0.0000000
12 10 4 4 -0.0000000
12 10 5 0 0.0017177
12 10 5 1 0.0057242
12 10 5 2 0.0000000
12 10 5 3 0.0069144
12 10 5 4 0.0057935
12 10 5 5 -0.0000000
12 10 6 0 0.0000000
12 10 6 1 0.0000000
12 10 6 2 0.0067183
12 10 6 3 0.0000000
12 10 6 4 0.0000000
12 10 6 5 -0.0051154
12 10 6 6 -0.0000000
12 10 7 0 0.0000000
12 10 7 1 0.0000000
12 10 7 2 -0.0037064
12 10 7 3 0.0000000
12 10 7 4 0.0000000
12 10 7 5 0.0031972
12 10 7 6 -0.0000000
12 10 7 7 0.0000000
12 10 8 0 -0.0000000
12 10 8 1 -0.0000000
12 10 8 2 -0.0044586
12 10 8 3 -0.0000000
12 10 8 4 -0.0000000
12 10 8 5 -0.0086671
12 10 8 6 -0.0000000
12 10 8 7 -0.0000000
12 10 8 8 0.0000000
12 10 9 0 0.0000000
12 10 9 1 0.0000000
12 10 9 2 -0.0005473
12 10 9 3 0.0000000
12 10 9 4 -0.0000000
12 10 9 5 0.0010923
12 10 9 6 0.0000000
12 10 9 7 0.0000000
12 10 9 8 -0.0000000
12 10 9 9 0.0000000
12 10 10 0 0.0004169
12 10 10 1 -0.0108030
12 10 10 2 -0.0000000
12 10 10 3 -0.0223194
12 10 10 4 -0.0018410
12 10 10 5 0.0000000
12 10 10 6 0.0025258
12 10 10 7 -0.0189753
12 10 10 8 -0.0367890
12 10 10 9 0.0000004
12 10 10 10 0.0000000
12 10 11 0 -0.0000000
12 10 11 1 -0.0000000
12 10 11 2 -0.0007758
12 10 11 3 0.0000000
12 10 11 4 -0.0000000
12 10 11 5 -0.0005286
12 10 11 6 -0.0000000
12 10 11 7 -0.0000000
12 10 11 8 0.0000000
12 10 11 9 -0.0000000
12 10 11 10 -0.0001295
12 10 11 11 0.0000000
12 10 12 0 0.0000000
12 10 12 1 0.0000000
12 10 12 2 0.0117530
12 10 12 3 -0.0000000
12 10 12 4 0.0000000
12 10 12 5 0.0075531
12 10 12 6 0.0000000
12 10 12 7 0.0000000
12 10 12 8 -0.0000000
12 10 12 9 0.0000000
12 10 12 10 0.1160615
12 10 12 11 0.0000000
12 10 12 12 0.0000000
12 11 0 0 -0.0131492
12 11 1 0 -0.0000062
12 11 1 1 -0.0144071
12 11 2 0 -0.0000000
12 11 2 1 -0.0000000
12 11 2 2 -0.0088082
12 11 3 0 -0.0004656
12 11 3 1 -0.0113896
12 11 3 2 -0.0000000
12 11 3 3 -0.0261711
12 11 4 0 -0.0000325
12 11 4 1 -0.0011908
12 11 4 2 -0.0000000
12 11 4 3 -0.0018960
12 11 4 4 -0.0089825
12 11 5 0 -0.0000000
12 11 5 1 0.0000000
12 11 5 2 -0.0034107
12 11 5 3 0.0000000
12 11 5 4 0.0000000
12 11 5 5 -0.0093018
12 11 6 0 -0.0002235
12 11 6 1 0.0014524
12 11 6 2 -0.0000000
12 11 6 3 0.0018255
12 11 6 4 -0.0028194
12 11 6 5 0.0000000
12 11 6 6 -0.0090970
12 11 7 0 0.0005558
12 11 7 1 -0.0048405
12 11 7 2 -0.0000000
12 11 7 3 -0.0089458
12 11 7 4 -0.0024987
12 11 7 5 0.0000000
12 11 7 6 0.0006247
12 11 7 7 -0.0160012
12 11 8 0 0.0003930
12 11 8 1 -0.0067927
12 11 8 2 -0.0000000
12 11 8 3 -0.0188021
12 11 8 4 -0.0014931
12 11 8 5 0.0000000
12 11 8 6 0.0036371
12 11 8 7 -0.0176328
12 11 8 8 -0.0426294
12 11 9 0 -0.0000007
12 11 9 1 -0.0001420
12 11 9 2 -0.0000000
12 11 9 3 -0.0003548
12 11 9 4 0.0041397
12 11 9 5 -0.0000000
12 11 9 6 0.0018371
12 11 9 7 0.0008782
12 11 9 8 -0.0002783
12 11 9 9 -0.0498535
12 11 10 0 -0.0000000
12 11 10 1 -0.0000000
12 11 10 2 -0.0041669
12 11 10 3 0.0000000
12 11 10 4 -0.0000000
12 11 10 5 -0.0020355
12 11 10 6 -0.0000000
12 11 10 7 -0.0000000
12 11 10 8 0.0000000
12 11 10 9 -0.0000000
12 11 10 10 -0.0498535
12 11 11 0 -0.0003335
12 11 11 1 0.0024099
12 11 11 2 0.0000000
12 11 11 3 0.0084781
12 11 11 4 0.0008743
12 11 11 5 -0.0000000
12 11 11 6 -0.0019255
12 11 11 7 0.0093770
12 11 11 8 0.0178283
12 11 11 9 -0.0000009
12 11 11 10 0.0000000
12 11 11 11 -0.3628151
12 11 12 0 -0.0000180
12 11 12 1 0.0004678
12 11 12 2 0.0000000
12 11 12 3 0.0014072
12 11 12 4 0.0001435
12 11 12 5 -0.0000000
12 11 12 6 -0.0002964
12 11 12 7 0.0010899
12 11 12 8 0.0015818
12 11 12 9 -0.0000002
12 11 12 10 0.0000000
12 11 12 11 0.0525107
12 11 12 12 -0.0397102
12 12 0 0 0.2722848
12 12 1 0 0.0003651
12 12 1 1 0.2820387
12 12 2 0 0.0000000
12 12 2 1 0.0000000
12 12 2 2 0.2376078
12 12 3 0 0.0045132
12 12 3 1 0.0905483
12 12 3 2 0.0000000
12 12 3 3 0.3475083
12 12 4 0 0.0003337
12 12 4 1 0.0093842
12 12 4 2 0.0000000
12 12 4 3 0.0125047
12 12 4 4 0.2386815
12 12 5 0 0.0000000
12 12 5 1 -0.0000000
12 12 5 2 0.0348252
12 12 5 3 -0.0000000
12 12 5 4 -0.0000000
12 12 5 5 0.2392910
12 12 6 0 0.0018893
12 12 6 1 -0.0098407
12 12 6 2 0.0000000
12 12 6 3 -0.0106131
12 12 6 4 0.0297302
12 12 6 5 -0.0000000
12 12 6 6 0.2355850
12 12 7 0 -0.0044963
12 12 7 1 0.0286636
12 12 7 2 0.0000000
12 12 7 3 0.0499762
12 12 7 4 0.0209671
12 12 7 5 -0.0000000
12 12 7 6 0.0015824
12 12 7 7 0.2680614
12 12 8 0 -0.0026832
12 12 8 1 0.0349090
12 12 8 2 -0.0000000
12 12 8 3 0.1114564
12 12 8 4 0.0066616
12 12 8 5 -0.0000000
12 12 8 6 -0.0218837
12 12 8 7 0.1036874
12 12 8 8 0.4320606
12 12 9 0 0.0000062
12 12 9 1 0.0011736
12 12 9 2 0.0000000
12 12 9 3 0.0029478
12 12 9 4 -0.0342595
12 12 9 5 0.0000000
12 12 9 6 -0.0166011
12 12 9 7 -0.0079715
12 12 9 8 0.0025204
12 12 9 9 0.6206838
12 12 10 0 0.0000000
12 12 10 1 0.0000000
12 12 10 2 0.0344929
12 12 10 3 -0.0000000
12 12 10 4 0.0000000
12 12 10 5 0.0184259
12 12 10 6 0.0000000
12 12 10 7 0.0000000
12 12 10 8 -0.0000000
12 12 10 9 0.0000000
12 12 10 10 0.6206838
12 12 11 0 0.0006536
12 12 11 1 0.0027478
12 12 11 2 -0.0000000
12 12 11 3 -0.0020250
12 12 11 4 -0.0001391
12 12 11 5 0.0000000
12 12 11 6 0.0016132
12 12 11 7 -0.0069220
12 12 11 8 -0.0120754
12 12 11 9 0.0000006
12 12 11 10 -0.0000000
12 12 11 11 0.8534747
12 12 12 0 0.0014042
12 12 12 1 0.0326796
12 12 12 2 0.0000000
12 12 12 3 0.0437922
12 12 12 4 0.0049372
12 12 12 5 -0.0000000
12 12 12 6 -0.0024696
12 12 12 7 0.0199117
12 12 12 8 0.0473976
12 12 12 9 -0.0000007
12 12 12 10 0.0000000
12 12 12 11 -0.0397102
12 12 12 12 0.7224718
