NMONOMER	1
NELEC	8
ENUC	7.676927
NBASIS	12
HOMO	2
LUMO	2
ENT	5
HF_ENERGY	-36.008759
ENERGIES
-10.868926
-0.834105
-0.444897
-0.227818
0.572284
0.759213
0.806774
849736.598892
965066.378295
996478.155747
1070620.569522
1118094.082809

OEI
-18.462988	
0.215909	-4.517879	
0.000000	0.000000	-4.113465	
-0.188927	0.119118	-0.000000	-4.215607	
0.152712	-0.287635	-0.000000	0.405139	-3.054445	
0.236045	-0.893204	0.000000	-0.228874	-0.163544	-3.776250	
0.000000	-0.000000	-0.785140	-0.000000	-0.000000	-0.000000	-3.454921	
0.115628	0.053307	-0.000000	-0.035967	-0.002957	-0.016224	0.000000	849733.022122	
0.000000	-0.000000	0.131397	-0.000000	0.000000	0.000000	-0.023354	-0.000000	965063.533835	
0.005012	0.023081	0.000000	0.001944	-0.003150	0.013429	0.000000	-0.001095	-0.000000	996474.955401	
-0.037943	-0.198001	-0.000000	-0.067836	-0.120075	0.135657	0.000000	0.148210	0.000000	-0.134618	1070618.043590	
0.112381	0.078025	-0.000000	-0.127594	-0.003592	0.001674	0.000000	-0.840939	0.000000	-0.037814	0.320523	1118090.402430	

ENV_OEI
-4.990011	
0.405584	-0.532094	
-0.000000	0.000000	-0.385378	
-0.368022	-0.081285	0.000000	-0.560102	
0.307399	-0.299707	-0.000000	-0.149110	-0.681922	
0.480613	-0.021917	0.000000	0.215394	0.312504	-0.874875	
0.000000	0.000000	-0.129141	0.000000	0.000000	-0.000000	-0.423274	
0.221628	0.008443	0.000000	-0.044726	-0.044780	-0.022535	0.000000	-0.669643	
-0.000000	0.000000	-0.140615	-0.000000	0.000000	-0.000000	0.143876	-0.000000	-0.763898	
-0.015015	0.268963	-0.000000	0.635929	1.351624	-0.949140	-0.000000	-0.126460	0.000000	-18.573298	
-0.054953	0.052920	0.000000	0.011383	0.044086	-0.077997	-0.000000	-0.223613	0.000000	-1.665700	-0.837786	
0.210657	-0.005816	-0.000000	0.033978	0.029276	-0.048329	-0.000000	0.071422	0.000000	-0.177057	0.114914	-0.500661	

OVERLAP
1.000000	
0.248362	1.000000	
0.061767	0.488736	1.000000	
0.061767	0.488736	0.167856	1.000000	
0.000000	0.027047	0.038545	0.038545	1.000000	
0.027047	0.301519	0.378700	0.378700	0.248362	1.000000	
0.000000	0.000000	-0.259000	-0.259000	-0.045312	-0.338874	1.000000	
0.000000	0.000000	-0.380474	0.380474	0.000000	0.000000	0.000000	1.000000	
0.000000	0.000000	-0.073326	-0.073326	0.000000	0.000000	0.000000	0.000000	1.000000	
0.045312	0.338874	0.278171	0.278171	0.000000	0.000000	-0.315123	0.000000	0.000000	1.000000	
0.000000	0.000000	-0.268260	0.268260	0.000000	0.000000	0.000000	0.166433	0.000000	0.000000	1.000000	
0.000000	0.000000	-0.051700	-0.051700	0.000000	0.000000	0.000000	0.000000	0.166433	0.000000	0.000000	1.000000	

MOCOEFF
-0.996674	-0.016275	0.006498	0.006498	-0.001354	0.006662	0.016629	0.000000	0.023232	0.002266	-0.000000	-0.003195	
0.141698	-0.326002	-0.270986	-0.270986	0.028595	0.040447	0.315617	-0.000000	0.222663	-0.330189	-0.000000	-0.065078	
-0.000000	0.000000	-0.447974	0.447974	-0.000000	0.000000	-0.000000	0.607146	-0.000000	0.000000	-0.341395	-0.000000	
-0.128374	0.514427	0.125819	0.125819	0.056919	-0.236131	0.534541	-0.000000	-0.511815	-0.367783	-0.000000	0.098193	
0.105475	-0.650133	0.890017	0.890017	0.117856	-0.704365	-0.078321	0.000000	0.280729	-0.623796	0.000000	0.045305	
0.168501	-1.032131	0.425238	0.425238	-0.084677	0.514933	1.005425	-0.000000	0.037981	0.743760	-0.000000	0.037648	
0.000000	-0.000000	0.946179	-0.946179	-0.000000	0.000000	0.000000	1.087580	-0.000000	0.000000	0.326634	-0.000000	
0.084288	-0.388040	0.000000	0.000000	-0.012324	0.049398	-0.203229	0.000000	-0.573902	-0.025821	0.000000	0.799278	
0.000000	-0.000000	-0.000000	0.000000	-0.000000	0.000000	0.000000	-0.000000	0.000000	-0.000000	-1.000000	0.000000	
0.000565	-0.002600	-0.000000	-0.000000	-1.025611	0.216380	-0.001362	-0.000000	-0.003845	-0.105483	0.000000	-0.019655	
-0.018948	0.087232	0.000000	0.000000	-0.019716	-0.850777	0.045686	-0.000000	0.129015	0.446528	-0.000000	0.196306	
0.081636	-0.375835	0.000000	0.000000	0.011611	-0.229178	-0.196837	-0.000000	-0.555850	0.120151	-0.000000	-0.583417	

ERI
0 0 0 0 3.5236660
1 0 0 0 -0.1888124
1 0 1 0 0.0200578
1 0 1 1 0.0058437
1 1 0 0 0.6418868
1 1 1 0 0.0058437
1 1 1 1 0.5914317
2 0 0 0 0.0000000
2 0 1 0 -0.0000000
2 0 1 1 -0.0000000
2 0 2 0 0.0092201
2 0 2 1 0.0108285
2 0 2 2 -0.0000000
2 1 0 0 -0.0000000
2 1 1 0 -0.0000000
2 1 1 1 -0.0000000
2 1 2 0 0.0108285
2 1 2 1 0.1053741
2 1 2 2 0.0000000
2 2 0 0 0.6478399
2 2 1 0 -0.0006508
2 2 1 1 0.5107274
2 2 2 0 -0.0000000
2 2 2 1 0.0000000
2 2 2 2 0.5377134
3 0 0 0 0.1674683
3 0 1 0 -0.0127207
3 0 1 1 0.0085056
3 0 2 0 0.0000000
3 0 2 1 -0.0000000
3 0 2 2 0.0038138
3 0 3 0 0.0248204
3 0 3 1 0.0079902
3 0 3 2 -0.0000000
3 0 3 3 -0.0092922
3 1 0 0 -0.0552502
3 1 1 0 0.0010850
3 1 1 1 0.0192790
3 1 2 0 0.0000000
3 1 2 1 0.0000000
3 1 2 2 -0.0196432
3 1 3 0 0.0079902
3 1 3 1 0.0594196
3 1 3 2 -0.0000000
3 1 3 3 -0.0409537
3 2 0 0 0.0000000
3 2 1 0 0.0000000
3 2 1 1 0.0000000
3 2 2 0 -0.0071969
3 2 2 1 -0.0396230
3 2 2 2 -0.0000000
3 2 3 0 -0.0000000
3 2 3 1 -0.0000000
3 2 3 2 0.0373510
3 2 3 3 0.0000000
3 3 0 0 0.7725201
3 3 1 0 -0.0064103
3 3 1 1 0.4859826
3 3 2 0 -0.0000000
3 3 2 1 -0.0000000
3 3 2 2 0.4828324
3 3 3 0 -0.0092922
3 3 3 1 -0.0409537
3 3 3 2 0.0000000
3 3 3 3 0.6267092
4 0 0 0 -0.1387579
4 0 1 0 0.0125399
4 0 1 1 -0.0017870
4 0 2 0 0.0000000
4 0 2 1 0.0000000
4 0 2 2 -0.0022180
4 0 3 0 -0.0145660
4 0 3 1 -0.0021724
4 0 3 2 -0.0000000
4 0 3 3 0.0011034
4 0 4 0 0.0105036
4 0 4 1 -0.0003463
4 0 4 2 -0.0000000
4 0 4 3 -0.0013583
4 0 4 4 -0.0000160
4 1 0 0 0.0832644
4 1 1 0 0.0008261
4 1 1 1 0.0407888
4 1 2 0 0.0000000
4 1 2 1 -0.0000000
4 1 2 2 -0.0159075
4 1 3 0 0.0011202
4 1 3 1 0.0205601
4 1 3 2 -0.0000000
4 1 3 3 0.0527516
4 1 4 0 -0.0003463
4 1 4 1 0.0705377
4 1 4 2 0.0000000
4 1 4 3 0.0065175
4 1 4 4 0.0079583
4 2 0 0 0.0000000
4 2 1 0 -0.0000000
4 2 1 1 0.0000000
4 2 2 0 -0.0010719
4 2 2 1 -0.0732033
4 2 2 2 0.0000000
4 2 3 0 0.0000000
4 2 3 1 -0.0000000
4 2 3 2 0.0175119
4 2 3 3 0.0000000
4 2 4 0 -0.0000000
4 2 4 1 0.0000000
4 2 4 2 0.0808948
4 2 4 3 -0.0000000
4 2 4 4 -0.0000000
4 3 0 0 -0.1475678
4 3 1 0 0.0050742
4 3 1 1 0.0223050
4 3 2 0 -0.0000000
4 3 2 1 -0.0000000
4 3 2 2 -0.0191252
4 3 3 0 0.0083967
4 3 3 1 0.0540338
4 3 3 2 0.0000000
4 3 3 3 -0.0928567
4 3 4 0 -0.0013583
4 3 4 1 0.0065175
4 3 4 2 -0.0000000
4 3 4 3 0.0833175
4 3 4 4 0.0333790
4 4 0 0 0.5054680
4 4 1 0 0.0017540
4 4 1 1 0.5142067
4 4 2 0 0.0000000
4 4 2 1 0.0000000
4 4 2 2 0.4733330
4 4 3 0 0.0011788
4 4 3 1 0.0181981
4 4 3 2 -0.0000000
4 4 3 3 0.4429838
4 4 4 0 -0.0000160
4 4 4 1 0.0079583
4 4 4 2 -0.0000000
4 4 4 3 0.0333790
4 4 4 4 0.5188104
5 0 0 0 -0.2214414
5 0 1 0 0.0261593
5 0 1 1 0.0118779
5 0 2 0 -0.0000000
5 0 2 1 -0.0000000
5 0 2 2 0.0008327
5 0 3 0 -0.0071468
5 0 3 1 0.0062922
5 0 3 2 0.0000000
5 0 3 3 -0.0155300
5 0 4 0 0.0127032
5 0 4 1 0.0011846
5 0 4 2 -0.0000000
5 0 4 3 0.0123894
5 0 4 4 0.0026854
5 0 5 0 0.0396872
5 0 5 1 0.0042207
5 0 5 2 0.0000000
5 0 5 3 -0.0041809
5 0 5 4 0.0026001
5 0 5 5 0.0101433
5 1 0 0 0.2650115
5 1 1 0 0.0004373
5 1 1 1 0.0697582
5 1 2 0 -0.0000000
5 1 2 1 0.0000000
5 1 2 2 0.0689496
5 1 3 0 0.0079476
5 1 3 1 -0.0268859
5 1 3 2 -0.0000000
5 1 3 3 0.0896706
5 1 4 0 -0.0031917
5 1 4 1 0.0144139
5 1 4 2 0.0000000
5 1 4 3 -0.0485474
5 1 4 4 0.0001599
5 1 5 0 0.0042207
5 1 5 1 0.1047668
5 1 5 2 -0.0000000
5 1 5 3 0.0356128
5 1 5 4 0.0359790
5 1 5 5 0.0868381
5 2 0 0 -0.0000000
5 2 1 0 0.0000000
5 2 1 1 -0.0000000
5 2 2 0 0.0058332
5 2 2 1 0.0050726
5 2 2 2 -0.0000000
5 2 3 0 -0.0000000
5 2 3 1 0.0000000
5 2 3 2 -0.0012127
5 2 3 3 -0.0000000
5 2 4 0 0.0000000
5 2 4 1 -0.0000000
5 2 4 2 0.0163956
5 2 4 3 0.0000000
5 2 4 4 -0.0000000
5 2 5 0 0.0000000
5 2 5 1 -0.0000000
5 2 5 2 0.0237072
5 2 5 3 -0.0000000
5 2 5 4 0.0000000
5 2 5 5 -0.0000000
5 3 0 0 0.0836001
5 3 1 0 -0.0041089
5 3 1 1 -0.0196506
5 3 2 0 0.0000000
5 3 2 1 0.0000000
5 3 2 2 0.0159996
5 3 3 0 0.0026939
5 3 3 1 -0.0074147
5 3 3 2 -0.0000000
5 3 3 3 0.0337305
5 3 4 0 -0.0018393
5 3 4 1 -0.0204691
5 3 4 2 0.0000000
5 3 4 3 -0.0362461
5 3 4 4 -0.0258609
5 3 5 0 -0.0041809
5 3 5 1 0.0356128
5 3 5 2 -0.0000000
5 3 5 3 0.0526909
5 3 5 4 0.0193652
5 3 5 5 -0.0020614
5 4 0 0 0.0500147
5 4 1 0 0.0011859
5 4 1 1 0.0089593
5 4 2 0 0.0000000
5 4 2 1 -0.0000000
5 4 2 2 0.0318908
5 4 3 0 0.0019705
5 4 3 1 -0.0328183
5 4 3 2 0.0000000
5 4 3 3 -0.0054595
5 4 4 0 -0.0004367
5 4 4 1 -0.0411387
5 4 4 2 0.0000000
5 4 4 3 -0.0255831
5 4 4 4 -0.0021543
5 4 5 0 0.0026001
5 4 5 1 0.0359790
5 4 5 2 0.0000000
5 4 5 3 0.0193652
5 4 5 4 0.0579248
5 4 5 5 -0.0125577
5 5 0 0 0.7915773
5 5 1 0 0.0006778
5 5 1 1 0.5774765
5 5 2 0 -0.0000000
5 5 2 1 -0.0000000
5 5 2 2 0.4996430
5 5 3 0 0.0184069
5 5 3 1 0.0368069
5 5 3 2 0.0000000
5 5 3 3 0.5094609
5 5 4 0 -0.0070640
5 5 4 1 0.0645403
5 5 4 2 0.0000000
5 5 4 3 0.0164770
5 5 4 4 0.4997711
5 5 5 0 0.0101433
5 5 5 1 0.0868381
5 5 5 2 -0.0000000
5 5 5 3 -0.0020614
5 5 5 4 -0.0125577
5 5 5 5 0.6265222
6 0 0 0 -0.0000000
6 0 1 0 0.0000000
6 0 1 1 0.0000000
6 0 2 0 0.0132331
6 0 2 1 0.0139483
6 0 2 2 0.0000000
6 0 3 0 0.0000000
6 0 3 1 0.0000000
6 0 3 2 -0.0097217
6 0 3 3 -0.0000000
6 0 4 0 0.0000000
6 0 4 1 0.0000000
6 0 4 2 -0.0013263
6 0 4 3 0.0000000
6 0 4 4 0.0000000
6 0 5 0 0.0000000
6 0 5 1 0.0000000
6 0 5 2 0.0073618
6 0 5 3 0.0000000
6 0 5 4 0.0000000
6 0 5 5 0.0000000
6 0 6 0 0.0191017
6 0 6 1 0.0048215
6 0 6 2 0.0000000
6 0 6 3 -0.0097548
6 0 6 4 0.0099417
6 0 6 5 0.0098368
6 0 6 6 -0.0000000
6 1 0 0 0.0000000
6 1 1 0 -0.0000000
6 1 1 1 0.0000000
6 1 2 0 0.0037063
6 1 2 1 -0.0320859
6 1 2 2 0.0000000
6 1 3 0 0.0000000
6 1 3 1 -0.0000000
6 1 3 2 0.0024311
6 1 3 3 0.0000000
6 1 4 0 0.0000000
6 1 4 1 -0.0000000
6 1 4 2 0.0498507
6 1 4 3 -0.0000000
6 1 4 4 -0.0000000
6 1 5 0 -0.0000000
6 1 5 1 0.0000000
6 1 5 2 0.0231679
6 1 5 3 0.0000000
6 1 5 4 0.0000000
6 1 5 5 0.0000000
6 1 6 0 0.0048215
6 1 6 1 0.0422727
6 1 6 2 -0.0000000
6 1 6 3 -0.0117135
6 1 6 4 -0.0518264
6 1 6 5 -0.0211160
6 1 6 6 0.0000000
6 2 0 0 0.2541003
6 2 1 0 -0.0060774
6 2 1 1 0.0122967
6 2 2 0 0.0000000
6 2 2 1 0.0000000
6 2 2 2 0.0432702
6 2 3 0 0.0012275
6 2 3 1 -0.0203017
6 2 3 2 -0.0000000
6 2 3 3 0.1089363
6 2 4 0 -0.0028720
6 2 4 1 0.0392063
6 2 4 2 0.0000000
6 2 4 3 -0.0582964
6 2 4 4 -0.0337799
6 2 5 0 -0.0083697
6 2 5 1 0.0706555
6 2 5 2 -0.0000000
6 2 5 3 0.0323700
6 2 5 4 -0.0102568
6 2 5 5 0.0516445
6 2 6 0 0.0000000
6 2 6 1 -0.0000000
6 2 6 2 0.1208045
6 2 6 3 0.0000000
6 2 6 4 0.0000000
6 2 6 5 0.0000000
6 2 6 6 0.0447933
6 3 0 0 0.0000000
6 3 1 0 -0.0000000
6 3 1 1 -0.0000000
6 3 2 0 -0.0070475
6 3 2 1 -0.0149707
6 3 2 2 0.0000000
6 3 3 0 -0.0000000
6 3 3 1 -0.0000000
6 3 3 2 0.0276499
6 3 3 3 0.0000000
6 3 4 0 -0.0000000
6 3 4 1 -0.0000000
6 3 4 2 -0.0088758
6 3 4 3 -0.0000000
6 3 4 4 -0.0000000
6 3 5 0 -0.0000000
6 3 5 1 0.0000000
6 3 5 2 -0.0050715
6 3 5 3 0.0000000
6 3 5 4 0.0000000
6 3 5 5 -0.0000000
6 3 6 0 -0.0097548
6 3 6 1 -0.0117135
6 3 6 2 0.0000000
6 3 6 3 0.0309183
6 3 6 4 -0.0103527
6 3 6 5 -0.0016173
6 3 6 6 0.0000000
6 4 0 0 0.0000000
6 4 1 0 -0.0000000
6 4 1 1 -0.0000000
6 4 2 0 0.0072673
6 4 2 1 0.0924464
6 4 2 2 0.0000000
6 4 3 0 0.0000000
6 4 3 1 -0.0000000
6 4 3 2 -0.0374479
6 4 3 3 0.0000000
6 4 4 0 0.0000000
6 4 4 1 -0.0000000
6 4 4 2 -0.0857158
6 4 4 3 -0.0000000
6 4 4 4 0.0000000
6 4 5 0 -0.0000000
6 4 5 1 0.0000000
6 4 5 2 -0.0169551
6 4 5 3 0.0000000
6 4 5 4 0.0000000
6 4 5 5 -0.0000000
6 4 6 0 0.0099417
6 4 6 1 -0.0518264
6 4 6 2 0.0000000
6 4 6 3 -0.0103527
6 4 6 4 0.1116481
6 4 6 5 0.0573789
6 4 6 6 -0.0000000
6 5 0 0 0.0000000
6 5 1 0 0.0000000
6 5 1 1 0.0000000
6 5 2 0 0.0074933
6 5 2 1 0.0595340
6 5 2 2 -0.0000000
6 5 3 0 0.0000000
6 5 3 1 0.0000000
6 5 3 2 -0.0157600
6 5 3 3 0.0000000
6 5 4 0 0.0000000
6 5 4 1 0.0000000
6 5 4 2 -0.0454955
6 5 4 3 0.0000000
6 5 4 4 0.0000000
6 5 5 0 0.0000000
6 5 5 1 0.0000000
6 5 5 2 0.0033371
6 5 5 3 -0.0000000
6 5 5 4 -0.0000000
6 5 5 5 0.0000000
6 5 6 0 0.0098368
6 5 6 1 -0.0211160
6 5 6 2 0.0000000
6 5 6 3 -0.0016173
6 5 6 4 0.0573789
6 5 6 5 0.0434482
6 5 6 6 -0.0000000
6 6 0 0 0.7156109
6 6 1 0 -0.0055415
6 6 1 1 0.4980213
6 6 2 0 -0.0000000
6 6 2 1 -0.0000000
6 6 2 2 0.5303297
6 6 3 0 0.0041792
6 6 3 1 -0.0195272
6 6 3 2 0.0000000
6 6 3 3 0.4934346
6 6 4 0 -0.0038050
6 6 4 1 -0.0195548
6 6 4 2 0.0000000
6 6 4 3 -0.0287503
6 6 4 4 0.4790599
6 6 5 0 -0.0060414
6 6 5 1 0.0610514
6 6 5 2 -0.0000000
6 6 5 3 0.0239167
6 6 5 4 0.0361693
6 6 5 5 0.5017749
6 6 6 0 -0.0000000
6 6 6 1 0.0000000
6 6 6 2 0.0447933
6 6 6 3 0.0000000
6 6 6 4 -0.0000000
6 6 6 5 -0.0000000
6 6 6 6 0.5525214
7 0 0 0 -0.0850733
7 0 1 0 0.0037134
7 0 1 1 -0.0068006
7 0 2 0 -0.0000000
7 0 2 1 0.0000000
7 0 2 2 -0.0005930
7 0 3 0 -0.0033835
7 0 3 1 0.0049599
7 0 3 2 -0.0000000
7 0 3 3 -0.0045400
7 0 4 0 0.0032866
7 0 4 1 -0.0034682
7 0 4 2 0.0000000
7 0 4 3 0.0025320
7 0 4 4 -0.0037084
7 0 5 0 0.0054034
7 0 5 1 -0.0043299
7 0 5 2 -0.0000000
7 0 5 3 0.0057833
7 0 5 4 -0.0033654
7 0 5 5 -0.0048315
7 0 6 0 0.0000000
7 0 6 1 -0.0000000
7 0 6 2 0.0016941
7 0 6 3 0.0000000
7 0 6 4 0.0000000
7 0 6 5 -0.0000000
7 0 6 6 0.0005989
7 0 7 0 0.0112586
7 0 7 1 0.0014918
7 0 7 2 -0.0000000
7 0 7 3 -0.0026056
7 0 7 4 0.0014546
7 0 7 5 0.0031677
7 0 7 6 0.0000000
7 0 7 7 0.0059805
7 1 0 0 -0.0068123
7 1 1 0 -0.0007737
7 1 1 1 0.0000806
7 1 2 0 -0.0000000
7 1 2 1 -0.0000000
7 1 2 2 0.0056481
7 1 3 0 0.0032081
7 1 3 1 0.0070653
7 1 3 2 -0.0000000
7 1 3 3 -0.0111072
7 1 4 0 -0.0014592
7 1 4 1 -0.0071443
7 1 4 2 -0.0000000
7 1 4 3 0.0076711
7 1 4 4 0.0013263
7 1 5 0 0.0006249
7 1 5 1 -0.0024936
7 1 5 2 0.0000000
7 1 5 3 0.0048832
7 1 5 4 0.0011547
7 1 5 5 0.0000493
7 1 6 0 0.0000000
7 1 6 1 0.0000000
7 1 6 2 -0.0028530
7 1 6 3 -0.0000000
7 1 6 4 0.0000000
7 1 6 5 -0.0000000
7 1 6 6 0.0046700
7 1 7 0 0.0014918
7 1 7 1 0.0101707
7 1 7 2 -0.0000000
7 1 7 3 0.0047530
7 1 7 4 0.0069364
7 1 7 5 0.0004619
7 1 7 6 -0.0000000
7 1 7 7 -0.0022893
7 2 0 0 -0.0000000
7 2 1 0 -0.0000000
7 2 1 1 -0.0000000
7 2 2 0 0.0049312
7 2 2 1 0.0222437
7 2 2 2 0.0000000
7 2 3 0 -0.0000000
7 2 3 1 -0.0000000
7 2 3 2 -0.0120213
7 2 3 3 0.0000000
7 2 4 0 0.0000000
7 2 4 1 0.0000000
7 2 4 2 -0.0122832
7 2 4 3 -0.0000000
7 2 4 4 0.0000000
7 2 5 0 -0.0000000
7 2 5 1 0.0000000
7 2 5 2 0.0044093
7 2 5 3 0.0000000
7 2 5 4 -0.0000000
7 2 5 5 -0.0000000
7 2 6 0 0.0069302
7 2 6 1 -0.0012545
7 2 6 2 0.0000000
7 2 6 3 -0.0099326
7 2 6 4 0.0181928
7 2 6 5 0.0127023
7 2 6 6 -0.0000000
7 2 7 0 -0.0000000
7 2 7 1 -0.0000000
7 2 7 2 0.0182255
7 2 7 3 -0.0000000
7 2 7 4 0.0000000
7 2 7 5 -0.0000000
7 2 7 6 0.0158464
7 2 7 7 -0.0000000
7 3 0 0 -0.0079222
7 3 1 0 0.0043387
7 3 1 1 0.0264631
7 3 2 0 -0.0000000
7 3 2 1 -0.0000000
7 3 2 2 0.0008494
7 3 3 0 0.0025296
7 3 3 1 0.0028876
7 3 3 2 -0.0000000
7 3 3 3 -0.0111535
7 3 4 0 0.0003859
7 3 4 1 0.0092540
7 3 4 2 -0.0000000
7 3 4 3 0.0161830
7 3 4 4 0.0153124
7 3 5 0 0.0080283
7 3 5 1 0.0022667
7 3 5 2 0.0000000
7 3 5 3 -0.0185497
7 3 5 4 0.0023663
7 3 5 5 0.0227136
7 3 6 0 0.0000000
7 3 6 1 -0.0000000
7 3 6 2 -0.0157358
7 3 6 3 -0.0000000
7 3 6 4 -0.0000000
7 3 6 5 0.0000000
7 3 6 6 -0.0049365
7 3 7 0 -0.0026056
7 3 7 1 0.0047530
7 3 7 2 -0.0000000
7 3 7 3 0.0264543
7 3 7 4 0.0010351
7 3 7 5 0.0003558
7 3 7 6 -0.0000000
7 3 7 7 0.0053936
7 4 0 0 0.0072542
7 4 1 0 -0.0021192
7 4 1 1 -0.0073665
7 4 2 0 0.0000000
7 4 2 1 0.0000000
7 4 2 2 -0.0037143
7 4 3 0 0.0000225
7 4 3 1 0.0011047
7 4 3 2 -0.0000000
7 4 3 3 0.0053262
7 4 4 0 -0.0007331
7 4 4 1 0.0006522
7 4 4 2 0.0000000
7 4 4 3 -0.0026371
7 4 4 4 -0.0044371
7 4 5 0 -0.0032855
7 4 5 1 -0.0020830
7 4 5 2 0.0000000
7 4 5 3 0.0047070
7 4 5 4 -0.0052395
7 4 5 5 -0.0038137
7 4 6 0 0.0000000
7 4 6 1 0.0000000
7 4 6 2 0.0060117
7 4 6 3 -0.0000000
7 4 6 4 0.0000000
7 4 6 5 0.0000000
7 4 6 6 0.0000189
7 4 7 0 0.0014546
7 4 7 1 0.0069364
7 4 7 2 0.0000000
7 4 7 3 0.0010351
7 4 7 4 0.0177630
7 4 7 5 -0.0145965
7 4 7 6 -0.0000000
7 4 7 7 0.0057752
7 5 0 0 0.0108135
7 5 1 0 -0.0010965
7 5 1 1 0.0027402
7 5 2 0 -0.0000000
7 5 2 1 -0.0000000
7 5 2 2 0.0049837
7 5 3 0 0.0078229
7 5 3 1 0.0184593
7 5 3 2 0.0000000
7 5 3 3 -0.0160408
7 5 4 0 -0.0032010
7 5 4 1 0.0002393
7 5 4 2 0.0000000
7 5 4 3 0.0150316
7 5 4 4 -0.0013827
7 5 5 0 0.0030420
7 5 5 1 0.0009699
7 5 5 2 -0.0000000
7 5 5 3 0.0071343
7 5 5 4 -0.0044454
7 5 5 5 0.0156096
7 5 6 0 -0.0000000
7 5 6 1 -0.0000000
7 5 6 2 0.0034717
7 5 6 3 0.0000000
7 5 6 4 -0.0000000
7 5 6 5 0.0000000
7 5 6 6 0.0020619
7 5 7 0 0.0031677
7 5 7 1 0.0004619
7 5 7 2 -0.0000000
7 5 7 3 0.0003558
7 5 7 4 -0.0145965
7 5 7 5 0.0327488
7 5 7 6 0.0000000
7 5 7 7 0.0183887
7 6 0 0 0.0000000
7 6 1 0 0.0000000
7 6 1 1 0.0000000
7 6 2 0 0.0055373
7 6 2 1 0.0123781
7 6 2 2 0.0000000
7 6 3 0 0.0000000
7 6 3 1 0.0000000
7 6 3 2 -0.0113431
7 6 3 3 -0.0000000
7 6 4 0 0.0000000
7 6 4 1 0.0000000
7 6 4 2 -0.0008550
7 6 4 3 0.0000000
7 6 4 4 0.0000000
7 6 5 0 -0.0000000
7 6 5 1 -0.0000000
7 6 5 2 0.0064266
7 6 5 3 0.0000000
7 6 5 4 0.0000000
7 6 5 5 0.0000000
7 6 6 0 0.0078414
7 6 6 1 0.0055084
7 6 6 2 0.0000000
7 6 6 3 -0.0122098
7 6 6 4 0.0074174
7 6 6 5 0.0066094
7 6 6 6 -0.0000000
7 6 7 0 0.0000000
7 6 7 1 -0.0000000
7 6 7 2 0.0158464
7 6 7 3 -0.0000000
7 6 7 4 -0.0000000
7 6 7 5 0.0000000
7 6 7 6 0.0198812
7 6 7 7 0.0000000
7 7 0 0 0.5615270
7 7 1 0 -0.0064842
7 7 1 1 0.4327815
7 7 2 0 -0.0000000
7 7 2 1 -0.0000000
7 7 2 2 0.4032733
7 7 3 0 0.0083562
7 7 3 1 0.0405465
7 7 3 2 -0.0000000
7 7 3 3 0.4238577
7 7 4 0 -0.0052697
7 7 4 1 0.0517808
7 7 4 2 0.0000000
7 7 4 3 0.0197928
7 7 4 4 0.4119061
7 7 5 0 -0.0047972
7 7 5 1 0.0145765
7 7 5 2 -0.0000000
7 7 5 3 -0.0068456
7 7 5 4 -0.0487869
7 7 5 5 0.4822254
7 7 6 0 0.0000000
7 7 6 1 -0.0000000
7 7 6 2 0.0463943
7 7 6 3 -0.0000000
7 7 6 4 -0.0000000
7 7 6 5 0.0000000
7 7 6 6 0.4122247
7 7 7 0 0.0059805
7 7 7 1 -0.0022893
7 7 7 2 -0.0000000
7 7 7 3 0.0053936
7 7 7 4 0.0057752
7 7 7 5 0.0183887
7 7 7 6 0.0000000
7 7 7 7 0.5146545
8 0 0 0 -0.0000000
8 0 1 0 0.0000000
8 0 1 1 -0.0000000
8 0 2 0 -0.0002449
8 0 2 1 -0.0003091
8 0 2 2 -0.0000000
8 0 3 0 0.0000000
8 0 3 1 0.0000000
8 0 3 2 0.0001751
8 0 3 3 -0.0000000
8 0 4 0 -0.0000000
8 0 4 1 -0.0000000
8 0 4 2 -0.0000999
8 0 4 3 0.0000000
8 0 4 4 -0.0000000
8 0 5 0 0.0000000
8 0 5 1 0.0000000
8 0 5 2 -0.0002926
8 0 5 3 -0.0000000
8 0 5 4 -0.0000000
8 0 5 5 0.0000000
8 0 6 0 -0.0003416
8 0 6 1 -0.0002499
8 0 6 2 -0.0000000
8 0 6 3 0.0001926
8 0 6 4 -0.0000449
8 0 6 5 -0.0002068
8 0 6 6 -0.0000000
8 0 7 0 -0.0000000
8 0 7 1 -0.0000000
8 0 7 2 -0.0001289
8 0 7 3 0.0000000
8 0 7 4 -0.0000000
8 0 7 5 0.0000000
8 0 7 6 -0.0001572
8 0 7 7 0.0000000
8 0 8 0 0.0000107
8 0 8 1 -0.0000440
8 0 8 2 0.0000000
8 0 8 3 -0.0000853
8 0 8 4 -0.0000861
8 0 8 5 0.0002156
8 0 8 6 0.0000000
8 0 8 7 -0.0000301
8 0 8 8 0.0000000
8 1 0 0 0.0000000
8 1 1 0 -0.0000000
8 1 1 1 0.0000000
8 1 2 0 -0.0021110
8 1 2 1 -0.0344091
8 1 2 2 -0.0000000
8 1 3 0 0.0000000
8 1 3 1 -0.0000000
8 1 3 2 0.0084027
8 1 3 3 0.0000000
8 1 4 0 -0.0000000
8 1 4 1 0.0000000
8 1 4 2 0.0295713
8 1 4 3 0.0000000
8 1 4 4 -0.0000000
8 1 5 0 0.0000000
8 1 5 1 -0.0000000
8 1 5 2 0.0014771
8 1 5 3 0.0000000
8 1 5 4 0.0000000
8 1 5 5 0.0000000
8 1 6 0 -0.0026968
8 1 6 1 0.0177308
8 1 6 2 -0.0000000
8 1 6 3 0.0005529
8 1 6 4 -0.0357393
8 1 6 5 -0.0202372
8 1 6 6 0.0000000
8 1 7 0 -0.0000000
8 1 7 1 0.0000000
8 1 7 2 -0.0068629
8 1 7 3 -0.0000000
8 1 7 4 -0.0000000
8 1 7 5 0.0000000
8 1 7 6 -0.0011590
8 1 7 7 0.0000000
8 1 8 0 -0.0000440
8 1 8 1 0.0264117
8 1 8 2 0.0000000
8 1 8 3 0.0126766
8 1 8 4 0.0055095
8 1 8 5 -0.0261867
8 1 8 6 -0.0000000
8 1 8 7 -0.0003945
8 1 8 8 0.0000000
8 2 0 0 -0.0339991
8 2 1 0 -0.0001689
8 2 1 1 -0.0185651
8 2 2 0 -0.0000000
8 2 2 1 -0.0000000
8 2 2 2 -0.0294661
8 2 3 0 -0.0003074
8 2 3 1 0.0115994
8 2 3 2 0.0000000
8 2 3 3 -0.0156550
8 2 4 0 0.0000343
8 2 4 1 0.0180057
8 2 4 2 0.0000000
8 2 4 3 0.0126044
8 2 4 4 -0.0110545
8 2 5 0 -0.0003514
8 2 5 1 -0.0186737
8 2 5 2 0.0000000
8 2 5 3 -0.0139051
8 2 5 4 -0.0234783
8 2 5 5 -0.0045181
8 2 6 0 -0.0000000
8 2 6 1 -0.0000000
8 2 6 2 -0.0026823
8 2 6 3 -0.0000000
8 2 6 4 -0.0000000
8 2 6 5 0.0000000
8 2 6 6 -0.0293879
8 2 7 0 0.0000061
8 2 7 1 -0.0026516
8 2 7 2 -0.0000000
8 2 7 3 0.0032508
8 2 7 4 0.0013430
8 2 7 5 0.0010881
8 2 7 6 -0.0000000
8 2 7 7 0.0203855
8 2 8 0 0.0000000
8 2 8 1 0.0000000
8 2 8 2 0.0207976
8 2 8 3 0.0000000
8 2 8 4 -0.0000000
8 2 8 5 0.0000000
8 2 8 6 -0.0165401
8 2 8 7 0.0000000
8 2 8 8 0.0587315
8 3 0 0 -0.0000000
8 3 1 0 -0.0000000
8 3 1 1 -0.0000000
8 3 2 0 -0.0002747
8 3 2 1 -0.0068768
8 3 2 2 -0.0000000
8 3 3 0 0.0000000
8 3 3 1 0.0000000
8 3 3 2 0.0001469
8 3 3 3 -0.0000000
8 3 4 0 -0.0000000
8 3 4 1 0.0000000
8 3 4 2 0.0071829
8 3 4 3 -0.0000000
8 3 4 4 -0.0000000
8 3 5 0 0.0000000
8 3 5 1 -0.0000000
8 3 5 2 -0.0008558
8 3 5 3 0.0000000
8 3 5 4 0.0000000
8 3 5 5 0.0000000
8 3 6 0 -0.0003197
8 3 6 1 0.0041902
8 3 6 2 -0.0000000
8 3 6 3 -0.0013687
8 3 6 4 -0.0080034
8 3 6 5 -0.0038171
8 3 6 6 0.0000000
8 3 7 0 -0.0000000
8 3 7 1 -0.0000000
8 3 7 2 -0.0013596
8 3 7 3 0.0000000
8 3 7 4 -0.0000000
8 3 7 5 0.0000000
8 3 7 6 -0.0000454
8 3 7 7 0.0000000
8 3 8 0 -0.0000853
8 3 8 1 0.0126766
8 3 8 2 0.0000000
8 3 8 3 0.0090239
8 3 8 4 0.0088689
8 3 8 5 -0.0158328
8 3 8 6 -0.0000000
8 3 8 7 0.0011097
8 3 8 8 0.0000000
8 4 0 0 -0.0000000
8 4 1 0 0.0000000
8 4 1 1 0.0000000
8 4 2 0 0.0003299
8 4 2 1 0.0122149
8 4 2 2 0.0000000
8 4 3 0 -0.0000000
8 4 3 1 -0.0000000
8 4 3 2 -0.0031619
8 4 3 3 -0.0000000
8 4 4 0 0.0000000
8 4 4 1 -0.0000000
8 4 4 2 -0.0117566
8 4 4 3 -0.0000000
8 4 4 4 0.0000000
8 4 5 0 -0.0000000
8 4 5 1 0.0000000
8 4 5 2 -0.0062089
8 4 5 3 0.0000000
8 4 5 4 0.0000000
8 4 5 5 -0.0000000
8 4 6 0 0.0005434
8 4 6 1 -0.0094284
8 4 6 2 -0.0000000
8 4 6 3 -0.0004954
8 4 6 4 0.0141284
8 4 6 5 0.0098673
8 4 6 6 0.0000000
8 4 7 0 -0.0000000
8 4 7 1 0.0000000
8 4 7 2 0.0016939
8 4 7 3 -0.0000000
8 4 7 4 0.0000000
8 4 7 5 -0.0000000
8 4 7 6 0.0009559
8 4 7 7 -0.0000000
8 4 8 0 -0.0000861
8 4 8 1 0.0055095
8 4 8 2 -0.0000000
8 4 8 3 0.0088689
8 4 8 4 0.0168730
8 4 8 5 -0.0121347
8 4 8 6 -0.0000000
8 4 8 7 -0.0012288
8 4 8 8 -0.0000000
8 5 0 0 -0.0000000
8 5 1 0 -0.0000000
8 5 1 1 -0.0000000
8 5 2 0 0.0004425
8 5 2 1 0.0206596
8 5 2 2 -0.0000000
8 5 3 0 0.0000000
8 5 3 1 0.0000000
8 5 3 2 -0.0055418
8 5 3 3 0.0000000
8 5 4 0 0.0000000
8 5 4 1 0.0000000
8 5 4 2 -0.0246482
8 5 4 3 0.0000000
8 5 4 4 0.0000000
8 5 5 0 -0.0000000
8 5 5 1 0.0000000
8 5 5 2 -0.0045004
8 5 5 3 -0.0000000
8 5 5 4 -0.0000000
8 5 5 5 -0.0000000
8 5 6 0 0.0006035
8 5 6 1 -0.0167861
8 5 6 2 0.0000000
8 5 6 3 0.0015018
8 5 6 4 0.0293888
8 5 6 5 0.0130871
8 5 6 6 -0.0000000
8 5 7 0 0.0000000
8 5 7 1 -0.0000000
8 5 7 2 0.0039921
8 5 7 3 0.0000000
8 5 7 4 -0.0000000
8 5 7 5 0.0000000
8 5 7 6 -0.0013642
8 5 7 7 0.0000000
8 5 8 0 0.0002156
8 5 8 1 -0.0261867
8 5 8 2 0.0000000
8 5 8 3 -0.0158328
8 5 8 4 -0.0121347
8 5 8 5 0.0334568
8 5 8 6 0.0000000
8 5 8 7 0.0007696
8 5 8 8 0.0000000
8 6 0 0 0.0002450
8 6 1 0 0.0001960
8 6 1 1 0.0060505
8 6 2 0 0.0000000
8 6 2 1 0.0000000
8 6 2 2 0.0133587
8 6 3 0 -0.0003146
8 6 3 1 -0.0089019
8 6 3 2 -0.0000000
8 6 3 3 -0.0013081
8 6 4 0 0.0002592
8 6 4 1 -0.0197935
8 6 4 2 -0.0000000
8 6 4 3 -0.0065389
8 6 4 4 0.0077265
8 6 5 0 0.0001102
8 6 5 1 0.0048272
8 6 5 2 0.0000000
8 6 5 3 0.0080950
8 6 5 4 0.0209278
8 6 5 5 -0.0081359
8 6 6 0 -0.0000000
8 6 6 1 0.0000000
8 6 6 2 -0.0103352
8 6 6 3 0.0000000
8 6 6 4 0.0000000
8 6 6 5 -0.0000000
8 6 6 6 0.0169786
8 6 7 0 -0.0001249
8 6 7 1 0.0024482
8 6 7 2 0.0000000
8 6 7 3 -0.0018018
8 6 7 4 -0.0005189
8 6 7 5 -0.0032667
8 6 7 6 -0.0000000
8 6 7 7 -0.0251575
8 6 8 0 0.0000000
8 6 8 1 -0.0000000
8 6 8 2 -0.0165401
8 6 8 3 -0.0000000
8 6 8 4 -0.0000000
8 6 8 5 0.0000000
8 6 8 6 0.0157165
8 6 8 7 0.0000000
8 6 8 8 -0.0439550
8 7 0 0 -0.0000000
8 7 1 0 -0.0000000
8 7 1 1 -0.0000000
8 7 2 0 -0.0002691
8 7 2 1 -0.0031500
8 7 2 2 -0.0000000
8 7 3 0 0.0000000
8 7 3 1 -0.0000000
8 7 3 2 0.0014952
8 7 3 3 0.0000000
8 7 4 0 -0.0000000
8 7 4 1 0.0000000
8 7 4 2 0.0019631
8 7 4 3 0.0000000
8 7 4 4 -0.0000000
8 7 5 0 0.0000000
8 7 5 1 -0.0000000
8 7 5 2 0.0007809
8 7 5 3 0.0000000
8 7 5 4 -0.0000000
8 7 5 5 0.0000000
8 7 6 0 -0.0003254
8 7 6 1 0.0022193
8 7 6 2 -0.0000000
8 7 6 3 0.0001523
8 7 6 4 -0.0025658
8 7 6 5 -0.0026021
8 7 6 6 0.0000000
8 7 7 0 0.0000000
8 7 7 1 0.0000000
8 7 7 2 0.0036096
8 7 7 3 0.0000000
8 7 7 4 -0.0000000
8 7 7 5 0.0000000
8 7 7 6 -0.0040086
8 7 7 7 0.0000000
8 7 8 0 -0.0000301
8 7 8 1 -0.0003945
8 7 8 2 0.0000000
8 7 8 3 0.0011097
8 7 8 4 -0.0012288
8 7 8 5 0.0007696
8 7 8 6 0.0000000
8 7 8 7 0.0210482
8 7 8 8 0.0000000
8 8 0 0 0.3245190
8 8 1 0 0.0030693
8 8 1 1 0.4397301
8 8 2 0 0.0000000
8 8 2 1 -0.0000000
8 8 2 2 0.3530643
8 8 3 0 0.0040724
8 8 3 1 0.0733037
8 8 3 2 -0.0000000
8 8 3 3 0.3330383
8 8 4 0 -0.0007214
8 8 4 1 0.0592617
8 8 4 2 -0.0000000
8 8 4 3 0.0887571
8 8 4 4 0.4446428
8 8 5 0 0.0067927
8 8 5 1 -0.0690950
8 8 5 2 0.0000000
8 8 5 3 -0.0741958
8 8 5 4 -0.0754212
8 8 5 5 0.4674803
8 8 6 0 0.0000000
8 8 6 1 -0.0000000
8 8 6 2 -0.0511764
8 8 6 3 -0.0000000
8 8 6 4 -0.0000000
8 8 6 5 0.0000000
8 8 6 6 0.3540596
8 8 7 0 -0.0014011
8 8 7 1 -0.0020703
8 8 7 2 -0.0000000
8 8 7 3 0.0302562
8 8 7 4 -0.0012636
8 8 7 5 0.0108802
8 8 7 6 0.0000000
8 8 7 7 0.4670423
8 8 8 0 0.0000000
8 8 8 1 0.0000000
8 8 8 2 0.0587315
8 8 8 3 0.0000000
8 8 8 4 -0.0000000
8 8 8 5 0.0000000
8 8 8 6 -0.0439550
8 8 8 7 0.0000000
8 8 8 8 0.6728328
9 0 0 0 -0.0028045
9 0 1 0 0.0000978
9 0 1 1 -0.0003597
9 0 2 0 -0.0000000
9 0 2 1 0.0000000
9 0 2 2 -0.0003813
9 0 3 0 -0.0001150
9 0 3 1 0.0001787
9 0 3 2 -0.0000000
9 0 3 3 -0.0005032
9 0 4 0 0.0000863
9 0 4 1 -0.0000259
9 0 4 2 -0.0000000
9 0 4 3 0.0002729
9 0 4 4 -0.0001021
9 0 5 0 0.0001059
9 0 5 1 -0.0004540
9 0 5 2 0.0000000
9 0 5 3 -0.0001513
9 0 5 4 -0.0002273
9 0 5 5 -0.0004066
9 0 6 0 0.0000000
9 0 6 1 -0.0000000
9 0 6 2 -0.0003011
9 0 6 3 -0.0000000
9 0 6 4 -0.0000000
9 0 6 5 0.0000000
9 0 6 6 -0.0004139
9 0 7 0 0.0001227
9 0 7 1 0.0000084
9 0 7 2 -0.0000000
9 0 7 3 0.0000031
9 0 7 4 0.0000098
9 0 7 5 0.0000345
9 0 7 6 0.0000000
9 0 7 7 0.0000326
9 0 8 0 0.0000000
9 0 8 1 0.0000000
9 0 8 2 0.0001432
9 0 8 3 0.0000000
9 0 8 4 -0.0000000
9 0 8 5 0.0000000
9 0 8 6 -0.0000843
9 0 8 7 0.0000000
9 0 8 8 0.0004257
9 0 9 0 0.0000059
9 0 9 1 -0.0000151
9 0 9 2 0.0000000
9 0 9 3 -0.0000772
9 0 9 4 -0.0001608
9 0 9 5 0.0001131
9 0 9 6 0.0000000
9 0 9 7 -0.0000183
9 0 9 8 0.0000000
9 0 9 9 0.0027318
9 1 0 0 -0.0047945
9 1 1 0 -0.0000900
9 1 1 1 -0.0027923
9 1 2 0 0.0000000
9 1 2 1 -0.0000000
9 1 2 2 -0.0041055
9 1 3 0 0.0000121
9 1 3 1 0.0022188
9 1 3 2 -0.0000000
9 1 3 3 -0.0021086
9 1 4 0 -0.0000317
9 1 4 1 0.0028547
9 1 4 2 -0.0000000
9 1 4 3 0.0025455
9 1 4 4 -0.0005819
9 1 5 0 -0.0001187
9 1 5 1 -0.0031994
9 1 5 2 0.0000000
9 1 5 3 -0.0021105
9 1 5 4 -0.0042135
9 1 5 5 -0.0005404
9 1 6 0 -0.0000000
9 1 6 1 -0.0000000
9 1 6 2 0.0000183
9 1 6 3 -0.0000000
9 1 6 4 -0.0000000
9 1 6 5 0.0000000
9 1 6 6 -0.0041705
9 1 7 0 0.0000752
9 1 7 1 -0.0003705
9 1 7 2 -0.0000000
9 1 7 3 -0.0001112
9 1 7 4 -0.0001848
9 1 7 5 0.0006690
9 1 7 6 0.0000000
9 1 7 7 0.0009885
9 1 8 0 0.0000000
9 1 8 1 0.0000000
9 1 8 2 0.0017993
9 1 8 3 0.0000000
9 1 8 4 -0.0000000
9 1 8 5 0.0000000
9 1 8 6 -0.0015222
9 1 8 7 0.0000000
9 1 8 8 0.0031418
9 1 9 0 -0.0000151
9 1 9 1 0.0028416
9 1 9 2 -0.0000000
9 1 9 3 0.0029033
9 1 9 4 0.0049778
9 1 9 5 -0.0052099
9 1 9 6 -0.0000000
9 1 9 7 -0.0007005
9 1 9 8 0.0000000
9 1 9 9 -0.0162648
9 2 0 0 -0.0000000
9 2 1 0 0.0000000
9 2 1 1 -0.0000000
9 2 2 0 -0.0001418
9 2 2 1 -0.0021199
9 2 2 2 -0.0000000
9 2 3 0 0.0000000
9 2 3 1 0.0000000
9 2 3 2 0.0007249
9 2 3 3 0.0000000
9 2 4 0 -0.0000000
9 2 4 1 0.0000000
9 2 4 2 0.0021268
9 2 4 3 0.0000000
9 2 4 4 -0.0000000
9 2 5 0 0.0000000
9 2 5 1 -0.0000000
9 2 5 2 -0.0000937
9 2 5 3 -0.0000000
9 2 5 4 0.0000000
9 2 5 5 0.0000000
9 2 6 0 -0.0001771
9 2 6 1 0.0010305
9 2 6 2 -0.0000000
9 2 6 3 -0.0000891
9 2 6 4 -0.0024911
9 2 6 5 -0.0011011
9 2 6 6 0.0000000
9 2 7 0 -0.0000000
9 2 7 1 -0.0000000
9 2 7 2 -0.0003570
9 2 7 3 0.0000000
9 2 7 4 -0.0000000
9 2 7 5 0.0000000
9 2 7 6 -0.0000086
9 2 7 7 0.0000000
9 2 8 0 -0.0000022
9 2 8 1 0.0017872
9 2 8 2 0.0000000
9 2 8 3 0.0010986
9 2 8 4 0.0011122
9 2 8 5 -0.0020756
9 2 8 6 -0.0000000
9 2 8 7 0.0000220
9 2 8 8 0.0000000
9 2 9 0 0.0000000
9 2 9 1 -0.0000000
9 2 9 2 0.0013481
9 2 9 3 -0.0000000
9 2 9 4 -0.0000000
9 2 9 5 0.0000000
9 2 9 6 -0.0012639
9 2 9 7 -0.0000000
9 2 9 8 0.0041523
9 2 9 9 0.0000000
9 3 0 0 -0.0000045
9 3 1 0 0.0000533
9 3 1 1 0.0005470
9 3 2 0 -0.0000000
9 3 2 1 -0.0000000
9 3 2 2 -0.0003590
9 3 3 0 -0.0000486
9 3 3 1 0.0002932
9 3 3 2 -0.0000000
9 3 3 3 0.0005172
9 3 4 0 0.0000392
9 3 4 1 0.0010349
9 3 4 2 0.0000000
9 3 4 3 0.0006093
9 3 4 4 0.0008612
9 3 5 0 0.0000423
9 3 5 1 -0.0002285
9 3 5 2 -0.0000000
9 3 5 3 -0.0006940
9 3 5 4 -0.0007397
9 3 5 5 0.0004062
9 3 6 0 -0.0000000
9 3 6 1 -0.0000000
9 3 6 2 0.0002989
9 3 6 3 -0.0000000
9 3 6 4 -0.0000000
9 3 6 5 0.0000000
9 3 6 6 -0.0004531
9 3 7 0 -0.0000510
9 3 7 1 0.0000757
9 3 7 2 -0.0000000
9 3 7 3 0.0000201
9 3 7 4 0.0000403
9 3 7 5 -0.0002711
9 3 7 6 -0.0000000
9 3 7 7 -0.0021287
9 3 8 0 -0.0000000
9 3 8 1 0.0000000
9 3 8 2 -0.0007028
9 3 8 3 0.0000000
9 3 8 4 0.0000000
9 3 8 5 -0.0000000
9 3 8 6 0.0005612
9 3 8 7 0.0000000
9 3 8 8 -0.0028181
9 3 9 0 -0.0000772
9 3 9 1 0.0029033
9 3 9 2 -0.0000000
9 3 9 3 0.0043320
9 3 9 4 0.0079142
9 3 9 5 -0.0069605
9 3 9 6 -0.0000000
9 3 9 7 0.0006029
9 3 9 8 0.0000000
9 3 9 9 -0.0660059
9 4 0 0 0.0010954
9 4 1 0 -0.0000127
9 4 1 1 0.0014492
9 4 2 0 0.0000000
9 4 2 1 0.0000000
9 4 2 2 0.0011168
9 4 3 0 0.0000669
9 4 3 1 0.0002662
9 4 3 2 -0.0000000
9 4 3 3 0.0007522
9 4 4 0 -0.0000060
9 4 4 1 -0.0004933
9 4 4 2 -0.0000000
9 4 4 3 0.0002809
9 4 4 4 0.0017697
9 4 5 0 0.0000057
9 4 5 1 0.0003040
9 4 5 2 -0.0000000
9 4 5 3 0.0005578
9 4 5 4 0.0009609
9 4 5 5 0.0000720
9 4 6 0 0.0000000
9 4 6 1 -0.0000000
9 4 6 2 -0.0000441
9 4 6 3 0.0000000
9 4 6 4 0.0000000
9 4 6 5 -0.0000000
9 4 6 6 0.0013968
9 4 7 0 0.0000492
9 4 7 1 0.0003425
9 4 7 2 0.0000000
9 4 7 3 -0.0008462
9 4 7 4 -0.0003990
9 4 7 5 0.0000578
9 4 7 6 0.0000000
9 4 7 7 -0.0056348
9 4 8 0 -0.0000000
9 4 8 1 -0.0000000
9 4 8 2 -0.0028472
9 4 8 3 -0.0000000
9 4 8 4 0.0000000
9 4 8 5 -0.0000000
9 4 8 6 0.0025046
9 4 8 7 -0.0000000
9 4 8 8 -0.0082028
9 4 9 0 -0.0001608
9 4 9 1 0.0049778
9 4 9 2 -0.0000000
9 4 9 3 0.0079142
9 4 9 4 0.0152024
9 4 9 5 -0.0128046
9 4 9 6 -0.0000000
9 4 9 7 -0.0004907
9 4 9 8 -0.0000000
9 4 9 9 -0.1484129
9 5 0 0 -0.0030757
9 5 1 0 -0.0000998
9 5 1 1 -0.0028608
9 5 2 0 -0.0000000
9 5 2 1 -0.0000000
9 5 2 2 -0.0001036
9 5 3 0 -0.0001165
9 5 3 1 -0.0017210
9 5 3 2 0.0000000
9 5 3 3 -0.0026147
9 5 4 0 0.0000029
9 5 4 1 -0.0034838
9 5 4 2 0.0000000
9 5 4 3 -0.0015806
9 5 4 4 -0.0023997
9 5 5 0 -0.0001812
9 5 5 1 -0.0003065
9 5 5 2 0.0000000
9 5 5 3 0.0011058
9 5 5 4 0.0026213
9 5 5 5 -0.0036133
9 5 6 0 -0.0000000
9 5 6 1 0.0000000
9 5 6 2 -0.0017660
9 5 6 3 0.0000000
9 5 6 4 0.0000000
9 5 6 5 -0.0000000
9 5 6 6 0.0003997
9 5 7 0 0.0000414
9 5 7 1 0.0002278
9 5 7 2 -0.0000000
9 5 7 3 0.0003367
9 5 7 4 0.0004559
9 5 7 5 -0.0004786
9 5 7 6 -0.0000000
9 5 7 7 0.0009210
9 5 8 0 -0.0000000
9 5 8 1 0.0000000
9 5 8 2 0.0007655
9 5 8 3 0.0000000
9 5 8 4 0.0000000
9 5 8 5 -0.0000000
9 5 8 6 -0.0002639
9 5 8 7 0.0000000
9 5 8 8 0.0031511
9 5 9 0 0.0001131
9 5 9 1 -0.0052099
9 5 9 2 0.0000000
9 5 9 3 -0.0069605
9 5 9 4 -0.0128046
9 5 9 5 0.0118185
9 5 9 6 0.0000000
9 5 9 7 0.0008849
9 5 9 8 0.0000000
9 5 9 9 0.0952018
9 6 0 0 -0.0000000
9 6 1 0 -0.0000000
9 6 1 1 -0.0000000
9 6 2 0 0.0000712
9 6 2 1 0.0021104
9 6 2 2 -0.0000000
9 6 3 0 -0.0000000
9 6 3 1 -0.0000000
9 6 3 2 -0.0007041
9 6 3 3 -0.0000000
9 6 4 0 0.0000000
9 6 4 1 -0.0000000
9 6 4 2 -0.0025023
9 6 4 3 -0.0000000
9 6 4 4 0.0000000
9 6 5 0 -0.0000000
9 6 5 1 0.0000000
9 6 5 2 -0.0003420
9 6 5 3 0.0000000
9 6 5 4 -0.0000000
9 6 5 5 -0.0000000
9 6 6 0 0.0000940
9 6 6 1 -0.0015364
9 6 6 2 0.0000000
9 6 6 3 0.0001512
9 6 6 4 0.0029701
9 6 6 5 0.0012548
9 6 6 6 -0.0000000
9 6 7 0 -0.0000000
9 6 7 1 -0.0000000
9 6 7 2 0.0004282
9 6 7 3 0.0000000
9 6 7 4 0.0000000
9 6 7 5 -0.0000000
9 6 7 6 0.0000314
9 6 7 7 0.0000000
9 6 8 0 0.0000114
9 6 8 1 -0.0019609
9 6 8 2 0.0000000
9 6 8 3 -0.0011774
9 6 8 4 -0.0010007
9 6 8 5 0.0024513
9 6 8 6 0.0000000
9 6 8 7 -0.0001149
9 6 8 8 0.0000000
9 6 9 0 0.0000000
9 6 9 1 -0.0000000
9 6 9 2 -0.0012639
9 6 9 3 -0.0000000
9 6 9 4 -0.0000000
9 6 9 5 0.0000000
9 6 9 6 0.0012091
9 6 9 7 0.0000000
9 6 9 8 -0.0037681
9 6 9 9 0.0000000
9 7 0 0 0.0009793
9 7 1 0 -0.0000850
9 7 1 1 -0.0008597
9 7 2 0 -0.0000000
9 7 2 1 -0.0000000
9 7 2 2 -0.0002127
9 7 3 0 0.0000325
9 7 3 1 0.0002796
9 7 3 2 -0.0000000
9 7 3 3 0.0003482
9 7 4 0 -0.0000436
9 7 4 1 0.0001638
9 7 4 2 0.0000000
9 7 4 3 0.0000698
9 7 4 4 -0.0003810
9 7 5 0 -0.0000839
9 7 5 1 0.0003510
9 7 5 2 -0.0000000
9 7 5 3 0.0001066
9 7 5 4 -0.0004275
9 7 5 5 -0.0001133
9 7 6 0 -0.0000000
9 7 6 1 0.0000000
9 7 6 2 0.0007370
9 7 6 3 0.0000000
9 7 6 4 -0.0000000
9 7 6 5 0.0000000
9 7 6 6 -0.0002832
9 7 7 0 0.0000534
9 7 7 1 0.0009281
9 7 7 2 -0.0000000
9 7 7 3 0.0007991
9 7 7 4 0.0018635
9 7 7 5 -0.0013923
9 7 7 6 -0.0000000
9 7 7 7 0.0001770
9 7 8 0 0.0000000
9 7 8 1 0.0000000
9 7 8 2 0.0002538
9 7 8 3 0.0000000
9 7 8 4 -0.0000000
9 7 8 5 0.0000000
9 7 8 6 -0.0003920
9 7 8 7 -0.0000000
9 7 8 8 -0.0000624
9 7 9 0 -0.0000183
9 7 9 1 -0.0007005
9 7 9 2 -0.0000000
9 7 9 3 0.0006029
9 7 9 4 -0.0004907
9 7 9 5 0.0008849
9 7 9 6 0.0000000
9 7 9 7 0.0091562
9 7 9 8 0.0000000
9 7 9 9 0.0149379
9 8 0 0 0.0000000
9 8 1 0 0.0000000
9 8 1 1 0.0000000
9 8 2 0 0.0001081
9 8 2 1 0.0032481
9 8 2 2 0.0000000
9 8 3 0 -0.0000000
9 8 3 1 0.0000000
9 8 3 2 -0.0002050
9 8 3 3 0.0000000
9 8 4 0 0.0000000
9 8 4 1 -0.0000000
9 8 4 2 -0.0018916
9 8 4 3 -0.0000000
9 8 4 4 0.0000000
9 8 5 0 -0.0000000
9 8 5 1 0.0000000
9 8 5 2 -0.0016045
9 8 5 3 0.0000000
9 8 5 4 0.0000000
9 8 5 5 -0.0000000
9 8 6 0 0.0001545
9 8 6 1 -0.0025076
9 8 6 2 -0.0000000
9 8 6 3 -0.0004995
9 8 6 4 0.0026598
9 8 6 5 0.0028939
9 8 6 6 -0.0000000
9 8 7 0 0.0000000
9 8 7 1 -0.0000000
9 8 7 2 0.0004590
9 8 7 3 0.0000000
9 8 7 4 0.0000000
9 8 7 5 -0.0000000
9 8 7 6 0.0000583
9 8 7 7 0.0000000
9 8 8 0 0.0000159
9 8 8 1 0.0001584
9 8 8 2 -0.0000000
9 8 8 3 0.0014838
9 8 8 4 0.0042651
9 8 8 5 -0.0012845
9 8 8 6 -0.0000000
9 8 8 7 -0.0004312
9 8 8 8 0.0000000
9 8 9 0 0.0000000
9 8 9 1 0.0000000
9 8 9 2 0.0041523
9 8 9 3 0.0000000
9 8 9 4 -0.0000000
9 8 9 5 0.0000000
9 8 9 6 -0.0037681
9 8 9 7 0.0000000
9 8 9 8 0.0145315
9 8 9 9 0.0000000
9 9 0 0 0.3431400
9 9 1 0 0.0037474
9 9 1 1 0.5021580
9 9 2 0 0.0000000
9 9 2 1 -0.0000000
9 9 2 2 0.3705818
9 9 3 0 0.0047508
9 9 3 1 0.1195521
9 9 3 2 -0.0000000
9 9 3 3 0.3885567
9 9 4 0 -0.0012501
9 9 4 1 0.1351265
9 9 4 2 -0.0000000
9 9 4 3 0.1579781
9 9 4 4 0.5567269
9 9 5 0 0.0083552
9 9 5 1 -0.1217080
9 9 5 2 0.0000000
9 9 5 3 -0.1372966
9 9 5 4 -0.1838327
9 9 5 5 0.5898417
9 9 6 0 0.0000000
9 9 6 1 -0.0000000
9 9 6 2 -0.0550808
9 9 6 3 -0.0000000
9 9 6 4 -0.0000000
9 9 6 5 0.0000000
9 9 6 6 0.3649877
9 9 7 0 -0.0020304
9 9 7 1 -0.0095880
9 9 7 2 -0.0000000
9 9 7 3 0.0469068
9 9 7 4 0.0045935
9 9 7 5 0.0160017
9 9 7 6 0.0000000
9 9 7 7 0.6182418
9 9 8 0 0.0000000
9 9 8 1 0.0000000
9 9 8 2 0.1070457
9 9 8 3 0.0000000
9 9 8 4 -0.0000000
9 9 8 5 0.0000000
9 9 8 6 -0.0919039
9 9 8 7 0.0000000
9 9 8 8 0.8416887
9 9 9 0 0.0027318
9 9 9 1 -0.0162648
9 9 9 2 0.0000000
9 9 9 3 -0.0660059
9 9 9 4 -0.1484129
9 9 9 5 0.0952018
9 9 9 6 0.0000000
9 9 9 7 0.0149379
9 9 9 8 0.0000000
9 9 9 9 3.4993852
10 0 0 0 0.0250964
10 0 1 0 -0.0009819
10 0 1 1 0.0026301
10 0 2 0 0.0000000
10 0 2 1 -0.0000000
10 0 2 2 0.0012823
10 0 3 0 0.0009447
10 0 3 1 -0.0015360
10 0 3 2 0.0000000
10 0 3 3 0.0025135
10 0 4 0 -0.0008729
10 0 4 1 0.0009240
10 0 4 2 0.0000000
10 0 4 3 -0.0012372
10 0 4 4 0.0012885
10 0 5 0 -0.0013660
10 0 5 1 0.0021395
10 0 5 2 -0.0000000
10 0 5 3 -0.0009294
10 0 5 4 0.0012231
10 0 5 5 0.0023444
10 0 6 0 -0.0000000
10 0 6 1 0.0000000
10 0 6 2 0.0004572
10 0 6 3 0.0000000
10 0 6 4 0.0000000
10 0 6 5 0.0000000
10 0 6 6 0.0010778
10 0 7 0 -0.0027168
10 0 7 1 -0.0003986
10 0 7 2 0.0000000
10 0 7 3 0.0005156
10 0 7 4 -0.0004522
10 0 7 5 -0.0007279
10 0 7 6 -0.0000000
10 0 7 7 -0.0012114
10 0 8 0 -0.0000000
10 0 8 1 -0.0000000
10 0 8 2 -0.0003478
10 0 8 3 0.0000000
10 0 8 4 0.0000000
10 0 8 5 -0.0000000
10 0 8 6 0.0001989
10 0 8 7 -0.0000000
10 0 8 8 -0.0006587
10 0 9 0 -0.0000359
10 0 9 1 -0.0000596
10 0 9 2 0.0000000
10 0 9 3 0.0000154
10 0 9 4 0.0000128
10 0 9 5 -0.0000244
10 0 9 6 -0.0000000
10 0 9 7 -0.0000114
10 0 9 8 0.0000000
10 0 9 9 -0.0008069
10 0 10 0 0.0006750
10 0 10 1 0.0005178
10 0 10 2 0.0000000
10 0 10 3 -0.0000981
10 0 10 4 0.0001908
10 0 10 5 0.0000587
10 0 10 6 -0.0000000
10 0 10 7 -0.0000143
10 0 10 8 0.0000000
10 0 10 9 -0.0000062
10 0 10 10 -0.0010814
10 1 0 0 0.0331071
10 1 1 0 0.0009588
10 1 1 1 0.0324307
10 1 2 0 -0.0000000
10 1 2 1 -0.0000000
10 1 2 2 0.0250834
10 1 3 0 -0.0006488
10 1 3 1 -0.0052280
10 1 3 2 0.0000000
10 1 3 3 0.0257363
10 1 4 0 0.0005270
10 1 4 1 -0.0002053
10 1 4 2 -0.0000000
10 1 4 3 -0.0034507
10 1 4 4 0.0257563
10 1 5 0 0.0009638
10 1 5 1 0.0114437
10 1 5 2 -0.0000000
10 1 5 3 0.0006410
10 1 5 4 0.0083904
10 1 5 5 0.0220550
10 1 6 0 0.0000000
10 1 6 1 0.0000000
10 1 6 2 0.0005250
10 1 6 3 0.0000000
10 1 6 4 0.0000000
10 1 6 5 -0.0000000
10 1 6 6 0.0252695
10 1 7 0 -0.0009259
10 1 7 1 0.0009222
10 1 7 2 0.0000000
10 1 7 3 0.0004412
10 1 7 4 -0.0001034
10 1 7 5 -0.0052210
10 1 7 6 -0.0000000
10 1 7 7 -0.0023581
10 1 8 0 -0.0000000
10 1 8 1 -0.0000000
10 1 8 2 -0.0113314
10 1 8 3 -0.0000000
10 1 8 4 0.0000000
10 1 8 5 -0.0000000
10 1 8 6 0.0095165
10 1 8 7 -0.0000000
10 1 8 8 -0.0117036
10 1 9 0 -0.0001150
10 1 9 1 -0.0010577
10 1 9 2 -0.0000000
10 1 9 3 0.0013202
10 1 9 4 0.0036070
10 1 9 5 -0.0020341
10 1 9 6 -0.0000000
10 1 9 7 -0.0003126
10 1 9 8 0.0000000
10 1 9 9 -0.0406739
10 1 10 0 0.0005178
10 1 10 1 0.0212738
10 1 10 2 0.0000000
10 1 10 3 0.0100967
10 1 10 4 0.0111983
10 1 10 5 -0.0200813
10 1 10 6 -0.0000000
10 1 10 7 -0.0016677
10 1 10 8 0.0000000
10 1 10 9 -0.0001908
10 1 10 10 -0.0532867
10 2 0 0 -0.0000000
10 2 1 0 -0.0000000
10 2 1 1 -0.0000000
10 2 2 0 -0.0007019
10 2 2 1 0.0000021
10 2 2 2 0.0000000
10 2 3 0 0.0000000
10 2 3 1 -0.0000000
10 2 3 2 0.0008144
10 2 3 3 -0.0000000
10 2 4 0 -0.0000000
10 2 4 1 -0.0000000
10 2 4 2 -0.0007214
10 2 4 3 0.0000000
10 2 4 4 -0.0000000
10 2 5 0 0.0000000
10 2 5 1 0.0000000
10 2 5 2 -0.0015091
10 2 5 3 -0.0000000
10 2 5 4 0.0000000
10 2 5 5 -0.0000000
10 2 6 0 -0.0010069
10 2 6 1 -0.0016369
10 2 6 2 -0.0000000
10 2 6 3 0.0017632
10 2 6 4 0.0004989
10 2 6 5 0.0001678
10 2 6 6 -0.0000000
10 2 7 0 0.0000000
10 2 7 1 0.0000000
10 2 7 2 -0.0034367
10 2 7 3 -0.0000000
10 2 7 4 -0.0000000
10 2 7 5 0.0000000
10 2 7 6 -0.0032443
10 2 7 7 -0.0000000
10 2 8 0 -0.0000852
10 2 8 1 0.0002553
10 2 8 2 -0.0000000
10 2 8 3 0.0021204
10 2 8 4 0.0041826
10 2 8 5 -0.0037529
10 2 8 6 -0.0000000
10 2 8 7 -0.0006547
10 2 8 8 -0.0000000
10 2 9 0 0.0000000
10 2 9 1 -0.0000000
10 2 9 2 0.0004495
10 2 9 3 -0.0000000
10 2 9 4 -0.0000000
10 2 9 5 0.0000000
10 2 9 6 -0.0005655
10 2 9 7 -0.0000000
10 2 9 8 0.0008944
10 2 9 9 -0.0000000
10 2 10 0 0.0000000
10 2 10 1 0.0000000
10 2 10 2 0.0068682
10 2 10 3 -0.0000000
10 2 10 4 -0.0000000
10 2 10 5 0.0000000
10 2 10 6 -0.0042962
10 2 10 7 -0.0000000
10 2 10 8 0.0228305
10 2 10 9 -0.0000000
10 2 10 10 -0.0000000
10 3 0 0 0.0093797
10 3 1 0 -0.0007146
10 3 1 1 0.0093260
10 3 2 0 0.0000000
10 3 2 1 -0.0000000
10 3 2 2 0.0080136
10 3 3 0 -0.0002512
10 3 3 1 0.0032627
10 3 3 2 -0.0000000
10 3 3 3 0.0109283
10 3 4 0 -0.0001509
10 3 4 1 0.0017423
10 3 4 2 0.0000000
10 3 4 3 0.0022287
10 3 4 4 0.0124749
10 3 5 0 -0.0012566
10 3 5 1 -0.0019594
10 3 5 2 -0.0000000
10 3 5 3 0.0006867
10 3 5 4 -0.0040919
10 3 5 5 0.0084911
10 3 6 0 -0.0000000
10 3 6 1 -0.0000000
10 3 6 2 0.0015107
10 3 6 3 -0.0000000
10 3 6 4 -0.0000000
10 3 6 5 0.0000000
10 3 6 6 0.0095041
10 3 7 0 0.0004646
10 3 7 1 0.0014656
10 3 7 2 -0.0000000
10 3 7 3 -0.0024651
10 3 7 4 0.0050509
10 3 7 5 -0.0045595
10 3 7 6 -0.0000000
10 3 7 7 0.0070863
10 3 8 0 -0.0000000
10 3 8 1 -0.0000000
10 3 8 2 -0.0024083
10 3 8 3 -0.0000000
10 3 8 4 0.0000000
10 3 8 5 -0.0000000
10 3 8 6 0.0023814
10 3 8 7 -0.0000000
10 3 8 8 0.0046988
10 3 9 0 -0.0000272
10 3 9 1 0.0001410
10 3 9 2 -0.0000000
10 3 9 3 0.0010592
10 3 9 4 0.0024121
10 3 9 5 -0.0017057
10 3 9 6 -0.0000000
10 3 9 7 0.0001785
10 3 9 8 0.0000000
10 3 9 9 -0.0067714
10 3 10 0 -0.0000981
10 3 10 1 0.0100967
10 3 10 2 -0.0000000
10 3 10 3 0.0092581
10 3 10 4 0.0091066
10 3 10 5 -0.0128382
10 3 10 6 -0.0000000
10 3 10 7 0.0096527
10 3 10 8 0.0000000
10 3 10 9 0.0012214
10 3 10 10 -0.0153620
10 4 0 0 0.0132554
10 4 1 0 0.0010070
10 4 1 1 0.0228822
10 4 2 0 -0.0000000
10 4 2 1 -0.0000000
10 4 2 2 0.0092565
10 4 3 0 0.0001058
10 4 3 1 0.0051366
10 4 3 2 0.0000000
10 4 3 3 0.0148578
10 4 4 0 0.0002216
10 4 4 1 0.0121745
10 4 4 2 0.0000000
10 4 4 3 0.0078478
10 4 4 4 0.0200501
10 4 5 0 0.0015236
10 4 5 1 0.0005526
10 4 5 2 0.0000000
10 4 5 3 -0.0080876
10 4 5 4 -0.0084551
10 4 5 5 0.0225837
10 4 6 0 -0.0000000
10 4 6 1 -0.0000000
10 4 6 2 0.0010874
10 4 6 3 -0.0000000
10 4 6 4 -0.0000000
10 4 6 5 0.0000000
10 4 6 6 0.0068501
10 4 7 0 -0.0007815
10 4 7 1 0.0008763
10 4 7 2 -0.0000000
10 4 7 3 0.0058023
10 4 7 4 0.0032872
10 4 7 5 -0.0029512
10 4 7 6 -0.0000000
10 4 7 7 0.0175148
10 4 8 0 0.0000000
10 4 8 1 0.0000000
10 4 8 2 0.0011992
10 4 8 3 -0.0000000
10 4 8 4 -0.0000000
10 4 8 5 0.0000000
10 4 8 6 -0.0014416
10 4 8 7 0.0000000
10 4 8 8 0.0222877
10 4 9 0 -0.0000366
10 4 9 1 0.0008017
10 4 9 2 -0.0000000
10 4 9 3 0.0016628
10 4 9 4 0.0030023
10 4 9 5 -0.0029143
10 4 9 6 -0.0000000
10 4 9 7 0.0002224
10 4 9 8 -0.0000000
10 4 9 9 0.0159682
10 4 10 0 0.0001908
10 4 10 1 0.0111983
10 4 10 2 -0.0000000
10 4 10 3 0.0091066
10 4 10 4 0.0135988
10 4 10 5 -0.0147861
10 4 10 6 -0.0000000
10 4 10 7 0.0117997
10 4 10 8 -0.0000000
10 4 10 9 0.0030786
10 4 10 10 -0.0002757
10 5 0 0 -0.0148318
10 5 1 0 0.0001120
10 5 1 1 -0.0213552
10 5 2 0 0.0000000
10 5 2 1 0.0000000
10 5 2 2 -0.0173056
10 5 3 0 -0.0019368
10 5 3 1 -0.0061566
10 5 3 2 -0.0000000
10 5 3 3 -0.0097082
10 5 4 0 0.0007542
10 5 4 1 0.0012523
10 5 4 2 -0.0000000
10 5 4 3 -0.0080219
10 5 4 4 -0.0233615
10 5 5 0 -0.0010521
10 5 5 1 -0.0002259
10 5 5 2 -0.0000000
10 5 5 3 -0.0006220
10 5 5 4 -0.0005823
10 5 5 5 -0.0186567
10 5 6 0 -0.0000000
10 5 6 1 -0.0000000
10 5 6 2 0.0035561
10 5 6 3 0.0000000
10 5 6 4 0.0000000
10 5 6 5 0.0000000
10 5 6 6 -0.0182872
10 5 7 0 -0.0007387
10 5 7 1 -0.0043653
10 5 7 2 0.0000000
10 5 7 3 -0.0026037
10 5 7 4 -0.0009255
10 5 7 5 -0.0024978
10 5 7 6 0.0000000
10 5 7 7 -0.0064488
10 5 8 0 -0.0000000
10 5 8 1 -0.0000000
10 5 8 2 0.0070604
10 5 8 3 0.0000000
10 5 8 4 -0.0000000
10 5 8 5 0.0000000
10 5 8 6 -0.0067167
10 5 8 7 -0.0000000
10 5 8 8 -0.0065316
10 5 9 0 0.0000661
10 5 9 1 0.0000194
10 5 9 2 0.0000000
10 5 9 3 -0.0019758
10 5 9 4 -0.0048946
10 5 9 5 0.0031405
10 5 9 6 0.0000000
10 5 9 7 0.0001335
10 5 9 8 0.0000000
10 5 9 9 0.0294686
10 5 10 0 0.0000587
10 5 10 1 -0.0200813
10 5 10 2 0.0000000
10 5 10 3 -0.0128382
10 5 10 4 -0.0147861
10 5 10 5 0.0265942
10 5 10 6 0.0000000
10 5 10 7 -0.0030182
10 5 10 8 0.0000000
10 5 10 9 -0.0001868
10 5 10 10 0.0436069
10 6 0 0 -0.0000000
10 6 1 0 -0.0000000
10 6 1 1 -0.0000000
10 6 2 0 -0.0013277
10 6 2 1 -0.0084534
10 6 2 2 -0.0000000
10 6 3 0 -0.0000000
10 6 3 1 -0.0000000
10 6 3 2 0.0040426
10 6 3 3 -0.0000000
10 6 4 0 -0.0000000
10 6 4 1 -0.0000000
10 6 4 2 0.0061149
10 6 4 3 -0.0000000
10 6 4 4 -0.0000000
10 6 5 0 -0.0000000
10 6 5 1 -0.0000000
10 6 5 2 0.0007271
10 6 5 3 0.0000000
10 6 5 4 0.0000000
10 6 5 5 -0.0000000
10 6 6 0 -0.0019110
10 6 6 1 0.0032366
10 6 6 2 -0.0000000
10 6 6 3 0.0024264
10 6 6 4 -0.0089639
10 6 6 5 -0.0056544
10 6 6 6 -0.0000000
10 6 7 0 0.0000000
10 6 7 1 -0.0000000
10 6 7 2 -0.0043837
10 6 7 3 -0.0000000
10 6 7 4 -0.0000000
10 6 7 5 0.0000000
10 6 7 6 -0.0045372
10 6 7 7 -0.0000000
10 6 8 0 0.0000990
10 6 8 1 0.0031284
10 6 8 2 0.0000000
10 6 8 3 -0.0007413
10 6 8 4 -0.0044517
10 6 8 5 0.0003809
10 6 8 6 0.0000000
10 6 8 7 0.0013582
10 6 8 8 -0.0000000
10 6 9 0 0.0000000
10 6 9 1 -0.0000000
10 6 9 2 -0.0002980
10 6 9 3 -0.0000000
10 6 9 4 -0.0000000
10 6 9 5 0.0000000
10 6 9 6 0.0002862
10 6 9 7 -0.0000000
10 6 9 8 -0.0014379
10 6 9 9 0.0000000
10 6 10 0 -0.0000000
10 6 10 1 -0.0000000
10 6 10 2 -0.0042962
10 6 10 3 -0.0000000
10 6 10 4 -0.0000000
10 6 10 5 0.0000000
10 6 10 6 0.0058047
10 6 10 7 -0.0000000
10 6 10 8 -0.0157951
10 6 10 9 -0.0000000
10 6 10 10 0.0000000
10 7 0 0 -0.0551941
10 7 1 0 0.0026206
10 7 1 1 0.0070353
10 7 2 0 0.0000000
10 7 2 1 0.0000000
10 7 2 2 -0.0125420
10 7 3 0 -0.0015658
10 7 3 1 0.0036761
10 7 3 2 -0.0000000
10 7 3 3 -0.0172525
10 7 4 0 0.0012670
10 7 4 1 0.0042944
10 7 4 2 -0.0000000
10 7 4 3 0.0179761
10 7 4 4 0.0130593
10 7 5 0 0.0027940
10 7 5 1 -0.0191176
10 7 5 2 0.0000000
10 7 5 3 -0.0195922
10 7 5 4 -0.0075255
10 7 5 5 -0.0025647
10 7 6 0 0.0000000
10 7 6 1 -0.0000000
10 7 6 2 -0.0229821
10 7 6 3 -0.0000000
10 7 6 4 -0.0000000
10 7 6 5 0.0000000
10 7 6 6 -0.0141619
10 7 7 0 -0.0023861
10 7 7 1 0.0029097
10 7 7 2 -0.0000000
10 7 7 3 0.0161115
10 7 7 4 0.0178418
10 7 7 5 -0.0178207
10 7 7 6 -0.0000000
10 7 7 7 -0.0054839
10 7 8 0 0.0000000
10 7 8 1 -0.0000000
10 7 8 2 0.0057081
10 7 8 3 0.0000000
10 7 8 4 0.0000000
10 7 8 5 0.0000000
10 7 8 6 -0.0007188
10 7 8 7 -0.0000000
10 7 8 8 0.0340626
10 7 9 0 0.0000873
10 7 9 1 0.0000842
10 7 9 2 0.0000000
10 7 9 3 -0.0001258
10 7 9 4 -0.0011949
10 7 9 5 0.0009567
10 7 9 6 0.0000000
10 7 9 7 0.0002960
10 7 9 8 0.0000000
10 7 9 9 0.0632212
10 7 10 0 -0.0000143
10 7 10 1 -0.0016677
10 7 10 2 -0.0000000
10 7 10 3 0.0096527
10 7 10 4 0.0117997
10 7 10 5 -0.0030182
10 7 10 6 -0.0000000
10 7 10 7 0.0750995
10 7 10 8 -0.0000000
10 7 10 9 0.0038252
10 7 10 10 0.0676368
10 8 0 0 -0.0000000
10 8 1 0 -0.0000000
10 8 1 1 -0.0000000
10 8 2 0 -0.0010727
10 8 2 1 -0.0257745
10 8 2 2 -0.0000000
10 8 3 0 0.0000000
10 8 3 1 -0.0000000
10 8 3 2 0.0060406
10 8 3 3 0.0000000
10 8 4 0 -0.0000000
10 8 4 1 0.0000000
10 8 4 2 0.0257213
10 8 4 3 0.0000000
10 8 4 4 -0.0000000
10 8 5 0 0.0000000
10 8 5 1 -0.0000000
10 8 5 2 0.0039082
10 8 5 3 0.0000000
10 8 5 4 0.0000000
10 8 5 5 0.0000000
10 8 6 0 -0.0012596
10 8 6 1 0.0186879
10 8 6 2 -0.0000000
10 8 6 3 -0.0002356
10 8 6 4 -0.0310532
10 8 6 5 -0.0164675
10 8 6 6 0.0000000
10 8 7 0 -0.0000000
10 8 7 1 0.0000000
10 8 7 2 -0.0048866
10 8 7 3 -0.0000000
10 8 7 4 0.0000000
10 8 7 5 -0.0000000
10 8 7 6 0.0013906
10 8 7 7 0.0000000
10 8 8 0 -0.0004835
10 8 8 1 0.0209921
10 8 8 2 0.0000000
10 8 8 3 0.0159344
10 8 8 4 0.0149731
10 8 8 5 -0.0353823
10 8 8 6 -0.0000000
10 8 8 7 0.0012069
10 8 8 8 0.0000000
10 8 9 0 0.0000000
10 8 9 1 0.0000000
10 8 9 2 0.0025089
10 8 9 3 0.0000000
10 8 9 4 -0.0000000
10 8 9 5 0.0000000
10 8 9 6 -0.0033143
10 8 9 7 0.0000000
10 8 9 8 -0.0000316
10 8 9 9 0.0000000
10 8 10 0 0.0000000
10 8 10 1 0.0000000
10 8 10 2 0.0228305
10 8 10 3 0.0000000
10 8 10 4 -0.0000000
10 8 10 5 0.0000000
10 8 10 6 -0.0157951
10 8 10 7 -0.0000000
10 8 10 8 0.1090352
10 8 10 9 -0.0000000
10 8 10 10 0.0000000
10 9 0 0 0.0125060
10 9 1 0 0.0002290
10 9 1 1 0.0235746
10 9 2 0 -0.0000000
10 9 2 1 -0.0000000
10 9 2 2 0.0135550
10 9 3 0 0.0003708
10 9 3 1 0.0106310
10 9 3 2 -0.0000000
10 9 3 3 0.0178810
10 9 4 0 -0.0001432
10 9 4 1 0.0138205
10 9 4 2 -0.0000000
10 9 4 3 0.0145364
10 9 4 4 0.0316861
10 9 5 0 0.0006114
10 9 5 1 -0.0099881
10 9 5 2 0.0000000
10 9 5 3 -0.0121659
10 9 5 4 -0.0194687
10 9 5 5 0.0337044
10 9 6 0 0.0000000
10 9 6 1 -0.0000000
10 9 6 2 -0.0027952
10 9 6 3 -0.0000000
10 9 6 4 -0.0000000
10 9 6 5 0.0000000
10 9 6 6 0.0125117
10 9 7 0 -0.0001046
10 9 7 1 -0.0009973
10 9 7 2 -0.0000000
10 9 7 3 0.0031470
10 9 7 4 0.0004454
10 9 7 5 0.0016703
10 9 7 6 0.0000000
10 9 7 7 0.0335518
10 9 8 0 0.0000000
10 9 8 1 0.0000000
10 9 8 2 0.0094405
10 9 8 3 0.0000000
10 9 8 4 -0.0000000
10 9 8 5 0.0000000
10 9 8 6 -0.0090639
10 9 8 7 0.0000000
10 9 8 8 0.0496117
10 9 9 0 0.0002714
10 9 9 1 -0.0041333
10 9 9 2 0.0000000
10 9 9 3 -0.0084928
10 9 9 4 -0.0179382
10 9 9 5 0.0134005
10 9 9 6 0.0000000
10 9 9 7 0.0036628
10 9 9 8 0.0000000
10 9 9 9 0.3648304
10 9 10 0 -0.0000062
10 9 10 1 -0.0001908
10 9 10 2 -0.0000000
10 9 10 3 0.0012214
10 9 10 4 0.0030786
10 9 10 5 -0.0001868
10 9 10 6 -0.0000000
10 9 10 7 0.0038252
10 9 10 8 -0.0000000
10 9 10 9 0.0530073
10 9 10 10 0.0389064
10 10 0 0 0.2902881
10 10 1 0 0.0022491
10 10 1 1 0.3834049
10 10 2 0 0.0000000
10 10 2 1 -0.0000000
10 10 2 2 0.3077409
10 10 3 0 0.0028418
10 10 3 1 0.0604624
10 10 3 2 -0.0000000
10 10 3 3 0.3005693
10 10 4 0 -0.0005990
10 10 4 1 0.0590899
10 10 4 2 -0.0000000
10 10 4 3 0.0757498
10 10 4 4 0.3862812
10 10 5 0 0.0046143
10 10 5 1 -0.0671254
10 10 5 2 0.0000000
10 10 5 3 -0.0706853
10 10 5 4 -0.0754831
10 10 5 5 0.4164444
10 10 6 0 0.0000000
10 10 6 1 -0.0000000
10 10 6 2 -0.0398834
10 10 6 3 -0.0000000
10 10 6 4 -0.0000000
10 10 6 5 0.0000000
10 10 6 6 0.3078826
10 10 7 0 -0.0014302
10 10 7 1 -0.0022168
10 10 7 2 -0.0000000
10 10 7 3 0.0370388
10 10 7 4 0.0138485
10 10 7 5 -0.0009061
10 10 7 6 -0.0000000
10 10 7 7 0.4644443
10 10 8 0 0.0000000
10 10 8 1 0.0000000
10 10 8 2 0.0649793
10 10 8 3 0.0000000
10 10 8 4 -0.0000000
10 10 8 5 0.0000000
10 10 8 6 -0.0508052
10 10 8 7 0.0000000
10 10 8 8 0.6110799
10 10 9 0 0.0005261
10 10 9 1 0.0038781
10 10 9 2 0.0000000
10 10 9 3 -0.0053589
10 10 9 4 -0.0158747
10 10 9 5 0.0074256
10 10 9 6 0.0000000
10 10 9 7 0.0004442
10 10 9 8 0.0000000
10 10 9 9 0.8412154
10 10 10 0 -0.0010814
10 10 10 1 -0.0532867
10 10 10 2 -0.0000000
10 10 10 3 -0.0153620
10 10 10 4 -0.0002757
10 10 10 5 0.0436069
10 10 10 6 0.0000000
10 10 10 7 0.0676368
10 10 10 8 0.0000000
10 10 10 9 0.0389064
10 10 10 10 0.7072812
11 0 0 0 -0.0814051
11 0 1 0 0.0034010
11 0 1 1 -0.0069370
11 0 2 0 -0.0000000
11 0 2 1 0.0000000
11 0 2 2 -0.0006986
11 0 3 0 -0.0029314
11 0 3 1 0.0052741
11 0 3 2 -0.0000000
11 0 3 3 -0.0047571
11 0 4 0 0.0029907
11 0 4 1 -0.0034253
11 0 4 2 0.0000000
11 0 4 3 0.0028022
11 0 4 4 -0.0036865
11 0 5 0 0.0051431
11 0 5 1 -0.0044774
11 0 5 2 -0.0000000
11 0 5 3 0.0058377
11 0 5 4 -0.0035786
11 0 5 5 -0.0045280
11 0 6 0 0.0000000
11 0 6 1 -0.0000000
11 0 6 2 0.0016941
11 0 6 3 0.0000000
11 0 6 4 0.0000000
11 0 6 5 -0.0000000
11 0 6 6 0.0005862
11 0 7 0 0.0111447
11 0 7 1 0.0016177
11 0 7 2 -0.0000000
11 0 7 3 -0.0024954
11 0 7 4 0.0016033
11 0 7 5 0.0033281
11 0 7 6 0.0000000
11 0 7 7 0.0064500
11 0 8 0 0.0000000
11 0 8 1 -0.0000000
11 0 8 2 0.0001482
11 0 8 3 0.0000000
11 0 8 4 -0.0000000
11 0 8 5 0.0000000
11 0 8 6 -0.0002322
11 0 8 7 -0.0000000
11 0 8 8 -0.0008639
11 0 9 0 0.0001215
11 0 9 1 0.0000934
11 0 9 2 -0.0000000
11 0 9 3 -0.0000633
11 0 9 4 0.0000203
11 0 9 5 0.0000567
11 0 9 6 0.0000000
11 0 9 7 0.0000475
11 0 9 8 0.0000000
11 0 9 9 -0.0008105
11 0 10 0 -0.0026930
11 0 10 1 -0.0010946
11 0 10 2 0.0000000
11 0 10 3 0.0004998
11 0 10 4 -0.0007407
11 0 10 5 -0.0007657
11 0 10 6 -0.0000000
11 0 10 7 -0.0020171
11 0 10 8 0.0000000
11 0 10 9 0.0000017
11 0 10 10 -0.0005744
11 0 11 0 0.0110475
11 0 11 1 0.0033275
11 0 11 2 -0.0000000
11 0 11 3 -0.0020012
11 0 11 4 0.0024843
11 0 11 5 0.0035208
11 0 11 6 0.0000000
11 0 11 7 0.0071448
11 0 11 8 0.0000000
11 0 11 9 -0.0000719
11 0 11 10 -0.0010756
11 0 11 11 0.0067895
11 1 0 0 -0.0091008
11 1 1 0 -0.0018536
11 1 1 1 -0.0080561
11 1 2 0 -0.0000000
11 1 2 1 -0.0000000
11 1 2 2 0.0016687
11 1 3 0 0.0050337
11 1 3 1 0.0218855
11 1 3 2 -0.0000000
11 1 3 3 -0.0153332
11 1 4 0 -0.0023480
11 1 4 1 -0.0042347
11 1 4 2 0.0000000
11 1 4 3 0.0147866
11 1 4 4 -0.0009941
11 1 5 0 0.0003711
11 1 5 1 -0.0078674
11 1 5 2 -0.0000000
11 1 5 3 0.0101047
11 1 5 4 -0.0081064
11 1 5 5 0.0041151
11 1 6 0 0.0000000
11 1 6 1 -0.0000000
11 1 6 2 0.0013438
11 1 6 3 -0.0000000
11 1 6 4 -0.0000000
11 1 6 5 0.0000000
11 1 6 6 0.0000757
11 1 7 0 0.0031258
11 1 7 1 0.0017870
11 1 7 2 -0.0000000
11 1 7 3 -0.0062598
11 1 7 4 -0.0091552
11 1 7 5 0.0251057
11 1 7 6 0.0000000
11 1 7 7 0.0119989
11 1 8 0 0.0000000
11 1 8 1 0.0000000
11 1 8 2 0.0001077
11 1 8 3 0.0000000
11 1 8 4 -0.0000000
11 1 8 5 0.0000000
11 1 8 6 -0.0016927
11 1 8 7 0.0000000
11 1 8 8 0.0082130
11 1 9 0 0.0000525
11 1 9 1 0.0007285
11 1 9 2 -0.0000000
11 1 9 3 -0.0000354
11 1 9 4 0.0007915
11 1 9 5 -0.0006433
11 1 9 6 -0.0000000
11 1 9 7 -0.0003726
11 1 9 8 -0.0000000
11 1 9 9 0.0086223
11 1 10 0 -0.0008210
11 1 10 1 -0.0036684
11 1 10 2 0.0000000
11 1 10 3 0.0002138
11 1 10 4 -0.0009596
11 1 10 5 -0.0060940
11 1 10 6 -0.0000000
11 1 10 7 -0.0120011
11 1 10 8 0.0000000
11 1 10 9 0.0020063
11 1 10 10 -0.0091242
11 1 11 0 0.0033275
11 1 11 1 0.0281584
11 1 11 2 -0.0000000
11 1 11 3 0.0101077
11 1 11 4 0.0145264
11 1 11 5 0.0070092
11 1 11 6 -0.0000000
11 1 11 7 0.0005076
11 1 11 8 0.0000000
11 1 11 9 -0.0000177
11 1 11 10 0.0066943
11 1 11 11 0.0196816
11 2 0 0 -0.0000000
11 2 1 0 0.0000000
11 2 1 1 -0.0000000
11 2 2 0 0.0046441
11 2 2 1 0.0175287
11 2 2 2 0.0000000
11 2 3 0 -0.0000000
11 2 3 1 -0.0000000
11 2 3 2 -0.0094335
11 2 3 3 0.0000000
11 2 4 0 0.0000000
11 2 4 1 0.0000000
11 2 4 2 -0.0085182
11 2 4 3 -0.0000000
11 2 4 4 0.0000000
11 2 5 0 -0.0000000
11 2 5 1 -0.0000000
11 2 5 2 0.0051917
11 2 5 3 0.0000000
11 2 5 4 0.0000000
11 2 5 5 -0.0000000
11 2 6 0 0.0066104
11 2 6 1 0.0017059
11 2 6 2 0.0000000
11 2 6 3 -0.0091317
11 2 6 4 0.0126687
11 2 6 5 0.0104492
11 2 6 6 -0.0000000
11 2 7 0 -0.0000000
11 2 7 1 -0.0000000
11 2 7 2 0.0164794
11 2 7 3 0.0000000
11 2 7 4 0.0000000
11 2 7 5 -0.0000000
11 2 7 6 0.0182070
11 2 7 7 -0.0000000
11 2 8 0 -0.0001349
11 2 8 1 -0.0040783
11 2 8 2 -0.0000000
11 2 8 3 -0.0009092
11 2 8 4 0.0026200
11 2 8 5 0.0003430
11 2 8 6 -0.0000000
11 2 8 7 -0.0036455
11 2 8 8 -0.0000000
11 2 9 0 -0.0000000
11 2 9 1 -0.0000000
11 2 9 2 -0.0000551
11 2 9 3 -0.0000000
11 2 9 4 -0.0000000
11 2 9 5 0.0000000
11 2 9 6 0.0000761
11 2 9 7 0.0000000
11 2 9 8 0.0005476
11 2 9 9 0.0000000
11 2 10 0 0.0000000
11 2 10 1 0.0000000
11 2 10 2 -0.0022167
11 2 10 3 0.0000000
11 2 10 4 -0.0000000
11 2 10 5 0.0000000
11 2 10 6 -0.0054694
11 2 10 7 0.0000000
11 2 10 8 0.0036014
11 2 10 9 -0.0000000
11 2 10 10 0.0000000
11 2 11 0 -0.0000000
11 2 11 1 -0.0000000
11 2 11 2 0.0198163
11 2 11 3 -0.0000000
11 2 11 4 0.0000000
11 2 11 5 -0.0000000
11 2 11 6 0.0166745
11 2 11 7 -0.0000000
11 2 11 8 0.0008259
11 2 11 9 -0.0000000
11 2 11 10 -0.0000000
11 2 11 11 -0.0000000
11 3 0 0 0.0188471
11 3 1 0 0.0039427
11 3 1 1 0.0347361
11 3 2 0 -0.0000000
11 3 2 1 -0.0000000
11 3 2 2 0.0131956
11 3 3 0 0.0033997
11 3 3 1 0.0035085
11 3 3 2 -0.0000000
11 3 3 3 0.0035567
11 3 4 0 0.0000234
11 3 4 1 0.0080930
11 3 4 2 -0.0000000
11 3 4 3 0.0096154
11 3 4 4 0.0171687
11 3 5 0 0.0080066
11 3 5 1 0.0142689
11 3 5 2 0.0000000
11 3 5 3 -0.0078800
11 3 5 4 0.0080413
11 3 5 5 0.0319257
11 3 6 0 0.0000000
11 3 6 1 0.0000000
11 3 6 2 -0.0061815
11 3 6 3 -0.0000000
11 3 6 4 -0.0000000
11 3 6 5 0.0000000
11 3 6 6 0.0062010
11 3 7 0 -0.0019598
11 3 7 1 -0.0027535
11 3 7 2 0.0000000
11 3 7 3 0.0151755
11 3 7 4 -0.0153727
11 3 7 5 0.0186041
11 3 7 6 0.0000000
11 3 7 7 0.0017233
11 3 8 0 -0.0000000
11 3 8 1 0.0000000
11 3 8 2 -0.0036755
11 3 8 3 -0.0000000
11 3 8 4 0.0000000
11 3 8 5 -0.0000000
11 3 8 6 0.0015405
11 3 8 7 -0.0000000
11 3 8 8 0.0098918
11 3 9 0 -0.0000630
11 3 9 1 -0.0002334
11 3 9 2 -0.0000000
11 3 9 3 0.0004223
11 3 9 4 0.0011063
11 3 9 5 -0.0010902
11 3 9 6 -0.0000000
11 3 9 7 -0.0008611
11 3 9 8 0.0000000
11 3 9 9 0.0000125
11 3 10 0 0.0006298
11 3 10 1 0.0046677
11 3 10 2 0.0000000
11 3 10 3 -0.0037440
11 3 10 4 0.0030036
11 3 10 5 -0.0064645
11 3 10 6 -0.0000000
11 3 10 7 -0.0060802
11 3 10 8 0.0000000
11 3 10 9 0.0001838
11 3 10 10 -0.0087965
11 3 11 0 -0.0020012
11 3 11 1 0.0101077
11 3 11 2 -0.0000000
11 3 11 3 0.0296430
11 3 11 4 0.0015082
11 3 11 5 0.0044188
11 3 11 6 0.0000000
11 3 11 7 -0.0062382
11 3 11 8 0.0000000
11 3 11 9 0.0004518
11 3 11 10 0.0028990
11 3 11 11 0.0123517
11 4 0 0 0.0080194
11 4 1 0 -0.0026459
11 4 1 1 -0.0084911
11 4 2 0 0.0000000
11 4 2 1 0.0000000
11 4 2 2 -0.0019324
11 4 3 0 0.0011791
11 4 3 1 0.0093708
11 4 3 2 -0.0000000
11 4 3 3 0.0041270
11 4 4 0 -0.0012139
11 4 4 1 0.0006003
11 4 4 2 -0.0000000
11 4 4 3 0.0005552
11 4 4 4 -0.0034252
11 4 5 0 -0.0032512
11 4 5 1 -0.0042699
11 4 5 2 0.0000000
11 4 5 3 0.0097309
11 4 5 4 -0.0078893
11 4 5 5 0.0002012
11 4 6 0 0.0000000
11 4 6 1 -0.0000000
11 4 6 2 0.0068969
11 4 6 3 -0.0000000
11 4 6 4 0.0000000
11 4 6 5 0.0000000
11 4 6 6 0.0016892
11 4 7 0 0.0024913
11 4 7 1 -0.0049124
11 4 7 2 0.0000000
11 4 7 3 -0.0147050
11 4 7 4 -0.0088171
11 4 7 5 0.0137394
11 4 7 6 0.0000000
11 4 7 7 0.0121513
11 4 8 0 -0.0000000
11 4 8 1 -0.0000000
11 4 8 2 0.0010037
11 4 8 3 -0.0000000
11 4 8 4 -0.0000000
11 4 8 5 0.0000000
11 4 8 6 -0.0018170
11 4 8 7 0.0000000
11 4 8 8 0.0004953
11 4 9 0 0.0000226
11 4 9 1 0.0007602
11 4 9 2 -0.0000000
11 4 9 3 0.0001656
11 4 9 4 0.0009876
11 4 9 5 -0.0010492
11 4 9 6 -0.0000000
11 4 9 7 -0.0013099
11 4 9 8 0.0000000
11 4 9 9 -0.0031299
11 4 10 0 -0.0005355
11 4 10 1 -0.0004563
11 4 10 2 -0.0000000
11 4 10 3 0.0003741
11 4 10 4 -0.0024542
11 4 10 5 -0.0020534
11 4 10 6 -0.0000000
11 4 10 7 -0.0190525
11 4 10 8 -0.0000000
11 4 10 9 0.0005979
11 4 10 10 -0.0163974
11 4 11 0 0.0024843
11 4 11 1 0.0145264
11 4 11 2 0.0000000
11 4 11 3 0.0015082
11 4 11 4 0.0176597
11 4 11 5 -0.0074131
11 4 11 6 -0.0000000
11 4 11 7 0.0047054
11 4 11 8 -0.0000000
11 4 11 9 0.0009119
11 4 11 10 0.0087414
11 4 11 11 0.0192551
11 5 0 0 0.0090960
11 5 1 0 -0.0011178
11 5 1 1 0.0003900
11 5 2 0 -0.0000000
11 5 2 1 -0.0000000
11 5 2 2 0.0045508
11 5 3 0 0.0077120
11 5 3 1 0.0136170
11 5 3 2 0.0000000
11 5 3 3 -0.0175801
11 5 4 0 -0.0032192
11 5 4 1 -0.0048262
11 5 4 2 0.0000000
11 5 4 3 0.0131056
11 5 4 4 -0.0040468
11 5 5 0 0.0029021
11 5 5 1 0.0023884
11 5 5 2 -0.0000000
11 5 5 3 0.0080762
11 5 5 4 0.0003731
11 5 5 5 0.0100888
11 5 6 0 -0.0000000
11 5 6 1 0.0000000
11 5 6 2 0.0013342
11 5 6 3 0.0000000
11 5 6 4 -0.0000000
11 5 6 5 -0.0000000
11 5 6 6 0.0033603
11 5 7 0 0.0031895
11 5 7 1 0.0142312
11 5 7 2 -0.0000000
11 5 7 3 0.0139076
11 5 7 4 0.0087167
11 5 7 5 0.0097099
11 5 7 6 -0.0000000
11 5 7 7 0.0097847
11 5 8 0 0.0000000
11 5 8 1 0.0000000
11 5 8 2 -0.0005413
11 5 8 3 0.0000000
11 5 8 4 -0.0000000
11 5 8 5 -0.0000000
11 5 8 6 -0.0002854
11 5 8 7 -0.0000000
11 5 8 8 0.0025381
11 5 9 0 0.0000223
11 5 9 1 -0.0003204
11 5 9 2 0.0000000
11 5 9 3 -0.0004188
11 5 9 4 -0.0009305
11 5 9 5 0.0009971
11 5 9 6 0.0000000
11 5 9 7 0.0013752
11 5 9 8 -0.0000000
11 5 9 9 0.0066876
11 5 10 0 -0.0008524
11 5 10 1 -0.0058479
11 5 10 2 0.0000000
11 5 10 3 -0.0022063
11 5 10 4 -0.0010337
11 5 10 5 -0.0014611
11 5 10 6 0.0000000
11 5 10 7 0.0076506
11 5 10 8 0.0000000
11 5 10 9 -0.0004346
11 5 10 10 0.0186434
11 5 11 0 0.0035208
11 5 11 1 0.0070092
11 5 11 2 -0.0000000
11 5 11 3 0.0044188
11 5 11 4 -0.0074131
11 5 11 5 0.0296848
11 5 11 6 0.0000000
11 5 11 7 0.0121823
11 5 11 8 0.0000000
11 5 11 9 -0.0013345
11 5 11 10 -0.0064652
11 5 11 11 0.0097223
11 6 0 0 0.0000000
11 6 1 0 0.0000000
11 6 1 1 0.0000000
11 6 2 0 0.0057440
11 6 2 1 0.0185184
11 6 2 2 0.0000000
11 6 3 0 0.0000000
11 6 3 1 0.0000000
11 6 3 2 -0.0124500
11 6 3 3 -0.0000000
11 6 4 0 0.0000000
11 6 4 1 -0.0000000
11 6 4 2 -0.0068270
11 6 4 3 -0.0000000
11 6 4 4 0.0000000
11 6 5 0 -0.0000000
11 6 5 1 0.0000000
11 6 5 2 0.0056406
11 6 5 3 0.0000000
11 6 5 4 0.0000000
11 6 5 5 -0.0000000
11 6 6 0 0.0080838
11 6 6 1 0.0013127
11 6 6 2 0.0000000
11 6 6 3 -0.0115813
11 6 6 4 0.0144412
11 6 6 5 0.0105094
11 6 6 6 -0.0000000
11 6 7 0 0.0000000
11 6 7 1 0.0000000
11 6 7 2 0.0186278
11 6 7 3 0.0000000
11 6 7 4 0.0000000
11 6 7 5 -0.0000000
11 6 7 6 0.0183412
11 6 7 7 -0.0000000
11 6 8 0 -0.0001358
11 6 8 1 -0.0055046
11 6 8 2 -0.0000000
11 6 8 3 -0.0015504
11 6 8 4 -0.0001398
11 6 8 5 0.0036654
11 6 8 6 0.0000000
11 6 8 7 0.0020908
11 6 8 8 0.0000000
11 6 9 0 -0.0000000
11 6 9 1 -0.0000000
11 6 9 2 -0.0003784
11 6 9 3 -0.0000000
11 6 9 4 -0.0000000
11 6 9 5 0.0000000
11 6 9 6 0.0004786
11 6 9 7 0.0000000
11 6 9 8 0.0001231
11 6 9 9 0.0000000
11 6 10 0 -0.0000000
11 6 10 1 -0.0000000
11 6 10 2 -0.0048078
11 6 10 3 -0.0000000
11 6 10 4 -0.0000000
11 6 10 5 0.0000000
11 6 10 6 -0.0038053
11 6 10 7 0.0000000
11 6 10 8 -0.0085792
11 6 10 9 -0.0000000
11 6 10 10 0.0000000
11 6 11 0 0.0000000
11 6 11 1 -0.0000000
11 6 11 2 0.0166745
11 6 11 3 0.0000000
11 6 11 4 -0.0000000
11 6 11 5 0.0000000
11 6 11 6 0.0211737
11 6 11 7 0.0000000
11 6 11 8 -0.0058405
11 6 11 9 -0.0000000
11 6 11 10 -0.0000000
11 6 11 11 -0.0000000
11 7 0 0 0.2545684
11 7 1 0 -0.0093187
11 7 1 1 0.0122794
11 7 2 0 -0.0000000
11 7 2 1 -0.0000000
11 7 2 2 0.0773584
11 7 3 0 0.0046214
11 7 3 1 -0.0374858
11 7 3 2 0.0000000
11 7 3 3 0.0985564
11 7 4 0 -0.0045292
11 7 4 1 -0.0251304
11 7 4 2 0.0000000
11 7 4 3 -0.0749854
11 7 4 4 -0.0182373
11 7 5 0 -0.0108988
11 7 5 1 0.0854432
11 7 5 2 -0.0000000
11 7 5 3 0.0719080
11 7 5 4 0.0450073
11 7 5 5 0.0286924
11 7 6 0 -0.0000000
11 7 6 1 0.0000000
11 7 6 2 0.0863010
11 7 6 3 0.0000000
11 7 6 4 0.0000000
11 7 6 5 -0.0000000
11 7 6 6 0.0887359
11 7 7 0 0.0073412
11 7 7 1 0.0050669
11 7 7 2 -0.0000000
11 7 7 3 -0.0263804
11 7 7 4 0.0110610
11 7 7 5 0.0009072
11 7 7 6 -0.0000000
11 7 7 7 -0.0050324
11 7 8 0 -0.0000000
11 7 8 1 0.0000000
11 7 8 2 -0.0368036
11 7 8 3 -0.0000000
11 7 8 4 0.0000000
11 7 8 5 -0.0000000
11 7 8 6 0.0215236
11 7 8 7 -0.0000000
11 7 8 8 -0.1510891
11 7 9 0 -0.0004468
11 7 9 1 -0.0035095
11 7 9 2 -0.0000000
11 7 9 3 0.0012642
11 7 9 4 0.0051135
11 7 9 5 -0.0017342
11 7 9 6 -0.0000000
11 7 9 7 0.0011149
11 7 9 8 -0.0000000
11 7 9 9 -0.2608275
11 7 10 0 -0.0005055
11 7 10 1 0.0164303
11 7 10 2 0.0000000
11 7 10 3 0.0054104
11 7 10 4 -0.0085885
11 7 10 5 -0.0077551
11 7 10 6 0.0000000
11 7 10 7 -0.0287873
11 7 10 8 -0.0000000
11 7 10 9 -0.0193253
11 7 10 10 -0.1626444
11 7 11 0 0.0071448
11 7 11 1 0.0005076
11 7 11 2 -0.0000000
11 7 11 3 -0.0062382
11 7 11 4 0.0047054
11 7 11 5 0.0121823
11 7 11 6 0.0000000
11 7 11 7 0.2035798
11 7 11 8 -0.0000000
11 7 11 9 -0.0030647
11 7 11 10 -0.0593362
11 7 11 11 0.0251488
11 8 0 0 -0.0000000
11 8 1 0 -0.0000000
11 8 1 1 0.0000000
11 8 2 0 -0.0005382
11 8 2 1 -0.0074640
11 8 2 2 -0.0000000
11 8 3 0 0.0000000
11 8 3 1 -0.0000000
11 8 3 2 0.0007695
11 8 3 3 0.0000000
11 8 4 0 -0.0000000
11 8 4 1 0.0000000
11 8 4 2 0.0074033
11 8 4 3 0.0000000
11 8 4 4 -0.0000000
11 8 5 0 0.0000000
11 8 5 1 -0.0000000
11 8 5 2 -0.0005849
11 8 5 3 -0.0000000
11 8 5 4 0.0000000
11 8 5 5 0.0000000
11 8 6 0 -0.0007492
11 8 6 1 0.0030620
11 8 6 2 -0.0000000
11 8 6 3 0.0002640
11 8 6 4 -0.0083273
11 8 6 5 -0.0042172
11 8 6 6 0.0000000
11 8 7 0 -0.0000000
11 8 7 1 0.0000000
11 8 7 2 -0.0067256
11 8 7 3 -0.0000000
11 8 7 4 0.0000000
11 8 7 5 -0.0000000
11 8 7 6 0.0016873
11 8 7 7 0.0000000
11 8 8 0 -0.0000803
11 8 8 1 0.0074467
11 8 8 2 0.0000000
11 8 8 3 0.0038242
11 8 8 4 0.0045419
11 8 8 5 -0.0104722
11 8 8 6 -0.0000000
11 8 8 7 -0.0181298
11 8 8 8 0.0000000
11 8 9 0 0.0000000
11 8 9 1 0.0000000
11 8 9 2 0.0006400
11 8 9 3 0.0000000
11 8 9 4 -0.0000000
11 8 9 5 0.0000000
11 8 9 6 -0.0007461
11 8 9 7 0.0000000
11 8 9 8 0.0001755
11 8 9 9 0.0000000
11 8 10 0 0.0000000
11 8 10 1 0.0000000
11 8 10 2 0.0063815
11 8 10 3 0.0000000
11 8 10 4 -0.0000000
11 8 10 5 0.0000000
11 8 10 6 -0.0042318
11 8 10 7 0.0000000
11 8 10 8 0.0253059
11 8 10 9 -0.0000000
11 8 10 10 0.0000000
11 8 11 0 0.0000000
11 8 11 1 0.0000000
11 8 11 2 0.0008259
11 8 11 3 0.0000000
11 8 11 4 -0.0000000
11 8 11 5 0.0000000
11 8 11 6 -0.0058405
11 8 11 7 -0.0000000
11 8 11 8 0.0229403
11 8 11 9 -0.0000000
11 8 11 10 0.0000000
11 8 11 11 0.0000000
11 9 0 0 0.0046733
11 9 1 0 0.0000709
11 9 1 1 0.0061792
11 9 2 0 -0.0000000
11 9 2 1 -0.0000000
11 9 2 2 0.0038203
11 9 3 0 -0.0000035
11 9 3 1 0.0010699
11 9 3 2 -0.0000000
11 9 3 3 0.0048428
11 9 4 0 0.0000075
11 9 4 1 0.0026415
11 9 4 2 -0.0000000
11 9 4 3 0.0019210
11 9 4 4 0.0068898
11 9 5 0 0.0000840
11 9 5 1 -0.0012920
11 9 5 2 0.0000000
11 9 5 3 -0.0021806
11 9 5 4 -0.0030185
11 9 5 5 0.0073586
11 9 6 0 0.0000000
11 9 6 1 -0.0000000
11 9 6 2 -0.0003870
11 9 6 3 -0.0000000
11 9 6 4 -0.0000000
11 9 6 5 0.0000000
11 9 6 6 0.0037968
11 9 7 0 -0.0000920
11 9 7 1 -0.0009432
11 9 7 2 0.0000000
11 9 7 3 -0.0000939
11 9 7 4 -0.0010918
11 9 7 5 0.0008526
11 9 7 6 0.0000000
11 9 7 7 0.0065732
11 9 8 0 0.0000000
11 9 8 1 0.0000000
11 9 8 2 0.0012911
11 9 8 3 0.0000000
11 9 8 4 -0.0000000
11 9 8 5 0.0000000
11 9 8 6 -0.0012189
11 9 8 7 0.0000000
11 9 8 8 0.0085152
11 9 9 0 0.0000580
11 9 9 1 -0.0002652
11 9 9 2 0.0000000
11 9 9 3 -0.0020061
11 9 9 4 -0.0028015
11 9 9 5 0.0017229
11 9 9 6 0.0000000
11 9 9 7 -0.0066747
11 9 9 8 0.0000000
11 9 9 9 0.0538251
11 9 10 0 0.0000286
11 9 10 1 0.0006924
11 9 10 2 -0.0000000
11 9 10 3 0.0003200
11 9 10 4 0.0006233
11 9 10 5 -0.0003431
11 9 10 6 -0.0000000
11 9 10 7 0.0007309
11 9 10 8 -0.0000000
11 9 10 9 0.0071203
11 9 10 10 0.0059734
11 9 11 0 -0.0000719
11 9 11 1 -0.0000177
11 9 11 2 -0.0000000
11 9 11 3 0.0004518
11 9 11 4 0.0009119
11 9 11 5 -0.0013345
11 9 11 6 -0.0000000
11 9 11 7 -0.0030647
11 9 11 8 -0.0000000
11 9 11 9 0.0067784
11 9 11 10 -0.0001085
11 9 11 11 0.0052265
11 10 0 0 -0.0747405
11 10 1 0 0.0014973
11 10 1 1 -0.0234575
11 10 2 0 0.0000000
11 10 2 1 0.0000000
11 10 2 2 -0.0303275
11 10 3 0 -0.0007925
11 10 3 1 0.0116564
11 10 3 2 -0.0000000
11 10 3 3 -0.0378971
11 10 4 0 0.0008299
11 10 4 1 0.0034570
11 10 4 2 -0.0000000
11 10 4 3 0.0159607
11 10 4 4 -0.0133026
11 10 5 0 0.0018379
11 10 5 1 -0.0247698
11 10 5 2 0.0000000
11 10 5 3 -0.0143689
11 10 5 4 -0.0122213
11 10 5 5 -0.0204098
11 10 6 0 0.0000000
11 10 6 1 -0.0000000
11 10 6 2 -0.0199173
11 10 6 3 -0.0000000
11 10 6 4 -0.0000000
11 10 6 5 0.0000000
11 10 6 6 -0.0329281
11 10 7 0 -0.0009564
11 10 7 1 -0.0036245
11 10 7 2 0.0000000
11 10 7 3 -0.0007640
11 10 7 4 -0.0147053
11 10 7 5 0.0109591
11 10 7 6 0.0000000
11 10 7 7 -0.0022270
11 10 8 0 0.0000000
11 10 8 1 0.0000000
11 10 8 2 0.0150996
11 10 8 3 0.0000000
11 10 8 4 -0.0000000
11 10 8 5 0.0000000
11 10 8 6 -0.0111346
11 10 8 7 0.0000000
11 10 8 8 0.0426938
11 10 9 0 0.0001560
11 10 9 1 0.0015948
11 10 9 2 0.0000000
11 10 9 3 -0.0009409
11 10 9 4 -0.0026212
11 10 9 5 0.0011307
11 10 9 6 0.0000000
11 10 9 7 -0.0002474
11 10 9 8 0.0000000
11 10 9 9 0.0655136
11 10 10 0 0.0000060
11 10 10 1 -0.0155000
11 10 10 2 0.0000000
11 10 10 3 -0.0139043
11 10 10 4 -0.0117164
11 10 10 5 0.0158868
11 10 10 6 0.0000000
11 10 10 7 -0.0364425
11 10 10 8 0.0000000
11 10 10 9 0.0031839
11 10 10 10 0.0421731
11 10 11 0 -0.0010756
11 10 11 1 0.0066943
11 10 11 2 -0.0000000
11 10 11 3 0.0028990
11 10 11 4 0.0087414
11 10 11 5 -0.0064652
11 10 11 6 -0.0000000
11 10 11 7 -0.0593362
11 10 11 8 0.0000000
11 10 11 9 -0.0001085
11 10 11 10 0.0530173
11 10 11 11 0.0051729
11 11 0 0 0.5901262
11 11 1 0 -0.0064060
11 11 1 1 0.4419621
11 11 2 0 -0.0000000
11 11 2 1 -0.0000000
11 11 2 2 0.4170811
11 11 3 0 0.0096240
11 11 3 1 0.0379729
11 11 3 2 -0.0000000
11 11 3 3 0.4353525
11 11 4 0 -0.0056128
11 11 4 1 0.0474923
11 11 4 2 0.0000000
11 11 4 3 0.0100371
11 11 4 4 0.4081994
11 11 5 0 -0.0039404
11 11 5 1 0.0337477
11 11 5 2 -0.0000000
11 11 5 3 0.0064155
11 11 5 4 -0.0361611
11 11 5 5 0.4888718
11 11 6 0 0.0000000
11 11 6 1 -0.0000000
11 11 6 2 0.0569828
11 11 6 3 -0.0000000
11 11 6 4 -0.0000000
11 11 6 5 0.0000000
11 11 6 6 0.4238344
11 11 7 0 0.0065618
11 11 7 1 -0.0021256
11 11 7 2 -0.0000000
11 11 7 3 0.0002890
11 11 7 4 -0.0036723
11 11 7 5 0.0287640
11 11 7 6 0.0000000
11 11 7 7 0.5013990
11 11 8 0 0.0000000
11 11 8 1 0.0000000
11 11 8 2 0.0106310
11 11 8 3 0.0000000
11 11 8 4 -0.0000000
11 11 8 5 0.0000000
11 11 8 6 -0.0195989
11 11 8 7 0.0000000
11 11 8 8 0.4338932
11 11 9 0 -0.0000682
11 11 9 1 0.0000802
11 11 9 2 0.0000000
11 11 9 3 -0.0017505
11 11 9 4 -0.0039138
11 11 9 5 0.0000812
11 11 9 6 0.0000000
11 11 9 7 0.0002552
11 11 9 8 0.0000000
11 11 9 9 0.5430575
11 11 10 0 -0.0009733
11 11 10 1 0.0025595
11 11 10 2 -0.0000000
11 11 10 3 0.0030694
11 11 10 4 0.0121998
11 11 10 5 -0.0080772
11 11 10 6 -0.0000000
11 11 10 7 -0.0364350
11 11 10 8 0.0000000
11 11 10 9 0.0272588
11 11 10 10 0.4103357
11 11 11 0 0.0067895
11 11 11 1 0.0196816
11 11 11 2 -0.0000000
11 11 11 3 0.0123517
11 11 11 4 0.0192551
11 11 11 5 0.0097223
11 11 11 6 -0.0000000
11 11 11 7 0.0251488
11 11 11 8 0.0000000
11 11 11 9 0.0052265
11 11 11 10 0.0051729
11 11 11 11 0.5093197
