NMONOMER	1
NELEC	8
ENUC	7.676927
NBASIS	12
HOMO	2
LUMO	2
ENT	5
HF_ENERGY	-35.336618
ENERGIES
-10.800532
-0.759684
-0.337229
-0.173821
0.643588
0.843501
0.904760
849736.649454
965066.449678
996478.230895
1070621.134704
1118093.790290

OEI
-18.374890	
0.220956	-4.444648	
0.000000	0.000000	-3.963789	
0.189141	-0.153072	0.000000	-4.158951	
-0.148268	0.302824	0.000000	0.372604	-2.960309	
0.231461	-0.876138	-0.000000	0.250719	0.168831	-3.697863	
-0.000000	0.000000	-0.774437	-0.000000	0.000000	0.000000	-3.395239	
0.115862	0.054360	0.000000	0.034856	0.004967	-0.015287	-0.000000	849733.077199	
-0.000000	-0.000000	-0.131161	0.000000	0.000000	0.000000	0.019343	-0.000000	965063.602486	
-0.004995	-0.022896	-0.000000	0.002596	-0.002849	-0.013411	-0.000000	0.000991	0.000000	996475.026240	
-0.037963	-0.196995	-0.000000	0.072924	0.118922	0.134770	0.000000	0.145966	-0.000000	0.134739	1070618.605456	
0.112641	0.082584	0.000000	0.124473	0.007093	0.000607	0.000000	-0.833661	-0.000000	0.037875	0.318941	1118090.115698	

ENV_OEI
-4.901776	
0.415217	-0.454212	
-0.000000	-0.000000	-0.270738	
0.368228	0.057135	0.000000	-0.502441	
-0.299110	0.307550	0.000000	-0.148002	-0.603965	
0.472201	-0.013631	0.000000	-0.225309	-0.310905	-0.786103	
-0.000000	0.000000	-0.101008	-0.000000	-0.000000	-0.000000	-0.328555	
0.226214	0.021366	-0.000000	0.042610	0.049181	0.003496	0.000000	-0.542078	
0.000000	-0.000000	0.149643	0.000000	0.000000	-0.000000	-0.138653	0.000000	-0.695247	
0.015001	-0.264728	-0.000000	0.623723	1.354789	0.955691	0.000000	0.126410	0.000000	-18.512492	
-0.055987	0.047685	0.000000	-0.011743	-0.041585	-0.082029	-0.000000	-0.238901	0.000000	1.667778	-0.765419	
0.215297	0.016517	0.000000	-0.040954	-0.030668	-0.022143	-0.000000	0.136004	-0.000000	0.177542	0.101550	-0.360352	

OVERLAP
1.000000	
0.248362	1.000000	
0.061767	0.488736	1.000000	
0.061767	0.488736	0.167856	1.000000	
0.000000	0.027047	0.038545	0.038545	1.000000	
0.027047	0.301519	0.378700	0.378700	0.248362	1.000000	
0.000000	0.000000	-0.155576	-0.155576	-0.015125	-0.113119	1.000000	
0.000000	0.000000	0.380474	-0.380474	0.000000	0.000000	0.000000	1.000000	
0.000000	0.000000	-0.219667	-0.219667	-0.042713	-0.319437	0.000000	0.000000	1.000000	
0.015125	0.113119	0.044121	0.044121	0.000000	0.000000	0.112775	0.000000	-0.151526	1.000000	
0.000000	0.000000	0.268260	-0.268260	0.000000	0.000000	0.000000	0.166433	0.000000	0.000000	1.000000	
0.042713	0.319437	0.279473	0.279473	0.000000	0.000000	-0.151526	0.000000	-0.261465	0.000000	0.000000	1.000000	

MOCOEFF
-0.996624	-0.016464	0.006509	0.006509	-0.001354	0.006658	0.027565	0.000000	0.007766	-0.002281	0.000000	0.003204	
0.145776	-0.342404	-0.269226	-0.269226	0.028157	0.039772	0.324682	0.000000	0.197468	-0.173066	-0.000000	-0.285597	
-0.000000	0.000000	-0.472746	0.472746	0.000000	-0.000000	-0.000000	-0.578283	0.000000	-0.000000	0.349882	-0.000000	
0.129697	-0.537989	-0.087176	-0.087176	-0.056033	0.224661	0.306491	-0.000000	-0.669942	0.035707	0.000000	0.383384	
-0.103163	0.646679	-0.900229	-0.900229	-0.118054	0.704188	-0.232641	0.000000	0.139406	0.161466	0.000000	0.602278	
0.165710	-1.016861	0.414399	0.414399	-0.085137	0.520332	0.364904	0.000000	0.948821	0.284546	-0.000000	0.688755	
-0.000000	0.000000	0.934048	-0.934048	-0.000000	0.000000	-0.000000	-1.103198	0.000000	0.000000	-0.317526	0.000000	
0.084288	-0.388040	0.000000	0.000000	-0.012325	0.049401	-0.608823	-0.000000	0.000000	0.744813	0.000000	-0.291146	
-0.000000	-0.000000	0.000000	-0.000000	-0.000000	0.000000	-0.000000	-0.000000	0.000000	0.000000	-1.000000	-0.000000	
-0.000564	0.002599	0.000000	0.000000	1.025611	-0.216380	0.004077	0.000000	-0.000000	0.053739	-0.000000	0.092871	
-0.018947	0.087225	0.000000	0.000000	-0.019715	-0.850780	0.136854	-0.000000	0.000000	0.334096	-0.000000	0.355391	
0.081637	-0.375837	0.000000	0.000000	0.011610	-0.229165	-0.589676	0.000000	-0.000000	-0.509850	-0.000000	0.308002	

ERI
0 0 0 0 3.5234049
1 0 0 0 -0.1942727
1 0 1 0 0.0208653
1 0 1 1 0.0054566
1 1 0 0 0.6446352
1 1 1 0 0.0054566
1 1 1 1 0.5892122
2 0 0 0 0.0000000
2 0 1 0 -0.0000000
2 0 1 1 0.0000000
2 0 2 0 0.0085347
2 0 2 1 0.0105392
2 0 2 2 -0.0000000
2 1 0 0 -0.0000000
2 1 1 0 0.0000000
2 1 1 1 -0.0000000
2 1 2 0 0.0105392
2 1 2 1 0.1080507
2 1 2 2 -0.0000000
2 2 0 0 0.6345009
2 2 1 0 -0.0004806
2 2 1 1 0.5103453
2 2 2 0 -0.0000000
2 2 2 1 -0.0000000
2 2 2 2 0.5334800
3 0 0 0 -0.1694234
3 0 1 0 0.0137528
3 0 1 1 -0.0080195
3 0 2 0 -0.0000000
3 0 2 1 -0.0000000
3 0 2 2 -0.0038013
3 0 3 0 0.0250826
3 0 3 1 0.0083948
3 0 3 2 -0.0000000
3 0 3 3 0.0092401
3 1 0 0 0.0672394
3 1 1 0 -0.0011846
3 1 1 1 -0.0172227
3 1 2 0 -0.0000000
3 1 2 1 0.0000000
3 1 2 2 0.0183324
3 1 3 0 0.0083948
3 1 3 1 0.0640498
3 1 3 2 0.0000000
3 1 3 3 0.0478162
3 2 0 0 -0.0000000
3 2 1 0 0.0000000
3 2 1 1 -0.0000000
3 2 2 0 0.0065012
3 2 2 1 0.0349125
3 2 2 2 0.0000000
3 2 3 0 -0.0000000
3 2 3 1 0.0000000
3 2 3 2 0.0327764
3 2 3 3 -0.0000000
3 3 0 0 0.7735818
3 3 1 0 -0.0061225
3 3 1 1 0.4893784
3 3 2 0 -0.0000000
3 3 2 1 0.0000000
3 3 2 2 0.4763745
3 3 3 0 0.0092401
3 3 3 1 0.0478162
3 3 3 2 -0.0000000
3 3 3 3 0.6283696
4 0 0 0 0.1358084
4 0 1 0 -0.0128494
4 0 1 1 0.0013303
4 0 2 0 -0.0000000
4 0 2 1 -0.0000000
4 0 2 2 0.0019588
4 0 3 0 -0.0140280
4 0 3 1 -0.0018951
4 0 3 2 -0.0000000
4 0 3 3 -0.0006980
4 0 4 0 0.0098952
4 0 4 1 -0.0003529
4 0 4 2 -0.0000000
4 0 4 3 0.0010086
4 0 4 4 0.0000296
4 1 0 0 -0.0880202
4 1 1 0 -0.0006333
4 1 1 1 -0.0406954
4 1 2 0 0.0000000
4 1 2 1 -0.0000000
4 1 2 2 0.0175477
4 1 3 0 0.0011529
4 1 3 1 0.0179000
4 1 3 2 0.0000000
4 1 3 3 -0.0564458
4 1 4 0 -0.0003529
4 1 4 1 0.0713108
4 1 4 2 0.0000000
4 1 4 3 -0.0088866
4 1 4 4 -0.0058023
4 2 0 0 -0.0000000
4 2 1 0 0.0000000
4 2 1 1 -0.0000000
4 2 2 0 0.0014131
4 2 2 1 0.0786232
4 2 2 2 -0.0000000
4 2 3 0 0.0000000
4 2 3 1 0.0000000
4 2 3 2 0.0149542
4 2 3 3 0.0000000
4 2 4 0 -0.0000000
4 2 4 1 0.0000000
4 2 4 2 0.0879584
4 2 4 3 0.0000000
4 2 4 4 0.0000000
4 3 0 0 -0.1370832
4 3 1 0 0.0044977
4 3 1 1 0.0194338
4 3 2 0 0.0000000
4 3 2 1 0.0000000
4 3 2 2 -0.0167553
4 3 3 0 -0.0080576
4 3 3 1 -0.0574817
4 3 3 2 0.0000000
4 3 3 3 -0.0849686
4 3 4 0 0.0010086
4 3 4 1 -0.0088866
4 3 4 2 0.0000000
4 3 4 3 0.0763295
4 3 4 4 0.0344359
4 4 0 0 0.4979481
4 4 1 0 0.0019626
4 4 1 1 0.5138070
4 4 2 0 0.0000000
4 4 2 1 0.0000000
4 4 2 2 0.4753421
4 4 3 0 -0.0016803
4 4 3 1 -0.0224857
4 4 3 2 0.0000000
4 4 3 3 0.4375983
4 4 4 0 0.0000296
4 4 4 1 -0.0058023
4 4 4 2 0.0000000
4 4 4 3 0.0344359
4 4 4 4 0.5220918
5 0 0 0 -0.2177622
5 0 1 0 0.0260295
5 0 1 1 0.0116293
5 0 2 0 0.0000000
5 0 2 1 0.0000000
5 0 2 2 0.0013612
5 0 3 0 0.0068427
5 0 3 1 -0.0073019
5 0 3 2 0.0000000
5 0 3 3 -0.0158073
5 0 4 0 -0.0125287
5 0 4 1 -0.0009986
5 0 4 2 -0.0000000
5 0 4 3 0.0119479
5 0 4 4 0.0034166
5 0 5 0 0.0393679
5 0 5 1 0.0046503
5 0 5 2 -0.0000000
5 0 5 3 0.0046137
5 0 5 4 -0.0027904
5 0 5 5 0.0103698
5 1 0 0 0.2600223
5 1 1 0 0.0003064
5 1 1 1 0.0712873
5 1 2 0 0.0000000
5 1 2 1 -0.0000000
5 1 2 2 0.0650073
5 1 3 0 -0.0080134
5 1 3 1 0.0292840
5 1 3 2 -0.0000000
5 1 3 3 0.0865763
5 1 4 0 0.0028914
5 1 4 1 -0.0152560
5 1 4 2 -0.0000000
5 1 4 3 -0.0439255
5 1 4 4 -0.0004795
5 1 5 0 0.0046503
5 1 5 1 0.1016884
5 1 5 2 0.0000000
5 1 5 3 -0.0367807
5 1 5 4 -0.0365154
5 1 5 5 0.0874625
5 2 0 0 0.0000000
5 2 1 0 -0.0000000
5 2 1 1 -0.0000000
5 2 2 0 0.0054020
5 2 2 1 0.0037990
5 2 2 2 0.0000000
5 2 3 0 -0.0000000
5 2 3 1 0.0000000
5 2 3 2 0.0012280
5 2 3 3 0.0000000
5 2 4 0 -0.0000000
5 2 4 1 0.0000000
5 2 4 2 -0.0171422
5 2 4 3 -0.0000000
5 2 4 4 -0.0000000
5 2 5 0 -0.0000000
5 2 5 1 0.0000000
5 2 5 2 0.0230963
5 2 5 3 -0.0000000
5 2 5 4 -0.0000000
5 2 5 5 0.0000000
5 3 0 0 -0.0913756
5 3 1 0 0.0043645
5 3 1 1 0.0194228
5 3 2 0 0.0000000
5 3 2 1 0.0000000
5 3 2 2 -0.0152195
5 3 3 0 0.0023571
5 3 3 1 -0.0114678
5 3 3 2 0.0000000
5 3 3 3 -0.0390200
5 3 4 0 -0.0017453
5 3 4 1 -0.0179282
5 3 4 2 -0.0000000
5 3 4 3 0.0378965
5 3 4 4 0.0282771
5 3 5 0 0.0046137
5 3 5 1 -0.0367807
5 3 5 2 -0.0000000
5 3 5 3 0.0559082
5 3 5 4 0.0200433
5 3 5 5 -0.0005402
5 4 0 0 -0.0521190
5 4 1 0 -0.0010478
5 4 1 1 -0.0102015
5 4 2 0 -0.0000000
5 4 2 1 0.0000000
5 4 2 2 -0.0322600
5 4 3 0 0.0023415
5 4 3 1 -0.0309768
5 4 3 2 -0.0000000
5 4 3 3 0.0066499
5 4 4 0 -0.0004886
5 4 4 1 -0.0405102
5 4 4 2 -0.0000000
5 4 4 3 0.0268858
5 4 4 4 0.0018620
5 4 5 0 -0.0027904
5 4 5 1 -0.0365154
5 4 5 2 -0.0000000
5 4 5 3 0.0200433
5 4 5 4 0.0569483
5 4 5 5 0.0115533
5 5 0 0 0.7954081
5 5 1 0 -0.0001690
5 5 1 1 0.5752404
5 5 2 0 0.0000000
5 5 2 1 0.0000000
5 5 2 2 0.4971534
5 5 3 0 -0.0185943
5 5 3 1 -0.0360389
5 5 3 2 -0.0000000
5 5 3 3 0.5129107
5 5 4 0 0.0065383
5 5 4 1 -0.0661049
5 5 4 2 -0.0000000
5 5 4 3 0.0177386
5 5 4 4 0.4985453
5 5 5 0 0.0103698
5 5 5 1 0.0874625
5 5 5 2 0.0000000
5 5 5 3 -0.0005402
5 5 5 4 0.0115533
5 5 5 5 0.6286220
6 0 0 0 0.0000000
6 0 1 0 -0.0000000
6 0 1 1 -0.0000000
6 0 2 0 0.0129603
6 0 2 1 0.0143421
6 0 2 2 -0.0000000
6 0 3 0 0.0000000
6 0 3 1 0.0000000
6 0 3 2 0.0092874
6 0 3 3 0.0000000
6 0 4 0 -0.0000000
6 0 4 1 -0.0000000
6 0 4 2 0.0018885
6 0 4 3 -0.0000000
6 0 4 4 0.0000000
6 0 5 0 -0.0000000
6 0 5 1 -0.0000000
6 0 5 2 0.0071801
6 0 5 3 0.0000000
6 0 5 4 -0.0000000
6 0 5 5 0.0000000
6 0 6 0 0.0197989
6 0 6 1 0.0056371
6 0 6 2 0.0000000
6 0 6 3 0.0104614
6 0 6 4 -0.0099079
6 0 6 5 0.0099580
6 0 6 6 -0.0000000
6 1 0 0 -0.0000000
6 1 1 0 0.0000000
6 1 1 1 -0.0000000
6 1 2 0 0.0040863
6 1 2 1 -0.0291061
6 1 2 2 -0.0000000
6 1 3 0 0.0000000
6 1 3 1 -0.0000000
6 1 3 2 0.0019310
6 1 3 3 -0.0000000
6 1 4 0 -0.0000000
6 1 4 1 0.0000000
6 1 4 2 -0.0494075
6 1 4 3 -0.0000000
6 1 4 4 -0.0000000
6 1 5 0 0.0000000
6 1 5 1 -0.0000000
6 1 5 2 0.0230198
6 1 5 3 0.0000000
6 1 5 4 -0.0000000
6 1 5 5 -0.0000000
6 1 6 0 0.0056371
6 1 6 1 0.0407329
6 1 6 2 -0.0000000
6 1 6 3 0.0103324
6 1 6 4 0.0479398
6 1 6 5 -0.0179825
6 1 6 6 0.0000000
6 2 0 0 0.2519608
6 2 1 0 -0.0059809
6 2 1 1 0.0140158
6 2 2 0 -0.0000000
6 2 2 1 0.0000000
6 2 2 2 0.0370530
6 2 3 0 -0.0012677
6 2 3 1 0.0259314
6 2 3 2 -0.0000000
6 2 3 3 0.1089150
6 2 4 0 0.0028566
6 2 4 1 -0.0408626
6 2 4 2 0.0000000
6 2 4 3 -0.0521545
6 2 4 4 -0.0376615
6 2 5 0 -0.0081458
6 2 5 1 0.0686010
6 2 5 2 0.0000000
6 2 5 3 -0.0360003
6 2 5 4 0.0095787
6 2 5 5 0.0534858
6 2 6 0 0.0000000
6 2 6 1 -0.0000000
6 2 6 2 0.1204097
6 2 6 3 0.0000000
6 2 6 4 -0.0000000
6 2 6 5 0.0000000
6 2 6 6 0.0504983
6 3 0 0 0.0000000
6 3 1 0 -0.0000000
6 3 1 1 0.0000000
6 3 2 0 0.0071544
6 3 2 1 0.0208738
6 3 2 2 -0.0000000
6 3 3 0 0.0000000
6 3 3 1 0.0000000
6 3 3 2 0.0285449
6 3 3 3 0.0000000
6 3 4 0 -0.0000000
6 3 4 1 -0.0000000
6 3 4 2 -0.0027100
6 3 4 3 -0.0000000
6 3 4 4 -0.0000000
6 3 5 0 -0.0000000
6 3 5 1 0.0000000
6 3 5 2 0.0034764
6 3 5 3 -0.0000000
6 3 5 4 0.0000000
6 3 5 5 0.0000000
6 3 6 0 0.0104614
6 3 6 1 0.0103324
6 3 6 2 0.0000000
6 3 6 3 0.0325231
6 3 6 4 -0.0158468
6 3 6 5 0.0042231
6 3 6 6 0.0000000
6 4 0 0 -0.0000000
6 4 1 0 0.0000000
6 4 1 1 0.0000000
6 4 2 0 -0.0068584
6 4 2 1 -0.0927098
6 4 2 2 0.0000000
6 4 3 0 -0.0000000
6 4 3 1 -0.0000000
6 4 3 2 -0.0307007
6 4 3 3 -0.0000000
6 4 4 0 0.0000000
6 4 4 1 -0.0000000
6 4 4 2 -0.0893358
6 4 4 3 -0.0000000
6 4 4 4 -0.0000000
6 4 5 0 0.0000000
6 4 5 1 -0.0000000
6 4 5 2 0.0172635
6 4 5 3 0.0000000
6 4 5 4 0.0000000
6 4 5 5 -0.0000000
6 4 6 0 -0.0099079
6 4 6 1 0.0479398
6 4 6 2 -0.0000000
6 4 6 3 -0.0158468
6 4 6 4 0.1085204
6 4 6 5 -0.0545022
6 4 6 6 0.0000000
6 5 0 0 -0.0000000
6 5 1 0 -0.0000000
6 5 1 1 -0.0000000
6 5 2 0 0.0071989
6 5 2 1 0.0586171
6 5 2 2 -0.0000000
6 5 3 0 0.0000000
6 5 3 1 0.0000000
6 5 3 2 0.0118760
6 5 3 3 0.0000000
6 5 4 0 -0.0000000
6 5 4 1 -0.0000000
6 5 4 2 0.0460633
6 5 4 3 0.0000000
6 5 4 4 0.0000000
6 5 5 0 0.0000000
6 5 5 1 -0.0000000
6 5 5 2 0.0036984
6 5 5 3 0.0000000
6 5 5 4 0.0000000
6 5 5 5 0.0000000
6 5 6 0 0.0099580
6 5 6 1 -0.0179825
6 5 6 2 0.0000000
6 5 6 3 0.0042231
6 5 6 4 -0.0545022
6 5 6 5 0.0419442
6 5 6 6 -0.0000000
6 6 0 0 0.7289443
6 6 1 0 -0.0060108
6 6 1 1 0.4991293
6 6 2 0 -0.0000000
6 6 2 1 -0.0000000
6 6 2 2 0.5299350
6 6 3 0 -0.0043182
6 6 3 1 0.0215502
6 6 3 2 0.0000000
6 6 3 3 0.4987234
6 6 4 0 0.0038924
6 6 4 1 0.0165835
6 6 4 2 -0.0000000
6 6 4 3 -0.0318335
6 6 4 4 0.4767593
6 6 5 0 -0.0063782
6 6 5 1 0.0641053
6 6 5 2 0.0000000
6 6 5 3 -0.0268461
6 6 5 4 -0.0355903
6 6 5 5 0.5050049
6 6 6 0 -0.0000000
6 6 6 1 0.0000000
6 6 6 2 0.0504983
6 6 6 3 0.0000000
6 6 6 4 0.0000000
6 6 6 5 -0.0000000
6 6 6 6 0.5575444
7 0 0 0 -0.0850691
7 0 1 0 0.0038240
7 0 1 1 -0.0071256
7 0 2 0 -0.0000000
7 0 2 1 0.0000000
7 0 2 2 -0.0006816
7 0 3 0 0.0034600
7 0 3 1 -0.0050433
7 0 3 2 0.0000000
7 0 3 3 -0.0045551
7 0 4 0 -0.0032404
7 0 4 1 0.0034314
7 0 4 2 -0.0000000
7 0 4 3 0.0024894
7 0 4 4 -0.0036102
7 0 5 0 0.0053182
7 0 5 1 -0.0044163
7 0 5 2 0.0000000
7 0 5 3 -0.0057361
7 0 5 4 0.0031689
7 0 5 5 -0.0046062
7 0 6 0 -0.0000000
7 0 6 1 -0.0000000
7 0 6 2 0.0016640
7 0 6 3 0.0000000
7 0 6 4 -0.0000000
7 0 6 5 0.0000000
7 0 6 6 0.0006891
7 0 7 0 0.0112603
7 0 7 1 0.0015681
7 0 7 2 -0.0000000
7 0 7 3 0.0026508
7 0 7 4 -0.0014144
7 0 7 5 0.0031123
7 0 7 6 0.0000000
7 0 7 7 0.0059793
7 1 0 0 -0.0065479
7 1 1 0 -0.0010257
7 1 1 1 -0.0013171
7 1 2 0 0.0000000
7 1 2 1 -0.0000000
7 1 2 2 0.0056919
7 1 3 0 -0.0031025
7 1 3 1 -0.0074661
7 1 3 2 0.0000000
7 1 3 3 -0.0107492
7 1 4 0 0.0013709
7 1 4 1 0.0074540
7 1 4 2 -0.0000000
7 1 4 3 0.0065498
7 1 4 4 0.0013370
7 1 5 0 0.0004045
7 1 5 1 -0.0025238
7 1 5 2 0.0000000
7 1 5 3 -0.0051245
7 1 5 4 -0.0012733
7 1 5 5 -0.0006137
7 1 6 0 -0.0000000
7 1 6 1 0.0000000
7 1 6 2 -0.0023181
7 1 6 3 -0.0000000
7 1 6 4 0.0000000
7 1 6 5 -0.0000000
7 1 6 6 0.0046857
7 1 7 0 0.0015681
7 1 7 1 0.0100073
7 1 7 2 0.0000000
7 1 7 3 -0.0040708
7 1 7 4 -0.0071366
7 1 7 5 0.0002170
7 1 7 6 -0.0000000
7 1 7 7 -0.0024810
7 2 0 0 -0.0000000
7 2 1 0 0.0000000
7 2 1 1 0.0000000
7 2 2 0 0.0046086
7 2 2 1 0.0221557
7 2 2 2 -0.0000000
7 2 3 0 -0.0000000
7 2 3 1 0.0000000
7 2 3 2 0.0105132
7 2 3 3 0.0000000
7 2 4 0 -0.0000000
7 2 4 1 -0.0000000
7 2 4 2 0.0131353
7 2 4 3 0.0000000
7 2 4 4 0.0000000
7 2 5 0 0.0000000
7 2 5 1 -0.0000000
7 2 5 2 0.0039909
7 2 5 3 0.0000000
7 2 5 4 -0.0000000
7 2 5 5 0.0000000
7 2 6 0 0.0068483
7 2 6 1 -0.0004314
7 2 6 2 -0.0000000
7 2 6 3 0.0105968
7 2 6 4 -0.0175530
7 2 6 5 0.0122390
7 2 6 6 -0.0000000
7 2 7 0 -0.0000000
7 2 7 1 0.0000000
7 2 7 2 0.0173920
7 2 7 3 -0.0000000
7 2 7 4 -0.0000000
7 2 7 5 -0.0000000
7 2 7 6 0.0157808
7 2 7 7 0.0000000
7 3 0 0 0.0085086
7 3 1 0 -0.0042814
7 3 1 1 -0.0264975
7 3 2 0 -0.0000000
7 3 2 1 0.0000000
7 3 2 2 -0.0018755
7 3 3 0 0.0024853
7 3 3 1 0.0038526
7 3 3 2 -0.0000000
7 3 3 3 0.0113804
7 3 4 0 0.0005485
7 3 4 1 0.0085518
7 3 4 2 0.0000000
7 3 4 3 -0.0154626
7 3 4 4 -0.0162445
7 3 5 0 -0.0081348
7 3 5 1 -0.0027822
7 3 5 2 0.0000000
7 3 5 3 -0.0193419
7 3 5 4 0.0024624
7 3 5 5 -0.0218807
7 3 6 0 0.0000000
7 3 6 1 -0.0000000
7 3 6 2 0.0158452
7 3 6 3 0.0000000
7 3 6 4 -0.0000000
7 3 6 5 0.0000000
7 3 6 6 0.0056640
7 3 7 0 0.0026508
7 3 7 1 -0.0040708
7 3 7 2 -0.0000000
7 3 7 3 0.0266324
7 3 7 4 0.0016934
7 3 7 5 -0.0006481
7 3 7 6 0.0000000
7 3 7 7 -0.0048675
7 4 0 0 -0.0072296
7 4 1 0 0.0020102
7 4 1 1 0.0066609
7 4 2 0 -0.0000000
7 4 2 1 -0.0000000
7 4 2 2 0.0039637
7 4 3 0 0.0001735
7 4 3 1 0.0009826
7 4 3 2 0.0000000
7 4 3 3 -0.0049350
7 4 4 0 -0.0007712
7 4 4 1 0.0010564
7 4 4 2 0.0000000
7 4 4 3 0.0016709
7 4 4 4 0.0042995
7 4 5 0 0.0030349
7 4 5 1 0.0021737
7 4 5 2 -0.0000000
7 4 5 3 0.0044925
7 4 5 4 -0.0051151
7 4 5 5 0.0027570
7 4 6 0 -0.0000000
7 4 6 1 -0.0000000
7 4 6 2 -0.0055522
7 4 6 3 -0.0000000
7 4 6 4 0.0000000
7 4 6 5 -0.0000000
7 4 6 6 -0.0001748
7 4 7 0 -0.0014144
7 4 7 1 -0.0071366
7 4 7 2 -0.0000000
7 4 7 3 0.0016934
7 4 7 4 0.0173596
7 4 7 5 0.0143376
7 4 7 6 -0.0000000
7 4 7 7 -0.0061620
7 5 0 0 0.0105539
7 5 1 0 -0.0012853
7 5 1 1 0.0021101
7 5 2 0 0.0000000
7 5 2 1 0.0000000
7 5 2 2 0.0049036
7 5 3 0 -0.0078783
7 5 3 1 -0.0191551
7 5 3 2 0.0000000
7 5 3 3 -0.0162025
7 5 4 0 0.0029369
7 5 4 1 -0.0003878
7 5 4 2 -0.0000000
7 5 4 3 0.0149590
7 5 4 4 -0.0003808
7 5 5 0 0.0033740
7 5 5 1 0.0010316
7 5 5 2 0.0000000
7 5 5 3 -0.0063037
7 5 5 4 0.0037073
7 5 5 5 0.0163401
7 5 6 0 -0.0000000
7 5 6 1 -0.0000000
7 5 6 2 0.0032059
7 5 6 3 0.0000000
7 5 6 4 0.0000000
7 5 6 5 0.0000000
7 5 6 6 0.0021715
7 5 7 0 0.0031123
7 5 7 1 0.0002170
7 5 7 2 -0.0000000
7 5 7 3 -0.0006481
7 5 7 4 0.0143376
7 5 7 5 0.0331357
7 5 7 6 0.0000000
7 5 7 7 0.0183855
7 6 0 0 -0.0000000
7 6 1 0 -0.0000000
7 6 1 1 -0.0000000
7 6 2 0 0.0054556
7 6 2 1 0.0131094
7 6 2 2 -0.0000000
7 6 3 0 0.0000000
7 6 3 1 0.0000000
7 6 3 2 0.0109901
7 6 3 3 0.0000000
7 6 4 0 -0.0000000
7 6 4 1 0.0000000
7 6 4 2 0.0017003
7 6 4 3 -0.0000000
7 6 4 4 0.0000000
7 6 5 0 0.0000000
7 6 5 1 -0.0000000
7 6 5 2 0.0062518
7 6 5 3 0.0000000
7 6 5 4 -0.0000000
7 6 5 5 -0.0000000
7 6 6 0 0.0081717
7 6 6 1 0.0062297
7 6 6 2 -0.0000000
7 6 6 3 0.0129021
7 6 6 4 -0.0075629
7 6 6 5 0.0068328
7 6 6 6 -0.0000000
7 6 7 0 0.0000000
7 6 7 1 -0.0000000
7 6 7 2 0.0157808
7 6 7 3 0.0000000
7 6 7 4 -0.0000000
7 6 7 5 0.0000000
7 6 7 6 0.0207147
7 6 7 7 -0.0000000
7 7 0 0 0.5615210
7 7 1 0 -0.0067758
7 7 1 1 0.4310291
7 7 2 0 0.0000000
7 7 2 1 0.0000000
7 7 2 2 0.4008357
7 7 3 0 -0.0084045
7 7 3 1 -0.0393429
7 7 3 2 -0.0000000
7 7 3 3 0.4253877
7 7 4 0 0.0050674
7 7 4 1 -0.0524413
7 7 4 2 -0.0000000
7 7 4 3 0.0221120
7 7 4 4 0.4109934
7 7 5 0 -0.0046249
7 7 5 1 0.0141653
7 7 5 2 -0.0000000
7 7 5 3 0.0061665
7 7 5 4 0.0475940
7 7 5 5 0.4833661
7 7 6 0 0.0000000
7 7 6 1 -0.0000000
7 7 6 2 0.0460942
7 7 6 3 0.0000000
7 7 6 4 -0.0000000
7 7 6 5 0.0000000
7 7 6 6 0.4146621
7 7 7 0 0.0059793
7 7 7 1 -0.0024810
7 7 7 2 0.0000000
7 7 7 3 -0.0048675
7 7 7 4 -0.0061620
7 7 7 5 0.0183855
7 7 7 6 -0.0000000
7 7 7 7 0.5146546
8 0 0 0 0.0000000
8 0 1 0 -0.0000000
8 0 1 1 0.0000000
8 0 2 0 0.0002360
8 0 2 1 0.0003081
8 0 2 2 0.0000000
8 0 3 0 0.0000000
8 0 3 1 0.0000000
8 0 3 2 0.0001684
8 0 3 3 0.0000000
8 0 4 0 -0.0000000
8 0 4 1 0.0000000
8 0 4 2 -0.0000948
8 0 4 3 -0.0000000
8 0 4 4 0.0000000
8 0 5 0 -0.0000000
8 0 5 1 0.0000000
8 0 5 2 0.0002845
8 0 5 3 -0.0000000
8 0 5 4 -0.0000000
8 0 5 5 -0.0000000
8 0 6 0 0.0003482
8 0 6 1 0.0002630
8 0 6 2 -0.0000000
8 0 6 3 0.0001942
8 0 6 4 -0.0000440
8 0 6 5 0.0002124
8 0 6 6 0.0000000
8 0 7 0 -0.0000000
8 0 7 1 0.0000000
8 0 7 2 0.0001250
8 0 7 3 0.0000000
8 0 7 4 -0.0000000
8 0 7 5 -0.0000000
8 0 7 6 0.0001606
8 0 7 7 -0.0000000
8 0 8 0 0.0000107
8 0 8 1 -0.0000425
8 0 8 2 0.0000000
8 0 8 3 0.0000877
8 0 8 4 0.0000853
8 0 8 5 0.0002148
8 0 8 6 -0.0000000
8 0 8 7 -0.0000305
8 0 8 8 -0.0000000
8 1 0 0 -0.0000000
8 1 1 0 -0.0000000
8 1 1 1 -0.0000000
8 1 2 0 0.0020322
8 1 2 1 0.0346216
8 1 2 2 -0.0000000
8 1 3 0 0.0000000
8 1 3 1 0.0000000
8 1 3 2 0.0064867
8 1 3 3 0.0000000
8 1 4 0 -0.0000000
8 1 4 1 0.0000000
8 1 4 2 0.0307543
8 1 4 3 0.0000000
8 1 4 4 0.0000000
8 1 5 0 -0.0000000
8 1 5 1 -0.0000000
8 1 5 2 -0.0015793
8 1 5 3 -0.0000000
8 1 5 4 -0.0000000
8 1 5 5 -0.0000000
8 1 6 0 0.0027393
8 1 6 1 -0.0164519
8 1 6 2 0.0000000
8 1 6 3 0.0025481
8 1 6 4 -0.0350339
8 1 6 5 0.0194971
8 1 6 6 -0.0000000
8 1 7 0 0.0000000
8 1 7 1 -0.0000000
8 1 7 2 0.0067886
8 1 7 3 0.0000000
8 1 7 4 -0.0000000
8 1 7 5 -0.0000000
8 1 7 6 0.0013230
8 1 7 7 0.0000000
8 1 8 0 -0.0000425
8 1 8 1 0.0259251
8 1 8 2 0.0000000
8 1 8 3 -0.0136000
8 1 8 4 -0.0052431
8 1 8 5 -0.0256718
8 1 8 6 -0.0000000
8 1 8 7 -0.0004411
8 1 8 8 0.0000000
8 2 0 0 0.0339936
8 2 1 0 0.0001626
8 2 1 1 0.0189850
8 2 2 0 0.0000000
8 2 2 1 -0.0000000
8 2 2 2 0.0296809
8 2 3 0 -0.0003007
8 2 3 1 0.0117018
8 2 3 2 0.0000000
8 2 3 3 0.0151318
8 2 4 0 0.0000172
8 2 4 1 0.0183609
8 2 4 2 0.0000000
8 2 4 3 -0.0133420
8 2 4 4 0.0114541
8 2 5 0 0.0003609
8 2 5 1 0.0186540
8 2 5 2 0.0000000
8 2 5 3 -0.0143413
8 2 5 4 -0.0238728
8 2 5 5 0.0043188
8 2 6 0 0.0000000
8 2 6 1 0.0000000
8 2 6 2 0.0024053
8 2 6 3 -0.0000000
8 2 6 4 -0.0000000
8 2 6 5 -0.0000000
8 2 6 6 0.0299518
8 2 7 0 -0.0000085
8 2 7 1 0.0028074
8 2 7 2 0.0000000
8 2 7 3 0.0031568
8 2 7 4 0.0014776
8 2 7 5 -0.0011957
8 2 7 6 0.0000000
8 2 7 7 -0.0210412
8 2 8 0 0.0000000
8 2 8 1 0.0000000
8 2 8 2 0.0216652
8 2 8 3 0.0000000
8 2 8 4 0.0000000
8 2 8 5 -0.0000000
8 2 8 6 -0.0163833
8 2 8 7 0.0000000
8 2 8 8 -0.0598692
8 3 0 0 0.0000000
8 3 1 0 0.0000000
8 3 1 1 0.0000000
8 3 2 0 -0.0003435
8 3 2 1 -0.0086492
8 3 2 2 0.0000000
8 3 3 0 -0.0000000
8 3 3 1 0.0000000
8 3 3 2 -0.0001164
8 3 3 3 0.0000000
8 3 4 0 -0.0000000
8 3 4 1 0.0000000
8 3 4 2 -0.0091148
8 3 4 3 -0.0000000
8 3 4 4 -0.0000000
8 3 5 0 0.0000000
8 3 5 1 0.0000000
8 3 5 2 -0.0005921
8 3 5 3 -0.0000000
8 3 5 4 -0.0000000
8 3 5 5 0.0000000
8 3 6 0 -0.0004347
8 3 6 1 0.0049996
8 3 6 2 -0.0000000
8 3 6 3 0.0008582
8 3 6 4 0.0098278
8 3 6 5 -0.0047867
8 3 6 6 0.0000000
8 3 7 0 -0.0000000
8 3 7 1 0.0000000
8 3 7 2 -0.0016739
8 3 7 3 0.0000000
8 3 7 4 0.0000000
8 3 7 5 -0.0000000
8 3 7 6 -0.0001274
8 3 7 7 -0.0000000
8 3 8 0 0.0000877
8 3 8 1 -0.0136000
8 3 8 2 0.0000000
8 3 8 3 0.0098825
8 3 8 4 0.0087222
8 3 8 5 0.0167387
8 3 8 6 -0.0000000
8 3 8 7 -0.0011162
8 3 8 8 -0.0000000
8 4 0 0 0.0000000
8 4 1 0 0.0000000
8 4 1 1 0.0000000
8 4 2 0 0.0003294
8 4 2 1 0.0128012
8 4 2 2 0.0000000
8 4 3 0 0.0000000
8 4 3 1 0.0000000
8 4 3 2 0.0024461
8 4 3 3 0.0000000
8 4 4 0 -0.0000000
8 4 4 1 0.0000000
8 4 4 2 0.0127154
8 4 4 3 0.0000000
8 4 4 4 0.0000000
8 4 5 0 -0.0000000
8 4 5 1 0.0000000
8 4 5 2 -0.0063888
8 4 5 3 -0.0000000
8 4 5 4 -0.0000000
8 4 5 5 -0.0000000
8 4 6 0 0.0005707
8 4 6 1 -0.0092198
8 4 6 2 0.0000000
8 4 6 3 0.0014203
8 4 6 4 -0.0143787
8 4 6 5 0.0096624
8 4 6 6 -0.0000000
8 4 7 0 -0.0000000
8 4 7 1 0.0000000
8 4 7 2 0.0017308
8 4 7 3 0.0000000
8 4 7 4 0.0000000
8 4 7 5 -0.0000000
8 4 7 6 0.0009915
8 4 7 7 -0.0000000
8 4 8 0 0.0000853
8 4 8 1 -0.0052431
8 4 8 2 0.0000000
8 4 8 3 0.0087222
8 4 8 4 0.0169496
8 4 8 5 0.0119940
8 4 8 6 0.0000000
8 4 8 7 0.0011862
8 4 8 8 -0.0000000
8 5 0 0 -0.0000000
8 5 1 0 -0.0000000
8 5 1 1 0.0000000
8 5 2 0 -0.0004099
8 5 2 1 -0.0206283
8 5 2 2 0.0000000
8 5 3 0 -0.0000000
8 5 3 1 -0.0000000
8 5 3 2 -0.0041296
8 5 3 3 -0.0000000
8 5 4 0 -0.0000000
8 5 4 1 -0.0000000
8 5 4 2 -0.0253344
8 5 4 3 -0.0000000
8 5 4 4 -0.0000000
8 5 5 0 0.0000000
8 5 5 1 0.0000000
8 5 5 2 0.0044290
8 5 5 3 0.0000000
8 5 5 4 0.0000000
8 5 5 5 -0.0000000
8 5 6 0 -0.0005898
8 5 6 1 0.0158293
8 5 6 2 -0.0000000
8 5 6 3 -0.0000904
8 5 6 4 0.0285527
8 5 6 5 -0.0122594
8 5 6 6 0.0000000
8 5 7 0 -0.0000000
8 5 7 1 0.0000000
8 5 7 2 -0.0039506
8 5 7 3 -0.0000000
8 5 7 4 -0.0000000
8 5 7 5 0.0000000
8 5 7 6 0.0012788
8 5 7 7 0.0000000
8 5 8 0 0.0002148
8 5 8 1 -0.0256718
8 5 8 2 -0.0000000
8 5 8 3 0.0167387
8 5 8 4 0.0119940
8 5 8 5 0.0330082
8 5 8 6 0.0000000
8 5 8 7 0.0008012
8 5 8 8 0.0000000
8 6 0 0 0.0006506
8 6 1 0 -0.0002039
8 6 1 1 -0.0057288
8 6 2 0 0.0000000
8 6 2 1 0.0000000
8 6 2 2 -0.0131282
8 6 3 0 -0.0003261
8 6 3 1 -0.0080079
8 6 3 2 -0.0000000
8 6 3 3 0.0021149
8 6 4 0 0.0002511
8 6 4 1 -0.0193463
8 6 4 2 -0.0000000
8 6 4 3 0.0072107
8 6 4 4 -0.0078863
8 6 5 0 -0.0000937
8 6 5 1 -0.0044304
8 6 5 2 -0.0000000
8 6 5 3 0.0074777
8 6 5 4 0.0200722
8 6 5 5 0.0084807
8 6 6 0 0.0000000
8 6 6 1 -0.0000000
8 6 6 2 0.0104832
8 6 6 3 0.0000000
8 6 6 4 -0.0000000
8 6 6 5 0.0000000
8 6 6 6 -0.0156481
8 6 7 0 0.0001241
8 6 7 1 -0.0024376
8 6 7 2 0.0000000
8 6 7 3 -0.0015760
8 6 7 4 -0.0005864
8 6 7 5 0.0032461
8 6 7 6 -0.0000000
8 6 7 7 0.0246117
8 6 8 0 -0.0000000
8 6 8 1 -0.0000000
8 6 8 2 -0.0163833
8 6 8 3 -0.0000000
8 6 8 4 0.0000000
8 6 8 5 0.0000000
8 6 8 6 0.0148488
8 6 8 7 0.0000000
8 6 8 8 0.0423924
8 7 0 0 0.0000000
8 7 1 0 -0.0000000
8 7 1 1 -0.0000000
8 7 2 0 0.0002610
8 7 2 1 0.0032378
8 7 2 2 -0.0000000
8 7 3 0 0.0000000
8 7 3 1 0.0000000
8 7 3 2 0.0013247
8 7 3 3 0.0000000
8 7 4 0 -0.0000000
8 7 4 1 0.0000000
8 7 4 2 0.0021024
8 7 4 3 0.0000000
8 7 4 4 0.0000000
8 7 5 0 -0.0000000
8 7 5 1 -0.0000000
8 7 5 2 -0.0008315
8 7 5 3 -0.0000000
8 7 5 4 -0.0000000
8 7 5 5 -0.0000000
8 7 6 0 0.0003324
8 7 6 1 -0.0021190
8 7 6 2 0.0000000
8 7 6 3 0.0003644
8 7 6 4 -0.0025545
8 7 6 5 0.0025345
8 7 6 6 -0.0000000
8 7 7 0 -0.0000000
8 7 7 1 0.0000000
8 7 7 2 -0.0037140
8 7 7 3 -0.0000000
8 7 7 4 -0.0000000
8 7 7 5 0.0000000
8 7 7 6 0.0039121
8 7 7 7 -0.0000000
8 7 8 0 -0.0000305
8 7 8 1 -0.0004411
8 7 8 2 0.0000000
8 7 8 3 -0.0011162
8 7 8 4 0.0011862
8 7 8 5 0.0008012
8 7 8 6 0.0000000
8 7 8 7 0.0210483
8 7 8 8 -0.0000000
8 8 0 0 0.3245175
8 8 1 0 0.0029107
8 8 1 1 0.4366657
8 8 2 0 0.0000000
8 8 2 1 0.0000000
8 8 2 2 0.3557606
8 8 3 0 -0.0040827
8 8 3 1 -0.0770149
8 8 3 2 0.0000000
8 8 3 3 0.3353939
8 8 4 0 0.0005533
8 8 4 1 -0.0581016
8 8 4 2 -0.0000000
8 8 4 3 0.0872706
8 8 4 4 0.4464903
8 8 5 0 0.0068824
8 8 5 1 -0.0670303
8 8 5 2 -0.0000000
8 8 5 3 0.0772039
8 8 5 4 0.0749508
8 8 5 5 0.4663430
8 8 6 0 -0.0000000
8 8 6 1 -0.0000000
8 8 6 2 -0.0511316
8 8 6 3 -0.0000000
8 8 6 4 0.0000000
8 8 6 5 0.0000000
8 8 6 6 0.3513633
8 8 7 0 -0.0014084
8 8 7 1 -0.0030394
8 8 7 2 0.0000000
8 8 7 3 -0.0300193
8 8 7 4 0.0003060
8 8 7 5 0.0113661
8 8 7 6 -0.0000000
8 8 7 7 0.4670424
8 8 8 0 -0.0000000
8 8 8 1 0.0000000
8 8 8 2 -0.0598692
8 8 8 3 -0.0000000
8 8 8 4 -0.0000000
8 8 8 5 0.0000000
8 8 8 6 0.0423924
8 8 8 7 -0.0000000
8 8 8 8 0.6728328
9 0 0 0 0.0028046
9 0 1 0 -0.0001017
9 0 1 1 0.0003678
9 0 2 0 0.0000000
9 0 2 1 -0.0000000
9 0 2 2 0.0003657
9 0 3 0 -0.0001163
9 0 3 1 0.0001939
9 0 3 2 -0.0000000
9 0 3 3 0.0005013
9 0 4 0 0.0000839
9 0 4 1 -0.0000317
9 0 4 2 0.0000000
9 0 4 3 -0.0002618
9 0 4 4 0.0000934
9 0 5 0 -0.0001033
9 0 5 1 0.0004477
9 0 5 2 0.0000000
9 0 5 3 -0.0001630
9 0 5 4 -0.0002280
9 0 5 5 0.0004100
9 0 6 0 0.0000000
9 0 6 1 -0.0000000
9 0 6 2 0.0002999
9 0 6 3 0.0000000
9 0 6 4 -0.0000000
9 0 6 5 -0.0000000
9 0 6 6 0.0004300
9 0 7 0 -0.0001227
9 0 7 1 -0.0000082
9 0 7 2 0.0000000
9 0 7 3 0.0000025
9 0 7 4 0.0000101
9 0 7 5 -0.0000346
9 0 7 6 0.0000000
9 0 7 7 -0.0000327
9 0 8 0 0.0000000
9 0 8 1 0.0000000
9 0 8 2 0.0001454
9 0 8 3 0.0000000
9 0 8 4 0.0000000
9 0 8 5 -0.0000000
9 0 8 6 -0.0000806
9 0 8 7 0.0000000
9 0 8 8 -0.0004260
9 0 9 0 0.0000059
9 0 9 1 -0.0000144
9 0 9 2 -0.0000000
9 0 9 3 0.0000753
9 0 9 4 0.0001612
9 0 9 5 0.0001137
9 0 9 6 0.0000000
9 0 9 7 -0.0000186
9 0 9 8 -0.0000000
9 0 9 9 -0.0027323
9 1 0 0 0.0047702
9 1 1 0 0.0000915
9 1 1 1 0.0028469
9 1 2 0 -0.0000000
9 1 2 1 -0.0000000
9 1 2 2 0.0040840
9 1 3 0 0.0000144
9 1 3 1 0.0022011
9 1 3 2 0.0000000
9 1 3 3 0.0020401
9 1 4 0 -0.0000333
9 1 4 1 0.0028079
9 1 4 2 0.0000000
9 1 4 3 -0.0026048
9 1 4 4 0.0005970
9 1 5 0 0.0001191
9 1 5 1 0.0031653
9 1 5 2 0.0000000
9 1 5 3 -0.0021222
9 1 5 4 -0.0041686
9 1 5 5 0.0005268
9 1 6 0 -0.0000000
9 1 6 1 0.0000000
9 1 6 2 -0.0000178
9 1 6 3 -0.0000000
9 1 6 4 -0.0000000
9 1 6 5 -0.0000000
9 1 6 6 0.0041441
9 1 7 0 -0.0000769
9 1 7 1 0.0003713
9 1 7 2 0.0000000
9 1 7 3 -0.0001372
9 1 7 4 -0.0001829
9 1 7 5 -0.0006779
9 1 7 6 -0.0000000
9 1 7 7 -0.0010032
9 1 8 0 0.0000000
9 1 8 1 -0.0000000
9 1 8 2 0.0018328
9 1 8 3 0.0000000
9 1 8 4 0.0000000
9 1 8 5 0.0000000
9 1 8 6 -0.0014693
9 1 8 7 0.0000000
9 1 8 8 -0.0031463
9 1 9 0 -0.0000144
9 1 9 1 0.0027867
9 1 9 2 0.0000000
9 1 9 3 -0.0029017
9 1 9 4 -0.0049005
9 1 9 5 -0.0051520
9 1 9 6 -0.0000000
9 1 9 7 -0.0007259
9 1 9 8 0.0000000
9 1 9 9 0.0158485
9 2 0 0 0.0000000
9 2 1 0 -0.0000000
9 2 1 1 -0.0000000
9 2 2 0 0.0001391
9 2 2 1 0.0022052
9 2 2 2 0.0000000
9 2 3 0 0.0000000
9 2 3 1 0.0000000
9 2 3 2 0.0006195
9 2 3 3 0.0000000
9 2 4 0 0.0000000
9 2 4 1 0.0000000
9 2 4 2 0.0022930
9 2 4 3 0.0000000
9 2 4 4 0.0000000
9 2 5 0 -0.0000000
9 2 5 1 0.0000000
9 2 5 2 0.0000823
9 2 5 3 -0.0000000
9 2 5 4 -0.0000000
9 2 5 5 -0.0000000
9 2 6 0 0.0001834
9 2 6 1 -0.0009991
9 2 6 2 0.0000000
9 2 6 3 0.0000418
9 2 6 4 -0.0025322
9 2 6 5 0.0010994
9 2 6 6 -0.0000000
9 2 7 0 0.0000000
9 2 7 1 -0.0000000
9 2 7 2 0.0003678
9 2 7 3 0.0000000
9 2 7 4 0.0000000
9 2 7 5 0.0000000
9 2 7 6 0.0000191
9 2 7 7 0.0000000
9 2 8 0 -0.0000025
9 2 8 1 0.0018211
9 2 8 2 0.0000000
9 2 8 3 -0.0011893
9 2 8 4 -0.0011278
9 2 8 5 -0.0021270
9 2 8 6 -0.0000000
9 2 8 7 0.0000250
9 2 8 8 0.0000000
9 2 9 0 -0.0000000
9 2 9 1 0.0000000
9 2 9 2 0.0014146
9 2 9 3 -0.0000000
9 2 9 4 -0.0000000
9 2 9 5 -0.0000000
9 2 9 6 -0.0012585
9 2 9 7 0.0000000
9 2 9 8 -0.0042501
9 2 9 9 0.0000000
9 3 0 0 -0.0001291
9 3 1 0 0.0000541
9 3 1 1 0.0004688
9 3 2 0 0.0000000
9 3 2 1 0.0000000
9 3 2 2 -0.0005285
9 3 3 0 0.0000481
9 3 3 1 -0.0003641
9 3 3 2 -0.0000000
9 3 3 3 0.0004857
9 3 4 0 -0.0000372
9 3 4 1 -0.0011815
9 3 4 2 0.0000000
9 3 4 3 0.0007337
9 3 4 4 0.0008316
9 3 5 0 0.0000405
9 3 5 1 -0.0003208
9 3 5 2 -0.0000000
9 3 5 3 0.0007822
9 3 5 4 0.0009417
9 3 5 5 0.0004421
9 3 6 0 0.0000000
9 3 6 1 -0.0000000
9 3 6 2 0.0003318
9 3 6 3 0.0000000
9 3 6 4 -0.0000000
9 3 6 5 0.0000000
9 3 6 6 -0.0006053
9 3 7 0 -0.0000506
9 3 7 1 0.0000519
9 3 7 2 0.0000000
9 3 7 3 -0.0000378
9 3 7 4 -0.0000351
9 3 7 5 -0.0002439
9 3 7 6 -0.0000000
9 3 7 7 -0.0019641
9 3 8 0 0.0000000
9 3 8 1 0.0000000
9 3 8 2 0.0005971
9 3 8 3 -0.0000000
9 3 8 4 -0.0000000
9 3 8 5 -0.0000000
9 3 8 6 -0.0004376
9 3 8 7 0.0000000
9 3 8 8 -0.0025567
9 3 9 0 0.0000753
9 3 9 1 -0.0029017
9 3 9 2 -0.0000000
9 3 9 3 0.0043162
9 3 9 4 0.0078726
9 3 9 5 0.0069877
9 3 9 6 0.0000000
9 3 9 7 -0.0005794
9 3 9 8 -0.0000000
9 3 9 9 -0.0641087
9 4 0 0 0.0010911
9 4 1 0 -0.0000139
9 4 1 1 0.0014214
9 4 2 0 0.0000000
9 4 2 1 0.0000000
9 4 2 2 0.0011383
9 4 3 0 -0.0000637
9 4 3 1 -0.0002655
9 4 3 2 0.0000000
9 4 3 3 0.0007330
9 4 4 0 0.0000029
9 4 4 1 0.0005277
9 4 4 2 0.0000000
9 4 4 3 0.0002042
9 4 4 4 0.0018118
9 4 5 0 0.0000064
9 4 5 1 0.0003245
9 4 5 2 0.0000000
9 4 5 3 -0.0005609
9 4 5 4 -0.0009956
9 4 5 5 0.0000373
9 4 6 0 0.0000000
9 4 6 1 -0.0000000
9 4 6 2 -0.0000657
9 4 6 3 -0.0000000
9 4 6 4 -0.0000000
9 4 6 5 0.0000000
9 4 6 6 0.0014160
9 4 7 0 0.0000480
9 4 7 1 0.0003718
9 4 7 2 -0.0000000
9 4 7 3 0.0008193
9 4 7 4 0.0004150
9 4 7 5 0.0000330
9 4 7 6 0.0000000
9 4 7 7 -0.0056846
9 4 8 0 0.0000000
9 4 8 1 0.0000000
9 4 8 2 0.0029336
9 4 8 3 0.0000000
9 4 8 4 0.0000000
9 4 8 5 -0.0000000
9 4 8 6 -0.0024496
9 4 8 7 0.0000000
9 4 8 8 -0.0082574
9 4 9 0 0.0001612
9 4 9 1 -0.0049005
9 4 9 2 -0.0000000
9 4 9 3 0.0078726
9 4 9 4 0.0152186
9 4 9 5 0.0128428
9 4 9 6 0.0000000
9 4 9 7 0.0004584
9 4 9 8 -0.0000000
9 4 9 9 -0.1487962
9 5 0 0 0.0031118
9 5 1 0 0.0000947
9 5 1 1 0.0028317
9 5 2 0 0.0000000
9 5 2 1 0.0000000
9 5 2 2 0.0000500
9 5 3 0 -0.0001186
9 5 3 1 -0.0016359
9 5 3 2 -0.0000000
9 5 3 3 0.0026750
9 5 4 0 -0.0000012
9 5 4 1 -0.0034535
9 5 4 2 -0.0000000
9 5 4 3 0.0016890
9 5 4 4 0.0023791
9 5 5 0 0.0001836
9 5 5 1 0.0003211
9 5 5 2 -0.0000000
9 5 5 3 0.0010287
9 5 5 4 0.0025500
9 5 5 5 0.0036435
9 5 6 0 0.0000000
9 5 6 1 -0.0000000
9 5 6 2 0.0017709
9 5 6 3 0.0000000
9 5 6 4 0.0000000
9 5 6 5 0.0000000
9 5 6 6 -0.0002617
9 5 7 0 -0.0000402
9 5 7 1 -0.0002178
9 5 7 2 -0.0000000
9 5 7 3 0.0003496
9 5 7 4 0.0004621
9 5 7 5 0.0004798
9 5 7 6 0.0000000
9 5 7 7 -0.0009641
9 5 8 0 0.0000000
9 5 8 1 -0.0000000
9 5 8 2 0.0008068
9 5 8 3 0.0000000
9 5 8 4 0.0000000
9 5 8 5 0.0000000
9 5 8 6 -0.0002732
9 5 8 7 0.0000000
9 5 8 8 -0.0032261
9 5 9 0 0.0001137
9 5 9 1 -0.0051520
9 5 9 2 -0.0000000
9 5 9 3 0.0069877
9 5 9 4 0.0128428
9 5 9 5 0.0118732
9 5 9 6 0.0000000
9 5 9 7 0.0008974
9 5 9 8 0.0000000
9 5 9 9 -0.0959671
9 6 0 0 0.0000000
9 6 1 0 -0.0000000
9 6 1 1 0.0000000
9 6 2 0 -0.0000652
9 6 2 1 -0.0020938
9 6 2 2 0.0000000
9 6 3 0 -0.0000000
9 6 3 1 -0.0000000
9 6 3 2 -0.0005519
9 6 3 3 -0.0000000
9 6 4 0 -0.0000000
9 6 4 1 -0.0000000
9 6 4 2 -0.0025580
9 6 4 3 -0.0000000
9 6 4 4 -0.0000000
9 6 5 0 0.0000000
9 6 5 1 0.0000000
9 6 5 2 0.0003451
9 6 5 3 0.0000000
9 6 5 4 -0.0000000
9 6 5 5 0.0000000
9 6 6 0 -0.0000911
9 6 6 1 0.0014394
9 6 6 2 -0.0000000
9 6 6 3 -0.0000078
9 6 6 4 0.0028659
9 6 6 5 -0.0011742
9 6 6 6 0.0000000
9 6 7 0 -0.0000000
9 6 7 1 0.0000000
9 6 7 2 -0.0004176
9 6 7 3 0.0000000
9 6 7 4 0.0000000
9 6 7 5 -0.0000000
9 6 7 6 -0.0000421
9 6 7 7 -0.0000000
9 6 8 0 0.0000113
9 6 8 1 -0.0018951
9 6 8 2 0.0000000
9 6 8 3 0.0012189
9 6 8 4 0.0009574
9 6 8 5 0.0023805
9 6 8 6 -0.0000000
9 6 8 7 -0.0001143
9 6 8 8 -0.0000000
9 6 9 0 0.0000000
9 6 9 1 -0.0000000
9 6 9 2 -0.0012585
9 6 9 3 0.0000000
9 6 9 4 0.0000000
9 6 9 5 0.0000000
9 6 9 6 0.0011426
9 6 9 7 0.0000000
9 6 9 8 0.0036574
9 6 9 9 -0.0000000
9 7 0 0 -0.0009786
9 7 1 0 0.0000861
9 7 1 1 0.0008757
9 7 2 0 0.0000000
9 7 2 1 -0.0000000
9 7 2 2 0.0002518
9 7 3 0 0.0000325
9 7 3 1 0.0002327
9 7 3 2 0.0000000
9 7 3 3 -0.0003551
9 7 4 0 -0.0000432
9 7 4 1 0.0001780
9 7 4 2 0.0000000
9 7 4 3 -0.0001011
9 7 4 4 0.0003898
9 7 5 0 0.0000832
9 7 5 1 -0.0003425
9 7 5 2 -0.0000000
9 7 5 3 0.0001355
9 7 5 4 -0.0004214
9 7 5 5 0.0000956
9 7 6 0 -0.0000000
9 7 6 1 0.0000000
9 7 6 2 -0.0007375
9 7 6 3 -0.0000000
9 7 6 4 0.0000000
9 7 6 5 -0.0000000
9 7 6 6 0.0002446
9 7 7 0 -0.0000535
9 7 7 1 -0.0009242
9 7 7 2 -0.0000000
9 7 7 3 0.0008007
9 7 7 4 0.0018598
9 7 7 5 0.0013990
9 7 7 6 0.0000000
9 7 7 7 -0.0001771
9 7 8 0 0.0000000
9 7 8 1 -0.0000000
9 7 8 2 0.0002642
9 7 8 3 0.0000000
9 7 8 4 0.0000000
9 7 8 5 -0.0000000
9 7 8 6 -0.0003853
9 7 8 7 0.0000000
9 7 8 8 0.0000619
9 7 9 0 -0.0000186
9 7 9 1 -0.0007259
9 7 9 2 0.0000000
9 7 9 3 -0.0005794
9 7 9 4 0.0004584
9 7 9 5 0.0008974
9 7 9 6 0.0000000
9 7 9 7 0.0091562
9 7 9 8 0.0000000
9 7 9 9 -0.0149403
9 8 0 0 0.0000000
9 8 1 0 0.0000000
9 8 1 1 -0.0000000
9 8 2 0 0.0001042
9 8 2 1 0.0033083
9 8 2 2 0.0000000
9 8 3 0 0.0000000
9 8 3 1 0.0000000
9 8 3 2 0.0000119
9 8 3 3 -0.0000000
9 8 4 0 -0.0000000
9 8 4 1 0.0000000
9 8 4 2 0.0020101
9 8 4 3 0.0000000
9 8 4 4 0.0000000
9 8 5 0 -0.0000000
9 8 5 1 -0.0000000
9 8 5 2 -0.0016420
9 8 5 3 -0.0000000
9 8 5 4 -0.0000000
9 8 5 5 0.0000000
9 8 6 0 0.0001574
9 8 6 1 -0.0023953
9 8 6 2 0.0000000
9 8 6 3 0.0006929
9 8 6 4 -0.0026474
9 8 6 5 0.0027970
9 8 6 6 -0.0000000
9 8 7 0 0.0000000
9 8 7 1 -0.0000000
9 8 7 2 0.0004573
9 8 7 3 0.0000000
9 8 7 4 0.0000000
9 8 7 5 -0.0000000
9 8 7 6 0.0000704
9 8 7 7 -0.0000000
9 8 8 0 -0.0000160
9 8 8 1 -0.0001532
9 8 8 2 -0.0000000
9 8 8 3 0.0013966
9 8 8 4 0.0042855
9 8 8 5 0.0013149
9 8 8 6 0.0000000
9 8 8 7 0.0004312
9 8 8 8 -0.0000000
9 8 9 0 -0.0000000
9 8 9 1 0.0000000
9 8 9 2 -0.0042501
9 8 9 3 -0.0000000
9 8 9 4 -0.0000000
9 8 9 5 0.0000000
9 8 9 6 0.0036574
9 8 9 7 0.0000000
9 8 9 8 0.0145315
9 8 9 9 -0.0000000
9 9 0 0 0.3431382
9 9 1 0 0.0035577
9 9 1 1 0.4979076
9 9 2 0 0.0000000
9 9 2 1 0.0000000
9 9 2 2 0.3734792
9 9 3 0 -0.0047717
9 9 3 1 -0.1230999
9 9 3 2 -0.0000000
9 9 3 3 0.3920641
9 9 4 0 0.0010484
9 9 4 1 -0.1332617
9 9 4 2 -0.0000000
9 9 4 3 0.1578971
9 9 4 4 0.5583675
9 9 5 0 0.0084647
9 9 5 1 -0.1190295
9 9 5 2 -0.0000000
9 9 5 3 0.1407869
9 9 5 4 0.1830409
9 9 5 5 0.5889460
9 9 6 0 -0.0000000
9 9 6 1 -0.0000000
9 9 6 2 -0.0548570
9 9 6 3 0.0000000
9 9 6 4 0.0000000
9 9 6 5 0.0000000
9 9 6 6 0.3620904
9 9 7 0 -0.0020418
9 9 7 1 -0.0110307
9 9 7 2 0.0000000
9 9 7 3 -0.0461882
9 9 7 4 -0.0061102
9 9 7 5 0.0166407
9 9 7 6 -0.0000000
9 9 7 7 0.6182421
9 9 8 0 -0.0000000
9 9 8 1 0.0000000
9 9 8 2 -0.1094298
9 9 8 3 -0.0000000
9 9 8 4 -0.0000000
9 9 8 5 0.0000000
9 9 8 6 0.0890519
9 9 8 7 -0.0000000
9 9 8 8 0.8416888
9 9 9 0 -0.0027323
9 9 9 1 0.0158485
9 9 9 2 0.0000000
9 9 9 3 -0.0641087
9 9 9 4 -0.1487962
9 9 9 5 -0.0959671
9 9 9 6 -0.0000000
9 9 9 7 -0.0149403
9 9 9 8 -0.0000000
9 9 9 9 3.4993864
10 0 0 0 0.0250965
10 0 1 0 -0.0010130
10 0 1 1 0.0027237
10 0 2 0 0.0000000
10 0 2 1 -0.0000000
10 0 2 2 0.0012597
10 0 3 0 -0.0009640
10 0 3 1 0.0015965
10 0 3 2 -0.0000000
10 0 3 3 0.0025138
10 0 4 0 0.0008585
10 0 4 1 -0.0009312
10 0 4 2 0.0000000
10 0 4 3 -0.0011954
10 0 4 4 0.0012422
10 0 5 0 -0.0013425
10 0 5 1 0.0021424
10 0 5 2 -0.0000000
10 0 5 3 0.0008856
10 0 5 4 -0.0011817
10 0 5 5 0.0023055
10 0 6 0 0.0000000
10 0 6 1 -0.0000000
10 0 6 2 0.0004617
10 0 6 3 0.0000000
10 0 6 4 -0.0000000
10 0 6 5 -0.0000000
10 0 6 6 0.0011031
10 0 7 0 -0.0027170
10 0 7 1 -0.0004145
10 0 7 2 0.0000000
10 0 7 3 -0.0005272
10 0 7 4 0.0004451
10 0 7 5 -0.0007152
10 0 7 6 0.0000000
10 0 7 7 -0.0012117
10 0 8 0 0.0000000
10 0 8 1 -0.0000000
10 0 8 2 0.0003535
10 0 8 3 0.0000000
10 0 8 4 0.0000000
10 0 8 5 0.0000000
10 0 8 6 -0.0001901
10 0 8 7 0.0000000
10 0 8 8 -0.0006591
10 0 9 0 0.0000359
10 0 9 1 0.0000599
10 0 9 2 -0.0000000
10 0 9 3 0.0000136
10 0 9 4 0.0000135
10 0 9 5 0.0000246
10 0 9 6 0.0000000
10 0 9 7 0.0000115
10 0 9 8 0.0000000
10 0 9 9 -0.0008085
10 0 10 0 0.0006751
10 0 10 1 0.0005226
10 0 10 2 0.0000000
10 0 10 3 0.0000883
10 0 10 4 -0.0001853
10 0 10 5 0.0000565
10 0 10 6 -0.0000000
10 0 10 7 -0.0000157
10 0 10 8 -0.0000000
10 0 10 9 0.0000063
10 0 10 10 -0.0010838
10 1 0 0 0.0329724
10 1 1 0 0.0010074
10 1 1 1 0.0326192
10 1 2 0 -0.0000000
10 1 2 1 -0.0000000
10 1 2 2 0.0249493
10 1 3 0 0.0006312
10 1 3 1 0.0052544
10 1 3 2 0.0000000
10 1 3 3 0.0253949
10 1 4 0 -0.0005187
10 1 4 1 0.0001422
10 1 4 2 0.0000000
10 1 4 3 -0.0035152
10 1 4 4 0.0256548
10 1 5 0 0.0010075
10 1 5 1 0.0115093
10 1 5 2 0.0000000
10 1 5 3 -0.0007629
10 1 5 4 -0.0082704
10 1 5 5 0.0219562
10 1 6 0 0.0000000
10 1 6 1 0.0000000
10 1 6 2 0.0004692
10 1 6 3 0.0000000
10 1 6 4 -0.0000000
10 1 6 5 -0.0000000
10 1 6 6 0.0251245
10 1 7 0 -0.0009424
10 1 7 1 0.0009039
10 1 7 2 0.0000000
10 1 7 3 -0.0006890
10 1 7 4 0.0002807
10 1 7 5 -0.0050761
10 1 7 6 0.0000000
10 1 7 7 -0.0024033
10 1 8 0 0.0000000
10 1 8 1 -0.0000000
10 1 8 2 0.0115174
10 1 8 3 0.0000000
10 1 8 4 0.0000000
10 1 8 5 -0.0000000
10 1 8 6 -0.0091554
10 1 8 7 0.0000000
10 1 8 8 -0.0116332
10 1 9 0 0.0001148
10 1 9 1 0.0010569
10 1 9 2 -0.0000000
10 1 9 3 0.0012151
10 1 9 4 0.0035922
10 1 9 5 0.0020477
10 1 9 6 0.0000000
10 1 9 7 0.0003167
10 1 9 8 -0.0000000
10 1 9 9 -0.0404408
10 1 10 0 0.0005226
10 1 10 1 0.0209904
10 1 10 2 0.0000000
10 1 10 3 -0.0106065
10 1 10 4 -0.0109460
10 1 10 5 -0.0197927
10 1 10 6 -0.0000000
10 1 10 7 -0.0018511
10 1 10 8 0.0000000
10 1 10 9 0.0002020
10 1 10 10 -0.0529773
10 2 0 0 0.0000000
10 2 1 0 0.0000000
10 2 1 1 0.0000000
10 2 2 0 -0.0006413
10 2 2 1 0.0002493
10 2 2 2 0.0000000
10 2 3 0 0.0000000
10 2 3 1 -0.0000000
10 2 3 2 -0.0007187
10 2 3 3 0.0000000
10 2 4 0 0.0000000
10 2 4 1 -0.0000000
10 2 4 2 0.0009045
10 2 4 3 0.0000000
10 2 4 4 0.0000000
10 2 5 0 -0.0000000
10 2 5 1 0.0000000
10 2 5 2 -0.0015117
10 2 5 3 -0.0000000
10 2 5 4 0.0000000
10 2 5 5 0.0000000
10 2 6 0 -0.0009739
10 2 6 1 -0.0017614
10 2 6 2 0.0000000
10 2 6 3 -0.0016394
10 2 6 4 -0.0007729
10 2 6 5 0.0002865
10 2 6 6 0.0000000
10 2 7 0 0.0000000
10 2 7 1 0.0000000
10 2 7 2 -0.0032363
10 2 7 3 -0.0000000
10 2 7 4 -0.0000000
10 2 7 5 -0.0000000
10 2 7 6 -0.0032097
10 2 7 7 0.0000000
10 2 8 0 0.0000879
10 2 8 1 -0.0001580
10 2 8 2 0.0000000
10 2 8 3 0.0020915
10 2 8 4 0.0043052
10 2 8 5 0.0037814
10 2 8 6 -0.0000000
10 2 8 7 0.0006904
10 2 8 8 0.0000000
10 2 9 0 0.0000000
10 2 9 1 0.0000000
10 2 9 2 -0.0004721
10 2 9 3 0.0000000
10 2 9 4 0.0000000
10 2 9 5 0.0000000
10 2 9 6 0.0005606
10 2 9 7 -0.0000000
10 2 9 8 0.0009320
10 2 9 9 -0.0000000
10 2 10 0 0.0000000
10 2 10 1 0.0000000
10 2 10 2 0.0070937
10 2 10 3 -0.0000000
10 2 10 4 -0.0000000
10 2 10 5 -0.0000000
10 2 10 6 -0.0042624
10 2 10 7 0.0000000
10 2 10 8 -0.0232388
10 2 10 9 -0.0000000
10 2 10 10 -0.0000000
10 3 0 0 -0.0102784
10 3 1 0 0.0007022
10 3 1 1 -0.0099056
10 3 2 0 0.0000000
10 3 2 1 -0.0000000
10 3 2 2 -0.0087351
10 3 3 0 -0.0002383
10 3 3 1 0.0030213
10 3 3 2 0.0000000
10 3 3 3 -0.0115143
10 3 4 0 -0.0001700
10 3 4 1 0.0014320
10 3 4 2 0.0000000
10 3 4 3 -0.0020949
10 3 4 4 -0.0131005
10 3 5 0 0.0012546
10 3 5 1 0.0016406
10 3 5 2 -0.0000000
10 3 5 3 0.0010011
10 3 5 4 -0.0035769
10 3 5 5 -0.0089762
10 3 6 0 -0.0000000
10 3 6 1 -0.0000000
10 3 6 2 -0.0013950
10 3 6 3 -0.0000000
10 3 6 4 -0.0000000
10 3 6 5 -0.0000000
10 3 6 6 -0.0104581
10 3 7 0 -0.0004692
10 3 7 1 -0.0016762
10 3 7 2 -0.0000000
10 3 7 3 -0.0025640
10 3 7 4 0.0048327
10 3 7 5 0.0046920
10 3 7 6 -0.0000000
10 3 7 7 -0.0066544
10 3 8 0 0.0000000
10 3 8 1 0.0000000
10 3 8 2 -0.0029708
10 3 8 3 -0.0000000
10 3 8 4 0.0000000
10 3 8 5 0.0000000
10 3 8 6 0.0027389
10 3 8 7 0.0000000
10 3 8 8 -0.0038619
10 3 9 0 -0.0000308
10 3 9 1 0.0000819
10 3 9 2 0.0000000
10 3 9 3 -0.0010512
10 3 9 4 -0.0025264
10 3 9 5 -0.0017554
10 3 9 6 -0.0000000
10 3 9 7 0.0001608
10 3 9 8 0.0000000
10 3 9 9 0.0089023
10 3 10 0 0.0000883
10 3 10 1 -0.0106065
10 3 10 2 -0.0000000
10 3 10 3 0.0098228
10 3 10 4 0.0093278
10 3 10 5 0.0133998
10 3 10 6 0.0000000
10 3 10 7 -0.0093334
10 3 10 8 -0.0000000
10 3 10 9 0.0011369
10 3 10 10 0.0176748
10 4 0 0 -0.0130736
10 4 1 0 -0.0009756
10 4 1 1 -0.0224868
10 4 2 0 0.0000000
10 4 2 1 -0.0000000
10 4 2 2 -0.0090053
10 4 3 0 0.0000801
10 4 3 1 0.0051804
10 4 3 2 0.0000000
10 4 3 3 -0.0149899
10 4 4 0 0.0002366
10 4 4 1 0.0121520
10 4 4 2 0.0000000
10 4 4 3 -0.0080638
10 4 4 4 -0.0199099
10 4 5 0 -0.0014731
10 4 5 1 -0.0005224
10 4 5 2 0.0000000
10 4 5 3 -0.0080340
10 4 5 4 -0.0086311
10 4 5 5 -0.0223701
10 4 6 0 0.0000000
10 4 6 1 0.0000000
10 4 6 2 -0.0012289
10 4 6 3 -0.0000000
10 4 6 4 -0.0000000
10 4 6 5 -0.0000000
10 4 6 6 -0.0067526
10 4 7 0 0.0007720
10 4 7 1 -0.0007210
10 4 7 2 -0.0000000
10 4 7 3 0.0056793
10 4 7 4 0.0035152
10 4 7 5 0.0030132
10 4 7 6 0.0000000
10 4 7 7 -0.0176322
10 4 8 0 0.0000000
10 4 8 1 0.0000000
10 4 8 2 0.0013443
10 4 8 3 0.0000000
10 4 8 4 0.0000000
10 4 8 5 0.0000000
10 4 8 6 -0.0014952
10 4 8 7 0.0000000
10 4 8 8 -0.0224055
10 4 9 0 -0.0000357
10 4 9 1 0.0007985
10 4 9 2 0.0000000
10 4 9 3 -0.0016488
10 4 9 4 -0.0029786
10 4 9 5 -0.0029120
10 4 9 6 -0.0000000
10 4 9 7 0.0002309
10 4 9 8 0.0000000
10 4 9 9 -0.0164423
10 4 10 0 -0.0001853
10 4 10 1 -0.0109460
10 4 10 2 -0.0000000
10 4 10 3 0.0093278
10 4 10 4 0.0135434
10 4 10 5 0.0146189
10 4 10 6 0.0000000
10 4 10 7 -0.0120255
10 4 10 8 -0.0000000
10 4 10 9 0.0031088
10 4 10 10 -0.0002440
10 5 0 0 -0.0146930
10 5 1 0 0.0001623
10 5 1 1 -0.0209358
10 5 2 0 -0.0000000
10 5 2 1 -0.0000000
10 5 2 2 -0.0173642
10 5 3 0 0.0019442
10 5 3 1 0.0066288
10 5 3 2 -0.0000000
10 5 3 3 -0.0095639
10 5 4 0 -0.0006859
10 5 4 1 -0.0011718
10 5 4 2 0.0000000
10 5 4 3 -0.0076454
10 5 4 4 -0.0237429
10 5 5 0 -0.0011269
10 5 5 1 -0.0003314
10 5 5 2 -0.0000000
10 5 5 3 0.0002785
10 5 5 4 0.0005682
10 5 5 5 -0.0187062
10 5 6 0 0.0000000
10 5 6 1 -0.0000000
10 5 6 2 0.0035873
10 5 6 3 0.0000000
10 5 6 4 -0.0000000
10 5 6 5 0.0000000
10 5 6 6 -0.0179128
10 5 7 0 -0.0007253
10 5 7 1 -0.0042600
10 5 7 2 -0.0000000
10 5 7 3 0.0027794
10 5 7 4 0.0009602
10 5 7 5 -0.0026078
10 5 7 6 0.0000000
10 5 7 7 -0.0065712
10 5 8 0 -0.0000000
10 5 8 1 0.0000000
10 5 8 2 -0.0071236
10 5 8 3 -0.0000000
10 5 8 4 -0.0000000
10 5 8 5 -0.0000000
10 5 8 6 0.0064286
10 5 8 7 0.0000000
10 5 8 8 -0.0067976
10 5 9 0 -0.0000656
10 5 9 1 -0.0000137
10 5 9 2 0.0000000
10 5 9 3 -0.0018954
10 5 9 4 -0.0048881
10 5 9 5 -0.0031715
10 5 9 6 -0.0000000
10 5 9 7 -0.0001321
10 5 9 8 -0.0000000
10 5 9 9 0.0289575
10 5 10 0 0.0000565
10 5 10 1 -0.0197927
10 5 10 2 -0.0000000
10 5 10 3 0.0133998
10 5 10 4 0.0146189
10 5 10 5 0.0263678
10 5 10 6 0.0000000
10 5 10 7 -0.0030241
10 5 10 8 0.0000000
10 5 10 9 0.0002079
10 5 10 10 0.0431067
10 6 0 0 -0.0000000
10 6 1 0 0.0000000
10 6 1 1 -0.0000000
10 6 2 0 -0.0012954
10 6 2 1 -0.0086002
10 6 2 2 0.0000000
10 6 3 0 -0.0000000
10 6 3 1 -0.0000000
10 6 3 2 -0.0035531
10 6 3 3 -0.0000000
10 6 4 0 0.0000000
10 6 4 1 0.0000000
10 6 4 2 -0.0065029
10 6 4 3 -0.0000000
10 6 4 4 -0.0000000
10 6 5 0 -0.0000000
10 6 5 1 0.0000000
10 6 5 2 0.0007775
10 6 5 3 -0.0000000
10 6 5 4 -0.0000000
10 6 5 5 -0.0000000
10 6 6 0 -0.0019724
10 6 6 1 0.0028416
10 6 6 2 -0.0000000
10 6 6 3 -0.0029877
10 6 6 4 0.0088026
10 6 6 5 -0.0054584
10 6 6 6 0.0000000
10 6 7 0 0.0000000
10 6 7 1 0.0000000
10 6 7 2 -0.0043490
10 6 7 3 -0.0000000
10 6 7 4 0.0000000
10 6 7 5 0.0000000
10 6 7 6 -0.0047370
10 6 7 7 -0.0000000
10 6 8 0 -0.0000969
10 6 8 1 -0.0031169
10 6 8 2 0.0000000
10 6 8 3 -0.0004802
10 6 8 4 -0.0043753
10 6 8 5 -0.0003417
10 6 8 6 -0.0000000
10 6 8 7 -0.0013406
10 6 8 8 -0.0000000
10 6 9 0 -0.0000000
10 6 9 1 0.0000000
10 6 9 2 0.0002931
10 6 9 3 -0.0000000
10 6 9 4 -0.0000000
10 6 9 5 -0.0000000
10 6 9 6 -0.0002636
10 6 9 7 0.0000000
10 6 9 8 -0.0014139
10 6 9 9 -0.0000000
10 6 10 0 -0.0000000
10 6 10 1 -0.0000000
10 6 10 2 -0.0042624
10 6 10 3 0.0000000
10 6 10 4 0.0000000
10 6 10 5 0.0000000
10 6 10 6 0.0055790
10 6 10 7 -0.0000000
10 6 10 8 0.0151883
10 6 10 9 0.0000000
10 6 10 10 -0.0000000
10 7 0 0 -0.0551879
10 7 1 0 0.0026714
10 7 1 1 0.0070039
10 7 2 0 0.0000000
10 7 2 1 0.0000000
10 7 2 2 -0.0113312
10 7 3 0 0.0015700
10 7 3 1 -0.0048339
10 7 3 2 0.0000000
10 7 3 3 -0.0172748
10 7 4 0 -0.0012423
10 7 4 1 -0.0037173
10 7 4 2 -0.0000000
10 7 4 3 0.0171231
10 7 4 4 0.0137311
10 7 5 0 0.0027655
10 7 5 1 -0.0185068
10 7 5 2 -0.0000000
10 7 5 3 0.0203953
10 7 5 4 0.0078151
10 7 5 5 -0.0031813
10 7 6 0 -0.0000000
10 7 6 1 0.0000000
10 7 6 2 -0.0229060
10 7 6 3 -0.0000000
10 7 6 4 0.0000000
10 7 6 5 0.0000000
10 7 6 6 -0.0153695
10 7 7 0 -0.0023877
10 7 7 1 0.0026383
10 7 7 2 0.0000000
10 7 7 3 -0.0160082
10 7 7 4 -0.0180194
10 7 7 5 -0.0177766
10 7 7 6 -0.0000000
10 7 7 7 -0.0054842
10 7 8 0 -0.0000000
10 7 8 1 0.0000000
10 7 8 2 -0.0057243
10 7 8 3 -0.0000000
10 7 8 4 -0.0000000
10 7 8 5 0.0000000
10 7 8 6 0.0005677
10 7 8 7 -0.0000000
10 7 8 8 0.0340599
10 7 9 0 -0.0000872
10 7 9 1 -0.0000743
10 7 9 2 0.0000000
10 7 9 3 -0.0001074
10 7 9 4 -0.0011863
10 7 9 5 -0.0009703
10 7 9 6 -0.0000000
10 7 9 7 -0.0002962
10 7 9 8 -0.0000000
10 7 9 9 0.0632169
10 7 10 0 -0.0000157
10 7 10 1 -0.0018511
10 7 10 2 0.0000000
10 7 10 3 -0.0093334
10 7 10 4 -0.0120255
10 7 10 5 -0.0030241
10 7 10 6 -0.0000000
10 7 10 7 0.0750982
10 7 10 8 -0.0000000
10 7 10 9 -0.0038249
10 7 10 10 0.0676330
10 8 0 0 0.0000000
10 8 1 0 0.0000000
10 8 1 1 -0.0000000
10 8 2 0 0.0010411
10 8 2 1 0.0262315
10 8 2 2 -0.0000000
10 8 3 0 0.0000000
10 8 3 1 0.0000000
10 8 3 2 0.0044746
10 8 3 3 0.0000000
10 8 4 0 0.0000000
10 8 4 1 0.0000000
10 8 4 2 0.0269231
10 8 4 3 0.0000000
10 8 4 4 0.0000000
10 8 5 0 -0.0000000
10 8 5 1 -0.0000000
10 8 5 2 -0.0039705
10 8 5 3 -0.0000000
10 8 5 4 -0.0000000
10 8 5 5 -0.0000000
10 8 6 0 0.0012878
10 8 6 1 -0.0178182
10 8 6 2 0.0000000
10 8 6 3 0.0015343
10 8 6 4 -0.0306872
10 8 6 5 0.0158805
10 8 6 6 -0.0000000
10 8 7 0 0.0000000
10 8 7 1 -0.0000000
10 8 7 2 0.0049217
10 8 7 3 0.0000000
10 8 7 4 0.0000000
10 8 7 5 -0.0000000
10 8 7 6 -0.0012614
10 8 7 7 0.0000000
10 8 8 0 -0.0004835
10 8 8 1 0.0207659
10 8 8 2 0.0000000
10 8 8 3 -0.0167447
10 8 8 4 -0.0147972
10 8 8 5 -0.0352154
10 8 8 6 -0.0000000
10 8 8 7 0.0012063
10 8 8 8 -0.0000000
10 8 9 0 0.0000000
10 8 9 1 -0.0000000
10 8 9 2 0.0025954
10 8 9 3 0.0000000
10 8 9 4 0.0000000
10 8 9 5 -0.0000000
10 8 9 6 -0.0032471
10 8 9 7 -0.0000000
10 8 9 8 0.0000316
10 8 9 9 0.0000000
10 8 10 0 -0.0000000
10 8 10 1 0.0000000
10 8 10 2 -0.0232388
10 8 10 3 -0.0000000
10 8 10 4 -0.0000000
10 8 10 5 0.0000000
10 8 10 6 0.0151883
10 8 10 7 -0.0000000
10 8 10 8 0.1090359
10 8 10 9 0.0000000
10 8 10 10 0.0000000
10 9 0 0 -0.0125060
10 9 1 0 -0.0002139
10 9 1 1 -0.0232232
10 9 2 0 -0.0000000
10 9 2 1 -0.0000000
10 9 2 2 -0.0137015
10 9 3 0 0.0003723
10 9 3 1 0.0107563
10 9 3 2 0.0000000
10 9 3 3 -0.0181541
10 9 4 0 -0.0001274
10 9 4 1 0.0136837
10 9 4 2 0.0000000
10 9 4 3 -0.0146678
10 9 4 4 -0.0317542
10 9 5 0 -0.0006201
10 9 5 1 0.0098121
10 9 5 2 0.0000000
10 9 5 3 -0.0123443
10 9 5 4 -0.0193951
10 9 5 5 -0.0337146
10 9 6 0 -0.0000000
10 9 6 1 0.0000000
10 9 6 2 0.0027638
10 9 6 3 -0.0000000
10 9 6 4 -0.0000000
10 9 6 5 -0.0000000
10 9 6 6 -0.0123652
10 9 7 0 0.0001054
10 9 7 1 0.0010953
10 9 7 2 -0.0000000
10 9 7 3 0.0030746
10 9 7 4 0.0005571
10 9 7 5 -0.0017096
10 9 7 6 0.0000000
10 9 7 7 -0.0335518
10 9 8 0 0.0000000
10 9 8 1 -0.0000000
10 9 8 2 0.0096759
10 9 8 3 0.0000000
10 9 8 4 0.0000000
10 9 8 5 -0.0000000
10 9 8 6 -0.0088120
10 9 8 7 0.0000000
10 9 8 8 -0.0496115
10 9 9 0 0.0002713
10 9 9 1 -0.0040741
10 9 9 2 -0.0000000
10 9 9 3 0.0083599
10 9 9 4 0.0179589
10 9 9 5 0.0134741
10 9 9 6 0.0000000
10 9 9 7 0.0036630
10 9 9 8 0.0000000
10 9 9 9 -0.3648283
10 9 10 0 0.0000063
10 9 10 1 0.0002020
10 9 10 2 -0.0000000
10 9 10 3 0.0011369
10 9 10 4 0.0031088
10 9 10 5 0.0002079
10 9 10 6 0.0000000
10 9 10 7 -0.0038249
10 9 10 8 0.0000000
10 9 10 9 0.0530068
10 9 10 10 -0.0389063
10 10 0 0 0.2902844
10 10 1 0 0.0021390
10 10 1 1 0.3811267
10 10 2 0 0.0000000
10 10 2 1 0.0000000
10 10 2 2 0.3098407
10 10 3 0 -0.0028580
10 10 3 1 -0.0633281
10 10 3 2 -0.0000000
10 10 3 3 0.3026630
10 10 4 0 0.0004841
10 10 4 1 -0.0579632
10 10 4 2 -0.0000000
10 10 4 3 0.0750996
10 10 4 4 0.3874631
10 10 5 0 0.0046790
10 10 5 1 -0.0654097
10 10 5 2 -0.0000000
10 10 5 3 0.0732395
10 10 5 4 0.0750337
10 10 5 5 0.4154450
10 10 6 0 -0.0000000
10 10 6 1 -0.0000000
10 10 6 2 -0.0398325
10 10 6 3 -0.0000000
10 10 6 4 0.0000000
10 10 6 5 0.0000000
10 10 6 6 0.3057806
10 10 7 0 -0.0014378
10 10 7 1 -0.0032206
10 10 7 2 0.0000000
10 10 7 3 -0.0365884
10 10 7 4 -0.0148334
10 10 7 5 -0.0005052
10 10 7 6 -0.0000000
10 10 7 7 0.4644440
10 10 8 0 -0.0000000
10 10 8 1 0.0000000
10 10 8 2 -0.0662957
10 10 8 3 -0.0000000
10 10 8 4 -0.0000000
10 10 8 5 0.0000000
10 10 8 6 0.0490760
10 10 8 7 -0.0000000
10 10 8 8 0.6110813
10 10 9 0 -0.0005264
10 10 9 1 -0.0038797
10 10 9 2 0.0000000
10 10 9 3 -0.0049417
10 10 9 4 -0.0159454
10 10 9 5 -0.0075616
10 10 9 6 -0.0000000
10 10 9 7 -0.0004448
10 10 9 8 -0.0000000
10 10 9 9 0.8412170
10 10 10 0 -0.0010838
10 10 10 1 -0.0529773
10 10 10 2 -0.0000000
10 10 10 3 0.0176748
10 10 10 4 -0.0002440
10 10 10 5 0.0431067
10 10 10 6 -0.0000000
10 10 10 7 0.0676330
10 10 10 8 0.0000000
10 10 10 9 -0.0389063
10 10 10 10 0.7072844
11 0 0 0 -0.0814079
11 0 1 0 0.0034963
11 0 1 1 -0.0072821
11 0 2 0 0.0000000
11 0 2 1 0.0000000
11 0 2 2 -0.0007901
11 0 3 0 0.0030048
11 0 3 1 -0.0053649
11 0 3 2 0.0000000
11 0 3 3 -0.0047724
11 0 4 0 -0.0029554
11 0 4 1 0.0033872
11 0 4 2 -0.0000000
11 0 4 3 0.0027584
11 0 4 4 -0.0035805
11 0 5 0 0.0050675
11 0 5 1 -0.0045677
11 0 5 2 0.0000000
11 0 5 3 -0.0057795
11 0 5 4 0.0033740
11 0 5 5 -0.0042985
11 0 6 0 -0.0000000
11 0 6 1 -0.0000000
11 0 6 2 0.0016599
11 0 6 3 0.0000000
11 0 6 4 -0.0000000
11 0 6 5 0.0000000
11 0 6 6 0.0006733
11 0 7 0 0.0111465
11 0 7 1 0.0016909
11 0 7 2 -0.0000000
11 0 7 3 0.0025434
11 0 7 4 -0.0015668
11 0 7 5 0.0032739
11 0 7 6 0.0000000
11 0 7 7 0.0064517
11 0 8 0 -0.0000000
11 0 8 1 0.0000000
11 0 8 2 -0.0001552
11 0 8 3 -0.0000000
11 0 8 4 -0.0000000
11 0 8 5 0.0000000
11 0 8 6 0.0002289
11 0 8 7 0.0000000
11 0 8 8 -0.0008653
11 0 9 0 -0.0001215
11 0 9 1 -0.0000954
11 0 9 2 0.0000000
11 0 9 3 -0.0000619
11 0 9 4 0.0000186
11 0 9 5 -0.0000559
11 0 9 6 -0.0000000
11 0 9 7 -0.0000475
11 0 9 8 0.0000000
11 0 9 9 -0.0008099
11 0 10 0 -0.0026934
11 0 10 1 -0.0011131
11 0 10 2 0.0000000
11 0 10 3 -0.0004983
11 0 10 4 0.0007294
11 0 10 5 -0.0007524
11 0 10 6 0.0000000
11 0 10 7 -0.0020184
11 0 10 8 -0.0000000
11 0 10 9 -0.0000019
11 0 10 10 -0.0005748
11 0 11 0 0.0110494
11 0 11 1 0.0033926
11 0 11 2 -0.0000000
11 0 11 3 0.0020242
11 0 11 4 -0.0024515
11 0 11 5 0.0034706
11 0 11 6 -0.0000000
11 0 11 7 0.0071465
11 0 11 8 -0.0000000
11 0 11 9 0.0000719
11 0 11 10 -0.0010747
11 0 11 11 0.0067901
11 1 0 0 -0.0096340
11 1 1 0 -0.0021611
11 1 1 1 -0.0105022
11 1 2 0 0.0000000
11 1 2 1 0.0000000
11 1 2 2 0.0011499
11 1 3 0 -0.0049058
11 1 3 1 -0.0222642
11 1 3 2 0.0000000
11 1 3 3 -0.0150703
11 1 4 0 0.0022000
11 1 4 1 0.0043058
11 1 4 2 -0.0000000
11 1 4 3 0.0140271
11 1 4 4 -0.0009101
11 1 5 0 0.0001851
11 1 5 1 -0.0083560
11 1 5 2 0.0000000
11 1 5 3 -0.0099605
11 1 5 4 0.0078092
11 1 5 5 0.0035687
11 1 6 0 -0.0000000
11 1 6 1 -0.0000000
11 1 6 2 0.0016134
11 1 6 3 -0.0000000
11 1 6 4 0.0000000
11 1 6 5 -0.0000000
11 1 6 6 -0.0000284
11 1 7 0 0.0031901
11 1 7 1 0.0018064
11 1 7 2 -0.0000000
11 1 7 3 0.0070031
11 1 7 4 0.0086777
11 1 7 5 0.0246076
11 1 7 6 -0.0000000
11 1 7 7 0.0119980
11 1 8 0 -0.0000000
11 1 8 1 -0.0000000
11 1 8 2 -0.0002754
11 1 8 3 -0.0000000
11 1 8 4 -0.0000000
11 1 8 5 0.0000000
11 1 8 6 0.0017454
11 1 8 7 -0.0000000
11 1 8 8 0.0079035
11 1 9 0 -0.0000546
11 1 9 1 -0.0007524
11 1 9 2 -0.0000000
11 1 9 3 -0.0000325
11 1 9 4 0.0007547
11 1 9 5 0.0006296
11 1 9 6 0.0000000
11 1 9 7 0.0003626
11 1 9 8 -0.0000000
11 1 9 9 0.0085655
11 1 10 0 -0.0008406
11 1 10 1 -0.0037798
11 1 10 2 0.0000000
11 1 10 3 -0.0003481
11 1 10 4 0.0011024
11 1 10 5 -0.0059028
11 1 10 6 0.0000000
11 1 10 7 -0.0119960
11 1 10 8 -0.0000000
11 1 10 9 -0.0020063
11 1 10 10 -0.0090615
11 1 11 0 0.0033926
11 1 11 1 0.0277248
11 1 11 2 0.0000000
11 1 11 3 -0.0095471
11 1 11 4 -0.0147667
11 1 11 5 0.0067774
11 1 11 6 -0.0000000
11 1 11 7 0.0006831
11 1 11 8 -0.0000000
11 1 11 9 0.0000186
11 1 11 10 0.0067011
11 1 11 11 0.0194125
11 2 0 0 0.0000000
11 2 1 0 0.0000000
11 2 1 1 0.0000000
11 2 2 0 0.0043241
11 2 2 1 0.0171547
11 2 2 2 0.0000000
11 2 3 0 -0.0000000
11 2 3 1 0.0000000
11 2 3 2 0.0081926
11 2 3 3 0.0000000
11 2 4 0 -0.0000000
11 2 4 1 -0.0000000
11 2 4 2 0.0089515
11 2 4 3 0.0000000
11 2 4 4 0.0000000
11 2 5 0 0.0000000
11 2 5 1 0.0000000
11 2 5 2 0.0048209
11 2 5 3 0.0000000
11 2 5 4 -0.0000000
11 2 5 5 0.0000000
11 2 6 0 0.0065144
11 2 6 1 0.0024463
11 2 6 2 -0.0000000
11 2 6 3 0.0094706
11 2 6 4 -0.0119261
11 2 6 5 0.0100061
11 2 6 6 -0.0000000
11 2 7 0 -0.0000000
11 2 7 1 -0.0000000
11 2 7 2 0.0155107
11 2 7 3 -0.0000000
11 2 7 4 0.0000000
11 2 7 5 0.0000000
11 2 7 6 0.0181325
11 2 7 7 0.0000000
11 2 8 0 0.0001313
11 2 8 1 0.0038835
11 2 8 2 0.0000000
11 2 8 3 -0.0010595
11 2 8 4 0.0026299
11 2 8 5 -0.0001802
11 2 8 6 0.0000000
11 2 8 7 0.0036993
11 2 8 8 0.0000000
11 2 9 0 0.0000000
11 2 9 1 -0.0000000
11 2 9 2 0.0000468
11 2 9 3 0.0000000
11 2 9 4 0.0000000
11 2 9 5 0.0000000
11 2 9 6 -0.0000622
11 2 9 7 0.0000000
11 2 9 8 0.0005441
11 2 9 9 0.0000000
11 2 10 0 0.0000000
11 2 10 1 0.0000000
11 2 10 2 -0.0019469
11 2 10 3 0.0000000
11 2 10 4 0.0000000
11 2 10 5 -0.0000000
11 2 10 6 -0.0054201
11 2 10 7 -0.0000000
11 2 10 8 -0.0038258
11 2 10 9 -0.0000000
11 2 10 10 -0.0000000
11 2 11 0 -0.0000000
11 2 11 1 0.0000000
11 2 11 2 0.0189391
11 2 11 3 -0.0000000
11 2 11 4 -0.0000000
11 2 11 5 0.0000000
11 2 11 6 0.0166158
11 2 11 7 -0.0000000
11 2 11 8 -0.0009794
11 2 11 9 -0.0000000
11 2 11 10 0.0000000
11 2 11 11 0.0000000
11 3 0 0 -0.0181743
11 3 1 0 -0.0038349
11 3 1 1 -0.0344247
11 3 2 0 -0.0000000
11 3 2 1 0.0000000
11 3 2 2 -0.0135385
11 3 3 0 0.0033807
11 3 3 1 0.0043220
11 3 3 2 -0.0000000
11 3 3 3 -0.0032647
11 3 4 0 0.0001982
11 3 4 1 0.0078487
11 3 4 2 0.0000000
11 3 4 3 -0.0094255
11 3 4 4 -0.0178688
11 3 5 0 -0.0081233
11 3 5 1 -0.0143718
11 3 5 2 0.0000000
11 3 5 3 -0.0082940
11 3 5 4 0.0080329
11 3 5 5 -0.0315084
11 3 6 0 0.0000000
11 3 6 1 0.0000000
11 3 6 2 0.0061410
11 3 6 3 0.0000000
11 3 6 4 -0.0000000
11 3 6 5 0.0000000
11 3 6 6 -0.0057692
11 3 7 0 0.0019832
11 3 7 1 0.0034597
11 3 7 2 -0.0000000
11 3 7 3 0.0151269
11 3 7 4 -0.0148820
11 3 7 5 -0.0192550
11 3 7 6 0.0000000
11 3 7 7 -0.0016088
11 3 8 0 0.0000000
11 3 8 1 0.0000000
11 3 8 2 -0.0037254
11 3 8 3 -0.0000000
11 3 8 4 0.0000000
11 3 8 5 0.0000000
11 3 8 6 0.0014421
11 3 8 7 0.0000000
11 3 8 8 -0.0100772
11 3 9 0 -0.0000623
11 3 9 1 -0.0002249
11 3 9 2 0.0000000
11 3 9 3 -0.0004046
11 3 9 4 -0.0011173
11 3 9 5 -0.0011061
11 3 9 6 -0.0000000
11 3 9 7 -0.0008599
11 3 9 8 0.0000000
11 3 9 9 -0.0002468
11 3 10 0 -0.0006332
11 3 10 1 -0.0048207
11 3 10 2 0.0000000
11 3 10 3 -0.0035344
11 3 10 4 0.0028367
11 3 10 5 0.0066408
11 3 10 6 -0.0000000
11 3 10 7 0.0060659
11 3 10 8 -0.0000000
11 3 10 9 0.0002360
11 3 10 10 0.0089411
11 3 11 0 0.0020242
11 3 11 1 -0.0095471
11 3 11 2 -0.0000000
11 3 11 3 0.0299861
11 3 11 4 0.0023798
11 3 11 5 -0.0048383
11 3 11 6 0.0000000
11 3 11 7 0.0065383
11 3 11 8 -0.0000000
11 3 11 9 0.0004487
11 3 11 10 -0.0029768
11 3 11 11 -0.0122755
11 4 0 0 -0.0087016
11 4 1 0 0.0025808
11 4 1 1 0.0080135
11 4 2 0 -0.0000000
11 4 2 1 -0.0000000
11 4 2 2 0.0018876
11 4 3 0 0.0013346
11 4 3 1 0.0091135
11 4 3 2 0.0000000
11 4 3 3 -0.0043080
11 4 4 0 -0.0012205
11 4 4 1 0.0010183
11 4 4 2 0.0000000
11 4 4 3 -0.0012593
11 4 4 4 0.0031558
11 4 5 0 0.0029803
11 4 5 1 0.0040507
11 4 5 2 -0.0000000
11 4 5 3 0.0096942
11 4 5 4 -0.0072455
11 4 5 5 -0.0016131
11 4 6 0 -0.0000000
11 4 6 1 0.0000000
11 4 6 2 -0.0066362
11 4 6 3 -0.0000000
11 4 6 4 0.0000000
11 4 6 5 -0.0000000
11 4 6 6 -0.0022474
11 4 7 0 -0.0024563
11 4 7 1 0.0045219
11 4 7 2 0.0000000
11 4 7 3 -0.0142027
11 4 7 4 -0.0092070
11 4 7 5 -0.0140358
11 4 7 6 -0.0000000
11 4 7 7 -0.0122268
11 4 8 0 -0.0000000
11 4 8 1 -0.0000000
11 4 8 2 0.0009440
11 4 8 3 0.0000000
11 4 8 4 0.0000000
11 4 8 5 0.0000000
11 4 8 6 -0.0017422
11 4 8 7 0.0000000
11 4 8 8 -0.0007308
11 4 9 0 0.0000209
11 4 9 1 0.0007512
11 4 9 2 0.0000000
11 4 9 3 -0.0001855
11 4 9 4 -0.0009848
11 4 9 5 -0.0010671
11 4 9 6 -0.0000000
11 4 9 7 -0.0013124
11 4 9 8 -0.0000000
11 4 9 9 0.0031071
11 4 10 0 0.0005232
11 4 10 1 0.0003956
11 4 10 2 0.0000000
11 4 10 3 0.0003314
11 4 10 4 -0.0023961
11 4 10 5 0.0021655
11 4 10 6 0.0000000
11 4 10 7 0.0190235
11 4 10 8 -0.0000000
11 4 10 9 0.0005825
11 4 10 10 0.0163253
11 4 11 0 -0.0024515
11 4 11 1 -0.0147667
11 4 11 2 -0.0000000
11 4 11 3 0.0023798
11 4 11 4 0.0173539
11 4 11 5 0.0070904
11 4 11 6 -0.0000000
11 4 11 7 -0.0046855
11 4 11 8 -0.0000000
11 4 11 9 0.0009069
11 4 11 10 -0.0086863
11 4 11 11 -0.0195540
11 5 0 0 0.0092426
11 5 1 0 -0.0013071
11 5 1 1 0.0000698
11 5 2 0 0.0000000
11 5 2 1 0.0000000
11 5 2 2 0.0047312
11 5 3 0 -0.0077765
11 5 3 1 -0.0143529
11 5 3 2 0.0000000
11 5 3 3 -0.0177279
11 5 4 0 0.0029634
11 5 4 1 0.0047490
11 5 4 2 -0.0000000
11 5 4 3 0.0127700
11 5 4 4 -0.0029487
11 5 5 0 0.0032310
11 5 5 1 0.0026498
11 5 5 2 0.0000000
11 5 5 3 -0.0073661
11 5 5 4 -0.0011144
11 5 5 5 0.0108601
11 5 6 0 -0.0000000
11 5 6 1 -0.0000000
11 5 6 2 0.0011870
11 5 6 3 0.0000000
11 5 6 4 0.0000000
11 5 6 5 -0.0000000
11 5 6 6 0.0034989
11 5 7 0 0.0031391
11 5 7 1 0.0138438
11 5 7 2 0.0000000
11 5 7 3 -0.0143400
11 5 7 4 -0.0089393
11 5 7 5 0.0101273
11 5 7 6 -0.0000000
11 5 7 7 0.0097098
11 5 8 0 -0.0000000
11 5 8 1 -0.0000000
11 5 8 2 0.0006056
11 5 8 3 0.0000000
11 5 8 4 -0.0000000
11 5 8 5 0.0000000
11 5 8 6 0.0002613
11 5 8 7 -0.0000000
11 5 8 8 0.0027273
11 5 9 0 -0.0000212
11 5 9 1 0.0003293
11 5 9 2 0.0000000
11 5 9 3 -0.0004160
11 5 9 4 -0.0009175
11 5 9 5 -0.0009934
11 5 9 6 -0.0000000
11 5 9 7 -0.0013763
11 5 9 8 -0.0000000
11 5 9 9 0.0067669
11 5 10 0 -0.0008393
11 5 10 1 -0.0057129
11 5 10 2 -0.0000000
11 5 10 3 0.0023919
11 5 10 4 0.0009962
11 5 10 5 -0.0016163
11 5 10 6 0.0000000
11 5 10 7 0.0077416
11 5 10 8 -0.0000000
11 5 10 9 0.0004298
11 5 10 10 0.0186670
11 5 11 0 0.0034706
11 5 11 1 0.0067774
11 5 11 2 0.0000000
11 5 11 3 -0.0048383
11 5 11 4 0.0070904
11 5 11 5 0.0300797
11 5 11 6 0.0000000
11 5 11 7 0.0120221
11 5 11 8 -0.0000000
11 5 11 9 0.0013388
11 5 11 10 -0.0064992
11 5 11 11 0.0097614
11 6 0 0 -0.0000000
11 6 1 0 -0.0000000
11 6 1 1 -0.0000000
11 6 2 0 0.0056489
11 6 2 1 0.0192135
11 6 2 2 -0.0000000
11 6 3 0 0.0000000
11 6 3 1 0.0000000
11 6 3 2 0.0116855
11 6 3 3 0.0000000
11 6 4 0 -0.0000000
11 6 4 1 0.0000000
11 6 4 2 0.0078304
11 6 4 3 0.0000000
11 6 4 4 0.0000000
11 6 5 0 -0.0000000
11 6 5 1 -0.0000000
11 6 5 2 0.0054760
11 6 5 3 0.0000000
11 6 5 4 -0.0000000
11 6 5 5 -0.0000000
11 6 6 0 0.0084108
11 6 6 1 0.0022949
11 6 6 2 -0.0000000
11 6 6 3 0.0126397
11 6 6 4 -0.0143716
11 6 6 5 0.0105545
11 6 6 6 -0.0000000
11 6 7 0 -0.0000000
11 6 7 1 -0.0000000
11 6 7 2 0.0185533
11 6 7 3 0.0000000
11 6 7 4 -0.0000000
11 6 7 5 -0.0000000
11 6 7 6 0.0193100
11 6 7 7 -0.0000000
11 6 8 0 0.0001396
11 6 8 1 0.0055754
11 6 8 2 0.0000000
11 6 8 3 -0.0018012
11 6 8 4 -0.0000262
11 6 8 5 -0.0036219
11 6 8 6 -0.0000000
11 6 8 7 -0.0019941
11 6 8 8 -0.0000000
11 6 9 0 0.0000000
11 6 9 1 0.0000000
11 6 9 2 0.0003923
11 6 9 3 0.0000000
11 6 9 4 -0.0000000
11 6 9 5 -0.0000000
11 6 9 6 -0.0004702
11 6 9 7 -0.0000000
11 6 9 8 0.0001375
11 6 9 9 0.0000000
11 6 10 0 -0.0000000
11 6 10 1 0.0000000
11 6 10 2 -0.0047584
11 6 10 3 -0.0000000
11 6 10 4 0.0000000
11 6 10 5 0.0000000
11 6 10 6 -0.0040745
11 6 10 7 0.0000000
11 6 10 8 0.0084812
11 6 10 9 0.0000000
11 6 10 10 0.0000000
11 6 11 0 -0.0000000
11 6 11 1 -0.0000000
11 6 11 2 0.0166158
11 6 11 3 0.0000000
11 6 11 4 -0.0000000
11 6 11 5 0.0000000
11 6 11 6 0.0220512
11 6 11 7 -0.0000000
11 6 11 8 0.0058166
11 6 11 9 0.0000000
11 6 11 10 -0.0000000
11 6 11 11 -0.0000000
11 7 0 0 0.2545650
11 7 1 0 -0.0094650
11 7 1 1 0.0135701
11 7 2 0 -0.0000000
11 7 2 1 -0.0000000
11 7 2 2 0.0728209
11 7 3 0 -0.0046557
11 7 3 1 0.0416831
11 7 3 2 -0.0000000
11 7 3 3 0.0976694
11 7 4 0 0.0044799
11 7 4 1 0.0233205
11 7 4 2 0.0000000
11 7 4 3 -0.0721087
11 7 4 4 -0.0206050
11 7 5 0 -0.0108095
11 7 5 1 0.0831540
11 7 5 2 0.0000000
11 7 5 3 -0.0751323
11 7 5 4 -0.0456359
11 7 5 5 0.0306612
11 7 6 0 0.0000000
11 7 6 1 -0.0000000
11 7 6 2 0.0858819
11 7 6 3 0.0000000
11 7 6 4 -0.0000000
11 7 6 5 -0.0000000
11 7 6 6 0.0932740
11 7 7 0 0.0073486
11 7 7 1 0.0059471
11 7 7 2 -0.0000000
11 7 7 3 0.0265050
11 7 7 4 -0.0103272
11 7 7 5 0.0003685
11 7 7 6 -0.0000000
11 7 7 7 -0.0050325
11 7 8 0 0.0000000
11 7 8 1 -0.0000000
11 7 8 2 0.0373580
11 7 8 3 0.0000000
11 7 8 4 0.0000000
11 7 8 5 -0.0000000
11 7 8 6 -0.0205466
11 7 8 7 0.0000000
11 7 8 8 -0.1510897
11 7 9 0 0.0004470
11 7 9 1 0.0034976
11 7 9 2 -0.0000000
11 7 9 3 0.0010507
11 7 9 4 0.0051484
11 7 9 5 0.0017961
11 7 9 6 0.0000000
11 7 9 7 -0.0011144
11 7 9 8 0.0000000
11 7 9 9 -0.2608285
11 7 10 0 -0.0005056
11 7 10 1 0.0162212
11 7 10 2 0.0000000
11 7 10 3 -0.0062563
11 7 10 4 0.0086558
11 7 10 5 -0.0074792
11 7 10 6 0.0000000
11 7 10 7 -0.0287846
11 7 10 8 0.0000000
11 7 10 9 0.0193252
11 7 10 10 -0.1626474
11 7 11 0 0.0071465
11 7 11 1 0.0006831
11 7 11 2 -0.0000000
11 7 11 3 0.0065383
11 7 11 4 -0.0046855
11 7 11 5 0.0120221
11 7 11 6 -0.0000000
11 7 11 7 0.2035810
11 7 11 8 0.0000000
11 7 11 9 0.0030651
11 7 11 10 -0.0593324
11 7 11 11 0.0251516
11 8 0 0 0.0000000
11 8 1 0 -0.0000000
11 8 1 1 -0.0000000
11 8 2 0 0.0005186
11 8 2 1 0.0074975
11 8 2 2 0.0000000
11 8 3 0 0.0000000
11 8 3 1 0.0000000
11 8 3 2 0.0003403
11 8 3 3 0.0000000
11 8 4 0 -0.0000000
11 8 4 1 0.0000000
11 8 4 2 0.0076851
11 8 4 3 0.0000000
11 8 4 4 0.0000000
11 8 5 0 -0.0000000
11 8 5 1 -0.0000000
11 8 5 2 0.0005951
11 8 5 3 -0.0000000
11 8 5 4 -0.0000000
11 8 5 5 -0.0000000
11 8 6 0 0.0007635
11 8 6 1 -0.0028059
11 8 6 2 0.0000000
11 8 6 3 0.0006532
11 8 6 4 -0.0081911
11 8 6 5 0.0041072
11 8 6 6 -0.0000000
11 8 7 0 0.0000000
11 8 7 1 -0.0000000
11 8 7 2 0.0067677
11 8 7 3 0.0000000
11 8 7 4 0.0000000
11 8 7 5 -0.0000000
11 8 7 6 -0.0015095
11 8 7 7 0.0000000
11 8 8 0 -0.0000800
11 8 8 1 0.0074067
11 8 8 2 0.0000000
11 8 8 3 -0.0040992
11 8 8 4 -0.0044569
11 8 8 5 -0.0104321
11 8 8 6 -0.0000000
11 8 8 7 -0.0181299
11 8 8 8 -0.0000000
11 8 9 0 0.0000000
11 8 9 1 -0.0000000
11 8 9 2 0.0006594
11 8 9 3 0.0000000
11 8 9 4 0.0000000
11 8 9 5 -0.0000000
11 8 9 6 -0.0007290
11 8 9 7 -0.0000000
11 8 9 8 -0.0001755
11 8 9 9 0.0000000
11 8 10 0 -0.0000000
11 8 10 1 0.0000000
11 8 10 2 -0.0064904
11 8 10 3 -0.0000000
11 8 10 4 -0.0000000
11 8 10 5 0.0000000
11 8 10 6 0.0040620
11 8 10 7 0.0000000
11 8 10 8 0.0253045
11 8 10 9 0.0000000
11 8 10 10 0.0000000
11 8 11 0 -0.0000000
11 8 11 1 -0.0000000
11 8 11 2 -0.0009794
11 8 11 3 -0.0000000
11 8 11 4 -0.0000000
11 8 11 5 -0.0000000
11 8 11 6 0.0058166
11 8 11 7 0.0000000
11 8 11 8 0.0229395
11 8 11 9 0.0000000
11 8 11 10 -0.0000000
11 8 11 11 0.0000000
11 9 0 0 -0.0046724
11 9 1 0 -0.0000708
11 9 1 1 -0.0061650
11 9 2 0 -0.0000000
11 9 2 1 -0.0000000
11 9 2 2 -0.0038403
11 9 3 0 -0.0000027
11 9 3 1 0.0010855
11 9 3 2 0.0000000
11 9 3 3 -0.0048759
11 9 4 0 0.0000080
11 9 4 1 0.0026135
11 9 4 2 0.0000000
11 9 4 3 -0.0019600
11 9 4 4 -0.0068753
11 9 5 0 -0.0000843
11 9 5 1 0.0012700
11 9 5 2 0.0000000
11 9 5 3 -0.0022000
11 9 5 4 -0.0030176
11 9 5 5 -0.0073528
11 9 6 0 -0.0000000
11 9 6 1 0.0000000
11 9 6 2 0.0003861
11 9 6 3 -0.0000000
11 9 6 4 -0.0000000
11 9 6 5 -0.0000000
11 9 6 6 -0.0037760
11 9 7 0 0.0000922
11 9 7 1 0.0009522
11 9 7 2 0.0000000
11 9 7 3 -0.0001078
11 9 7 4 -0.0010764
11 9 7 5 -0.0008606
11 9 7 6 -0.0000000
11 9 7 7 -0.0065729
11 9 8 0 0.0000000
11 9 8 1 -0.0000000
11 9 8 2 0.0013228
11 9 8 3 0.0000000
11 9 8 4 0.0000000
11 9 8 5 -0.0000000
11 9 8 6 -0.0011845
11 9 8 7 -0.0000000
11 9 8 8 -0.0085153
11 9 9 0 0.0000582
11 9 9 1 -0.0002340
11 9 9 2 -0.0000000
11 9 9 3 0.0019670
11 9 9 4 0.0028301
11 9 9 5 0.0017254
11 9 9 6 0.0000000
11 9 9 7 -0.0066747
11 9 9 8 0.0000000
11 9 9 9 -0.0538241
11 9 10 0 -0.0000287
11 9 10 1 -0.0006887
11 9 10 2 -0.0000000
11 9 10 3 0.0003300
11 9 10 4 0.0006222
11 9 10 5 0.0003426
11 9 10 6 0.0000000
11 9 10 7 -0.0007309
11 9 10 8 0.0000000
11 9 10 9 0.0071200
11 9 10 10 -0.0059736
11 9 11 0 0.0000719
11 9 11 1 0.0000186
11 9 11 2 -0.0000000
11 9 11 3 0.0004487
11 9 11 4 0.0009069
11 9 11 5 0.0013388
11 9 11 6 0.0000000
11 9 11 7 0.0030651
11 9 11 8 0.0000000
11 9 11 9 0.0067783
11 9 11 10 0.0001083
11 9 11 11 -0.0052262
11 10 0 0 -0.0747345
11 10 1 0 0.0015227
11 10 1 1 -0.0239257
11 10 2 0 0.0000000
11 10 2 1 0.0000000
11 10 2 2 -0.0292785
11 10 3 0 0.0008037
11 10 3 1 -0.0125760
11 10 3 2 0.0000000
11 10 3 3 -0.0375090
11 10 4 0 -0.0008220
11 10 4 1 -0.0031259
11 10 4 2 -0.0000000
11 10 4 3 0.0153252
11 10 4 4 -0.0128363
11 10 5 0 0.0018201
11 10 5 1 -0.0242725
11 10 5 2 -0.0000000
11 10 5 3 0.0152095
11 10 5 4 0.0122527
11 10 5 5 -0.0207920
11 10 6 0 -0.0000000
11 10 6 1 0.0000000
11 10 6 2 -0.0198195
11 10 6 3 -0.0000000
11 10 6 4 0.0000000
11 10 6 5 0.0000000
11 10 6 6 -0.0339732
11 10 7 0 -0.0009578
11 10 7 1 -0.0037630
11 10 7 2 -0.0000000
11 10 7 3 0.0006685
11 10 7 4 0.0145559
11 10 7 5 0.0111174
11 10 7 6 0.0000000
11 10 7 7 -0.0022261
11 10 8 0 -0.0000000
11 10 8 1 0.0000000
11 10 8 2 -0.0153867
11 10 8 3 -0.0000000
11 10 8 4 -0.0000000
11 10 8 5 0.0000000
11 10 8 6 0.0107325
11 10 8 7 0.0000000
11 10 8 8 0.0426908
11 10 9 0 -0.0001562
11 10 9 1 -0.0015966
11 10 9 2 0.0000000
11 10 9 3 -0.0008413
11 10 9 4 -0.0026422
11 10 9 5 -0.0011567
11 10 9 6 -0.0000000
11 10 9 7 0.0002473
11 10 9 8 -0.0000000
11 10 9 9 0.0655088
11 10 10 0 0.0000065
11 10 10 1 -0.0152304
11 10 10 2 -0.0000000
11 10 10 3 0.0143152
11 10 10 4 0.0117709
11 10 10 5 0.0157393
11 10 10 6 0.0000000
11 10 10 7 -0.0364451
11 10 10 8 0.0000000
11 10 10 9 -0.0031837
11 10 10 10 0.0421696
11 10 11 0 -0.0010747
11 10 11 1 0.0067011
11 10 11 2 0.0000000
11 10 11 3 -0.0029768
11 10 11 4 -0.0086863
11 10 11 5 -0.0064992
11 10 11 6 -0.0000000
11 10 11 7 -0.0593324
11 10 11 8 -0.0000000
11 10 11 9 0.0001083
11 10 11 10 0.0530157
11 10 11 11 0.0051727
11 11 0 0 0.5901226
11 11 1 0 -0.0067443
11 11 1 1 0.4401480
11 11 2 0 0.0000000
11 11 2 1 0.0000000
11 11 2 2 0.4140854
11 11 3 0 -0.0096712
11 11 3 1 -0.0363677
11 11 3 2 -0.0000000
11 11 3 3 0.4367895
11 11 4 0 0.0053673
11 11 4 1 -0.0484582
11 11 4 2 -0.0000000
11 11 4 3 0.0126194
11 11 4 4 0.4071643
11 11 5 0 -0.0037432
11 11 5 1 0.0330437
11 11 5 2 0.0000000
11 11 5 3 -0.0075220
11 11 5 4 0.0347965
11 11 5 5 0.4902936
11 11 6 0 0.0000000
11 11 6 1 -0.0000000
11 11 6 2 0.0567267
11 11 6 3 0.0000000
11 11 6 4 -0.0000000
11 11 6 5 0.0000000
11 11 6 6 0.4268324
11 11 7 0 0.0065610
11 11 7 1 -0.0022817
11 11 7 2 0.0000000
11 11 7 3 0.0001497
11 11 7 4 0.0032881
11 11 7 5 0.0287994
11 11 7 6 0.0000000
11 11 7 7 0.5013992
11 11 8 0 -0.0000000
11 11 8 1 -0.0000000
11 11 8 2 -0.0111431
11 11 8 3 -0.0000000
11 11 8 4 -0.0000000
11 11 8 5 0.0000000
11 11 8 6 0.0193117
11 11 8 7 0.0000000
11 11 8 8 0.4338916
11 11 9 0 0.0000681
11 11 9 1 -0.0001011
11 11 9 2 0.0000000
11 11 9 3 -0.0016452
11 11 9 4 -0.0039582
11 11 9 5 -0.0001041
11 11 9 6 -0.0000000
11 11 9 7 -0.0002550
11 11 9 8 -0.0000000
11 11 9 9 0.5430551
11 11 10 0 -0.0009726
11 11 10 1 0.0025978
11 11 10 2 0.0000000
11 11 10 3 -0.0029573
11 11 10 4 -0.0121572
11 11 10 5 -0.0081721
11 11 10 6 -0.0000000
11 11 10 7 -0.0364332
11 11 10 8 0.0000000
11 11 10 9 -0.0272587
11 11 10 10 0.4103339
11 11 11 0 0.0067901
11 11 11 1 0.0194125
11 11 11 2 0.0000000
11 11 11 3 -0.0122755
11 11 11 4 -0.0195540
11 11 11 5 0.0097614
11 11 11 6 -0.0000000
11 11 11 7 0.0251516
11 11 11 8 0.0000000
11 11 11 9 -0.0052262
11 11 11 10 0.0051727
11 11 11 11 0.5093196
