NMONOMER	1
NELEC	8
ENUC	7.676927
NBASIS	12
HOMO	2
LUMO	2
ENT	5
HF_ENERGY	-35.799061
ENERGIES
-10.834249
-0.955131
-0.491191
-0.320905
0.427740
0.684855
0.779288
849736.405693
965066.119100
996477.550778
1070620.304504
1118093.897193

OEI
-18.187576	
0.180180	-4.538329	
0.000000	-0.000000	-4.074379	
-0.213592	0.172539	-0.000000	-4.060014	
0.100294	0.018100	0.000000	0.450444	-3.425315	
-0.247536	0.827514	-0.000000	-0.103006	-0.281718	-3.926839	
0.000000	-0.000000	-0.696603	0.000000	0.000000	-0.000000	-3.464962	
-0.114309	-0.044394	-0.000000	0.055467	-0.016631	-0.027655	0.000000	849732.800842	
0.000000	0.000000	-0.104666	0.000000	-0.000000	0.000000	0.005157	0.000000	965063.123668	
0.004583	0.017440	0.000000	-0.003010	-0.008132	-0.015253	0.000000	0.001195	0.000000	996474.052919	
-0.036639	-0.212814	0.000000	-0.085614	-0.124492	-0.072631	0.000000	-0.116015	-0.000000	-0.160342	1070617.640869	
0.110844	0.056452	-0.000000	-0.134690	0.028334	0.014751	-0.000000	0.708944	-0.000000	-0.041428	0.290907	1118090.211583	

ENV_OEI
-4.714170	
0.342734	-0.782538	
0.000000	-0.000000	-0.381630	
-0.411827	-0.322212	-0.000000	-0.739090	
0.193953	-0.429230	-0.000000	-0.415722	-0.845198	
-0.518209	-0.033387	-0.000000	-0.297496	-0.277709	-0.668912	
0.000000	-0.000000	-0.023033	-0.000000	-0.000000	-0.000000	-0.397977	
-0.230229	-0.014769	-0.000000	0.071471	-0.007494	-0.054003	0.000000	-0.890924	
0.000000	-0.000000	0.226317	-0.000000	0.000000	-0.000000	-0.202337	-0.000000	-1.174065	
-0.016027	0.522587	0.000000	0.989749	1.376989	0.384432	0.000000	0.133456	-0.000000	-19.475783	
-0.055307	0.098617	0.000000	0.033380	0.040689	0.078969	-0.000000	0.204153	0.000000	-1.759451	-1.240506	
0.219038	-0.016114	0.000000	0.034646	0.018100	0.020665	0.000000	-0.387369	-0.000000	-0.186857	-0.016155	-0.691506	

OVERLAP
1.000000	
0.248362	1.000000	
0.061767	0.488736	1.000000	
0.061767	0.488736	0.167856	1.000000	
0.000000	0.027047	0.038545	0.038545	1.000000	
0.027047	0.301519	0.378700	0.378700	0.248362	1.000000	
0.000000	0.000000	-0.259000	-0.259000	-0.045312	-0.338874	1.000000	
0.000000	0.000000	-0.380474	0.380474	0.000000	0.000000	0.000000	1.000000	
0.000000	0.000000	-0.073326	-0.073326	0.000000	0.000000	0.000000	0.000000	1.000000	
0.045312	0.338874	0.278171	0.278171	0.000000	0.000000	-0.315123	0.000000	0.000000	1.000000	
0.000000	0.000000	-0.268260	0.268260	0.000000	0.000000	0.000000	0.166433	0.000000	0.000000	1.000000	
0.000000	0.000000	-0.051700	-0.051700	0.000000	0.000000	0.000000	0.000000	0.166433	0.000000	0.000000	1.000000	

MOCOEFF
0.996519	0.016932	-0.006630	-0.006630	0.001360	-0.006692	-0.016506	0.000000	-0.023652	-0.002324	-0.000000	0.003251	
-0.123782	0.245866	0.214177	0.214177	-0.050972	0.087207	-0.267103	-0.000000	-0.195982	0.477667	0.000000	0.054764	
-0.000000	-0.000000	-0.472955	0.472955	-0.000000	-0.000000	-0.000000	0.578036	0.000000	0.000000	-0.349953	-0.000000	
0.147010	-0.571072	-0.252357	-0.252357	-0.086163	0.440659	-0.310965	-0.000000	0.473313	0.544303	0.000000	-0.104868	
-0.066050	0.389988	-0.691388	-0.691388	-0.117825	0.749383	0.518660	-0.000000	-0.348209	0.679099	-0.000000	-0.013536	
0.187317	-1.148997	0.688946	0.688946	-0.034823	0.235201	0.982504	0.000000	0.089897	0.448310	0.000000	0.056275	
-0.000000	0.000000	0.933943	-0.933943	-0.000000	0.000000	-0.000000	1.103327	-0.000000	0.000000	0.317448	-0.000000	
0.084288	-0.388040	0.000000	0.000000	-0.012324	0.049398	-0.203229	-0.000000	-0.573901	-0.025821	0.000000	0.799278	
0.000000	-0.000000	0.000000	-0.000000	0.000000	0.000000	-0.000000	0.000000	0.000000	0.000000	1.000000	-0.000000	
-0.000565	0.002600	0.000000	0.000000	1.025611	-0.216379	0.001361	0.000000	0.003845	0.105482	-0.000000	0.019655	
0.018948	-0.087232	-0.000000	-0.000000	0.019715	0.850777	-0.045686	0.000000	-0.129013	-0.446528	-0.000000	-0.196305	
-0.081637	0.375836	0.000000	0.000000	-0.011611	0.229177	0.196837	0.000000	0.555851	-0.120150	0.000000	0.583417	

ERI
0 0 0 0 3.5228513
1 0 0 0 -0.1655837
1 0 1 0 0.0154651
1 0 1 1 0.0055569
1 1 0 0 0.5988410
1 1 1 0 0.0055569
1 1 1 1 0.5974713
2 0 0 0 -0.0000000
2 0 1 0 0.0000000
2 0 1 1 -0.0000000
2 0 2 0 0.0085377
2 0 2 1 0.0090860
2 0 2 2 0.0000000
2 1 0 0 0.0000000
2 1 1 0 0.0000000
2 1 1 1 -0.0000000
2 1 2 0 0.0090860
2 1 2 1 0.0848660
2 1 2 2 0.0000000
2 2 0 0 0.6343850
2 2 1 0 -0.0002969
2 2 1 1 0.4910806
2 2 2 0 0.0000000
2 2 2 1 0.0000000
2 2 2 2 0.5334468
3 0 0 0 0.1929814
3 0 1 0 -0.0142941
3 0 1 1 0.0055706
3 0 2 0 -0.0000000
3 0 2 1 0.0000000
3 0 2 2 0.0031529
3 0 3 0 0.0242878
3 0 3 1 0.0043602
3 0 3 2 0.0000000
3 0 3 3 -0.0050940
3 1 0 0 -0.0886248
3 1 1 0 0.0007692
3 1 1 1 0.0359046
3 1 2 0 0.0000000
3 1 2 1 0.0000000
3 1 2 2 -0.0372753
3 1 3 0 0.0043602
3 1 3 1 0.0797380
3 1 3 2 0.0000000
3 1 3 3 -0.0255791
3 2 0 0 0.0000000
3 2 1 0 -0.0000000
3 2 1 1 0.0000000
3 2 2 0 -0.0087975
3 2 2 1 -0.0567592
3 2 2 2 -0.0000000
3 2 3 0 0.0000000
3 2 3 1 0.0000000
3 2 3 2 0.0563200
3 2 3 3 0.0000000
3 3 0 0 0.7007360
3 3 1 0 -0.0028343
3 3 1 1 0.4933042
3 3 2 0 -0.0000000
3 3 2 1 0.0000000
3 3 2 2 0.4734470
3 3 3 0 -0.0050940
3 3 3 1 -0.0255791
3 3 3 2 0.0000000
3 3 3 3 0.5619313
4 0 0 0 -0.0868000
4 0 1 0 0.0045001
4 0 1 1 -0.0077980
4 0 2 0 -0.0000000
4 0 2 1 -0.0000000
4 0 2 2 -0.0031730
4 0 3 0 -0.0145822
4 0 3 1 -0.0040164
4 0 3 2 0.0000000
4 0 3 3 0.0060595
4 0 4 0 0.0111610
4 0 4 1 0.0019627
4 0 4 2 0.0000000
4 0 4 3 -0.0082495
4 0 4 4 0.0017150
4 1 0 0 -0.0110895
4 1 1 0 0.0003194
4 1 1 1 0.0279105
4 1 2 0 -0.0000000
4 1 2 1 0.0000000
4 1 2 2 -0.0371893
4 1 3 0 -0.0023723
4 1 3 1 0.0398791
4 1 3 2 -0.0000000
4 1 3 3 0.0311790
4 1 4 0 0.0019627
4 1 4 1 0.0597613
4 1 4 2 -0.0000000
4 1 4 3 0.0208685
4 1 4 4 0.0135147
4 2 0 0 -0.0000000
4 2 1 0 0.0000000
4 2 1 1 0.0000000
4 2 2 0 -0.0020500
4 2 2 1 -0.0641792
4 2 2 2 -0.0000000
4 2 3 0 -0.0000000
4 2 3 1 0.0000000
4 2 3 2 0.0329872
4 2 3 3 -0.0000000
4 2 4 0 0.0000000
4 2 4 1 -0.0000000
4 2 4 2 0.0705759
4 2 4 3 0.0000000
4 2 4 4 0.0000000
4 3 0 0 -0.1960243
4 3 1 0 0.0061120
4 3 1 1 0.0534208
4 3 2 0 0.0000000
4 3 2 1 0.0000000
4 3 2 2 -0.0161675
4 3 3 0 0.0053672
4 3 3 1 0.0712002
4 3 3 2 -0.0000000
4 3 3 3 -0.0733782
4 3 4 0 -0.0082495
4 3 4 1 0.0208685
4 3 4 2 0.0000000
4 3 4 3 0.1391078
4 3 4 4 -0.0022270
4 4 0 0 0.5914660
4 4 1 0 -0.0019681
4 4 1 1 0.5012717
4 4 2 0 -0.0000000
4 4 2 1 -0.0000000
4 4 2 2 0.4741358
4 4 3 0 -0.0005849
4 4 3 1 0.0087445
4 4 3 2 0.0000000
4 4 3 3 0.4995616
4 4 4 0 0.0017150
4 4 4 1 0.0135147
4 4 4 2 0.0000000
4 4 4 3 -0.0022270
4 4 4 4 0.5031836
5 0 0 0 0.2465730
5 0 1 0 -0.0249829
5 0 1 1 -0.0121847
5 0 2 0 0.0000000
5 0 2 1 0.0000000
5 0 2 2 -0.0008495
5 0 3 0 0.0165473
5 0 3 1 -0.0044293
5 0 3 2 -0.0000000
5 0 3 3 0.0096163
5 0 4 0 -0.0010728
5 0 4 1 0.0011514
5 0 4 2 -0.0000000
5 0 4 3 -0.0151023
5 0 4 4 0.0046756
5 0 5 0 0.0445958
5 0 5 1 0.0043087
5 0 5 2 0.0000000
5 0 5 3 -0.0024353
5 0 5 4 0.0013584
5 0 5 5 -0.0099643
5 1 0 0 -0.2560459
5 1 1 0 -0.0009180
5 1 1 1 -0.0621502
5 1 2 0 0.0000000
5 1 2 1 -0.0000000
5 1 2 2 -0.0548030
5 1 3 0 -0.0063545
5 1 3 1 0.0293177
5 1 3 2 0.0000000
5 1 3 3 -0.0721611
5 1 4 0 0.0061507
5 1 4 1 0.0061028
5 1 4 2 0.0000000
5 1 4 3 0.0577037
5 1 4 4 -0.0258642
5 1 5 0 0.0043087
5 1 5 1 0.0987312
5 1 5 2 -0.0000000
5 1 5 3 -0.0038496
5 1 5 4 -0.0269780
5 1 5 5 -0.1126964
5 2 0 0 0.0000000
5 2 1 0 -0.0000000
5 2 1 1 -0.0000000
5 2 2 0 -0.0045562
5 2 2 1 0.0189713
5 2 2 2 0.0000000
5 2 3 0 -0.0000000
5 2 3 1 -0.0000000
5 2 3 2 -0.0129539
5 2 3 3 0.0000000
5 2 4 0 0.0000000
5 2 4 1 0.0000000
5 2 4 2 -0.0318218
5 2 4 3 -0.0000000
5 2 4 4 -0.0000000
5 2 5 0 0.0000000
5 2 5 1 -0.0000000
5 2 5 2 0.0401498
5 2 5 3 0.0000000
5 2 5 4 0.0000000
5 2 5 5 -0.0000000
5 3 0 0 0.0212574
5 3 1 0 0.0021836
5 3 1 1 0.0349751
5 3 2 0 -0.0000000
5 3 2 1 -0.0000000
5 3 2 2 -0.0007180
5 3 3 0 -0.0017458
5 3 3 1 0.0043611
5 3 3 2 0.0000000
5 3 3 3 0.0231260
5 3 4 0 0.0000434
5 3 4 1 0.0287670
5 3 4 2 0.0000000
5 3 4 3 0.0183008
5 3 4 4 0.0098606
5 3 5 0 -0.0024353
5 3 5 1 -0.0038496
5 3 5 2 0.0000000
5 3 5 3 0.0331969
5 3 5 4 0.0035523
5 3 5 5 0.0122754
5 4 0 0 0.0910148
5 4 1 0 -0.0020852
5 4 1 1 0.0217542
5 4 2 0 0.0000000
5 4 2 1 0.0000000
5 4 2 2 -0.0092238
5 4 3 0 0.0043447
5 4 3 1 0.0320127
5 4 3 2 -0.0000000
5 4 3 3 0.0327898
5 4 4 0 -0.0027620
5 4 4 1 0.0317937
5 4 4 2 -0.0000000
5 4 4 3 -0.0107552
5 4 4 4 0.0147907
5 4 5 0 0.0013584
5 4 5 1 -0.0269780
5 4 5 2 0.0000000
5 4 5 3 0.0035523
5 4 5 4 0.0531862
5 4 5 5 0.0259079
5 5 0 0 0.8207942
5 5 1 0 0.0012028
5 5 1 1 0.5684876
5 5 2 0 -0.0000000
5 5 2 1 -0.0000000
5 5 2 2 0.5204929
5 5 3 0 0.0155684
5 5 3 1 -0.0056966
5 5 3 2 0.0000000
5 5 3 3 0.5035968
5 5 4 0 -0.0146052
5 5 4 1 -0.0122940
5 5 4 2 0.0000000
5 5 4 3 -0.0080808
5 5 4 4 0.4987794
5 5 5 0 -0.0099643
5 5 5 1 -0.1126964
5 5 5 2 -0.0000000
5 5 5 3 0.0122754
5 5 5 4 0.0259079
5 5 5 5 0.6306925
6 0 0 0 -0.0000000
6 0 1 0 0.0000000
6 0 1 1 -0.0000000
6 0 2 0 0.0129690
6 0 2 1 0.0123355
6 0 2 2 0.0000000
6 0 3 0 -0.0000000
6 0 3 1 -0.0000000
6 0 3 2 -0.0123651
6 0 3 3 0.0000000
6 0 4 0 -0.0000000
6 0 4 1 0.0000000
6 0 4 2 -0.0026014
6 0 4 3 0.0000000
6 0 4 4 -0.0000000
6 0 5 0 -0.0000000
6 0 5 1 0.0000000
6 0 5 2 -0.0060151
6 0 5 3 -0.0000000
6 0 5 4 0.0000000
6 0 5 5 -0.0000000
6 0 6 0 0.0198194
6 0 6 1 0.0043415
6 0 6 2 -0.0000000
6 0 6 3 -0.0101540
6 0 6 4 0.0082653
6 0 6 5 -0.0122152
6 0 6 6 0.0000000
6 1 0 0 0.0000000
6 1 1 0 0.0000000
6 1 1 1 0.0000000
6 1 2 0 0.0031771
6 1 2 1 -0.0258022
6 1 2 2 -0.0000000
6 1 3 0 0.0000000
6 1 3 1 0.0000000
6 1 3 2 0.0104185
6 1 3 3 0.0000000
6 1 4 0 -0.0000000
6 1 4 1 -0.0000000
6 1 4 2 0.0365417
6 1 4 3 0.0000000
6 1 4 4 0.0000000
6 1 5 0 0.0000000
6 1 5 1 0.0000000
6 1 5 2 -0.0333221
6 1 5 3 0.0000000
6 1 5 4 -0.0000000
6 1 5 5 0.0000000
6 1 6 0 0.0043415
6 1 6 1 0.0327550
6 1 6 2 0.0000000
6 1 6 3 -0.0191556
6 1 6 4 -0.0361407
6 1 6 5 0.0301782
6 1 6 6 -0.0000000
6 2 0 0 0.2519339
6 2 1 0 -0.0053400
6 2 1 1 0.0034205
6 2 2 0 -0.0000000
6 2 2 1 -0.0000000
6 2 2 2 0.0369999
6 2 3 0 0.0026535
6 2 3 1 -0.0229719
6 2 3 2 0.0000000
6 2 3 3 0.0769598
6 2 4 0 -0.0000174
6 2 4 1 0.0128851
6 2 4 2 -0.0000000
6 2 4 3 -0.0831108
6 2 4 4 0.0129822
6 2 5 0 0.0087834
6 2 5 1 -0.0724077
6 2 5 2 -0.0000000
6 2 5 3 0.0017208
6 2 5 4 0.0489471
6 2 5 5 0.0453937
6 2 6 0 -0.0000000
6 2 6 1 0.0000000
6 2 6 2 0.1204037
6 2 6 3 -0.0000000
6 2 6 4 -0.0000000
6 2 6 5 0.0000000
6 2 6 6 0.0505460
6 3 0 0 -0.0000000
6 3 1 0 0.0000000
6 3 1 1 0.0000000
6 3 2 0 -0.0070161
6 3 2 1 -0.0027986
6 3 2 2 -0.0000000
6 3 3 0 0.0000000
6 3 3 1 0.0000000
6 3 3 2 0.0194460
6 3 3 3 -0.0000000
6 3 4 0 0.0000000
6 3 4 1 0.0000000
6 3 4 2 -0.0222040
6 3 4 3 0.0000000
6 3 4 4 -0.0000000
6 3 5 0 -0.0000000
6 3 5 1 0.0000000
6 3 5 2 0.0161246
6 3 5 3 0.0000000
6 3 5 4 -0.0000000
6 3 5 5 -0.0000000
6 3 6 0 -0.0101540
6 3 6 1 -0.0191556
6 3 6 2 -0.0000000
6 3 6 3 0.0328011
6 3 6 4 -0.0010508
6 3 6 5 -0.0072421
6 3 6 6 -0.0000000
6 4 0 0 -0.0000000
6 4 1 0 0.0000000
6 4 1 1 -0.0000000
6 4 2 0 0.0055849
6 4 2 1 0.0648688
6 4 2 2 0.0000000
6 4 3 0 -0.0000000
6 4 3 1 0.0000000
6 4 3 2 -0.0530038
6 4 3 3 0.0000000
6 4 4 0 -0.0000000
6 4 4 1 0.0000000
6 4 4 2 -0.0559000
6 4 4 3 0.0000000
6 4 4 4 -0.0000000
6 4 5 0 0.0000000
6 4 5 1 -0.0000000
6 4 5 2 0.0395992
6 4 5 3 -0.0000000
6 4 5 4 0.0000000
6 4 5 5 -0.0000000
6 4 6 0 0.0082653
6 4 6 1 -0.0361407
6 4 6 2 -0.0000000
6 4 6 3 -0.0010508
6 4 6 4 0.0779070
6 4 6 5 -0.0641957
6 4 6 6 0.0000000
6 5 0 0 0.0000000
6 5 1 0 -0.0000000
6 5 1 1 0.0000000
6 5 2 0 -0.0087479
6 5 2 1 -0.0745323
6 5 2 2 -0.0000000
6 5 3 0 -0.0000000
6 5 3 1 0.0000000
6 5 3 2 0.0455836
6 5 3 3 0.0000000
6 5 4 0 0.0000000
6 5 4 1 -0.0000000
6 5 4 2 0.0659038
6 5 4 3 -0.0000000
6 5 4 4 0.0000000
6 5 5 0 0.0000000
6 5 5 1 0.0000000
6 5 5 2 -0.0239474
6 5 5 3 -0.0000000
6 5 5 4 -0.0000000
6 5 5 5 0.0000000
6 5 6 0 -0.0122152
6 5 6 1 0.0301782
6 5 6 2 0.0000000
6 5 6 3 -0.0072421
6 5 6 4 -0.0641957
6 5 6 5 0.0802044
6 5 6 6 -0.0000000
6 6 0 0 0.7290493
6 6 1 0 -0.0052464
6 6 1 1 0.4795371
6 6 2 0 0.0000000
6 6 2 1 0.0000000
6 6 2 2 0.5299289
6 6 3 0 0.0051464
6 6 3 1 -0.0384913
6 6 3 2 -0.0000000
6 6 3 3 0.4854282
6 6 4 0 -0.0022995
6 6 4 1 -0.0366228
6 6 4 2 -0.0000000
6 6 4 3 -0.0373354
6 6 4 4 0.4841802
6 6 5 0 0.0072682
6 6 5 1 -0.0540249
6 6 5 2 0.0000000
6 6 5 3 -0.0070246
6 6 5 4 -0.0069505
6 6 5 5 0.5305413
6 6 6 0 0.0000000
6 6 6 1 -0.0000000
6 6 6 2 0.0505460
6 6 6 3 -0.0000000
6 6 6 4 0.0000000
6 6 6 5 -0.0000000
6 6 6 6 0.5575896
7 0 0 0 0.0850588
7 0 1 0 -0.0032084
7 0 1 1 0.0057616
7 0 2 0 -0.0000000
7 0 2 1 0.0000000
7 0 2 2 0.0006821
7 0 3 0 0.0039504
7 0 3 1 -0.0047626
7 0 3 2 -0.0000000
7 0 3 3 0.0062856
7 0 4 0 -0.0019450
7 0 4 1 0.0023816
7 0 4 2 0.0000000
7 0 4 3 -0.0014153
7 0 4 4 0.0018228
7 0 5 0 0.0060031
7 0 5 1 -0.0043759
7 0 5 2 -0.0000000
7 0 5 3 0.0064622
7 0 5 4 -0.0033956
7 0 5 5 0.0060543
7 0 6 0 -0.0000000
7 0 6 1 0.0000000
7 0 6 2 -0.0016700
7 0 6 3 -0.0000000
7 0 6 4 0.0000000
7 0 6 5 -0.0000000
7 0 6 6 -0.0006928
7 0 7 0 0.0112638
7 0 7 1 0.0010992
7 0 7 2 -0.0000000
7 0 7 3 -0.0029059
7 0 7 4 0.0008978
7 0 7 5 -0.0032766
7 0 7 6 0.0000000
7 0 7 7 -0.0059804
7 1 0 0 0.0077060
7 1 1 0 0.0003982
7 1 1 1 -0.0018776
7 1 2 0 0.0000000
7 1 2 1 0.0000000
7 1 2 2 -0.0051171
7 1 3 0 -0.0023537
7 1 3 1 -0.0041563
7 1 3 2 -0.0000000
7 1 3 3 0.0086961
7 1 4 0 0.0019383
7 1 4 1 0.0056730
7 1 4 2 -0.0000000
7 1 4 3 -0.0084253
7 1 4 4 0.0008743
7 1 5 0 0.0005739
7 1 5 1 -0.0032159
7 1 5 2 0.0000000
7 1 5 3 0.0051410
7 1 5 4 0.0011901
7 1 5 5 -0.0019327
7 1 6 0 0.0000000
7 1 6 1 0.0000000
7 1 6 2 0.0039592
7 1 6 3 -0.0000000
7 1 6 4 0.0000000
7 1 6 5 -0.0000000
7 1 6 6 -0.0037901
7 1 7 0 0.0010992
7 1 7 1 0.0127263
7 1 7 2 0.0000000
7 1 7 3 0.0079229
7 1 7 4 0.0074428
7 1 7 5 -0.0009319
7 1 7 6 0.0000000
7 1 7 7 0.0028385
7 2 0 0 0.0000000
7 2 1 0 -0.0000000
7 2 1 1 0.0000000
7 2 2 0 -0.0046114
7 2 2 1 -0.0192015
7 2 2 2 -0.0000000
7 2 3 0 -0.0000000
7 2 3 1 -0.0000000
7 2 3 2 0.0165420
7 2 3 3 -0.0000000
7 2 4 0 0.0000000
7 2 4 1 -0.0000000
7 2 4 2 0.0121242
7 2 4 3 -0.0000000
7 2 4 4 0.0000000
7 2 5 0 -0.0000000
7 2 5 1 0.0000000
7 2 5 2 -0.0005620
7 2 5 3 0.0000000
7 2 5 4 -0.0000000
7 2 5 5 0.0000000
7 2 6 0 -0.0068554
7 2 6 1 0.0012096
7 2 6 2 0.0000000
7 2 6 3 0.0081211
7 2 6 4 -0.0149883
7 2 6 5 0.0166738
7 2 6 6 -0.0000000
7 2 7 0 -0.0000000
7 2 7 1 0.0000000
7 2 7 2 0.0173849
7 2 7 3 0.0000000
7 2 7 4 -0.0000000
7 2 7 5 0.0000000
7 2 7 6 0.0157801
7 2 7 7 -0.0000000
7 3 0 0 0.0071932
7 3 1 0 -0.0036084
7 3 1 1 -0.0250916
7 3 2 0 -0.0000000
7 3 2 1 -0.0000000
7 3 2 2 0.0005301
7 3 3 0 0.0004710
7 3 3 1 -0.0009775
7 3 3 2 0.0000000
7 3 3 3 -0.0050351
7 3 4 0 0.0016637
7 3 4 1 -0.0088690
7 3 4 2 -0.0000000
7 3 4 3 -0.0180757
7 3 4 4 -0.0031947
7 3 5 0 0.0067680
7 3 5 1 0.0039300
7 3 5 2 0.0000000
7 3 5 3 -0.0155248
7 3 5 4 0.0051444
7 3 5 5 -0.0171634
7 3 6 0 -0.0000000
7 3 6 1 -0.0000000
7 3 6 2 0.0141190
7 3 6 3 -0.0000000
7 3 6 4 -0.0000000
7 3 6 5 0.0000000
7 3 6 6 0.0063674
7 3 7 0 -0.0029059
7 3 7 1 0.0079229
7 3 7 2 0.0000000
7 3 7 3 0.0258122
7 3 7 4 0.0011612
7 3 7 5 0.0025983
7 3 7 6 -0.0000000
7 3 7 7 -0.0037357
7 4 0 0 -0.0059995
7 4 1 0 0.0023098
7 4 1 1 0.0144763
7 4 2 0 0.0000000
7 4 2 1 0.0000000
7 4 2 2 0.0060203
7 4 3 0 0.0017817
7 4 3 1 0.0043483
7 4 3 2 -0.0000000
7 4 3 3 -0.0071400
7 4 4 0 -0.0029476
7 4 4 1 -0.0008239
7 4 4 2 0.0000000
7 4 4 3 0.0148854
7 4 4 4 -0.0009437
7 4 5 0 -0.0058137
7 4 5 1 -0.0030006
7 4 5 2 -0.0000000
7 4 5 3 0.0041029
7 4 5 4 -0.0032814
7 4 5 5 0.0149860
7 4 6 0 0.0000000
7 4 6 1 0.0000000
7 4 6 2 -0.0082895
7 4 6 3 0.0000000
7 4 6 4 0.0000000
7 4 6 5 -0.0000000
7 4 6 6 -0.0006062
7 4 7 0 0.0008978
7 4 7 1 0.0074428
7 4 7 2 -0.0000000
7 4 7 3 0.0011612
7 4 7 4 0.0260571
7 4 7 5 0.0156861
7 4 7 6 -0.0000000
7 4 7 7 0.0011115
7 5 0 0 0.0115059
7 5 1 0 -0.0011692
7 5 1 1 0.0060909
7 5 2 0 -0.0000000
7 5 2 1 -0.0000000
7 5 2 2 0.0036064
7 5 3 0 0.0066439
7 5 3 1 0.0170046
7 5 3 2 0.0000000
7 5 3 3 -0.0138851
7 5 4 0 -0.0054742
7 5 4 1 -0.0017278
7 5 4 2 0.0000000
7 5 4 3 0.0149082
7 5 4 4 -0.0024963
7 5 5 0 -0.0019760
7 5 5 1 -0.0018249
7 5 5 2 0.0000000
7 5 5 3 -0.0072016
7 5 5 4 0.0105717
7 5 5 5 0.0122871
7 5 6 0 -0.0000000
7 5 6 1 -0.0000000
7 5 6 2 0.0037052
7 5 6 3 0.0000000
7 5 6 4 -0.0000000
7 5 6 5 0.0000000
7 5 6 6 0.0018924
7 5 7 0 -0.0032766
7 5 7 1 -0.0009319
7 5 7 2 0.0000000
7 5 7 3 0.0025983
7 5 7 4 0.0156861
7 5 7 5 0.0225359
7 5 7 6 0.0000000
7 5 7 7 0.0195597
7 6 0 0 -0.0000000
7 6 1 0 0.0000000
7 6 1 1 0.0000000
7 6 2 0 -0.0054612
7 6 2 1 -0.0109905
7 6 2 2 0.0000000
7 6 3 0 -0.0000000
7 6 3 1 -0.0000000
7 6 3 2 0.0136305
7 6 3 3 -0.0000000
7 6 4 0 0.0000000
7 6 4 1 0.0000000
7 6 4 2 0.0016133
7 6 4 3 -0.0000000
7 6 4 4 0.0000000
7 6 5 0 -0.0000000
7 6 5 1 -0.0000000
7 6 5 2 0.0050449
7 6 5 3 0.0000000
7 6 5 4 -0.0000000
7 6 5 5 0.0000000
7 6 6 0 -0.0081820
7 6 6 1 -0.0046956
7 6 6 2 -0.0000000
7 6 6 3 0.0126204
7 6 6 4 -0.0076530
7 6 6 5 0.0083315
7 6 6 6 -0.0000000
7 6 7 0 0.0000000
7 6 7 1 0.0000000
7 6 7 2 0.0157801
7 6 7 3 -0.0000000
7 6 7 4 -0.0000000
7 6 7 5 0.0000000
7 6 7 6 0.0207217
7 6 7 7 -0.0000000
7 7 0 0 0.5615101
7 7 1 0 -0.0057552
7 7 1 1 0.4478050
7 7 2 0 -0.0000000
7 7 2 1 0.0000000
7 7 2 2 0.4008151
7 7 3 0 0.0086576
7 7 3 1 0.0486879
7 7 3 2 0.0000000
7 7 3 3 0.4258941
7 7 4 0 -0.0049014
7 7 4 1 0.0391607
7 7 4 2 -0.0000000
7 7 4 3 0.0205907
7 7 4 4 0.4297266
7 7 5 0 0.0057624
7 7 5 1 -0.0270437
7 7 5 2 0.0000000
7 7 5 3 0.0167049
7 7 5 4 0.0570096
7 7 5 5 0.4473615
7 7 6 0 -0.0000000
7 7 6 1 0.0000000
7 7 6 2 0.0460910
7 7 6 3 -0.0000000
7 7 6 4 -0.0000000
7 7 6 5 0.0000000
7 7 6 6 0.4146827
7 7 7 0 -0.0059804
7 7 7 1 0.0028385
7 7 7 2 -0.0000000
7 7 7 3 -0.0037357
7 7 7 4 0.0011115
7 7 7 5 0.0195597
7 7 7 6 -0.0000000
7 7 7 7 0.5146545
8 0 0 0 0.0000000
8 0 1 0 -0.0000000
8 0 1 1 -0.0000000
8 0 2 0 0.0002362
8 0 2 1 0.0002672
8 0 2 2 0.0000000
8 0 3 0 -0.0000000
8 0 3 1 -0.0000000
8 0 3 2 -0.0002246
8 0 3 3 0.0000000
8 0 4 0 -0.0000000
8 0 4 1 -0.0000000
8 0 4 2 0.0000227
8 0 4 3 0.0000000
8 0 4 4 0.0000000
8 0 5 0 0.0000000
8 0 5 1 0.0000000
8 0 5 2 -0.0003014
8 0 5 3 -0.0000000
8 0 5 4 0.0000000
8 0 5 5 -0.0000000
8 0 6 0 0.0003485
8 0 6 1 0.0002252
8 0 6 2 0.0000000
8 0 6 3 -0.0002454
8 0 6 4 0.0000027
8 0 6 5 -0.0002086
8 0 6 6 0.0000000
8 0 7 0 -0.0000000
8 0 7 1 0.0000000
8 0 7 2 -0.0001247
8 0 7 3 0.0000000
8 0 7 4 0.0000000
8 0 7 5 -0.0000000
8 0 7 6 -0.0001608
8 0 7 7 -0.0000000
8 0 8 0 0.0000108
8 0 8 1 -0.0000798
8 0 8 2 0.0000000
8 0 8 3 -0.0001277
8 0 8 4 -0.0001201
8 0 8 5 -0.0001676
8 0 8 6 -0.0000000
8 0 8 7 0.0000311
8 0 8 8 -0.0000000
8 1 0 0 -0.0000000
8 1 1 0 -0.0000000
8 1 1 1 -0.0000000
8 1 2 0 0.0020528
8 1 2 1 0.0319396
8 1 2 2 0.0000000
8 1 3 0 -0.0000000
8 1 3 1 0.0000000
8 1 3 2 -0.0179858
8 1 3 3 0.0000000
8 1 4 0 -0.0000000
8 1 4 1 0.0000000
8 1 4 2 -0.0300631
8 1 4 3 0.0000000
8 1 4 4 -0.0000000
8 1 5 0 0.0000000
8 1 5 1 -0.0000000
8 1 5 2 0.0112532
8 1 5 3 0.0000000
8 1 5 4 0.0000000
8 1 5 5 -0.0000000
8 1 6 0 0.0027601
8 1 6 1 -0.0159190
8 1 6 2 -0.0000000
8 1 6 3 0.0051858
8 1 6 4 0.0292805
8 1 6 5 -0.0303644
8 1 6 6 0.0000000
8 1 7 0 -0.0000000
8 1 7 1 0.0000000
8 1 7 2 -0.0070673
8 1 7 3 0.0000000
8 1 7 4 -0.0000000
8 1 7 5 0.0000000
8 1 7 6 -0.0011371
8 1 7 7 0.0000000
8 1 8 0 -0.0000798
8 1 8 1 0.0344211
8 1 8 2 0.0000000
8 1 8 3 0.0177844
8 1 8 4 0.0110180
8 1 8 5 0.0237776
8 1 8 6 -0.0000000
8 1 8 7 0.0004651
8 1 8 8 0.0000000
8 2 0 0 0.0339934
8 2 1 0 0.0001672
8 2 1 1 0.0092652
8 2 2 0 0.0000000
8 2 2 1 0.0000000
8 2 2 2 0.0296828
8 2 3 0 0.0002146
8 2 3 1 -0.0209038
8 2 3 2 -0.0000000
8 2 3 3 0.0093372
8 2 4 0 -0.0002152
8 2 4 1 -0.0235313
8 2 4 2 -0.0000000
8 2 4 3 -0.0163394
8 2 4 4 0.0088452
8 2 5 0 -0.0003588
8 2 5 1 -0.0130991
8 2 5 2 0.0000000
8 2 5 3 -0.0106909
8 2 5 4 -0.0149932
8 2 5 5 0.0224429
8 2 6 0 0.0000000
8 2 6 1 -0.0000000
8 2 6 2 0.0024029
8 2 6 3 -0.0000000
8 2 6 4 0.0000000
8 2 6 5 -0.0000000
8 2 6 6 0.0299564
8 2 7 0 0.0000074
8 2 7 1 -0.0023701
8 2 7 2 -0.0000000
8 2 7 3 0.0035669
8 2 7 4 0.0003743
8 2 7 5 -0.0017285
8 2 7 6 0.0000000
8 2 7 7 -0.0210468
8 2 8 0 0.0000000
8 2 8 1 0.0000000
8 2 8 2 0.0216726
8 2 8 3 0.0000000
8 2 8 4 0.0000000
8 2 8 5 -0.0000000
8 2 8 6 -0.0163818
8 2 8 7 -0.0000000
8 2 8 8 -0.0598787
8 3 0 0 -0.0000000
8 3 1 0 -0.0000000
8 3 1 1 -0.0000000
8 3 2 0 0.0000251
8 3 2 1 0.0030054
8 3 2 2 -0.0000000
8 3 3 0 -0.0000000
8 3 3 1 0.0000000
8 3 3 2 -0.0010791
8 3 3 3 -0.0000000
8 3 4 0 0.0000000
8 3 4 1 0.0000000
8 3 4 2 -0.0056501
8 3 4 3 0.0000000
8 3 4 4 -0.0000000
8 3 5 0 0.0000000
8 3 5 1 0.0000000
8 3 5 2 0.0001532
8 3 5 3 0.0000000
8 3 5 4 0.0000000
8 3 5 5 -0.0000000
8 3 6 0 -0.0000140
8 3 6 1 -0.0021718
8 3 6 2 -0.0000000
8 3 6 3 0.0027114
8 3 6 4 0.0042568
8 3 6 5 -0.0031936
8 3 6 6 0.0000000
8 3 7 0 -0.0000000
8 3 7 1 0.0000000
8 3 7 2 -0.0008177
8 3 7 3 -0.0000000
8 3 7 4 -0.0000000
8 3 7 5 0.0000000
8 3 7 6 0.0004538
8 3 7 7 0.0000000
8 3 8 0 -0.0001277
8 3 8 1 0.0177844
8 3 8 2 0.0000000
8 3 8 3 0.0145582
8 3 8 4 0.0137411
8 3 8 5 0.0125368
8 3 8 6 0.0000000
8 3 8 7 -0.0007719
8 3 8 8 0.0000000
8 4 0 0 0.0000000
8 4 1 0 0.0000000
8 4 1 1 0.0000000
8 4 2 0 -0.0004064
8 4 2 1 -0.0093553
8 4 2 2 0.0000000
8 4 3 0 -0.0000000
8 4 3 1 -0.0000000
8 4 3 2 0.0039402
8 4 3 3 -0.0000000
8 4 4 0 0.0000000
8 4 4 1 -0.0000000
8 4 4 2 0.0065614
8 4 4 3 -0.0000000
8 4 4 4 0.0000000
8 4 5 0 -0.0000000
8 4 5 1 0.0000000
8 4 5 2 -0.0066750
8 4 5 3 -0.0000000
8 4 5 4 -0.0000000
8 4 5 5 0.0000000
8 4 6 0 -0.0006467
8 4 6 1 0.0058874
8 4 6 2 0.0000000
8 4 6 3 -0.0005583
8 4 6 4 -0.0068894
8 4 6 5 0.0100055
8 4 6 6 -0.0000000
8 4 7 0 0.0000000
8 4 7 1 -0.0000000
8 4 7 2 0.0012706
8 4 7 3 0.0000000
8 4 7 4 -0.0000000
8 4 7 5 -0.0000000
8 4 7 6 0.0014271
8 4 7 7 -0.0000000
8 4 8 0 -0.0001201
8 4 8 1 0.0110180
8 4 8 2 0.0000000
8 4 8 3 0.0137411
8 4 8 4 0.0168117
8 4 8 5 0.0075288
8 4 8 6 -0.0000000
8 4 8 7 0.0015845
8 4 8 8 -0.0000000
8 5 0 0 0.0000000
8 5 1 0 -0.0000000
8 5 1 1 -0.0000000
8 5 2 0 0.0003917
8 5 2 1 0.0192323
8 5 2 2 0.0000000
8 5 3 0 0.0000000
8 5 3 1 0.0000000
8 5 3 2 -0.0119638
8 5 3 3 0.0000000
8 5 4 0 -0.0000000
8 5 4 1 0.0000000
8 5 4 2 -0.0224184
8 5 4 3 0.0000000
8 5 4 4 -0.0000000
8 5 5 0 0.0000000
8 5 5 1 -0.0000000
8 5 5 2 0.0142367
8 5 5 3 0.0000000
8 5 5 4 0.0000000
8 5 5 5 -0.0000000
8 5 6 0 0.0006118
8 5 6 1 -0.0154486
8 5 6 2 -0.0000000
8 5 6 3 0.0062047
8 5 6 4 0.0241343
8 5 6 5 -0.0221235
8 5 6 6 0.0000000
8 5 7 0 -0.0000000
8 5 7 1 0.0000000
8 5 7 2 -0.0039060
8 5 7 3 0.0000000
8 5 7 4 -0.0000000
8 5 7 5 0.0000000
8 5 7 6 0.0009230
8 5 7 7 0.0000000
8 5 8 0 -0.0001676
8 5 8 1 0.0237776
8 5 8 2 -0.0000000
8 5 8 3 0.0125368
8 5 8 4 0.0075288
8 5 8 5 0.0199744
8 5 8 6 -0.0000000
8 5 8 7 0.0004083
8 5 8 8 0.0000000
8 6 0 0 0.0006578
8 6 1 0 -0.0001770
8 6 1 1 0.0007271
8 6 2 0 -0.0000000
8 6 2 1 -0.0000000
8 6 2 2 -0.0131263
8 6 3 0 0.0003026
8 6 3 1 0.0147614
8 6 3 2 0.0000000
8 6 3 3 0.0041601
8 6 4 0 -0.0002722
8 6 4 1 0.0192355
8 6 4 2 0.0000000
8 6 4 3 0.0066853
8 6 4 4 -0.0012977
8 6 5 0 0.0001599
8 6 5 1 -0.0005029
8 6 5 2 -0.0000000
8 6 5 3 0.0086080
8 6 5 4 0.0177622
8 6 5 5 -0.0065976
8 6 6 0 -0.0000000
8 6 6 1 0.0000000
8 6 6 2 0.0104843
8 6 6 3 -0.0000000
8 6 6 4 -0.0000000
8 6 6 5 0.0000000
8 6 6 6 -0.0156367
8 6 7 0 -0.0001236
8 6 7 1 0.0024293
8 6 7 2 0.0000000
8 6 7 3 -0.0015267
8 6 7 4 0.0006954
8 6 7 5 0.0032533
8 6 7 6 -0.0000000
8 6 7 7 0.0246070
8 6 8 0 -0.0000000
8 6 8 1 -0.0000000
8 6 8 2 -0.0163818
8 6 8 3 0.0000000
8 6 8 4 -0.0000000
8 6 8 5 -0.0000000
8 6 8 6 0.0148415
8 6 8 7 0.0000000
8 6 8 8 0.0423790
8 7 0 0 -0.0000000
8 7 1 0 0.0000000
8 7 1 1 0.0000000
8 7 2 0 -0.0002614
8 7 2 1 -0.0029305
8 7 2 2 -0.0000000
8 7 3 0 0.0000000
8 7 3 1 0.0000000
8 7 3 2 0.0020562
8 7 3 3 -0.0000000
8 7 4 0 0.0000000
8 7 4 1 -0.0000000
8 7 4 2 0.0015563
8 7 4 3 -0.0000000
8 7 4 4 0.0000000
8 7 5 0 -0.0000000
8 7 5 1 0.0000000
8 7 5 2 -0.0014557
8 7 5 3 0.0000000
8 7 5 4 -0.0000000
8 7 5 5 0.0000000
8 7 6 0 -0.0003330
8 7 6 1 0.0021250
8 7 6 2 0.0000000
8 7 6 3 -0.0001349
8 7 6 4 -0.0017945
8 7 6 5 0.0031325
8 7 6 6 -0.0000000
8 7 7 0 -0.0000000
8 7 7 1 0.0000000
8 7 7 2 -0.0037149
8 7 7 3 0.0000000
8 7 7 4 -0.0000000
8 7 7 5 0.0000000
8 7 7 6 0.0039113
8 7 7 7 -0.0000000
8 7 8 0 0.0000311
8 7 8 1 0.0004651
8 7 8 2 -0.0000000
8 7 8 3 -0.0007719
8 7 8 4 0.0015845
8 7 8 5 0.0004083
8 7 8 6 0.0000000
8 7 8 7 0.0210482
8 7 8 8 -0.0000000
8 8 0 0 0.3245171
8 8 1 0 0.0027482
8 8 1 1 0.4777019
8 8 2 0 0.0000000
8 8 2 1 0.0000000
8 8 2 2 0.3557835
8 8 3 0 0.0024210
8 8 3 1 0.0985693
8 8 3 2 0.0000000
8 8 3 3 0.3774954
8 8 4 0 -0.0038962
8 8 4 1 0.0727631
8 8 4 2 0.0000000
8 8 4 3 0.1194756
8 8 4 4 0.4228254
8 8 5 0 -0.0066774
8 8 5 1 0.0472416
8 8 5 2 -0.0000000
8 8 5 3 0.0507469
8 8 5 4 0.0372369
8 8 5 5 0.4068705
8 8 6 0 0.0000000
8 8 6 1 0.0000000
8 8 6 2 -0.0511306
8 8 6 3 0.0000000
8 8 6 4 0.0000000
8 8 6 5 -0.0000000
8 8 6 6 0.3513404
8 8 7 0 0.0014178
8 8 7 1 0.0003844
8 8 7 2 -0.0000000
8 8 7 3 -0.0275167
8 8 7 4 0.0112323
8 8 7 5 0.0124969
8 8 7 6 0.0000000
8 8 7 7 0.4670424
8 8 8 0 -0.0000000
8 8 8 1 0.0000000
8 8 8 2 -0.0598787
8 8 8 3 0.0000000
8 8 8 4 -0.0000000
8 8 8 5 0.0000000
8 8 8 6 0.0423790
8 8 8 7 -0.0000000
8 8 8 8 0.6728328
9 0 0 0 -0.0028056
9 0 1 0 0.0000853
9 0 1 1 -0.0002467
9 0 2 0 0.0000000
9 0 2 1 0.0000000
9 0 2 2 -0.0003659
9 0 3 0 -0.0001235
9 0 3 1 0.0002682
9 0 3 2 0.0000000
9 0 3 3 -0.0003875
9 0 4 0 0.0000677
9 0 4 1 0.0001261
9 0 4 2 0.0000000
9 0 4 3 0.0003587
9 0 4 4 -0.0001796
9 0 5 0 -0.0001216
9 0 5 1 0.0004165
9 0 5 2 -0.0000000
9 0 5 3 0.0000039
9 0 5 4 0.0000035
9 0 5 5 -0.0005614
9 0 6 0 0.0000000
9 0 6 1 -0.0000000
9 0 6 2 -0.0003002
9 0 6 3 0.0000000
9 0 6 4 0.0000000
9 0 6 5 0.0000000
9 0 6 6 -0.0004303
9 0 7 0 -0.0001228
9 0 7 1 -0.0000064
9 0 7 2 -0.0000000
9 0 7 3 0.0000016
9 0 7 4 0.0000027
9 0 7 5 0.0000364
9 0 7 6 -0.0000000
9 0 7 7 0.0000328
9 0 8 0 -0.0000000
9 0 8 1 0.0000000
9 0 8 2 -0.0001456
9 0 8 3 0.0000000
9 0 8 4 -0.0000000
9 0 8 5 0.0000000
9 0 8 6 0.0000806
9 0 8 7 -0.0000000
9 0 8 8 0.0004265
9 0 9 0 0.0000059
9 0 9 1 -0.0000462
9 0 9 2 -0.0000000
9 0 9 3 -0.0001204
9 0 9 4 -0.0001632
9 0 9 5 -0.0000467
9 0 9 6 -0.0000000
9 0 9 7 0.0000189
9 0 9 8 -0.0000000
9 0 9 9 0.0027395
9 1 0 0 -0.0043801
9 1 1 0 -0.0000686
9 1 1 1 -0.0006578
9 1 2 0 0.0000000
9 1 2 1 0.0000000
9 1 2 2 -0.0039926
9 1 3 0 0.0000408
9 1 3 1 0.0039656
9 1 3 2 0.0000000
9 1 3 3 -0.0005906
9 1 4 0 0.0000034
9 1 4 1 0.0040382
9 1 4 2 0.0000000
9 1 4 3 0.0033661
9 1 4 4 0.0000698
9 1 5 0 0.0001025
9 1 5 1 0.0020530
9 1 5 2 0.0000000
9 1 5 3 0.0013763
9 1 5 4 0.0024675
9 1 5 5 -0.0032307
9 1 6 0 0.0000000
9 1 6 1 0.0000000
9 1 6 2 0.0001935
9 1 6 3 0.0000000
9 1 6 4 0.0000000
9 1 6 5 0.0000000
9 1 6 6 -0.0040629
9 1 7 0 -0.0000706
9 1 7 1 0.0004440
9 1 7 2 -0.0000000
9 1 7 3 0.0003139
9 1 7 4 0.0003540
9 1 7 5 0.0005252
9 1 7 6 -0.0000000
9 1 7 7 0.0002106
9 1 8 0 -0.0000000
9 1 8 1 0.0000000
9 1 8 2 -0.0014305
9 1 8 3 0.0000000
9 1 8 4 -0.0000000
9 1 8 5 0.0000000
9 1 8 6 0.0011730
9 1 8 7 -0.0000000
9 1 8 8 0.0018604
9 1 9 0 -0.0000462
9 1 9 1 0.0056977
9 1 9 2 0.0000000
9 1 9 3 0.0066146
9 1 9 4 0.0083522
9 1 9 5 0.0042255
9 1 9 6 0.0000000
9 1 9 7 0.0007573
9 1 9 8 0.0000000
9 1 9 9 -0.0431932
9 2 0 0 -0.0000000
9 2 1 0 0.0000000
9 2 1 1 0.0000000
9 2 2 0 -0.0001395
9 2 2 1 -0.0019065
9 2 2 2 -0.0000000
9 2 3 0 0.0000000
9 2 3 1 0.0000000
9 2 3 2 0.0014010
9 2 3 3 -0.0000000
9 2 4 0 0.0000000
9 2 4 1 -0.0000000
9 2 4 2 0.0021193
9 2 4 3 0.0000000
9 2 4 4 0.0000000
9 2 5 0 -0.0000000
9 2 5 1 0.0000000
9 2 5 2 -0.0006560
9 2 5 3 0.0000000
9 2 5 4 -0.0000000
9 2 5 5 0.0000000
9 2 6 0 -0.0001832
9 2 6 1 0.0008692
9 2 6 2 0.0000000
9 2 6 3 -0.0004785
9 2 6 4 -0.0020560
9 2 6 5 0.0018470
9 2 6 6 -0.0000000
9 2 7 0 -0.0000000
9 2 7 1 0.0000000
9 2 7 2 0.0003676
9 2 7 3 -0.0000000
9 2 7 4 0.0000000
9 2 7 5 0.0000000
9 2 7 6 0.0000186
9 2 7 7 0.0000000
9 2 8 0 0.0000022
9 2 8 1 -0.0022010
9 2 8 2 -0.0000000
9 2 8 3 -0.0014102
9 2 8 4 -0.0012542
9 2 8 5 -0.0014581
9 2 8 6 0.0000000
9 2 8 7 0.0000250
9 2 8 8 0.0000000
9 2 9 0 -0.0000000
9 2 9 1 0.0000000
9 2 9 2 0.0014152
9 2 9 3 0.0000000
9 2 9 4 0.0000000
9 2 9 5 0.0000000
9 2 9 6 -0.0012584
9 2 9 7 0.0000000
9 2 9 8 -0.0042510
9 2 9 9 -0.0000000
9 3 0 0 0.0012237
9 3 1 0 0.0000689
9 3 1 1 0.0017820
9 3 2 0 0.0000000
9 3 2 1 0.0000000
9 3 2 2 0.0003253
9 3 3 0 -0.0000315
9 3 3 1 0.0005587
9 3 3 2 -0.0000000
9 3 3 3 0.0015509
9 3 4 0 0.0000101
9 3 4 1 0.0009275
9 3 4 2 -0.0000000
9 3 4 3 0.0006007
9 3 4 4 0.0012951
9 3 5 0 -0.0000931
9 3 5 1 -0.0006288
9 3 5 2 0.0000000
9 3 5 3 0.0002954
9 3 5 4 0.0000702
9 3 5 5 0.0008159
9 3 6 0 0.0000000
9 3 6 1 0.0000000
9 3 6 2 0.0005487
9 3 6 3 0.0000000
9 3 6 4 0.0000000
9 3 6 5 -0.0000000
9 3 6 6 0.0002754
9 3 7 0 0.0000549
9 3 7 1 -0.0001419
9 3 7 2 -0.0000000
9 3 7 3 0.0001619
9 3 7 4 -0.0000269
9 3 7 5 -0.0002771
9 3 7 6 0.0000000
9 3 7 7 -0.0033470
9 3 8 0 0.0000000
9 3 8 1 -0.0000000
9 3 8 2 0.0015609
9 3 8 3 -0.0000000
9 3 8 4 0.0000000
9 3 8 5 -0.0000000
9 3 8 6 -0.0011797
9 3 8 7 -0.0000000
9 3 8 8 -0.0050757
9 3 9 0 -0.0001204
9 3 9 1 0.0066146
9 3 9 2 0.0000000
9 3 9 3 0.0093796
9 3 9 4 0.0120534
9 3 9 5 0.0050465
9 3 9 6 0.0000000
9 3 9 7 -0.0004376
9 3 9 8 0.0000000
9 3 9 9 -0.1035989
9 4 0 0 0.0023289
9 4 1 0 0.0000159
9 4 1 1 0.0022427
9 4 2 0 -0.0000000
9 4 2 1 -0.0000000
9 4 2 2 0.0014798
9 4 3 0 0.0000903
9 4 3 1 0.0002572
9 4 3 2 0.0000000
9 4 3 3 0.0013898
9 4 4 0 -0.0000551
9 4 4 1 -0.0003190
9 4 4 2 0.0000000
9 4 4 3 0.0001410
9 4 4 4 0.0016616
9 4 5 0 -0.0000613
9 4 5 1 -0.0008980
9 4 5 2 -0.0000000
9 4 5 3 -0.0007101
9 4 5 4 -0.0006245
9 4 5 5 0.0017792
9 4 6 0 -0.0000000
9 4 6 1 0.0000000
9 4 6 2 0.0004006
9 4 6 3 -0.0000000
9 4 6 4 -0.0000000
9 4 6 5 0.0000000
9 4 6 6 0.0016615
9 4 7 0 -0.0000392
9 4 7 1 -0.0001222
9 4 7 2 0.0000000
9 4 7 3 0.0009957
9 4 7 4 0.0003340
9 4 7 5 -0.0000428
9 4 7 6 0.0000000
9 4 7 7 -0.0050607
9 4 8 0 0.0000000
9 4 8 1 -0.0000000
9 4 8 2 0.0029072
9 4 8 3 -0.0000000
9 4 8 4 0.0000000
9 4 8 5 -0.0000000
9 4 8 6 -0.0023141
9 4 8 7 0.0000000
9 4 8 8 -0.0081101
9 4 9 0 -0.0001632
9 4 9 1 0.0083522
9 4 9 2 0.0000000
9 4 9 3 0.0120534
9 4 9 4 0.0158414
9 4 9 5 0.0064053
9 4 9 6 0.0000000
9 4 9 7 0.0007919
9 4 9 8 -0.0000000
9 4 9 9 -0.1480655
9 5 0 0 0.0027448
9 5 1 0 0.0000893
9 5 1 1 0.0031175
9 5 2 0 0.0000000
9 5 2 1 0.0000000
9 5 2 2 -0.0001415
9 5 3 0 0.0000514
9 5 3 1 0.0021316
9 5 3 2 0.0000000
9 5 3 3 0.0027114
9 5 4 0 -0.0000830
9 5 4 1 0.0027958
9 5 4 2 -0.0000000
9 5 4 3 0.0012750
9 5 4 4 0.0020647
9 5 5 0 -0.0001714
9 5 5 1 -0.0012226
9 5 5 2 0.0000000
9 5 5 3 0.0011462
9 5 5 4 0.0021912
9 5 5 5 0.0016422
9 5 6 0 0.0000000
9 5 6 1 0.0000000
9 5 6 2 0.0016589
9 5 6 3 -0.0000000
9 5 6 4 0.0000000
9 5 6 5 -0.0000000
9 5 6 6 -0.0005186
9 5 7 0 0.0000536
9 5 7 1 0.0003784
9 5 7 2 -0.0000000
9 5 7 3 0.0001194
9 5 7 4 0.0003603
9 5 7 5 0.0002882
9 5 7 6 0.0000000
9 5 7 7 0.0011184
9 5 8 0 -0.0000000
9 5 8 1 0.0000000
9 5 8 2 -0.0002066
9 5 8 3 0.0000000
9 5 8 4 0.0000000
9 5 8 5 0.0000000
9 5 8 6 0.0005461
9 5 8 7 -0.0000000
9 5 8 8 -0.0001740
9 5 9 0 -0.0000467
9 5 9 1 0.0042255
9 5 9 2 0.0000000
9 5 9 3 0.0050465
9 5 9 4 0.0064053
9 5 9 5 0.0032760
9 5 9 6 0.0000000
9 5 9 7 0.0006970
9 5 9 8 0.0000000
9 5 9 9 -0.0344864
9 6 0 0 0.0000000
9 6 1 0 -0.0000000
9 6 1 1 -0.0000000
9 6 2 0 0.0000644
9 6 2 1 0.0018166
9 6 2 2 0.0000000
9 6 3 0 0.0000000
9 6 3 1 -0.0000000
9 6 3 2 -0.0013159
9 6 3 3 0.0000000
9 6 4 0 -0.0000000
9 6 4 1 -0.0000000
9 6 4 2 -0.0022378
9 6 4 3 -0.0000000
9 6 4 4 -0.0000000
9 6 5 0 0.0000000
9 6 5 1 -0.0000000
9 6 5 2 0.0011456
9 6 5 3 -0.0000000
9 6 5 4 0.0000000
9 6 5 5 -0.0000000
9 6 6 0 0.0000930
9 6 6 1 -0.0012775
9 6 6 2 -0.0000000
9 6 6 3 0.0006330
9 6 6 4 0.0023596
9 6 6 5 -0.0020138
9 6 6 6 0.0000000
9 6 7 0 -0.0000000
9 6 7 1 -0.0000000
9 6 7 2 -0.0004170
9 6 7 3 0.0000000
9 6 7 4 -0.0000000
9 6 7 5 -0.0000000
9 6 7 6 -0.0000409
9 6 7 7 -0.0000000
9 6 8 0 -0.0000110
9 6 8 1 0.0022827
9 6 8 2 0.0000000
9 6 8 3 0.0014270
9 6 8 4 0.0011635
9 6 8 5 0.0017478
9 6 8 6 -0.0000000
9 6 8 7 -0.0001142
9 6 8 8 -0.0000000
9 6 9 0 -0.0000000
9 6 9 1 0.0000000
9 6 9 2 -0.0012584
9 6 9 3 0.0000000
9 6 9 4 0.0000000
9 6 9 5 0.0000000
9 6 9 6 0.0011420
9 6 9 7 0.0000000
9 6 9 8 0.0036564
9 6 9 9 -0.0000000
9 7 0 0 -0.0009792
9 7 1 0 0.0000783
9 7 1 1 0.0008161
9 7 2 0 0.0000000
9 7 2 1 0.0000000
9 7 2 2 0.0002519
9 7 3 0 -0.0000464
9 7 3 1 -0.0003731
9 7 3 2 -0.0000000
9 7 3 3 -0.0002564
9 7 4 0 0.0000164
9 7 4 1 -0.0000635
9 7 4 2 0.0000000
9 7 4 3 0.0000604
9 7 4 4 0.0001036
9 7 5 0 -0.0000942
9 7 5 1 0.0003555
9 7 5 2 -0.0000000
9 7 5 3 0.0000566
9 7 5 4 -0.0004796
9 7 5 5 0.0003424
9 7 6 0 0.0000000
9 7 6 1 -0.0000000
9 7 6 2 -0.0007378
9 7 6 3 0.0000000
9 7 6 4 0.0000000
9 7 6 5 -0.0000000
9 7 6 6 0.0002440
9 7 7 0 0.0000536
9 7 7 1 0.0012720
9 7 7 2 0.0000000
9 7 7 3 0.0012179
9 7 7 4 0.0018609
9 7 7 5 0.0005893
9 7 7 6 0.0000000
9 7 7 7 -0.0001770
9 7 8 0 0.0000000
9 7 8 1 -0.0000000
9 7 8 2 0.0002642
9 7 8 3 -0.0000000
9 7 8 4 0.0000000
9 7 8 5 -0.0000000
9 7 8 6 -0.0003851
9 7 8 7 -0.0000000
9 7 8 8 0.0000623
9 7 9 0 0.0000189
9 7 9 1 0.0007573
9 7 9 2 0.0000000
9 7 9 3 -0.0004376
9 7 9 4 0.0007919
9 7 9 5 0.0006970
9 7 9 6 0.0000000
9 7 9 7 0.0091562
9 7 9 8 -0.0000000
9 7 9 9 -0.0149379
9 8 0 0 -0.0000000
9 8 1 0 0.0000000
9 8 1 1 0.0000000
9 8 2 0 -0.0001042
9 8 2 1 -0.0032279
9 8 2 2 -0.0000000
9 8 3 0 0.0000000
9 8 3 1 0.0000000
9 8 3 2 0.0006772
9 8 3 3 -0.0000000
9 8 4 0 0.0000000
9 8 4 1 -0.0000000
9 8 4 2 0.0015618
9 8 4 3 -0.0000000
9 8 4 4 0.0000000
9 8 5 0 -0.0000000
9 8 5 1 0.0000000
9 8 5 2 -0.0020911
9 8 5 3 0.0000000
9 8 5 4 -0.0000000
9 8 5 5 0.0000000
9 8 6 0 -0.0001580
9 8 6 1 0.0024497
9 8 6 2 0.0000000
9 8 6 3 0.0001568
9 8 6 4 -0.0019018
9 8 6 5 0.0033762
9 8 6 6 -0.0000000
9 8 7 0 0.0000000
9 8 7 1 -0.0000000
9 8 7 2 0.0004573
9 8 7 3 -0.0000000
9 8 7 4 0.0000000
9 8 7 5 0.0000000
9 8 7 6 0.0000705
9 8 7 7 0.0000000
9 8 8 0 0.0000160
9 8 8 1 0.0007754
9 8 8 2 0.0000000
9 8 8 3 0.0023942
9 8 8 4 0.0039535
9 8 8 5 -0.0003222
9 8 8 6 0.0000000
9 8 8 7 0.0004312
9 8 8 8 0.0000000
9 8 9 0 -0.0000000
9 8 9 1 0.0000000
9 8 9 2 -0.0042510
9 8 9 3 0.0000000
9 8 9 4 -0.0000000
9 8 9 5 0.0000000
9 8 9 6 0.0036564
9 8 9 7 -0.0000000
9 8 9 8 0.0145315
9 8 9 9 0.0000000
9 9 0 0 0.3431379
9 9 1 0 0.0032952
9 9 1 1 0.5748529
9 9 2 0 0.0000000
9 9 2 1 0.0000000
9 9 2 2 0.3735037
9 9 3 0 0.0026582
9 9 3 1 0.1798268
9 9 3 2 0.0000000
9 9 3 3 0.4702749
9 9 4 0 -0.0050697
9 9 4 1 0.1669019
9 9 4 2 0.0000000
9 9 4 3 0.2129466
9 9 4 4 0.5395213
9 9 5 0 -0.0080703
9 9 5 1 0.0785617
9 9 5 2 -0.0000000
9 9 5 3 0.0985220
9 9 5 4 0.1012809
9 9 5 5 0.4526365
9 9 6 0 0.0000000
9 9 6 1 0.0000000
9 9 6 2 -0.0548545
9 9 6 3 0.0000000
9 9 6 4 0.0000000
9 9 6 5 0.0000000
9 9 6 6 0.3620659
9 9 7 0 0.0020564
9 9 7 1 0.0062475
9 9 7 2 -0.0000000
9 9 7 3 -0.0447444
9 9 7 4 0.0105577
9 9 7 5 0.0204125
9 9 7 6 -0.0000000
9 9 7 7 0.6182422
9 9 8 0 -0.0000000
9 9 8 1 0.0000000
9 9 8 2 -0.1094498
9 9 8 3 0.0000000
9 9 8 4 -0.0000000
9 9 8 5 0.0000000
9 9 8 6 0.0890274
9 9 8 7 -0.0000000
9 9 8 8 0.8416888
9 9 9 0 0.0027395
9 9 9 1 -0.0431932
9 9 9 2 -0.0000000
9 9 9 3 -0.1035989
9 9 9 4 -0.1480655
9 9 9 5 -0.0344864
9 9 9 6 -0.0000000
9 9 9 7 -0.0149379
9 9 9 8 0.0000000
9 9 9 9 3.4993865
10 0 0 0 0.0250984
10 0 1 0 -0.0008497
10 0 1 1 0.0021286
10 0 2 0 -0.0000000
10 0 2 1 -0.0000000
10 0 2 2 0.0012599
10 0 3 0 0.0010830
10 0 3 1 -0.0017010
10 0 3 2 -0.0000000
10 0 3 3 0.0026200
10 0 4 0 -0.0005481
10 0 4 1 0.0002878
10 0 4 2 -0.0000000
10 0 4 3 -0.0011995
10 0 4 4 0.0011005
10 0 5 0 0.0015252
10 0 5 1 -0.0020750
10 0 5 2 -0.0000000
10 0 5 3 0.0014652
10 0 5 4 -0.0006808
10 0 5 5 0.0029443
10 0 6 0 -0.0000000
10 0 6 1 0.0000000
10 0 6 2 0.0004620
10 0 6 3 -0.0000000
10 0 6 4 0.0000000
10 0 6 5 -0.0000000
10 0 6 6 0.0011028
10 0 7 0 0.0027181
10 0 7 1 0.0003262
10 0 7 2 -0.0000000
10 0 7 3 -0.0005716
10 0 7 4 0.0002920
10 0 7 5 -0.0008015
10 0 7 6 0.0000000
10 0 7 7 -0.0012124
10 0 8 0 0.0000000
10 0 8 1 -0.0000000
10 0 8 2 0.0003534
10 0 8 3 -0.0000000
10 0 8 4 0.0000000
10 0 8 5 -0.0000000
10 0 8 6 -0.0001895
10 0 8 7 0.0000000
10 0 8 8 -0.0006596
10 0 9 0 -0.0000359
10 0 9 1 -0.0000545
10 0 9 2 -0.0000000
10 0 9 3 0.0000277
10 0 9 4 0.0000203
10 0 9 5 0.0000199
10 0 9 6 0.0000000
10 0 9 7 0.0000115
10 0 9 8 -0.0000000
10 0 9 9 -0.0008059
10 0 10 0 0.0006755
10 0 10 1 0.0005144
10 0 10 2 0.0000000
10 0 10 3 -0.0001306
10 0 10 4 0.0001361
10 0 10 5 -0.0001320
10 0 10 6 0.0000000
10 0 10 7 0.0000176
10 0 10 8 -0.0000000
10 0 10 9 -0.0000062
10 0 10 10 -0.0010811
10 1 0 0 0.0359917
10 1 1 0 0.0008629
10 1 1 1 0.0339845
10 1 2 0 0.0000000
10 1 2 1 0.0000000
10 1 2 2 0.0277763
10 1 3 0 -0.0006593
10 1 3 1 -0.0064336
10 1 3 2 -0.0000000
10 1 3 3 0.0288345
10 1 4 0 0.0001452
10 1 4 1 -0.0028794
10 1 4 2 -0.0000000
10 1 4 3 -0.0020538
10 1 4 4 0.0270767
10 1 5 0 -0.0011531
10 1 5 1 -0.0112338
10 1 5 2 -0.0000000
10 1 5 3 0.0007226
10 1 5 4 -0.0057556
10 1 5 5 0.0318585
10 1 6 0 0.0000000
10 1 6 1 0.0000000
10 1 6 2 0.0004412
10 1 6 3 -0.0000000
10 1 6 4 0.0000000
10 1 6 5 -0.0000000
10 1 6 6 0.0280113
10 1 7 0 0.0008799
10 1 7 1 -0.0021011
10 1 7 2 -0.0000000
10 1 7 3 -0.0017291
10 1 7 4 -0.0019551
10 1 7 5 -0.0048936
10 1 7 6 0.0000000
10 1 7 7 0.0003991
10 1 8 0 -0.0000000
10 1 8 1 -0.0000000
10 1 8 2 0.0121735
10 1 8 3 -0.0000000
10 1 8 4 0.0000000
10 1 8 5 -0.0000000
10 1 8 6 -0.0097434
10 1 8 7 0.0000000
10 1 8 8 -0.0086225
10 1 9 0 -0.0001254
10 1 9 1 -0.0001761
10 1 9 2 -0.0000000
10 1 9 3 0.0029976
10 1 9 4 0.0045901
10 1 9 5 0.0009608
10 1 9 6 0.0000000
10 1 9 7 0.0002848
10 1 9 8 0.0000000
10 1 9 9 -0.0419054
10 1 10 0 0.0005144
10 1 10 1 0.0288368
10 1 10 2 0.0000000
10 1 10 3 0.0157593
10 1 10 4 0.0153300
10 1 10 5 0.0161940
10 1 10 6 0.0000000
10 1 10 7 -0.0005130
10 1 10 8 0.0000000
10 1 10 9 0.0002084
10 1 10 10 -0.0577788
10 2 0 0 0.0000000
10 2 1 0 0.0000000
10 2 1 1 0.0000000
10 2 2 0 -0.0006414
10 2 2 1 0.0003794
10 2 2 2 0.0000000
10 2 3 0 -0.0000000
10 2 3 1 -0.0000000
10 2 3 2 0.0006726
10 2 3 3 0.0000000
10 2 4 0 0.0000000
10 2 4 1 0.0000000
10 2 4 2 -0.0005620
10 2 4 3 -0.0000000
10 2 4 4 0.0000000
10 2 5 0 -0.0000000
10 2 5 1 -0.0000000
10 2 5 2 0.0016651
10 2 5 3 0.0000000
10 2 5 4 -0.0000000
10 2 5 5 0.0000000
10 2 6 0 -0.0009744
10 2 6 1 -0.0015030
10 2 6 2 -0.0000000
10 2 6 3 0.0019434
10 2 6 4 0.0003257
10 2 6 5 -0.0005749
10 2 6 6 0.0000000
10 2 7 0 0.0000000
10 2 7 1 -0.0000000
10 2 7 2 0.0032348
10 2 7 3 -0.0000000
10 2 7 4 -0.0000000
10 2 7 5 -0.0000000
10 2 7 6 0.0032097
10 2 7 7 -0.0000000
10 2 8 0 0.0000884
10 2 8 1 -0.0010614
10 2 8 2 0.0000000
10 2 8 3 -0.0034079
10 2 8 4 -0.0045560
10 2 8 5 -0.0019351
10 2 8 6 -0.0000000
10 2 8 7 -0.0006906
10 2 8 8 -0.0000000
10 2 9 0 -0.0000000
10 2 9 1 -0.0000000
10 2 9 2 0.0004722
10 2 9 3 0.0000000
10 2 9 4 0.0000000
10 2 9 5 -0.0000000
10 2 9 6 -0.0005604
10 2 9 7 0.0000000
10 2 9 8 -0.0009324
10 2 9 9 -0.0000000
10 2 10 0 0.0000000
10 2 10 1 0.0000000
10 2 10 2 0.0070956
10 2 10 3 0.0000000
10 2 10 4 0.0000000
10 2 10 5 0.0000000
10 2 10 6 -0.0042619
10 2 10 7 -0.0000000
10 2 10 8 -0.0232421
10 2 10 9 0.0000000
10 2 10 10 -0.0000000
10 3 0 0 0.0098959
10 3 1 0 -0.0005633
10 3 1 1 0.0150631
10 3 2 0 -0.0000000
10 3 2 1 0.0000000
10 3 2 2 0.0090863
10 3 3 0 0.0003011
10 3 3 1 0.0071665
10 3 3 2 0.0000000
10 3 3 3 0.0128534
10 3 4 0 0.0000181
10 3 4 1 0.0042341
10 3 4 2 0.0000000
10 3 4 3 0.0057533
10 3 4 4 0.0162544
10 3 5 0 0.0009378
10 3 5 1 0.0012226
10 3 5 2 -0.0000000
10 3 5 3 -0.0007743
10 3 5 4 0.0033458
10 3 5 5 0.0091595
10 3 6 0 -0.0000000
10 3 6 1 0.0000000
10 3 6 2 0.0010233
10 3 6 3 0.0000000
10 3 6 4 0.0000000
10 3 6 5 0.0000000
10 3 6 6 0.0103171
10 3 7 0 -0.0005247
10 3 7 1 -0.0028545
10 3 7 2 -0.0000000
10 3 7 3 -0.0004654
10 3 7 4 -0.0063913
10 3 7 5 -0.0018788
10 3 7 6 -0.0000000
10 3 7 7 0.0113180
10 3 8 0 -0.0000000
10 3 8 1 -0.0000000
10 3 8 2 0.0019044
10 3 8 3 0.0000000
10 3 8 4 0.0000000
10 3 8 5 -0.0000000
10 3 8 6 -0.0018921
10 3 8 7 0.0000000
10 3 8 8 0.0110002
10 3 9 0 -0.0000299
10 3 9 1 0.0010206
10 3 9 2 0.0000000
10 3 9 3 0.0023340
10 3 9 4 0.0032872
10 3 9 5 0.0010833
10 3 9 6 0.0000000
10 3 9 7 -0.0002293
10 3 9 8 0.0000000
10 3 9 9 -0.0033232
10 3 10 0 -0.0001306
10 3 10 1 0.0157593
10 3 10 2 0.0000000
10 3 10 3 0.0143423
10 3 10 4 0.0124827
10 3 10 5 0.0102433
10 3 10 6 0.0000000
10 3 10 7 -0.0121355
10 3 10 8 0.0000000
10 3 10 9 0.0017960
10 3 10 10 -0.0152821
10 4 0 0 0.0115111
10 4 1 0 0.0008744
10 4 1 1 0.0255827
10 4 2 0 0.0000000
10 4 2 1 0.0000000
10 4 2 2 0.0095863
10 4 3 0 0.0003404
10 4 3 1 0.0086138
10 4 3 2 -0.0000000
10 4 3 3 0.0165521
10 4 4 0 -0.0008576
10 4 4 1 0.0094320
10 4 4 2 0.0000000
10 4 4 3 0.0115974
10 4 4 4 0.0174654
10 4 5 0 -0.0019185
10 4 5 1 -0.0032513
10 4 5 2 0.0000000
10 4 5 3 0.0057067
10 4 5 4 0.0042258
10 4 5 5 0.0171789
10 4 6 0 0.0000000
10 4 6 1 0.0000000
10 4 6 2 -0.0003733
10 4 6 3 0.0000000
10 4 6 4 0.0000000
10 4 6 5 -0.0000000
10 4 6 6 0.0072449
10 4 7 0 0.0005355
10 4 7 1 -0.0024687
10 4 7 2 -0.0000000
10 4 7 3 -0.0066879
10 4 7 4 -0.0004139
10 4 7 5 0.0009284
10 4 7 6 -0.0000000
10 4 7 7 0.0166085
10 4 8 0 0.0000000
10 4 8 1 0.0000000
10 4 8 2 -0.0006053
10 4 8 3 -0.0000000
10 4 8 4 -0.0000000
10 4 8 5 0.0000000
10 4 8 6 0.0007305
10 4 8 7 -0.0000000
10 4 8 8 0.0224065
10 4 9 0 -0.0000371
10 4 9 1 0.0014932
10 4 9 2 0.0000000
10 4 9 3 0.0026721
10 4 9 4 0.0034836
10 4 9 5 0.0015761
10 4 9 6 0.0000000
10 4 9 7 -0.0001517
10 4 9 8 -0.0000000
10 4 9 9 0.0112262
10 4 10 0 0.0001361
10 4 10 1 0.0153300
10 4 10 2 0.0000000
10 4 10 3 0.0124827
10 4 10 4 0.0144411
10 4 10 5 0.0098538
10 4 10 6 -0.0000000
10 4 10 7 -0.0096688
10 4 10 8 -0.0000000
10 4 10 9 0.0026284
10 4 10 10 -0.0048099
10 5 0 0 0.0073304
10 5 1 0 -0.0003612
10 5 1 1 0.0101284
10 5 2 0 -0.0000000
10 5 2 1 -0.0000000
10 5 2 2 0.0116373
10 5 3 0 0.0015928
10 5 3 1 0.0023667
10 5 3 2 0.0000000
10 5 3 3 0.0027652
10 5 4 0 -0.0012919
10 5 4 1 -0.0053756
10 5 4 2 0.0000000
10 5 4 3 0.0054154
10 5 4 4 0.0096616
10 5 5 0 -0.0004244
10 5 5 1 0.0008335
10 5 5 2 -0.0000000
10 5 5 3 -0.0048662
10 5 5 4 -0.0032621
10 5 5 5 0.0116176
10 5 6 0 -0.0000000
10 5 6 1 -0.0000000
10 5 6 2 -0.0038941
10 5 6 3 0.0000000
10 5 6 4 -0.0000000
10 5 6 5 0.0000000
10 5 6 6 0.0127861
10 5 7 0 -0.0009470
10 5 7 1 -0.0032760
10 5 7 2 0.0000000
10 5 7 3 0.0004081
10 5 7 4 0.0022585
10 5 7 5 0.0037325
10 5 7 6 0.0000000
10 5 7 7 -0.0001792
10 5 8 0 -0.0000000
10 5 8 1 -0.0000000
10 5 8 2 0.0064740
10 5 8 3 -0.0000000
10 5 8 4 0.0000000
10 5 8 5 -0.0000000
10 5 8 6 -0.0059804
10 5 8 7 0.0000000
10 5 8 8 -0.0010269
10 5 9 0 -0.0000429
10 5 9 1 0.0002978
10 5 9 2 -0.0000000
10 5 9 3 0.0020159
10 5 9 4 0.0032629
10 5 9 5 0.0005029
10 5 9 6 0.0000000
10 5 9 7 0.0002005
10 5 9 8 0.0000000
10 5 9 9 -0.0305035
10 5 10 0 -0.0001320
10 5 10 1 0.0161940
10 5 10 2 0.0000000
10 5 10 3 0.0102433
10 5 10 4 0.0098538
10 5 10 5 0.0131043
10 5 10 6 0.0000000
10 5 10 7 0.0018105
10 5 10 8 0.0000000
10 5 10 9 -0.0009291
10 5 10 10 -0.0371760
10 6 0 0 0.0000000
10 6 1 0 0.0000000
10 6 1 1 0.0000000
10 6 2 0 -0.0012967
10 6 2 1 -0.0075884
10 6 2 2 -0.0000000
10 6 3 0 -0.0000000
10 6 3 1 0.0000000
10 6 3 2 0.0058864
10 6 3 3 0.0000000
10 6 4 0 0.0000000
10 6 4 1 0.0000000
10 6 4 2 0.0054061
10 6 4 3 0.0000000
10 6 4 4 0.0000000
10 6 5 0 -0.0000000
10 6 5 1 0.0000000
10 6 5 2 -0.0028382
10 6 5 3 0.0000000
10 6 5 4 -0.0000000
10 6 5 5 0.0000000
10 6 6 0 -0.0019757
10 6 6 1 0.0028656
10 6 6 2 0.0000000
10 6 6 3 0.0013757
10 6 6 4 -0.0073200
10 6 6 5 0.0077815
10 6 6 6 -0.0000000
10 6 7 0 0.0000000
10 6 7 1 -0.0000000
10 6 7 2 0.0043490
10 6 7 3 -0.0000000
10 6 7 4 -0.0000000
10 6 7 5 0.0000000
10 6 7 6 0.0047390
10 6 7 7 0.0000000
10 6 8 0 -0.0000969
10 6 8 1 -0.0026292
10 6 8 2 -0.0000000
10 6 8 3 0.0018688
10 6 8 4 0.0042001
10 6 8 5 -0.0010727
10 6 8 6 0.0000000
10 6 8 7 0.0013404
10 6 8 8 0.0000000
10 6 9 0 0.0000000
10 6 9 1 0.0000000
10 6 9 2 -0.0002932
10 6 9 3 0.0000000
10 6 9 4 -0.0000000
10 6 9 5 0.0000000
10 6 9 6 0.0002637
10 6 9 7 -0.0000000
10 6 9 8 0.0014137
10 6 9 9 0.0000000
10 6 10 0 0.0000000
10 6 10 1 0.0000000
10 6 10 2 -0.0042619
10 6 10 3 0.0000000
10 6 10 4 -0.0000000
10 6 10 5 0.0000000
10 6 10 6 0.0055772
10 6 10 7 -0.0000000
10 6 10 8 0.0151830
10 6 10 9 0.0000000
10 6 10 10 0.0000000
10 7 0 0 0.0551890
10 7 1 0 -0.0023349
10 7 1 1 -0.0121306
10 7 2 0 -0.0000000
10 7 2 1 -0.0000000
10 7 2 2 0.0113222
10 7 3 0 0.0020261
10 7 3 1 -0.0086972
10 7 3 2 0.0000000
10 7 3 3 0.0046767
10 7 4 0 -0.0004969
10 7 4 1 -0.0111740
10 7 4 2 -0.0000000
10 7 4 3 -0.0259385
10 7 4 4 -0.0021589
10 7 5 0 0.0030212
10 7 5 1 -0.0164488
10 7 5 2 0.0000000
10 7 5 3 -0.0106708
10 7 5 4 0.0059179
10 7 5 5 0.0093394
10 7 6 0 -0.0000000
10 7 6 1 -0.0000000
10 7 6 2 0.0229064
10 7 6 3 -0.0000000
10 7 6 4 -0.0000000
10 7 6 5 0.0000000
10 7 6 6 0.0153813
10 7 7 0 -0.0023922
10 7 7 1 0.0074090
10 7 7 2 0.0000000
10 7 7 3 0.0211940
10 7 7 4 0.0176754
10 7 7 5 0.0093500
10 7 7 6 0.0000000
10 7 7 7 0.0054839
10 7 8 0 0.0000000
10 7 8 1 -0.0000000
10 7 8 2 0.0057250
10 7 8 3 -0.0000000
10 7 8 4 0.0000000
10 7 8 5 -0.0000000
10 7 8 6 -0.0005668
10 7 8 7 0.0000000
10 7 8 8 -0.0340622
10 7 9 0 -0.0000872
10 7 9 1 0.0001152
10 7 9 2 -0.0000000
10 7 9 3 0.0004971
10 7 9 4 0.0013611
10 7 9 5 0.0005030
10 7 9 6 0.0000000
10 7 9 7 0.0002960
10 7 9 8 -0.0000000
10 7 9 9 -0.0632205
10 7 10 0 0.0000176
10 7 10 1 -0.0005130
10 7 10 2 -0.0000000
10 7 10 3 -0.0121355
10 7 10 4 -0.0096688
10 7 10 5 0.0018105
10 7 10 6 -0.0000000
10 7 10 7 0.0750994
10 7 10 8 -0.0000000
10 7 10 9 -0.0038251
10 7 10 10 -0.0676362
10 8 0 0 0.0000000
10 8 1 0 -0.0000000
10 8 1 1 -0.0000000
10 8 2 0 0.0010418
10 8 2 1 0.0234427
10 8 2 2 0.0000000
10 8 3 0 -0.0000000
10 8 3 1 -0.0000000
10 8 3 2 -0.0131238
10 8 3 3 0.0000000
10 8 4 0 -0.0000000
10 8 4 1 0.0000000
10 8 4 2 -0.0240954
10 8 4 3 0.0000000
10 8 4 4 -0.0000000
10 8 5 0 0.0000000
10 8 5 1 -0.0000000
10 8 5 2 0.0121218
10 8 5 3 -0.0000000
10 8 5 4 0.0000000
10 8 5 5 -0.0000000
10 8 6 0 0.0012925
10 8 6 1 -0.0164917
10 8 6 2 -0.0000000
10 8 6 3 0.0052828
10 8 6 4 0.0247841
10 8 6 5 -0.0244740
10 8 6 6 0.0000000
10 8 7 0 -0.0000000
10 8 7 1 0.0000000
10 8 7 2 -0.0049218
10 8 7 3 0.0000000
10 8 7 4 -0.0000000
10 8 7 5 0.0000000
10 8 7 6 0.0012603
10 8 7 7 -0.0000000
10 8 8 0 -0.0004877
10 8 8 1 0.0265080
10 8 8 2 0.0000000
10 8 8 3 0.0210593
10 8 8 4 0.0186390
10 8 8 5 0.0260210
10 8 8 6 -0.0000000
10 8 8 7 -0.0012069
10 8 8 8 -0.0000000
10 8 9 0 -0.0000000
10 8 9 1 0.0000000
10 8 9 2 -0.0025961
10 8 9 3 0.0000000
10 8 9 4 -0.0000000
10 8 9 5 0.0000000
10 8 9 6 0.0032465
10 8 9 7 -0.0000000
10 8 9 8 -0.0000315
10 8 9 9 -0.0000000
10 8 10 0 -0.0000000
10 8 10 1 0.0000000
10 8 10 2 -0.0232421
10 8 10 3 0.0000000
10 8 10 4 -0.0000000
10 8 10 5 0.0000000
10 8 10 6 0.0151830
10 8 10 7 -0.0000000
10 8 10 8 0.1090353
10 8 10 9 -0.0000000
10 8 10 10 -0.0000000
10 9 0 0 0.0125057
10 9 1 0 0.0001935
10 9 1 1 0.0303451
10 9 2 0 0.0000000
10 9 2 1 0.0000000
10 9 2 2 0.0137027
10 9 3 0 0.0002124
10 9 3 1 0.0167831
10 9 3 2 0.0000000
10 9 3 3 0.0252887
10 9 4 0 -0.0004205
10 9 4 1 0.0168275
10 9 4 2 0.0000000
10 9 4 3 0.0194297
10 9 4 4 0.0313503
10 9 5 0 -0.0005735
10 9 5 1 0.0058350
10 9 5 2 0.0000000
10 9 5 3 0.0088486
10 9 5 4 0.0112393
10 9 5 5 0.0198617
10 9 6 0 -0.0000000
10 9 6 1 0.0000000
10 9 6 2 -0.0027635
10 9 6 3 0.0000000
10 9 6 4 0.0000000
10 9 6 5 0.0000000
10 9 6 6 0.0123639
10 9 7 0 0.0001063
10 9 7 1 0.0008078
10 9 7 2 -0.0000000
10 9 7 3 -0.0029777
10 9 7 4 0.0007255
10 9 7 5 0.0019597
10 9 7 6 -0.0000000
10 9 7 7 0.0335517
10 9 8 0 -0.0000000
10 9 8 1 0.0000000
10 9 8 2 -0.0096779
10 9 8 3 0.0000000
10 9 8 4 -0.0000000
10 9 8 5 0.0000000
10 9 8 6 0.0088099
10 9 8 7 -0.0000000
10 9 8 8 0.0496115
10 9 9 0 0.0002723
10 9 9 1 -0.0075701
10 9 9 2 -0.0000000
10 9 9 3 -0.0130534
10 9 9 4 -0.0181422
10 9 9 5 -0.0058069
10 9 9 6 -0.0000000
10 9 9 7 -0.0036628
10 9 9 8 0.0000000
10 9 9 9 0.3648281
10 9 10 0 -0.0000062
10 9 10 1 0.0002084
10 9 10 2 0.0000000
10 9 10 3 0.0017960
10 9 10 4 0.0026284
10 9 10 5 -0.0009291
10 9 10 6 0.0000000
10 9 10 7 -0.0038251
10 9 10 8 -0.0000000
10 9 10 9 0.0530067
10 9 10 10 0.0389062
10 10 0 0 0.2902864
10 10 1 0 0.0020257
10 10 1 1 0.4187047
10 10 2 0 0.0000000
10 10 2 1 0.0000000
10 10 2 2 0.3098594
10 10 3 0 0.0016783
10 10 3 1 0.0865926
10 10 3 2 0.0000000
10 10 3 3 0.3407016
10 10 4 0 -0.0027836
10 10 4 1 0.0737642
10 10 4 2 0.0000000
10 10 4 3 0.1029668
10 10 4 4 0.3722424
10 10 5 0 -0.0045172
10 10 5 1 0.0471918
10 10 5 2 -0.0000000
10 10 5 3 0.0513229
10 10 5 4 0.0407914
10 10 5 5 0.3550518
10 10 6 0 -0.0000000
10 10 6 1 0.0000000
10 10 6 2 -0.0398310
10 10 6 3 0.0000000
10 10 6 4 0.0000000
10 10 6 5 -0.0000000
10 10 6 6 0.3057638
10 10 7 0 0.0014484
10 10 7 1 -0.0024156
10 10 7 2 -0.0000000
10 10 7 3 -0.0386539
10 10 7 4 -0.0045986
10 10 7 5 0.0069449
10 10 7 6 -0.0000000
10 10 7 7 0.4644444
10 10 8 0 -0.0000000
10 10 8 1 0.0000000
10 10 8 2 -0.0663062
10 10 8 3 0.0000000
10 10 8 4 -0.0000000
10 10 8 5 0.0000000
10 10 8 6 0.0490609
10 10 8 7 -0.0000000
10 10 8 8 0.6110800
10 10 9 0 0.0005270
10 10 9 1 0.0013193
10 10 9 2 0.0000000
10 10 9 3 -0.0096767
10 10 9 4 -0.0159148
10 10 9 5 -0.0014973
10 10 9 6 -0.0000000
10 10 9 7 -0.0004443
10 10 9 8 0.0000000
10 10 9 9 0.8412151
10 10 10 0 -0.0010811
10 10 10 1 -0.0577788
10 10 10 2 -0.0000000
10 10 10 3 -0.0152821
10 10 10 4 -0.0048099
10 10 10 5 -0.0371760
10 10 10 6 0.0000000
10 10 10 7 -0.0676362
10 10 10 8 -0.0000000
10 10 10 9 0.0389062
10 10 10 10 0.7072814
11 0 0 0 -0.0814073
11 0 1 0 0.0029349
11 0 1 1 -0.0058043
11 0 2 0 0.0000000
11 0 2 1 -0.0000000
11 0 2 2 -0.0007950
11 0 3 0 -0.0034906
11 0 3 1 0.0051234
11 0 3 2 0.0000000
11 0 3 3 -0.0064739
11 0 4 0 0.0016682
11 0 4 1 -0.0023083
11 0 4 2 -0.0000000
11 0 4 3 0.0017146
11 0 4 4 -0.0017891
11 0 5 0 -0.0056891
11 0 5 1 0.0045053
11 0 5 2 0.0000000
11 0 5 3 -0.0065376
11 0 5 4 0.0036363
11 0 5 5 -0.0059070
11 0 6 0 0.0000000
11 0 6 1 -0.0000000
11 0 6 2 0.0016632
11 0 6 3 0.0000000
11 0 6 4 -0.0000000
11 0 6 5 0.0000000
11 0 6 6 0.0006729
11 0 7 0 -0.0111502
11 0 7 1 -0.0012340
11 0 7 2 0.0000000
11 0 7 3 0.0028100
11 0 7 4 -0.0009525
11 0 7 5 0.0034921
11 0 7 6 -0.0000000
11 0 7 7 0.0064562
11 0 8 0 0.0000000
11 0 8 1 0.0000000
11 0 8 2 -0.0001566
11 0 8 3 0.0000000
11 0 8 4 -0.0000000
11 0 8 5 0.0000000
11 0 8 6 0.0002299
11 0 8 7 -0.0000000
11 0 8 8 -0.0008670
11 0 9 0 0.0001216
11 0 9 1 0.0000840
11 0 9 2 0.0000000
11 0 9 3 -0.0000772
11 0 9 4 0.0000085
11 0 9 5 -0.0000583
11 0 9 6 0.0000000
11 0 9 7 -0.0000477
11 0 9 8 -0.0000000
11 0 9 9 -0.0008083
11 0 10 0 -0.0026946
11 0 10 1 -0.0010415
11 0 10 2 -0.0000000
11 0 10 3 0.0005896
11 0 10 4 -0.0004837
11 0 10 5 0.0009619
11 0 10 6 -0.0000000
11 0 10 7 0.0020205
11 0 10 8 0.0000000
11 0 10 9 0.0000022
11 0 10 10 -0.0005736
11 0 11 0 0.0110535
11 0 11 1 0.0030328
11 0 11 2 0.0000000
11 0 11 3 -0.0024013
11 0 11 4 0.0014467
11 0 11 5 -0.0040807
11 0 11 6 0.0000000
11 0 11 7 -0.0071510
11 0 11 8 0.0000000
11 0 11 9 -0.0000722
11 0 11 10 -0.0010742
11 0 11 11 0.0067934
11 1 0 0 -0.0073695
11 1 1 0 -0.0014279
11 1 1 1 -0.0008836
11 1 2 0 0.0000000
11 1 2 1 0.0000000
11 1 2 2 0.0021998
11 1 3 0 0.0042792
11 1 3 1 0.0212616
11 1 3 2 0.0000000
11 1 3 3 -0.0141508
11 1 4 0 -0.0031167
11 1 4 1 -0.0032460
11 1 4 2 0.0000000
11 1 4 3 0.0134779
11 1 4 4 0.0006916
11 1 5 0 -0.0001658
11 1 5 1 0.0055013
11 1 5 2 -0.0000000
11 1 5 3 -0.0118449
11 1 5 4 0.0093603
11 1 5 5 0.0023976
11 1 6 0 -0.0000000
11 1 6 1 -0.0000000
11 1 6 2 0.0013176
11 1 6 3 0.0000000
11 1 6 4 -0.0000000
11 1 6 5 0.0000000
11 1 6 6 0.0005600
11 1 7 0 -0.0028652
11 1 7 1 0.0041216
11 1 7 2 0.0000000
11 1 7 3 0.0133289
11 1 7 4 0.0171693
11 1 7 5 0.0206951
11 1 7 6 0.0000000
11 1 7 7 0.0122530
11 1 8 0 -0.0000000
11 1 8 1 -0.0000000
11 1 8 2 0.0000423
11 1 8 3 0.0000000
11 1 8 4 -0.0000000
11 1 8 5 0.0000000
11 1 8 6 0.0016736
11 1 8 7 0.0000000
11 1 8 8 0.0088284
11 1 9 0 0.0000467
11 1 9 1 0.0009594
11 1 9 2 0.0000000
11 1 9 3 0.0002904
11 1 9 4 0.0011525
11 1 9 5 0.0004761
11 1 9 6 0.0000000
11 1 9 7 0.0006780
11 1 9 8 0.0000000
11 1 9 9 0.0076776
11 1 10 0 -0.0007312
11 1 10 1 -0.0022151
11 1 10 2 -0.0000000
11 1 10 3 0.0012792
11 1 10 4 0.0014169
11 1 10 5 0.0066332
11 1 10 6 -0.0000000
11 1 10 7 0.0147398
11 1 10 8 0.0000000
11 1 10 9 0.0020893
11 1 10 10 -0.0128404
11 1 11 0 0.0030328
11 1 11 1 0.0313073
11 1 11 2 0.0000000
11 1 11 3 0.0109645
11 1 11 4 0.0087486
11 1 11 5 -0.0117355
11 1 11 6 0.0000000
11 1 11 7 0.0006783
11 1 11 8 0.0000000
11 1 11 9 0.0002171
11 1 11 10 0.0081991
11 1 11 11 0.0214282
11 2 0 0 0.0000000
11 2 1 0 -0.0000000
11 2 1 1 -0.0000000
11 2 2 0 0.0043261
11 2 2 1 0.0148204
11 2 2 2 0.0000000
11 2 3 0 0.0000000
11 2 3 1 0.0000000
11 2 3 2 -0.0128435
11 2 3 3 0.0000000
11 2 4 0 -0.0000000
11 2 4 1 0.0000000
11 2 4 2 -0.0087932
11 2 4 3 0.0000000
11 2 4 4 -0.0000000
11 2 5 0 0.0000000
11 2 5 1 -0.0000000
11 2 5 2 -0.0015972
11 2 5 3 -0.0000000
11 2 5 4 0.0000000
11 2 5 5 -0.0000000
11 2 6 0 0.0065202
11 2 6 1 0.0014764
11 2 6 2 -0.0000000
11 2 6 3 -0.0083202
11 2 6 4 0.0100448
11 2 6 5 -0.0128641
11 2 6 6 0.0000000
11 2 7 0 -0.0000000
11 2 7 1 0.0000000
11 2 7 2 -0.0155024
11 2 7 3 0.0000000
11 2 7 4 0.0000000
11 2 7 5 -0.0000000
11 2 7 6 -0.0181316
11 2 7 7 0.0000000
11 2 8 0 0.0001311
11 2 8 1 0.0037516
11 2 8 2 0.0000000
11 2 8 3 -0.0000685
11 2 8 4 -0.0028930
11 2 8 5 0.0008328
11 2 8 6 -0.0000000
11 2 8 7 -0.0036998
11 2 8 8 0.0000000
11 2 9 0 -0.0000000
11 2 9 1 0.0000000
11 2 9 2 -0.0000464
11 2 9 3 0.0000000
11 2 9 4 0.0000000
11 2 9 5 0.0000000
11 2 9 6 0.0000616
11 2 9 7 0.0000000
11 2 9 8 -0.0005441
11 2 9 9 0.0000000
11 2 10 0 -0.0000000
11 2 10 1 0.0000000
11 2 10 2 -0.0019449
11 2 10 3 -0.0000000
11 2 10 4 0.0000000
11 2 10 5 0.0000000
11 2 10 6 -0.0054199
11 2 10 7 0.0000000
11 2 10 8 -0.0038280
11 2 10 9 0.0000000
11 2 10 10 -0.0000000
11 2 11 0 0.0000000
11 2 11 1 0.0000000
11 2 11 2 0.0189316
11 2 11 3 0.0000000
11 2 11 4 -0.0000000
11 2 11 5 0.0000000
11 2 11 6 0.0166149
11 2 11 7 0.0000000
11 2 11 8 -0.0009808
11 2 11 9 0.0000000
11 2 11 10 0.0000000
11 2 11 11 0.0000000
11 3 0 0 0.0192811
11 3 1 0 0.0033035
11 3 1 1 0.0319573
11 3 2 0 0.0000000
11 3 2 1 0.0000000
11 3 2 2 0.0117395
11 3 3 0 0.0003355
11 3 3 1 -0.0011074
11 3 3 2 -0.0000000
11 3 3 3 0.0137117
11 3 4 0 -0.0021521
11 3 4 1 0.0030776
11 3 4 2 0.0000000
11 3 4 3 0.0073974
11 3 4 4 0.0091794
11 3 5 0 -0.0067535
11 3 5 1 -0.0151716
11 3 5 2 -0.0000000
11 3 5 3 0.0089166
11 3 5 4 -0.0032133
11 3 5 5 0.0320365
11 3 6 0 0.0000000
11 3 6 1 0.0000000
11 3 6 2 -0.0048865
11 3 6 3 0.0000000
11 3 6 4 0.0000000
11 3 6 5 -0.0000000
11 3 6 6 0.0055050
11 3 7 0 0.0022833
11 3 7 1 0.0077701
11 3 7 2 -0.0000000
11 3 7 3 -0.0053120
11 3 7 4 0.0220635
11 3 7 5 0.0103744
11 3 7 6 0.0000000
11 3 7 7 0.0010173
11 3 8 0 -0.0000000
11 3 8 1 -0.0000000
11 3 8 2 0.0033237
11 3 8 3 -0.0000000
11 3 8 4 0.0000000
11 3 8 5 -0.0000000
11 3 8 6 -0.0013026
11 3 8 7 0.0000000
11 3 8 8 0.0082816
11 3 9 0 -0.0000662
11 3 9 1 0.0001529
11 3 9 2 -0.0000000
11 3 9 3 0.0009418
11 3 9 4 0.0014774
11 3 9 5 0.0007790
11 3 9 6 0.0000000
11 3 9 7 0.0012376
11 3 9 8 0.0000000
11 3 9 9 -0.0025895
11 3 10 0 0.0007356
11 3 10 1 0.0061012
11 3 10 2 0.0000000
11 3 10 3 -0.0024162
11 3 10 4 0.0044211
11 3 10 5 0.0045012
11 3 10 6 0.0000000
11 3 10 7 0.0091417
11 3 10 8 0.0000000
11 3 10 9 0.0001196
11 3 10 10 -0.0132783
11 3 11 0 -0.0024013
11 3 11 1 0.0109645
11 3 11 2 0.0000000
11 3 11 3 0.0262200
11 3 11 4 -0.0024573
11 3 11 5 -0.0018761
11 3 11 6 -0.0000000
11 3 11 7 0.0070549
11 3 11 8 0.0000000
11 3 11 9 0.0008088
11 3 11 10 0.0046099
11 3 11 11 0.0116865
11 4 0 0 0.0011570
11 4 1 0 -0.0025707
11 4 1 1 -0.0134984
11 4 2 0 -0.0000000
11 4 2 1 -0.0000000
11 4 2 2 -0.0067242
11 4 3 0 -0.0010985
11 4 3 1 0.0041152
11 4 3 2 0.0000000
11 4 3 3 0.0032337
11 4 4 0 0.0025152
11 4 4 1 0.0027926
11 4 4 2 -0.0000000
11 4 4 3 -0.0102704
11 4 4 4 0.0027192
11 4 5 0 0.0057575
11 4 5 1 0.0064753
11 4 5 2 0.0000000
11 4 5 3 -0.0064053
11 4 5 4 0.0068925
11 4 5 5 -0.0148303
11 4 6 0 -0.0000000
11 4 6 1 -0.0000000
11 4 6 2 0.0071474
11 4 6 3 0.0000000
11 4 6 4 -0.0000000
11 4 6 5 0.0000000
11 4 6 6 -0.0004938
11 4 7 0 -0.0015581
11 4 7 1 0.0108010
11 4 7 2 0.0000000
11 4 7 3 0.0206114
11 4 7 4 0.0012683
11 4 7 5 -0.0011756
11 4 7 6 0.0000000
11 4 7 7 0.0069107
11 4 8 0 -0.0000000
11 4 8 1 -0.0000000
11 4 8 2 -0.0019809
11 4 8 3 -0.0000000
11 4 8 4 -0.0000000
11 4 8 5 -0.0000000
11 4 8 6 0.0017548
11 4 8 7 -0.0000000
11 4 8 8 -0.0033060
11 4 9 0 0.0000246
11 4 9 1 0.0009505
11 4 9 2 0.0000000
11 4 9 3 0.0003846
11 4 9 4 0.0009593
11 4 9 5 0.0005637
11 4 9 6 -0.0000000
11 4 9 7 0.0013785
11 4 9 8 0.0000000
11 4 9 9 -0.0055969
11 4 10 0 -0.0003214
11 4 10 1 0.0004012
11 4 10 2 0.0000000
11 4 10 3 0.0011561
11 4 10 4 -0.0030252
11 4 10 5 0.0001126
11 4 10 6 -0.0000000
11 4 10 7 0.0173687
11 4 10 8 -0.0000000
11 4 10 9 0.0004623
11 4 10 10 -0.0177501
11 4 11 0 0.0014467
11 4 11 1 0.0087486
11 4 11 2 -0.0000000
11 4 11 3 -0.0024573
11 4 11 4 0.0218188
11 4 11 5 0.0110778
11 4 11 6 -0.0000000
11 4 11 7 -0.0021891
11 4 11 8 -0.0000000
11 4 11 9 0.0011285
11 4 11 10 0.0087057
11 4 11 11 0.0103407
11 5 0 0 -0.0124884
11 5 1 0 0.0014136
11 5 1 1 -0.0025082
11 5 2 0 0.0000000
11 5 2 1 0.0000000
11 5 2 2 -0.0047713
11 5 3 0 -0.0070675
11 5 3 1 -0.0144298
11 5 3 2 -0.0000000
11 5 3 3 0.0158451
11 5 4 0 0.0057392
11 5 4 1 0.0067030
11 5 4 2 -0.0000000
11 5 4 3 -0.0127216
11 5 4 4 0.0048779
11 5 5 0 0.0017967
11 5 5 1 0.0020658
11 5 5 2 0.0000000
11 5 5 3 0.0108101
11 5 5 4 -0.0085725
11 5 5 5 -0.0123915
11 5 6 0 0.0000000
11 5 6 1 0.0000000
11 5 6 2 -0.0030034
11 5 6 3 -0.0000000
11 5 6 4 0.0000000
11 5 6 5 -0.0000000
11 5 6 6 -0.0044387
11 5 7 0 0.0037649
11 5 7 1 0.0112271
11 5 7 2 -0.0000000
11 5 7 3 0.0058712
11 5 7 4 -0.0047510
11 5 7 5 -0.0179277
11 5 7 6 -0.0000000
11 5 7 7 -0.0138322
11 5 8 0 0.0000000
11 5 8 1 0.0000000
11 5 8 2 -0.0004930
11 5 8 3 0.0000000
11 5 8 4 0.0000000
11 5 8 5 0.0000000
11 5 8 6 -0.0008056
11 5 8 7 0.0000000
11 5 8 8 -0.0038113
11 5 9 0 -0.0000249
11 5 9 1 0.0001469
11 5 9 2 -0.0000000
11 5 9 3 0.0004351
11 5 9 4 0.0004484
11 5 9 5 0.0002748
11 5 9 6 0.0000000
11 5 9 7 0.0007719
11 5 9 8 -0.0000000
11 5 9 9 -0.0056473
11 5 10 0 0.0009542
11 5 10 1 0.0054097
11 5 10 2 -0.0000000
11 5 10 3 0.0014188
11 5 10 4 -0.0004296
11 5 10 5 -0.0036695
11 5 10 6 -0.0000000
11 5 10 7 -0.0000838
11 5 10 8 0.0000000
11 5 10 9 0.0001097
11 5 10 10 -0.0109916
11 5 11 0 -0.0040807
11 5 11 1 -0.0117355
11 5 11 2 0.0000000
11 5 11 3 -0.0018761
11 5 11 4 0.0110778
11 5 11 5 0.0257939
11 5 11 6 0.0000000
11 5 11 7 0.0124342
11 5 11 8 0.0000000
11 5 11 9 0.0009175
11 5 11 10 0.0026776
11 5 11 11 -0.0173920
11 6 0 0 0.0000000
11 6 1 0 -0.0000000
11 6 1 1 -0.0000000
11 6 2 0 0.0056545
11 6 2 1 0.0164847
11 6 2 2 0.0000000
11 6 3 0 0.0000000
11 6 3 1 0.0000000
11 6 3 2 -0.0163451
11 6 3 3 -0.0000000
11 6 4 0 -0.0000000
11 6 4 1 0.0000000
11 6 4 2 -0.0072303
11 6 4 3 0.0000000
11 6 4 4 -0.0000000
11 6 5 0 0.0000000
11 6 5 1 0.0000000
11 6 5 2 -0.0024331
11 6 5 3 -0.0000000
11 6 5 4 0.0000000
11 6 5 5 -0.0000000
11 6 6 0 0.0084218
11 6 6 1 0.0011109
11 6 6 2 -0.0000000
11 6 6 3 -0.0109016
11 6 6 4 0.0129343
11 6 6 5 -0.0139889
11 6 6 6 0.0000000
11 6 7 0 -0.0000000
11 6 7 1 0.0000000
11 6 7 2 -0.0185524
11 6 7 3 0.0000000
11 6 7 4 0.0000000
11 6 7 5 -0.0000000
11 6 7 6 -0.0193182
11 6 7 7 0.0000000
11 6 8 0 0.0001395
11 6 8 1 0.0060055
11 6 8 2 0.0000000
11 6 8 3 0.0014349
11 6 8 4 0.0002858
11 6 8 5 0.0030417
11 6 8 6 -0.0000000
11 6 8 7 0.0019932
11 6 8 8 -0.0000000
11 6 9 0 0.0000000
11 6 9 1 0.0000000
11 6 9 2 -0.0003918
11 6 9 3 0.0000000
11 6 9 4 -0.0000000
11 6 9 5 0.0000000
11 6 9 6 0.0004690
11 6 9 7 0.0000000
11 6 9 8 -0.0001376
11 6 9 9 -0.0000000
11 6 10 0 -0.0000000
11 6 10 1 -0.0000000
11 6 10 2 -0.0047583
11 6 10 3 0.0000000
11 6 10 4 -0.0000000
11 6 10 5 -0.0000000
11 6 10 6 -0.0040771
11 6 10 7 0.0000000
11 6 10 8 0.0084805
11 6 10 9 0.0000000
11 6 10 10 -0.0000000
11 6 11 0 0.0000000
11 6 11 1 0.0000000
11 6 11 2 0.0166149
11 6 11 3 -0.0000000
11 6 11 4 -0.0000000
11 6 11 5 0.0000000
11 6 11 6 0.0220586
11 6 11 7 -0.0000000
11 6 11 8 0.0058165
11 6 11 9 0.0000000
11 6 11 10 0.0000000
11 6 11 11 0.0000000
11 7 0 0 -0.2545537
11 7 1 0 0.0082992
11 7 1 1 0.0154929
11 7 2 0 0.0000000
11 7 2 1 0.0000000
11 7 2 2 -0.0727823
11 7 3 0 -0.0064362
11 7 3 1 0.0603410
11 7 3 2 0.0000000
11 7 3 3 -0.0540412
11 7 4 0 0.0012899
11 7 4 1 0.0515436
11 7 4 2 0.0000000
11 7 4 3 0.1046044
11 7 4 4 -0.0170343
11 7 5 0 -0.0117404
11 7 5 1 0.0710712
11 7 5 2 -0.0000000
11 7 5 3 0.0380285
11 7 5 4 -0.0067642
11 7 5 5 -0.0657231
11 7 6 0 0.0000000
11 7 6 1 0.0000000
11 7 6 2 -0.0858770
11 7 6 3 0.0000000
11 7 6 4 0.0000000
11 7 6 5 -0.0000000
11 7 6 6 -0.0933122
11 7 7 0 0.0073603
11 7 7 1 0.0035528
11 7 7 2 -0.0000000
11 7 7 3 -0.0241138
11 7 7 4 0.0156620
11 7 7 5 -0.0022565
11 7 7 6 0.0000000
11 7 7 7 0.0050326
11 7 8 0 -0.0000000
11 7 8 1 0.0000000
11 7 8 2 -0.0373625
11 7 8 3 0.0000000
11 7 8 4 -0.0000000
11 7 8 5 0.0000000
11 7 8 6 0.0205382
11 7 8 7 -0.0000000
11 7 8 8 0.1510891
11 7 9 0 0.0004473
11 7 9 1 0.0027563
11 7 9 2 0.0000000
11 7 9 3 -0.0028350
11 7 9 4 -0.0052378
11 7 9 5 -0.0000049
11 7 9 6 -0.0000000
11 7 9 7 0.0011149
11 7 9 8 0.0000000
11 7 9 9 0.2608276
11 7 10 0 0.0005075
11 7 10 1 -0.0166244
11 7 10 2 -0.0000000
11 7 10 3 -0.0028946
11 7 10 4 0.0083469
11 7 10 5 -0.0088718
11 7 10 6 0.0000000
11 7 10 7 -0.0287869
11 7 10 8 -0.0000000
11 7 10 9 0.0193252
11 7 10 10 0.1626447
11 7 11 0 -0.0071510
11 7 11 1 0.0006783
11 7 11 2 0.0000000
11 7 11 3 0.0070549
11 7 11 4 -0.0021891
11 7 11 5 0.0124342
11 7 11 6 -0.0000000
11 7 11 7 0.2035799
11 7 11 8 0.0000000
11 7 11 9 0.0030648
11 7 11 10 0.0593357
11 7 11 11 -0.0251494
11 8 0 0 0.0000000
11 8 1 0 -0.0000000
11 8 1 1 -0.0000000
11 8 2 0 0.0005186
11 8 2 1 0.0066733
11 8 2 2 0.0000000
11 8 3 0 -0.0000000
11 8 3 1 -0.0000000
11 8 3 2 -0.0030923
11 8 3 3 0.0000000
11 8 4 0 -0.0000000
11 8 4 1 0.0000000
11 8 4 2 -0.0076514
11 8 4 3 0.0000000
11 8 4 4 -0.0000000
11 8 5 0 0.0000000
11 8 5 1 -0.0000000
11 8 5 2 0.0017750
11 8 5 3 -0.0000000
11 8 5 4 0.0000000
11 8 5 5 -0.0000000
11 8 6 0 0.0007652
11 8 6 1 -0.0024970
11 8 6 2 -0.0000000
11 8 6 3 0.0009155
11 8 6 4 0.0065799
11 8 6 5 -0.0064704
11 8 6 6 0.0000000
11 8 7 0 -0.0000000
11 8 7 1 0.0000000
11 8 7 2 -0.0067681
11 8 7 3 0.0000000
11 8 7 4 -0.0000000
11 8 7 5 0.0000000
11 8 7 6 0.0015080
11 8 7 7 0.0000000
11 8 8 0 -0.0000807
11 8 8 1 0.0089951
11 8 8 2 0.0000000
11 8 8 3 0.0052496
11 8 8 4 0.0057196
11 8 8 5 0.0076933
11 8 8 6 -0.0000000
11 8 8 7 0.0181298
11 8 8 8 0.0000000
11 8 9 0 -0.0000000
11 8 9 1 0.0000000
11 8 9 2 -0.0006595
11 8 9 3 0.0000000
11 8 9 4 -0.0000000
11 8 9 5 0.0000000
11 8 9 6 0.0007288
11 8 9 7 -0.0000000
11 8 9 8 0.0001755
11 8 9 9 0.0000000
11 8 10 0 -0.0000000
11 8 10 1 0.0000000
11 8 10 2 -0.0064916
11 8 10 3 0.0000000
11 8 10 4 -0.0000000
11 8 10 5 0.0000000
11 8 10 6 0.0040607
11 8 10 7 -0.0000000
11 8 10 8 0.0253057
11 8 10 9 -0.0000000
11 8 10 10 0.0000000
11 8 11 0 0.0000000
11 8 11 1 0.0000000
11 8 11 2 -0.0009808
11 8 11 3 0.0000000
11 8 11 4 -0.0000000
11 8 11 5 0.0000000
11 8 11 6 0.0058165
11 8 11 7 0.0000000
11 8 11 8 0.0229402
11 8 11 9 -0.0000000
11 8 11 10 0.0000000
11 8 11 11 0.0000000
11 9 0 0 0.0046732
11 9 1 0 0.0000635
11 9 1 1 0.0071593
11 9 2 0 0.0000000
11 9 2 1 0.0000000
11 9 2 2 0.0038408
11 9 3 0 -0.0000229
11 9 3 1 0.0020481
11 9 3 2 0.0000000
11 9 3 3 0.0060813
11 9 4 0 -0.0000236
11 9 4 1 0.0030622
11 9 4 2 0.0000000
11 9 4 3 0.0027777
11 9 4 4 0.0068732
11 9 5 0 -0.0000845
11 9 5 1 0.0005824
11 9 5 2 0.0000000
11 9 5 3 0.0018243
11 9 5 4 0.0017275
11 9 5 5 0.0051563
11 9 6 0 0.0000000
11 9 6 1 0.0000000
11 9 6 2 -0.0003859
11 9 6 3 0.0000000
11 9 6 4 0.0000000
11 9 6 5 0.0000000
11 9 6 6 0.0037762
11 9 7 0 0.0000923
11 9 7 1 0.0011098
11 9 7 2 0.0000000
11 9 7 3 0.0003118
11 9 7 4 0.0011538
11 9 7 5 0.0003967
11 9 7 6 0.0000000
11 9 7 7 0.0065731
11 9 8 0 -0.0000000
11 9 8 1 0.0000000
11 9 8 2 -0.0013230
11 9 8 3 0.0000000
11 9 8 4 -0.0000000
11 9 8 5 0.0000000
11 9 8 6 0.0011842
11 9 8 7 -0.0000000
11 9 8 8 0.0085152
11 9 9 0 0.0000586
11 9 9 1 -0.0008355
11 9 9 2 -0.0000000
11 9 9 3 -0.0026818
11 9 9 4 -0.0025994
11 9 9 5 -0.0005135
11 9 9 6 -0.0000000
11 9 9 7 0.0066747
11 9 9 8 0.0000000
11 9 9 9 0.0538243
11 9 10 0 0.0000287
11 9 10 1 0.0007972
11 9 10 2 0.0000000
11 9 10 3 0.0003949
11 9 10 4 0.0005411
11 9 10 5 0.0000603
11 9 10 6 0.0000000
11 9 10 7 -0.0007308
11 9 10 8 -0.0000000
11 9 10 9 0.0071201
11 9 10 10 0.0059734
11 9 11 0 -0.0000722
11 9 11 1 0.0002171
11 9 11 2 0.0000000
11 9 11 3 0.0008088
11 9 11 4 0.0011285
11 9 11 5 0.0009175
11 9 11 6 0.0000000
11 9 11 7 0.0030648
11 9 11 8 -0.0000000
11 9 11 9 0.0067784
11 9 11 10 -0.0001085
11 9 11 11 0.0052265
11 10 0 0 -0.0747374
11 10 1 0 0.0013289
11 10 1 1 -0.0159865
11 10 2 0 0.0000000
11 10 2 1 0.0000000
11 10 2 2 -0.0292712
11 10 3 0 -0.0010805
11 10 3 1 0.0173779
11 10 3 2 0.0000000
11 10 3 3 -0.0295292
11 10 4 0 0.0002904
11 10 4 1 0.0108878
11 10 4 2 0.0000000
11 10 4 3 0.0222946
11 10 4 4 -0.0189034
11 10 5 0 -0.0019962
11 10 5 1 0.0219505
11 10 5 2 -0.0000000
11 10 5 3 0.0070187
11 10 5 4 0.0010857
11 10 5 5 -0.0306498
11 10 6 0 0.0000000
11 10 6 1 -0.0000000
11 10 6 2 -0.0198199
11 10 6 3 0.0000000
11 10 6 4 0.0000000
11 10 6 5 -0.0000000
11 10 6 6 -0.0339840
11 10 7 0 0.0009592
11 10 7 1 0.0058836
11 10 7 2 0.0000000
11 10 7 3 0.0046954
11 10 7 4 0.0162907
11 10 7 5 0.0052928
11 10 7 6 0.0000000
11 10 7 7 -0.0022269
11 10 8 0 -0.0000000
11 10 8 1 0.0000000
11 10 8 2 -0.0153899
11 10 8 3 0.0000000
11 10 8 4 -0.0000000
11 10 8 5 0.0000000
11 10 8 6 0.0107295
11 10 8 7 -0.0000000
11 10 8 8 0.0426934
11 10 9 0 0.0001565
11 10 9 1 0.0011644
11 10 9 2 0.0000000
11 10 9 3 -0.0017486
11 10 9 4 -0.0026696
11 10 9 5 -0.0001941
11 10 9 6 -0.0000000
11 10 9 7 0.0002475
11 10 9 8 0.0000000
11 10 9 9 0.0655129
11 10 10 0 0.0000089
11 10 10 1 -0.0189498
11 10 10 2 -0.0000000
11 10 10 3 -0.0161747
11 10 10 4 -0.0108770
11 10 10 5 -0.0091764
11 10 10 6 -0.0000000
11 10 10 7 0.0364428
11 10 10 8 -0.0000000
11 10 10 9 0.0031839
11 10 10 10 0.0421727
11 10 11 0 -0.0010742
11 10 11 1 0.0081991
11 10 11 2 0.0000000
11 10 11 3 0.0046099
11 10 11 4 0.0087057
11 10 11 5 0.0026776
11 10 11 6 0.0000000
11 10 11 7 0.0593357
11 10 11 8 0.0000000
11 10 11 9 -0.0001085
11 10 11 10 0.0530171
11 10 11 11 0.0051728
11 11 0 0 0.5901089
11 11 1 0 -0.0056695
11 11 1 1 0.4519082
11 11 2 0 0.0000000
11 11 2 1 0.0000000
11 11 2 2 0.4140592
11 11 3 0 0.0096850
11 11 3 1 0.0401577
11 11 3 2 0.0000000
11 11 3 3 0.4301026
11 11 4 0 -0.0057745
11 11 4 1 0.0273225
11 11 4 2 -0.0000000
11 11 4 3 0.0053562
11 11 4 4 0.4285807
11 11 5 0 0.0049511
11 11 5 1 -0.0443480
11 11 5 2 0.0000000
11 11 5 3 0.0089183
11 11 5 4 0.0556356
11 11 5 5 0.4638128
11 11 6 0 -0.0000000
11 11 6 1 0.0000000
11 11 6 2 0.0567232
11 11 6 3 -0.0000000
11 11 6 4 -0.0000000
11 11 6 5 0.0000000
11 11 6 6 0.4268568
11 11 7 0 -0.0065636
11 11 7 1 0.0048510
11 11 7 2 -0.0000000
11 11 7 3 0.0045259
11 11 7 4 0.0116928
11 11 7 5 0.0257816
11 11 7 6 -0.0000000
11 11 7 7 0.5013990
11 11 8 0 0.0000000
11 11 8 1 0.0000000
11 11 8 2 -0.0111479
11 11 8 3 0.0000000
11 11 8 4 -0.0000000
11 11 8 5 0.0000000
11 11 8 6 0.0193095
11 11 8 7 -0.0000000
11 11 8 8 0.4338928
11 11 9 0 -0.0000681
11 11 9 1 -0.0004298
11 11 9 2 -0.0000000
11 11 9 3 -0.0024311
11 11 9 4 -0.0032355
11 11 9 5 0.0013532
11 11 9 6 -0.0000000
11 11 9 7 -0.0002551
11 11 9 8 0.0000000
11 11 9 9 0.5430569
11 11 10 0 -0.0009723
11 11 10 1 0.0045703
11 11 10 2 0.0000000
11 11 10 3 0.0061399
11 11 10 4 0.0126891
11 11 10 5 0.0032334
11 11 10 6 0.0000000
11 11 10 7 0.0364348
11 11 10 8 -0.0000000
11 11 10 9 0.0272587
11 11 10 10 0.4103353
11 11 11 0 0.0067934
11 11 11 1 0.0214282
11 11 11 2 0.0000000
11 11 11 3 0.0116865
11 11 11 4 0.0103407
11 11 11 5 -0.0173920
11 11 11 6 0.0000000
11 11 11 7 -0.0251494
11 11 11 8 0.0000000
11 11 11 9 0.0052265
11 11 11 10 0.0051728
11 11 11 11 0.5093198
