NMONOMER	1
NELEC	8
ENUC	7.676927
NBASIS	12
HOMO	2
LUMO	2
ENT	5
HF_ENERGY	-37.167467
ENERGIES
-11.011775
-0.963275
-0.576555
-0.363824
0.441257
0.616960
0.679050
849736.435090
965066.242780
996477.924125
1070620.544592
1118093.863752

OEI
-18.628958	
0.213667	-4.659431	
0.000000	-0.000000	-4.283950	
-0.194145	0.112998	-0.000000	-4.356626	
0.121049	-0.154965	-0.000000	0.445750	-3.167407	
0.252758	-0.933891	0.000000	-0.151015	-0.023467	-3.944031	
-0.000000	0.000000	0.792170	0.000000	0.000000	0.000000	-3.548210	
0.115851	0.052587	0.000000	-0.037810	-0.001182	-0.017230	-0.000000	849732.849996	
0.000000	-0.000000	0.130353	-0.000000	0.000000	0.000000	0.025550	-0.000000	965063.393857	
0.005026	0.022917	0.000000	0.001091	-0.005409	0.013216	0.000000	-0.001177	-0.000000	996474.711332	
-0.038018	-0.201714	-0.000000	-0.063172	-0.131646	0.120723	0.000000	0.149129	0.000000	-0.136002	1070618.014679	
0.112554	0.073833	0.000000	-0.130499	-0.003804	0.000967	0.000000	-0.843320	-0.000000	-0.038034	0.321178	1118090.175145	

ENV_OEI
-5.156097	
0.401965	-0.684420	
0.000000	0.000000	-0.526155	
-0.378126	-0.107993	0.000000	-0.702871	
0.243408	-0.321928	0.000000	-0.168563	-0.882567	
0.514670	-0.056267	-0.000000	0.198750	0.353132	-0.942332	
-0.000000	0.000000	0.152826	-0.000000	-0.000000	0.000000	-0.546271	
0.219531	0.007101	0.000000	-0.026724	-0.008208	-0.051219	0.000000	-0.841770	
0.000000	0.000000	-0.144563	-0.000000	-0.000000	-0.000000	-0.161783	-0.000000	-0.903876	
-0.014927	0.315703	-0.000000	0.645302	1.449290	-0.778343	0.000000	-0.148200	0.000000	-18.817370	
-0.055505	0.041365	-0.000000	0.023512	0.055322	-0.067862	0.000000	-0.054975	0.000000	-1.705079	-0.866698	
0.209423	-0.021700	-0.000000	0.027538	-0.000738	-0.029030	0.000000	0.101397	0.000000	-0.166616	0.006658	-0.727945	

OVERLAP
1.000000	
0.248362	1.000000	
0.061767	0.488736	1.000000	
0.061767	0.488736	0.167856	1.000000	
0.000000	0.027047	0.038545	0.038545	1.000000	
0.027047	0.301519	0.378700	0.378700	0.248362	1.000000	
0.000000	0.000000	-0.259000	-0.259000	-0.045312	-0.338874	1.000000	
0.000000	0.000000	-0.380474	0.380474	0.000000	0.000000	0.000000	1.000000	
0.000000	0.000000	-0.073326	-0.073326	0.000000	0.000000	0.000000	0.000000	1.000000	
0.045312	0.338874	0.278171	0.278171	0.000000	0.000000	-0.315123	0.000000	0.000000	1.000000	
0.000000	0.000000	-0.268260	0.268260	0.000000	0.000000	0.000000	0.166433	0.000000	0.000000	1.000000	
0.000000	0.000000	-0.051700	-0.051700	0.000000	0.000000	0.000000	0.000000	0.166433	0.000000	0.000000	1.000000	

MOCOEFF
-0.996715	-0.016100	0.006468	0.006468	-0.001353	0.006643	0.016608	-0.000000	0.023140	0.002250	-0.000000	-0.003182	
0.139934	-0.324628	-0.248668	-0.248668	0.032464	0.020426	0.332549	0.000000	0.212182	-0.352002	0.000000	-0.061026	
0.000000	-0.000000	0.426161	-0.426161	-0.000000	0.000000	-0.000000	-0.631924	0.000000	0.000000	0.333816	-0.000000	
-0.131263	0.515940	0.145770	0.145770	0.057528	-0.246442	0.523286	-0.000000	-0.514845	-0.365385	0.000000	0.100760	
0.082729	-0.517505	0.833398	0.833398	0.126132	-0.760278	-0.215744	0.000000	0.276504	-0.700095	0.000000	0.040154	
0.179827	-1.104308	0.533465	0.533465	-0.069606	0.423682	0.985596	0.000000	0.072440	0.662604	0.000000	0.043104	
-0.000000	0.000000	0.956201	-0.956201	0.000000	-0.000000	-0.000000	1.073373	-0.000000	-0.000000	0.334376	-0.000000	
0.084288	-0.388040	0.000000	0.000000	-0.012324	0.049399	-0.203229	0.000000	-0.573902	-0.025821	-0.000000	0.799278	
-0.000000	0.000000	0.000000	-0.000000	0.000000	-0.000000	-0.000000	0.000000	0.000000	0.000000	1.000000	0.000000	
0.000565	-0.002600	-0.000000	-0.000000	-1.025611	0.216380	-0.001361	-0.000000	-0.003845	-0.105482	0.000000	-0.019655	
-0.018948	0.087231	0.000000	0.000000	-0.019715	-0.850777	0.045686	-0.000000	0.129013	0.446528	-0.000000	0.196306	
0.081637	-0.375835	-0.000000	-0.000000	0.011611	-0.229176	-0.196837	-0.000000	-0.555851	0.120150	0.000000	-0.583417	

ERI
0 0 0 0 3.5238842
1 0 0 0 -0.1864254
1 0 1 0 0.0198143
1 0 1 1 0.0062064
1 1 0 0 0.6426767
1 1 1 0 0.0062064
1 1 1 1 0.5977973
2 0 0 0 -0.0000000
2 0 1 0 0.0000000
2 0 1 1 -0.0000000
2 0 2 0 0.0098277
2 0 2 1 0.0109724
2 0 2 2 0.0000000
2 1 0 0 0.0000000
2 1 1 0 -0.0000000
2 1 1 1 -0.0000000
2 1 2 0 0.0109724
2 1 2 1 0.0986489
2 1 2 2 0.0000000
2 2 0 0 0.6595260
2 2 1 0 -0.0008481
2 2 1 1 0.5096976
2 2 2 0 0.0000000
2 2 2 1 0.0000000
2 2 2 2 0.5419271
3 0 0 0 0.1712059
3 0 1 0 -0.0126645
3 0 1 1 0.0088301
3 0 2 0 -0.0000000
3 0 2 1 0.0000000
3 0 2 2 0.0038502
3 0 3 0 0.0251791
3 0 3 1 0.0075443
3 0 3 2 0.0000000
3 0 3 3 -0.0093501
3 1 0 0 -0.0528343
3 1 1 0 0.0010068
3 1 1 1 0.0212354
3 1 2 0 0.0000000
3 1 2 1 0.0000000
3 1 2 2 -0.0218450
3 1 3 0 0.0075443
3 1 3 1 0.0582090
3 1 3 2 -0.0000000
3 1 3 3 -0.0399225
3 2 0 0 0.0000000
3 2 1 0 0.0000000
3 2 1 1 0.0000000
3 2 2 0 -0.0079357
3 2 2 1 -0.0423826
3 2 2 2 -0.0000000
3 2 3 0 0.0000000
3 2 3 1 -0.0000000
3 2 3 2 0.0416667
3 2 3 3 0.0000000
3 3 0 0 0.7718572
3 3 1 0 -0.0066174
3 3 1 1 0.4851411
3 3 2 0 -0.0000000
3 3 2 1 -0.0000000
3 3 2 2 0.4885819
3 3 3 0 -0.0093501
3 3 3 1 -0.0399225
3 3 3 2 0.0000000
3 3 3 3 0.6266963
4 0 0 0 -0.1087506
4 0 1 0 0.0087247
4 0 1 1 -0.0036877
4 0 2 0 0.0000000
4 0 2 1 0.0000000
4 0 2 2 -0.0024149
4 0 3 0 -0.0137962
4 0 3 1 -0.0029187
4 0 3 2 -0.0000000
4 0 3 3 0.0033785
4 0 4 0 0.0078341
4 0 4 1 -0.0000312
4 0 4 2 0.0000000
4 0 4 3 -0.0029040
4 0 4 4 -0.0002438
4 1 0 0 0.0427685
4 1 1 0 0.0008551
4 1 1 1 0.0349473
4 1 2 0 0.0000000
4 1 2 1 -0.0000000
4 1 2 2 -0.0241593
4 1 3 0 0.0000892
4 1 3 1 0.0257994
4 1 3 2 -0.0000000
4 1 3 3 0.0366314
4 1 4 0 -0.0000312
4 1 4 1 0.0668123
4 1 4 2 -0.0000000
4 1 4 3 0.0149306
4 1 4 4 0.0178593
4 2 0 0 0.0000000
4 2 1 0 -0.0000000
4 2 1 1 -0.0000000
4 2 2 0 -0.0017932
4 2 2 1 -0.0695693
4 2 2 2 -0.0000000
4 2 3 0 -0.0000000
4 2 3 1 -0.0000000
4 2 3 2 0.0199513
4 2 3 3 0.0000000
4 2 4 0 0.0000000
4 2 4 1 -0.0000000
4 2 4 2 0.0746261
4 2 4 3 -0.0000000
4 2 4 4 0.0000000
4 3 0 0 -0.1608068
4 3 1 0 0.0058456
4 3 1 1 0.0269221
4 3 2 0 -0.0000000
4 3 2 1 -0.0000000
4 3 2 2 -0.0229311
4 3 3 0 0.0077883
4 3 3 1 0.0513085
4 3 3 2 0.0000000
4 3 3 3 -0.1001637
4 3 4 0 -0.0029040
4 3 4 1 0.0149306
4 3 4 2 -0.0000000
4 3 4 3 0.0924469
4 3 4 4 0.0397963
4 4 0 0 0.4999883
4 4 1 0 0.0012950
4 4 1 1 0.5132463
4 4 2 0 -0.0000000
4 4 2 1 -0.0000000
4 4 2 2 0.4660129
4 4 3 0 0.0006937
4 4 3 1 0.0230501
4 4 3 2 0.0000000
4 4 3 3 0.4459444
4 4 4 0 -0.0002438
4 4 4 1 0.0178593
4 4 4 2 0.0000000
4 4 4 3 0.0397963
4 4 4 4 0.5193180
5 0 0 0 -0.2362780
5 0 1 0 0.0274739
5 0 1 1 0.0119375
5 0 2 0 -0.0000000
5 0 2 1 -0.0000000
5 0 2 2 0.0001503
5 0 3 0 -0.0095298
5 0 3 1 0.0053501
5 0 3 2 0.0000000
5 0 3 3 -0.0152462
5 0 4 0 0.0082823
5 0 4 1 0.0007902
5 0 4 2 -0.0000000
5 0 4 3 0.0126279
5 0 4 4 0.0017723
5 0 5 0 0.0421237
5 0 5 1 0.0038172
5 0 5 2 0.0000000
5 0 5 3 -0.0029108
5 0 5 4 0.0015803
5 0 5 5 0.0096558
5 1 0 0 0.2761355
5 1 1 0 0.0006406
5 1 1 1 0.0733249
5 1 2 0 -0.0000000
5 1 2 1 0.0000000
5 1 2 2 0.0708211
5 1 3 0 0.0080828
5 1 3 1 -0.0247560
5 1 3 2 0.0000000
5 1 3 3 0.0962723
5 1 4 0 -0.0038962
5 1 4 1 0.0053324
5 1 4 2 0.0000000
5 1 4 3 -0.0536881
5 1 4 4 -0.0049616
5 1 5 0 0.0038172
5 1 5 1 0.1103940
5 1 5 2 -0.0000000
5 1 5 3 0.0252879
5 1 5 4 0.0173274
5 1 5 5 0.0991479
5 2 0 0 -0.0000000
5 2 1 0 0.0000000
5 2 1 1 0.0000000
5 2 2 0 0.0059738
5 2 2 1 -0.0016244
5 2 2 2 -0.0000000
5 2 3 0 0.0000000
5 2 3 1 0.0000000
5 2 3 2 0.0008613
5 2 3 3 -0.0000000
5 2 4 0 0.0000000
5 2 4 1 0.0000000
5 2 4 2 0.0213768
5 2 4 3 0.0000000
5 2 4 4 0.0000000
5 2 5 0 0.0000000
5 2 5 1 -0.0000000
5 2 5 2 0.0283997
5 2 5 3 -0.0000000
5 2 5 4 0.0000000
5 2 5 5 -0.0000000
5 3 0 0 0.0565073
5 3 1 0 -0.0033664
5 3 1 1 -0.0196822
5 3 2 0 0.0000000
5 3 2 1 0.0000000
5 3 2 2 0.0129225
5 3 3 0 0.0035490
5 3 3 1 0.0000426
5 3 3 2 -0.0000000
5 3 3 3 0.0180949
5 3 4 0 -0.0015211
5 3 4 1 -0.0250005
5 3 4 2 0.0000000
5 3 4 3 -0.0298886
5 3 4 4 -0.0234564
5 3 5 0 -0.0029108
5 3 5 1 0.0252879
5 3 5 2 -0.0000000
5 3 5 3 0.0428836
5 3 5 4 0.0123564
5 3 5 5 0.0000127
5 4 0 0 0.0072433
5 4 1 0 0.0013052
5 4 1 1 -0.0043426
5 4 2 0 -0.0000000
5 4 2 1 -0.0000000
5 4 2 2 0.0253586
5 4 3 0 -0.0004623
5 4 3 1 -0.0352063
5 4 3 2 0.0000000
5 4 3 3 -0.0139741
5 4 4 0 0.0003216
5 4 4 1 -0.0498376
5 4 4 2 0.0000000
5 4 4 3 -0.0210140
5 4 4 4 -0.0115902
5 4 5 0 0.0015803
5 4 5 1 0.0173274
5 4 5 2 0.0000000
5 4 5 3 0.0123564
5 4 5 4 0.0586183
5 4 5 5 -0.0155081
5 5 0 0 0.7968245
5 5 1 0 0.0014715
5 5 1 1 0.5822682
5 5 2 0 -0.0000000
5 5 2 1 -0.0000000
5 5 2 2 0.5086221
5 5 3 0 0.0183733
5 5 3 1 0.0272057
5 5 3 2 0.0000000
5 5 3 3 0.5046816
5 5 4 0 -0.0085495
5 5 4 1 0.0397358
5 5 4 2 0.0000000
5 5 4 3 0.0087372
5 5 4 4 0.4992944
5 5 5 0 0.0096558
5 5 5 1 0.0991479
5 5 5 2 -0.0000000
5 5 5 3 0.0000127
5 5 5 4 -0.0155081
5 5 5 5 0.6182661
6 0 0 0 0.0000000
6 0 1 0 -0.0000000
6 0 1 1 -0.0000000
6 0 2 0 -0.0134411
6 0 2 1 -0.0134781
6 0 2 2 -0.0000000
6 0 3 0 0.0000000
6 0 3 1 -0.0000000
6 0 3 2 0.0102079
6 0 3 3 0.0000000
6 0 4 0 -0.0000000
6 0 4 1 -0.0000000
6 0 4 2 0.0021175
6 0 4 3 -0.0000000
6 0 4 4 0.0000000
6 0 5 0 -0.0000000
6 0 5 1 0.0000000
6 0 5 2 -0.0072088
6 0 5 3 -0.0000000
6 0 5 4 0.0000000
6 0 5 5 0.0000000
6 0 6 0 0.0184850
6 0 6 1 0.0043374
6 0 6 2 0.0000000
6 0 6 3 -0.0093724
6 0 6 4 0.0085812
6 0 6 5 0.0106311
6 0 6 6 -0.0000000
6 1 0 0 -0.0000000
6 1 1 0 -0.0000000
6 1 1 1 -0.0000000
6 1 2 0 -0.0034997
6 1 2 1 0.0308825
6 1 2 2 -0.0000000
6 1 3 0 -0.0000000
6 1 3 1 0.0000000
6 1 3 2 -0.0047764
6 1 3 3 -0.0000000
6 1 4 0 0.0000000
6 1 4 1 0.0000000
6 1 4 2 -0.0456183
6 1 4 3 0.0000000
6 1 4 4 -0.0000000
6 1 5 0 0.0000000
6 1 5 1 -0.0000000
6 1 5 2 -0.0279990
6 1 5 3 -0.0000000
6 1 5 4 -0.0000000
6 1 5 5 -0.0000000
6 1 6 0 0.0043374
6 1 6 1 0.0408331
6 1 6 2 0.0000000
6 1 6 3 -0.0127010
6 1 6 4 -0.0504882
6 1 6 5 -0.0283605
6 1 6 6 0.0000000
6 2 0 0 -0.2553893
6 2 1 0 0.0062007
6 2 1 1 -0.0125564
6 2 2 0 -0.0000000
6 2 2 1 -0.0000000
6 2 2 2 -0.0485907
6 2 3 0 -0.0013772
6 2 3 1 0.0178526
6 2 3 2 0.0000000
6 2 3 3 -0.1086603
6 2 4 0 0.0017200
6 2 4 1 -0.0274271
6 2 4 2 -0.0000000
6 2 4 3 0.0644402
6 2 4 4 0.0292107
6 2 5 0 0.0087791
6 2 5 1 -0.0752347
6 2 5 2 0.0000000
6 2 5 3 -0.0223702
6 2 5 4 0.0220993
6 2 5 5 -0.0470747
6 2 6 0 0.0000000
6 2 6 1 0.0000000
6 2 6 2 0.1206359
6 2 6 3 0.0000000
6 2 6 4 -0.0000000
6 2 6 5 -0.0000000
6 2 6 6 -0.0397197
6 3 0 0 -0.0000000
6 3 1 0 0.0000000
6 3 1 1 0.0000000
6 3 2 0 0.0071038
6 3 2 1 0.0114738
6 3 2 2 -0.0000000
6 3 3 0 -0.0000000
6 3 3 1 0.0000000
6 3 3 2 -0.0270738
6 3 3 3 -0.0000000
6 3 4 0 0.0000000
6 3 4 1 0.0000000
6 3 4 2 0.0114554
6 3 4 3 0.0000000
6 3 4 4 0.0000000
6 3 5 0 -0.0000000
6 3 5 1 -0.0000000
6 3 5 2 0.0074370
6 3 5 3 -0.0000000
6 3 5 4 -0.0000000
6 3 5 5 -0.0000000
6 3 6 0 -0.0093724
6 3 6 1 -0.0127010
6 3 6 2 0.0000000
6 3 6 3 0.0302038
6 3 6 4 -0.0061940
6 3 6 5 -0.0004041
6 3 6 6 -0.0000000
6 4 0 0 -0.0000000
6 4 1 0 0.0000000
6 4 1 1 0.0000000
6 4 2 0 -0.0065378
6 4 2 1 -0.0828518
6 4 2 2 -0.0000000
6 4 3 0 -0.0000000
6 4 3 1 -0.0000000
6 4 3 2 0.0399187
6 4 3 3 0.0000000
6 4 4 0 -0.0000000
6 4 4 1 0.0000000
6 4 4 2 0.0779172
6 4 4 3 0.0000000
6 4 4 4 0.0000000
6 4 5 0 0.0000000
6 4 5 1 -0.0000000
6 4 5 2 0.0267406
6 4 5 3 -0.0000000
6 4 5 4 0.0000000
6 4 5 5 0.0000000
6 4 6 0 0.0085812
6 4 6 1 -0.0504882
6 4 6 2 -0.0000000
6 4 6 3 -0.0061940
6 4 6 4 0.1020843
6 4 6 5 0.0666916
6 4 6 6 -0.0000000
6 5 0 0 -0.0000000
6 5 1 0 -0.0000000
6 5 1 1 -0.0000000
6 5 2 0 -0.0084433
6 5 2 1 -0.0683925
6 5 2 2 -0.0000000
6 5 3 0 -0.0000000
6 5 3 1 -0.0000000
6 5 3 2 0.0233223
6 5 3 3 0.0000000
6 5 4 0 0.0000000
6 5 4 1 -0.0000000
6 5 4 2 0.0557338
6 5 4 3 -0.0000000
6 5 4 4 0.0000000
6 5 5 0 -0.0000000
6 5 5 1 -0.0000000
6 5 5 2 0.0054294
6 5 5 3 0.0000000
6 5 5 4 0.0000000
6 5 5 5 0.0000000
6 5 6 0 0.0106311
6 5 6 1 -0.0283605
6 5 6 2 -0.0000000
6 5 6 3 -0.0004041
6 5 6 4 0.0666916
6 5 6 5 0.0591610
6 5 6 6 -0.0000000
6 6 0 0 0.7039288
6 6 1 0 -0.0051974
6 6 1 1 0.4956762
6 6 2 0 0.0000000
6 6 2 1 0.0000000
6 6 2 2 0.5301611
6 6 3 0 0.0042159
6 6 3 1 -0.0195809
6 6 3 2 -0.0000000
6 6 3 3 0.4889425
6 6 4 0 -0.0028897
6 6 4 1 -0.0292977
6 6 4 2 -0.0000000
6 6 4 3 -0.0275539
6 6 4 4 0.4736929
6 6 5 0 -0.0060430
6 6 5 1 0.0559868
6 6 5 2 -0.0000000
6 6 5 3 0.0178375
6 6 5 4 0.0320732
6 6 5 5 0.5075963
6 6 6 0 -0.0000000
6 6 6 1 0.0000000
6 6 6 2 -0.0397197
6 6 6 3 -0.0000000
6 6 6 4 -0.0000000
6 6 6 5 -0.0000000
6 6 6 6 0.5486450
7 0 0 0 -0.0850769
7 0 1 0 0.0036757
7 0 1 1 -0.0066354
7 0 2 0 0.0000000
7 0 2 1 -0.0000000
7 0 2 2 -0.0005153
7 0 3 0 -0.0034479
7 0 3 1 0.0050374
7 0 3 2 0.0000000
7 0 3 3 -0.0047831
7 0 4 0 0.0025622
7 0 4 1 -0.0028523
7 0 4 2 -0.0000000
7 0 4 3 0.0018080
7 0 4 4 -0.0028329
7 0 5 0 0.0057564
7 0 5 1 -0.0045981
7 0 5 2 -0.0000000
7 0 5 3 0.0061296
7 0 5 4 -0.0031045
7 0 5 5 -0.0056197
7 0 6 0 -0.0000000
7 0 6 1 0.0000000
7 0 6 2 -0.0017177
7 0 6 3 -0.0000000
7 0 6 4 0.0000000
7 0 6 5 0.0000000
7 0 6 6 0.0005196
7 0 7 0 0.0112573
7 0 7 1 0.0014451
7 0 7 2 0.0000000
7 0 7 3 -0.0026309
7 0 7 4 0.0010565
7 0 7 5 0.0033213
7 0 7 6 -0.0000000
7 0 7 7 0.0059800
7 1 0 0 -0.0068966
7 1 1 0 -0.0006052
7 1 1 1 0.0009329
7 1 2 0 -0.0000000
7 1 2 1 -0.0000000
7 1 2 2 0.0054605
7 1 3 0 0.0032993
7 1 3 1 0.0069052
7 1 3 2 0.0000000
7 1 3 3 -0.0115965
7 1 4 0 -0.0015874
7 1 4 1 -0.0063188
7 1 4 2 -0.0000000
7 1 4 3 0.0077760
7 1 4 4 0.0014599
7 1 5 0 0.0006256
7 1 5 1 -0.0031096
7 1 5 2 -0.0000000
7 1 5 3 0.0054943
7 1 5 4 0.0012090
7 1 5 5 0.0010130
7 1 6 0 0.0000000
7 1 6 1 0.0000000
7 1 6 2 0.0032365
7 1 6 3 -0.0000000
7 1 6 4 0.0000000
7 1 6 5 0.0000000
7 1 6 6 0.0046663
7 1 7 0 0.0014451
7 1 7 1 0.0107568
7 1 7 2 -0.0000000
7 1 7 3 0.0053558
7 1 7 4 0.0069193
7 1 7 5 0.0011027
7 1 7 6 -0.0000000
7 1 7 7 -0.0019692
7 2 0 0 0.0000000
7 2 1 0 -0.0000000
7 2 1 1 -0.0000000
7 2 2 0 0.0052155
7 2 2 1 0.0218655
7 2 2 2 0.0000000
7 2 3 0 0.0000000
7 2 3 1 0.0000000
7 2 3 2 -0.0133608
7 2 3 3 -0.0000000
7 2 4 0 -0.0000000
7 2 4 1 -0.0000000
7 2 4 2 -0.0126338
7 2 4 3 -0.0000000
7 2 4 4 -0.0000000
7 2 5 0 -0.0000000
7 2 5 1 -0.0000000
7 2 5 2 0.0032585
7 2 5 3 0.0000000
7 2 5 4 -0.0000000
7 2 5 5 -0.0000000
7 2 6 0 -0.0069878
7 2 6 1 0.0015607
7 2 6 2 -0.0000000
7 2 6 3 0.0096278
7 2 6 4 -0.0170672
7 2 6 5 -0.0149830
7 2 6 6 0.0000000
7 2 7 0 0.0000000
7 2 7 1 -0.0000000
7 2 7 2 0.0189528
7 2 7 3 -0.0000000
7 2 7 4 -0.0000000
7 2 7 5 -0.0000000
7 2 7 6 -0.0158677
7 2 7 7 -0.0000000
7 3 0 0 -0.0076026
7 3 1 0 0.0044262
7 3 1 1 0.0268732
7 3 2 0 0.0000000
7 3 2 1 0.0000000
7 3 2 2 -0.0000926
7 3 3 0 0.0022958
7 3 3 1 0.0019133
7 3 3 2 -0.0000000
7 3 3 3 -0.0104491
7 3 4 0 -0.0006846
7 3 4 1 0.0094277
7 3 4 2 -0.0000000
7 3 4 3 0.0180892
7 3 4 4 0.0139343
7 3 5 0 0.0079241
7 3 5 1 0.0029680
7 3 5 2 0.0000000
7 3 5 3 -0.0165509
7 3 5 4 0.0013606
7 3 5 5 0.0231181
7 3 6 0 -0.0000000
7 3 6 1 -0.0000000
7 3 6 2 0.0156741
7 3 6 3 0.0000000
7 3 6 4 -0.0000000
7 3 6 5 -0.0000000
7 3 6 6 -0.0043634
7 3 7 0 -0.0026309
7 3 7 1 0.0053558
7 3 7 2 -0.0000000
7 3 7 3 0.0261614
7 3 7 4 0.0005825
7 3 7 5 0.0002136
7 3 7 6 -0.0000000
7 3 7 7 0.0055356
7 4 0 0 0.0060830
7 4 1 0 -0.0020534
7 4 1 1 -0.0080659
7 4 2 0 -0.0000000
7 4 2 1 0.0000000
7 4 2 2 -0.0041528
7 4 3 0 -0.0009840
7 4 3 1 -0.0009599
7 4 3 2 -0.0000000
7 4 3 3 0.0075763
7 4 4 0 0.0002138
7 4 4 1 0.0008089
7 4 4 2 -0.0000000
7 4 4 3 -0.0054529
7 4 4 4 -0.0032170
7 4 5 0 -0.0037538
7 4 5 1 -0.0020505
7 4 5 2 -0.0000000
7 4 5 3 0.0032976
7 4 5 4 -0.0043599
7 4 5 5 -0.0071577
7 4 6 0 0.0000000
7 4 6 1 0.0000000
7 4 6 2 -0.0058870
7 4 6 3 -0.0000000
7 4 6 4 -0.0000000
7 4 6 5 0.0000000
7 4 6 6 -0.0005260
7 4 7 0 0.0010565
7 4 7 1 0.0069193
7 4 7 2 -0.0000000
7 4 7 3 0.0005825
7 4 7 4 0.0213133
7 4 7 5 -0.0160525
7 4 7 6 0.0000000
7 4 7 7 0.0034139
7 5 0 0 0.0116712
7 5 1 0 -0.0011691
7 5 1 1 0.0029169
7 5 2 0 -0.0000000
7 5 2 1 -0.0000000
7 5 2 2 0.0046500
7 5 3 0 0.0077360
7 5 3 1 0.0181596
7 5 3 2 0.0000000
7 5 3 3 -0.0159456
7 5 4 0 -0.0036343
7 5 4 1 0.0003308
7 5 4 2 -0.0000000
7 5 4 3 0.0132920
7 5 4 4 -0.0008077
7 5 5 0 0.0021631
7 5 5 1 0.0009238
7 5 5 2 -0.0000000
7 5 5 3 0.0092659
7 5 5 4 -0.0071642
7 5 5 5 0.0134262
7 5 6 0 0.0000000
7 5 6 1 0.0000000
7 5 6 2 -0.0041710
7 5 6 3 -0.0000000
7 5 6 4 0.0000000
7 5 6 5 0.0000000
7 5 6 6 0.0018433
7 5 7 0 0.0033213
7 5 7 1 0.0011027
7 5 7 2 -0.0000000
7 5 7 3 0.0002136
7 5 7 4 -0.0160525
7 5 7 5 0.0289066
7 5 7 6 -0.0000000
7 5 7 7 0.0189647
7 6 0 0 -0.0000000
7 6 1 0 0.0000000
7 6 1 1 0.0000000
7 6 2 0 -0.0055948
7 6 2 1 -0.0116346
7 6 2 2 -0.0000000
7 6 3 0 -0.0000000
7 6 3 1 -0.0000000
7 6 3 2 0.0117112
7 6 3 3 0.0000000
7 6 4 0 0.0000000
7 6 4 1 0.0000000
7 6 4 2 0.0012836
7 6 4 3 -0.0000000
7 6 4 4 0.0000000
7 6 5 0 0.0000000
7 6 5 1 0.0000000
7 6 5 2 -0.0063321
7 6 5 3 -0.0000000
7 6 5 4 0.0000000
7 6 5 5 0.0000000
7 6 6 0 0.0075516
7 6 6 1 0.0050450
7 6 6 2 0.0000000
7 6 6 3 -0.0117900
7 6 6 4 0.0062468
7 6 6 5 0.0069896
7 6 6 6 -0.0000000
7 6 7 0 -0.0000000
7 6 7 1 -0.0000000
7 6 7 2 -0.0158677
7 6 7 3 -0.0000000
7 6 7 4 0.0000000
7 6 7 5 -0.0000000
7 6 7 6 0.0191538
7 6 7 7 -0.0000000
7 7 0 0 0.5615311
7 7 1 0 -0.0063209
7 7 1 1 0.4373760
7 7 2 0 -0.0000000
7 7 2 1 -0.0000000
7 7 2 2 0.4054050
7 7 3 0 0.0084665
7 7 3 1 0.0411933
7 7 3 2 -0.0000000
7 7 3 3 0.4217993
7 7 4 0 -0.0046158
7 7 4 1 0.0491666
7 7 4 2 -0.0000000
7 7 4 3 0.0181005
7 7 4 4 0.4226465
7 7 5 0 -0.0053944
7 7 5 1 0.0197607
7 7 5 2 -0.0000000
7 7 5 3 -0.0058149
7 7 5 4 -0.0565191
7 7 5 5 0.4689447
7 7 6 0 0.0000000
7 7 6 1 -0.0000000
7 7 6 2 -0.0465508
7 7 6 3 -0.0000000
7 7 6 4 0.0000000
7 7 6 5 -0.0000000
7 7 6 6 0.4100931
7 7 7 0 0.0059800
7 7 7 1 -0.0019692
7 7 7 2 -0.0000000
7 7 7 3 0.0055356
7 7 7 4 0.0034139
7 7 7 5 0.0189647
7 7 7 6 -0.0000000
7 7 7 7 0.5146545
8 0 0 0 0.0000000
8 0 1 0 0.0000000
8 0 1 1 0.0000000
8 0 2 0 -0.0002524
8 0 2 1 -0.0003108
8 0 2 2 -0.0000000
8 0 3 0 -0.0000000
8 0 3 1 -0.0000000
8 0 3 2 0.0001876
8 0 3 3 0.0000000
8 0 4 0 0.0000000
8 0 4 1 -0.0000000
8 0 4 2 -0.0000598
8 0 4 3 -0.0000000
8 0 4 4 0.0000000
8 0 5 0 0.0000000
8 0 5 1 0.0000000
8 0 5 2 -0.0003060
8 0 5 3 -0.0000000
8 0 5 4 0.0000000
8 0 5 5 0.0000000
8 0 6 0 0.0003357
8 0 6 1 0.0002378
8 0 6 2 0.0000000
8 0 6 3 -0.0001953
8 0 6 4 0.0000153
8 0 6 5 0.0002028
8 0 6 6 -0.0000000
8 0 7 0 -0.0000000
8 0 7 1 0.0000000
8 0 7 2 -0.0001323
8 0 7 3 -0.0000000
8 0 7 4 -0.0000000
8 0 7 5 0.0000000
8 0 7 6 0.0001541
8 0 7 7 -0.0000000
8 0 8 0 0.0000106
8 0 8 1 -0.0000478
8 0 8 2 0.0000000
8 0 8 3 -0.0000848
8 0 8 4 -0.0001100
8 0 8 5 0.0002032
8 0 8 6 -0.0000000
8 0 8 7 -0.0000299
8 0 8 8 -0.0000000
8 1 0 0 -0.0000000
8 1 1 0 0.0000000
8 1 1 1 -0.0000000
8 1 2 0 -0.0021694
8 1 2 1 -0.0330631
8 1 2 2 -0.0000000
8 1 3 0 -0.0000000
8 1 3 1 -0.0000000
8 1 3 2 0.0097668
8 1 3 3 0.0000000
8 1 4 0 -0.0000000
8 1 4 1 -0.0000000
8 1 4 2 0.0288536
8 1 4 3 0.0000000
8 1 4 4 0.0000000
8 1 5 0 0.0000000
8 1 5 1 -0.0000000
8 1 5 2 0.0045473
8 1 5 3 -0.0000000
8 1 5 4 0.0000000
8 1 5 5 0.0000000
8 1 6 0 0.0026427
8 1 6 1 -0.0176604
8 1 6 2 -0.0000000
8 1 6 3 0.0007342
8 1 6 4 0.0338476
8 1 6 5 0.0245812
8 1 6 6 -0.0000000
8 1 7 0 0.0000000
8 1 7 1 -0.0000000
8 1 7 2 -0.0068836
8 1 7 3 -0.0000000
8 1 7 4 -0.0000000
8 1 7 5 0.0000000
8 1 7 6 0.0009863
8 1 7 7 0.0000000
8 1 8 0 -0.0000478
8 1 8 1 0.0272917
8 1 8 2 -0.0000000
8 1 8 3 0.0123213
8 1 8 4 0.0086923
8 1 8 5 -0.0260050
8 1 8 6 0.0000000
8 1 8 7 -0.0003822
8 1 8 8 0.0000000
8 2 0 0 -0.0339846
8 2 1 0 -0.0001741
8 2 1 1 -0.0170909
8 2 2 0 0.0000000
8 2 2 1 -0.0000000
8 2 2 2 -0.0292857
8 2 3 0 -0.0003077
8 2 3 1 0.0118919
8 2 3 2 -0.0000000
8 2 3 3 -0.0160847
8 2 4 0 0.0000903
8 2 4 1 0.0201167
8 2 4 2 -0.0000000
8 2 4 3 0.0133154
8 2 4 4 -0.0062236
8 2 5 0 -0.0003399
8 2 5 1 -0.0170254
8 2 5 2 0.0000000
8 2 5 3 -0.0118887
8 2 5 4 -0.0226821
8 2 5 5 -0.0102811
8 2 6 0 0.0000000
8 2 6 1 0.0000000
8 2 6 2 0.0029118
8 2 6 3 0.0000000
8 2 6 4 0.0000000
8 2 6 5 -0.0000000
8 2 6 6 -0.0288571
8 2 7 0 0.0000037
8 2 7 1 -0.0024654
8 2 7 2 -0.0000000
8 2 7 3 0.0033053
8 2 7 4 0.0011993
8 2 7 5 0.0011763
8 2 7 6 0.0000000
8 2 7 7 0.0198033
8 2 8 0 0.0000000
8 2 8 1 -0.0000000
8 2 8 2 0.0200366
8 2 8 3 -0.0000000
8 2 8 4 -0.0000000
8 2 8 5 0.0000000
8 2 8 6 0.0166391
8 2 8 7 -0.0000000
8 2 8 8 0.0577083
8 3 0 0 -0.0000000
8 3 1 0 -0.0000000
8 3 1 1 -0.0000000
8 3 2 0 -0.0002092
8 3 2 1 -0.0054448
8 3 2 2 -0.0000000
8 3 3 0 -0.0000000
8 3 3 1 0.0000000
8 3 3 2 0.0000625
8 3 3 3 -0.0000000
8 3 4 0 0.0000000
8 3 4 1 0.0000000
8 3 4 2 0.0061361
8 3 4 3 0.0000000
8 3 4 4 0.0000000
8 3 5 0 0.0000000
8 3 5 1 -0.0000000
8 3 5 2 -0.0002801
8 3 5 3 -0.0000000
8 3 5 4 -0.0000000
8 3 5 5 -0.0000000
8 3 6 0 0.0002233
8 3 6 1 -0.0034546
8 3 6 2 0.0000000
8 3 6 3 0.0015896
8 3 6 4 0.0064543
8 3 6 5 0.0038701
8 3 6 6 -0.0000000
8 3 7 0 -0.0000000
8 3 7 1 -0.0000000
8 3 7 2 -0.0011219
8 3 7 3 0.0000000
8 3 7 4 0.0000000
8 3 7 5 0.0000000
8 3 7 6 -0.0000291
8 3 7 7 0.0000000
8 3 8 0 -0.0000848
8 3 8 1 0.0123213
8 3 8 2 -0.0000000
8 3 8 3 0.0084769
8 3 8 4 0.0103839
8 3 8 5 -0.0140069
8 3 8 6 0.0000000
8 3 8 7 0.0011054
8 3 8 8 0.0000000
8 4 0 0 -0.0000000
8 4 1 0 -0.0000000
8 4 1 1 -0.0000000
8 4 2 0 0.0003267
8 4 2 1 0.0098320
8 4 2 2 -0.0000000
8 4 3 0 0.0000000
8 4 3 1 0.0000000
8 4 3 2 -0.0030527
8 4 3 3 -0.0000000
8 4 4 0 -0.0000000
8 4 4 1 0.0000000
8 4 4 2 -0.0083986
8 4 4 3 0.0000000
8 4 4 4 -0.0000000
8 4 5 0 -0.0000000
8 4 5 1 0.0000000
8 4 5 2 -0.0065323
8 4 5 3 -0.0000000
8 4 5 4 -0.0000000
8 4 5 5 -0.0000000
8 4 6 0 -0.0005109
8 4 6 1 0.0076625
8 4 6 2 0.0000000
8 4 6 3 0.0002159
8 4 6 4 -0.0103286
8 4 6 5 -0.0100954
8 4 6 6 0.0000000
8 4 7 0 0.0000000
8 4 7 1 -0.0000000
8 4 7 2 0.0013565
8 4 7 3 0.0000000
8 4 7 4 0.0000000
8 4 7 5 -0.0000000
8 4 7 6 -0.0011092
8 4 7 7 0.0000000
8 4 8 0 -0.0001100
8 4 8 1 0.0086923
8 4 8 2 -0.0000000
8 4 8 3 0.0103839
8 4 8 4 0.0195132
8 4 8 5 -0.0131873
8 4 8 6 0.0000000
8 4 8 7 -0.0013222
8 4 8 8 0.0000000
8 5 0 0 0.0000000
8 5 1 0 -0.0000000
8 5 1 1 -0.0000000
8 5 2 0 0.0005042
8 5 2 1 0.0210621
8 5 2 2 0.0000000
8 5 3 0 0.0000000
8 5 3 1 0.0000000
8 5 3 2 -0.0069014
8 5 3 3 -0.0000000
8 5 4 0 -0.0000000
8 5 4 1 0.0000000
8 5 4 2 -0.0248539
8 5 4 3 -0.0000000
8 5 4 4 -0.0000000
8 5 5 0 -0.0000000
8 5 5 1 0.0000000
8 5 5 2 -0.0081078
8 5 5 3 -0.0000000
8 5 5 4 -0.0000000
8 5 5 5 -0.0000000
8 5 6 0 -0.0006668
8 5 6 1 0.0177081
8 5 6 2 0.0000000
8 5 6 3 -0.0025503
8 5 6 4 -0.0299531
8 5 6 5 -0.0183248
8 5 6 6 0.0000000
8 5 7 0 0.0000000
8 5 7 1 -0.0000000
8 5 7 2 0.0041749
8 5 7 3 0.0000000
8 5 7 4 0.0000000
8 5 7 5 0.0000000
8 5 7 6 0.0013258
8 5 7 7 0.0000000
8 5 8 0 0.0002032
8 5 8 1 -0.0260050
8 5 8 2 0.0000000
8 5 8 3 -0.0140069
8 5 8 4 -0.0131873
8 5 8 5 0.0304837
8 5 8 6 -0.0000000
8 5 8 7 0.0006109
8 5 8 8 0.0000000
8 6 0 0 -0.0010244
8 6 1 0 -0.0001948
8 6 1 1 -0.0051287
8 6 2 0 -0.0000000
8 6 2 1 -0.0000000
8 6 2 2 -0.0135618
8 6 3 0 0.0003096
8 6 3 1 0.0097436
8 6 3 2 -0.0000000
8 6 3 3 0.0005284
8 6 4 0 -0.0002417
8 6 4 1 0.0207552
8 6 4 2 0.0000000
8 6 4 3 0.0069080
8 6 4 4 -0.0034165
8 6 5 0 -0.0001488
8 6 5 1 -0.0033489
8 6 5 2 0.0000000
8 6 5 3 -0.0077434
8 6 5 4 -0.0227182
8 6 5 5 0.0025431
8 6 6 0 0.0000000
8 6 6 1 -0.0000000
8 6 6 2 -0.0101772
8 6 6 3 0.0000000
8 6 6 4 0.0000000
8 6 6 5 0.0000000
8 6 6 6 -0.0181169
8 6 7 0 0.0001252
8 6 7 1 -0.0024309
8 6 7 2 -0.0000000
8 6 7 3 0.0019603
8 6 7 4 0.0001578
8 6 7 5 0.0033415
8 6 7 6 -0.0000000
8 6 7 7 0.0256183
8 6 8 0 -0.0000000
8 6 8 1 0.0000000
8 6 8 2 0.0166391
8 6 8 3 0.0000000
8 6 8 4 0.0000000
8 6 8 5 -0.0000000
8 6 8 6 0.0164774
8 6 8 7 -0.0000000
8 6 8 8 0.0452900
8 7 0 0 -0.0000000
8 7 1 0 0.0000000
8 7 1 1 -0.0000000
8 7 2 0 -0.0002762
8 7 2 1 -0.0030111
8 7 2 2 -0.0000000
8 7 3 0 -0.0000000
8 7 3 1 -0.0000000
8 7 3 2 0.0016191
8 7 3 3 0.0000000
8 7 4 0 -0.0000000
8 7 4 1 -0.0000000
8 7 4 2 0.0018365
8 7 4 3 0.0000000
8 7 4 4 0.0000000
8 7 5 0 0.0000000
8 7 5 1 -0.0000000
8 7 5 2 0.0009630
8 7 5 3 -0.0000000
8 7 5 4 0.0000000
8 7 5 5 0.0000000
8 7 6 0 0.0003191
8 7 6 1 -0.0022367
8 7 6 2 -0.0000000
8 7 6 3 -0.0000125
8 7 6 4 0.0023081
8 7 6 5 0.0029336
8 7 6 6 -0.0000000
8 7 7 0 -0.0000000
8 7 7 1 0.0000000
8 7 7 2 0.0035168
8 7 7 3 0.0000000
8 7 7 4 0.0000000
8 7 7 5 0.0000000
8 7 7 6 0.0040903
8 7 7 7 -0.0000000
8 7 8 0 -0.0000299
8 7 8 1 -0.0003822
8 7 8 2 -0.0000000
8 7 8 3 0.0011054
8 7 8 4 -0.0013222
8 7 8 5 0.0006109
8 7 8 6 -0.0000000
8 7 8 7 0.0210482
8 7 8 8 0.0000000
8 8 0 0 0.3245186
8 8 1 0 0.0031912
8 8 1 1 0.4462919
8 8 2 0 -0.0000000
8 8 2 1 -0.0000000
8 8 2 2 0.3507186
8 8 3 0 0.0039579
8 8 3 1 0.0721843
8 8 3 2 -0.0000000
8 8 3 3 0.3308407
8 8 4 0 -0.0016695
8 8 4 1 0.0694360
8 8 4 2 -0.0000000
8 8 4 3 0.0953625
8 8 4 4 0.4584650
8 8 5 0 0.0066249
8 8 5 1 -0.0646453
8 8 5 2 0.0000000
8 8 5 3 -0.0617561
8 8 5 4 -0.0743606
8 8 5 5 0.4492942
8 8 6 0 -0.0000000
8 8 6 1 0.0000000
8 8 6 2 0.0510998
8 8 6 3 0.0000000
8 8 6 4 0.0000000
8 8 6 5 -0.0000000
8 8 6 6 0.3564053
8 8 7 0 -0.0013982
8 8 7 1 -0.0011322
8 8 7 2 -0.0000000
8 8 7 3 0.0302868
8 8 7 4 -0.0029752
8 8 7 5 0.0105965
8 8 7 6 -0.0000000
8 8 7 7 0.4670422
8 8 8 0 -0.0000000
8 8 8 1 0.0000000
8 8 8 2 0.0577083
8 8 8 3 0.0000000
8 8 8 4 0.0000000
8 8 8 5 0.0000000
8 8 8 6 0.0452900
8 8 8 7 0.0000000
8 8 8 8 0.6728328
9 0 0 0 -0.0028040
9 0 1 0 0.0000959
9 0 1 1 -0.0003508
9 0 2 0 0.0000000
9 0 2 1 -0.0000000
9 0 2 2 -0.0003948
9 0 3 0 -0.0001166
9 0 3 1 0.0001786
9 0 3 2 -0.0000000
9 0 3 3 -0.0005067
9 0 4 0 0.0000721
9 0 4 1 0.0000424
9 0 4 2 -0.0000000
9 0 4 3 0.0002906
9 0 4 4 -0.0000596
9 0 5 0 0.0001155
9 0 5 1 -0.0004610
9 0 5 2 0.0000000
9 0 5 3 -0.0001050
9 0 5 4 -0.0001732
9 0 5 5 -0.0004532
9 0 6 0 -0.0000000
9 0 6 1 0.0000000
9 0 6 2 0.0003014
9 0 6 3 0.0000000
9 0 6 4 0.0000000
9 0 6 5 -0.0000000
9 0 6 6 -0.0003998
9 0 7 0 0.0001227
9 0 7 1 0.0000088
9 0 7 2 0.0000000
9 0 7 3 0.0000030
9 0 7 4 0.0000052
9 0 7 5 0.0000353
9 0 7 6 -0.0000000
9 0 7 7 0.0000326
9 0 8 0 -0.0000000
9 0 8 1 -0.0000000
9 0 8 2 0.0001411
9 0 8 3 0.0000000
9 0 8 4 0.0000000
9 0 8 5 0.0000000
9 0 8 6 0.0000875
9 0 8 7 -0.0000000
9 0 8 8 0.0004254
9 0 9 0 0.0000059
9 0 9 1 -0.0000203
9 0 9 2 0.0000000
9 0 9 3 -0.0000787
9 0 9 4 -0.0001719
9 0 9 5 0.0000922
9 0 9 6 -0.0000000
9 0 9 7 -0.0000182
9 0 9 8 -0.0000000
9 0 9 9 0.0027290
9 1 0 0 -0.0047766
9 1 1 0 -0.0000891
9 1 1 1 -0.0025105
9 1 2 0 -0.0000000
9 1 2 1 -0.0000000
9 1 2 2 -0.0040913
9 1 3 0 0.0000141
9 1 3 1 0.0023268
9 1 3 2 -0.0000000
9 1 3 3 -0.0021572
9 1 4 0 -0.0000142
9 1 4 1 0.0033384
9 1 4 2 -0.0000000
9 1 4 3 0.0026894
9 1 4 4 0.0003156
9 1 5 0 -0.0001200
9 1 5 1 -0.0029484
9 1 5 2 0.0000000
9 1 5 3 -0.0017552
9 1 5 4 -0.0040198
9 1 5 5 -0.0015400
9 1 6 0 0.0000000
9 1 6 1 0.0000000
9 1 6 2 -0.0000216
9 1 6 3 0.0000000
9 1 6 4 0.0000000
9 1 6 5 -0.0000000
9 1 6 6 -0.0041548
9 1 7 0 0.0000746
9 1 7 1 -0.0003668
9 1 7 2 0.0000000
9 1 7 3 -0.0001174
9 1 7 4 -0.0002623
9 1 7 5 0.0006334
9 1 7 6 -0.0000000
9 1 7 7 0.0008138
9 1 8 0 -0.0000000
9 1 8 1 0.0000000
9 1 8 2 0.0016885
9 1 8 3 0.0000000
9 1 8 4 0.0000000
9 1 8 5 0.0000000
9 1 8 6 0.0014945
9 1 8 7 0.0000000
9 1 8 8 0.0028988
9 1 9 0 -0.0000203
9 1 9 1 0.0032079
9 1 9 2 -0.0000000
9 1 9 3 0.0031511
9 1 9 4 0.0060485
9 1 9 5 -0.0049407
9 1 9 6 0.0000000
9 1 9 7 -0.0006890
9 1 9 8 0.0000000
9 1 9 9 -0.0209984
9 2 0 0 -0.0000000
9 2 1 0 -0.0000000
9 2 1 1 -0.0000000
9 2 2 0 -0.0001440
9 2 2 1 -0.0019853
9 2 2 2 -0.0000000
9 2 3 0 -0.0000000
9 2 3 1 -0.0000000
9 2 3 2 0.0007963
9 2 3 3 -0.0000000
9 2 4 0 -0.0000000
9 2 4 1 -0.0000000
9 2 4 2 0.0020410
9 2 4 3 0.0000000
9 2 4 4 0.0000000
9 2 5 0 0.0000000
9 2 5 1 -0.0000000
9 2 5 2 0.0001328
9 2 5 3 0.0000000
9 2 5 4 0.0000000
9 2 5 5 0.0000000
9 2 6 0 0.0001716
9 2 6 1 -0.0009880
9 2 6 2 -0.0000000
9 2 6 3 0.0001664
9 2 6 4 0.0023346
9 2 6 5 0.0013723
9 2 6 6 -0.0000000
9 2 7 0 0.0000000
9 2 7 1 -0.0000000
9 2 7 2 -0.0003472
9 2 7 3 -0.0000000
9 2 7 4 0.0000000
9 2 7 5 0.0000000
9 2 7 6 -0.0000001
9 2 7 7 0.0000000
9 2 8 0 -0.0000020
9 2 8 1 0.0017909
9 2 8 2 -0.0000000
9 2 8 3 0.0010305
9 2 8 4 0.0012842
9 2 8 5 -0.0018774
9 2 8 6 0.0000000
9 2 8 7 0.0000193
9 2 8 8 0.0000000
9 2 9 0 0.0000000
9 2 9 1 -0.0000000
9 2 9 2 0.0012901
9 2 9 3 -0.0000000
9 2 9 4 -0.0000000
9 2 9 5 0.0000000
9 2 9 6 0.0012657
9 2 9 7 -0.0000000
9 2 9 8 0.0040648
9 2 9 9 0.0000000
9 3 0 0 0.0001602
9 3 1 0 0.0000552
9 3 1 1 0.0007038
9 3 2 0 -0.0000000
9 3 2 1 -0.0000000
9 3 2 2 -0.0002022
9 3 3 0 -0.0000492
9 3 3 1 0.0002458
9 3 3 2 -0.0000000
9 3 3 3 0.0005920
9 3 4 0 0.0000336
9 3 4 1 0.0009663
9 3 4 2 -0.0000000
9 3 4 3 0.0005764
9 3 4 4 0.0009896
9 3 5 0 0.0000505
9 3 5 1 -0.0000358
9 3 5 2 0.0000000
9 3 5 3 -0.0005571
9 3 5 4 -0.0005153
9 3 5 5 0.0002867
9 3 6 0 0.0000000
9 3 6 1 -0.0000000
9 3 6 2 -0.0002954
9 3 6 3 0.0000000
9 3 6 4 0.0000000
9 3 6 5 -0.0000000
9 3 6 6 -0.0003178
9 3 7 0 -0.0000527
9 3 7 1 0.0000922
9 3 7 2 -0.0000000
9 3 7 3 0.0000102
9 3 7 4 0.0000748
9 3 7 5 -0.0002843
9 3 7 6 0.0000000
9 3 7 7 -0.0022317
9 3 8 0 0.0000000
9 3 8 1 0.0000000
9 3 8 2 -0.0007808
9 3 8 3 0.0000000
9 3 8 4 0.0000000
9 3 8 5 -0.0000000
9 3 8 6 -0.0006592
9 3 8 7 -0.0000000
9 3 8 8 -0.0030216
9 3 9 0 -0.0000787
9 3 9 1 0.0031511
9 3 9 2 -0.0000000
9 3 9 3 0.0043531
9 3 9 4 0.0086410
9 3 9 5 -0.0059390
9 3 9 6 0.0000000
9 3 9 7 0.0006181
9 3 9 8 0.0000000
9 3 9 9 -0.0673930
9 4 0 0 0.0015584
9 4 1 0 0.0000032
9 4 1 1 0.0018615
9 4 2 0 -0.0000000
9 4 2 1 -0.0000000
9 4 2 2 0.0012102
9 4 3 0 0.0000810
9 4 3 1 0.0004166
9 4 3 2 0.0000000
9 4 3 3 0.0010882
9 4 4 0 -0.0000110
9 4 4 1 -0.0001631
9 4 4 2 0.0000000
9 4 4 3 0.0003670
9 4 4 4 0.0018496
9 4 5 0 0.0000287
9 4 5 1 0.0004108
9 4 5 2 -0.0000000
9 4 5 3 0.0005098
9 4 5 4 0.0008682
9 4 5 5 0.0007201
9 4 6 0 0.0000000
9 4 6 1 -0.0000000
9 4 6 2 -0.0001762
9 4 6 3 -0.0000000
9 4 6 4 0.0000000
9 4 6 5 0.0000000
9 4 6 6 0.0014120
9 4 7 0 0.0000429
9 4 7 1 0.0002813
9 4 7 2 0.0000000
9 4 7 3 -0.0008948
9 4 7 4 -0.0004534
9 4 7 5 0.0000514
9 4 7 6 -0.0000000
9 4 7 7 -0.0056938
9 4 8 0 0.0000000
9 4 8 1 0.0000000
9 4 8 2 -0.0028846
9 4 8 3 -0.0000000
9 4 8 4 -0.0000000
9 4 8 5 -0.0000000
9 4 8 6 -0.0026050
9 4 8 7 0.0000000
9 4 8 8 -0.0085493
9 4 9 0 -0.0001719
9 4 9 1 0.0060485
9 4 9 2 -0.0000000
9 4 9 3 0.0086410
9 4 9 4 0.0178586
9 4 9 5 -0.0118642
9 4 9 6 0.0000000
9 4 9 7 -0.0005918
9 4 9 8 0.0000000
9 4 9 9 -0.1578595
9 5 0 0 -0.0028948
9 5 1 0 -0.0001039
9 5 1 1 -0.0028917
9 5 2 0 -0.0000000
9 5 2 1 0.0000000
9 5 2 2 -0.0000257
9 5 3 0 -0.0001039
9 5 3 1 -0.0017482
9 5 3 2 0.0000000
9 5 3 3 -0.0024246
9 5 4 0 0.0000277
9 5 4 1 -0.0034886
9 5 4 2 0.0000000
9 5 4 3 -0.0015385
9 5 4 4 -0.0026837
9 5 5 0 -0.0001763
9 5 5 1 -0.0006014
9 5 5 2 0.0000000
9 5 5 3 0.0010404
9 5 5 4 0.0028470
9 5 5 5 -0.0028747
9 5 6 0 0.0000000
9 5 6 1 -0.0000000
9 5 6 2 0.0017443
9 5 6 3 -0.0000000
9 5 6 4 0.0000000
9 5 6 5 0.0000000
9 5 6 6 0.0006696
9 5 7 0 0.0000469
9 5 7 1 0.0002839
9 5 7 2 -0.0000000
9 5 7 3 0.0002262
9 5 7 4 0.0004506
9 5 7 5 -0.0004181
9 5 7 6 0.0000000
9 5 7 7 0.0002132
9 5 8 0 -0.0000000
9 5 8 1 0.0000000
9 5 8 2 0.0004004
9 5 8 3 0.0000000
9 5 8 4 0.0000000
9 5 8 5 -0.0000000
9 5 8 6 -0.0000459
9 5 8 7 0.0000000
9 5 8 8 0.0020988
9 5 9 0 0.0000922
9 5 9 1 -0.0049407
9 5 9 2 0.0000000
9 5 9 3 -0.0059390
9 5 9 4 -0.0118642
9 5 9 5 0.0087750
9 5 9 6 -0.0000000
9 5 9 7 0.0008192
9 5 9 8 0.0000000
9 5 9 9 0.0762152
9 6 0 0 0.0000000
9 6 1 0 0.0000000
9 6 1 1 0.0000000
9 6 2 0 -0.0000765
9 6 2 1 -0.0020495
9 6 2 2 -0.0000000
9 6 3 0 -0.0000000
9 6 3 1 0.0000000
9 6 3 2 0.0008150
9 6 3 3 0.0000000
9 6 4 0 -0.0000000
9 6 4 1 0.0000000
9 6 4 2 0.0024518
9 6 4 3 0.0000000
9 6 4 4 0.0000000
9 6 5 0 0.0000000
9 6 5 1 -0.0000000
9 6 5 2 0.0006242
9 6 5 3 -0.0000000
9 6 5 4 -0.0000000
9 6 5 5 0.0000000
9 6 6 0 0.0000962
9 6 6 1 -0.0015395
9 6 6 2 -0.0000000
9 6 6 3 0.0002599
9 6 6 4 0.0029272
9 6 6 5 0.0016671
9 6 6 6 -0.0000000
9 6 7 0 -0.0000000
9 6 7 1 -0.0000000
9 6 7 2 -0.0004369
9 6 7 3 -0.0000000
9 6 7 4 -0.0000000
9 6 7 5 0.0000000
9 6 7 6 0.0000215
9 6 7 7 0.0000000
9 6 8 0 -0.0000114
9 6 8 1 0.0020521
9 6 8 2 -0.0000000
9 6 8 3 0.0011524
9 6 8 4 0.0012746
9 6 8 5 -0.0023623
9 6 8 6 0.0000000
9 6 8 7 0.0001153
9 6 8 8 -0.0000000
9 6 9 0 -0.0000000
9 6 9 1 0.0000000
9 6 9 2 0.0012657
9 6 9 3 0.0000000
9 6 9 4 0.0000000
9 6 9 5 -0.0000000
9 6 9 6 0.0012671
9 6 9 7 -0.0000000
9 6 9 8 0.0038623
9 6 9 9 -0.0000000
9 7 0 0 0.0009793
9 7 1 0 -0.0000848
9 7 1 1 -0.0008331
9 7 2 0 -0.0000000
9 7 2 1 -0.0000000
9 7 2 2 -0.0001790
9 7 3 0 0.0000344
9 7 3 1 0.0003202
9 7 3 2 -0.0000000
9 7 3 3 0.0003310
9 7 4 0 -0.0000316
9 7 4 1 0.0001252
9 7 4 2 -0.0000000
9 7 4 3 0.0000377
9 7 4 4 -0.0002773
9 7 5 0 -0.0000883
9 7 5 1 0.0003656
9 7 5 2 -0.0000000
9 7 5 3 0.0000947
9 7 5 4 -0.0004563
9 7 5 5 -0.0002265
9 7 6 0 0.0000000
9 7 6 1 -0.0000000
9 7 6 2 -0.0007345
9 7 6 3 -0.0000000
9 7 6 4 0.0000000
9 7 6 5 0.0000000
9 7 6 6 -0.0003170
9 7 7 0 0.0000534
9 7 7 1 0.0009858
9 7 7 2 -0.0000000
9 7 7 3 0.0007939
9 7 7 4 0.0019935
9 7 7 5 -0.0011556
9 7 7 6 0.0000000
9 7 7 7 0.0001770
9 7 8 0 -0.0000000
9 7 8 1 0.0000000
9 7 8 2 0.0002448
9 7 8 3 0.0000000
9 7 8 4 0.0000000
9 7 8 5 0.0000000
9 7 8 6 0.0003977
9 7 8 7 0.0000000
9 7 8 8 -0.0000623
9 7 9 0 -0.0000182
9 7 9 1 -0.0006890
9 7 9 2 -0.0000000
9 7 9 3 0.0006181
9 7 9 4 -0.0005918
9 7 9 5 0.0008192
9 7 9 6 -0.0000000
9 7 9 7 0.0091562
9 7 9 8 -0.0000000
9 7 9 9 0.0149381
9 8 0 0 0.0000000
9 8 1 0 -0.0000000
9 8 1 1 0.0000000
9 8 2 0 0.0001115
9 8 2 1 0.0031420
9 8 2 2 0.0000000
9 8 3 0 0.0000000
9 8 3 1 0.0000000
9 8 3 2 -0.0003398
9 8 3 3 -0.0000000
9 8 4 0 0.0000000
9 8 4 1 0.0000000
9 8 4 2 -0.0016810
9 8 4 3 -0.0000000
9 8 4 4 -0.0000000
9 8 5 0 -0.0000000
9 8 5 1 0.0000000
9 8 5 2 -0.0017668
9 8 5 3 0.0000000
9 8 5 4 -0.0000000
9 8 5 5 -0.0000000
9 8 6 0 -0.0001519
9 8 6 1 0.0025363
9 8 6 2 0.0000000
9 8 6 3 0.0003787
9 8 6 4 -0.0023715
9 8 6 5 -0.0032551
9 8 6 6 0.0000000
9 8 7 0 -0.0000000
9 8 7 1 0.0000000
9 8 7 2 0.0004602
9 8 7 3 0.0000000
9 8 7 4 0.0000000
9 8 7 5 -0.0000000
9 8 7 6 -0.0000478
9 8 7 7 -0.0000000
9 8 8 0 0.0000159
9 8 8 1 0.0002849
9 8 8 2 -0.0000000
9 8 8 3 0.0015335
9 8 8 4 0.0043675
9 8 8 5 -0.0007481
9 8 8 6 0.0000000
9 8 8 7 -0.0004312
9 8 8 8 -0.0000000
9 8 9 0 -0.0000000
9 8 9 1 0.0000000
9 8 9 2 0.0040648
9 8 9 3 0.0000000
9 8 9 4 0.0000000
9 8 9 5 0.0000000
9 8 9 6 0.0038623
9 8 9 7 -0.0000000
9 8 9 8 0.0145315
9 8 9 9 -0.0000000
9 9 0 0 0.3431396
9 9 1 0 0.0038826
9 9 1 1 0.5144063
9 9 2 0 -0.0000000
9 9 2 1 -0.0000000
9 9 2 2 0.3680537
9 9 3 0 0.0046071
9 9 3 1 0.1203168
9 9 3 2 -0.0000000
9 9 3 3 0.3852255
9 9 4 0 -0.0024084
9 9 4 1 0.1538456
9 9 4 2 -0.0000000
9 9 4 3 0.1693068
9 9 4 4 0.5923135
9 9 5 0 0.0081040
9 9 5 1 -0.1110496
9 9 5 2 0.0000000
9 9 5 3 -0.1159172
9 9 5 4 -0.1796285
9 9 5 5 0.5453386
9 9 6 0 -0.0000000
9 9 6 1 0.0000000
9 9 6 2 0.0551511
9 9 6 3 0.0000000
9 9 6 4 0.0000000
9 9 6 5 -0.0000000
9 9 6 6 0.3675159
9 9 7 0 -0.0020256
9 9 7 1 -0.0080032
9 9 7 2 -0.0000000
9 9 7 3 0.0472390
9 9 7 4 0.0021143
9 9 7 5 0.0164106
9 9 7 6 -0.0000000
9 9 7 7 0.6182418
9 9 8 0 -0.0000000
9 9 8 1 0.0000000
9 9 8 2 0.1049104
9 9 8 3 0.0000000
9 9 8 4 0.0000000
9 9 8 5 0.0000000
9 9 8 6 0.0943342
9 9 8 7 0.0000000
9 9 8 8 0.8416887
9 9 9 0 0.0027290
9 9 9 1 -0.0209984
9 9 9 2 0.0000000
9 9 9 3 -0.0673930
9 9 9 4 -0.1578595
9 9 9 5 0.0762152
9 9 9 6 -0.0000000
9 9 9 7 0.0149381
9 9 9 8 -0.0000000
9 9 9 9 3.4993859
10 0 0 0 0.0250948
10 0 1 0 -0.0009702
10 0 1 1 0.0025753
10 0 2 0 -0.0000000
10 0 2 1 0.0000000
10 0 2 2 0.0013022
10 0 3 0 0.0009615
10 0 3 1 -0.0015507
10 0 3 2 -0.0000000
10 0 3 3 0.0025750
10 0 4 0 -0.0006898
10 0 4 1 0.0006106
10 0 4 2 0.0000000
10 0 4 3 -0.0011206
10 0 4 4 0.0010081
10 0 5 0 -0.0014603
10 0 5 1 0.0022242
10 0 5 2 0.0000000
10 0 5 3 -0.0011240
10 0 5 4 0.0010257
10 0 5 5 0.0026117
10 0 6 0 0.0000000
10 0 6 1 -0.0000000
10 0 6 2 -0.0004519
10 0 6 3 0.0000000
10 0 6 4 -0.0000000
10 0 6 5 -0.0000000
10 0 6 6 0.0010563
10 0 7 0 -0.0027164
10 0 7 1 -0.0003927
10 0 7 2 -0.0000000
10 0 7 3 0.0005218
10 0 7 4 -0.0003573
10 0 7 5 -0.0007774
10 0 7 6 0.0000000
10 0 7 7 -0.0012110
10 0 8 0 0.0000000
10 0 8 1 0.0000000
10 0 8 2 -0.0003428
10 0 8 3 -0.0000000
10 0 8 4 -0.0000000
10 0 8 5 -0.0000000
10 0 8 6 -0.0002067
10 0 8 7 0.0000000
10 0 8 8 -0.0006579
10 0 9 0 -0.0000359
10 0 9 1 -0.0000588
10 0 9 2 -0.0000000
10 0 9 3 0.0000174
10 0 9 4 0.0000167
10 0 9 5 -0.0000224
10 0 9 6 0.0000000
10 0 9 7 -0.0000114
10 0 9 8 -0.0000000
10 0 9 9 -0.0008063
10 0 10 0 0.0006748
10 0 10 1 0.0005179
10 0 10 2 0.0000000
10 0 10 3 -0.0001116
10 0 10 4 0.0001737
10 0 10 5 0.0000797
10 0 10 6 -0.0000000
10 0 10 7 -0.0000136
10 0 10 8 -0.0000000
10 0 10 9 -0.0000062
10 0 10 10 -0.0010805
10 1 0 0 0.0336054
10 1 1 0 0.0009458
10 1 1 1 0.0328264
10 1 2 0 0.0000000
10 1 2 1 0.0000000
10 1 2 2 0.0254876
10 1 3 0 -0.0006809
10 1 3 1 -0.0053002
10 1 3 2 0.0000000
10 1 3 3 0.0265653
10 1 4 0 0.0003961
10 1 4 1 -0.0014821
10 1 4 2 0.0000000
10 1 4 3 -0.0031514
10 1 4 4 0.0245534
10 1 5 0 0.0010058
10 1 5 1 0.0114347
10 1 5 2 -0.0000000
10 1 5 3 -0.0001301
10 1 5 4 0.0081029
10 1 5 5 0.0246579
10 1 6 0 -0.0000000
10 1 6 1 -0.0000000
10 1 6 2 -0.0006037
10 1 6 3 0.0000000
10 1 6 4 -0.0000000
10 1 6 5 -0.0000000
10 1 6 6 0.0256156
10 1 7 0 -0.0009276
10 1 7 1 0.0009800
10 1 7 2 -0.0000000
10 1 7 3 0.0004433
10 1 7 4 0.0007637
10 1 7 5 -0.0053704
10 1 7 6 0.0000000
10 1 7 7 -0.0018086
10 1 8 0 0.0000000
10 1 8 1 -0.0000000
10 1 8 2 -0.0111388
10 1 8 3 -0.0000000
10 1 8 4 -0.0000000
10 1 8 5 -0.0000000
10 1 8 6 -0.0098000
10 1 8 7 -0.0000000
10 1 8 8 -0.0111290
10 1 9 0 -0.0001162
10 1 9 1 -0.0009252
10 1 9 2 -0.0000000
10 1 9 3 0.0014607
10 1 9 4 0.0039641
10 1 9 5 -0.0016542
10 1 9 6 0.0000000
10 1 9 7 -0.0003022
10 1 9 8 0.0000000
10 1 9 9 -0.0404844
10 1 10 0 0.0005179
10 1 10 1 0.0222471
10 1 10 2 -0.0000000
10 1 10 3 0.0099948
10 1 10 4 0.0136382
10 1 10 5 -0.0191989
10 1 10 6 0.0000000
10 1 10 7 -0.0011432
10 1 10 8 0.0000000
10 1 10 9 -0.0000931
10 1 10 10 -0.0536429
10 2 0 0 -0.0000000
10 2 1 0 0.0000000
10 2 1 1 -0.0000000
10 2 2 0 -0.0007558
10 2 2 1 -0.0002122
10 2 2 2 -0.0000000
10 2 3 0 -0.0000000
10 2 3 1 -0.0000000
10 2 3 2 0.0009476
10 2 3 3 -0.0000000
10 2 4 0 0.0000000
10 2 4 1 -0.0000000
10 2 4 2 -0.0003929
10 2 4 3 -0.0000000
10 2 4 4 -0.0000000
10 2 5 0 0.0000000
10 2 5 1 0.0000000
10 2 5 2 -0.0015512
10 2 5 3 -0.0000000
10 2 5 4 0.0000000
10 2 5 5 -0.0000000
10 2 6 0 0.0010331
10 2 6 1 0.0014946
10 2 6 2 0.0000000
10 2 6 3 -0.0018489
10 2 6 4 -0.0002999
10 2 6 5 -0.0001136
10 2 6 6 -0.0000000
10 2 7 0 -0.0000000
10 2 7 1 -0.0000000
10 2 7 2 -0.0036121
10 2 7 3 -0.0000000
10 2 7 4 -0.0000000
10 2 7 5 0.0000000
10 2 7 6 0.0032655
10 2 7 7 -0.0000000
10 2 8 0 -0.0000828
10 2 8 1 0.0004637
10 2 8 2 -0.0000000
10 2 8 3 0.0021447
10 2 8 4 0.0044774
10 2 8 5 -0.0032126
10 2 8 6 0.0000000
10 2 8 7 -0.0006234
10 2 8 8 -0.0000000
10 2 9 0 0.0000000
10 2 9 1 -0.0000000
10 2 9 2 0.0004296
10 2 9 3 -0.0000000
10 2 9 4 -0.0000000
10 2 9 5 0.0000000
10 2 9 6 0.0005688
10 2 9 7 -0.0000000
10 2 9 8 0.0008612
10 2 9 9 0.0000000
10 2 10 0 0.0000000
10 2 10 1 -0.0000000
10 2 10 2 0.0066707
10 2 10 3 -0.0000000
10 2 10 4 -0.0000000
10 2 10 5 0.0000000
10 2 10 6 0.0043161
10 2 10 7 -0.0000000
10 2 10 8 0.0224624
10 2 10 9 -0.0000000
10 2 10 10 0.0000000
10 3 0 0 0.0085089
10 3 1 0 -0.0007431
10 3 1 1 0.0088908
10 3 2 0 -0.0000000
10 3 2 1 -0.0000000
10 3 2 2 0.0074150
10 3 3 0 -0.0002088
10 3 3 1 0.0036111
10 3 3 2 0.0000000
10 3 3 3 0.0101520
10 3 4 0 0.0000111
10 3 4 1 0.0022638
10 3 4 2 -0.0000000
10 3 4 3 0.0022418
10 3 4 4 0.0128200
10 3 5 0 -0.0012725
10 3 5 1 -0.0021141
10 3 5 2 -0.0000000
10 3 5 3 0.0008531
10 3 5 4 -0.0038373
10 3 5 5 0.0070649
10 3 6 0 0.0000000
10 3 6 1 0.0000000
10 3 6 2 -0.0015390
10 3 6 3 -0.0000000
10 3 6 4 0.0000000
10 3 6 5 0.0000000
10 3 6 6 0.0087279
10 3 7 0 0.0004831
10 3 7 1 0.0014622
10 3 7 2 -0.0000000
10 3 7 3 -0.0023795
10 3 7 4 0.0056093
10 3 7 5 -0.0037668
10 3 7 6 0.0000000
10 3 7 7 0.0073841
10 3 8 0 -0.0000000
10 3 8 1 0.0000000
10 3 8 2 -0.0019892
10 3 8 3 0.0000000
10 3 8 4 0.0000000
10 3 8 5 -0.0000000
10 3 8 6 -0.0021100
10 3 8 7 -0.0000000
10 3 8 8 0.0053525
10 3 9 0 -0.0000240
10 3 9 1 0.0002586
10 3 9 2 -0.0000000
10 3 9 3 0.0010631
10 3 9 4 0.0025095
10 3 9 5 -0.0013784
10 3 9 6 0.0000000
10 3 9 7 0.0001911
10 3 9 8 0.0000000
10 3 9 9 -0.0052887
10 3 10 0 -0.0001116
10 3 10 1 0.0099948
10 3 10 2 -0.0000000
10 3 10 3 0.0088678
10 3 10 4 0.0100964
10 3 10 5 -0.0112487
10 3 10 6 0.0000000
10 3 10 7 0.0098529
10 3 10 8 0.0000000
10 3 10 9 0.0012667
10 3 10 10 -0.0136915
10 4 0 0 0.0142483
10 4 1 0 0.0009920
10 4 1 1 0.0254526
10 4 2 0 0.0000000
10 4 2 1 -0.0000000
10 4 2 2 0.0107830
10 4 3 0 0.0003314
10 4 3 1 0.0059176
10 4 3 2 -0.0000000
10 4 3 3 0.0151777
10 4 4 0 -0.0001097
10 4 4 1 0.0119217
10 4 4 2 -0.0000000
10 4 4 3 0.0093571
10 4 4 4 0.0235508
10 4 5 0 0.0016370
10 4 5 1 0.0014682
10 4 5 2 0.0000000
10 4 5 3 -0.0069879
10 4 5 4 -0.0084181
10 4 5 5 0.0220957
10 4 6 0 -0.0000000
10 4 6 1 -0.0000000
10 4 6 2 -0.0005535
10 4 6 3 0.0000000
10 4 6 4 0.0000000
10 4 6 5 -0.0000000
10 4 6 6 0.0084411
10 4 7 0 -0.0006720
10 4 7 1 0.0016226
10 4 7 2 -0.0000000
10 4 7 3 0.0061011
10 4 7 4 0.0034805
10 4 7 5 -0.0020445
10 4 7 6 0.0000000
10 4 7 7 0.0181241
10 4 8 0 -0.0000000
10 4 8 1 -0.0000000
10 4 8 2 0.0005376
10 4 8 3 0.0000000
10 4 8 4 0.0000000
10 4 8 5 0.0000000
10 4 8 6 0.0008177
10 4 8 7 -0.0000000
10 4 8 8 0.0230758
10 4 9 0 -0.0000419
10 4 9 1 0.0009291
10 4 9 2 -0.0000000
10 4 9 3 0.0018751
10 4 9 4 0.0038186
10 4 9 5 -0.0027689
10 4 9 6 0.0000000
10 4 9 7 0.0002074
10 4 9 8 0.0000000
10 4 9 9 0.0130290
10 4 10 0 0.0001737
10 4 10 1 0.0136382
10 4 10 2 -0.0000000
10 4 10 3 0.0100964
10 4 10 4 0.0166572
10 4 10 5 -0.0155021
10 4 10 6 0.0000000
10 4 10 7 0.0119810
10 4 10 8 0.0000000
10 4 10 9 0.0030642
10 4 10 10 -0.0044905
10 5 0 0 -0.0132318
10 5 1 0 0.0001869
10 5 1 1 -0.0187381
10 5 2 0 0.0000000
10 5 2 1 0.0000000
10 5 2 2 -0.0159792
10 5 3 0 -0.0018998
10 5 3 1 -0.0052216
10 5 3 2 -0.0000000
10 5 3 3 -0.0077742
10 5 4 0 0.0008948
10 5 4 1 0.0025738
10 5 4 2 -0.0000000
10 5 4 3 -0.0068680
10 5 4 4 -0.0202604
10 5 5 0 -0.0007519
10 5 5 1 0.0000406
10 5 5 2 -0.0000000
10 5 5 3 -0.0025017
10 5 5 4 -0.0021937
10 5 5 5 -0.0162979
10 5 6 0 -0.0000000
10 5 6 1 0.0000000
10 5 6 2 -0.0036256
10 5 6 3 0.0000000
10 5 6 4 -0.0000000
10 5 6 5 -0.0000000
10 5 6 6 -0.0175895
10 5 7 0 -0.0008265
10 5 7 1 -0.0043001
10 5 7 2 0.0000000
10 5 7 3 -0.0017336
10 5 7 4 -0.0000603
10 5 7 5 -0.0028348
10 5 7 6 -0.0000000
10 5 7 7 -0.0042251
10 5 8 0 -0.0000000
10 5 8 1 -0.0000000
10 5 8 2 0.0070489
10 5 8 3 0.0000000
10 5 8 4 0.0000000
10 5 8 5 0.0000000
10 5 8 6 0.0070533
10 5 8 7 -0.0000000
10 5 8 8 -0.0036691
10 5 9 0 0.0000615
10 5 9 1 -0.0000136
10 5 9 2 0.0000000
10 5 9 3 -0.0018231
10 5 9 4 -0.0047900
10 5 9 5 0.0021878
10 5 9 6 -0.0000000
10 5 9 7 0.0001612
10 5 9 8 0.0000000
10 5 9 9 0.0314148
10 5 10 0 0.0000797
10 5 10 1 -0.0191989
10 5 10 2 0.0000000
10 5 10 3 -0.0112487
10 5 10 4 -0.0155021
10 5 10 5 0.0229529
10 5 10 6 -0.0000000
10 5 10 7 -0.0015384
10 5 10 8 0.0000000
10 5 10 9 0.0001958
10 5 10 10 0.0434965
10 6 0 0 0.0000000
10 6 1 0 -0.0000000
10 6 1 1 0.0000000
10 6 2 0 0.0013533
10 6 2 1 0.0081252
10 6 2 2 0.0000000
10 6 3 0 0.0000000
10 6 3 1 0.0000000
10 6 3 2 -0.0044132
10 6 3 3 0.0000000
10 6 4 0 -0.0000000
10 6 4 1 -0.0000000
10 6 4 2 -0.0058978
10 6 4 3 0.0000000
10 6 4 4 0.0000000
10 6 5 0 -0.0000000
10 6 5 1 0.0000000
10 6 5 2 -0.0013923
10 6 5 3 0.0000000
10 6 5 4 -0.0000000
10 6 5 5 0.0000000
10 6 6 0 -0.0018561
10 6 6 1 0.0033454
10 6 6 2 0.0000000
10 6 6 3 0.0020647
10 6 6 4 -0.0084288
10 6 6 5 -0.0067797
10 6 6 6 0.0000000
10 6 7 0 0.0000000
10 6 7 1 0.0000000
10 6 7 2 0.0044048
10 6 7 3 0.0000000
10 6 7 4 0.0000000
10 6 7 5 -0.0000000
10 6 7 6 -0.0043617
10 6 7 7 0.0000000
10 6 8 0 -0.0001008
10 6 8 1 -0.0030074
10 6 8 2 -0.0000000
10 6 8 3 0.0009461
10 6 8 4 0.0046156
10 6 8 5 0.0001139
10 6 8 6 -0.0000000
10 6 8 7 -0.0013729
10 6 8 8 0.0000000
10 6 9 0 -0.0000000
10 6 9 1 -0.0000000
10 6 9 2 0.0003013
10 6 9 3 0.0000000
10 6 9 4 0.0000000
10 6 9 5 -0.0000000
10 6 9 6 0.0003061
10 6 9 7 -0.0000000
10 6 9 8 0.0014581
10 6 9 9 -0.0000000
10 6 10 0 -0.0000000
10 6 10 1 0.0000000
10 6 10 2 0.0043161
10 6 10 3 0.0000000
10 6 10 4 0.0000000
10 6 10 5 -0.0000000
10 6 10 6 0.0060022
10 6 10 7 0.0000000
10 6 10 8 0.0163145
10 6 10 9 -0.0000000
10 6 10 10 -0.0000000
10 7 0 0 -0.0551945
10 7 1 0 0.0025963
10 7 1 1 0.0073496
10 7 2 0 0.0000000
10 7 2 1 -0.0000000
10 7 2 2 -0.0135962
10 7 3 0 -0.0016266
10 7 3 1 0.0032878
10 7 3 2 -0.0000000
10 7 3 3 -0.0169874
10 7 4 0 0.0008806
10 7 4 1 0.0073356
10 7 4 2 -0.0000000
10 7 4 3 0.0203934
10 7 4 4 0.0138731
10 7 5 0 0.0029178
10 7 5 1 -0.0191157
10 7 5 2 0.0000000
10 7 5 3 -0.0166833
10 7 5 4 -0.0048525
10 7 5 5 -0.0039561
10 7 6 0 -0.0000000
10 7 6 1 0.0000000
10 7 6 2 0.0229948
10 7 6 3 0.0000000
10 7 6 4 0.0000000
10 7 6 5 -0.0000000
10 7 6 6 -0.0131072
10 7 7 0 -0.0023846
10 7 7 1 0.0037185
10 7 7 2 -0.0000000
10 7 7 3 0.0162441
10 7 7 4 0.0196416
10 7 7 5 -0.0155069
10 7 7 6 0.0000000
10 7 7 7 -0.0054840
10 7 8 0 -0.0000000
10 7 8 1 0.0000000
10 7 8 2 0.0056900
10 7 8 3 0.0000000
10 7 8 4 0.0000000
10 7 8 5 -0.0000000
10 7 8 6 0.0008494
10 7 8 7 0.0000000
10 7 8 8 0.0340621
10 7 9 0 0.0000873
10 7 9 1 0.0000589
10 7 9 2 0.0000000
10 7 9 3 -0.0001439
10 7 9 4 -0.0013041
10 7 9 5 0.0008007
10 7 9 6 -0.0000000
10 7 9 7 0.0002960
10 7 9 8 -0.0000000
10 7 9 9 0.0632205
10 7 10 0 -0.0000136
10 7 10 1 -0.0011432
10 7 10 2 -0.0000000
10 7 10 3 0.0098529
10 7 10 4 0.0119810
10 7 10 5 -0.0015384
10 7 10 6 0.0000000
10 7 10 7 0.0750992
10 7 10 8 0.0000000
10 7 10 9 0.0038251
10 7 10 10 0.0676362
10 8 0 0 0.0000000
10 8 1 0 0.0000000
10 8 1 1 -0.0000000
10 8 2 0 -0.0010998
10 8 2 1 -0.0246403
10 8 2 2 -0.0000000
10 8 3 0 -0.0000000
10 8 3 1 -0.0000000
10 8 3 2 0.0071479
10 8 3 3 0.0000000
10 8 4 0 -0.0000000
10 8 4 1 -0.0000000
10 8 4 2 0.0247552
10 8 4 3 0.0000000
10 8 4 4 0.0000000
10 8 5 0 0.0000000
10 8 5 1 -0.0000000
10 8 5 2 0.0067093
10 8 5 3 -0.0000000
10 8 5 4 0.0000000
10 8 5 5 0.0000000
10 8 6 0 0.0012339
10 8 6 1 -0.0185983
10 8 6 2 -0.0000000
10 8 6 3 0.0013870
10 8 6 4 0.0296790
10 8 6 5 0.0204382
10 8 6 6 -0.0000000
10 8 7 0 0.0000000
10 8 7 1 -0.0000000
10 8 7 2 -0.0048534
10 8 7 3 -0.0000000
10 8 7 4 -0.0000000
10 8 7 5 -0.0000000
10 8 7 6 -0.0015023
10 8 7 7 -0.0000000
10 8 8 0 -0.0004827
10 8 8 1 0.0216911
10 8 8 2 -0.0000000
10 8 8 3 0.0154648
10 8 8 4 0.0186431
10 8 8 5 -0.0333683
10 8 8 6 0.0000000
10 8 8 7 0.0012068
10 8 8 8 0.0000000
10 8 9 0 -0.0000000
10 8 9 1 0.0000000
10 8 9 2 0.0024322
10 8 9 3 0.0000000
10 8 9 4 0.0000000
10 8 9 5 0.0000000
10 8 9 6 0.0033710
10 8 9 7 -0.0000000
10 8 9 8 -0.0000316
10 8 9 9 -0.0000000
10 8 10 0 -0.0000000
10 8 10 1 0.0000000
10 8 10 2 0.0224624
10 8 10 3 0.0000000
10 8 10 4 0.0000000
10 8 10 5 0.0000000
10 8 10 6 0.0163145
10 8 10 7 0.0000000
10 8 10 8 0.1090353
10 8 10 9 0.0000000
10 8 10 10 -0.0000000
10 9 0 0 0.0125060
10 9 1 0 0.0002388
10 9 1 1 0.0247433
10 9 2 0 -0.0000000
10 9 2 1 -0.0000000
10 9 2 2 0.0134263
10 9 3 0 0.0003611
10 9 3 1 0.0108685
10 9 3 2 -0.0000000
10 9 3 3 0.0175915
10 9 4 0 -0.0002269
10 9 4 1 0.0154415
10 9 4 2 -0.0000000
10 9 4 3 0.0154687
10 9 4 4 0.0355290
10 9 5 0 0.0005868
10 9 5 1 -0.0088691
10 9 5 2 0.0000000
10 9 5 3 -0.0102801
10 9 5 4 -0.0189129
10 9 5 5 0.0289821
10 9 6 0 -0.0000000
10 9 6 1 0.0000000
10 9 6 2 0.0028161
10 9 6 3 0.0000000
10 9 6 4 0.0000000
10 9 6 5 -0.0000000
10 9 6 6 0.0126404
10 9 7 0 -0.0001043
10 9 7 1 -0.0008869
10 9 7 2 -0.0000000
10 9 7 3 0.0031821
10 9 7 4 0.0002104
10 9 7 5 0.0017117
10 9 7 6 -0.0000000
10 9 7 7 0.0335518
10 9 8 0 -0.0000000
10 9 8 1 0.0000000
10 9 8 2 0.0092302
10 9 8 3 0.0000000
10 9 8 4 0.0000000
10 9 8 5 0.0000000
10 9 8 6 0.0092780
10 9 8 7 0.0000000
10 9 8 8 0.0496116
10 9 9 0 0.0002711
10 9 9 1 -0.0047160
10 9 9 2 0.0000000
10 9 9 3 -0.0085924
10 9 9 4 -0.0192679
10 9 9 5 0.0111014
10 9 9 6 -0.0000000
10 9 9 7 0.0036628
10 9 9 8 -0.0000000
10 9 9 9 0.3648292
10 9 10 0 -0.0000062
10 9 10 1 -0.0000931
10 9 10 2 -0.0000000
10 9 10 3 0.0012667
10 9 10 4 0.0030642
10 9 10 5 0.0001958
10 9 10 6 -0.0000000
10 9 10 7 0.0038251
10 9 10 8 0.0000000
10 9 10 9 0.0530070
10 9 10 10 0.0389063
10 10 0 0 0.2902874
10 10 1 0 0.0023319
10 10 1 1 0.3891782
10 10 2 0 -0.0000000
10 10 2 1 -0.0000000
10 10 2 2 0.3059123
10 10 3 0 0.0027571
10 10 3 1 0.0598572
10 10 3 2 -0.0000000
10 10 3 3 0.2988091
10 10 4 0 -0.0012457
10 10 4 1 0.0687402
10 10 4 2 -0.0000000
10 10 4 3 0.0819328
10 10 4 4 0.4006061
10 10 5 0 0.0044854
10 10 5 1 -0.0626285
10 10 5 2 0.0000000
10 10 5 3 -0.0599384
10 10 5 4 -0.0753611
10 10 5 5 0.3981060
10 10 6 0 -0.0000000
10 10 6 1 0.0000000
10 10 6 2 0.0398384
10 10 6 3 0.0000000
10 10 6 4 0.0000000
10 10 6 5 -0.0000000
10 10 6 6 0.3097108
10 10 7 0 -0.0014267
10 10 7 1 -0.0007978
10 10 7 2 -0.0000000
10 10 7 3 0.0372671
10 10 7 4 0.0133917
10 10 7 5 0.0007676
10 10 7 6 0.0000000
10 10 7 7 0.4644442
10 10 8 0 -0.0000000
10 10 8 1 0.0000000
10 10 8 2 0.0637974
10 10 8 3 0.0000000
10 10 8 4 0.0000000
10 10 8 5 0.0000000
10 10 8 6 0.0522818
10 10 8 7 0.0000000
10 10 8 8 0.6110801
10 10 9 0 0.0005256
10 10 9 1 0.0034151
10 10 9 2 0.0000000
10 10 9 3 -0.0056839
10 10 9 4 -0.0166703
10 10 9 5 0.0053884
10 10 9 6 -0.0000000
10 10 9 7 0.0004443
10 10 9 8 -0.0000000
10 10 9 9 0.8412154
10 10 10 0 -0.0010805
10 10 10 1 -0.0536429
10 10 10 2 0.0000000
10 10 10 3 -0.0136915
10 10 10 4 -0.0044905
10 10 10 5 0.0434965
10 10 10 6 -0.0000000
10 10 10 7 0.0676362
10 10 10 8 -0.0000000
10 10 10 9 0.0389063
10 10 10 10 0.7072817
11 0 0 0 -0.0814054
11 0 1 0 0.0033717
11 0 1 1 -0.0067493
11 0 2 0 0.0000000
11 0 2 1 -0.0000000
11 0 2 2 -0.0006192
11 0 3 0 -0.0029907
11 0 3 1 0.0053531
11 0 3 2 0.0000000
11 0 3 3 -0.0050107
11 0 4 0 0.0023011
11 0 4 1 -0.0027852
11 0 4 2 -0.0000000
11 0 4 3 0.0020635
11 0 4 4 -0.0027632
11 0 5 0 0.0054623
11 0 5 1 -0.0047380
11 0 5 2 -0.0000000
11 0 5 3 0.0062180
11 0 5 4 -0.0033437
11 0 5 5 -0.0053712
11 0 6 0 -0.0000000
11 0 6 1 0.0000000
11 0 6 2 -0.0017205
11 0 6 3 -0.0000000
11 0 6 4 0.0000000
11 0 6 5 0.0000000
11 0 6 6 0.0005083
11 0 7 0 0.0111432
11 0 7 1 0.0015774
11 0 7 2 0.0000000
11 0 7 3 -0.0025229
11 0 7 4 0.0011802
11 0 7 5 0.0034975
11 0 7 6 -0.0000000
11 0 7 7 0.0064479
11 0 8 0 -0.0000000
11 0 8 1 0.0000000
11 0 8 2 0.0001424
11 0 8 3 0.0000000
11 0 8 4 0.0000000
11 0 8 5 0.0000000
11 0 8 6 0.0002351
11 0 8 7 0.0000000
11 0 8 8 -0.0008638
11 0 9 0 0.0001215
11 0 9 1 0.0000918
11 0 9 2 0.0000000
11 0 9 3 -0.0000659
11 0 9 4 0.0000123
11 0 9 5 0.0000584
11 0 9 6 -0.0000000
11 0 9 7 0.0000474
11 0 9 8 -0.0000000
11 0 9 9 -0.0008115
11 0 10 0 -0.0026926
11 0 10 1 -0.0010934
11 0 10 2 -0.0000000
11 0 10 3 0.0005241
11 0 10 4 -0.0006255
11 0 10 5 -0.0008478
11 0 10 6 0.0000000
11 0 10 7 -0.0020161
11 0 10 8 -0.0000000
11 0 10 9 0.0000015
11 0 10 10 -0.0005746
11 0 11 0 0.0110458
11 0 11 1 0.0033172
11 0 11 2 0.0000000
11 0 11 3 -0.0020713
11 0 11 4 0.0019907
11 0 11 5 0.0037898
11 0 11 6 -0.0000000
11 0 11 7 0.0071431
11 0 11 8 -0.0000000
11 0 11 9 -0.0000718
11 0 11 10 -0.0010760
11 0 11 11 0.0067875
11 1 0 0 -0.0083404
11 1 1 0 -0.0016641
11 1 1 1 -0.0059342
11 1 2 0 -0.0000000
11 1 2 1 -0.0000000
11 1 2 2 0.0021069
11 1 3 0 0.0051922
11 1 3 1 0.0221677
11 1 3 2 0.0000000
11 1 3 3 -0.0161529
11 1 4 0 -0.0024613
11 1 4 1 -0.0027710
11 1 4 2 -0.0000000
11 1 4 3 0.0136292
11 1 4 4 0.0012728
11 1 5 0 0.0002638
11 1 5 1 -0.0077169
11 1 5 2 -0.0000000
11 1 5 3 0.0119246
11 1 5 4 -0.0084746
11 1 5 5 0.0030971
11 1 6 0 0.0000000
11 1 6 1 0.0000000
11 1 6 2 -0.0012472
11 1 6 3 -0.0000000
11 1 6 4 0.0000000
11 1 6 5 0.0000000
11 1 6 6 0.0002498
11 1 7 0 0.0031174
11 1 7 1 0.0013089
11 1 7 2 0.0000000
11 1 7 3 -0.0062191
11 1 7 4 -0.0128757
11 1 7 5 0.0245417
11 1 7 6 -0.0000000
11 1 7 7 0.0123021
11 1 8 0 -0.0000000
11 1 8 1 0.0000000
11 1 8 2 -0.0000265
11 1 8 3 -0.0000000
11 1 8 4 0.0000000
11 1 8 5 0.0000000
11 1 8 6 0.0016797
11 1 8 7 -0.0000000
11 1 8 8 0.0085293
11 1 9 0 0.0000510
11 1 9 1 0.0007488
11 1 9 2 -0.0000000
11 1 9 3 -0.0000319
11 1 9 4 0.0009088
11 1 9 5 -0.0005882
11 1 9 6 0.0000000
11 1 9 7 -0.0004217
11 1 9 8 0.0000000
11 1 9 9 0.0085697
11 1 10 0 -0.0008126
11 1 10 1 -0.0035677
11 1 10 2 -0.0000000
11 1 10 3 0.0001995
11 1 10 4 -0.0000566
11 1 10 5 -0.0063828
11 1 10 6 0.0000000
11 1 10 7 -0.0125375
11 1 10 8 0.0000000
11 1 10 9 0.0020214
11 1 10 10 -0.0096721
11 1 11 0 0.0033172
11 1 11 1 0.0293802
11 1 11 2 -0.0000000
11 1 11 3 0.0103460
11 1 11 4 0.0132100
11 1 11 5 0.0087079
11 1 11 6 -0.0000000
11 1 11 7 0.0004312
11 1 11 8 0.0000000
11 1 11 9 0.0000113
11 1 11 10 0.0069368
11 1 11 11 0.0204477
11 2 0 0 -0.0000000
11 2 1 0 -0.0000000
11 2 1 1 -0.0000000
11 2 2 0 0.0049265
11 2 2 1 0.0175122
11 2 2 2 0.0000000
11 2 3 0 0.0000000
11 2 3 1 0.0000000
11 2 3 2 -0.0105960
11 2 3 3 -0.0000000
11 2 4 0 -0.0000000
11 2 4 1 -0.0000000
11 2 4 2 -0.0091981
11 2 4 3 -0.0000000
11 2 4 4 -0.0000000
11 2 5 0 -0.0000000
11 2 5 1 -0.0000000
11 2 5 2 0.0044180
11 2 5 3 0.0000000
11 2 5 4 -0.0000000
11 2 5 5 -0.0000000
11 2 6 0 -0.0066804
11 2 6 1 -0.0013177
11 2 6 2 -0.0000000
11 2 6 3 0.0090356
11 2 6 4 -0.0118728
11 2 6 5 -0.0121293
11 2 6 6 0.0000000
11 2 7 0 0.0000000
11 2 7 1 0.0000000
11 2 7 2 0.0173248
11 2 7 3 0.0000000
11 2 7 4 0.0000000
11 2 7 5 -0.0000000
11 2 7 6 -0.0182303
11 2 7 7 -0.0000000
11 2 8 0 -0.0001378
11 2 8 1 -0.0041781
11 2 8 2 0.0000000
11 2 8 3 -0.0007784
11 2 8 4 0.0026333
11 2 8 5 0.0007687
11 2 8 6 -0.0000000
11 2 8 7 -0.0035966
11 2 8 8 -0.0000000
11 2 9 0 0.0000000
11 2 9 1 -0.0000000
11 2 9 2 -0.0000618
11 2 9 3 -0.0000000
11 2 9 4 -0.0000000
11 2 9 5 0.0000000
11 2 9 6 -0.0000885
11 2 9 7 0.0000000
11 2 9 8 0.0005503
11 2 9 9 0.0000000
11 2 10 0 -0.0000000
11 2 10 1 -0.0000000
11 2 10 2 -0.0024531
11 2 10 3 -0.0000000
11 2 10 4 -0.0000000
11 2 10 5 0.0000000
11 2 10 6 0.0055004
11 2 10 7 0.0000000
11 2 10 8 0.0034036
11 2 10 9 -0.0000000
11 2 10 10 0.0000000
11 2 11 0 0.0000000
11 2 11 1 -0.0000000
11 2 11 2 0.0205815
11 2 11 3 -0.0000000
11 2 11 4 -0.0000000
11 2 11 5 -0.0000000
11 2 11 6 -0.0166881
11 2 11 7 0.0000000
11 2 11 8 0.0006918
11 2 11 9 -0.0000000
11 2 11 10 -0.0000000
11 2 11 11 -0.0000000
11 3 0 0 0.0192328
11 3 1 0 0.0040777
11 3 1 1 0.0353965
11 3 2 0 0.0000000
11 3 2 1 0.0000000
11 3 2 2 0.0128258
11 3 3 0 0.0031283
11 3 3 1 0.0022423
11 3 3 2 -0.0000000
11 3 3 3 0.0041691
11 3 4 0 -0.0010249
11 3 4 1 0.0062970
11 3 4 2 -0.0000000
11 3 4 3 0.0099932
11 3 4 4 0.0148486
11 3 5 0 0.0078695
11 3 5 1 0.0152456
11 3 5 2 0.0000000
11 3 5 3 -0.0072284
11 3 5 4 0.0058906
11 3 5 5 0.0334620
11 3 6 0 -0.0000000
11 3 6 1 -0.0000000
11 3 6 2 0.0062822
11 3 6 3 0.0000000
11 3 6 4 -0.0000000
11 3 6 5 -0.0000000
11 3 6 6 0.0065014
11 3 7 0 -0.0020238
11 3 7 1 -0.0026590
11 3 7 2 0.0000000
11 3 7 3 0.0150541
11 3 7 4 -0.0174570
11 3 7 5 0.0159459
11 3 7 6 -0.0000000
11 3 7 7 0.0015035
11 3 8 0 -0.0000000
11 3 8 1 -0.0000000
11 3 8 2 -0.0036268
11 3 8 3 -0.0000000
11 3 8 4 0.0000000
11 3 8 5 0.0000000
11 3 8 6 -0.0016526
11 3 8 7 -0.0000000
11 3 8 8 0.0096355
11 3 9 0 -0.0000643
11 3 9 1 -0.0002138
11 3 9 2 -0.0000000
11 3 9 3 0.0004470
11 3 9 4 0.0012184
11 3 9 5 -0.0009385
11 3 9 6 0.0000000
11 3 9 7 -0.0008661
11 3 9 8 0.0000000
11 3 9 9 -0.0002983
11 3 10 0 0.0006478
11 3 10 1 0.0047004
11 3 10 2 -0.0000000
11 3 10 3 -0.0038516
11 3 10 4 0.0037200
11 3 10 5 -0.0058899
11 3 10 6 0.0000000
11 3 10 7 -0.0059490
11 3 10 8 0.0000000
11 3 10 9 0.0001287
11 3 10 10 -0.0087199
11 3 11 0 -0.0020713
11 3 11 1 0.0103460
11 3 11 2 -0.0000000
11 3 11 3 0.0290347
11 3 11 4 0.0001913
11 3 11 5 0.0041345
11 3 11 6 -0.0000000
11 3 11 7 -0.0061907
11 3 11 8 -0.0000000
11 3 11 9 0.0004640
11 3 11 10 0.0028020
11 3 11 11 0.0119776
11 4 0 0 0.0067377
11 4 1 0 -0.0025204
11 4 1 1 -0.0083050
11 4 2 0 -0.0000000
11 4 2 1 -0.0000000
11 4 2 2 -0.0023810
11 4 3 0 0.0001388
11 4 3 1 0.0076113
11 4 3 2 -0.0000000
11 4 3 3 0.0060127
11 4 4 0 -0.0002484
11 4 4 1 0.0016485
11 4 4 2 -0.0000000
11 4 4 3 -0.0028393
11 4 4 4 -0.0011464
11 4 5 0 -0.0037530
11 4 5 1 -0.0042763
11 4 5 2 -0.0000000
11 4 5 3 0.0083003
11 4 5 4 -0.0078096
11 4 5 5 -0.0035055
11 4 6 0 0.0000000
11 4 6 1 0.0000000
11 4 6 2 -0.0068156
11 4 6 3 -0.0000000
11 4 6 4 0.0000000
11 4 6 5 0.0000000
11 4 6 6 0.0008623
11 4 7 0 0.0020422
11 4 7 1 -0.0073022
11 4 7 2 0.0000000
11 4 7 3 -0.0163099
11 4 7 4 -0.0104845
11 4 7 5 0.0104957
11 4 7 6 -0.0000000
11 4 7 7 0.0105908
11 4 8 0 -0.0000000
11 4 8 1 0.0000000
11 4 8 2 0.0010699
11 4 8 3 0.0000000
11 4 8 4 0.0000000
11 4 8 5 0.0000000
11 4 8 6 0.0017812
11 4 8 7 -0.0000000
11 4 8 8 -0.0001110
11 4 9 0 0.0000195
11 4 9 1 0.0008079
11 4 9 2 -0.0000000
11 4 9 3 0.0002006
11 4 9 4 0.0011810
11 4 9 5 -0.0010006
11 4 9 6 0.0000000
11 4 9 7 -0.0014517
11 4 9 8 0.0000000
11 4 9 9 -0.0040972
11 4 10 0 -0.0004183
11 4 10 1 0.0002520
11 4 10 2 -0.0000000
11 4 10 3 0.0006525
11 4 10 4 -0.0021190
11 4 10 5 -0.0019332
11 4 10 6 0.0000000
11 4 10 7 -0.0195445
11 4 10 8 0.0000000
11 4 10 9 0.0006071
11 4 10 10 -0.0182937
11 4 11 0 0.0019907
11 4 11 1 0.0132100
11 4 11 2 -0.0000000
11 4 11 3 0.0001913
11 4 11 4 0.0191531
11 4 11 5 -0.0089494
11 4 11 6 0.0000000
11 4 11 7 0.0032288
11 4 11 8 0.0000000
11 4 11 9 0.0010646
11 4 11 10 0.0093107
11 4 11 11 0.0173585
11 5 0 0 0.0100269
11 5 1 0 -0.0012512
11 5 1 1 0.0000363
11 5 2 0 -0.0000000
11 5 2 1 -0.0000000
11 5 2 2 0.0043455
11 5 3 0 0.0077619
11 5 3 1 0.0142573
11 5 3 2 0.0000000
11 5 3 3 -0.0174246
11 5 4 0 -0.0036891
11 5 4 1 -0.0048098
11 5 4 2 0.0000000
11 5 4 3 0.0117959
11 5 4 4 -0.0042258
11 5 5 0 0.0020219
11 5 5 1 0.0015582
11 5 5 2 -0.0000000
11 5 5 3 0.0106380
11 5 5 4 -0.0025137
11 5 5 5 0.0095480
11 5 6 0 0.0000000
11 5 6 1 0.0000000
11 5 6 2 -0.0021665
11 5 6 3 -0.0000000
11 5 6 4 0.0000000
11 5 6 5 0.0000000
11 5 6 6 0.0034335
11 5 7 0 0.0034634
11 5 7 1 0.0140422
11 5 7 2 -0.0000000
11 5 7 3 0.0116436
11 5 7 4 0.0057544
11 5 7 5 0.0119783
11 5 7 6 0.0000000
11 5 7 7 0.0111624
11 5 8 0 0.0000000
11 5 8 1 0.0000000
11 5 8 2 -0.0004182
11 5 8 3 0.0000000
11 5 8 4 0.0000000
11 5 8 5 -0.0000000
11 5 8 6 0.0004945
11 5 8 7 -0.0000000
11 5 8 8 0.0025267
11 5 9 0 0.0000248
11 5 9 1 -0.0002524
11 5 9 2 0.0000000
11 5 9 3 -0.0003987
11 5 9 4 -0.0008973
11 5 9 5 0.0007586
11 5 9 6 -0.0000000
11 5 9 7 0.0012050
11 5 9 8 -0.0000000
11 5 9 9 0.0062087
11 5 10 0 -0.0009094
11 5 10 1 -0.0059428
11 5 10 2 0.0000000
11 5 10 3 -0.0019700
11 5 10 4 -0.0009755
11 5 10 5 -0.0017898
11 5 10 6 -0.0000000
11 5 10 7 0.0052883
11 5 10 8 0.0000000
11 5 10 9 -0.0003661
11 5 10 10 0.0165174
11 5 11 0 0.0037898
11 5 11 1 0.0087079
11 5 11 2 -0.0000000
11 5 11 3 0.0041345
11 5 11 4 -0.0089494
11 5 11 5 0.0275797
11 5 11 6 -0.0000000
11 5 11 7 0.0126811
11 5 11 8 0.0000000
11 5 11 9 -0.0012116
11 5 11 10 -0.0053640
11 5 11 11 0.0119307
11 6 0 0 -0.0000000
11 6 1 0 0.0000000
11 6 1 1 0.0000000
11 6 2 0 -0.0058134
11 6 2 1 -0.0176258
11 6 2 2 -0.0000000
11 6 3 0 -0.0000000
11 6 3 1 -0.0000000
11 6 3 2 0.0131311
11 6 3 3 0.0000000
11 6 4 0 0.0000000
11 6 4 1 0.0000000
11 6 4 2 0.0071383
11 6 4 3 -0.0000000
11 6 4 4 0.0000000
11 6 5 0 0.0000000
11 6 5 1 0.0000000
11 6 5 2 -0.0048679
11 6 5 3 -0.0000000
11 6 5 4 0.0000000
11 6 5 5 0.0000000
11 6 6 0 0.0077963
11 6 6 1 0.0008133
11 6 6 2 0.0000000
11 6 6 3 -0.0109215
11 6 6 4 0.0130547
11 6 6 5 0.0118501
11 6 6 6 -0.0000000
11 6 7 0 -0.0000000
11 6 7 1 -0.0000000
11 6 7 2 -0.0186511
11 6 7 3 -0.0000000
11 6 7 4 -0.0000000
11 6 7 5 0.0000000
11 6 7 6 0.0174958
11 6 7 7 -0.0000000
11 6 8 0 0.0001325
11 6 8 1 0.0054498
11 6 8 2 -0.0000000
11 6 8 3 0.0013618
11 6 8 4 0.0005310
11 6 8 5 -0.0036300
11 6 8 6 0.0000000
11 6 8 7 -0.0021739
11 6 8 8 0.0000000
11 6 9 0 -0.0000000
11 6 9 1 0.0000000
11 6 9 2 0.0003660
11 6 9 3 0.0000000
11 6 9 4 0.0000000
11 6 9 5 -0.0000000
11 6 9 6 0.0004853
11 6 9 7 -0.0000000
11 6 9 8 -0.0001106
11 6 9 9 -0.0000000
11 6 10 0 0.0000000
11 6 10 1 0.0000000
11 6 10 2 0.0048387
11 6 10 3 0.0000000
11 6 10 4 0.0000000
11 6 10 5 -0.0000000
11 6 10 6 -0.0035688
11 6 10 7 -0.0000000
11 6 10 8 0.0086595
11 6 10 9 0.0000000
11 6 10 10 -0.0000000
11 6 11 0 -0.0000000
11 6 11 1 -0.0000000
11 6 11 2 -0.0166881
11 6 11 3 -0.0000000
11 6 11 4 0.0000000
11 6 11 5 -0.0000000
11 6 11 6 0.0204086
11 6 11 7 -0.0000000
11 6 11 8 0.0058579
11 6 11 9 0.0000000
11 6 11 10 0.0000000
11 6 11 11 -0.0000000
11 7 0 0 0.2545729
11 7 1 0 -0.0092650
11 7 1 1 0.0093204
11 7 2 0 -0.0000000
11 7 2 1 0.0000000
11 7 2 2 0.0813209
11 7 3 0 0.0048385
11 7 3 1 -0.0363953
11 7 3 2 0.0000000
11 7 3 3 0.0988613
11 7 4 0 -0.0030219
11 7 4 1 -0.0382063
11 7 4 2 0.0000000
11 7 4 3 -0.0830879
11 7 4 4 -0.0250209
11 7 5 0 -0.0113333
11 7 5 1 0.0844382
11 7 5 2 -0.0000000
11 7 5 3 0.0599980
11 7 5 4 0.0357569
11 7 5 5 0.0381259
11 7 6 0 0.0000000
11 7 6 1 -0.0000000
11 7 6 2 -0.0864711
11 7 6 3 -0.0000000
11 7 6 4 -0.0000000
11 7 6 5 0.0000000
11 7 6 6 0.0847735
11 7 7 0 0.0073373
11 7 7 1 0.0044629
11 7 7 2 0.0000000
11 7 7 3 -0.0263810
11 7 7 4 0.0111211
11 7 7 5 0.0022969
11 7 7 6 -0.0000000
11 7 7 7 -0.0050324
11 7 8 0 0.0000000
11 7 8 1 -0.0000000
11 7 8 2 -0.0363004
11 7 8 3 -0.0000000
11 7 8 4 -0.0000000
11 7 8 5 -0.0000000
11 7 8 6 -0.0223618
11 7 8 7 -0.0000000
11 7 8 8 -0.1510892
11 7 9 0 -0.0004465
11 7 9 1 -0.0033719
11 7 9 2 -0.0000000
11 7 9 3 0.0014398
11 7 9 4 0.0053364
11 7 9 5 -0.0010723
11 7 9 6 0.0000000
11 7 9 7 0.0011149
11 7 9 8 0.0000000
11 7 9 9 -0.2608277
11 7 10 0 -0.0005056
11 7 10 1 0.0164036
11 7 10 2 -0.0000000
11 7 10 3 0.0047819
11 7 10 4 -0.0079357
11 7 10 5 -0.0088436
11 7 10 6 0.0000000
11 7 10 7 -0.0287868
11 7 10 8 0.0000000
11 7 10 9 -0.0193253
11 7 10 10 -0.1626449
11 7 11 0 0.0071431
11 7 11 1 0.0004312
11 7 11 2 0.0000000
11 7 11 3 -0.0061907
11 7 11 4 0.0032288
11 7 11 5 0.0126811
11 7 11 6 -0.0000000
11 7 11 7 0.2035800
11 7 11 8 -0.0000000
11 7 11 9 -0.0030648
11 7 11 10 -0.0593355
11 7 11 11 0.0251492
11 8 0 0 -0.0000000
11 8 1 0 0.0000000
11 8 1 1 -0.0000000
11 8 2 0 -0.0005548
11 8 2 1 -0.0072236
11 8 2 2 -0.0000000
11 8 3 0 -0.0000000
11 8 3 1 -0.0000000
11 8 3 2 0.0011000
11 8 3 3 0.0000000
11 8 4 0 -0.0000000
11 8 4 1 -0.0000000
11 8 4 2 0.0073648
11 8 4 3 0.0000000
11 8 4 4 0.0000000
11 8 5 0 0.0000000
11 8 5 1 -0.0000000
11 8 5 2 0.0002507
11 8 5 3 -0.0000000
11 8 5 4 0.0000000
11 8 5 5 0.0000000
11 8 6 0 0.0007363
11 8 6 1 -0.0030634
11 8 6 2 -0.0000000
11 8 6 3 -0.0000350
11 8 6 4 0.0079681
11 8 6 5 0.0052399
11 8 6 6 -0.0000000
11 8 7 0 0.0000000
11 8 7 1 -0.0000000
11 8 7 2 -0.0066852
11 8 7 3 -0.0000000
11 8 7 4 -0.0000000
11 8 7 5 -0.0000000
11 8 7 6 -0.0018411
11 8 7 7 -0.0000000
11 8 8 0 -0.0000803
11 8 8 1 0.0076272
11 8 8 2 -0.0000000
11 8 8 3 0.0036485
11 8 8 4 0.0056162
11 8 8 5 -0.0098663
11 8 8 6 0.0000000
11 8 8 7 -0.0181298
11 8 8 8 0.0000000
11 8 9 0 -0.0000000
11 8 9 1 0.0000000
11 8 9 2 0.0006227
11 8 9 3 0.0000000
11 8 9 4 0.0000000
11 8 9 5 0.0000000
11 8 9 6 0.0007606
11 8 9 7 -0.0000000
11 8 9 8 0.0001755
11 8 9 9 -0.0000000
11 8 10 0 -0.0000000
11 8 10 1 0.0000000
11 8 10 2 0.0062827
11 8 10 3 0.0000000
11 8 10 4 0.0000000
11 8 10 5 0.0000000
11 8 10 6 0.0043769
11 8 10 7 -0.0000000
11 8 10 8 0.0253056
11 8 10 9 0.0000000
11 8 10 10 -0.0000000
11 8 11 0 -0.0000000
11 8 11 1 0.0000000
11 8 11 2 0.0006918
11 8 11 3 -0.0000000
11 8 11 4 0.0000000
11 8 11 5 0.0000000
11 8 11 6 0.0058579
11 8 11 7 -0.0000000
11 8 11 8 0.0229402
11 8 11 9 0.0000000
11 8 11 10 0.0000000
11 8 11 11 -0.0000000
11 9 0 0 0.0046731
11 9 1 0 0.0000709
11 9 1 1 0.0063439
11 9 2 0 0.0000000
11 9 2 1 -0.0000000
11 9 2 2 0.0038025
11 9 3 0 -0.0000057
11 9 3 1 0.0010927
11 9 3 2 -0.0000000
11 9 3 3 0.0048254
11 9 4 0 -0.0000043
11 9 4 1 0.0028453
11 9 4 2 -0.0000000
11 9 4 3 0.0021000
11 9 4 4 0.0074785
11 9 5 0 0.0000839
11 9 5 1 -0.0010702
11 9 5 2 0.0000000
11 9 5 3 -0.0019346
11 9 5 4 -0.0029545
11 9 5 5 0.0066223
11 9 6 0 -0.0000000
11 9 6 1 0.0000000
11 9 6 2 0.0003872
11 9 6 3 0.0000000
11 9 6 4 0.0000000
11 9 6 5 -0.0000000
11 9 6 6 0.0038144
11 9 7 0 -0.0000919
11 9 7 1 -0.0009650
11 9 7 2 0.0000000
11 9 7 3 -0.0000786
11 9 7 4 -0.0011701
11 9 7 5 0.0007147
11 9 7 6 -0.0000000
11 9 7 7 0.0065731
11 9 8 0 -0.0000000
11 9 8 1 0.0000000
11 9 8 2 0.0012628
11 9 8 3 0.0000000
11 9 8 4 0.0000000
11 9 8 5 0.0000000
11 9 8 6 0.0012482
11 9 8 7 -0.0000000
11 9 8 8 0.0085152
11 9 9 0 0.0000578
11 9 9 1 -0.0003783
11 9 9 2 0.0000000
11 9 9 3 -0.0020331
11 9 9 4 -0.0029611
11 9 9 5 0.0013661
11 9 9 6 -0.0000000
11 9 9 7 -0.0066747
11 9 9 8 -0.0000000
11 9 9 9 0.0538247
11 9 10 0 0.0000286
11 9 10 1 0.0007133
11 9 10 2 -0.0000000
11 9 10 3 0.0003062
11 9 10 4 0.0006436
11 9 10 5 -0.0002666
11 9 10 6 0.0000000
11 9 10 7 0.0007309
11 9 10 8 0.0000000
11 9 10 9 0.0071202
11 9 10 10 0.0059734
11 9 11 0 -0.0000718
11 9 11 1 0.0000113
11 9 11 2 -0.0000000
11 9 11 3 0.0004640
11 9 11 4 0.0010646
11 9 11 5 -0.0012116
11 9 11 6 0.0000000
11 9 11 7 -0.0030648
11 9 11 8 0.0000000
11 9 11 9 0.0067784
11 9 11 10 -0.0001085
11 9 11 11 0.0052265
11 10 0 0 -0.0747404
11 10 1 0 0.0014894
11 10 1 1 -0.0226954
11 10 2 0 0.0000000
11 10 2 1 -0.0000000
11 10 2 2 -0.0312417
11 10 3 0 -0.0008253
11 10 3 1 0.0115180
11 10 3 2 -0.0000000
11 10 3 3 -0.0381941
11 10 4 0 0.0005766
11 10 4 1 0.0070880
11 10 4 2 -0.0000000
11 10 4 3 0.0175339
11 10 4 4 -0.0111197
11 10 5 0 0.0019197
11 10 5 1 -0.0247424
11 10 5 2 0.0000000
11 10 5 3 -0.0116807
11 10 5 4 -0.0104066
11 10 5 5 -0.0230564
11 10 6 0 -0.0000000
11 10 6 1 0.0000000
11 10 6 2 0.0199557
11 10 6 3 0.0000000
11 10 6 4 0.0000000
11 10 6 5 -0.0000000
11 10 6 6 -0.0320133
11 10 7 0 -0.0009560
11 10 7 1 -0.0039098
11 10 7 2 0.0000000
11 10 7 3 -0.0008418
11 10 7 4 -0.0158713
11 10 7 5 0.0090651
11 10 7 6 -0.0000000
11 10 7 7 -0.0022269
11 10 8 0 -0.0000000
11 10 8 1 0.0000000
11 10 8 2 0.0148401
11 10 8 3 0.0000000
11 10 8 4 0.0000000
11 10 8 5 0.0000000
11 10 8 6 0.0114778
11 10 8 7 -0.0000000
11 10 8 8 0.0426933
11 10 9 0 0.0001559
11 10 9 1 0.0015158
11 10 9 2 0.0000000
11 10 9 3 -0.0010244
11 10 9 4 -0.0027577
11 10 9 5 0.0007910
11 10 9 6 -0.0000000
11 10 9 7 -0.0002474
11 10 9 8 -0.0000000
11 10 9 9 0.0655127
11 10 10 0 0.0000057
11 10 10 1 -0.0161165
11 10 10 2 0.0000000
11 10 10 3 -0.0135643
11 10 10 4 -0.0131197
11 10 10 5 0.0144005
11 10 10 6 -0.0000000
11 10 10 7 -0.0364429
11 10 10 8 -0.0000000
11 10 10 9 0.0031839
11 10 10 10 0.0421725
11 10 11 0 -0.0010760
11 10 11 1 0.0069368
11 10 11 2 -0.0000000
11 10 11 3 0.0028020
11 10 11 4 0.0093107
11 10 11 5 -0.0053640
11 10 11 6 0.0000000
11 10 11 7 -0.0593355
11 10 11 8 0.0000000
11 10 11 9 -0.0001085
11 10 11 10 0.0530171
11 10 11 11 0.0051729
11 11 0 0 0.5901308
11 11 1 0 -0.0062076
11 11 1 1 0.4462975
11 11 2 0 -0.0000000
11 11 2 1 -0.0000000
11 11 2 2 0.4196972
11 11 3 0 0.0097249
11 11 3 1 0.0384724
11 11 3 2 0.0000000
11 11 3 3 0.4331989
11 11 4 0 -0.0050808
11 11 4 1 0.0419679
11 11 4 2 -0.0000000
11 11 4 3 0.0068206
11 11 4 4 0.4165462
11 11 5 0 -0.0045891
11 11 5 1 0.0388252
11 11 5 2 -0.0000000
11 11 5 3 0.0056961
11 11 5 4 -0.0460197
11 11 5 5 0.4783394
11 11 6 0 0.0000000
11 11 6 1 -0.0000000
11 11 6 2 -0.0570778
11 11 6 3 -0.0000000
11 11 6 4 0.0000000
11 11 6 5 -0.0000000
11 11 6 6 0.4212187
11 11 7 0 0.0065607
11 11 7 1 -0.0021266
11 11 7 2 0.0000000
11 11 7 3 0.0003054
11 11 7 4 -0.0071812
11 11 7 5 0.0280941
11 11 7 6 -0.0000000
11 11 7 7 0.5013990
11 11 8 0 -0.0000000
11 11 8 1 0.0000000
11 11 8 2 0.0101788
11 11 8 3 0.0000000
11 11 8 4 0.0000000
11 11 8 5 0.0000000
11 11 8 6 0.0198374
11 11 8 7 -0.0000000
11 11 8 8 0.4338929
11 11 9 0 -0.0000681
11 11 9 1 -0.0000504
11 11 9 2 0.0000000
11 11 9 3 -0.0018028
11 11 9 4 -0.0038704
11 11 9 5 -0.0004029
11 11 9 6 0.0000000
11 11 9 7 0.0002551
11 11 9 8 -0.0000000
11 11 9 9 0.5430572
11 11 10 0 -0.0009734
11 11 10 1 0.0028742
11 11 10 2 -0.0000000
11 11 10 3 0.0031467
11 11 10 4 0.0130166
11 11 10 5 -0.0065160
11 11 10 6 0.0000000
11 11 10 7 -0.0364347
11 11 10 8 -0.0000000
11 11 10 9 0.0272588
11 11 10 10 0.4103354
11 11 11 0 0.0067875
11 11 11 1 0.0204477
11 11 11 2 -0.0000000
11 11 11 3 0.0119776
11 11 11 4 0.0173585
11 11 11 5 0.0119307
11 11 11 6 -0.0000000
11 11 11 7 0.0251492
11 11 11 8 -0.0000000
11 11 11 9 0.0052265
11 11 11 10 0.0051729
11 11 11 11 0.5093197
