NMONOMER	1
NELEC	8
ENUC	7.351144
NBASIS	12
HOMO	2
LUMO	2
ENT	5
HF_ENERGY	-35.051962
ENERGIES
-10.820272
-0.474361
-0.419610
-0.224803
0.593345
0.810917
0.930794
849736.596484
965066.605669
996478.320897
1070621.217246
1118093.725407

OEI
-18.381375	
0.273108	-4.281671	
-0.000000	0.000000	-3.738147	
-0.101338	0.144615	-0.000000	-4.062867	
0.268474	-0.192373	-0.000000	0.481617	-3.043800	
-0.000000	-0.000000	-0.850925	-0.000000	-0.000000	-3.635924	
-0.197809	0.797536	-0.000000	0.429953	-0.097383	0.000000	-3.142605	
0.104910	0.067991	-0.000000	-0.108885	-0.459375	0.000000	0.065012	849733.054086	
-0.000000	-0.000000	-0.073835	-0.000000	-0.000000	-0.118060	-0.000000	0.000000	965063.938603	
-0.005118	-0.021188	-0.000000	-0.004807	0.002474	-0.000000	0.016939	0.002812	0.000000	996475.330528	
-0.035740	-0.190691	0.000000	-0.043557	0.105509	-0.000000	-0.173401	0.193953	0.000000	0.124453	1070618.847737	
0.101380	0.080875	0.000000	-0.214592	-0.459876	0.000000	0.024800	-0.962158	0.000000	0.034467	0.333491	1118090.065115	

ENV_OEI
-4.909581	
0.511358	-0.592490	
-0.000000	0.000000	-0.119442	
-0.201894	-0.090000	0.000000	-0.395256	
0.473662	-0.097524	0.000000	0.121425	-0.170092	
-0.000000	-0.000000	-0.195610	-0.000000	-0.000000	-0.332012	
-0.388008	-0.140177	0.000000	-0.217415	0.005722	-0.000000	-1.051383	
0.225034	0.015543	-0.000000	-0.065026	-0.070135	0.000000	-0.010166	-0.550757	
0.000000	0.000000	0.062102	0.000000	0.000000	0.034466	-0.000000	-0.000000	-0.707624	
0.018179	-0.469767	0.000000	-0.452162	-0.056282	-0.000000	-1.472156	0.127274	-0.000000	-18.531287	
-0.055585	0.045053	-0.000000	0.011561	0.021475	0.000000	0.082840	-0.236507	-0.000000	1.671701	-0.764714	
0.213748	0.015152	-0.000000	0.000595	-0.082077	0.000000	0.048785	0.140011	0.000000	0.177304	0.100887	-0.375471	

OVERLAP
1.000000	
0.248362	1.000000	
0.061767	0.488736	1.000000	
0.061767	0.488736	0.167856	1.000000	
0.000000	0.027047	0.005362	0.005362	1.000000	
0.027047	0.301519	0.096511	0.096511	0.248362	1.000000	
0.000000	0.000000	0.259000	0.259000	-0.015125	-0.113119	1.000000	
0.000000	0.000000	-0.380474	0.380474	0.000000	0.000000	0.000000	1.000000	
0.000000	0.000000	0.073326	0.073326	-0.042713	-0.319437	0.000000	0.000000	1.000000	
0.015125	0.113119	0.064594	0.064594	0.000000	0.000000	0.112775	0.000000	-0.151526	1.000000	
0.000000	0.000000	-0.051506	0.051506	0.000000	0.000000	0.000000	0.166433	0.000000	0.000000	1.000000	
0.042713	0.319437	0.093323	0.093323	0.000000	0.000000	-0.151526	0.000000	-0.261465	0.000000	0.000000	1.000000	

MOCOEFF
-0.996522	-0.018362	0.008893	0.008893	-0.001625	0.008224	0.020529	0.000000	0.002204	-0.002508	-0.000000	0.003783	
0.180079	-0.560450	-0.057259	-0.057259	0.045518	-0.079888	0.453438	0.000000	0.196547	-0.180943	-0.000000	-0.340769	
-0.000000	0.000000	-0.526171	0.526171	-0.000000	0.000000	-0.000000	0.445796	-0.000000	0.000000	-0.128397	0.000000	
-0.072420	0.207144	0.261416	0.261416	0.041410	-0.116273	-0.391898	0.000000	0.688737	-0.016159	-0.000000	-0.297873	
0.157666	-1.043203	0.922367	0.922367	0.004746	-0.038491	-0.404737	0.000000	-0.399760	-0.015971	-0.000000	-0.004451	
-0.000000	0.000000	0.803171	-0.803171	0.000000	-0.000000	0.000000	1.170166	-0.000000	-0.000000	-0.112017	-0.000000	
-0.137768	0.825287	-0.090367	-0.090367	0.130070	-0.779716	-0.233837	-0.000000	-0.825524	-0.324384	0.000000	-0.904641	
0.084288	-0.388041	0.000000	0.000000	-0.012325	0.049401	-0.608823	0.000000	0.000000	0.744812	0.000000	-0.291146	
-0.000000	0.000000	0.000000	-0.000000	-0.000000	0.000000	0.000000	-0.000000	0.000000	-0.000000	1.000000	-0.000000	
-0.000565	0.002599	0.000000	0.000000	1.025611	-0.216380	0.004077	0.000000	-0.000000	0.053739	0.000000	0.092871	
-0.018947	0.087226	-0.000000	-0.000000	-0.019715	-0.850780	0.136854	-0.000000	0.000000	0.334096	0.000000	0.355391	
0.081637	-0.375837	0.000000	0.000000	0.011610	-0.229166	-0.589676	0.000000	-0.000000	-0.509850	0.000000	0.308002	

ERI
0 0 0 0 3.5227353
1 0 0 0 -0.2373128
1 0 1 0 0.0311951
1 0 1 1 0.0059689
1 1 0 0 0.7302191
1 1 1 0 0.0059689
1 1 1 1 0.6495799
2 0 0 0 0.0000000
2 0 1 0 -0.0000000
2 0 1 1 0.0000000
2 0 2 0 0.0054848
2 0 2 1 0.0055998
2 0 2 2 -0.0000000
2 1 0 0 -0.0000000
2 1 1 0 -0.0000000
2 1 1 1 -0.0000000
2 1 2 0 0.0055998
2 1 2 1 0.0327745
2 1 2 2 0.0000000
2 2 0 0 0.5764885
2 2 1 0 -0.0062647
2 2 1 1 0.4075846
2 2 2 0 -0.0000000
2 2 2 1 0.0000000
2 2 2 2 0.5277780
3 0 0 0 0.0925282
3 0 1 0 -0.0104182
3 0 1 1 0.0046443
3 0 2 0 0.0000000
3 0 2 1 -0.0000000
3 0 2 2 0.0021602
3 0 3 0 0.0175518
3 0 3 1 0.0132943
3 0 3 2 -0.0000000
3 0 3 3 -0.0070735
3 1 0 0 -0.0599008
3 1 1 0 0.0011705
3 1 1 1 0.0274833
3 1 2 0 -0.0000000
3 1 2 1 -0.0000000
3 1 2 2 -0.0248006
3 1 3 0 0.0132943
3 1 3 1 0.0865397
3 1 3 2 -0.0000000
3 1 3 3 -0.0402918
3 2 0 0 0.0000000
3 2 1 0 -0.0000000
3 2 1 1 -0.0000000
3 2 2 0 -0.0034451
3 2 2 1 -0.0271779
3 2 2 2 0.0000000
3 2 3 0 -0.0000000
3 2 3 1 -0.0000000
3 2 3 2 0.0501265
3 2 3 3 0.0000000
3 3 0 0 0.7395922
3 3 1 0 -0.0051705
3 3 1 1 0.5163159
3 3 2 0 0.0000000
3 3 2 1 -0.0000000
3 3 2 2 0.4554992
3 3 3 0 -0.0070735
3 3 3 1 -0.0402918
3 3 3 2 0.0000000
3 3 3 3 0.5694684
4 0 0 0 -0.2146574
4 0 1 0 0.0178514
4 0 1 1 -0.0176839
4 0 2 0 -0.0000000
4 0 2 1 0.0000000
4 0 2 2 0.0000641
4 0 3 0 -0.0121751
4 0 3 1 -0.0016380
4 0 3 2 -0.0000000
4 0 3 3 -0.0041570
4 0 4 0 0.0250159
4 0 4 1 -0.0026226
4 0 4 2 -0.0000000
4 0 4 3 0.0002334
4 0 4 4 0.0019342
4 1 0 0 0.0645682
4 1 1 0 -0.0016276
4 1 1 1 0.0252031
4 1 2 0 0.0000000
4 1 2 1 -0.0000000
4 1 2 2 -0.0026446
4 1 3 0 -0.0022803
4 1 3 1 -0.0141423
4 1 3 2 0.0000000
4 1 3 3 0.0327718
4 1 4 0 -0.0026226
4 1 4 1 0.0100863
4 1 4 2 0.0000000
4 1 4 3 -0.0218533
4 1 4 4 -0.0028413
4 2 0 0 0.0000000
4 2 1 0 0.0000000
4 2 1 1 -0.0000000
4 2 2 0 0.0015025
4 2 2 1 -0.0298100
4 2 2 2 0.0000000
4 2 3 0 0.0000000
4 2 3 1 0.0000000
4 2 3 2 0.0549669
4 2 3 3 -0.0000000
4 2 4 0 -0.0000000
4 2 4 1 0.0000000
4 2 4 2 0.1249616
4 2 4 3 -0.0000000
4 2 4 4 -0.0000000
4 3 0 0 -0.1392821
4 3 1 0 0.0028152
4 3 1 1 -0.0526486
4 3 2 0 -0.0000000
4 3 2 1 0.0000000
4 3 2 2 0.0076591
4 3 3 0 0.0103879
4 3 3 1 0.0341794
4 3 3 2 -0.0000000
4 3 3 3 -0.0844246
4 3 4 0 0.0002334
4 3 4 1 -0.0218533
4 3 4 2 -0.0000000
4 3 4 3 0.0683602
4 3 4 4 -0.0010525
4 4 0 0 0.5962065
4 4 1 0 -0.0132878
4 4 1 1 0.3674882
4 4 2 0 0.0000000
4 4 2 1 0.0000000
4 4 2 2 0.5118719
4 4 3 0 -0.0014628
4 4 3 1 -0.0373358
4 4 3 2 0.0000000
4 4 3 3 0.4572179
4 4 4 0 0.0019342
4 4 4 1 -0.0028413
4 4 4 2 -0.0000000
4 4 4 3 -0.0010525
4 4 4 4 0.5405023
5 0 0 0 0.0000000
5 0 1 0 0.0000000
5 0 1 1 0.0000000
5 0 2 0 0.0112922
5 0 2 1 0.0123569
5 0 2 2 -0.0000000
5 0 3 0 0.0000000
5 0 3 1 -0.0000000
5 0 3 2 -0.0090566
5 0 3 3 0.0000000
5 0 4 0 -0.0000000
5 0 4 1 0.0000000
5 0 4 2 -0.0018245
5 0 4 3 -0.0000000
5 0 4 4 0.0000000
5 0 5 0 0.0235178
5 0 5 1 0.0173526
5 0 5 2 -0.0000000
5 0 5 3 -0.0055131
5 0 5 4 0.0152543
5 0 5 5 -0.0000000
5 1 0 0 0.0000000
5 1 1 0 0.0000000
5 1 1 1 0.0000000
5 1 2 0 0.0085628
5 1 2 1 0.0354909
5 1 2 2 -0.0000000
5 1 3 0 0.0000000
5 1 3 1 -0.0000000
5 1 3 2 -0.0174088
5 1 3 3 0.0000000
5 1 4 0 0.0000000
5 1 4 1 0.0000000
5 1 4 2 -0.0002839
5 1 4 3 -0.0000000
5 1 4 4 -0.0000000
5 1 5 0 0.0173526
5 1 5 1 0.0526025
5 1 5 2 0.0000000
5 1 5 3 -0.0153896
5 1 5 4 0.0202974
5 1 5 5 0.0000000
5 2 0 0 0.2348502
5 2 1 0 -0.0012726
5 2 1 1 0.1217887
5 2 2 0 -0.0000000
5 2 2 1 -0.0000000
5 2 2 2 0.0079042
5 2 3 0 -0.0002190
5 2 3 1 -0.0084086
5 2 3 2 0.0000000
5 2 3 3 0.0900631
5 2 4 0 -0.0066107
5 2 4 1 0.0230840
5 2 4 2 -0.0000000
5 2 4 3 -0.0582456
5 2 4 4 -0.0246863
5 2 5 0 -0.0000000
5 2 5 1 0.0000000
5 2 5 2 0.1108098
5 2 5 3 0.0000000
5 2 5 4 0.0000000
5 2 5 5 0.0768379
5 3 0 0 0.0000000
5 3 1 0 -0.0000000
5 3 1 1 0.0000000
5 3 2 0 -0.0034153
5 3 2 1 -0.0032677
5 3 2 2 0.0000000
5 3 3 0 -0.0000000
5 3 3 1 -0.0000000
5 3 3 2 0.0036006
5 3 3 3 0.0000000
5 3 4 0 -0.0000000
5 3 4 1 -0.0000000
5 3 4 2 -0.0373527
5 3 4 3 -0.0000000
5 3 4 4 -0.0000000
5 3 5 0 -0.0055131
5 3 5 1 -0.0153896
5 3 5 2 0.0000000
5 3 5 3 0.0326822
5 3 5 4 0.0166149
5 3 5 5 -0.0000000
5 4 0 0 0.0000000
5 4 1 0 0.0000000
5 4 1 1 0.0000000
5 4 2 0 0.0056566
5 4 2 1 0.0397177
5 4 2 2 -0.0000000
5 4 3 0 0.0000000
5 4 3 1 -0.0000000
5 4 3 2 -0.0657537
5 4 3 3 0.0000000
5 4 4 0 0.0000000
5 4 4 1 -0.0000000
5 4 4 2 -0.1045054
5 4 4 3 -0.0000000
5 4 4 4 0.0000000
5 4 5 0 0.0152543
5 4 5 1 0.0202974
5 4 5 2 0.0000000
5 4 5 3 0.0166149
5 4 5 4 0.1154102
5 4 5 5 -0.0000000
5 5 0 0 0.7928551
5 5 1 0 -0.0068489
5 5 1 1 0.5043339
5 5 2 0 0.0000000
5 5 2 1 -0.0000000
5 5 2 2 0.5203388
5 5 3 0 0.0022843
5 5 3 1 -0.0332564
5 5 3 2 0.0000000
5 5 3 3 0.5156988
5 5 4 0 -0.0086654
5 5 4 1 0.0154775
5 5 4 2 0.0000000
5 5 4 3 -0.0297816
5 5 4 4 0.5006305
5 5 5 0 -0.0000000
5 5 5 1 0.0000000
5 5 5 2 0.0768379
5 5 5 3 -0.0000000
5 5 5 4 -0.0000000
5 5 5 5 0.5878971
6 0 0 0 0.1798963
6 0 1 0 -0.0251000
6 0 1 1 -0.0085279
6 0 2 0 0.0000000
6 0 2 1 0.0000000
6 0 2 2 0.0043538
6 0 3 0 -0.0016195
6 0 3 1 -0.0099181
6 0 3 2 0.0000000
6 0 3 3 0.0096821
6 0 4 0 -0.0101089
6 0 4 1 0.0031698
6 0 4 2 -0.0000000
6 0 4 3 -0.0098969
6 0 4 4 0.0140369
6 0 5 0 0.0000000
6 0 5 1 -0.0000000
6 0 5 2 0.0010934
6 0 5 3 0.0000000
6 0 5 4 -0.0000000
6 0 5 5 0.0046692
6 0 6 0 0.0273727
6 0 6 1 0.0031216
6 0 6 2 -0.0000000
6 0 6 3 -0.0030745
6 0 6 4 0.0031650
6 0 6 5 -0.0000000
6 0 6 6 -0.0083869
6 1 0 0 -0.2358324
6 1 1 0 0.0000853
6 1 1 1 -0.0702837
6 1 2 0 -0.0000000
6 1 2 1 -0.0000000
6 1 2 2 -0.0667428
6 1 3 0 -0.0051052
6 1 3 1 0.0398560
6 1 3 2 -0.0000000
6 1 3 3 -0.0690101
6 1 4 0 0.0102599
6 1 4 1 -0.0089889
6 1 4 2 -0.0000000
6 1 4 3 0.0160643
6 1 4 4 -0.0567645
6 1 5 0 -0.0000000
6 1 5 1 -0.0000000
6 1 5 2 -0.0412967
6 1 5 3 0.0000000
6 1 5 4 -0.0000000
6 1 5 5 -0.1054555
6 1 6 0 0.0031216
6 1 6 1 0.1132700
6 1 6 2 -0.0000000
6 1 6 3 0.0580567
6 1 6 4 0.0001570
6 1 6 5 0.0000000
6 1 6 6 0.0039202
6 2 0 0 0.0000000
6 2 1 0 -0.0000000
6 2 1 1 0.0000000
6 2 2 0 -0.0034317
6 2 2 1 -0.0133899
6 2 2 2 0.0000000
6 2 3 0 0.0000000
6 2 3 1 -0.0000000
6 2 3 2 -0.0009554
6 2 3 3 0.0000000
6 2 4 0 -0.0000000
6 2 4 1 -0.0000000
6 2 4 2 -0.0015323
6 2 4 3 -0.0000000
6 2 4 4 0.0000000
6 2 5 0 -0.0067944
6 2 5 1 -0.0199853
6 2 5 2 0.0000000
6 2 5 3 0.0010760
6 2 5 4 -0.0023632
6 2 5 5 0.0000000
6 2 6 0 -0.0000000
6 2 6 1 -0.0000000
6 2 6 2 0.0120557
6 2 6 3 -0.0000000
6 2 6 4 0.0000000
6 2 6 5 0.0161724
6 2 6 6 -0.0000000
6 3 0 0 -0.1282626
6 3 1 0 0.0055415
6 3 1 1 0.0120420
6 3 2 0 -0.0000000
6 3 2 1 -0.0000000
6 3 2 2 -0.0540143
6 3 3 0 -0.0035498
6 3 3 1 0.0225711
6 3 3 2 -0.0000000
6 3 3 3 -0.0522019
6 3 4 0 -0.0003731
6 3 4 1 -0.0030526
6 3 4 2 0.0000000
6 3 4 3 0.0130671
6 3 4 4 -0.0653070
6 3 5 0 0.0000000
6 3 5 1 0.0000000
6 3 5 2 -0.0069247
6 3 5 3 0.0000000
6 3 5 4 -0.0000000
6 3 5 5 -0.0564701
6 3 6 0 -0.0030745
6 3 6 1 0.0580567
6 3 6 2 -0.0000000
6 3 6 3 0.0648569
6 3 6 4 -0.0053869
6 3 6 5 0.0000000
6 3 6 6 0.0327103
6 4 0 0 0.0188506
6 4 1 0 -0.0001083
6 4 1 1 0.0046685
6 4 2 0 -0.0000000
6 4 2 1 -0.0000000
6 4 2 2 0.0011670
6 4 3 0 -0.0044646
6 4 3 1 -0.0076213
6 4 3 2 0.0000000
6 4 3 3 0.0202242
6 4 4 0 0.0026200
6 4 4 1 0.0030544
6 4 4 2 0.0000000
6 4 4 3 -0.0187126
6 4 4 4 0.0081543
6 4 5 0 -0.0000000
6 4 5 1 -0.0000000
6 4 5 2 0.0088052
6 4 5 3 0.0000000
6 4 5 4 -0.0000000
6 4 5 5 0.0041930
6 4 6 0 0.0031650
6 4 6 1 0.0001570
6 4 6 2 0.0000000
6 4 6 3 -0.0053869
6 4 6 4 0.0083853
6 4 6 5 0.0000000
6 4 6 6 0.0041931
6 5 0 0 -0.0000000
6 5 1 0 -0.0000000
6 5 1 1 -0.0000000
6 5 2 0 -0.0060876
6 5 2 1 -0.0257949
6 5 2 2 0.0000000
6 5 3 0 0.0000000
6 5 3 1 0.0000000
6 5 3 2 0.0122489
6 5 3 3 -0.0000000
6 5 4 0 -0.0000000
6 5 4 1 0.0000000
6 5 4 2 0.0162243
6 5 4 3 0.0000000
6 5 4 4 -0.0000000
6 5 5 0 -0.0129385
6 5 5 1 -0.0335587
6 5 5 2 0.0000000
6 5 5 3 -0.0021174
6 5 5 4 -0.0240173
6 5 5 5 0.0000000
6 5 6 0 -0.0000000
6 5 6 1 0.0000000
6 5 6 2 0.0161724
6 5 6 3 0.0000000
6 5 6 4 0.0000000
6 5 6 5 0.0290012
6 5 6 6 0.0000000
6 6 0 0 0.6860282
6 6 1 0 -0.0003946
6 6 1 1 0.5959090
6 6 2 0 0.0000000
6 6 2 1 -0.0000000
6 6 2 2 0.3837000
6 6 3 0 0.0127049
6 6 3 1 0.0801340
6 6 3 2 -0.0000000
6 6 3 3 0.4798400
6 6 4 0 -0.0155363
6 6 4 1 0.0152494
6 6 4 2 0.0000000
6 6 4 3 -0.0331955
6 6 4 4 0.3506244
6 6 5 0 0.0000000
6 6 5 1 0.0000000
6 6 5 2 0.0996532
6 6 5 3 0.0000000
6 6 5 4 0.0000000
6 6 5 5 0.4569744
6 6 6 0 -0.0083869
6 6 6 1 0.0039202
6 6 6 2 -0.0000000
6 6 6 3 0.0327103
6 6 6 4 0.0041931
6 6 6 5 0.0000000
6 6 6 6 0.6522829
7 0 0 0 -0.0837406
7 0 1 0 0.0043132
7 0 1 1 -0.0097838
7 0 2 0 -0.0000000
7 0 2 1 0.0000000
7 0 2 2 0.0038828
7 0 3 0 0.0004060
7 0 3 1 0.0047930
7 0 3 2 -0.0000000
7 0 3 3 -0.0017266
7 0 4 0 0.0127208
7 0 4 1 -0.0024300
7 0 4 2 0.0000000
7 0 4 3 0.0026761
7 0 4 4 0.0046127
7 0 5 0 -0.0000000
7 0 5 1 -0.0000000
7 0 5 2 -0.0013331
7 0 5 3 -0.0000000
7 0 5 4 -0.0000000
7 0 5 5 -0.0004846
7 0 6 0 -0.0049878
7 0 6 1 0.0042635
7 0 6 2 -0.0000000
7 0 6 3 -0.0045720
7 0 6 4 0.0005740
7 0 6 5 -0.0000000
7 0 6 6 -0.0028773
7 0 7 0 0.0112925
7 0 7 1 0.0020710
7 0 7 2 -0.0000000
7 0 7 3 -0.0013302
7 0 7 4 0.0041613
7 0 7 5 -0.0000000
7 0 7 6 -0.0029435
7 0 7 7 0.0062529
7 1 0 0 -0.0110688
7 1 1 0 -0.0022169
7 1 1 1 -0.0123733
7 1 2 0 0.0000000
7 1 2 1 0.0000000
7 1 2 2 0.0094283
7 1 3 0 0.0033656
7 1 3 1 0.0101912
7 1 3 2 -0.0000000
7 1 3 3 -0.0071149
7 1 4 0 0.0001736
7 1 4 1 -0.0036563
7 1 4 2 -0.0000000
7 1 4 3 0.0086721
7 1 4 4 0.0056707
7 1 5 0 0.0000000
7 1 5 1 0.0000000
7 1 5 2 -0.0048832
7 1 5 3 0.0000000
7 1 5 4 0.0000000
7 1 5 5 0.0012968
7 1 6 0 -0.0000475
7 1 6 1 0.0028651
7 1 6 2 -0.0000000
7 1 6 3 -0.0061112
7 1 6 4 -0.0021840
7 1 6 5 -0.0000000
7 1 6 6 -0.0041443
7 1 7 0 0.0020710
7 1 7 1 0.0129827
7 1 7 2 0.0000000
7 1 7 3 0.0024663
7 1 7 4 -0.0004478
7 1 7 5 0.0000000
7 1 7 6 0.0047957
7 1 7 7 -0.0020866
7 2 0 0 0.0000000
7 2 1 0 0.0000000
7 2 1 1 0.0000000
7 2 2 0 0.0038674
7 2 2 1 0.0221057
7 2 2 2 -0.0000000
7 2 3 0 -0.0000000
7 2 3 1 -0.0000000
7 2 3 2 -0.0297836
7 2 3 3 0.0000000
7 2 4 0 0.0000000
7 2 4 1 -0.0000000
7 2 4 2 -0.0425141
7 2 4 3 -0.0000000
7 2 4 4 0.0000000
7 2 5 0 0.0092271
7 2 5 1 0.0131782
7 2 5 2 0.0000000
7 2 5 3 0.0080638
7 2 5 4 0.0497320
7 2 5 5 -0.0000000
7 2 6 0 -0.0000000
7 2 6 1 -0.0000000
7 2 6 2 -0.0052067
7 2 6 3 0.0000000
7 2 6 4 -0.0000000
7 2 6 5 -0.0148848
7 2 6 6 0.0000000
7 2 7 0 -0.0000000
7 2 7 1 0.0000000
7 2 7 2 0.0332013
7 2 7 3 -0.0000000
7 2 7 4 0.0000000
7 2 7 5 0.0047035
7 2 7 6 -0.0000000
7 2 7 7 -0.0000000
7 3 0 0 0.0277271
7 3 1 0 0.0026973
7 3 1 1 0.0376392
7 3 2 0 -0.0000000
7 3 2 1 -0.0000000
7 3 2 2 -0.0203954
7 3 3 0 0.0042635
7 3 3 1 0.0116879
7 3 3 2 -0.0000000
7 3 3 3 -0.0002430
7 3 4 0 -0.0040424
7 3 4 1 0.0038316
7 3 4 2 0.0000000
7 3 4 3 0.0029518
7 3 4 4 -0.0306476
7 3 5 0 0.0000000
7 3 5 1 0.0000000
7 3 5 2 0.0179782
7 3 5 3 0.0000000
7 3 5 4 0.0000000
7 3 5 5 -0.0021285
7 3 6 0 -0.0057387
7 3 6 1 -0.0052212
7 3 6 2 0.0000000
7 3 6 3 0.0116362
7 3 6 4 -0.0072446
7 3 6 5 0.0000000
7 3 6 6 0.0365789
7 3 7 0 -0.0013302
7 3 7 1 0.0024663
7 3 7 2 -0.0000000
7 3 7 3 0.0263583
7 3 7 4 -0.0010721
7 3 7 5 -0.0000000
7 3 7 6 -0.0017408
7 3 7 7 0.0164397
7 4 0 0 0.1312736
7 4 1 0 -0.0076623
7 4 1 1 0.0275511
7 4 2 0 0.0000000
7 4 2 1 -0.0000000
7 4 2 2 0.0123170
7 4 3 0 0.0017837
7 4 3 1 -0.0016233
7 4 3 2 0.0000000
7 4 3 3 0.0432967
7 4 4 0 -0.0004377
7 4 4 1 0.0061718
7 4 4 2 0.0000000
7 4 4 3 -0.0249197
7 4 4 4 0.0179413
7 4 5 0 0.0000000
7 4 5 1 0.0000000
7 4 5 2 0.0327061
7 4 5 3 0.0000000
7 4 5 4 0.0000000
7 4 5 5 0.0303891
7 4 6 0 0.0062806
7 4 6 1 -0.0143294
7 4 6 2 0.0000000
7 4 6 3 -0.0184929
7 4 6 4 0.0076254
7 4 6 5 -0.0000000
7 4 6 6 0.0319580
7 4 7 0 0.0041613
7 4 7 1 -0.0004478
7 4 7 2 0.0000000
7 4 7 3 -0.0010721
7 4 7 4 0.0279134
7 4 7 5 -0.0000000
7 4 7 6 -0.0007668
7 4 7 7 0.0380911
7 5 0 0 -0.0000000
7 5 1 0 0.0000000
7 5 1 1 -0.0000000
7 5 2 0 0.0033708
7 5 2 1 0.0033710
7 5 2 2 -0.0000000
7 5 3 0 -0.0000000
7 5 3 1 0.0000000
7 5 3 2 0.0035251
7 5 3 3 -0.0000000
7 5 4 0 0.0000000
7 5 4 1 0.0000000
7 5 4 2 0.0159598
7 5 4 3 0.0000000
7 5 4 4 -0.0000000
7 5 5 0 0.0057960
7 5 5 1 0.0071349
7 5 5 2 -0.0000000
7 5 5 3 -0.0045392
7 5 5 4 -0.0051090
7 5 5 5 -0.0000000
7 5 6 0 -0.0000000
7 5 6 1 -0.0000000
7 5 6 2 -0.0051032
7 5 6 3 0.0000000
7 5 6 4 -0.0000000
7 5 6 5 -0.0046097
7 5 6 6 -0.0000000
7 5 7 0 -0.0000000
7 5 7 1 0.0000000
7 5 7 2 0.0047035
7 5 7 3 -0.0000000
7 5 7 4 -0.0000000
7 5 7 5 0.0107997
7 5 7 6 0.0000000
7 5 7 7 -0.0000000
7 6 0 0 -0.0200715
7 6 1 0 0.0023063
7 6 1 1 -0.0010812
7 6 2 0 -0.0000000
7 6 2 1 -0.0000000
7 6 2 2 -0.0104118
7 6 3 0 -0.0073364
7 6 3 1 -0.0205306
7 6 3 2 0.0000000
7 6 3 3 0.0012118
7 6 4 0 0.0018101
7 6 4 1 0.0018646
7 6 4 2 -0.0000000
7 6 4 3 -0.0145596
7 6 4 4 -0.0016501
7 6 5 0 -0.0000000
7 6 5 1 -0.0000000
7 6 5 2 -0.0021236
7 6 5 3 0.0000000
7 6 5 4 0.0000000
7 6 5 5 -0.0081818
7 6 6 0 0.0028594
7 6 6 1 0.0011776
7 6 6 2 -0.0000000
7 6 6 3 0.0087867
7 6 6 4 0.0062897
7 6 6 5 -0.0000000
7 6 6 6 -0.0171833
7 6 7 0 -0.0029435
7 6 7 1 0.0047957
7 6 7 2 -0.0000000
7 6 7 3 -0.0017408
7 6 7 4 -0.0007668
7 6 7 5 0.0000000
7 6 7 6 0.0412353
7 6 7 7 -0.0175441
7 7 0 0 0.5615977
7 7 1 0 -0.0087301
7 7 1 1 0.4481348
7 7 2 0 0.0000000
7 7 2 1 -0.0000000
7 7 2 2 0.3830202
7 7 3 0 0.0073033
7 7 3 1 0.0439750
7 7 3 2 -0.0000000
7 7 3 3 0.4203635
7 7 4 0 -0.0026259
7 7 4 1 0.0065682
7 7 4 2 0.0000000
7 7 4 3 -0.0205515
7 7 4 4 0.3694260
7 7 5 0 0.0000000
7 7 5 1 0.0000000
7 7 5 2 0.0550053
7 7 5 3 0.0000000
7 7 5 4 0.0000000
7 7 5 5 0.4075020
7 7 6 0 0.0031155
7 7 6 1 0.0137675
7 7 6 2 -0.0000000
7 7 6 3 0.0069751
7 7 6 4 0.0054371
7 7 6 5 0.0000000
7 7 6 6 0.5085703
7 7 7 0 0.0062529
7 7 7 1 -0.0020866
7 7 7 2 -0.0000000
7 7 7 3 0.0164397
7 7 7 4 0.0380911
7 7 7 5 -0.0000000
7 7 7 6 -0.0175441
7 7 7 7 0.5146546
8 0 0 0 0.0000000
8 0 1 0 0.0000000
8 0 1 1 0.0000000
8 0 2 0 0.0001890
8 0 2 1 0.0002940
8 0 2 2 -0.0000000
8 0 3 0 0.0000000
8 0 3 1 -0.0000000
8 0 3 2 -0.0001267
8 0 3 3 0.0000000
8 0 4 0 0.0000000
8 0 4 1 0.0000000
8 0 4 2 0.0000235
8 0 4 3 -0.0000000
8 0 4 4 0.0000000
8 0 5 0 0.0003901
8 0 5 1 0.0004601
8 0 5 2 -0.0000000
8 0 5 3 -0.0000919
8 0 5 4 0.0002269
8 0 5 5 -0.0000000
8 0 6 0 -0.0000000
8 0 6 1 -0.0000000
8 0 6 2 -0.0001829
8 0 6 3 -0.0000000
8 0 6 4 -0.0000000
8 0 6 5 -0.0003487
8 0 6 6 0.0000000
8 0 7 0 0.0000000
8 0 7 1 0.0000000
8 0 7 2 0.0001583
8 0 7 3 0.0000000
8 0 7 4 0.0000000
8 0 7 5 0.0001183
8 0 7 6 -0.0000000
8 0 7 7 -0.0000000
8 0 8 0 0.0000104
8 0 8 1 0.0000062
8 0 8 2 0.0000000
8 0 8 3 -0.0000449
8 0 8 4 -0.0000016
8 0 8 5 -0.0000000
8 0 8 6 -0.0002015
8 0 8 7 -0.0000281
8 0 8 8 -0.0000000
8 1 0 0 0.0000000
8 1 1 0 0.0000000
8 1 1 1 0.0000000
8 1 2 0 0.0013218
8 1 2 1 0.0113701
8 1 2 2 -0.0000000
8 1 3 0 0.0000000
8 1 3 1 -0.0000000
8 1 3 2 -0.0046188
8 1 3 3 0.0000000
8 1 4 0 0.0000000
8 1 4 1 -0.0000000
8 1 4 2 -0.0077612
8 1 4 3 0.0000000
8 1 4 4 0.0000000
8 1 5 0 0.0028992
8 1 5 1 0.0145955
8 1 5 2 -0.0000000
8 1 5 3 0.0017812
8 1 5 4 0.0085983
8 1 5 5 0.0000000
8 1 6 0 -0.0000000
8 1 6 1 -0.0000000
8 1 6 2 -0.0067490
8 1 6 3 -0.0000000
8 1 6 4 -0.0000000
8 1 6 5 -0.0094119
8 1 6 6 -0.0000000
8 1 7 0 0.0000000
8 1 7 1 0.0000000
8 1 7 2 0.0056287
8 1 7 3 -0.0000000
8 1 7 4 0.0000000
8 1 7 5 0.0015602
8 1 7 6 -0.0000000
8 1 7 7 -0.0000000
8 1 8 0 0.0000062
8 1 8 1 0.0211194
8 1 8 2 -0.0000000
8 1 8 3 0.0126526
8 1 8 4 -0.0007001
8 1 8 5 0.0000000
8 1 8 6 0.0256330
8 1 8 7 -0.0007428
8 1 8 8 -0.0000000
8 2 0 0 0.0193539
8 2 1 0 -0.0001202
8 2 1 1 0.0059245
8 2 2 0 -0.0000000
8 2 2 1 -0.0000000
8 2 2 2 0.0151651
8 2 3 0 0.0002103
8 2 3 1 -0.0052110
8 2 3 2 0.0000000
8 2 3 3 0.0097493
8 2 4 0 -0.0001489
8 2 4 1 0.0000739
8 2 4 2 0.0000000
8 2 4 3 -0.0002021
8 2 4 4 0.0135879
8 2 5 0 -0.0000000
8 2 5 1 -0.0000000
8 2 5 2 0.0022436
8 2 5 3 -0.0000000
8 2 5 4 -0.0000000
8 2 5 5 0.0160933
8 2 6 0 0.0000127
8 2 6 1 -0.0138062
8 2 6 2 0.0000000
8 2 6 3 -0.0092444
8 2 6 4 -0.0000552
8 2 6 5 0.0000000
8 2 6 6 -0.0068297
8 2 7 0 0.0001636
8 2 7 1 0.0010026
8 2 7 2 -0.0000000
8 2 7 3 -0.0017626
8 2 7 4 0.0010068
8 2 7 5 -0.0000000
8 2 7 6 -0.0012435
8 2 7 7 -0.0077097
8 2 8 0 0.0000000
8 2 8 1 -0.0000000
8 2 8 2 0.0042007
8 2 8 3 -0.0000000
8 2 8 4 0.0000000
8 2 8 5 0.0033884
8 2 8 6 -0.0000000
8 2 8 7 0.0000000
8 2 8 8 -0.0294505
8 3 0 0 0.0000000
8 3 1 0 0.0000000
8 3 1 1 0.0000000
8 3 2 0 0.0003967
8 3 2 1 0.0038635
8 3 2 2 -0.0000000
8 3 3 0 0.0000000
8 3 3 1 -0.0000000
8 3 3 2 -0.0001734
8 3 3 3 0.0000000
8 3 4 0 0.0000000
8 3 4 1 -0.0000000
8 3 4 2 -0.0023889
8 3 4 3 0.0000000
8 3 4 4 0.0000000
8 3 5 0 0.0008583
8 3 5 1 0.0053592
8 3 5 2 -0.0000000
8 3 5 3 0.0020673
8 3 5 4 0.0020934
8 3 5 5 -0.0000000
8 3 6 0 -0.0000000
8 3 6 1 -0.0000000
8 3 6 2 -0.0032035
8 3 6 3 -0.0000000
8 3 6 4 -0.0000000
8 3 6 5 -0.0036604
8 3 6 6 0.0000000
8 3 7 0 0.0000000
8 3 7 1 0.0000000
8 3 7 2 0.0017743
8 3 7 3 0.0000000
8 3 7 4 0.0000000
8 3 7 5 0.0008257
8 3 7 6 -0.0000000
8 3 7 7 -0.0000000
8 3 8 0 -0.0000449
8 3 8 1 0.0126526
8 3 8 2 -0.0000000
8 3 8 3 0.0084279
8 3 8 4 -0.0002845
8 3 8 5 0.0000000
8 3 8 6 0.0174438
8 3 8 7 0.0012060
8 3 8 8 -0.0000000
8 4 0 0 0.0000000
8 4 1 0 0.0000000
8 4 1 1 0.0000000
8 4 2 0 0.0000040
8 4 2 1 -0.0014101
8 4 2 2 0.0000000
8 4 3 0 0.0000000
8 4 3 1 0.0000000
8 4 3 2 0.0014741
8 4 3 3 0.0000000
8 4 4 0 -0.0000000
8 4 4 1 0.0000000
8 4 4 2 0.0035909
8 4 4 3 -0.0000000
8 4 4 4 0.0000000
8 4 5 0 -0.0001209
8 4 5 1 -0.0005507
8 4 5 2 0.0000000
8 4 5 3 -0.0009378
8 4 5 4 -0.0028251
8 4 5 5 0.0000000
8 4 6 0 -0.0000000
8 4 6 1 -0.0000000
8 4 6 2 0.0002666
8 4 6 3 -0.0000000
8 4 6 4 0.0000000
8 4 6 5 0.0006604
8 4 6 6 0.0000000
8 4 7 0 -0.0000000
8 4 7 1 -0.0000000
8 4 7 2 -0.0013311
8 4 7 3 -0.0000000
8 4 7 4 0.0000000
8 4 7 5 0.0003025
8 4 7 6 -0.0000000
8 4 7 7 -0.0000000
8 4 8 0 -0.0000016
8 4 8 1 -0.0007001
8 4 8 2 0.0000000
8 4 8 3 -0.0002845
8 4 8 4 0.0002244
8 4 8 5 0.0000000
8 4 8 6 -0.0002902
8 4 8 7 -0.0003301
8 4 8 8 -0.0000000
8 5 0 0 0.0263270
8 5 1 0 0.0002638
8 5 1 1 0.0166458
8 5 2 0 -0.0000000
8 5 2 1 -0.0000000
8 5 2 2 0.0120665
8 5 3 0 0.0003134
8 5 3 1 -0.0025119
8 5 3 2 0.0000000
8 5 3 3 0.0136389
8 5 4 0 -0.0006269
8 5 4 1 0.0012738
8 5 4 2 -0.0000000
8 5 4 3 -0.0026714
8 5 4 4 0.0091646
8 5 5 0 0.0000000
8 5 5 1 0.0000000
8 5 5 2 0.0074569
8 5 5 3 0.0000000
8 5 5 4 0.0000000
8 5 5 5 0.0176419
8 5 6 0 -0.0004206
8 5 6 1 -0.0125533
8 5 6 2 0.0000000
8 5 6 3 -0.0061686
8 5 6 4 0.0001117
8 5 6 5 -0.0000000
8 5 6 6 0.0044768
8 5 7 0 -0.0001241
8 5 7 1 0.0006064
8 5 7 2 0.0000000
8 5 7 3 0.0002847
8 5 7 4 0.0020343
8 5 7 5 -0.0000000
8 5 7 6 -0.0003038
8 5 7 7 -0.0022089
8 5 8 0 -0.0000000
8 5 8 1 0.0000000
8 5 8 2 0.0033884
8 5 8 3 0.0000000
8 5 8 4 0.0000000
8 5 8 5 0.0034214
8 5 8 6 0.0000000
8 5 8 7 -0.0000000
8 5 8 8 -0.0175890
8 6 0 0 -0.0000000
8 6 1 0 0.0000000
8 6 1 1 0.0000000
8 6 2 0 0.0001562
8 6 2 1 0.0037998
8 6 2 2 -0.0000000
8 6 3 0 -0.0000000
8 6 3 1 -0.0000000
8 6 3 2 -0.0022634
8 6 3 3 -0.0000000
8 6 4 0 0.0000000
8 6 4 1 -0.0000000
8 6 4 2 -0.0045625
8 6 4 3 0.0000000
8 6 4 4 0.0000000
8 6 5 0 0.0004264
8 6 5 1 0.0050084
8 6 5 2 -0.0000000
8 6 5 3 0.0015658
8 6 5 4 0.0036401
8 6 5 5 -0.0000000
8 6 6 0 -0.0000000
8 6 6 1 -0.0000000
8 6 6 2 -0.0038602
8 6 6 3 0.0000000
8 6 6 4 -0.0000000
8 6 6 5 -0.0032580
8 6 6 6 0.0000000
8 6 7 0 0.0000000
8 6 7 1 0.0000000
8 6 7 2 0.0021097
8 6 7 3 0.0000000
8 6 7 4 -0.0000000
8 6 7 5 0.0004363
8 6 7 6 -0.0000000
8 6 7 7 0.0000000
8 6 8 0 -0.0002015
8 6 8 1 0.0256330
8 6 8 2 -0.0000000
8 6 8 3 0.0174438
8 6 8 4 -0.0002902
8 6 8 5 0.0000000
8 6 8 6 0.0420056
8 6 8 7 -0.0010697
8 6 8 8 0.0000000
8 7 0 0 0.0000000
8 7 1 0 0.0000000
8 7 1 1 0.0000000
8 7 2 0 0.0001987
8 7 2 1 0.0011064
8 7 2 2 -0.0000000
8 7 3 0 0.0000000
8 7 3 1 -0.0000000
8 7 3 2 -0.0010643
8 7 3 3 -0.0000000
8 7 4 0 0.0000000
8 7 4 1 0.0000000
8 7 4 2 -0.0004732
8 7 4 3 -0.0000000
8 7 4 4 0.0000000
8 7 5 0 0.0003987
8 7 5 1 0.0016174
8 7 5 2 -0.0000000
8 7 5 3 -0.0002787
8 7 5 4 0.0009575
8 7 5 5 -0.0000000
8 7 6 0 -0.0000000
8 7 6 1 -0.0000000
8 7 6 2 -0.0005174
8 7 6 3 -0.0000000
8 7 6 4 -0.0000000
8 7 6 5 -0.0007345
8 7 6 6 0.0000000
8 7 7 0 -0.0000000
8 7 7 1 -0.0000000
8 7 7 2 -0.0010880
8 7 7 3 -0.0000000
8 7 7 4 -0.0000000
8 7 7 5 -0.0011625
8 7 7 6 0.0000000
8 7 7 7 -0.0000000
8 7 8 0 -0.0000281
8 7 8 1 -0.0007428
8 7 8 2 0.0000000
8 7 8 3 0.0012060
8 7 8 4 -0.0003301
8 7 8 5 -0.0000000
8 7 8 6 -0.0010697
8 7 8 7 0.0210482
8 7 8 8 0.0000000
8 8 0 0 0.3244149
8 8 1 0 0.0029773
8 8 1 1 0.4367713
8 8 2 0 -0.0000000
8 8 2 1 -0.0000000
8 8 2 2 0.2653237
8 8 3 0 0.0038872
8 8 3 1 0.0884358
8 8 3 2 -0.0000000
8 8 3 3 0.3239021
8 8 4 0 -0.0041417
8 8 4 1 0.0025855
8 8 4 2 0.0000000
8 8 4 3 -0.0069542
8 8 4 4 0.2380361
8 8 5 0 0.0000000
8 8 5 1 0.0000000
8 8 5 2 0.0446295
8 8 5 3 0.0000000
8 8 5 4 0.0000000
8 8 5 5 0.2900383
8 8 6 0 -0.0058799
8 8 6 1 0.0965343
8 8 6 2 -0.0000000
8 8 6 3 0.0876695
8 8 6 4 0.0002311
8 8 6 5 0.0000000
8 8 6 6 0.5363276
8 8 7 0 -0.0013690
8 8 7 1 -0.0049440
8 8 7 2 0.0000000
8 8 7 3 0.0325785
8 8 7 4 0.0038502
8 8 7 5 -0.0000000
8 8 7 6 -0.0080238
8 8 7 7 0.4670422
8 8 8 0 -0.0000000
8 8 8 1 -0.0000000
8 8 8 2 -0.0294505
8 8 8 3 -0.0000000
8 8 8 4 -0.0000000
8 8 8 5 -0.0175890
8 8 8 6 0.0000000
8 8 8 7 0.0000000
8 8 8 8 0.6728327
9 0 0 0 0.0027893
9 0 1 0 -0.0001226
9 0 1 1 0.0004683
9 0 2 0 0.0000000
9 0 2 1 -0.0000000
9 0 2 2 0.0003363
9 0 3 0 0.0000531
9 0 3 1 -0.0001868
9 0 3 2 0.0000000
9 0 3 3 0.0004718
9 0 4 0 -0.0002067
9 0 4 1 0.0000708
9 0 4 2 0.0000000
9 0 4 3 -0.0001404
9 0 4 4 0.0003357
9 0 5 0 0.0000000
9 0 5 1 0.0000000
9 0 5 2 0.0002271
9 0 5 3 0.0000000
9 0 5 4 0.0000000
9 0 5 5 0.0005827
9 0 6 0 0.0000905
9 0 6 1 -0.0004739
9 0 6 2 0.0000000
9 0 6 3 -0.0002312
9 0 6 4 0.0000120
9 0 6 5 -0.0000000
9 0 6 6 0.0001324
9 0 7 0 -0.0001214
9 0 7 1 -0.0000160
9 0 7 2 0.0000000
9 0 7 3 0.0000168
9 0 7 4 0.0000852
9 0 7 5 -0.0000000
9 0 7 6 0.0000201
9 0 7 7 -0.0000576
9 0 8 0 0.0000000
9 0 8 1 0.0000000
9 0 8 2 0.0000718
9 0 8 3 0.0000000
9 0 8 4 0.0000000
9 0 8 5 0.0000695
9 0 8 6 -0.0000000
9 0 8 7 -0.0000000
9 0 8 8 -0.0004524
9 0 9 0 0.0000067
9 0 9 1 -0.0000497
9 0 9 2 0.0000000
9 0 9 3 -0.0000635
9 0 9 4 -0.0000079
9 0 9 5 -0.0000000
9 0 9 6 -0.0002076
9 0 9 7 -0.0000201
9 0 9 8 -0.0000000
9 0 9 9 -0.0031085
9 1 0 0 0.0045913
9 1 1 0 0.0001268
9 1 1 1 0.0023910
9 1 2 0 -0.0000000
9 1 2 1 0.0000000
9 1 2 2 0.0025129
9 1 3 0 -0.0000310
9 1 3 1 -0.0018229
9 1 3 2 0.0000000
9 1 3 3 0.0021758
9 1 4 0 -0.0001032
9 1 4 1 0.0001974
9 1 4 2 0.0000000
9 1 4 3 -0.0005207
9 1 4 4 0.0021588
9 1 5 0 0.0000000
9 1 5 1 0.0000000
9 1 5 2 0.0010477
9 1 5 3 -0.0000000
9 1 5 4 0.0000000
9 1 5 5 0.0033868
9 1 6 0 -0.0000900
9 1 6 1 -0.0042836
9 1 6 2 0.0000000
9 1 6 3 -0.0022515
9 1 6 4 -0.0000097
9 1 6 5 -0.0000000
9 1 6 6 -0.0021715
9 1 7 0 -0.0000895
9 1 7 1 0.0002085
9 1 7 2 -0.0000000
9 1 7 3 0.0003263
9 1 7 4 0.0002322
9 1 7 5 0.0000000
9 1 7 6 0.0006873
9 1 7 7 0.0002448
9 1 8 0 0.0000000
9 1 8 1 0.0000000
9 1 8 2 0.0004576
9 1 8 3 0.0000000
9 1 8 4 0.0000000
9 1 8 5 0.0004471
9 1 8 6 0.0000000
9 1 8 7 -0.0000000
9 1 8 8 -0.0014101
9 1 9 0 -0.0000497
9 1 9 1 0.0040334
9 1 9 2 -0.0000000
9 1 9 3 0.0030163
9 1 9 4 0.0001784
9 1 9 5 0.0000000
9 1 9 6 0.0091908
9 1 9 7 -0.0007816
9 1 9 8 -0.0000000
9 1 9 9 0.0399271
9 2 0 0 -0.0000000
9 2 1 0 -0.0000000
9 2 1 1 -0.0000000
9 2 2 0 0.0000367
9 2 2 1 0.0002382
9 2 2 2 -0.0000000
9 2 3 0 0.0000000
9 2 3 1 0.0000000
9 2 3 2 -0.0000175
9 2 3 3 -0.0000000
9 2 4 0 0.0000000
9 2 4 1 -0.0000000
9 2 4 2 -0.0000082
9 2 4 3 0.0000000
9 2 4 4 -0.0000000
9 2 5 0 0.0000735
9 2 5 1 0.0003761
9 2 5 2 -0.0000000
9 2 5 3 -0.0000433
9 2 5 4 0.0000217
9 2 5 5 -0.0000000
9 2 6 0 0.0000000
9 2 6 1 0.0000000
9 2 6 2 -0.0002350
9 2 6 3 0.0000000
9 2 6 4 -0.0000000
9 2 6 5 -0.0002741
9 2 6 6 0.0000000
9 2 7 0 0.0000000
9 2 7 1 -0.0000000
9 2 7 2 0.0000250
9 2 7 3 -0.0000000
9 2 7 4 -0.0000000
9 2 7 5 0.0000379
9 2 7 6 -0.0000000
9 2 7 7 -0.0000000
9 2 8 0 0.0000011
9 2 8 1 0.0005373
9 2 8 2 -0.0000000
9 2 8 3 0.0003323
9 2 8 4 0.0000015
9 2 8 5 -0.0000000
9 2 8 6 0.0007534
9 2 8 7 -0.0000537
9 2 8 8 0.0000000
9 2 9 0 0.0000000
9 2 9 1 -0.0000000
9 2 9 2 0.0002029
9 2 9 3 -0.0000000
9 2 9 4 -0.0000000
9 2 9 5 0.0001722
9 2 9 6 -0.0000000
9 2 9 7 0.0000000
9 2 9 8 -0.0016569
9 2 9 9 -0.0000000
9 3 0 0 0.0007544
9 3 1 0 -0.0000358
9 3 1 1 -0.0002240
9 3 2 0 0.0000000
9 3 2 1 0.0000000
9 3 2 2 0.0008755
9 3 3 0 0.0000604
9 3 3 1 -0.0003524
9 3 3 2 0.0000000
9 3 3 3 0.0002080
9 3 4 0 0.0000037
9 3 4 1 -0.0000764
9 3 4 2 0.0000000
9 3 4 3 0.0000819
9 3 4 4 0.0008076
9 3 5 0 0.0000000
9 3 5 1 -0.0000000
9 3 5 2 -0.0000011
9 3 5 3 -0.0000000
9 3 5 4 -0.0000000
9 3 5 5 0.0007589
9 3 6 0 -0.0000027
9 3 6 1 -0.0012538
9 3 6 2 0.0000000
9 3 6 3 -0.0010739
9 3 6 4 -0.0000007
9 3 6 5 -0.0000000
9 3 6 6 -0.0012157
9 3 7 0 0.0000409
9 3 7 1 0.0000030
9 3 7 2 0.0000000
9 3 7 3 -0.0000609
9 3 7 4 0.0000592
9 3 7 5 -0.0000000
9 3 7 6 -0.0002528
9 3 7 7 0.0012687
9 3 8 0 0.0000000
9 3 8 1 -0.0000000
9 3 8 2 -0.0000459
9 3 8 3 0.0000000
9 3 8 4 -0.0000000
9 3 8 5 -0.0000530
9 3 8 6 0.0000000
9 3 8 7 -0.0000000
9 3 8 8 0.0013157
9 3 9 0 -0.0000635
9 3 9 1 0.0030163
9 3 9 2 -0.0000000
9 3 9 3 0.0025610
9 3 9 4 0.0001486
9 3 9 5 0.0000000
9 3 9 6 0.0075637
9 3 9 7 0.0005928
9 3 9 8 -0.0000000
9 3 9 9 0.0448303
9 4 0 0 -0.0008071
9 4 1 0 0.0000521
9 4 1 1 -0.0000549
9 4 2 0 -0.0000000
9 4 2 1 0.0000000
9 4 2 2 -0.0001739
9 4 3 0 -0.0000213
9 4 3 1 0.0000609
9 4 3 2 -0.0000000
9 4 3 3 -0.0001691
9 4 4 0 0.0000137
9 4 4 1 0.0000009
9 4 4 2 -0.0000000
9 4 4 3 0.0001017
9 4 4 4 -0.0002031
9 4 5 0 0.0000000
9 4 5 1 0.0000000
9 4 5 2 -0.0001314
9 4 5 3 -0.0000000
9 4 5 4 0.0000000
9 4 5 5 -0.0002117
9 4 6 0 -0.0000393
9 4 6 1 0.0002843
9 4 6 2 -0.0000000
9 4 6 3 0.0002646
9 4 6 4 -0.0000475
9 4 6 5 -0.0000000
9 4 6 6 0.0002204
9 4 7 0 -0.0000203
9 4 7 1 -0.0000003
9 4 7 2 0.0000000
9 4 7 3 0.0000972
9 4 7 4 -0.0001496
9 4 7 5 0.0000000
9 4 7 6 0.0000761
9 4 7 7 0.0001951
9 4 8 0 0.0000000
9 4 8 1 0.0000000
9 4 8 2 -0.0000939
9 4 8 3 0.0000000
9 4 8 4 -0.0000000
9 4 8 5 -0.0000768
9 4 8 6 0.0000000
9 4 8 7 0.0000000
9 4 8 8 0.0006232
9 4 9 0 -0.0000079
9 4 9 1 0.0001784
9 4 9 2 -0.0000000
9 4 9 3 0.0001486
9 4 9 4 0.0000243
9 4 9 5 0.0000000
9 4 9 6 0.0005483
9 4 9 7 -0.0002014
9 4 9 8 -0.0000000
9 4 9 9 0.0069223
9 5 0 0 -0.0000000
9 5 1 0 0.0000000
9 5 1 1 0.0000000
9 5 2 0 0.0000721
9 5 2 1 0.0004520
9 5 2 2 -0.0000000
9 5 3 0 -0.0000000
9 5 3 1 -0.0000000
9 5 3 2 -0.0002335
9 5 3 3 -0.0000000
9 5 4 0 0.0000000
9 5 4 1 -0.0000000
9 5 4 2 -0.0002647
9 5 4 3 -0.0000000
9 5 4 4 0.0000000
9 5 5 0 0.0001575
9 5 5 1 0.0006365
9 5 5 2 -0.0000000
9 5 5 3 -0.0000198
9 5 5 4 0.0003454
9 5 5 5 -0.0000000
9 5 6 0 0.0000000
9 5 6 1 -0.0000000
9 5 6 2 -0.0002899
9 5 6 3 -0.0000000
9 5 6 4 -0.0000000
9 5 6 5 -0.0004525
9 5 6 6 -0.0000000
9 5 7 0 0.0000000
9 5 7 1 0.0000000
9 5 7 2 0.0001831
9 5 7 3 0.0000000
9 5 7 4 0.0000000
9 5 7 5 0.0000164
9 5 7 6 0.0000000
9 5 7 7 0.0000000
9 5 8 0 0.0000036
9 5 8 1 0.0005965
9 5 8 2 -0.0000000
9 5 8 3 0.0003423
9 5 8 4 -0.0000047
9 5 8 5 -0.0000000
9 5 8 6 0.0007104
9 5 8 7 0.0000284
9 5 8 8 0.0000000
9 5 9 0 -0.0000000
9 5 9 1 0.0000000
9 5 9 2 0.0001722
9 5 9 3 0.0000000
9 5 9 4 0.0000000
9 5 9 5 0.0001504
9 5 9 6 0.0000000
9 5 9 7 -0.0000000
9 5 9 8 -0.0013770
9 5 9 9 0.0000000
9 6 0 0 -0.0032833
9 6 1 0 -0.0000889
9 6 1 1 -0.0043734
9 6 2 0 0.0000000
9 6 2 1 0.0000000
9 6 2 2 -0.0009197
9 6 3 0 -0.0001121
9 6 3 1 -0.0018057
9 6 3 2 0.0000000
9 6 3 3 -0.0026439
9 6 4 0 0.0001268
9 6 4 1 -0.0001696
9 6 4 2 -0.0000000
9 6 4 3 0.0002266
9 6 4 4 -0.0008122
9 6 5 0 -0.0000000
9 6 5 1 -0.0000000
9 6 5 2 -0.0006851
9 6 5 3 -0.0000000
9 6 5 4 -0.0000000
9 6 5 5 -0.0016727
9 6 6 0 0.0001472
9 6 6 1 -0.0012046
9 6 6 2 0.0000000
9 6 6 3 -0.0011345
9 6 6 4 -0.0000691
9 6 6 5 -0.0000000
9 6 6 6 -0.0050187
9 6 7 0 0.0000214
9 6 7 1 0.0001166
9 6 7 2 -0.0000000
9 6 7 3 0.0004648
9 6 7 4 -0.0003132
9 6 7 5 0.0000000
9 6 7 6 0.0007031
9 6 7 7 0.0033739
9 6 8 0 -0.0000000
9 6 8 1 -0.0000000
9 6 8 2 -0.0008638
9 6 8 3 -0.0000000
9 6 8 4 -0.0000000
9 6 8 5 -0.0008645
9 6 8 6 0.0000000
9 6 8 7 -0.0000000
9 6 8 8 0.0065391
9 6 9 0 -0.0002076
9 6 9 1 0.0091908
9 6 9 2 -0.0000000
9 6 9 3 0.0075637
9 6 9 4 0.0005483
9 6 9 5 0.0000000
9 6 9 6 0.0234502
9 6 9 7 -0.0009196
9 6 9 8 0.0000000
9 6 9 9 0.1532251
9 7 0 0 -0.0009801
9 7 1 0 0.0001042
9 7 1 1 0.0007410
9 7 2 0 -0.0000000
9 7 2 1 -0.0000000
9 7 2 2 -0.0007269
9 7 3 0 -0.0000264
9 7 3 1 -0.0001435
9 7 3 2 0.0000000
9 7 3 3 -0.0004145
9 7 4 0 -0.0000178
9 7 4 1 0.0001333
9 7 4 2 -0.0000000
9 7 4 3 -0.0001262
9 7 4 4 -0.0009202
9 7 5 0 -0.0000000
9 7 5 1 0.0000000
9 7 5 2 0.0003212
9 7 5 3 0.0000000
9 7 5 4 0.0000000
9 7 5 5 -0.0004324
9 7 6 0 -0.0000587
9 7 6 1 0.0001263
9 7 6 2 -0.0000000
9 7 6 3 0.0001052
9 7 6 4 0.0000408
9 7 6 5 0.0000000
9 7 6 6 -0.0001628
9 7 7 0 -0.0000504
9 7 7 1 -0.0011737
9 7 7 2 0.0000000
9 7 7 3 -0.0006455
9 7 7 4 -0.0001995
9 7 7 5 -0.0000000
9 7 7 6 -0.0020733
9 7 7 7 -0.0001771
9 7 8 0 0.0000000
9 7 8 1 -0.0000000
9 7 8 2 -0.0000016
9 7 8 3 0.0000000
9 7 8 4 0.0000000
9 7 8 5 0.0001151
9 7 8 6 -0.0000000
9 7 8 7 0.0000000
9 7 8 8 0.0000619
9 7 9 0 -0.0000201
9 7 9 1 -0.0007816
9 7 9 2 0.0000000
9 7 9 3 0.0005928
9 7 9 4 -0.0002014
9 7 9 5 -0.0000000
9 7 9 6 -0.0009196
9 7 9 7 0.0091562
9 7 9 8 0.0000000
9 7 9 9 -0.0149404
9 8 0 0 0.0000000
9 8 1 0 0.0000000
9 8 1 1 0.0000000
9 8 2 0 0.0000747
9 8 2 1 0.0012518
9 8 2 2 -0.0000000
9 8 3 0 0.0000000
9 8 3 1 -0.0000000
9 8 3 2 -0.0004168
9 8 3 3 -0.0000000
9 8 4 0 0.0000000
9 8 4 1 -0.0000000
9 8 4 2 -0.0010936
9 8 4 3 0.0000000
9 8 4 4 0.0000000
9 8 5 0 0.0001852
9 8 5 1 0.0011471
9 8 5 2 -0.0000000
9 8 5 3 0.0002701
9 8 5 4 0.0010321
9 8 5 5 -0.0000000
9 8 6 0 -0.0000000
9 8 6 1 -0.0000000
9 8 6 2 0.0000848
9 8 6 3 -0.0000000
9 8 6 4 -0.0000000
9 8 6 5 -0.0002900
9 8 6 6 0.0000000
9 8 7 0 0.0000000
9 8 7 1 0.0000000
9 8 7 2 0.0005028
9 8 7 3 0.0000000
9 8 7 4 0.0000000
9 8 7 5 0.0000351
9 8 7 6 -0.0000000
9 8 7 7 -0.0000000
9 8 8 0 -0.0000001
9 8 8 1 -0.0010110
9 8 8 2 0.0000000
9 8 8 3 -0.0009413
9 8 8 4 -0.0002624
9 8 8 5 -0.0000000
9 8 8 6 -0.0030455
9 8 8 7 0.0004312
9 8 8 8 -0.0000000
9 8 9 0 -0.0000000
9 8 9 1 -0.0000000
9 8 9 2 -0.0016569
9 8 9 3 -0.0000000
9 8 9 4 -0.0000000
9 8 9 5 -0.0013770
9 8 9 6 0.0000000
9 8 9 7 0.0000000
9 8 9 8 0.0145315
9 8 9 9 -0.0000000
9 9 0 0 0.3430171
9 9 1 0 0.0034123
9 9 1 1 0.5164728
9 9 2 0 -0.0000000
9 9 2 1 -0.0000000
9 9 2 2 0.2716981
9 9 3 0 0.0045039
9 9 3 1 0.1350161
9 9 3 2 -0.0000000
9 9 3 3 0.3673985
9 9 4 0 -0.0049553
9 9 4 1 0.0046827
9 9 4 2 0.0000000
9 9 4 3 -0.0077560
9 9 4 4 0.2415353
9 9 5 0 0.0000000
9 9 5 1 0.0000000
9 9 5 2 0.0508195
9 9 5 3 0.0000000
9 9 5 4 0.0000000
9 9 5 5 0.3005473
9 9 6 0 -0.0076033
9 9 6 1 0.1919626
9 9 6 2 -0.0000000
9 9 6 3 0.1599978
9 9 6 4 0.0024916
9 9 6 5 0.0000000
9 9 6 6 0.7508840
9 9 7 0 -0.0020470
9 9 7 1 -0.0118698
9 9 7 2 0.0000000
9 9 7 3 0.0477693
9 9 7 4 0.0025803
9 9 7 5 -0.0000000
9 9 7 6 -0.0084564
9 9 7 7 0.6182418
9 9 8 0 -0.0000000
9 9 8 1 -0.0000000
9 9 8 2 -0.0480340
9 9 8 3 -0.0000000
9 9 8 4 -0.0000000
9 9 8 5 -0.0314655
9 9 8 6 0.0000000
9 9 8 7 0.0000000
9 9 8 8 0.8416887
9 9 9 0 -0.0031085
9 9 9 1 0.0399271
9 9 9 2 -0.0000000
9 9 9 3 0.0448303
9 9 9 4 0.0069223
9 9 9 5 0.0000000
9 9 9 6 0.1532251
9 9 9 7 -0.0149404
9 9 9 8 -0.0000000
9 9 9 9 3.4993863
10 0 0 0 0.0247524
10 0 1 0 -0.0011565
10 0 1 1 0.0035659
10 0 2 0 0.0000000
10 0 2 1 -0.0000000
10 0 2 2 0.0001685
10 0 3 0 -0.0000062
10 0 3 1 -0.0015374
10 0 3 2 0.0000000
10 0 3 3 0.0017783
10 0 4 0 -0.0031964
10 0 4 1 0.0007164
10 0 4 2 -0.0000000
10 0 4 3 -0.0009756
10 0 4 4 -0.0000069
10 0 5 0 0.0000000
10 0 5 1 0.0000000
10 0 5 2 0.0009217
10 0 5 3 0.0000000
10 0 5 4 0.0000000
10 0 5 5 0.0017850
10 0 6 0 0.0012535
10 0 6 1 -0.0021364
10 0 6 2 0.0000000
10 0 6 3 0.0004377
10 0 6 4 -0.0000706
10 0 6 5 -0.0000000
10 0 6 6 0.0012405
10 0 7 0 -0.0027184
10 0 7 1 -0.0005696
10 0 7 2 0.0000000
10 0 7 3 0.0002893
10 0 7 4 -0.0006778
10 0 7 5 0.0000000
10 0 7 6 0.0005689
10 0 7 7 -0.0013607
10 0 8 0 0.0000000
10 0 8 1 0.0000000
10 0 8 2 0.0001500
10 0 8 3 0.0000000
10 0 8 4 0.0000000
10 0 8 5 0.0002076
10 0 8 6 -0.0000000
10 0 8 7 0.0000000
10 0 8 8 -0.0007603
10 0 9 0 0.0000357
10 0 9 1 0.0000593
10 0 9 2 -0.0000000
10 0 9 3 -0.0000028
10 0 9 4 0.0000000
10 0 9 5 -0.0000000
10 0 9 6 -0.0000274
10 0 9 7 0.0000134
10 0 9 8 0.0000000
10 0 9 9 -0.0010079
10 0 10 0 0.0006750
10 0 10 1 0.0005557
10 0 10 2 -0.0000000
10 0 10 3 -0.0000146
10 0 10 4 0.0001508
10 0 10 5 -0.0000000
10 0 10 6 -0.0000034
10 0 10 7 -0.0000524
10 0 10 8 -0.0000000
10 0 10 9 0.0000224
10 0 10 10 -0.0012465
10 1 0 0 0.0348329
10 1 1 0 0.0014758
10 1 1 1 0.0385197
10 1 2 0 -0.0000000
10 1 2 1 -0.0000000
10 1 2 2 0.0144384
10 1 3 0 -0.0007854
10 1 3 1 -0.0027815
10 1 3 2 0.0000000
10 1 3 3 0.0246505
10 1 4 0 -0.0009173
10 1 4 1 0.0023519
10 1 4 2 0.0000000
10 1 4 3 -0.0055909
10 1 4 4 0.0126107
10 1 5 0 -0.0000000
10 1 5 1 0.0000000
10 1 5 2 0.0090742
10 1 5 3 -0.0000000
10 1 5 4 -0.0000000
10 1 5 5 0.0233618
10 1 6 0 -0.0009057
10 1 6 1 -0.0109041
10 1 6 2 0.0000000
10 1 6 3 0.0006346
10 1 6 4 0.0008260
10 1 6 5 0.0000000
10 1 6 6 0.0213806
10 1 7 0 -0.0011170
10 1 7 1 -0.0001271
10 1 7 2 -0.0000000
10 1 7 3 0.0021114
10 1 7 4 0.0016722
10 1 7 5 -0.0000000
10 1 7 6 0.0051080
10 1 7 7 0.0016483
10 1 8 0 0.0000000
10 1 8 1 0.0000000
10 1 8 2 0.0035766
10 1 8 3 -0.0000000
10 1 8 4 0.0000000
10 1 8 5 0.0043974
10 1 8 6 -0.0000000
10 1 8 7 -0.0000000
10 1 8 8 -0.0062472
10 1 9 0 0.0001217
10 1 9 1 0.0001733
10 1 9 2 -0.0000000
10 1 9 3 -0.0007651
10 1 9 4 -0.0001922
10 1 9 5 -0.0000000
10 1 9 6 -0.0037023
10 1 9 7 0.0002452
10 1 9 8 0.0000000
10 1 9 9 -0.0314854
10 1 10 0 0.0005557
10 1 10 1 0.0203610
10 1 10 2 -0.0000000
10 1 10 3 0.0097933
10 1 10 4 -0.0007559
10 1 10 5 0.0000000
10 1 10 6 0.0234506
10 1 10 7 0.0002111
10 1 10 8 -0.0000000
10 1 10 9 -0.0004960
10 1 10 10 -0.0458177
10 2 0 0 -0.0000000
10 2 1 0 -0.0000000
10 2 1 1 -0.0000000
10 2 2 0 -0.0007508
10 2 2 1 -0.0044734
10 2 2 2 -0.0000000
10 2 3 0 0.0000000
10 2 3 1 0.0000000
10 2 3 2 0.0065181
10 2 3 3 -0.0000000
10 2 4 0 0.0000000
10 2 4 1 0.0000000
10 2 4 2 0.0098450
10 2 4 3 0.0000000
10 2 4 4 -0.0000000
10 2 5 0 -0.0018398
10 2 5 1 -0.0021300
10 2 5 2 -0.0000000
10 2 5 3 -0.0022346
10 2 5 4 -0.0111645
10 2 5 5 -0.0000000
10 2 6 0 0.0000000
10 2 6 1 0.0000000
10 2 6 2 0.0010166
10 2 6 3 -0.0000000
10 2 6 4 0.0000000
10 2 6 5 0.0028956
10 2 6 6 -0.0000000
10 2 7 0 0.0000000
10 2 7 1 -0.0000000
10 2 7 2 -0.0074135
10 2 7 3 -0.0000000
10 2 7 4 -0.0000000
10 2 7 5 -0.0009736
10 2 7 6 -0.0000000
10 2 7 7 -0.0000000
10 2 8 0 0.0000208
10 2 8 1 -0.0018830
10 2 8 2 -0.0000000
10 2 8 3 -0.0012725
10 2 8 4 0.0002445
10 2 8 5 -0.0000000
10 2 8 6 -0.0034011
10 2 8 7 -0.0001676
10 2 8 8 0.0000000
10 2 9 0 -0.0000000
10 2 9 1 -0.0000000
10 2 9 2 -0.0000527
10 2 9 3 0.0000000
10 2 9 4 0.0000000
10 2 9 5 -0.0000753
10 2 9 6 0.0000000
10 2 9 7 -0.0000000
10 2 9 8 0.0000964
10 2 9 9 0.0000000
10 2 10 0 -0.0000000
10 2 10 1 -0.0000000
10 2 10 2 0.0028037
10 2 10 3 -0.0000000
10 2 10 4 0.0000000
10 2 10 5 0.0010585
10 2 10 6 -0.0000000
10 2 10 7 -0.0000000
10 2 10 8 -0.0113114
10 2 10 9 0.0000000
10 2 10 10 0.0000000
10 3 0 0 0.0026401
10 3 1 0 -0.0003265
10 3 1 1 0.0071039
10 3 2 0 0.0000000
10 3 2 1 0.0000000
10 3 2 2 0.0098504
10 3 3 0 -0.0006871
10 3 3 1 0.0013021
10 3 3 2 -0.0000000
10 3 3 3 0.0080989
10 3 4 0 0.0006001
10 3 4 1 -0.0008579
10 3 4 2 0.0000000
10 3 4 3 -0.0010984
10 3 4 4 0.0109632
10 3 5 0 -0.0000000
10 3 5 1 -0.0000000
10 3 5 2 -0.0017536
10 3 5 3 0.0000000
10 3 5 4 -0.0000000
10 3 5 5 0.0076736
10 3 6 0 0.0008067
10 3 6 1 0.0026143
10 3 6 2 -0.0000000
10 3 6 3 0.0005345
10 3 6 4 0.0016856
10 3 6 5 -0.0000000
10 3 6 6 0.0066599
10 3 7 0 0.0001550
10 3 7 1 0.0021811
10 3 7 2 -0.0000000
10 3 7 3 -0.0035548
10 3 7 4 0.0006560
10 3 7 5 0.0000000
10 3 7 6 0.0059930
10 3 7 7 0.0017726
10 3 8 0 0.0000000
10 3 8 1 0.0000000
10 3 8 2 0.0011057
10 3 8 3 0.0000000
10 3 8 4 0.0000000
10 3 8 5 0.0012953
10 3 8 6 -0.0000000
10 3 8 7 0.0000000
10 3 8 8 -0.0002935
10 3 9 0 0.0000330
10 3 9 1 -0.0003027
10 3 9 2 0.0000000
10 3 9 3 -0.0005477
10 3 9 4 -0.0000993
10 3 9 5 -0.0000000
10 3 9 6 -0.0022447
10 3 9 7 -0.0001077
10 3 9 8 0.0000000
10 3 9 9 -0.0123979
10 3 10 0 -0.0000146
10 3 10 1 0.0097933
10 3 10 2 -0.0000000
10 3 10 3 0.0079239
10 3 10 4 -0.0004218
10 3 10 5 0.0000000
10 3 10 6 0.0145523
10 3 10 7 0.0081007
10 3 10 8 -0.0000000
10 3 10 9 -0.0007789
10 3 10 10 -0.0196058
10 4 0 0 -0.0299070
10 4 1 0 0.0017356
10 4 1 1 -0.0065981
10 4 2 0 -0.0000000
10 4 2 1 0.0000000
10 4 2 2 -0.0026758
10 4 3 0 -0.0004853
10 4 3 1 0.0000392
10 4 3 2 -0.0000000
10 4 3 3 -0.0096225
10 4 4 0 0.0001549
10 4 4 1 -0.0013191
10 4 4 2 -0.0000000
10 4 4 3 0.0055518
10 4 4 4 -0.0038037
10 4 5 0 -0.0000000
10 4 5 1 -0.0000000
10 4 5 2 -0.0075467
10 4 5 3 -0.0000000
10 4 5 4 -0.0000000
10 4 5 5 -0.0067757
10 4 6 0 -0.0013721
10 4 6 1 0.0034266
10 4 6 2 -0.0000000
10 4 6 3 0.0042498
10 4 6 4 -0.0017093
10 4 6 5 0.0000000
10 4 6 6 -0.0072806
10 4 7 0 -0.0009382
10 4 7 1 -0.0000411
10 4 7 2 -0.0000000
10 4 7 3 0.0001696
10 4 7 4 -0.0063891
10 4 7 5 0.0000000
10 4 7 6 0.0000548
10 4 7 7 -0.0082258
10 4 8 0 0.0000000
10 4 8 1 -0.0000000
10 4 8 2 -0.0003561
10 4 8 3 -0.0000000
10 4 8 4 -0.0000000
10 4 8 5 -0.0005929
10 4 8 6 -0.0000000
10 4 8 7 0.0000000
10 4 8 8 -0.0003389
10 4 9 0 -0.0000207
10 4 9 1 -0.0001066
10 4 9 2 0.0000000
10 4 9 3 -0.0000358
10 4 9 4 0.0000376
10 4 9 5 -0.0000000
10 4 9 6 0.0000370
10 4 9 7 0.0000437
10 4 9 8 0.0000000
10 4 9 9 0.0000086
10 4 10 0 0.0001508
10 4 10 1 -0.0007559
10 4 10 2 0.0000000
10 4 10 3 -0.0004218
10 4 10 4 0.0014882
10 4 10 5 -0.0000000
10 4 10 6 -0.0007570
10 4 10 7 0.0009893
10 4 10 8 -0.0000000
10 4 10 9 0.0000348
10 4 10 10 0.0001326
10 5 0 0 0.0000000
10 5 1 0 -0.0000000
10 5 1 1 0.0000000
10 5 2 0 -0.0004881
10 5 2 1 0.0006978
10 5 2 2 0.0000000
10 5 3 0 0.0000000
10 5 3 1 0.0000000
10 5 3 2 -0.0015994
10 5 3 3 0.0000000
10 5 4 0 -0.0000000
10 5 4 1 -0.0000000
10 5 4 2 -0.0040566
10 5 4 3 -0.0000000
10 5 4 4 0.0000000
10 5 5 0 -0.0007317
10 5 5 1 0.0005168
10 5 5 2 0.0000000
10 5 5 3 0.0005825
10 5 5 4 0.0021619
10 5 5 5 0.0000000
10 5 6 0 0.0000000
10 5 6 1 -0.0000000
10 5 6 2 0.0005300
10 5 6 3 -0.0000000
10 5 6 4 -0.0000000
10 5 6 5 -0.0002382
10 5 6 6 0.0000000
10 5 7 0 0.0000000
10 5 7 1 0.0000000
10 5 7 2 -0.0005363
10 5 7 3 0.0000000
10 5 7 4 0.0000000
10 5 7 5 -0.0023592
10 5 7 6 0.0000000
10 5 7 7 0.0000000
10 5 8 0 0.0000294
10 5 8 1 0.0000025
10 5 8 2 0.0000000
10 5 8 3 -0.0004845
10 5 8 4 -0.0001507
10 5 8 5 0.0000000
10 5 8 6 -0.0018151
10 5 8 7 0.0002753
10 5 8 8 0.0000000
10 5 9 0 0.0000000
10 5 9 1 -0.0000000
10 5 9 2 -0.0000304
10 5 9 3 -0.0000000
10 5 9 4 -0.0000000
10 5 9 5 -0.0000010
10 5 9 6 -0.0000000
10 5 9 7 -0.0000000
10 5 9 8 0.0002052
10 5 9 9 -0.0000000
10 5 10 0 -0.0000000
10 5 10 1 0.0000000
10 5 10 2 0.0010585
10 5 10 3 0.0000000
10 5 10 4 -0.0000000
10 5 10 5 0.0013915
10 5 10 6 0.0000000
10 5 10 7 0.0000000
10 5 10 8 -0.0080546
10 5 10 9 -0.0000000
10 5 10 10 -0.0000000
10 6 0 0 0.0219862
10 6 1 0 -0.0001706
10 6 1 1 0.0293678
10 6 2 0 0.0000000
10 6 2 1 -0.0000000
10 6 2 2 0.0137207
10 6 3 0 0.0018750
10 6 3 1 0.0112361
10 6 3 2 -0.0000000
10 6 3 3 0.0175763
10 6 4 0 -0.0007685
10 6 4 1 0.0000027
10 6 4 2 0.0000000
10 6 4 3 0.0020878
10 6 4 4 0.0098134
10 6 5 0 0.0000000
10 6 5 1 0.0000000
10 6 5 2 0.0046315
10 6 5 3 0.0000000
10 6 5 4 0.0000000
10 6 5 5 0.0163905
10 6 6 0 -0.0012547
10 6 6 1 0.0028636
10 6 6 2 -0.0000000
10 6 6 3 0.0037825
10 6 6 4 -0.0013046
10 6 6 5 0.0000000
10 6 6 6 0.0321563
10 6 7 0 0.0004971
10 6 7 1 0.0045167
10 6 7 2 -0.0000000
10 6 7 3 0.0049975
10 6 7 4 0.0010284
10 6 7 5 0.0000000
10 6 7 6 0.0006891
10 6 7 7 0.0146450
10 6 8 0 0.0000000
10 6 8 1 0.0000000
10 6 8 2 0.0018215
10 6 8 3 0.0000000
10 6 8 4 0.0000000
10 6 8 5 0.0027426
10 6 8 6 -0.0000000
10 6 8 7 -0.0000000
10 6 8 8 0.0159206
10 6 9 0 0.0000909
10 6 9 1 -0.0012566
10 6 9 2 0.0000000
10 6 9 3 -0.0016419
10 6 9 4 -0.0002409
10 6 9 5 -0.0000000
10 6 9 6 -0.0064320
10 6 9 7 0.0000019
10 6 9 8 -0.0000000
10 6 9 9 -0.0198989
10 6 10 0 -0.0000034
10 6 10 1 0.0234506
10 6 10 2 -0.0000000
10 6 10 3 0.0145523
10 6 10 4 -0.0007570
10 6 10 5 0.0000000
10 6 10 6 0.0375154
10 6 10 7 0.0084603
10 6 10 8 0.0000000
10 6 10 9 -0.0015668
10 6 10 10 -0.0400235
10 7 0 0 -0.0552360
10 7 1 0 0.0032176
10 7 1 1 0.0047212
10 7 2 0 -0.0000000
10 7 2 1 -0.0000000
10 7 2 2 -0.0317126
10 7 3 0 -0.0013887
10 7 3 1 0.0070112
10 7 3 2 -0.0000000
10 7 3 3 -0.0216561
10 7 4 0 -0.0004771
10 7 4 1 0.0000593
10 7 4 2 0.0000000
10 7 4 3 0.0002997
10 7 4 4 -0.0349117
10 7 5 0 -0.0000000
10 7 5 1 0.0000000
10 7 5 2 0.0002099
10 7 5 3 0.0000000
10 7 5 4 0.0000000
10 7 5 5 -0.0286916
10 7 6 0 -0.0021554
10 7 6 1 0.0197307
10 7 6 2 -0.0000000
10 7 6 3 0.0233120
10 7 6 4 -0.0010702
10 7 6 5 0.0000000
10 7 6 6 0.0099402
10 7 7 0 -0.0024791
10 7 7 1 0.0048111
10 7 7 2 -0.0000000
10 7 7 3 0.0111246
10 7 7 4 -0.0072937
10 7 7 5 0.0000000
10 7 7 6 0.0257408
10 7 7 7 -0.0054843
10 7 8 0 -0.0000000
10 7 8 1 -0.0000000
10 7 8 2 -0.0044501
10 7 8 3 -0.0000000
10 7 8 4 -0.0000000
10 7 8 5 -0.0020596
10 7 8 6 0.0000000
10 7 8 7 0.0000000
10 7 8 8 0.0340599
10 7 9 0 -0.0000887
10 7 9 1 0.0001359
10 7 9 2 -0.0000000
10 7 9 3 -0.0000559
10 7 9 4 0.0001879
10 7 9 5 0.0000000
10 7 9 6 0.0013620
10 7 9 7 -0.0002962
10 7 9 8 -0.0000000
10 7 9 9 0.0632170
10 7 10 0 -0.0000524
10 7 10 1 0.0002111
10 7 10 2 -0.0000000
10 7 10 3 0.0081007
10 7 10 4 0.0009893
10 7 10 5 0.0000000
10 7 10 6 0.0084603
10 7 10 7 0.0750982
10 7 10 8 0.0000000
10 7 10 9 -0.0038249
10 7 10 10 0.0676331
10 8 0 0 0.0000000
10 8 1 0 0.0000000
10 8 1 1 0.0000000
10 8 2 0 0.0007311
10 8 2 1 0.0088166
10 8 2 2 -0.0000000
10 8 3 0 0.0000000
10 8 3 1 -0.0000000
10 8 3 2 -0.0042830
10 8 3 3 -0.0000000
10 8 4 0 0.0000000
10 8 4 1 -0.0000000
10 8 4 2 -0.0079662
10 8 4 3 0.0000000
10 8 4 4 0.0000000
10 8 5 0 0.0016598
10 8 5 1 0.0102518
10 8 5 2 -0.0000000
10 8 5 3 0.0017274
10 8 5 4 0.0073647
10 8 5 5 -0.0000000
10 8 6 0 -0.0000000
10 8 6 1 -0.0000000
10 8 6 2 -0.0053034
10 8 6 3 -0.0000000
10 8 6 4 -0.0000000
10 8 6 5 -0.0063279
10 8 6 6 0.0000000
10 8 7 0 0.0000000
10 8 7 1 0.0000000
10 8 7 2 0.0040178
10 8 7 3 0.0000000
10 8 7 4 0.0000000
10 8 7 5 0.0008409
10 8 7 6 -0.0000000
10 8 7 7 0.0000000
10 8 8 0 -0.0004306
10 8 8 1 0.0194893
10 8 8 2 -0.0000000
10 8 8 3 0.0144978
10 8 8 4 -0.0002997
10 8 8 5 0.0000000
10 8 8 6 0.0394282
10 8 8 7 0.0012063
10 8 8 8 -0.0000000
10 8 9 0 0.0000000
10 8 9 1 0.0000000
10 8 9 2 0.0006149
10 8 9 3 0.0000000
10 8 9 4 0.0000000
10 8 9 5 0.0006113
10 8 9 6 -0.0000000
10 8 9 7 -0.0000000
10 8 9 8 0.0000316
10 8 9 9 0.0000000
10 8 10 0 -0.0000000
10 8 10 1 -0.0000000
10 8 10 2 -0.0113114
10 8 10 3 -0.0000000
10 8 10 4 -0.0000000
10 8 10 5 -0.0080546
10 8 10 6 0.0000000
10 8 10 7 0.0000000
10 8 10 8 0.1090359
10 8 10 9 0.0000000
10 8 10 10 0.0000000
10 9 0 0 -0.0124983
10 9 1 0 -0.0001767
10 9 1 1 -0.0260163
10 9 2 0 0.0000000
10 9 2 1 0.0000000
10 9 2 2 -0.0079678
10 9 3 0 -0.0003554
10 9 3 1 -0.0114887
10 9 3 2 0.0000000
10 9 3 3 -0.0159398
10 9 4 0 0.0003289
10 9 4 1 -0.0003886
10 9 4 2 -0.0000000
10 9 4 3 0.0001951
10 9 4 4 -0.0062080
10 9 5 0 0.0000000
10 9 5 1 -0.0000000
10 9 5 2 -0.0029534
10 9 5 3 -0.0000000
10 9 5 4 -0.0000000
10 9 5 5 -0.0097211
10 9 6 0 0.0005930
10 9 6 1 -0.0178011
10 9 6 2 0.0000000
10 9 6 3 -0.0141565
10 9 6 4 -0.0003794
10 9 6 5 -0.0000000
10 9 6 6 -0.0505260
10 9 7 0 0.0001096
10 9 7 1 0.0010436
10 9 7 2 -0.0000000
10 9 7 3 -0.0031528
10 9 7 4 -0.0000777
10 9 7 5 0.0000000
10 9 7 6 0.0010364
10 9 7 7 -0.0335518
10 9 8 0 0.0000000
10 9 8 1 0.0000000
10 9 8 2 0.0038839
10 9 8 3 0.0000000
10 9 8 4 0.0000000
10 9 8 5 0.0025639
10 9 8 6 -0.0000000
10 9 8 7 -0.0000000
10 9 8 8 -0.0496115
10 9 9 0 0.0003106
10 9 9 1 -0.0066937
10 9 9 2 0.0000000
10 9 9 3 -0.0060740
10 9 9 4 -0.0007490
10 9 9 5 -0.0000000
10 9 9 6 -0.0202503
10 9 9 7 0.0036630
10 9 9 8 0.0000000
10 9 9 9 -0.3648283
10 9 10 0 0.0000224
10 9 10 1 -0.0004960
10 9 10 2 0.0000000
10 9 10 3 -0.0007789
10 9 10 4 0.0000348
10 9 10 5 -0.0000000
10 9 10 6 -0.0015668
10 9 10 7 -0.0038249
10 9 10 8 0.0000000
10 9 10 9 0.0530068
10 9 10 10 -0.0389063
10 10 0 0 0.2902100
10 10 1 0 0.0021492
10 10 1 1 0.3840195
10 10 2 0 -0.0000000
10 10 2 1 -0.0000000
10 10 2 2 0.2367655
10 10 3 0 0.0026368
10 10 3 1 0.0709794
10 10 3 2 -0.0000000
10 10 3 3 0.2896413
10 10 4 0 -0.0031998
10 10 4 1 0.0027635
10 10 4 2 0.0000000
10 10 4 3 -0.0082883
10 10 4 4 0.2156650
10 10 5 0 0.0000000
10 10 5 1 0.0000000
10 10 5 2 0.0371442
10 10 5 3 0.0000000
10 10 5 4 0.0000000
10 10 5 5 0.2570666
10 10 6 0 -0.0040206
10 10 6 1 0.0931953
10 10 6 2 -0.0000000
10 10 6 3 0.0820355
10 10 6 4 0.0002161
10 10 6 5 0.0000000
10 10 6 6 0.4825242
10 10 7 0 -0.0014364
10 10 7 1 -0.0027288
10 10 7 2 0.0000000
10 10 7 3 0.0366083
10 10 7 4 0.0037568
10 10 7 5 -0.0000000
10 10 7 6 0.0096060
10 10 7 7 0.4644438
10 10 8 0 -0.0000000
10 10 8 1 -0.0000000
10 10 8 2 -0.0308045
10 10 8 3 -0.0000000
10 10 8 4 -0.0000000
10 10 8 5 -0.0204781
10 10 8 6 0.0000000
10 10 8 7 0.0000000
10 10 8 8 0.6110812
10 10 9 0 -0.0005746
10 10 9 1 -0.0007108
10 10 9 2 0.0000000
10 10 9 3 0.0026004
10 10 9 4 0.0010424
10 10 9 5 0.0000000
10 10 9 6 0.0138213
10 10 9 7 -0.0004448
10 10 9 8 -0.0000000
10 10 9 9 0.8412170
10 10 10 0 -0.0012465
10 10 10 1 -0.0458177
10 10 10 2 0.0000000
10 10 10 3 -0.0196058
10 10 10 4 0.0001326
10 10 10 5 -0.0000000
10 10 10 6 -0.0400235
10 10 10 7 0.0676331
10 10 10 8 0.0000000
10 10 10 9 -0.0389063
10 10 10 10 0.7072844
11 0 0 0 -0.0800676
11 0 1 0 0.0039029
11 0 1 1 -0.0099286
11 0 2 0 -0.0000000
11 0 2 1 0.0000000
11 0 2 2 0.0037722
11 0 3 0 0.0007353
11 0 3 1 0.0051522
11 0 3 2 -0.0000000
11 0 3 3 -0.0018401
11 0 4 0 0.0123093
11 0 4 1 -0.0024328
11 0 4 2 0.0000000
11 0 4 3 0.0028107
11 0 4 4 0.0044956
11 0 5 0 -0.0000000
11 0 5 1 -0.0000000
11 0 5 2 -0.0013181
11 0 5 3 -0.0000000
11 0 5 4 -0.0000000
11 0 5 5 -0.0005797
11 0 6 0 -0.0047978
11 0 6 1 0.0044853
11 0 6 2 -0.0000000
11 0 6 3 -0.0045664
11 0 6 4 0.0004919
11 0 6 5 -0.0000000
11 0 6 6 -0.0023803
11 0 7 0 0.0111724
11 0 7 1 0.0022420
11 0 7 2 -0.0000000
11 0 7 3 -0.0011606
11 0 7 4 0.0042271
11 0 7 5 -0.0000000
11 0 7 6 -0.0029548
11 0 7 7 0.0067590
11 0 8 0 0.0000000
11 0 8 1 0.0000000
11 0 8 2 0.0000911
11 0 8 3 0.0000000
11 0 8 4 -0.0000000
11 0 8 5 -0.0001808
11 0 8 6 0.0000000
11 0 8 7 0.0000000
11 0 8 8 -0.0007561
11 0 9 0 -0.0001203
11 0 9 1 -0.0001005
11 0 9 2 0.0000000
11 0 9 3 0.0000464
11 0 9 4 -0.0000182
11 0 9 5 0.0000000
11 0 9 6 0.0000521
11 0 9 7 -0.0000496
11 0 9 8 0.0000000
11 0 9 9 -0.0006611
11 0 10 0 -0.0026942
11 0 10 1 -0.0012633
11 0 10 2 0.0000000
11 0 10 3 0.0001686
11 0 10 4 -0.0009556
11 0 10 5 0.0000000
11 0 10 6 0.0005593
11 0 10 7 -0.0020124
11 0 10 8 0.0000000
11 0 10 9 -0.0000113
11 0 10 10 -0.0004451
11 0 11 0 0.0110697
11 0 11 1 0.0039970
11 0 11 2 -0.0000000
11 0 11 3 -0.0005616
11 0 11 4 0.0042436
11 0 11 5 -0.0000000
11 0 11 6 -0.0028246
11 0 11 7 0.0073612
11 0 11 8 0.0000000
11 0 11 9 0.0000670
11 0 11 10 -0.0011710
11 0 11 11 0.0070803
11 1 0 0 -0.0159303
11 1 1 0 -0.0038007
11 1 1 1 -0.0250171
11 1 2 0 0.0000000
11 1 2 1 0.0000000
11 1 2 2 0.0151334
11 1 3 0 0.0054307
11 1 3 1 0.0259210
11 1 3 2 -0.0000000
11 1 3 3 -0.0071214
11 1 4 0 0.0007168
11 1 4 1 -0.0057301
11 1 4 2 -0.0000000
11 1 4 3 0.0162310
11 1 4 4 0.0113511
11 1 5 0 0.0000000
11 1 5 1 0.0000000
11 1 5 2 -0.0110737
11 1 5 3 0.0000000
11 1 5 4 0.0000000
11 1 5 5 -0.0008247
11 1 6 0 -0.0000615
11 1 6 1 0.0134776
11 1 6 2 -0.0000000
11 1 6 3 -0.0098321
11 1 6 4 -0.0028781
11 1 6 5 -0.0000000
11 1 6 6 0.0047836
11 1 7 0 0.0038407
11 1 7 1 0.0026829
11 1 7 2 0.0000000
11 1 7 3 -0.0070588
11 1 7 4 -0.0003668
11 1 7 5 0.0000000
11 1 7 6 -0.0287191
11 1 7 7 0.0126784
11 1 8 0 0.0000000
11 1 8 1 0.0000000
11 1 8 2 0.0008454
11 1 8 3 0.0000000
11 1 8 4 -0.0000000
11 1 8 5 -0.0008215
11 1 8 6 0.0000000
11 1 8 7 0.0000000
11 1 8 8 0.0064004
11 1 9 0 -0.0000679
11 1 9 1 -0.0010342
11 1 9 2 0.0000000
11 1 9 3 0.0000879
11 1 9 4 -0.0000653
11 1 9 5 0.0000000
11 1 9 6 -0.0009280
11 1 9 7 0.0005037
11 1 9 8 0.0000000
11 1 9 9 0.0069397
11 1 10 0 -0.0009952
11 1 10 1 -0.0055308
11 1 10 2 -0.0000000
11 1 10 3 -0.0002779
11 1 10 4 0.0000838
11 1 10 5 0.0000000
11 1 10 6 0.0045670
11 1 10 7 -0.0148286
11 1 10 8 0.0000000
11 1 10 9 -0.0019487
11 1 10 10 -0.0113530
11 1 11 0 0.0039970
11 1 11 1 0.0333669
11 1 11 2 0.0000000
11 1 11 3 0.0097110
11 1 11 4 0.0001855
11 1 11 5 0.0000000
11 1 11 6 0.0012309
11 1 11 7 0.0015320
11 1 11 8 0.0000000
11 1 11 9 -0.0000377
11 1 11 10 0.0083553
11 1 11 11 0.0206835
11 2 0 0 0.0000000
11 2 1 0 0.0000000
11 2 1 1 0.0000000
11 2 2 0 0.0038419
11 2 2 1 0.0225618
11 2 2 2 -0.0000000
11 2 3 0 -0.0000000
11 2 3 1 -0.0000000
11 2 3 2 -0.0296159
11 2 3 3 0.0000000
11 2 4 0 0.0000000
11 2 4 1 -0.0000000
11 2 4 2 -0.0444525
11 2 4 3 -0.0000000
11 2 4 4 0.0000000
11 2 5 0 0.0092441
11 2 5 1 0.0127920
11 2 5 2 0.0000000
11 2 5 3 0.0094121
11 2 5 4 0.0510242
11 2 5 5 -0.0000000
11 2 6 0 -0.0000000
11 2 6 1 -0.0000000
11 2 6 2 -0.0055793
11 2 6 3 0.0000000
11 2 6 4 -0.0000000
11 2 6 5 -0.0151830
11 2 6 6 -0.0000000
11 2 7 0 -0.0000000
11 2 7 1 0.0000000
11 2 7 2 0.0339961
11 2 7 3 0.0000000
11 2 7 4 0.0000000
11 2 7 5 0.0046319
11 2 7 6 0.0000000
11 2 7 7 -0.0000000
11 2 8 0 0.0001553
11 2 8 1 0.0056770
11 2 8 2 -0.0000000
11 2 8 3 0.0021979
11 2 8 4 -0.0015250
11 2 8 5 0.0000000
11 2 8 6 0.0016903
11 2 8 7 0.0020490
11 2 8 8 -0.0000000
11 2 9 0 0.0000000
11 2 9 1 0.0000000
11 2 9 2 0.0000084
11 2 9 3 -0.0000000
11 2 9 4 0.0000000
11 2 9 5 0.0001658
11 2 9 6 0.0000000
11 2 9 7 -0.0000000
11 2 9 8 0.0006803
11 2 9 9 -0.0000000
11 2 10 0 0.0000000
11 2 10 1 -0.0000000
11 2 10 2 -0.0074932
11 2 10 3 0.0000000
11 2 10 4 -0.0000000
11 2 10 5 -0.0004424
11 2 10 6 -0.0000000
11 2 10 7 0.0000000
11 2 10 8 0.0022199
11 2 10 9 0.0000000
11 2 10 10 0.0000000
11 2 11 0 -0.0000000
11 2 11 1 0.0000000
11 2 11 2 0.0357465
11 2 11 3 -0.0000000
11 2 11 4 0.0000000
11 2 11 5 0.0047602
11 2 11 6 -0.0000000
11 2 11 7 -0.0000000
11 2 11 8 0.0024465
11 2 11 9 0.0000000
11 2 11 10 -0.0000000
11 2 11 11 -0.0000000
11 3 0 0 0.0539539
11 3 1 0 0.0021005
11 3 1 1 0.0468450
11 3 2 0 -0.0000000
11 3 2 1 -0.0000000
11 3 2 2 -0.0036677
11 3 3 0 0.0052782
11 3 3 1 0.0135567
11 3 3 2 -0.0000000
11 3 3 3 0.0173702
11 3 4 0 -0.0042267
11 3 4 1 0.0047973
11 3 4 2 0.0000000
11 3 4 3 0.0033206
11 3 4 4 -0.0146387
11 3 5 0 0.0000000
11 3 5 1 0.0000000
11 3 5 2 0.0202614
11 3 5 3 -0.0000000
11 3 5 4 0.0000000
11 3 5 5 0.0150089
11 3 6 0 -0.0058593
11 3 6 1 -0.0160125
11 3 6 2 0.0000000
11 3 6 3 0.0000485
11 3 6 4 -0.0073218
11 3 6 5 0.0000000
11 3 6 6 0.0401555
11 3 7 0 -0.0005660
11 3 7 1 -0.0049516
11 3 7 2 0.0000000
11 3 7 3 0.0194035
11 3 7 4 0.0013437
11 3 7 5 -0.0000000
11 3 7 6 -0.0236647
11 3 7 7 0.0144655
11 3 8 0 0.0000000
11 3 8 1 0.0000000
11 3 8 2 0.0018917
11 3 8 3 0.0000000
11 3 8 4 0.0000000
11 3 8 5 0.0029027
11 3 8 6 -0.0000000
11 3 8 7 0.0000000
11 3 8 8 0.0145402
11 3 9 0 0.0000809
11 3 9 1 0.0001362
11 3 9 2 -0.0000000
11 3 9 3 -0.0001256
11 3 9 4 -0.0000516
11 3 9 5 -0.0000000
11 3 9 6 -0.0014360
11 3 9 7 0.0006466
11 3 9 8 0.0000000
11 3 9 9 0.0066034
11 3 10 0 0.0003666
11 3 10 1 0.0047693
11 3 10 2 -0.0000000
11 3 10 3 -0.0039896
11 3 10 4 -0.0004108
11 3 10 5 0.0000000
11 3 10 6 0.0076051
11 3 10 7 -0.0067679
11 3 10 8 -0.0000000
11 3 10 9 -0.0006749
11 3 10 10 -0.0034280
11 3 11 0 -0.0005616
11 3 11 1 0.0097110
11 3 11 2 -0.0000000
11 3 11 3 0.0333212
11 3 11 4 0.0021542
11 3 11 5 -0.0000000
11 3 11 6 -0.0047171
11 3 11 7 0.0024965
11 3 11 8 0.0000000
11 3 11 9 -0.0003899
11 3 11 10 0.0001121
11 3 11 11 0.0257200
11 4 0 0 0.1292482
11 4 1 0 -0.0074470
11 4 1 1 0.0306227
11 4 2 0 0.0000000
11 4 2 1 -0.0000000
11 4 2 2 0.0099634
11 4 3 0 0.0020991
11 4 3 1 0.0015678
11 4 3 2 0.0000000
11 4 3 3 0.0428274
11 4 4 0 -0.0005812
11 4 4 1 0.0061965
11 4 4 2 0.0000000
11 4 4 3 -0.0243624
11 4 4 4 0.0148161
11 4 5 0 0.0000000
11 4 5 1 0.0000000
11 4 5 2 0.0335155
11 4 5 3 0.0000000
11 4 5 4 0.0000000
11 4 5 5 0.0286765
11 4 6 0 0.0058534
11 4 6 1 -0.0114985
11 4 6 2 0.0000000
11 4 6 3 -0.0161625
11 4 6 4 0.0073059
11 4 6 5 -0.0000000
11 4 6 6 0.0379414
11 4 7 0 0.0041636
11 4 7 1 -0.0007373
11 4 7 2 0.0000000
11 4 7 3 -0.0000475
11 4 7 4 0.0278365
11 4 7 5 -0.0000000
11 4 7 6 -0.0019031
11 4 7 7 0.0428877
11 4 8 0 0.0000000
11 4 8 1 0.0000000
11 4 8 2 0.0002676
11 4 8 3 0.0000000
11 4 8 4 0.0000000
11 4 8 5 0.0016355
11 4 8 6 -0.0000000
11 4 8 7 0.0000000
11 4 8 8 0.0115971
11 4 9 0 0.0000710
11 4 9 1 0.0001210
11 4 9 2 -0.0000000
11 4 9 3 0.0000714
11 4 9 4 -0.0001314
11 4 9 5 -0.0000000
11 4 9 6 -0.0002478
11 4 9 7 -0.0000355
11 4 9 8 0.0000000
11 4 9 9 0.0162465
11 4 10 0 -0.0007053
11 4 10 1 0.0012950
11 4 10 2 -0.0000000
11 4 10 3 0.0003030
11 4 10 4 -0.0063506
11 4 10 5 0.0000000
11 4 10 6 0.0010764
11 4 10 7 -0.0074663
11 4 10 8 -0.0000000
11 4 10 9 -0.0011929
11 4 10 10 0.0114787
11 4 11 0 0.0042436
11 4 11 1 0.0001855
11 4 11 2 0.0000000
11 4 11 3 0.0021542
11 4 11 4 0.0281467
11 4 11 5 -0.0000000
11 4 11 6 -0.0015659
11 4 11 7 0.0304126
11 4 11 8 -0.0000000
11 4 11 9 -0.0005095
11 4 11 10 -0.0073725
11 4 11 11 0.0442679
11 5 0 0 -0.0000000
11 5 1 0 0.0000000
11 5 1 1 -0.0000000
11 5 2 0 0.0031674
11 5 2 1 0.0017976
11 5 2 2 -0.0000000
11 5 3 0 -0.0000000
11 5 3 1 0.0000000
11 5 3 2 0.0051600
11 5 3 3 -0.0000000
11 5 4 0 0.0000000
11 5 4 1 0.0000000
11 5 4 2 0.0169796
11 5 4 3 0.0000000
11 5 4 4 -0.0000000
11 5 5 0 0.0053428
11 5 5 1 0.0049331
11 5 5 2 -0.0000000
11 5 5 3 -0.0034407
11 5 5 4 -0.0066939
11 5 5 5 -0.0000000
11 5 6 0 -0.0000000
11 5 6 1 -0.0000000
11 5 6 2 -0.0046788
11 5 6 3 0.0000000
11 5 6 4 -0.0000000
11 5 6 5 -0.0036210
11 5 6 6 -0.0000000
11 5 7 0 -0.0000000
11 5 7 1 0.0000000
11 5 7 2 0.0040969
11 5 7 3 -0.0000000
11 5 7 4 -0.0000000
11 5 7 5 0.0109171
11 5 7 6 -0.0000000
11 5 7 7 -0.0000000
11 5 8 0 0.0001102
11 5 8 1 0.0003005
11 5 8 2 -0.0000000
11 5 8 3 0.0006186
11 5 8 4 0.0003286
11 5 8 5 -0.0000000
11 5 8 6 -0.0010137
11 5 8 7 0.0012523
11 5 8 8 -0.0000000
11 5 9 0 -0.0000000
11 5 9 1 -0.0000000
11 5 9 2 0.0000037
11 5 9 3 -0.0000000
11 5 9 4 0.0000000
11 5 9 5 -0.0000307
11 5 9 6 -0.0000000
11 5 9 7 0.0000000
11 5 9 8 -0.0000391
11 5 9 9 -0.0000000
11 5 10 0 0.0000000
11 5 10 1 -0.0000000
11 5 10 2 -0.0006984
11 5 10 3 0.0000000
11 5 10 4 0.0000000
11 5 10 5 -0.0023842
11 5 10 6 -0.0000000
11 5 10 7 0.0000000
11 5 10 8 -0.0026286
11 5 10 9 0.0000000
11 5 10 10 -0.0000000
11 5 11 0 -0.0000000
11 5 11 1 0.0000000
11 5 11 2 0.0047602
11 5 11 3 -0.0000000
11 5 11 4 -0.0000000
11 5 11 5 0.0119454
11 5 11 6 0.0000000
11 5 11 7 -0.0000000
11 5 11 8 -0.0005358
11 5 11 9 -0.0000000
11 5 11 10 0.0000000
11 5 11 11 -0.0000000
11 6 0 0 -0.0155302
11 6 1 0 0.0019766
11 6 1 1 0.0014447
11 6 2 0 -0.0000000
11 6 2 1 -0.0000000
11 6 2 2 -0.0033857
11 6 3 0 -0.0067458
11 6 3 1 -0.0134050
11 6 3 2 0.0000000
11 6 3 3 0.0066458
11 6 4 0 0.0017694
11 6 4 1 0.0017076
11 6 4 2 -0.0000000
11 6 4 3 -0.0114356
11 6 4 4 0.0050513
11 6 5 0 -0.0000000
11 6 5 1 -0.0000000
11 6 5 2 -0.0040747
11 6 5 3 0.0000000
11 6 5 4 0.0000000
11 6 5 5 -0.0034561
11 6 6 0 0.0027529
11 6 6 1 0.0049969
11 6 6 2 -0.0000000
11 6 6 3 0.0067591
11 6 6 4 0.0068370
11 6 6 5 -0.0000000
11 6 6 6 -0.0079377
11 6 7 0 -0.0024681
11 6 7 1 -0.0163262
11 6 7 2 0.0000000
11 6 7 3 -0.0176702
11 6 7 4 -0.0016885
11 6 7 5 -0.0000000
11 6 7 6 -0.0046092
11 6 7 7 -0.0081831
11 6 8 0 -0.0000000
11 6 8 1 -0.0000000
11 6 8 2 -0.0002834
11 6 8 3 -0.0000000
11 6 8 4 -0.0000000
11 6 8 5 -0.0004677
11 6 8 6 0.0000000
11 6 8 7 -0.0000000
11 6 8 8 -0.0025276
11 6 9 0 0.0000120
11 6 9 1 -0.0007390
11 6 9 2 0.0000000
11 6 9 3 -0.0003341
11 6 9 4 -0.0001000
11 6 9 5 -0.0000000
11 6 9 6 -0.0018519
11 6 9 7 0.0018689
11 6 9 8 0.0000000
11 6 9 9 -0.0091668
11 6 10 0 0.0007016
11 6 10 1 0.0051338
11 6 10 2 -0.0000000
11 6 10 3 0.0024989
11 6 10 4 0.0005139
11 6 10 5 0.0000000
11 6 10 6 0.0000059
11 6 10 7 -0.0144254
11 6 10 8 0.0000000
11 6 10 9 -0.0004991
11 6 10 10 -0.0254949
11 6 11 0 -0.0028246
11 6 11 1 0.0012309
11 6 11 2 -0.0000000
11 6 11 3 -0.0047171
11 6 11 4 -0.0015659
11 6 11 5 0.0000000
11 6 11 6 0.0329068
11 6 11 7 -0.0127017
11 6 11 8 0.0000000
11 6 11 9 -0.0015848
11 6 11 10 0.0103540
11 6 11 11 -0.0045221
11 7 0 0 0.2547330
11 7 1 0 -0.0113769
11 7 1 1 0.0234475
11 7 2 0 0.0000000
11 7 2 1 0.0000000
11 7 2 2 0.1311534
11 7 3 0 0.0037588
11 7 3 1 -0.0472331
11 7 3 2 0.0000000
11 7 3 3 0.1053725
11 7 4 0 0.0011167
11 7 4 1 0.0037324
11 7 4 2 0.0000000
11 7 4 3 -0.0142772
11 7 4 4 0.1410372
11 7 5 0 0.0000000
11 7 5 1 -0.0000000
11 7 5 2 0.0156439
11 7 5 3 -0.0000000
11 7 5 4 -0.0000000
11 7 5 5 0.1334930
11 7 6 0 0.0084825
11 7 6 1 -0.0947859
11 7 6 2 0.0000000
11 7 6 3 -0.0865834
11 7 6 4 0.0046425
11 7 6 5 -0.0000000
11 7 6 6 -0.0282871
11 7 7 0 0.0075989
11 7 7 1 0.0084964
11 7 7 2 -0.0000000
11 7 7 3 -0.0174556
11 7 7 4 0.0361239
11 7 7 5 -0.0000000
11 7 7 6 -0.0022800
11 7 7 7 -0.0050323
11 7 8 0 0.0000000
11 7 8 1 0.0000000
11 7 8 2 0.0192963
11 7 8 3 0.0000000
11 7 8 4 0.0000000
11 7 8 5 0.0144389
11 7 8 6 -0.0000000
11 7 8 7 -0.0000000
11 7 8 8 -0.1510897
11 7 9 0 0.0004630
11 7 9 1 0.0022998
11 7 9 2 -0.0000000
11 7 9 3 -0.0001763
11 7 9 4 -0.0005453
11 7 9 5 -0.0000000
11 7 9 6 -0.0038418
11 7 9 7 -0.0011144
11 7 9 8 0.0000000
11 7 9 9 -0.2608285
11 7 10 0 -0.0005077
11 7 10 1 0.0127287
11 7 10 2 -0.0000000
11 7 10 3 0.0058622
11 7 10 4 -0.0086137
11 7 10 5 0.0000000
11 7 10 6 0.0044606
11 7 10 7 -0.0287847
11 7 10 8 0.0000000
11 7 10 9 0.0193252
11 7 10 10 -0.1626473
11 7 11 0 0.0073612
11 7 11 1 0.0015320
11 7 11 2 -0.0000000
11 7 11 3 0.0024965
11 7 11 4 0.0304126
11 7 11 5 -0.0000000
11 7 11 6 -0.0127017
11 7 11 7 0.2035810
11 7 11 8 -0.0000000
11 7 11 9 0.0030652
11 7 11 10 -0.0593324
11 7 11 11 0.0251513
11 8 0 0 0.0000000
11 8 1 0 0.0000000
11 8 1 1 0.0000000
11 8 2 0 0.0003645
11 8 2 1 0.0038379
11 8 2 2 -0.0000000
11 8 3 0 0.0000000
11 8 3 1 -0.0000000
11 8 3 2 -0.0015562
11 8 3 3 0.0000000
11 8 4 0 0.0000000
11 8 4 1 -0.0000000
11 8 4 2 -0.0054141
11 8 4 3 0.0000000
11 8 4 4 0.0000000
11 8 5 0 0.0008992
11 8 5 1 0.0028130
11 8 5 2 -0.0000000
11 8 5 3 0.0022743
11 8 5 4 0.0049344
11 8 5 5 -0.0000000
11 8 6 0 -0.0000000
11 8 6 1 -0.0000000
11 8 6 2 -0.0022047
11 8 6 3 -0.0000000
11 8 6 4 -0.0000000
11 8 6 5 -0.0029102
11 8 6 6 0.0000000
11 8 7 0 0.0000000
11 8 7 1 0.0000000
11 8 7 2 0.0050505
11 8 7 3 0.0000000
11 8 7 4 0.0000000
11 8 7 5 0.0020657
11 8 7 6 -0.0000000
11 8 7 7 0.0000000
11 8 8 0 -0.0000657
11 8 8 1 0.0070700
11 8 8 2 -0.0000000
11 8 8 3 0.0035414
11 8 8 4 -0.0000332
11 8 8 5 0.0000000
11 8 8 6 0.0116014
11 8 8 7 -0.0181299
11 8 8 8 0.0000000
11 8 9 0 0.0000000
11 8 9 1 0.0000000
11 8 9 2 0.0002158
11 8 9 3 0.0000000
11 8 9 4 0.0000000
11 8 9 5 0.0001435
11 8 9 6 -0.0000000
11 8 9 7 -0.0000000
11 8 9 8 -0.0001755
11 8 9 9 0.0000000
11 8 10 0 -0.0000000
11 8 10 1 -0.0000000
11 8 10 2 -0.0032194
11 8 10 3 -0.0000000
11 8 10 4 -0.0000000
11 8 10 5 -0.0023059
11 8 10 6 0.0000000
11 8 10 7 0.0000000
11 8 10 8 0.0253045
11 8 10 9 -0.0000000
11 8 10 10 0.0000000
11 8 11 0 0.0000000
11 8 11 1 0.0000000
11 8 11 2 0.0024465
11 8 11 3 0.0000000
11 8 11 4 -0.0000000
11 8 11 5 -0.0005358
11 8 11 6 0.0000000
11 8 11 7 -0.0000000
11 8 11 8 0.0229396
11 8 11 9 0.0000000
11 8 11 10 0.0000000
11 8 11 11 0.0000000
11 9 0 0 -0.0046698
11 9 1 0 -0.0000768
11 9 1 1 -0.0069205
11 9 2 0 0.0000000
11 9 2 1 0.0000000
11 9 2 2 -0.0020861
11 9 3 0 0.0000222
11 9 3 1 -0.0012350
11 9 3 2 0.0000000
11 9 3 3 -0.0041927
11 9 4 0 0.0001071
11 9 4 1 -0.0003483
11 9 4 2 -0.0000000
11 9 4 3 0.0006396
11 9 4 4 -0.0017375
11 9 5 0 -0.0000000
11 9 5 1 -0.0000000
11 9 5 2 -0.0012458
11 9 5 3 -0.0000000
11 9 5 4 -0.0000000
11 9 5 5 -0.0030446
11 9 6 0 0.0000706
11 9 6 1 -0.0026002
11 9 6 2 0.0000000
11 9 6 3 -0.0024067
11 9 6 4 -0.0002315
11 9 6 5 -0.0000000
11 9 6 6 -0.0099451
11 9 7 0 0.0000869
11 9 7 1 0.0011268
11 9 7 2 -0.0000000
11 9 7 3 -0.0000444
11 9 7 4 -0.0002007
11 9 7 5 0.0000000
11 9 7 6 0.0012366
11 9 7 7 -0.0065729
11 9 8 0 0.0000000
11 9 8 1 0.0000000
11 9 8 2 0.0006130
11 9 8 3 0.0000000
11 9 8 4 0.0000000
11 9 8 5 0.0002421
11 9 8 6 -0.0000000
11 9 8 7 -0.0000000
11 9 8 8 -0.0085153
11 9 9 0 0.0000662
11 9 9 1 -0.0006476
11 9 9 2 0.0000000
11 9 9 3 -0.0015750
11 9 9 4 0.0000321
11 9 9 5 -0.0000000
11 9 9 6 -0.0029103
11 9 9 7 -0.0066747
11 9 9 8 0.0000000
11 9 9 9 -0.0538243
11 9 10 0 -0.0000260
11 9 10 1 -0.0007696
11 9 10 2 0.0000000
11 9 10 3 -0.0002920
11 9 10 4 0.0000572
11 9 10 5 -0.0000000
11 9 10 6 -0.0005902
11 9 10 7 -0.0007309
11 9 10 8 0.0000000
11 9 10 9 0.0071200
11 9 10 10 -0.0059737
11 9 11 0 0.0000670
11 9 11 1 -0.0000377
11 9 11 2 0.0000000
11 9 11 3 -0.0003899
11 9 11 4 -0.0005095
11 9 11 5 -0.0000000
11 9 11 6 -0.0015848
11 9 11 7 0.0030652
11 9 11 8 0.0000000
11 9 11 9 0.0067783
11 9 11 10 0.0001083
11 9 11 11 -0.0052262
11 10 0 0 -0.0747562
11 10 1 0 0.0018575
11 10 1 1 -0.0282408
11 10 2 0 -0.0000000
11 10 2 1 -0.0000000
11 10 2 2 -0.0364847
11 10 3 0 -0.0005385
11 10 3 1 0.0124187
11 10 3 2 -0.0000000
11 10 3 3 -0.0371178
11 10 4 0 0.0002577
11 10 4 1 -0.0022358
11 10 4 2 -0.0000000
11 10 4 3 0.0064792
11 10 4 4 -0.0374303
11 10 5 0 -0.0000000
11 10 5 1 -0.0000000
11 10 5 2 -0.0088118
11 10 5 3 0.0000000
11 10 5 4 -0.0000000
11 10 5 5 -0.0419588
11 10 6 0 -0.0014322
11 10 6 1 0.0261139
11 10 6 2 -0.0000000
11 10 6 3 0.0175215
11 10 6 4 -0.0012517
11 10 6 5 0.0000000
11 10 6 6 -0.0072213
11 10 7 0 -0.0010041
11 10 7 1 -0.0058353
11 10 7 2 0.0000000
11 10 7 3 -0.0012095
11 10 7 4 -0.0094998
11 10 7 5 0.0000000
11 10 7 6 -0.0151394
11 10 7 7 -0.0022261
11 10 8 0 -0.0000000
11 10 8 1 -0.0000000
11 10 8 2 -0.0064743
11 10 8 3 -0.0000000
11 10 8 4 -0.0000000
11 10 8 5 -0.0063254
11 10 8 6 0.0000000
11 10 8 7 0.0000000
11 10 8 8 0.0426908
11 10 9 0 -0.0001642
11 10 9 1 -0.0010284
11 10 9 2 0.0000000
11 10 9 3 0.0003697
11 10 9 4 0.0001740
11 10 9 5 0.0000000
11 10 9 6 0.0022213
11 10 9 7 0.0002473
11 10 9 8 -0.0000000
11 10 9 9 0.0655088
11 10 10 0 0.0000322
11 10 10 1 -0.0153370
11 10 10 2 0.0000000
11 10 10 3 -0.0127073
11 10 10 4 0.0029305
11 10 10 5 -0.0000000
11 10 10 6 -0.0205252
11 10 10 7 -0.0364451
11 10 10 8 0.0000000
11 10 10 9 -0.0031837
11 10 10 10 0.0421696
11 10 11 0 -0.0011710
11 10 11 1 0.0083553
11 10 11 2 -0.0000000
11 10 11 3 0.0001121
11 10 11 4 -0.0073725
11 10 11 5 0.0000000
11 10 11 6 0.0103540
11 10 11 7 -0.0593324
11 10 11 8 0.0000000
11 10 11 9 0.0001083
11 10 11 10 0.0530158
11 10 11 11 0.0051728
11 11 0 0 0.5901905
11 11 1 0 -0.0087953
11 11 1 1 0.4585226
11 11 2 0 0.0000000
11 11 2 1 -0.0000000
11 11 2 2 0.4022205
11 11 3 0 0.0085946
11 11 3 1 0.0419902
11 11 3 2 -0.0000000
11 11 3 3 0.4359648
11 11 4 0 -0.0030841
11 11 4 1 0.0069881
11 11 4 2 0.0000000
11 11 4 3 -0.0190432
11 11 4 4 0.3870508
11 11 5 0 0.0000000
11 11 5 1 0.0000000
11 11 5 2 0.0572713
11 11 5 3 0.0000000
11 11 5 4 0.0000000
11 11 5 5 0.4277657
11 11 6 0 0.0023672
11 11 6 1 -0.0071852
11 11 6 2 -0.0000000
11 11 6 3 -0.0090105
11 11 6 4 0.0042690
11 11 6 5 0.0000000
11 11 6 6 0.5020013
11 11 7 0 0.0068656
11 11 7 1 -0.0031864
11 11 7 2 0.0000000
11 11 7 3 0.0138109
11 11 7 4 0.0401346
11 11 7 5 -0.0000000
11 11 7 6 -0.0315770
11 11 7 7 0.5013993
11 11 8 0 -0.0000000
11 11 8 1 -0.0000000
11 11 8 2 -0.0025186
11 11 8 3 -0.0000000
11 11 8 4 0.0000000
11 11 8 5 0.0016153
11 11 8 6 -0.0000000
11 11 8 7 -0.0000000
11 11 8 8 0.4338918
11 11 9 0 0.0000481
11 11 9 1 0.0007721
11 11 9 2 -0.0000000
11 11 9 3 0.0012469
11 11 9 4 0.0000389
11 11 9 5 0.0000000
11 11 9 6 0.0018554
11 11 9 7 -0.0002550
11 11 9 8 -0.0000000
11 11 9 9 0.5430555
11 11 10 0 -0.0010940
11 11 10 1 0.0052544
11 11 10 2 -0.0000000
11 11 10 3 -0.0011776
11 11 10 4 -0.0086057
11 11 10 5 0.0000000
11 11 10 6 0.0134851
11 11 10 7 -0.0364332
11 11 10 8 0.0000000
11 11 10 9 -0.0272587
11 11 10 10 0.4103341
11 11 11 0 0.0070803
11 11 11 1 0.0206835
11 11 11 2 -0.0000000
11 11 11 3 0.0257200
11 11 11 4 0.0442679
11 11 11 5 -0.0000000
11 11 11 6 -0.0045221
11 11 11 7 0.0251513
11 11 11 8 0.0000000
11 11 11 9 -0.0052262
11 11 11 10 0.0051728
11 11 11 11 0.5093196
