NMONOMER	1
NELEC	8
ENUC	7.676927
NBASIS	12
HOMO	2
LUMO	2
ENT	5
HF_ENERGY	-36.864706
ENERGIES
-10.963905
-0.926306
-0.540216
-0.325713
0.486004
0.669802
0.711670
849736.433920
965066.312639
996478.089549
1070621.007920
1118093.563387

OEI
-18.587970	
0.220064	-4.628257	
0.000000	0.000000	-4.231796	
-0.187972	0.117102	0.000000	-4.337470	
0.153482	-0.299974	0.000000	0.396532	-3.134296	
0.235701	-0.899504	-0.000000	-0.241877	-0.179629	-3.845100	
0.000000	-0.000000	0.795184	-0.000000	-0.000000	-0.000000	-3.537864	
0.115887	0.053936	-0.000000	-0.034297	-0.003852	-0.015597	0.000000	849732.856176	
-0.000000	-0.000000	-0.133244	0.000000	-0.000000	0.000000	-0.025866	-0.000000	965063.478778	
-0.005056	-0.023449	0.000000	-0.002193	0.003152	-0.013205	-0.000000	0.001115	-0.000000	996474.908570	
-0.038110	-0.197466	-0.000000	-0.066174	-0.118973	0.139224	0.000000	0.151159	-0.000000	0.133069	1070618.491676	
0.112645	0.079430	-0.000000	-0.127000	-0.005716	0.002908	0.000000	-0.852810	-0.000000	0.037610	0.323248	1118089.880087	

ENV_OEI
-5.114967	
0.412473	-0.625767	
0.000000	0.000000	-0.489139	
-0.365288	-0.069217	0.000000	-0.661643	
0.308548	-0.298044	0.000000	-0.131972	-0.764551	
0.478692	-0.037935	-0.000000	0.200523	0.313018	-0.977999	
0.000000	0.000000	0.147130	0.000000	0.000000	-0.000000	-0.520787	
0.221147	0.006429	0.000000	-0.038444	-0.050320	-0.014832	-0.000000	-0.763100	
0.000000	0.000000	0.131273	0.000000	0.000000	-0.000000	0.141133	-0.000000	-0.818955	
0.014930	-0.259794	0.000000	-0.611669	-1.349199	0.973632	0.000000	0.125633	-0.000000	-18.630162	
-0.055113	0.039242	0.000000	0.002708	0.036480	-0.068055	-0.000000	-0.222308	-0.000000	1.669447	-0.879199	
0.210224	-0.001948	-0.000000	0.038074	0.028516	-0.047552	-0.000000	0.039857	0.000000	0.179221	0.133954	-0.595964	

OVERLAP
1.000000	
0.248362	1.000000	
0.061767	0.488736	1.000000	
0.061767	0.488736	0.167856	1.000000	
0.000000	0.027047	0.038545	0.038545	1.000000	
0.027047	0.301519	0.378700	0.378700	0.248362	1.000000	
0.000000	0.000000	-0.155576	-0.155576	-0.015125	-0.113119	1.000000	
0.000000	0.000000	0.380474	-0.380474	0.000000	0.000000	0.000000	1.000000	
0.000000	0.000000	-0.219667	-0.219667	-0.042713	-0.319437	0.000000	0.000000	1.000000	
0.015125	0.113119	0.044121	0.044121	0.000000	0.000000	0.112775	0.000000	-0.151526	1.000000	
0.000000	0.000000	0.268260	-0.268260	0.000000	0.000000	0.000000	0.166433	0.000000	0.000000	1.000000	
0.042713	0.319437	0.279473	0.279473	0.000000	0.000000	-0.151526	0.000000	-0.261465	0.000000	0.000000	1.000000	

MOCOEFF
-0.996664	-0.016310	0.006498	0.006498	-0.001355	0.006665	0.027472	0.000000	0.007900	-0.002259	-0.000000	0.003204	
0.143783	-0.337301	-0.268019	-0.268019	0.027583	0.046040	0.319893	-0.000000	0.227803	-0.168980	0.000000	-0.281731	
0.000000	-0.000000	-0.437375	0.437375	-0.000000	0.000000	0.000000	-0.619259	-0.000000	-0.000000	0.337725	0.000000	
-0.127355	0.510700	0.117569	0.117569	0.054745	-0.222036	-0.301757	-0.000000	0.687034	-0.026178	0.000000	-0.366511	
0.105753	-0.655124	0.896158	0.896158	0.117606	-0.701481	0.238811	0.000000	-0.148805	-0.162730	0.000000	-0.600124	
0.167385	-1.027183	0.416493	0.416493	-0.086768	0.524580	0.369077	-0.000000	0.928147	0.287304	-0.000000	0.701299	
0.000000	-0.000000	-0.951125	0.951125	-0.000000	0.000000	0.000000	1.080729	0.000000	0.000000	0.330427	0.000000	
0.084288	-0.388040	0.000000	0.000000	-0.012325	0.049401	-0.608823	0.000000	0.000000	0.744813	-0.000000	-0.291146	
-0.000000	0.000000	0.000000	-0.000000	-0.000000	0.000000	0.000000	-0.000000	-0.000000	-0.000000	-1.000000	-0.000000	
-0.000564	0.002599	0.000000	0.000000	1.025611	-0.216380	0.004077	0.000000	-0.000000	0.053739	-0.000000	0.092871	
-0.018947	0.087226	0.000000	0.000000	-0.019715	-0.850780	0.136854	-0.000000	0.000000	0.334096	-0.000000	0.355391	
0.081637	-0.375837	0.000000	0.000000	0.011610	-0.229166	-0.589676	-0.000000	-0.000000	-0.509850	-0.000000	0.308002	

ERI
0 0 0 0 3.5236161
1 0 0 0 -0.1915786
1 0 1 0 0.0206403
1 0 1 1 0.0058962
1 1 0 0 0.6469589
1 1 1 0 0.0058962
1 1 1 1 0.5934591
2 0 0 0 -0.0000000
2 0 1 0 0.0000000
2 0 1 1 -0.0000000
2 0 2 0 0.0095180
2 0 2 1 0.0111152
2 0 2 2 0.0000000
2 1 0 0 0.0000000
2 1 1 0 -0.0000000
2 1 1 1 0.0000000
2 1 2 0 0.0111152
2 1 2 1 0.1051455
2 1 2 2 0.0000000
2 2 0 0 0.6535255
2 2 1 0 -0.0008034
2 2 1 1 0.5124007
2 2 2 0 0.0000000
2 2 2 1 0.0000000
2 2 2 2 0.5397055
3 0 0 0 0.1661665
3 0 1 0 -0.0127103
3 0 1 1 0.0087360
3 0 2 0 -0.0000000
3 0 2 1 -0.0000000
3 0 2 2 0.0038772
3 0 3 0 0.0249291
3 0 3 1 0.0082609
3 0 3 2 0.0000000
3 0 3 3 -0.0095612
3 1 0 0 -0.0535999
3 1 1 0 0.0011194
3 1 1 1 0.0187830
3 1 2 0 -0.0000000
3 1 2 1 0.0000000
3 1 2 2 -0.0189420
3 1 3 0 0.0082609
3 1 3 1 0.0588650
3 1 3 2 -0.0000000
3 1 3 3 -0.0419991
3 2 0 0 -0.0000000
3 2 1 0 0.0000000
3 2 1 1 0.0000000
3 2 2 0 -0.0072598
3 2 2 1 -0.0384874
3 2 2 2 -0.0000000
3 2 3 0 0.0000000
3 2 3 1 -0.0000000
3 2 3 2 0.0371392
3 2 3 3 -0.0000000
3 3 0 0 0.7772837
3 3 1 0 -0.0066994
3 3 1 1 0.4872115
3 3 2 0 0.0000000
3 3 2 1 -0.0000000
3 3 2 2 0.4859123
3 3 3 0 -0.0095612
3 3 3 1 -0.0419991
3 3 3 2 -0.0000000
3 3 3 3 0.6318752
4 0 0 0 -0.1391477
4 0 1 0 0.0128577
4 0 1 1 -0.0015838
4 0 2 0 -0.0000000
4 0 2 1 -0.0000000
4 0 2 2 -0.0022289
4 0 3 0 -0.0142817
4 0 3 1 -0.0020571
4 0 3 2 0.0000000
4 0 3 3 0.0007869
4 0 4 0 0.0104322
4 0 4 1 -0.0003761
4 0 4 2 0.0000000
4 0 4 3 -0.0011341
4 0 4 4 -0.0000101
4 1 0 0 0.0866834
4 1 1 0 0.0008323
4 1 1 1 0.0418289
4 1 2 0 -0.0000000
4 1 2 1 -0.0000000
4 1 2 2 -0.0141216
4 1 3 0 0.0013082
4 1 3 1 0.0195018
4 1 3 2 -0.0000000
4 1 3 3 0.0532963
4 1 4 0 -0.0003761
4 1 4 1 0.0705997
4 1 4 2 -0.0000000
4 1 4 3 0.0063179
4 1 4 4 0.0072631
4 2 0 0 -0.0000000
4 2 1 0 0.0000000
4 2 1 1 -0.0000000
4 2 2 0 -0.0010303
4 2 2 1 -0.0719758
4 2 2 2 -0.0000000
4 2 3 0 -0.0000000
4 2 3 1 -0.0000000
4 2 3 2 0.0162548
4 2 3 3 -0.0000000
4 2 4 0 0.0000000
4 2 4 1 -0.0000000
4 2 4 2 0.0797357
4 2 4 3 0.0000000
4 2 4 4 0.0000000
4 3 0 0 -0.1423392
4 3 1 0 0.0050053
4 3 1 1 0.0207034
4 3 2 0 -0.0000000
4 3 2 1 -0.0000000
4 3 2 2 -0.0198362
4 3 3 0 0.0084806
4 3 3 1 0.0526893
4 3 3 2 0.0000000
4 3 3 3 -0.0921130
4 3 4 0 -0.0011341
4 3 4 1 0.0063179
4 3 4 2 0.0000000
4 3 4 3 0.0789523
4 3 4 4 0.0335755
4 4 0 0 0.5030317
4 4 1 0 0.0019214
4 4 1 1 0.5147647
4 4 2 0 -0.0000000
4 4 2 1 -0.0000000
4 4 2 2 0.4727848
4 4 3 0 0.0014747
4 4 3 1 0.0188486
4 4 3 2 0.0000000
4 4 3 3 0.4394288
4 4 4 0 -0.0000101
4 4 4 1 0.0072631
4 4 4 2 0.0000000
4 4 4 3 0.0335755
4 4 4 4 0.5203744
5 0 0 0 -0.2199351
5 0 1 0 0.0263477
5 0 1 1 0.0117708
5 0 2 0 0.0000000
5 0 2 1 0.0000000
5 0 2 2 0.0006395
5 0 3 0 -0.0067729
5 0 3 1 0.0063515
5 0 3 2 -0.0000000
5 0 3 3 -0.0157142
5 0 4 0 0.0129730
5 0 4 1 0.0012557
5 0 4 2 -0.0000000
5 0 4 3 0.0120332
5 0 4 4 0.0030167
5 0 5 0 0.0390946
5 0 5 1 0.0041021
5 0 5 2 -0.0000000
5 0 5 3 -0.0040967
5 0 5 4 0.0024721
5 0 5 5 0.0099873
5 1 0 0 0.2654251
5 1 1 0 0.0003856
5 1 1 1 0.0711325
5 1 2 0 0.0000000
5 1 2 1 -0.0000000
5 1 2 2 0.0706939
5 1 3 0 0.0080111
5 1 3 1 -0.0264312
5 1 3 2 -0.0000000
5 1 3 3 0.0911523
5 1 4 0 -0.0030577
5 1 4 1 0.0151241
5 1 4 2 0.0000000
5 1 4 3 -0.0470417
5 1 4 4 -0.0004711
5 1 5 0 0.0041021
5 1 5 1 0.1048578
5 1 5 2 0.0000000
5 1 5 3 0.0365374
5 1 5 4 0.0381937
5 1 5 5 0.0828388
5 2 0 0 0.0000000
5 2 1 0 -0.0000000
5 2 1 1 0.0000000
5 2 2 0 0.0059892
5 2 2 1 0.0064839
5 2 2 2 0.0000000
5 2 3 0 0.0000000
5 2 3 1 -0.0000000
5 2 3 2 -0.0015958
5 2 3 3 0.0000000
5 2 4 0 -0.0000000
5 2 4 1 0.0000000
5 2 4 2 0.0155183
5 2 4 3 -0.0000000
5 2 4 4 -0.0000000
5 2 5 0 -0.0000000
5 2 5 1 0.0000000
5 2 5 2 0.0233636
5 2 5 3 0.0000000
5 2 5 4 -0.0000000
5 2 5 5 0.0000000
5 3 0 0 0.0864364
5 3 1 0 -0.0041642
5 3 1 1 -0.0182310
5 3 2 0 -0.0000000
5 3 2 1 -0.0000000
5 3 2 2 0.0172012
5 3 3 0 0.0027837
5 3 3 1 -0.0066600
5 3 3 2 0.0000000
5 3 3 3 0.0362643
5 3 4 0 -0.0019061
5 3 4 1 -0.0193466
5 3 4 2 -0.0000000
5 3 4 3 -0.0349762
5 3 4 4 -0.0262210
5 3 5 0 -0.0040967
5 3 5 1 0.0365374
5 3 5 2 0.0000000
5 3 5 3 0.0527100
5 3 5 4 0.0207330
5 3 5 5 -0.0029370
5 4 0 0 0.0549190
5 4 1 0 0.0010760
5 4 1 1 0.0098120
5 4 2 0 0.0000000
5 4 2 1 0.0000000
5 4 2 2 0.0324969
5 4 3 0 0.0021362
5 4 3 1 -0.0322799
5 4 3 2 -0.0000000
5 4 3 3 -0.0030938
5 4 4 0 -0.0004671
5 4 4 1 -0.0407780
5 4 4 2 -0.0000000
5 4 4 3 -0.0264857
5 4 4 4 -0.0024464
5 4 5 0 0.0024721
5 4 5 1 0.0381937
5 4 5 2 -0.0000000
5 4 5 3 0.0207330
5 4 5 4 0.0593973
5 4 5 5 -0.0142660
5 5 0 0 0.7842014
5 5 1 0 0.0007178
5 5 1 1 0.5775162
5 5 2 0 0.0000000
5 5 2 1 0.0000000
5 5 2 2 0.4985469
5 5 3 0 0.0183704
5 5 3 1 0.0384625
5 5 3 2 -0.0000000
5 5 3 3 0.5071999
5 5 4 0 -0.0066264
5 5 4 1 0.0667894
5 5 4 2 -0.0000000
5 5 4 3 0.0188400
5 5 4 4 0.5004890
5 5 5 0 0.0099873
5 5 5 1 0.0828388
5 5 5 2 0.0000000
5 5 5 3 -0.0029370
5 5 5 4 -0.0142660
5 5 5 5 0.6243110
6 0 0 0 -0.0000000
6 0 1 0 0.0000000
6 0 1 1 0.0000000
6 0 2 0 -0.0133413
6 0 2 1 -0.0139904
6 0 2 2 -0.0000000
6 0 3 0 -0.0000000
6 0 3 1 0.0000000
6 0 3 2 0.0095920
6 0 3 3 -0.0000000
6 0 4 0 0.0000000
6 0 4 1 0.0000000
6 0 4 2 0.0012417
6 0 4 3 0.0000000
6 0 4 4 0.0000000
6 0 5 0 0.0000000
6 0 5 1 -0.0000000
6 0 5 2 -0.0073954
6 0 5 3 0.0000000
6 0 5 4 -0.0000000
6 0 5 5 -0.0000000
6 0 6 0 0.0188060
6 0 6 1 0.0047546
6 0 6 2 0.0000000
6 0 6 3 -0.0095719
6 0 6 4 0.0098617
6 0 6 5 0.0096165
6 0 6 6 0.0000000
6 1 0 0 0.0000000
6 1 1 0 0.0000000
6 1 1 1 0.0000000
6 1 2 0 -0.0037352
6 1 2 1 0.0320268
6 1 2 2 0.0000000
6 1 3 0 0.0000000
6 1 3 1 -0.0000000
6 1 3 2 -0.0019234
6 1 3 3 0.0000000
6 1 4 0 -0.0000000
6 1 4 1 0.0000000
6 1 4 2 -0.0500127
6 1 4 3 -0.0000000
6 1 4 4 -0.0000000
6 1 5 0 -0.0000000
6 1 5 1 0.0000000
6 1 5 2 -0.0226231
6 1 5 3 0.0000000
6 1 5 4 0.0000000
6 1 5 5 0.0000000
6 1 6 0 0.0047546
6 1 6 1 0.0427418
6 1 6 2 -0.0000000
6 1 6 3 -0.0110807
6 1 6 4 -0.0532557
6 1 6 5 -0.0213303
6 1 6 6 0.0000000
6 2 0 0 -0.2547935
6 2 1 0 0.0062128
6 2 1 1 -0.0135543
6 2 2 0 0.0000000
6 2 2 1 0.0000000
6 2 2 2 -0.0458760
6 2 3 0 -0.0011582
6 2 3 1 0.0202836
6 2 3 2 0.0000000
6 2 3 3 -0.1109006
6 2 4 0 0.0029671
6 2 4 1 -0.0398840
6 2 4 2 0.0000000
6 2 4 3 0.0561325
6 2 4 4 0.0353350
6 2 5 0 0.0083711
6 2 5 1 -0.0704788
6 2 5 2 -0.0000000
6 2 5 3 -0.0331328
6 2 5 4 0.0086261
6 2 5 5 -0.0500078
6 2 6 0 0.0000000
6 2 6 1 -0.0000000
6 2 6 2 0.1207819
6 2 6 3 -0.0000000
6 2 6 4 -0.0000000
6 2 6 5 -0.0000000
6 2 6 6 -0.0423309
6 3 0 0 0.0000000
6 3 1 0 -0.0000000
6 3 1 1 -0.0000000
6 3 2 0 0.0070741
6 3 2 1 0.0155643
6 3 2 2 0.0000000
6 3 3 0 0.0000000
6 3 3 1 -0.0000000
6 3 3 2 -0.0278740
6 3 3 3 0.0000000
6 3 4 0 -0.0000000
6 3 4 1 -0.0000000
6 3 4 2 0.0080212
6 3 4 3 -0.0000000
6 3 4 4 -0.0000000
6 3 5 0 0.0000000
6 3 5 1 0.0000000
6 3 5 2 0.0047741
6 3 5 3 0.0000000
6 3 5 4 0.0000000
6 3 5 5 -0.0000000
6 3 6 0 -0.0095719
6 3 6 1 -0.0110807
6 3 6 2 -0.0000000
6 3 6 3 0.0304102
6 3 6 4 -0.0105780
6 3 6 5 -0.0018768
6 3 6 6 0.0000000
6 4 0 0 0.0000000
6 4 1 0 -0.0000000
6 4 1 1 -0.0000000
6 4 2 0 -0.0073872
6 4 2 1 -0.0931745
6 4 2 2 0.0000000
6 4 3 0 0.0000000
6 4 3 1 -0.0000000
6 4 3 2 0.0362123
6 4 3 3 0.0000000
6 4 4 0 0.0000000
6 4 4 1 -0.0000000
6 4 4 2 0.0865851
6 4 4 3 -0.0000000
6 4 4 4 0.0000000
6 4 5 0 -0.0000000
6 4 5 1 0.0000000
6 4 5 2 0.0159900
6 4 5 3 0.0000000
6 4 5 4 -0.0000000
6 4 5 5 -0.0000000
6 4 6 0 0.0098617
6 4 6 1 -0.0532557
6 4 6 2 -0.0000000
6 4 6 3 -0.0105780
6 4 6 4 0.1145793
6 4 6 5 0.0578233
6 4 6 6 0.0000000
6 5 0 0 0.0000000
6 5 1 0 0.0000000
6 5 1 1 0.0000000
6 5 2 0 -0.0074948
6 5 2 1 -0.0587413
6 5 2 2 -0.0000000
6 5 3 0 0.0000000
6 5 3 1 0.0000000
6 5 3 2 0.0147656
6 5 3 3 0.0000000
6 5 4 0 -0.0000000
6 5 4 1 0.0000000
6 5 4 2 0.0445723
6 5 4 3 0.0000000
6 5 4 4 0.0000000
6 5 5 0 0.0000000
6 5 5 1 0.0000000
6 5 5 2 -0.0037310
6 5 5 3 -0.0000000
6 5 5 4 -0.0000000
6 5 5 5 0.0000000
6 5 6 0 0.0096165
6 5 6 1 -0.0213303
6 5 6 2 -0.0000000
6 5 6 3 -0.0018768
6 5 6 4 0.0578233
6 5 6 5 0.0424969
6 5 6 6 -0.0000000
6 6 0 0 0.7099243
6 6 1 0 -0.0054797
6 6 1 1 0.4989514
6 6 2 0 -0.0000000
6 6 2 1 -0.0000000
6 6 2 2 0.5303071
6 6 3 0 0.0041210
6 6 3 1 -0.0180002
6 6 3 2 0.0000000
6 6 3 3 0.4919542
6 6 4 0 -0.0037557
6 6 4 1 -0.0195541
6 6 4 2 0.0000000
6 6 4 3 -0.0267787
6 6 4 4 0.4799518
6 6 5 0 -0.0058060
6 6 5 1 0.0597711
6 6 5 2 0.0000000
6 6 5 3 0.0235641
6 6 5 4 0.0373460
6 6 5 5 0.4983255
6 6 6 0 0.0000000
6 6 6 1 0.0000000
6 6 6 2 -0.0423309
6 6 6 3 0.0000000
6 6 6 4 0.0000000
6 6 6 5 -0.0000000
6 6 6 6 0.5505745
7 0 0 0 -0.0850726
7 0 1 0 0.0037773
7 0 1 1 -0.0069248
7 0 2 0 0.0000000
7 0 2 1 -0.0000000
7 0 2 2 -0.0005549
7 0 3 0 -0.0033554
7 0 3 1 0.0049979
7 0 3 2 0.0000000
7 0 3 3 -0.0044399
7 0 4 0 0.0033048
7 0 4 1 -0.0034959
7 0 4 2 -0.0000000
7 0 4 3 0.0025356
7 0 4 4 -0.0037199
7 0 5 0 0.0053680
7 0 5 1 -0.0043519
7 0 5 2 0.0000000
7 0 5 3 0.0057307
7 0 5 4 -0.0033017
7 0 5 5 -0.0047988
7 0 6 0 0.0000000
7 0 6 1 -0.0000000
7 0 6 2 -0.0017076
7 0 6 3 0.0000000
7 0 6 4 -0.0000000
7 0 6 5 -0.0000000
7 0 6 6 0.0005612
7 0 7 0 0.0112589
7 0 7 1 0.0015315
7 0 7 2 0.0000000
7 0 7 3 -0.0025853
7 0 7 4 0.0014575
7 0 7 5 0.0031644
7 0 7 6 0.0000000
7 0 7 7 0.0059803
7 1 0 0 -0.0066792
7 1 1 0 -0.0008156
7 1 1 1 -0.0001410
7 1 2 0 -0.0000000
7 1 2 1 -0.0000000
7 1 2 2 0.0056247
7 1 3 0 0.0032828
7 1 3 1 0.0073691
7 1 3 2 0.0000000
7 1 3 3 -0.0112073
7 1 4 0 -0.0014415
7 1 4 1 -0.0071529
7 1 4 2 -0.0000000
7 1 4 3 0.0075939
7 1 4 4 0.0014532
7 1 5 0 0.0006014
7 1 5 1 -0.0025132
7 1 5 2 -0.0000000
7 1 5 3 0.0049737
7 1 5 4 0.0011383
7 1 5 5 -0.0000113
7 1 6 0 0.0000000
7 1 6 1 -0.0000000
7 1 6 2 0.0027557
7 1 6 3 0.0000000
7 1 6 4 0.0000000
7 1 6 5 -0.0000000
7 1 6 6 0.0047732
7 1 7 0 0.0015315
7 1 7 1 0.0101327
7 1 7 2 -0.0000000
7 1 7 3 0.0045958
7 1 7 4 0.0068702
7 1 7 5 0.0005321
7 1 7 6 -0.0000000
7 1 7 7 -0.0021597
7 2 0 0 0.0000000
7 2 1 0 -0.0000000
7 2 1 1 -0.0000000
7 2 2 0 0.0050717
7 2 2 1 0.0224655
7 2 2 2 0.0000000
7 2 3 0 -0.0000000
7 2 3 1 0.0000000
7 2 3 2 -0.0119516
7 2 3 3 -0.0000000
7 2 4 0 -0.0000000
7 2 4 1 -0.0000000
7 2 4 2 -0.0121854
7 2 4 3 -0.0000000
7 2 4 4 -0.0000000
7 2 5 0 0.0000000
7 2 5 1 -0.0000000
7 2 5 2 0.0046853
7 2 5 3 -0.0000000
7 2 5 4 0.0000000
7 2 5 5 0.0000000
7 2 6 0 -0.0069617
7 2 6 1 0.0012862
7 2 6 2 0.0000000
7 2 6 3 0.0100417
7 2 6 4 -0.0184263
7 2 6 5 -0.0126321
7 2 6 6 -0.0000000
7 2 7 0 0.0000000
7 2 7 1 -0.0000000
7 2 7 2 0.0185798
7 2 7 3 -0.0000000
7 2 7 4 -0.0000000
7 2 7 5 0.0000000
7 2 7 6 -0.0158610
7 2 7 7 -0.0000000
7 3 0 0 -0.0079413
7 3 1 0 0.0044067
7 3 1 1 0.0265860
7 3 2 0 -0.0000000
7 3 2 1 0.0000000
7 3 2 2 0.0006188
7 3 3 0 0.0027183
7 3 3 1 0.0030287
7 3 3 2 0.0000000
7 3 3 3 -0.0121678
7 3 4 0 0.0004786
7 3 4 1 0.0092143
7 3 4 2 -0.0000000
7 3 4 3 0.0159231
7 3 4 4 0.0158090
7 3 5 0 0.0080337
7 3 5 1 0.0022181
7 3 5 2 -0.0000000
7 3 5 3 -0.0183864
7 3 5 4 0.0020072
7 3 5 5 0.0231905
7 3 6 0 0.0000000
7 3 6 1 0.0000000
7 3 6 2 0.0158498
7 3 6 3 -0.0000000
7 3 6 4 -0.0000000
7 3 6 5 0.0000000
7 3 6 6 -0.0045395
7 3 7 0 -0.0025853
7 3 7 1 0.0045958
7 3 7 2 -0.0000000
7 3 7 3 0.0264833
7 3 7 4 0.0010402
7 3 7 5 0.0005514
7 3 7 6 -0.0000000
7 3 7 7 0.0054911
7 4 0 0 0.0072756
7 4 1 0 -0.0021053
7 4 1 1 -0.0070558
7 4 2 0 -0.0000000
7 4 2 1 -0.0000000
7 4 2 2 -0.0035167
7 4 3 0 0.0001090
7 4 3 1 0.0012945
7 4 3 2 0.0000000
7 4 3 3 0.0051677
7 4 4 0 -0.0007969
7 4 4 1 0.0007291
7 4 4 2 -0.0000000
7 4 4 3 -0.0021505
7 4 4 4 -0.0044322
7 4 5 0 -0.0031272
7 4 5 1 -0.0020557
7 4 5 2 0.0000000
7 4 5 3 0.0045404
7 4 5 4 -0.0051755
7 4 5 5 -0.0032994
7 4 6 0 -0.0000000
7 4 6 1 -0.0000000
7 4 6 2 -0.0058937
7 4 6 3 0.0000000
7 4 6 4 -0.0000000
7 4 6 5 -0.0000000
7 4 6 6 -0.0001505
7 4 7 0 0.0014575
7 4 7 1 0.0068702
7 4 7 2 -0.0000000
7 4 7 3 0.0010402
7 4 7 4 0.0174686
7 4 7 5 -0.0144917
7 4 7 6 -0.0000000
7 4 7 7 0.0060446
7 5 0 0 0.0108691
7 5 1 0 -0.0011234
7 5 1 1 0.0023910
7 5 2 0 0.0000000
7 5 2 1 0.0000000
7 5 2 2 0.0050466
7 5 3 0 0.0078332
7 5 3 1 0.0185129
7 5 3 2 -0.0000000
7 5 3 3 -0.0159316
7 5 4 0 -0.0030549
7 5 4 1 0.0003309
7 5 4 2 -0.0000000
7 5 4 3 0.0146892
7 5 4 4 -0.0012268
7 5 5 0 0.0029587
7 5 5 1 0.0008807
7 5 5 2 0.0000000
7 5 5 3 0.0072732
7 5 5 4 -0.0042946
7 5 5 5 0.0153590
7 5 6 0 -0.0000000
7 5 6 1 -0.0000000
7 5 6 2 -0.0035531
7 5 6 3 0.0000000
7 5 6 4 -0.0000000
7 5 6 5 0.0000000
7 5 6 6 0.0019908
7 5 7 0 0.0031644
7 5 7 1 0.0005321
7 5 7 2 0.0000000
7 5 7 3 0.0005514
7 5 7 4 -0.0144917
7 5 7 5 0.0330518
7 5 7 6 0.0000000
7 5 7 7 0.0182888
7 6 0 0 0.0000000
7 6 1 0 -0.0000000
7 6 1 1 0.0000000
7 6 2 0 -0.0055689
7 6 2 1 -0.0123003
7 6 2 2 0.0000000
7 6 3 0 0.0000000
7 6 3 1 0.0000000
7 6 3 2 0.0112098
7 6 3 3 -0.0000000
7 6 4 0 -0.0000000
7 6 4 1 0.0000000
7 6 4 2 0.0007057
7 6 4 3 0.0000000
7 6 4 4 0.0000000
7 6 5 0 -0.0000000
7 6 5 1 -0.0000000
7 6 5 2 -0.0064632
7 6 5 3 0.0000000
7 6 5 4 -0.0000000
7 6 5 5 0.0000000
7 6 6 0 0.0077024
7 6 6 1 0.0054994
7 6 6 2 -0.0000000
7 6 6 3 -0.0119709
7 6 6 4 0.0071431
7 6 6 5 0.0063883
7 6 6 6 0.0000000
7 6 7 0 0.0000000
7 6 7 1 -0.0000000
7 6 7 2 -0.0158610
7 6 7 3 -0.0000000
7 6 7 4 -0.0000000
7 6 7 5 0.0000000
7 6 7 6 0.0195269
7 6 7 7 0.0000000
7 7 0 0 0.5615259
7 7 1 0 -0.0065700
7 7 1 1 0.4326264
7 7 2 0 -0.0000000
7 7 2 1 -0.0000000
7 7 2 2 0.4043110
7 7 3 0 0.0083480
7 7 3 1 0.0400317
7 7 3 2 -0.0000000
7 7 3 3 0.4236362
7 7 4 0 -0.0052201
7 7 4 1 0.0519264
7 7 4 2 -0.0000000
7 7 4 3 0.0196452
7 7 4 4 0.4113249
7 7 5 0 -0.0047664
7 7 5 1 0.0140670
7 7 5 2 0.0000000
7 7 5 3 -0.0061471
7 7 5 4 -0.0487222
7 7 5 5 0.4831840
7 7 6 0 -0.0000000
7 7 6 1 0.0000000
7 7 6 2 -0.0464828
7 7 6 3 -0.0000000
7 7 6 4 -0.0000000
7 7 6 5 0.0000000
7 7 6 6 0.4111870
7 7 7 0 0.0059803
7 7 7 1 -0.0021597
7 7 7 2 -0.0000000
7 7 7 3 0.0054911
7 7 7 4 0.0060446
7 7 7 5 0.0182888
7 7 7 6 0.0000000
7 7 7 7 0.5146546
8 0 0 0 -0.0000000
8 0 1 0 0.0000000
8 0 1 1 0.0000000
8 0 2 0 0.0002487
8 0 2 1 0.0003156
8 0 2 2 0.0000000
8 0 3 0 0.0000000
8 0 3 1 0.0000000
8 0 3 2 -0.0001742
8 0 3 3 -0.0000000
8 0 4 0 -0.0000000
8 0 4 1 -0.0000000
8 0 4 2 0.0001012
8 0 4 3 0.0000000
8 0 4 4 -0.0000000
8 0 5 0 0.0000000
8 0 5 1 0.0000000
8 0 5 2 0.0002928
8 0 5 3 -0.0000000
8 0 5 4 -0.0000000
8 0 5 5 0.0000000
8 0 6 0 -0.0003389
8 0 6 1 -0.0002489
8 0 6 2 0.0000000
8 0 6 3 0.0001880
8 0 6 4 -0.0000441
8 0 6 5 -0.0002030
8 0 6 6 -0.0000000
8 0 7 0 -0.0000000
8 0 7 1 0.0000000
8 0 7 2 0.0001307
8 0 7 3 0.0000000
8 0 7 4 -0.0000000
8 0 7 5 0.0000000
8 0 7 6 -0.0001558
8 0 7 7 0.0000000
8 0 8 0 0.0000107
8 0 8 1 -0.0000415
8 0 8 2 -0.0000000
8 0 8 3 -0.0000822
8 0 8 4 -0.0000848
8 0 8 5 0.0002176
8 0 8 6 0.0000000
8 0 8 7 -0.0000302
8 0 8 8 0.0000000
8 1 0 0 0.0000000
8 1 1 0 0.0000000
8 1 1 1 0.0000000
8 1 2 0 0.0021364
8 1 2 1 0.0340303
8 1 2 2 0.0000000
8 1 3 0 0.0000000
8 1 3 1 0.0000000
8 1 3 2 -0.0078444
8 1 3 3 -0.0000000
8 1 4 0 -0.0000000
8 1 4 1 0.0000000
8 1 4 2 -0.0290393
8 1 4 3 -0.0000000
8 1 4 4 -0.0000000
8 1 5 0 0.0000000
8 1 5 1 -0.0000000
8 1 5 2 -0.0011096
8 1 5 3 -0.0000000
8 1 5 4 0.0000000
8 1 5 5 0.0000000
8 1 6 0 -0.0026663
8 1 6 1 0.0177747
8 1 6 2 0.0000000
8 1 6 3 0.0008145
8 1 6 4 -0.0359853
8 1 6 5 -0.0198847
8 1 6 6 -0.0000000
8 1 7 0 -0.0000000
8 1 7 1 0.0000000
8 1 7 2 0.0068345
8 1 7 3 0.0000000
8 1 7 4 -0.0000000
8 1 7 5 0.0000000
8 1 7 6 -0.0010941
8 1 7 7 -0.0000000
8 1 8 0 -0.0000415
8 1 8 1 0.0258404
8 1 8 2 -0.0000000
8 1 8 3 0.0123001
8 1 8 4 0.0052291
8 1 8 5 -0.0262244
8 1 8 6 -0.0000000
8 1 8 7 -0.0003935
8 1 8 8 -0.0000000
8 2 0 0 0.0339942
8 2 1 0 0.0001680
8 2 1 1 0.0189273
8 2 2 0 -0.0000000
8 2 2 1 -0.0000000
8 2 2 2 0.0293775
8 2 3 0 0.0003158
8 2 3 1 -0.0109633
8 2 3 2 0.0000000
8 2 3 3 0.0161380
8 2 4 0 -0.0000296
8 2 4 1 -0.0174559
8 2 4 2 0.0000000
8 2 4 3 -0.0121737
8 2 4 4 0.0111758
8 2 5 0 0.0003461
8 2 5 1 0.0187302
8 2 5 2 0.0000000
8 2 5 3 0.0137294
8 2 5 4 0.0236105
8 2 5 5 0.0035002
8 2 6 0 0.0000000
8 2 6 1 0.0000000
8 2 6 2 -0.0027956
8 2 6 3 0.0000000
8 2 6 4 0.0000000
8 2 6 5 -0.0000000
8 2 6 6 0.0291338
8 2 7 0 -0.0000046
8 2 7 1 0.0026310
8 2 7 2 0.0000000
8 2 7 3 -0.0032110
8 2 7 4 -0.0013884
8 2 7 5 -0.0010270
8 2 7 6 -0.0000000
8 2 7 7 -0.0201032
8 2 8 0 -0.0000000
8 2 8 1 -0.0000000
8 2 8 2 0.0204274
8 2 8 3 0.0000000
8 2 8 4 0.0000000
8 2 8 5 -0.0000000
8 2 8 6 0.0165927
8 2 8 7 -0.0000000
8 2 8 8 -0.0582368
8 3 0 0 0.0000000
8 3 1 0 0.0000000
8 3 1 1 0.0000000
8 3 2 0 0.0002886
8 3 2 1 0.0069529
8 3 2 2 0.0000000
8 3 3 0 0.0000000
8 3 3 1 -0.0000000
8 3 3 2 -0.0000262
8 3 3 3 0.0000000
8 3 4 0 -0.0000000
8 3 4 1 -0.0000000
8 3 4 2 -0.0071306
8 3 4 3 -0.0000000
8 3 4 4 -0.0000000
8 3 5 0 0.0000000
8 3 5 1 -0.0000000
8 3 5 2 0.0008792
8 3 5 3 0.0000000
8 3 5 4 0.0000000
8 3 5 5 0.0000000
8 3 6 0 -0.0003304
8 3 6 1 0.0042797
8 3 6 2 0.0000000
8 3 6 3 -0.0012624
8 3 6 4 -0.0082021
8 3 6 5 -0.0038337
8 3 6 6 0.0000000
8 3 7 0 -0.0000000
8 3 7 1 0.0000000
8 3 7 2 0.0013754
8 3 7 3 -0.0000000
8 3 7 4 -0.0000000
8 3 7 5 -0.0000000
8 3 7 6 -0.0000611
8 3 7 7 -0.0000000
8 3 8 0 -0.0000822
8 3 8 1 0.0123001
8 3 8 2 0.0000000
8 3 8 3 0.0086180
8 3 8 4 0.0085010
8 3 8 5 -0.0157633
8 3 8 6 -0.0000000
8 3 8 7 0.0011305
8 3 8 8 -0.0000000
8 4 0 0 -0.0000000
8 4 1 0 0.0000000
8 4 1 1 -0.0000000
8 4 2 0 -0.0003377
8 4 2 1 -0.0122124
8 4 2 2 0.0000000
8 4 3 0 -0.0000000
8 4 3 1 -0.0000000
8 4 3 2 0.0030798
8 4 3 3 0.0000000
8 4 4 0 0.0000000
8 4 4 1 -0.0000000
8 4 4 2 0.0118840
8 4 4 3 0.0000000
8 4 4 4 0.0000000
8 4 5 0 -0.0000000
8 4 5 1 0.0000000
8 4 5 2 0.0060996
8 4 5 3 0.0000000
8 4 5 4 -0.0000000
8 4 5 5 -0.0000000
8 4 6 0 0.0005422
8 4 6 1 -0.0096110
8 4 6 2 0.0000000
8 4 6 3 -0.0005887
8 4 6 4 0.0145884
8 4 6 5 0.0099603
8 4 6 6 0.0000000
8 4 7 0 -0.0000000
8 4 7 1 0.0000000
8 4 7 2 -0.0017314
8 4 7 3 -0.0000000
8 4 7 4 0.0000000
8 4 7 5 -0.0000000
8 4 7 6 0.0009208
8 4 7 7 -0.0000000
8 4 8 0 -0.0000848
8 4 8 1 0.0052291
8 4 8 2 0.0000000
8 4 8 3 0.0085010
8 4 8 4 0.0168202
8 4 8 5 -0.0122751
8 4 8 6 -0.0000000
8 4 8 7 -0.0012064
8 4 8 8 -0.0000000
8 5 0 0 0.0000000
8 5 1 0 -0.0000000
8 5 1 1 -0.0000000
8 5 2 0 -0.0004670
8 5 2 1 -0.0206875
8 5 2 2 -0.0000000
8 5 3 0 0.0000000
8 5 3 1 0.0000000
8 5 3 2 0.0051973
8 5 3 3 0.0000000
8 5 4 0 -0.0000000
8 5 4 1 0.0000000
8 5 4 2 0.0246209
8 5 4 3 0.0000000
8 5 4 4 0.0000000
8 5 5 0 -0.0000000
8 5 5 1 0.0000000
8 5 5 2 0.0041411
8 5 5 3 -0.0000000
8 5 5 4 -0.0000000
8 5 5 5 -0.0000000
8 5 6 0 0.0006184
8 5 6 1 -0.0170021
8 5 6 2 -0.0000000
8 5 6 3 0.0012521
8 5 6 4 0.0300531
8 5 6 5 0.0130387
8 5 6 6 -0.0000000
8 5 7 0 0.0000000
8 5 7 1 -0.0000000
8 5 7 2 -0.0040298
8 5 7 3 0.0000000
8 5 7 4 0.0000000
8 5 7 5 0.0000000
8 5 7 6 -0.0014092
8 5 7 7 0.0000000
8 5 8 0 0.0002176
8 5 8 1 -0.0262244
8 5 8 2 -0.0000000
8 5 8 3 -0.0157633
8 5 8 4 -0.0122751
8 5 8 5 0.0344869
8 5 8 6 0.0000000
8 5 8 7 0.0007754
8 5 8 8 0.0000000
8 6 0 0 0.0006249
8 6 1 0 0.0002006
8 6 1 1 0.0064331
8 6 2 0 -0.0000000
8 6 2 1 -0.0000000
8 6 2 2 0.0134573
8 6 3 0 -0.0003124
8 6 3 1 -0.0086267
8 6 3 2 0.0000000
8 6 3 3 -0.0008933
8 6 4 0 0.0002561
8 6 4 1 -0.0198325
8 6 4 2 0.0000000
8 6 4 3 -0.0065889
8 6 4 4 0.0081521
8 6 5 0 0.0001127
8 6 5 1 0.0051751
8 6 5 2 -0.0000000
8 6 5 3 0.0080857
8 6 5 4 0.0213451
8 6 5 5 -0.0088029
8 6 6 0 0.0000000
8 6 6 1 -0.0000000
8 6 6 2 0.0102616
8 6 6 3 0.0000000
8 6 6 4 0.0000000
8 6 6 5 -0.0000000
8 6 6 6 0.0175357
8 6 7 0 -0.0001248
8 6 7 1 0.0024587
8 6 7 2 -0.0000000
8 6 7 3 -0.0018514
8 6 7 4 -0.0005928
8 6 7 5 -0.0032753
8 6 7 6 -0.0000000
8 6 7 7 -0.0253837
8 6 8 0 0.0000000
8 6 8 1 -0.0000000
8 6 8 2 0.0165927
8 6 8 3 -0.0000000
8 6 8 4 -0.0000000
8 6 8 5 0.0000000
8 6 8 6 0.0160867
8 6 8 7 0.0000000
8 6 8 8 -0.0446084
8 7 0 0 -0.0000000
8 7 1 0 0.0000000
8 7 1 1 0.0000000
8 7 2 0 0.0002729
8 7 2 1 0.0031258
8 7 2 2 0.0000000
8 7 3 0 0.0000000
8 7 3 1 0.0000000
8 7 3 2 -0.0014646
8 7 3 3 -0.0000000
8 7 4 0 -0.0000000
8 7 4 1 0.0000000
8 7 4 2 -0.0019607
8 7 4 3 -0.0000000
8 7 4 4 -0.0000000
8 7 5 0 0.0000000
8 7 5 1 -0.0000000
8 7 5 2 -0.0007423
8 7 5 3 -0.0000000
8 7 5 4 0.0000000
8 7 5 5 0.0000000
8 7 6 0 -0.0003224
8 7 6 1 0.0022314
8 7 6 2 -0.0000000
8 7 6 3 0.0001531
8 7 6 4 -0.0026143
8 7 6 5 -0.0026026
8 7 6 6 -0.0000000
8 7 7 0 0.0000000
8 7 7 1 -0.0000000
8 7 7 2 -0.0035647
8 7 7 3 -0.0000000
8 7 7 4 -0.0000000
8 7 7 5 0.0000000
8 7 7 6 -0.0040487
8 7 7 7 -0.0000000
8 7 8 0 -0.0000302
8 7 8 1 -0.0003935
8 7 8 2 -0.0000000
8 7 8 3 0.0011305
8 7 8 4 -0.0012064
8 7 8 5 0.0007754
8 7 8 6 0.0000000
8 7 8 7 0.0210482
8 7 8 8 0.0000000
8 8 0 0 0.3245188
8 8 1 0 0.0031075
8 8 1 1 0.4378245
8 8 2 0 -0.0000000
8 8 2 1 -0.0000000
8 8 2 2 0.3519210
8 8 3 0 0.0041652
8 8 3 1 0.0717773
8 8 3 2 0.0000000
8 8 3 3 0.3301142
8 8 4 0 -0.0005962
8 8 4 1 0.0583135
8 8 4 2 -0.0000000
8 8 4 3 0.0860682
8 8 4 4 0.4451339
8 8 5 0 0.0067331
8 8 5 1 -0.0698311
8 8 5 2 -0.0000000
8 8 5 3 -0.0738032
8 8 5 4 -0.0774388
8 8 5 5 0.4718189
8 8 6 0 0.0000000
8 8 6 1 -0.0000000
8 8 6 2 0.0511525
8 8 6 3 -0.0000000
8 8 6 4 -0.0000000
8 8 6 5 0.0000000
8 8 6 6 0.3552029
8 8 7 0 -0.0014023
8 8 7 1 -0.0021276
8 8 7 2 -0.0000000
8 8 7 3 0.0303649
8 8 7 4 -0.0007688
8 8 7 5 0.0106091
8 8 7 6 0.0000000
8 8 7 7 0.4670423
8 8 8 0 0.0000000
8 8 8 1 -0.0000000
8 8 8 2 -0.0582368
8 8 8 3 -0.0000000
8 8 8 4 -0.0000000
8 8 8 5 0.0000000
8 8 8 6 -0.0446084
8 8 8 7 0.0000000
8 8 8 8 0.6728328
9 0 0 0 0.0028044
9 0 1 0 -0.0000993
9 0 1 1 0.0003693
9 0 2 0 -0.0000000
9 0 2 1 0.0000000
9 0 2 2 0.0003881
9 0 3 0 0.0001146
9 0 3 1 -0.0001740
9 0 3 2 -0.0000000
9 0 3 3 0.0005112
9 0 4 0 -0.0000861
9 0 4 1 0.0000320
9 0 4 2 -0.0000000
9 0 4 3 -0.0002638
9 0 4 4 0.0001004
9 0 5 0 -0.0001053
9 0 5 1 0.0004551
9 0 5 2 0.0000000
9 0 5 3 0.0001541
9 0 5 4 0.0002349
9 0 5 5 0.0003906
9 0 6 0 -0.0000000
9 0 6 1 0.0000000
9 0 6 2 -0.0003014
9 0 6 3 0.0000000
9 0 6 4 0.0000000
9 0 6 5 -0.0000000
9 0 6 6 0.0004071
9 0 7 0 -0.0001227
9 0 7 1 -0.0000087
9 0 7 2 0.0000000
9 0 7 3 -0.0000034
9 0 7 4 -0.0000102
9 0 7 5 -0.0000343
9 0 7 6 -0.0000000
9 0 7 7 -0.0000327
9 0 8 0 -0.0000000
9 0 8 1 0.0000000
9 0 8 2 0.0001423
9 0 8 3 0.0000000
9 0 8 4 0.0000000
9 0 8 5 -0.0000000
9 0 8 6 0.0000860
9 0 8 7 -0.0000000
9 0 8 8 -0.0004259
9 0 9 0 0.0000059
9 0 9 1 -0.0000137
9 0 9 2 0.0000000
9 0 9 3 -0.0000742
9 0 9 4 -0.0001605
9 0 9 5 0.0001157
9 0 9 6 0.0000000
9 0 9 7 -0.0000184
9 0 9 8 0.0000000
9 0 9 9 -0.0027323
9 1 0 0 0.0048204
9 1 1 0 0.0000922
9 1 1 1 0.0028956
9 1 2 0 0.0000000
9 1 2 1 0.0000000
9 1 2 2 0.0041044
9 1 3 0 -0.0000101
9 1 3 1 -0.0021146
9 1 3 2 0.0000000
9 1 3 3 0.0022156
9 1 4 0 0.0000330
9 1 4 1 -0.0027627
9 1 4 2 0.0000000
9 1 4 3 -0.0024585
9 1 4 4 0.0006377
9 1 5 0 0.0001194
9 1 5 1 0.0032220
9 1 5 2 -0.0000000
9 1 5 3 0.0020901
9 1 5 4 0.0042604
9 1 5 5 0.0003837
9 1 6 0 0.0000000
9 1 6 1 0.0000000
9 1 6 2 0.0000011
9 1 6 3 0.0000000
9 1 6 4 0.0000000
9 1 6 5 -0.0000000
9 1 6 6 0.0041647
9 1 7 0 -0.0000758
9 1 7 1 0.0003627
9 1 7 2 0.0000000
9 1 7 3 0.0001013
9 1 7 4 0.0001750
9 1 7 5 -0.0006723
9 1 7 6 -0.0000000
9 1 7 7 -0.0010071
9 1 8 0 -0.0000000
9 1 8 1 0.0000000
9 1 8 2 0.0017921
9 1 8 3 0.0000000
9 1 8 4 0.0000000
9 1 8 5 -0.0000000
9 1 8 6 0.0015474
9 1 8 7 0.0000000
9 1 8 8 -0.0031828
9 1 9 0 -0.0000137
9 1 9 1 0.0027248
9 1 9 2 -0.0000000
9 1 9 3 0.0027248
9 1 9 4 0.0048064
9 1 9 5 -0.0051779
9 1 9 6 -0.0000000
9 1 9 7 -0.0006958
9 1 9 8 -0.0000000
9 1 9 9 0.0151178
9 2 0 0 -0.0000000
9 2 1 0 0.0000000
9 2 1 1 0.0000000
9 2 2 0 0.0001431
9 2 2 1 0.0020892
9 2 2 2 -0.0000000
9 2 3 0 0.0000000
9 2 3 1 0.0000000
9 2 3 2 -0.0006788
9 2 3 3 -0.0000000
9 2 4 0 -0.0000000
9 2 4 1 0.0000000
9 2 4 2 -0.0020785
9 2 4 3 -0.0000000
9 2 4 4 -0.0000000
9 2 5 0 0.0000000
9 2 5 1 -0.0000000
9 2 5 2 0.0001216
9 2 5 3 -0.0000000
9 2 5 4 0.0000000
9 2 5 5 0.0000000
9 2 6 0 -0.0001745
9 2 6 1 0.0010280
9 2 6 2 0.0000000
9 2 6 3 -0.0000701
9 2 6 4 -0.0024940
9 2 6 5 -0.0010665
9 2 6 6 -0.0000000
9 2 7 0 -0.0000000
9 2 7 1 0.0000000
9 2 7 2 0.0003523
9 2 7 3 0.0000000
9 2 7 4 0.0000000
9 2 7 5 -0.0000000
9 2 7 6 -0.0000043
9 2 7 7 -0.0000000
9 2 8 0 -0.0000021
9 2 8 1 0.0017422
9 2 8 2 -0.0000000
9 2 8 3 0.0010600
9 2 8 4 0.0010916
9 2 8 5 -0.0020858
9 2 8 6 -0.0000000
9 2 8 7 0.0000207
9 2 8 8 -0.0000000
9 2 9 0 0.0000000
9 2 9 1 -0.0000000
9 2 9 2 0.0013199
9 2 9 3 -0.0000000
9 2 9 4 -0.0000000
9 2 9 5 -0.0000000
9 2 9 6 0.0012651
9 2 9 7 -0.0000000
9 2 9 8 -0.0041100
9 2 9 9 -0.0000000
9 3 0 0 0.0000720
9 3 1 0 -0.0000526
9 3 1 1 -0.0004798
9 3 2 0 0.0000000
9 3 2 1 0.0000000
9 3 2 2 0.0003877
9 3 3 0 0.0000504
9 3 3 1 -0.0002627
9 3 3 2 -0.0000000
9 3 3 3 -0.0004457
9 3 4 0 -0.0000390
9 3 4 1 -0.0010116
9 3 4 2 -0.0000000
9 3 4 3 -0.0005879
9 3 4 4 -0.0008105
9 3 5 0 -0.0000395
9 3 5 1 0.0002622
9 3 5 2 -0.0000000
9 3 5 3 0.0007017
9 3 5 4 0.0007744
9 3 5 5 -0.0004020
9 3 6 0 -0.0000000
9 3 6 1 0.0000000
9 3 6 2 0.0002810
9 3 6 3 0.0000000
9 3 6 4 0.0000000
9 3 6 5 -0.0000000
9 3 6 6 0.0004932
9 3 7 0 0.0000508
9 3 7 1 -0.0000693
9 3 7 2 0.0000000
9 3 7 3 -0.0000304
9 3 7 4 -0.0000462
9 3 7 5 0.0002748
9 3 7 6 0.0000000
9 3 7 7 0.0020442
9 3 8 0 -0.0000000
9 3 8 1 0.0000000
9 3 8 2 -0.0006450
9 3 8 3 0.0000000
9 3 8 4 0.0000000
9 3 8 5 0.0000000
9 3 8 6 -0.0005271
9 3 8 7 0.0000000
9 3 8 8 0.0026690
9 3 9 0 -0.0000742
9 3 9 1 0.0027248
9 3 9 2 -0.0000000
9 3 9 3 0.0040301
9 3 9 4 0.0075978
9 3 9 5 -0.0068568
9 3 9 6 -0.0000000
9 3 9 7 0.0006142
9 3 9 8 -0.0000000
9 3 9 9 0.0632858
9 4 0 0 -0.0010611
9 4 1 0 0.0000134
9 4 1 1 -0.0014265
9 4 2 0 0.0000000
9 4 2 1 0.0000000
9 4 2 2 -0.0011097
9 4 3 0 -0.0000650
9 4 3 1 -0.0002681
9 4 3 2 -0.0000000
9 4 3 3 -0.0007362
9 4 4 0 0.0000046
9 4 4 1 0.0005056
9 4 4 2 -0.0000000
9 4 4 3 -0.0002713
9 4 4 4 -0.0017817
9 4 5 0 -0.0000038
9 4 5 1 -0.0002860
9 4 5 2 0.0000000
9 4 5 3 -0.0005384
9 4 5 4 -0.0009698
9 4 5 5 0.0000004
9 4 6 0 -0.0000000
9 4 6 1 -0.0000000
9 4 6 2 -0.0000568
9 4 6 3 -0.0000000
9 4 6 4 -0.0000000
9 4 6 5 0.0000000
9 4 6 6 -0.0013967
9 4 7 0 -0.0000491
9 4 7 1 -0.0003505
9 4 7 2 -0.0000000
9 4 7 3 0.0008349
9 4 7 4 0.0004032
9 4 7 5 -0.0000588
9 4 7 6 -0.0000000
9 4 7 7 0.0056502
9 4 8 0 -0.0000000
9 4 8 1 0.0000000
9 4 8 2 -0.0028188
9 4 8 3 -0.0000000
9 4 8 4 -0.0000000
9 4 8 5 0.0000000
9 4 8 6 -0.0025399
9 4 8 7 0.0000000
9 4 8 8 0.0082015
9 4 9 0 -0.0001605
9 4 9 1 0.0048064
9 4 9 2 -0.0000000
9 4 9 3 0.0075978
9 4 9 4 0.0151106
9 4 9 5 -0.0130433
9 4 9 6 -0.0000000
9 4 9 7 -0.0004735
9 4 9 8 -0.0000000
9 4 9 9 0.1481541
9 5 0 0 0.0030462
9 5 1 0 0.0001004
9 5 1 1 0.0028451
9 5 2 0 -0.0000000
9 5 2 1 -0.0000000
9 5 2 2 0.0001166
9 5 3 0 0.0001193
9 5 3 1 0.0016963
9 5 3 2 0.0000000
9 5 3 3 0.0025646
9 5 4 0 0.0000006
9 5 4 1 0.0035061
9 5 4 2 0.0000000
9 5 4 3 0.0015920
9 5 4 4 0.0024034
9 5 5 0 0.0001787
9 5 5 1 0.0002368
9 5 5 2 0.0000000
9 5 5 3 -0.0011118
9 5 5 4 -0.0027000
9 5 5 5 0.0036898
9 5 6 0 0.0000000
9 5 6 1 -0.0000000
9 5 6 2 -0.0017624
9 5 6 3 -0.0000000
9 5 6 4 -0.0000000
9 5 6 5 0.0000000
9 5 6 6 -0.0004639
9 5 7 0 -0.0000407
9 5 7 1 -0.0002205
9 5 7 2 -0.0000000
9 5 7 3 -0.0003372
9 5 7 4 -0.0004602
9 5 7 5 0.0004927
9 5 7 6 0.0000000
9 5 7 7 -0.0009953
9 5 8 0 0.0000000
9 5 8 1 -0.0000000
9 5 8 2 0.0007850
9 5 8 3 -0.0000000
9 5 8 4 -0.0000000
9 5 8 5 0.0000000
9 5 8 6 0.0002926
9 5 8 7 -0.0000000
9 5 8 8 -0.0032417
9 5 9 0 0.0001157
9 5 9 1 -0.0051779
9 5 9 2 -0.0000000
9 5 9 3 -0.0068568
9 5 9 4 -0.0130433
9 5 9 5 0.0123291
9 5 9 6 0.0000000
9 5 9 7 0.0008902
9 5 9 8 0.0000000
9 5 9 9 -0.0976106
9 6 0 0 0.0000000
9 6 1 0 0.0000000
9 6 1 1 0.0000000
9 6 2 0 0.0000739
9 6 2 1 0.0021173
9 6 2 2 0.0000000
9 6 3 0 0.0000000
9 6 3 1 0.0000000
9 6 3 2 -0.0006721
9 6 3 3 0.0000000
9 6 4 0 -0.0000000
9 6 4 1 0.0000000
9 6 4 2 -0.0025043
9 6 4 3 0.0000000
9 6 4 4 0.0000000
9 6 5 0 0.0000000
9 6 5 1 -0.0000000
9 6 5 2 -0.0003105
9 6 5 3 -0.0000000
9 6 5 4 0.0000000
9 6 5 5 0.0000000
9 6 6 0 -0.0000951
9 6 6 1 0.0015616
9 6 6 2 -0.0000000
9 6 6 3 -0.0001273
9 6 6 4 -0.0030414
9 6 6 5 -0.0012493
9 6 6 6 -0.0000000
9 6 7 0 -0.0000000
9 6 7 1 -0.0000000
9 6 7 2 0.0004324
9 6 7 3 -0.0000000
9 6 7 4 -0.0000000
9 6 7 5 0.0000000
9 6 7 6 -0.0000266
9 6 7 7 -0.0000000
9 6 8 0 -0.0000114
9 6 8 1 0.0019536
9 6 8 2 0.0000000
9 6 8 3 0.0011620
9 6 8 4 0.0010002
9 6 8 5 -0.0025139
9 6 8 6 -0.0000000
9 6 8 7 0.0001151
9 6 8 8 -0.0000000
9 6 9 0 0.0000000
9 6 9 1 -0.0000000
9 6 9 2 0.0012651
9 6 9 3 -0.0000000
9 6 9 4 -0.0000000
9 6 9 5 0.0000000
9 6 9 6 0.0012373
9 6 9 7 0.0000000
9 6 9 8 -0.0038142
9 6 9 9 -0.0000000
9 7 0 0 -0.0009786
9 7 1 0 0.0000859
9 7 1 1 0.0008564
9 7 2 0 -0.0000000
9 7 2 1 0.0000000
9 7 2 2 0.0001965
9 7 3 0 -0.0000318
9 7 3 1 -0.0002761
9 7 3 2 0.0000000
9 7 3 3 -0.0003510
9 7 4 0 0.0000441
9 7 4 1 -0.0001672
9 7 4 2 0.0000000
9 7 4 3 -0.0000769
9 7 4 4 0.0003885
9 7 5 0 0.0000830
9 7 5 1 -0.0003520
9 7 5 2 -0.0000000
9 7 5 3 -0.0001056
9 7 5 4 0.0004255
9 7 5 5 0.0001121
9 7 6 0 0.0000000
9 7 6 1 -0.0000000
9 7 6 2 0.0007357
9 7 6 3 0.0000000
9 7 6 4 0.0000000
9 7 6 5 -0.0000000
9 7 6 6 0.0002999
9 7 7 0 -0.0000534
9 7 7 1 -0.0009121
9 7 7 2 0.0000000
9 7 7 3 -0.0007667
9 7 7 4 -0.0018577
9 7 7 5 0.0014285
9 7 7 6 0.0000000
9 7 7 7 -0.0001771
9 7 8 0 -0.0000000
9 7 8 1 0.0000000
9 7 8 2 0.0002496
9 7 8 3 0.0000000
9 7 8 4 0.0000000
9 7 8 5 -0.0000000
9 7 8 6 0.0003949
9 7 8 7 0.0000000
9 7 8 8 0.0000619
9 7 9 0 -0.0000184
9 7 9 1 -0.0006958
9 7 9 2 -0.0000000
9 7 9 3 0.0006142
9 7 9 4 -0.0004735
9 7 9 5 0.0008902
9 7 9 6 0.0000000
9 7 9 7 0.0091562
9 7 9 8 0.0000000
9 7 9 9 -0.0149403
9 8 0 0 -0.0000000
9 8 1 0 0.0000000
9 8 1 1 0.0000000
9 8 2 0 0.0001099
9 8 2 1 0.0032075
9 8 2 2 -0.0000000
9 8 3 0 0.0000000
9 8 3 1 0.0000000
9 8 3 2 -0.0001871
9 8 3 3 -0.0000000
9 8 4 0 -0.0000000
9 8 4 1 0.0000000
9 8 4 2 -0.0018815
9 8 4 3 -0.0000000
9 8 4 4 -0.0000000
9 8 5 0 0.0000000
9 8 5 1 -0.0000000
9 8 5 2 -0.0015769
9 8 5 3 -0.0000000
9 8 5 4 0.0000000
9 8 5 5 0.0000000
9 8 6 0 -0.0001533
9 8 6 1 0.0025164
9 8 6 2 -0.0000000
9 8 6 3 0.0005143
9 8 6 4 -0.0027064
9 8 6 5 -0.0029086
9 8 6 6 -0.0000000
9 8 7 0 -0.0000000
9 8 7 1 0.0000000
9 8 7 2 0.0004596
9 8 7 3 0.0000000
9 8 7 4 -0.0000000
9 8 7 5 0.0000000
9 8 7 6 -0.0000532
9 8 7 7 -0.0000000
9 8 8 0 -0.0000159
9 8 8 1 -0.0001399
9 8 8 2 0.0000000
9 8 8 3 -0.0014185
9 8 8 4 -0.0042686
9 8 8 5 0.0013472
9 8 8 6 0.0000000
9 8 8 7 0.0004312
9 8 8 8 -0.0000000
9 8 9 0 0.0000000
9 8 9 1 -0.0000000
9 8 9 2 -0.0041100
9 8 9 3 -0.0000000
9 8 9 4 -0.0000000
9 8 9 5 0.0000000
9 8 9 6 -0.0038142
9 8 9 7 0.0000000
9 8 9 8 0.0145315
9 8 9 9 -0.0000000
9 9 0 0 0.3431398
9 9 1 0 0.0037957
9 9 1 1 0.4988987
9 9 2 0 -0.0000000
9 9 2 1 -0.0000000
9 9 2 2 0.3693504
9 9 3 0 0.0048692
9 9 3 1 0.1160658
9 9 3 2 0.0000000
9 9 3 3 0.3831407
9 9 4 0 -0.0010989
9 9 4 1 0.1328863
9 9 4 2 -0.0000000
9 9 4 3 0.1531713
9 9 4 4 0.5565056
9 9 5 0 0.0082886
9 9 5 1 -0.1228714
9 9 5 2 -0.0000000
9 9 5 3 -0.1362459
9 9 5 4 -0.1878081
9 9 5 5 0.5987387
9 9 6 0 0.0000000
9 9 6 1 -0.0000000
9 9 6 2 0.0551296
9 9 6 3 -0.0000000
9 9 6 4 -0.0000000
9 9 6 5 0.0000000
9 9 6 6 0.3662191
9 9 7 0 -0.0020323
9 9 7 1 -0.0096841
9 9 7 2 -0.0000000
9 9 7 3 0.0469539
9 9 7 4 0.0053500
9 9 7 5 0.0155643
9 9 7 6 0.0000000
9 9 7 7 0.6182419
9 9 8 0 0.0000000
9 9 8 1 -0.0000000
9 9 8 2 -0.1060123
9 9 8 3 -0.0000000
9 9 8 4 -0.0000000
9 9 8 5 0.0000000
9 9 8 6 -0.0930942
9 9 8 7 0.0000000
9 9 8 8 0.8416888
9 9 9 0 -0.0027323
9 9 9 1 0.0151178
9 9 9 2 -0.0000000
9 9 9 3 0.0632858
9 9 9 4 0.1481541
9 9 9 5 -0.0976106
9 9 9 6 -0.0000000
9 9 9 7 -0.0149403
9 9 9 8 -0.0000000
9 9 9 9 3.4993865
10 0 0 0 0.0250954
10 0 1 0 -0.0009985
10 0 1 1 0.0026824
10 0 2 0 -0.0000000
10 0 2 1 0.0000000
10 0 2 2 0.0012929
10 0 3 0 0.0009379
10 0 3 1 -0.0015336
10 0 3 2 -0.0000000
10 0 3 3 0.0025110
10 0 4 0 -0.0008763
10 0 4 1 0.0009451
10 0 4 2 0.0000000
10 0 4 3 -0.0012155
10 0 4 4 0.0012854
10 0 5 0 -0.0013569
10 0 5 1 0.0021464
10 0 5 2 0.0000000
10 0 5 3 -0.0009094
10 0 5 4 0.0012275
10 0 5 5 0.0022993
10 0 6 0 -0.0000000
10 0 6 1 0.0000000
10 0 6 2 -0.0004548
10 0 6 3 -0.0000000
10 0 6 4 0.0000000
10 0 6 5 0.0000000
10 0 6 6 0.0010679
10 0 7 0 -0.0027167
10 0 7 1 -0.0004073
10 0 7 2 -0.0000000
10 0 7 3 0.0005121
10 0 7 4 -0.0004539
10 0 7 5 -0.0007245
10 0 7 6 -0.0000000
10 0 7 7 -0.0012114
10 0 8 0 -0.0000000
10 0 8 1 0.0000000
10 0 8 2 0.0003457
10 0 8 3 0.0000000
10 0 8 4 0.0000000
10 0 8 5 -0.0000000
10 0 8 6 0.0002029
10 0 8 7 -0.0000000
10 0 8 8 -0.0006589
10 0 9 0 0.0000359
10 0 9 1 0.0000599
10 0 9 2 -0.0000000
10 0 9 3 -0.0000147
10 0 9 4 -0.0000128
10 0 9 5 0.0000242
10 0 9 6 0.0000000
10 0 9 7 0.0000114
10 0 9 8 -0.0000000
10 0 9 9 -0.0008075
10 0 10 0 0.0006749
10 0 10 1 0.0005189
10 0 10 2 -0.0000000
10 0 10 3 -0.0000973
10 0 10 4 0.0001903
10 0 10 5 0.0000530
10 0 10 6 0.0000000
10 0 10 7 -0.0000146
10 0 10 8 0.0000000
10 0 10 9 0.0000062
10 0 10 10 -0.0010821
10 1 0 0 0.0329312
10 1 1 0 0.0009748
10 1 1 1 0.0324462
10 1 2 0 0.0000000
10 1 2 1 0.0000000
10 1 2 2 0.0249068
10 1 3 0 -0.0006563
10 1 3 1 -0.0051429
10 1 3 2 -0.0000000
10 1 3 3 0.0256446
10 1 4 0 0.0005366
10 1 4 1 -0.0000537
10 1 4 2 0.0000000
10 1 4 3 -0.0034396
10 1 4 4 0.0255917
10 1 5 0 0.0009537
10 1 5 1 0.0114093
10 1 5 2 0.0000000
10 1 5 3 0.0006285
10 1 5 4 0.0084066
10 1 5 5 0.0214585
10 1 6 0 0.0000000
10 1 6 1 0.0000000
10 1 6 2 -0.0005494
10 1 6 3 0.0000000
10 1 6 4 0.0000000
10 1 6 5 -0.0000000
10 1 6 6 0.0250526
10 1 7 0 -0.0009343
10 1 7 1 0.0008310
10 1 7 2 -0.0000000
10 1 7 3 0.0003853
10 1 7 4 -0.0001891
10 1 7 5 -0.0052283
10 1 7 6 -0.0000000
10 1 7 7 -0.0024489
10 1 8 0 -0.0000000
10 1 8 1 0.0000000
10 1 8 2 0.0111525
10 1 8 3 0.0000000
10 1 8 4 0.0000000
10 1 8 5 -0.0000000
10 1 8 6 0.0095722
10 1 8 7 0.0000000
10 1 8 8 -0.0117831
10 1 9 0 0.0001143
10 1 9 1 0.0010818
10 1 9 2 0.0000000
10 1 9 3 -0.0012286
10 1 9 4 -0.0035464
10 1 9 5 0.0020412
10 1 9 6 0.0000000
10 1 9 7 0.0003124
10 1 9 8 0.0000000
10 1 9 9 -0.0403878
10 1 10 0 0.0005189
10 1 10 1 0.0208312
10 1 10 2 -0.0000000
10 1 10 3 0.0097092
10 1 10 4 0.0109283
10 1 10 5 -0.0201867
10 1 10 6 -0.0000000
10 1 10 7 -0.0017416
10 1 10 8 -0.0000000
10 1 10 9 0.0001985
10 1 10 10 -0.0528368
10 2 0 0 -0.0000000
10 2 1 0 0.0000000
10 2 1 1 -0.0000000
10 2 2 0 -0.0007281
10 2 2 1 -0.0001270
10 2 2 2 -0.0000000
10 2 3 0 0.0000000
10 2 3 1 -0.0000000
10 2 3 2 0.0008720
10 2 3 3 -0.0000000
10 2 4 0 0.0000000
10 2 4 1 0.0000000
10 2 4 2 -0.0006544
10 2 4 3 -0.0000000
10 2 4 4 -0.0000000
10 2 5 0 -0.0000000
10 2 5 1 -0.0000000
10 2 5 2 -0.0015000
10 2 5 3 0.0000000
10 2 5 4 0.0000000
10 2 5 5 -0.0000000
10 2 6 0 0.0010201
10 2 6 1 0.0016072
10 2 6 2 -0.0000000
10 2 6 3 -0.0017684
10 2 6 4 -0.0004295
10 2 6 5 -0.0001131
10 2 6 6 -0.0000000
10 2 7 0 -0.0000000
10 2 7 1 -0.0000000
10 2 7 2 -0.0035217
10 2 7 3 0.0000000
10 2 7 4 -0.0000000
10 2 7 5 -0.0000000
10 2 7 6 0.0032553
10 2 7 7 -0.0000000
10 2 8 0 0.0000842
10 2 8 1 -0.0002475
10 2 8 2 -0.0000000
10 2 8 3 -0.0020246
10 2 8 4 -0.0041167
10 2 8 5 0.0038167
10 2 8 6 0.0000000
10 2 8 7 0.0006396
10 2 8 8 0.0000000
10 2 9 0 -0.0000000
10 2 9 1 -0.0000000
10 2 9 2 -0.0004398
10 2 9 3 0.0000000
10 2 9 4 0.0000000
10 2 9 5 0.0000000
10 2 9 6 -0.0005672
10 2 9 7 0.0000000
10 2 9 8 0.0008783
10 2 9 9 0.0000000
10 2 10 0 -0.0000000
10 2 10 1 -0.0000000
10 2 10 2 0.0067720
10 2 10 3 -0.0000000
10 2 10 4 -0.0000000
10 2 10 5 -0.0000000
10 2 10 6 0.0043072
10 2 10 7 -0.0000000
10 2 10 8 -0.0226527
10 2 10 9 0.0000000
10 2 10 10 0.0000000
10 3 0 0 0.0092295
10 3 1 0 -0.0007309
10 3 1 1 0.0089239
10 3 2 0 0.0000000
10 3 2 1 -0.0000000
10 3 2 2 0.0078834
10 3 3 0 -0.0002890
10 3 3 1 0.0030705
10 3 3 2 -0.0000000
10 3 3 3 0.0107669
10 3 4 0 -0.0001612
10 3 4 1 0.0015747
10 3 4 2 -0.0000000
10 3 4 3 0.0019951
10 3 4 4 0.0120810
10 3 5 0 -0.0012705
10 3 5 1 -0.0019705
10 3 5 2 0.0000000
10 3 5 3 0.0007499
10 3 5 4 -0.0040176
10 3 5 5 0.0082382
10 3 6 0 -0.0000000
10 3 6 1 -0.0000000
10 3 6 2 -0.0015509
10 3 6 3 -0.0000000
10 3 6 4 -0.0000000
10 3 6 5 -0.0000000
10 3 6 6 0.0093259
10 3 7 0 0.0004625
10 3 7 1 0.0013892
10 3 7 2 0.0000000
10 3 7 3 -0.0026605
10 3 7 4 0.0049163
10 3 7 5 -0.0046126
10 3 7 6 -0.0000000
10 3 7 7 0.0067916
10 3 8 0 0.0000000
10 3 8 1 0.0000000
10 3 8 2 0.0023819
10 3 8 3 0.0000000
10 3 8 4 -0.0000000
10 3 8 5 -0.0000000
10 3 8 6 0.0024060
10 3 8 7 0.0000000
10 3 8 8 0.0042988
10 3 9 0 0.0000267
10 3 9 1 -0.0001067
10 3 9 2 0.0000000
10 3 9 3 -0.0009803
10 3 9 4 -0.0023377
10 3 9 5 0.0016848
10 3 9 6 0.0000000
10 3 9 7 -0.0001755
10 3 9 8 0.0000000
10 3 9 9 -0.0068774
10 3 10 0 -0.0000973
10 3 10 1 0.0097092
10 3 10 2 -0.0000000
10 3 10 3 0.0088792
10 3 10 4 0.0088173
10 3 10 5 -0.0127577
10 3 10 6 -0.0000000
10 3 10 7 0.0094664
10 3 10 8 -0.0000000
10 3 10 9 -0.0011801
10 3 10 10 -0.0151868
10 4 0 0 0.0132057
10 4 1 0 0.0010117
10 4 1 1 0.0227156
10 4 2 0 0.0000000
10 4 2 1 0.0000000
10 4 2 2 0.0091882
10 4 3 0 0.0000981
10 4 3 1 0.0049316
10 4 3 2 -0.0000000
10 4 3 3 0.0145824
10 4 4 0 0.0002457
10 4 4 1 0.0121639
10 4 4 2 -0.0000000
10 4 4 3 0.0076064
10 4 4 4 0.0199448
10 4 5 0 0.0014843
10 4 5 1 0.0003810
10 4 5 2 0.0000000
10 4 5 3 -0.0080244
10 4 5 4 -0.0087616
10 4 5 5 0.0228214
10 4 6 0 0.0000000
10 4 6 1 -0.0000000
10 4 6 2 -0.0011183
10 4 6 3 -0.0000000
10 4 6 4 -0.0000000
10 4 6 5 0.0000000
10 4 6 6 0.0067392
10 4 7 0 -0.0007839
10 4 7 1 0.0007913
10 4 7 2 0.0000000
10 4 7 3 0.0056737
10 4 7 4 0.0033758
10 4 7 5 -0.0031353
10 4 7 6 -0.0000000
10 4 7 7 0.0175287
10 4 8 0 0.0000000
10 4 8 1 0.0000000
10 4 8 2 -0.0012306
10 4 8 3 -0.0000000
10 4 8 4 -0.0000000
10 4 8 5 0.0000000
10 4 8 6 -0.0015001
10 4 8 7 0.0000000
10 4 8 8 0.0222702
10 4 9 0 0.0000362
10 4 9 1 -0.0007705
10 4 9 2 0.0000000
10 4 9 3 -0.0015918
10 4 9 4 -0.0029655
10 4 9 5 0.0029558
10 4 9 6 0.0000000
10 4 9 7 -0.0002260
10 4 9 8 0.0000000
10 4 9 9 0.0162083
10 4 10 0 0.0001903
10 4 10 1 0.0109283
10 4 10 2 -0.0000000
10 4 10 3 0.0088173
10 4 10 4 0.0134941
10 4 10 5 -0.0149803
10 4 10 6 -0.0000000
10 4 10 7 0.0118837
10 4 10 8 -0.0000000
10 4 10 9 -0.0030912
10 4 10 10 0.0000162
10 5 0 0 -0.0153517
10 5 1 0 0.0001003
10 5 1 1 -0.0219169
10 5 2 0 -0.0000000
10 5 2 1 -0.0000000
10 5 2 2 -0.0176206
10 5 3 0 -0.0019490
10 5 3 1 -0.0062777
10 5 3 2 0.0000000
10 5 3 3 -0.0100719
10 5 4 0 0.0007130
10 5 4 1 0.0010581
10 5 4 2 0.0000000
10 5 4 3 -0.0079316
10 5 4 4 -0.0241320
10 5 5 0 -0.0010540
10 5 5 1 -0.0002341
10 5 5 2 0.0000000
10 5 5 3 -0.0004889
10 5 5 4 -0.0004034
10 5 5 5 -0.0191497
10 5 6 0 0.0000000
10 5 6 1 -0.0000000
10 5 6 2 -0.0035124
10 5 6 3 -0.0000000
10 5 6 4 0.0000000
10 5 6 5 0.0000000
10 5 6 6 -0.0187493
10 5 7 0 -0.0007267
10 5 7 1 -0.0044033
10 5 7 2 -0.0000000
10 5 7 3 -0.0026778
10 5 7 4 -0.0010697
10 5 7 5 -0.0022994
10 5 7 6 0.0000000
10 5 7 7 -0.0066899
10 5 8 0 -0.0000000
10 5 8 1 -0.0000000
10 5 8 2 -0.0070908
10 5 8 3 -0.0000000
10 5 8 4 0.0000000
10 5 8 5 0.0000000
10 5 8 6 -0.0068849
10 5 8 7 -0.0000000
10 5 8 8 -0.0067213
10 5 9 0 -0.0000678
10 5 9 1 -0.0000558
10 5 9 2 0.0000000
10 5 9 3 0.0019215
10 5 9 4 0.0049705
10 5 9 5 -0.0032805
10 5 9 6 -0.0000000
10 5 9 7 -0.0001320
10 5 9 8 -0.0000000
10 5 9 9 0.0297054
10 5 10 0 0.0000530
10 5 10 1 -0.0201867
10 5 10 2 -0.0000000
10 5 10 3 -0.0127577
10 5 10 4 -0.0149803
10 5 10 5 0.0275200
10 5 10 6 0.0000000
10 5 10 7 -0.0032291
10 5 10 8 0.0000000
10 5 10 9 0.0002310
10 5 10 10 0.0442138
10 6 0 0 -0.0000000
10 6 1 0 -0.0000000
10 6 1 1 -0.0000000
10 6 2 0 0.0013411
10 6 2 1 0.0084300
10 6 2 2 -0.0000000
10 6 3 0 -0.0000000
10 6 3 1 -0.0000000
10 6 3 2 -0.0039496
10 6 3 3 -0.0000000
10 6 4 0 0.0000000
10 6 4 1 -0.0000000
10 6 4 2 -0.0060787
10 6 4 3 -0.0000000
10 6 4 4 -0.0000000
10 6 5 0 0.0000000
10 6 5 1 -0.0000000
10 6 5 2 -0.0006464
10 6 5 3 -0.0000000
10 6 5 4 0.0000000
10 6 5 5 -0.0000000
10 6 6 0 -0.0018847
10 6 6 1 0.0032893
10 6 6 2 -0.0000000
10 6 6 3 0.0024339
10 6 6 4 -0.0090688
10 6 6 5 -0.0056161
10 6 6 6 -0.0000000
10 6 7 0 -0.0000000
10 6 7 1 -0.0000000
10 6 7 2 0.0043947
10 6 7 3 -0.0000000
10 6 7 4 -0.0000000
10 6 7 5 0.0000000
10 6 7 6 -0.0044515
10 6 7 7 -0.0000000
10 6 8 0 0.0001000
10 6 8 1 0.0031327
10 6 8 2 -0.0000000
10 6 8 3 -0.0006893
10 6 8 4 -0.0045022
10 6 8 5 0.0004529
10 6 8 6 -0.0000000
10 6 8 7 0.0013655
10 6 8 8 -0.0000000
10 6 9 0 -0.0000000
10 6 9 1 0.0000000
10 6 9 2 -0.0002998
10 6 9 3 0.0000000
10 6 9 4 0.0000000
10 6 9 5 -0.0000000
10 6 9 6 -0.0002959
10 6 9 7 -0.0000000
10 6 9 8 0.0014479
10 6 9 9 0.0000000
10 6 10 0 0.0000000
10 6 10 1 -0.0000000
10 6 10 2 0.0043072
10 6 10 3 -0.0000000
10 6 10 4 -0.0000000
10 6 10 5 0.0000000
10 6 10 6 0.0059007
10 6 10 7 -0.0000000
10 6 10 8 -0.0160494
10 6 10 9 0.0000000
10 6 10 10 0.0000000
10 7 0 0 -0.0551892
10 7 1 0 0.0026533
10 7 1 1 0.0066732
10 7 2 0 0.0000000
10 7 2 1 -0.0000000
10 7 2 2 -0.0130542
10 7 3 0 -0.0015420
10 7 3 1 0.0033869
10 7 3 2 0.0000000
10 7 3 3 -0.0180433
10 7 4 0 0.0012786
10 7 4 1 0.0039728
10 7 4 2 0.0000000
10 7 4 3 0.0173183
10 7 4 4 0.0133252
10 7 5 0 0.0027729
10 7 5 1 -0.0191765
10 7 5 2 -0.0000000
10 7 5 3 -0.0196586
10 7 5 4 -0.0081482
10 7 5 5 -0.0016750
10 7 6 0 0.0000000
10 7 6 1 -0.0000000
10 7 6 2 0.0229929
10 7 6 3 -0.0000000
10 7 6 4 -0.0000000
10 7 6 5 0.0000000
10 7 6 6 -0.0136466
10 7 7 0 -0.0023863
10 7 7 1 0.0026769
10 7 7 2 -0.0000000
10 7 7 3 0.0157246
10 7 7 4 0.0178413
10 7 7 5 -0.0181988
10 7 7 6 -0.0000000
10 7 7 7 -0.0054842
10 7 8 0 0.0000000
10 7 8 1 -0.0000000
10 7 8 2 -0.0056990
10 7 8 3 -0.0000000
10 7 8 4 -0.0000000
10 7 8 5 0.0000000
10 7 8 6 -0.0007821
10 7 8 7 -0.0000000
10 7 8 8 0.0340600
10 7 9 0 -0.0000873
10 7 9 1 -0.0000929
10 7 9 2 0.0000000
10 7 9 3 0.0001010
10 7 9 4 0.0011856
10 7 9 5 -0.0009701
10 7 9 6 -0.0000000
10 7 9 7 -0.0002962
10 7 9 8 -0.0000000
10 7 9 9 0.0632170
10 7 10 0 -0.0000146
10 7 10 1 -0.0017416
10 7 10 2 -0.0000000
10 7 10 3 0.0094664
10 7 10 4 0.0118837
10 7 10 5 -0.0032291
10 7 10 6 -0.0000000
10 7 10 7 0.0750982
10 7 10 8 0.0000000
10 7 10 9 -0.0038249
10 7 10 10 0.0676331
10 8 0 0 -0.0000000
10 8 1 0 0.0000000
10 8 1 1 0.0000000
10 8 2 0 0.0010873
10 8 2 1 0.0255624
10 8 2 2 -0.0000000
10 8 3 0 0.0000000
10 8 3 1 0.0000000
10 8 3 2 -0.0056321
10 8 3 3 -0.0000000
10 8 4 0 -0.0000000
10 8 4 1 0.0000000
10 8 4 2 -0.0254849
10 8 4 3 -0.0000000
10 8 4 4 -0.0000000
10 8 5 0 0.0000000
10 8 5 1 -0.0000000
10 8 5 2 -0.0036044
10 8 5 3 -0.0000000
10 8 5 4 0.0000000
10 8 5 5 0.0000000
10 8 6 0 -0.0012474
10 8 6 1 0.0188362
10 8 6 2 0.0000000
10 8 6 3 0.0000178
10 8 6 4 -0.0315208
10 8 6 5 -0.0163240
10 8 6 6 -0.0000000
10 8 7 0 -0.0000000
10 8 7 1 0.0000000
10 8 7 2 0.0048709
10 8 7 3 0.0000000
10 8 7 4 0.0000000
10 8 7 5 -0.0000000
10 8 7 6 0.0014452
10 8 7 7 0.0000000
10 8 8 0 -0.0004835
10 8 8 1 0.0206098
10 8 8 2 -0.0000000
10 8 8 3 0.0154990
10 8 8 4 0.0147764
10 8 8 5 -0.0358799
10 8 8 6 -0.0000000
10 8 8 7 0.0012064
10 8 8 8 -0.0000000
10 8 9 0 -0.0000000
10 8 9 1 0.0000000
10 8 9 2 0.0024717
10 8 9 3 0.0000000
10 8 9 4 0.0000000
10 8 9 5 -0.0000000
10 8 9 6 0.0033422
10 8 9 7 -0.0000000
10 8 9 8 0.0000316
10 8 9 9 0.0000000
10 8 10 0 0.0000000
10 8 10 1 -0.0000000
10 8 10 2 -0.0226527
10 8 10 3 -0.0000000
10 8 10 4 -0.0000000
10 8 10 5 0.0000000
10 8 10 6 -0.0160494
10 8 10 7 0.0000000
10 8 10 8 0.1090359
10 8 10 9 0.0000000
10 8 10 10 0.0000000
10 9 0 0 -0.0125062
10 9 1 0 -0.0002324
10 9 1 1 -0.0232991
10 9 2 0 0.0000000
10 9 2 1 0.0000000
10 9 2 2 -0.0134924
10 9 3 0 -0.0003799
10 9 3 1 -0.0102857
10 9 3 2 0.0000000
10 9 3 3 -0.0173882
10 9 4 0 0.0001318
10 9 4 1 -0.0136009
10 9 4 2 0.0000000
10 9 4 3 -0.0141017
10 9 4 4 -0.0316093
10 9 5 0 -0.0006073
10 9 5 1 0.0100911
10 9 5 2 0.0000000
10 9 5 3 0.0120548
10 9 5 4 0.0198512
10 9 5 5 -0.0345493
10 9 6 0 -0.0000000
10 9 6 1 0.0000000
10 9 6 2 -0.0028061
10 9 6 3 0.0000000
10 9 6 4 0.0000000
10 9 6 5 -0.0000000
10 9 6 6 -0.0125743
10 9 7 0 0.0001047
10 9 7 1 0.0009987
10 9 7 2 0.0000000
10 9 7 3 -0.0031525
10 9 7 4 -0.0005027
10 9 7 5 -0.0016424
10 9 7 6 -0.0000000
10 9 7 7 -0.0335518
10 9 8 0 -0.0000000
10 9 8 1 0.0000000
10 9 8 2 0.0093386
10 9 8 3 0.0000000
10 9 8 4 0.0000000
10 9 8 5 -0.0000000
10 9 8 6 0.0091688
10 9 8 7 -0.0000000
10 9 8 8 -0.0496115
10 9 9 0 0.0002714
10 9 9 1 -0.0039758
10 9 9 2 0.0000000
10 9 9 3 -0.0081558
10 9 9 4 -0.0178923
10 9 9 5 0.0137150
10 9 9 6 0.0000000
10 9 9 7 0.0036630
10 9 9 8 0.0000000
10 9 9 9 -0.3648282
10 9 10 0 0.0000062
10 9 10 1 0.0001985
10 9 10 2 0.0000000
10 9 10 3 -0.0011801
10 9 10 4 -0.0030912
10 9 10 5 0.0002310
10 9 10 6 0.0000000
10 9 10 7 -0.0038249
10 9 10 8 0.0000000
10 9 10 9 0.0530068
10 9 10 10 -0.0389062
10 10 0 0 0.2902855
10 10 1 0 0.0022749
10 10 1 1 0.3816604
10 10 2 0 -0.0000000
10 10 2 1 -0.0000000
10 10 2 2 0.3068488
10 10 3 0 0.0029071
10 10 3 1 0.0588723
10 10 3 2 0.0000000
10 10 3 3 0.2979061
10 10 4 0 -0.0005130
10 10 4 1 0.0580682
10 10 4 2 -0.0000000
10 10 4 3 0.0734250
10 10 4 4 0.3864548
10 10 5 0 0.0045729
10 10 5 1 -0.0677058
10 10 5 2 -0.0000000
10 10 5 3 -0.0702185
10 10 5 4 -0.0772461
10 10 5 5 0.4206756
10 10 6 0 0.0000000
10 10 6 1 -0.0000000
10 10 6 2 0.0398726
10 10 6 3 -0.0000000
10 10 6 4 -0.0000000
10 10 6 5 0.0000000
10 10 6 6 0.3087727
10 10 7 0 -0.0014315
10 10 7 1 -0.0024089
10 10 7 2 -0.0000000
10 10 7 3 0.0368412
10 10 7 4 0.0142943
10 10 7 5 -0.0014074
10 10 7 6 -0.0000000
10 10 7 7 0.4644439
10 10 8 0 0.0000000
10 10 8 1 -0.0000000
10 10 8 2 -0.0644080
10 10 8 3 -0.0000000
10 10 8 4 -0.0000000
10 10 8 5 0.0000000
10 10 8 6 -0.0515283
10 10 8 7 0.0000000
10 10 8 8 0.6110812
10 10 9 0 -0.0005262
10 10 9 1 -0.0039686
10 10 9 2 -0.0000000
10 10 9 3 0.0050680
10 10 9 4 0.0158565
10 10 9 5 -0.0076186
10 10 9 6 -0.0000000
10 10 9 7 -0.0004448
10 10 9 8 -0.0000000
10 10 9 9 0.8412169
10 10 10 0 -0.0010821
10 10 10 1 -0.0528368
10 10 10 2 0.0000000
10 10 10 3 -0.0151868
10 10 10 4 0.0000162
10 10 10 5 0.0442138
10 10 10 6 0.0000000
10 10 10 7 0.0676331
10 10 10 8 0.0000000
10 10 10 9 -0.0389062
10 10 10 10 0.7072844
11 0 0 0 -0.0814059
11 0 1 0 0.0034604
11 0 1 1 -0.0070674
11 0 2 0 0.0000000
11 0 2 1 -0.0000000
11 0 2 2 -0.0006611
11 0 3 0 -0.0029037
11 0 3 1 0.0053114
11 0 3 2 0.0000000
11 0 3 3 -0.0046602
11 0 4 0 0.0030117
11 0 4 1 -0.0034537
11 0 4 2 -0.0000000
11 0 4 3 0.0028019
11 0 4 4 -0.0036961
11 0 5 0 0.0051091
11 0 5 1 -0.0045000
11 0 5 2 0.0000000
11 0 5 3 0.0057864
11 0 5 4 -0.0035146
11 0 5 5 -0.0044894
11 0 6 0 0.0000000
11 0 6 1 -0.0000000
11 0 6 2 -0.0017083
11 0 6 3 0.0000000
11 0 6 4 -0.0000000
11 0 6 5 -0.0000000
11 0 6 6 0.0005479
11 0 7 0 0.0111451
11 0 7 1 0.0016582
11 0 7 2 0.0000000
11 0 7 3 -0.0024748
11 0 7 4 0.0016093
11 0 7 5 0.0033211
11 0 7 6 0.0000000
11 0 7 7 0.0064504
11 0 8 0 -0.0000000
11 0 8 1 -0.0000000
11 0 8 2 -0.0001457
11 0 8 3 -0.0000000
11 0 8 4 -0.0000000
11 0 8 5 0.0000000
11 0 8 6 -0.0002340
11 0 8 7 -0.0000000
11 0 8 8 -0.0008641
11 0 9 0 -0.0001215
11 0 9 1 -0.0000942
11 0 9 2 -0.0000000
11 0 9 3 0.0000626
11 0 9 4 -0.0000202
11 0 9 5 -0.0000563
11 0 9 6 -0.0000000
11 0 9 7 -0.0000475
11 0 9 8 -0.0000000
11 0 9 9 -0.0008103
11 0 10 0 -0.0026930
11 0 10 1 -0.0011037
11 0 10 2 -0.0000000
11 0 10 3 0.0004961
11 0 10 4 -0.0007430
11 0 10 5 -0.0007529
11 0 10 6 -0.0000000
11 0 10 7 -0.0020173
11 0 10 8 0.0000000
11 0 10 9 -0.0000017
11 0 10 10 -0.0005745
11 0 11 0 0.0110479
11 0 11 1 0.0033674
11 0 11 2 0.0000000
11 0 11 3 -0.0019814
11 0 11 4 0.0024987
11 0 11 5 0.0034844
11 0 11 6 0.0000000
11 0 11 7 0.0071451
11 0 11 8 0.0000000
11 0 11 9 0.0000719
11 0 11 10 -0.0010753
11 0 11 11 0.0067898
11 1 0 0 -0.0091159
11 1 1 0 -0.0019054
11 1 1 1 -0.0085775
11 1 2 0 -0.0000000
11 1 2 1 -0.0000000
11 1 2 2 0.0016724
11 1 3 0 0.0051065
11 1 3 1 0.0220778
11 1 3 2 0.0000000
11 1 3 3 -0.0154486
11 1 4 0 -0.0023089
11 1 4 1 -0.0042720
11 1 4 2 -0.0000000
11 1 4 3 0.0146814
11 1 4 4 -0.0009259
11 1 5 0 0.0003470
11 1 5 1 -0.0080312
11 1 5 2 -0.0000000
11 1 5 3 0.0101159
11 1 5 4 -0.0080695
11 1 5 5 0.0041558
11 1 6 0 0.0000000
11 1 6 1 -0.0000000
11 1 6 2 -0.0013676
11 1 6 3 0.0000000
11 1 6 4 -0.0000000
11 1 6 5 0.0000000
11 1 6 6 0.0000424
11 1 7 0 0.0031624
11 1 7 1 0.0021670
11 1 7 2 0.0000000
11 1 7 3 -0.0058454
11 1 7 4 -0.0088013
11 1 7 5 0.0252346
11 1 7 6 0.0000000
11 1 7 7 0.0120725
11 1 8 0 0.0000000
11 1 8 1 0.0000000
11 1 8 2 -0.0001024
11 1 8 3 -0.0000000
11 1 8 4 -0.0000000
11 1 8 5 0.0000000
11 1 8 6 -0.0017040
11 1 8 7 0.0000000
11 1 8 8 0.0081853
11 1 9 0 -0.0000531
11 1 9 1 -0.0007216
11 1 9 2 -0.0000000
11 1 9 3 0.0000535
11 1 9 4 -0.0007704
11 1 9 5 0.0006436
11 1 9 6 0.0000000
11 1 9 7 0.0003565
11 1 9 8 0.0000000
11 1 9 9 0.0086795
11 1 10 0 -0.0008313
11 1 10 1 -0.0037937
11 1 10 2 0.0000000
11 1 10 3 0.0001476
11 1 10 4 -0.0010477
11 1 10 5 -0.0060319
11 1 10 6 -0.0000000
11 1 10 7 -0.0119041
11 1 10 8 -0.0000000
11 1 10 9 -0.0020015
11 1 10 10 -0.0089195
11 1 11 0 0.0033674
11 1 11 1 0.0281758
11 1 11 2 -0.0000000
11 1 11 3 0.0100248
11 1 11 4 0.0146565
11 1 11 5 0.0067400
11 1 11 6 0.0000000
11 1 11 7 0.0006418
11 1 11 8 -0.0000000
11 1 11 9 0.0000314
11 1 11 10 0.0066247
11 1 11 11 0.0197008
11 2 0 0 -0.0000000
11 2 1 0 -0.0000000
11 2 1 1 -0.0000000
11 2 2 0 0.0047832
11 2 2 1 0.0178458
11 2 2 2 -0.0000000
11 2 3 0 -0.0000000
11 2 3 1 0.0000000
11 2 3 2 -0.0094284
11 2 3 3 -0.0000000
11 2 4 0 -0.0000000
11 2 4 1 -0.0000000
11 2 4 2 -0.0085088
11 2 4 3 -0.0000000
11 2 4 4 -0.0000000
11 2 5 0 0.0000000
11 2 5 1 -0.0000000
11 2 5 2 0.0054081
11 2 5 3 -0.0000000
11 2 5 4 0.0000000
11 2 5 5 0.0000000
11 2 6 0 -0.0066478
11 2 6 1 -0.0016564
11 2 6 2 0.0000000
11 2 6 3 0.0092017
11 2 6 4 -0.0129259
11 2 6 5 -0.0104415
11 2 6 6 -0.0000000
11 2 7 0 0.0000000
11 2 7 1 0.0000000
11 2 7 2 0.0168912
11 2 7 3 -0.0000000
11 2 7 4 -0.0000000
11 2 7 5 0.0000000
11 2 7 6 -0.0182233
11 2 7 7 -0.0000000
11 2 8 0 0.0001364
11 2 8 1 0.0041316
11 2 8 2 -0.0000000
11 2 8 3 0.0009754
11 2 8 4 -0.0026106
11 2 8 5 -0.0003999
11 2 8 6 -0.0000000
11 2 8 7 0.0036219
11 2 8 8 -0.0000000
11 2 9 0 -0.0000000
11 2 9 1 -0.0000000
11 2 9 2 0.0000585
11 2 9 3 0.0000000
11 2 9 4 0.0000000
11 2 9 5 -0.0000000
11 2 9 6 0.0000821
11 2 9 7 -0.0000000
11 2 9 8 0.0005489
11 2 9 9 -0.0000000
11 2 10 0 -0.0000000
11 2 10 1 -0.0000000
11 2 10 2 -0.0023315
11 2 10 3 0.0000000
11 2 10 4 0.0000000
11 2 10 5 -0.0000000
11 2 10 6 0.0054855
11 2 10 7 0.0000000
11 2 10 8 -0.0035050
11 2 10 9 0.0000000
11 2 10 10 0.0000000
11 2 11 0 0.0000000
11 2 11 1 -0.0000000
11 2 11 2 0.0201892
11 2 11 3 -0.0000000
11 2 11 4 -0.0000000
11 2 11 5 0.0000000
11 2 11 6 -0.0166857
11 2 11 7 0.0000000
11 2 11 8 -0.0007605
11 2 11 9 0.0000000
11 2 11 10 -0.0000000
11 2 11 11 -0.0000000
11 3 0 0 0.0187866
11 3 1 0 0.0040069
11 3 1 1 0.0350078
11 3 2 0 -0.0000000
11 3 2 1 0.0000000
11 3 2 2 0.0131303
11 3 3 0 0.0035843
11 3 3 1 0.0037621
11 3 3 2 0.0000000
11 3 3 3 0.0028962
11 3 4 0 0.0001280
11 3 4 1 0.0082404
11 3 4 2 -0.0000000
11 3 4 3 0.0096648
11 3 4 4 0.0175839
11 3 5 0 0.0080077
11 3 5 1 0.0141913
11 3 5 2 -0.0000000
11 3 5 3 -0.0077541
11 3 5 4 0.0080002
11 3 5 5 0.0317719
11 3 6 0 0.0000000
11 3 6 1 0.0000000
11 3 6 2 0.0063242
11 3 6 3 -0.0000000
11 3 6 4 0.0000000
11 3 6 5 0.0000000
11 3 6 6 0.0063529
11 3 7 0 -0.0019443
11 3 7 1 -0.0024597
11 3 7 2 -0.0000000
11 3 7 3 0.0158225
11 3 7 4 -0.0148193
11 3 7 5 0.0186804
11 3 7 6 0.0000000
11 3 7 7 0.0017266
11 3 8 0 0.0000000
11 3 8 1 0.0000000
11 3 8 2 0.0036747
11 3 8 3 0.0000000
11 3 8 4 -0.0000000
11 3 8 5 -0.0000000
11 3 8 6 0.0015930
11 3 8 7 0.0000000
11 3 8 8 0.0099492
11 3 9 0 0.0000628
11 3 9 1 0.0002537
11 3 9 2 0.0000000
11 3 9 3 -0.0003904
11 3 9 4 -0.0010816
11 3 9 5 0.0010841
11 3 9 6 0.0000000
11 3 9 7 0.0008329
11 3 9 8 0.0000000
11 3 9 9 0.0001596
11 3 10 0 0.0006241
11 3 10 1 0.0045602
11 3 10 2 0.0000000
11 3 10 3 -0.0038471
11 3 10 4 0.0029000
11 3 10 5 -0.0065159
11 3 10 6 -0.0000000
11 3 10 7 -0.0058250
11 3 10 8 -0.0000000
11 3 10 9 -0.0001818
11 3 10 10 -0.0084512
11 3 11 0 -0.0019814
11 3 11 1 0.0100248
11 3 11 2 -0.0000000
11 3 11 3 0.0297899
11 3 11 4 0.0017066
11 3 11 5 0.0044404
11 3 11 6 0.0000000
11 3 11 7 -0.0061732
11 3 11 8 -0.0000000
11 3 11 9 -0.0004270
11 3 11 10 0.0027588
11 3 11 11 0.0123017
11 4 0 0 0.0083525
11 4 1 0 -0.0026429
11 4 1 1 -0.0082205
11 4 2 0 -0.0000000
11 4 2 1 -0.0000000
11 4 2 2 -0.0015655
11 4 3 0 0.0012789
11 4 3 1 0.0095378
11 4 3 2 0.0000000
11 4 3 3 0.0042396
11 4 4 0 -0.0012677
11 4 4 1 0.0006497
11 4 4 2 0.0000000
11 4 4 3 0.0009458
11 4 4 4 -0.0034054
11 4 5 0 -0.0030966
11 4 5 1 -0.0041398
11 4 5 2 0.0000000
11 4 5 3 0.0096725
11 4 5 4 -0.0076337
11 4 5 5 0.0007555
11 4 6 0 -0.0000000
11 4 6 1 -0.0000000
11 4 6 2 -0.0068719
11 4 6 3 0.0000000
11 4 6 4 -0.0000000
11 4 6 5 0.0000000
11 4 6 6 0.0016497
11 4 7 0 0.0025023
11 4 7 1 -0.0045963
11 4 7 2 -0.0000000
11 4 7 3 -0.0141327
11 4 7 4 -0.0089301
11 4 7 5 0.0143552
11 4 7 6 0.0000000
11 4 7 7 0.0122793
11 4 8 0 -0.0000000
11 4 8 1 -0.0000000
11 4 8 2 -0.0009319
11 4 8 3 -0.0000000
11 4 8 4 -0.0000000
11 4 8 5 0.0000000
11 4 8 6 -0.0018114
11 4 8 7 0.0000000
11 4 8 8 0.0006455
11 4 9 0 -0.0000221
11 4 9 1 -0.0007438
11 4 9 2 -0.0000000
11 4 9 3 -0.0001471
11 4 9 4 -0.0009811
11 4 9 5 0.0010703
11 4 9 6 0.0000000
11 4 9 7 0.0013052
11 4 9 8 -0.0000000
11 4 9 9 -0.0030555
11 4 10 0 -0.0005371
11 4 10 1 -0.0004830
11 4 10 2 0.0000000
11 4 10 3 0.0003099
11 4 10 4 -0.0024479
11 4 10 5 -0.0021213
11 4 10 6 -0.0000000
11 4 10 7 -0.0190405
11 4 10 8 -0.0000000
11 4 10 9 -0.0005952
11 4 10 10 -0.0162974
11 4 11 0 0.0024987
11 4 11 1 0.0146565
11 4 11 2 -0.0000000
11 4 11 3 0.0017066
11 4 11 4 0.0175378
11 4 11 5 -0.0073655
11 4 11 6 -0.0000000
11 4 11 7 0.0047629
11 4 11 8 -0.0000000
11 4 11 9 -0.0009025
11 4 11 10 0.0087052
11 4 11 11 0.0195128
11 5 0 0 0.0088968
11 5 1 0 -0.0011260
11 5 1 1 0.0001150
11 5 2 0 0.0000000
11 5 2 1 0.0000000
11 5 2 2 0.0044550
11 5 3 0 0.0076838
11 5 3 1 0.0135274
11 5 3 2 -0.0000000
11 5 3 3 -0.0175548
11 5 4 0 -0.0030600
11 5 4 1 -0.0047423
11 5 4 2 -0.0000000
11 5 4 3 0.0127769
11 5 4 4 -0.0038406
11 5 5 0 0.0028223
11 5 5 1 0.0023220
11 5 5 2 0.0000000
11 5 5 3 0.0079785
11 5 5 4 0.0006123
11 5 5 5 0.0095227
11 5 6 0 -0.0000000
11 5 6 1 0.0000000
11 5 6 2 -0.0012953
11 5 6 3 0.0000000
11 5 6 4 -0.0000000
11 5 6 5 -0.0000000
11 5 6 6 0.0032501
11 5 7 0 0.0031544
11 5 7 1 0.0143025
11 5 7 2 0.0000000
11 5 7 3 0.0140147
11 5 7 4 0.0093167
11 5 7 5 0.0087956
11 5 7 6 -0.0000000
11 5 7 7 0.0095302
11 5 8 0 0.0000000
11 5 8 1 0.0000000
11 5 8 2 0.0005196
11 5 8 3 0.0000000
11 5 8 4 0.0000000
11 5 8 5 -0.0000000
11 5 8 6 -0.0002604
11 5 8 7 -0.0000000
11 5 8 8 0.0023635
11 5 9 0 -0.0000222
11 5 9 1 0.0003217
11 5 9 2 0.0000000
11 5 9 3 0.0004039
11 5 9 4 0.0009527
11 5 9 5 -0.0010421
11 5 9 6 -0.0000000
11 5 9 7 -0.0014011
11 5 9 8 0.0000000
11 5 9 9 0.0066466
11 5 10 0 -0.0008457
11 5 10 1 -0.0058567
11 5 10 2 -0.0000000
11 5 10 3 -0.0022028
11 5 10 4 -0.0010697
11 5 10 5 -0.0012384
11 5 10 6 0.0000000
11 5 10 7 0.0080218
11 5 10 8 0.0000000
11 5 10 9 0.0004600
11 5 10 10 0.0189853
11 5 11 0 0.0034844
11 5 11 1 0.0067400
11 5 11 2 0.0000000
11 5 11 3 0.0044404
11 5 11 4 -0.0073655
11 5 11 5 0.0296424
11 5 11 6 0.0000000
11 5 11 7 0.0121867
11 5 11 8 0.0000000
11 5 11 9 0.0013486
11 5 11 10 -0.0066466
11 5 11 11 0.0092186
11 6 0 0 0.0000000
11 6 1 0 -0.0000000
11 6 1 1 -0.0000000
11 6 2 0 -0.0057818
11 6 2 1 -0.0184446
11 6 2 2 0.0000000
11 6 3 0 0.0000000
11 6 3 1 0.0000000
11 6 3 2 0.0122418
11 6 3 3 -0.0000000
11 6 4 0 -0.0000000
11 6 4 1 -0.0000000
11 6 4 2 0.0066612
11 6 4 3 0.0000000
11 6 4 4 0.0000000
11 6 5 0 -0.0000000
11 6 5 1 0.0000000
11 6 5 2 -0.0057362
11 6 5 3 0.0000000
11 6 5 4 -0.0000000
11 6 5 5 -0.0000000
11 6 6 0 0.0079460
11 6 6 1 0.0012321
11 6 6 2 -0.0000000
11 6 6 3 -0.0114103
11 6 6 4 0.0143454
11 6 6 5 0.0102736
11 6 6 6 0.0000000
11 6 7 0 0.0000000
11 6 7 1 0.0000000
11 6 7 2 -0.0186441
11 6 7 3 0.0000000
11 6 7 4 0.0000000
11 6 7 5 -0.0000000
11 6 7 6 0.0179295
11 6 7 7 0.0000000
11 6 8 0 -0.0001344
11 6 8 1 -0.0054196
11 6 8 2 0.0000000
11 6 8 3 -0.0015284
11 6 8 4 -0.0001475
11 6 8 5 0.0037248
11 6 8 6 0.0000000
11 6 8 7 0.0021314
11 6 8 8 0.0000000
11 6 9 0 -0.0000000
11 6 9 1 0.0000000
11 6 9 2 -0.0003724
11 6 9 3 0.0000000
11 6 9 4 0.0000000
11 6 9 5 -0.0000000
11 6 9 6 -0.0004819
11 6 9 7 -0.0000000
11 6 9 8 -0.0001170
11 6 9 9 0.0000000
11 6 10 0 -0.0000000
11 6 10 1 -0.0000000
11 6 10 2 0.0048239
11 6 10 3 -0.0000000
11 6 10 4 -0.0000000
11 6 10 5 0.0000000
11 6 10 6 -0.0036900
11 6 10 7 0.0000000
11 6 10 8 -0.0086188
11 6 10 9 0.0000000
11 6 10 10 0.0000000
11 6 11 0 0.0000000
11 6 11 1 0.0000000
11 6 11 2 -0.0166857
11 6 11 3 0.0000000
11 6 11 4 -0.0000000
11 6 11 5 0.0000000
11 6 11 6 0.0208011
11 6 11 7 0.0000000
11 6 11 8 -0.0058492
11 6 11 9 0.0000000
11 6 11 10 -0.0000000
11 6 11 11 0.0000000
11 7 0 0 0.2545685
11 7 1 0 -0.0094385
11 7 1 1 0.0141078
11 7 2 0 -0.0000000
11 7 2 1 0.0000000
11 7 2 2 0.0792884
11 7 3 0 0.0045284
11 7 3 1 -0.0361424
11 7 3 2 -0.0000000
11 7 3 3 0.1014532
11 7 4 0 -0.0045931
11 7 4 1 -0.0238853
11 7 4 2 -0.0000000
11 7 4 3 -0.0723822
11 7 4 4 -0.0190520
11 7 5 0 -0.0108141
11 7 5 1 0.0858383
11 7 5 2 0.0000000
11 7 5 3 0.0721565
11 7 5 4 0.0473453
11 7 5 5 0.0247833
11 7 6 0 -0.0000000
11 7 6 1 0.0000000
11 7 6 2 -0.0864069
11 7 6 3 0.0000000
11 7 6 4 0.0000000
11 7 6 5 -0.0000000
11 7 6 6 0.0868066
11 7 7 0 0.0073425
11 7 7 1 0.0052045
11 7 7 2 0.0000000
11 7 7 3 -0.0264811
11 7 7 4 0.0107431
11 7 7 5 0.0010052
11 7 7 6 -0.0000000
11 7 7 7 -0.0050324
11 7 8 0 -0.0000000
11 7 8 1 0.0000000
11 7 8 2 0.0365610
11 7 8 3 0.0000000
11 7 8 4 0.0000000
11 7 8 5 -0.0000000
11 7 8 6 0.0219335
11 7 8 7 -0.0000000
11 7 8 8 -0.1510897
11 7 9 0 0.0004469
11 7 9 1 0.0035306
11 7 9 2 -0.0000000
11 7 9 3 -0.0011660
11 7 9 4 -0.0051091
11 7 9 5 0.0017725
11 7 9 6 0.0000000
11 7 9 7 -0.0011144
11 7 9 8 0.0000000
11 7 9 9 -0.2608285
11 7 10 0 -0.0005053
11 7 10 1 0.0163371
11 7 10 2 -0.0000000
11 7 10 3 0.0055202
11 7 10 4 -0.0086061
11 7 10 5 -0.0078544
11 7 10 6 -0.0000000
11 7 10 7 -0.0287847
11 7 10 8 0.0000000
11 7 10 9 0.0193252
11 7 10 10 -0.1626473
11 7 11 0 0.0071451
11 7 11 1 0.0006418
11 7 11 2 0.0000000
11 7 11 3 -0.0061732
11 7 11 4 0.0047629
11 7 11 5 0.0121867
11 7 11 6 0.0000000
11 7 11 7 0.2035809
11 7 11 8 -0.0000000
11 7 11 9 0.0030652
11 7 11 10 -0.0593325
11 7 11 11 0.0251513
11 8 0 0 -0.0000000
11 8 1 0 0.0000000
11 8 1 1 0.0000000
11 8 2 0 0.0005467
11 8 2 1 0.0074382
11 8 2 2 -0.0000000
11 8 3 0 0.0000000
11 8 3 1 0.0000000
11 8 3 2 -0.0006385
11 8 3 3 -0.0000000
11 8 4 0 -0.0000000
11 8 4 1 0.0000000
11 8 4 2 -0.0073109
11 8 4 3 -0.0000000
11 8 4 4 -0.0000000
11 8 5 0 0.0000000
11 8 5 1 -0.0000000
11 8 5 2 0.0006561
11 8 5 3 -0.0000000
11 8 5 4 0.0000000
11 8 5 5 0.0000000
11 8 6 0 -0.0007432
11 8 6 1 0.0031080
11 8 6 2 0.0000000
11 8 6 3 0.0003341
11 8 6 4 -0.0084514
11 8 6 5 -0.0041469
11 8 6 6 -0.0000000
11 8 7 0 -0.0000000
11 8 7 1 0.0000000
11 8 7 2 0.0067063
11 8 7 3 0.0000000
11 8 7 4 0.0000000
11 8 7 5 -0.0000000
11 8 7 6 0.0017623
11 8 7 7 0.0000000
11 8 8 0 -0.0000803
11 8 8 1 0.0073376
11 8 8 2 -0.0000000
11 8 8 3 0.0036998
11 8 8 4 0.0044724
11 8 8 5 -0.0106218
11 8 8 6 -0.0000000
11 8 8 7 -0.0181299
11 8 8 8 0.0000000
11 8 9 0 -0.0000000
11 8 9 1 0.0000000
11 8 9 2 0.0006316
11 8 9 3 0.0000000
11 8 9 4 0.0000000
11 8 9 5 -0.0000000
11 8 9 6 0.0007532
11 8 9 7 -0.0000000
11 8 9 8 -0.0001755
11 8 9 9 0.0000000
11 8 10 0 0.0000000
11 8 10 1 -0.0000000
11 8 10 2 -0.0063334
11 8 10 3 -0.0000000
11 8 10 4 -0.0000000
11 8 10 5 0.0000000
11 8 10 6 -0.0043026
11 8 10 7 0.0000000
11 8 10 8 0.0253046
11 8 10 9 0.0000000
11 8 10 10 0.0000000
11 8 11 0 0.0000000
11 8 11 1 -0.0000000
11 8 11 2 -0.0007605
11 8 11 3 -0.0000000
11 8 11 4 -0.0000000
11 8 11 5 0.0000000
11 8 11 6 -0.0058492
11 8 11 7 -0.0000000
11 8 11 8 0.0229396
11 8 11 9 0.0000000
11 8 11 10 0.0000000
11 8 11 11 0.0000000
11 9 0 0 -0.0046724
11 9 1 0 -0.0000716
11 9 1 1 -0.0061463
11 9 2 0 0.0000000
11 9 2 1 0.0000000
11 9 2 2 -0.0038113
11 9 3 0 0.0000024
11 9 3 1 -0.0010125
11 9 3 2 0.0000000
11 9 3 3 -0.0047627
11 9 4 0 -0.0000084
11 9 4 1 -0.0026047
11 9 4 2 0.0000000
11 9 4 3 -0.0018541
11 9 4 4 -0.0068694
11 9 5 0 -0.0000834
11 9 5 1 0.0013099
11 9 5 2 0.0000000
11 9 5 3 0.0021529
11 9 5 4 0.0030806
11 9 5 5 -0.0074906
11 9 6 0 -0.0000000
11 9 6 1 0.0000000
11 9 6 2 -0.0003874
11 9 6 3 0.0000000
11 9 6 4 0.0000000
11 9 6 5 -0.0000000
11 9 6 6 -0.0038050
11 9 7 0 0.0000920
11 9 7 1 0.0009354
11 9 7 2 -0.0000000
11 9 7 3 0.0000765
11 9 7 4 0.0010834
11 9 7 5 -0.0008735
11 9 7 6 -0.0000000
11 9 7 7 -0.0065729
11 9 8 0 -0.0000000
11 9 8 1 0.0000000
11 9 8 2 0.0012775
11 9 8 3 0.0000000
11 9 8 4 0.0000000
11 9 8 5 -0.0000000
11 9 8 6 0.0012333
11 9 8 7 -0.0000000
11 9 8 8 -0.0085153
11 9 9 0 0.0000580
11 9 9 1 -0.0002404
11 9 9 2 0.0000000
11 9 9 3 -0.0019551
11 9 9 4 -0.0028068
11 9 9 5 0.0017755
11 9 9 6 0.0000000
11 9 9 7 -0.0066747
11 9 9 8 0.0000000
11 9 9 9 -0.0538242
11 9 10 0 -0.0000286
11 9 10 1 -0.0006877
11 9 10 2 0.0000000
11 9 10 3 -0.0003121
11 9 10 4 -0.0006233
11 9 10 5 0.0003589
11 9 10 6 0.0000000
11 9 10 7 -0.0007309
11 9 10 8 0.0000000
11 9 10 9 0.0071200
11 9 10 10 -0.0059737
11 9 11 0 0.0000719
11 9 11 1 0.0000314
11 9 11 2 0.0000000
11 9 11 3 -0.0004270
11 9 11 4 -0.0009025
11 9 11 5 0.0013486
11 9 11 6 0.0000000
11 9 11 7 0.0030652
11 9 11 8 0.0000000
11 9 11 9 0.0067783
11 9 11 10 0.0001083
11 9 11 11 -0.0052262
11 10 0 0 -0.0747353
11 10 1 0 0.0015175
11 10 1 1 -0.0239937
11 10 2 0 0.0000000
11 10 2 1 -0.0000000
11 10 2 2 -0.0307710
11 10 3 0 -0.0007781
11 10 3 1 0.0113170
11 10 3 2 0.0000000
11 10 3 3 -0.0384566
11 10 4 0 0.0008404
11 10 4 1 0.0031423
11 10 4 2 0.0000000
11 10 4 3 0.0153845
11 10 4 4 -0.0131869
11 10 5 0 0.0018233
11 10 5 1 -0.0248145
11 10 5 2 -0.0000000
11 10 5 3 -0.0144250
11 10 5 4 -0.0126574
11 10 5 5 -0.0194253
11 10 6 0 0.0000000
11 10 6 1 -0.0000000
11 10 6 2 0.0199397
11 10 6 3 -0.0000000
11 10 6 4 -0.0000000
11 10 6 5 0.0000000
11 10 6 6 -0.0324808
11 10 7 0 -0.0009565
11 10 7 1 -0.0035263
11 10 7 2 -0.0000000
11 10 7 3 -0.0004906
11 10 7 4 -0.0145915
11 10 7 5 0.0111577
11 10 7 6 0.0000000
11 10 7 7 -0.0022261
11 10 8 0 0.0000000
11 10 8 1 -0.0000000
11 10 8 2 -0.0149733
11 10 8 3 -0.0000000
11 10 8 4 -0.0000000
11 10 8 5 0.0000000
11 10 8 6 -0.0113021
11 10 8 7 0.0000000
11 10 8 8 0.0426908
11 10 9 0 -0.0001561
11 10 9 1 -0.0016091
11 10 9 2 -0.0000000
11 10 9 3 0.0008891
11 10 9 4 0.0026197
11 10 9 5 -0.0011549
11 10 9 6 -0.0000000
11 10 9 7 0.0002473
11 10 9 8 -0.0000000
11 10 9 9 0.0655089
11 10 10 0 0.0000060
11 10 10 1 -0.0152933
11 10 10 2 0.0000000
11 10 10 3 -0.0136749
11 10 10 4 -0.0117107
11 10 10 5 0.0162833
11 10 10 6 0.0000000
11 10 10 7 -0.0364450
11 10 10 8 0.0000000
11 10 10 9 -0.0031837
11 10 10 10 0.0421697
11 10 11 0 -0.0010753
11 10 11 1 0.0066247
11 10 11 2 -0.0000000
11 10 11 3 0.0027588
11 10 11 4 0.0087052
11 10 11 5 -0.0066466
11 10 11 6 -0.0000000
11 10 11 7 -0.0593325
11 10 11 8 0.0000000
11 10 11 9 0.0001083
11 10 11 10 0.0530158
11 10 11 11 0.0051728
11 11 0 0 0.5901276
11 11 1 0 -0.0064912
11 11 1 1 0.4421592
11 11 2 0 -0.0000000
11 11 2 1 -0.0000000
11 11 2 2 0.4183561
11 11 3 0 0.0096293
11 11 3 1 0.0378007
11 11 3 2 -0.0000000
11 11 3 3 0.4356085
11 11 4 0 -0.0055380
11 11 4 1 0.0479760
11 11 4 2 -0.0000000
11 11 4 3 0.0103334
11 11 4 4 0.4076642
11 11 5 0 -0.0039192
11 11 5 1 0.0332155
11 11 5 2 0.0000000
11 11 5 3 0.0071203
11 11 5 4 -0.0356917
11 11 5 5 0.4889579
11 11 6 0 -0.0000000
11 11 6 1 0.0000000
11 11 6 2 -0.0570448
11 11 6 3 -0.0000000
11 11 6 4 -0.0000000
11 11 6 5 0.0000000
11 11 6 6 0.4225615
11 11 7 0 0.0065618
11 11 7 1 -0.0018817
11 11 7 2 -0.0000000
11 11 7 3 0.0006082
11 11 7 4 -0.0033492
11 11 7 5 0.0288151
11 11 7 6 0.0000000
11 11 7 7 0.5013993
11 11 8 0 0.0000000
11 11 8 1 -0.0000000
11 11 8 2 -0.0104109
11 11 8 3 -0.0000000
11 11 8 4 -0.0000000
11 11 8 5 0.0000000
11 11 8 6 -0.0197161
11 11 8 7 -0.0000000
11 11 8 8 0.4338917
11 11 9 0 0.0000682
11 11 9 1 -0.0000897
11 11 9 2 -0.0000000
11 11 9 3 0.0017002
11 11 9 4 0.0039340
11 11 9 5 -0.0001407
11 11 9 6 -0.0000000
11 11 9 7 -0.0002550
11 11 9 8 -0.0000000
11 11 9 9 0.5430554
11 11 10 0 -0.0009731
11 11 10 1 0.0024754
11 11 10 2 -0.0000000
11 11 10 3 0.0028501
11 11 10 4 0.0121472
11 11 10 5 -0.0082624
11 11 10 6 -0.0000000
11 11 10 7 -0.0364333
11 11 10 8 0.0000000
11 11 10 9 -0.0272587
11 11 10 10 0.4103341
11 11 11 0 0.0067898
11 11 11 1 0.0197008
11 11 11 2 -0.0000000
11 11 11 3 0.0123017
11 11 11 4 0.0195128
11 11 11 5 0.0092186
11 11 11 6 0.0000000
11 11 11 7 0.0251513
11 11 11 8 0.0000000
11 11 11 9 -0.0052262
11 11 11 10 0.0051728
11 11 11 11 0.5093196
