NMONOMER	1
NELEC	8
ENUC	8.148059
NBASIS	8
HOMO	2
LUMO	2
ENT	5
HF_ENERGY	-36.459613
ENERGIES
-11.099784
-0.846632
-0.635271
-0.595698
0.599252
0.628800
0.676862
1000000.434607

OEI
-18.518762	
-0.257927	-4.530858	
0.000000	-0.000000	-4.218942	
-0.007087	-0.016883	0.000000	-4.157693	
-0.000000	-0.000000	-0.806344	0.000000	-3.580274	
-0.036087	-0.113356	0.000000	0.795271	-0.000000	-3.580367	
-0.308443	-0.922715	0.000000	-0.105409	0.000000	-0.011013	-3.492464	
0.160062	-0.149836	0.000000	-0.002214	0.000000	-0.002085	-0.002024	999995.987024	

ENV_OEI
-4.906481	
-0.497645	-0.357064	
0.000000	-0.000000	-0.315171	
-0.014397	-0.000262	0.000000	-0.273201	
-0.000000	-0.000000	-0.172420	0.000000	-0.364325	
-0.074270	-0.019624	0.000000	0.155690	-0.000000	-0.344074	
-0.643488	-0.234515	0.000000	-0.030797	-0.000000	-0.017091	-0.417161	
0.306763	0.019823	0.000000	0.000017	0.000000	-0.004603	0.042814	-0.492446	

OVERLAP
1.000000	
0.248362	1.000000	
0.061767	0.488736	1.000000	
0.061767	0.488736	0.167856	1.000000	
0.061767	0.488736	0.167856	0.167856	1.000000	
0.000000	0.000000	-0.155576	-0.155576	-0.155576	1.000000	
0.000000	0.000000	0.380474	0.000000	-0.380474	0.000000	1.000000	
0.000000	0.000000	-0.219667	0.439334	-0.219667	0.000000	0.000000	1.000000	

MOCOEFF
-0.996648	-0.016987	0.006555	0.006551	0.006555	0.027132	-0.000000	-0.000009	
-0.173980	0.453727	0.258808	0.233848	0.258808	-0.380880	0.000000	-0.002023	
0.000000	-0.000000	0.403722	0.000000	-0.403722	0.000000	0.600044	0.000000	
-0.005218	0.021010	-0.242888	0.479205	-0.242888	-0.011596	-0.000000	0.583296	
-0.000000	0.000000	-0.870896	-0.000000	0.870896	-0.000000	1.083285	-0.000000	
-0.025636	0.155433	-0.574580	0.913445	-0.574580	-0.058476	-0.000000	-1.086603	
-0.224133	1.402802	-0.688381	-0.855999	-0.688381	-0.512357	-0.000000	0.112316	
0.117784	-0.542251	0.000000	-0.000000	0.000000	-0.850774	-0.000000	0.000000	

ERI
0 0 0 0 3.5236439
1 0 0 0 0.2301896
1 0 1 0 0.0275816
1 0 1 1 -0.0030178
1 1 0 0 0.6834967
1 1 1 0 -0.0030178
1 1 1 1 0.5613848
2 0 0 0 -0.0000000
2 0 1 0 -0.0000000
2 0 1 1 -0.0000000
2 0 2 0 0.0090126
2 0 2 1 -0.0120610
2 0 2 2 0.0000000
2 1 0 0 0.0000000
2 1 1 0 -0.0000000
2 1 1 1 0.0000000
2 1 2 0 -0.0120610
2 1 2 1 0.1154213
2 1 2 2 -0.0000000
2 2 0 0 0.6466020
2 2 1 0 0.0018360
2 2 1 1 0.5052568
2 2 2 0 0.0000000
2 2 2 1 -0.0000000
2 2 2 2 0.5407763
3 0 0 0 0.0068827
3 0 1 0 0.0007671
3 0 1 1 0.0002536
3 0 2 0 -0.0000000
3 0 2 1 0.0000000
3 0 2 2 0.0027876
3 0 3 0 0.0086354
3 0 3 1 -0.0115707
3 0 3 2 0.0000000
3 0 3 3 -0.0032813
3 1 0 0 0.0053129
3 1 1 0 0.0000520
3 1 1 1 -0.0017563
3 1 2 0 0.0000000
3 1 2 1 -0.0000000
3 1 2 2 -0.0470451
3 1 3 0 -0.0115707
3 1 3 1 0.1105951
3 1 3 2 0.0000000
3 1 3 3 0.0543182
3 2 0 0 -0.0000000
3 2 1 0 0.0000000
3 2 1 1 -0.0000000
3 2 2 0 0.0025530
3 2 2 1 -0.0484819
3 2 2 2 0.0000000
3 2 3 0 0.0000000
3 2 3 1 0.0000000
3 2 3 2 0.0417039
3 2 3 3 -0.0000000
3 3 0 0 0.6390006
3 3 1 0 0.0017054
3 3 1 1 0.4992165
3 3 2 0 -0.0000000
3 3 2 1 0.0000000
3 3 2 2 0.4523776
3 3 3 0 -0.0032813
3 3 3 1 0.0543182
3 3 3 2 -0.0000000
3 3 3 3 0.5411232
4 0 0 0 0.0000000
4 0 1 0 0.0000000
4 0 1 1 -0.0000000
4 0 2 0 0.0131061
4 0 2 1 -0.0159865
4 0 2 2 0.0000000
4 0 3 0 -0.0000000
4 0 3 1 0.0000000
4 0 3 2 0.0031082
4 0 3 3 0.0000000
4 0 4 0 0.0191631
4 0 4 1 -0.0083805
4 0 4 2 0.0000000
4 0 4 3 -0.0043789
4 0 4 4 -0.0000000
4 1 0 0 0.0000000
4 1 1 0 0.0000000
4 1 1 1 0.0000000
4 1 2 0 -0.0061726
4 1 2 1 -0.0136434
4 1 2 2 0.0000000
4 1 3 0 0.0000000
4 1 3 1 0.0000000
4 1 3 2 0.0272696
4 1 3 3 0.0000000
4 1 4 0 -0.0083805
4 1 4 1 0.0445172
4 1 4 2 0.0000000
4 1 4 3 -0.0157964
4 1 4 4 0.0000000
4 2 0 0 0.2529093
4 2 1 0 0.0058674
4 2 1 1 0.0493534
4 2 2 0 -0.0000000
4 2 2 1 -0.0000000
4 2 2 2 0.0408403
4 2 3 0 -0.0025391
4 2 3 1 0.0483994
4 2 3 2 0.0000000
4 2 3 3 0.0720902
4 2 4 0 0.0000000
4 2 4 1 0.0000000
4 2 4 2 0.1215659
4 2 4 3 -0.0000000
4 2 4 4 0.0469809
4 3 0 0 -0.0000000
4 3 1 0 -0.0000000
4 3 1 1 0.0000000
4 3 2 0 -0.0029874
4 3 2 1 0.0492487
4 3 2 2 0.0000000
4 3 3 0 -0.0000000
4 3 3 1 -0.0000000
4 3 3 2 -0.0160994
4 3 3 3 -0.0000000
4 3 4 0 -0.0043789
4 3 4 1 -0.0157964
4 3 4 2 -0.0000000
4 3 4 3 0.0365356
4 3 4 4 0.0000000
4 4 0 0 0.7173391
4 4 1 0 0.0064273
4 4 1 1 0.4952206
4 4 2 0 -0.0000000
4 4 2 1 0.0000000
4 4 2 2 0.5304571
4 4 3 0 -0.0000567
4 4 3 1 -0.0335737
4 4 3 2 -0.0000000
4 4 3 3 0.4573585
4 4 4 0 -0.0000000
4 4 4 1 0.0000000
4 4 4 2 0.0469809
4 4 4 3 0.0000000
4 4 4 4 0.5494296
5 0 0 0 0.0334751
5 0 1 0 0.0040729
5 0 1 1 -0.0006671
5 0 2 0 -0.0000000
5 0 2 1 0.0000000
5 0 2 2 -0.0031492
5 0 3 0 -0.0127571
5 0 3 1 0.0157547
5 0 3 2 -0.0000000
5 0 3 3 0.0045244
5 0 4 0 0.0000000
5 0 4 1 0.0000000
5 0 4 2 0.0048741
5 0 4 3 0.0000000
5 0 4 4 0.0015218
5 0 5 0 0.0199418
5 0 5 1 -0.0087510
5 0 5 2 -0.0000000
5 0 5 3 0.0038841
5 0 5 4 -0.0000000
5 0 5 5 -0.0036229
5 1 0 0 0.0341871
5 1 1 0 0.0000653
5 1 1 1 0.0118386
5 1 2 0 0.0000000
5 1 2 1 -0.0000000
5 1 2 2 -0.0169238
5 1 3 0 0.0062964
5 1 3 1 0.0093359
5 1 3 2 -0.0000000
5 1 3 3 0.0325152
5 1 4 0 0.0000000
5 1 4 1 0.0000000
5 1 4 2 0.0228601
5 1 4 3 -0.0000000
5 1 4 4 -0.0234229
5 1 5 0 -0.0087510
5 1 5 1 0.0433449
5 1 5 2 -0.0000000
5 1 5 3 0.0003883
5 1 5 4 -0.0000000
5 1 5 5 0.0349761
5 2 0 0 -0.0000000
5 2 1 0 -0.0000000
5 2 1 1 -0.0000000
5 2 2 0 0.0019946
5 2 2 1 -0.0487631
5 2 2 2 -0.0000000
5 2 3 0 -0.0000000
5 2 3 1 -0.0000000
5 2 3 2 0.0176611
5 2 3 3 -0.0000000
5 2 4 0 0.0030565
5 2 4 1 0.0200946
5 2 4 2 -0.0000000
5 2 4 3 -0.0346787
5 2 4 4 -0.0000000
5 2 5 0 -0.0000000
5 2 5 1 -0.0000000
5 2 5 2 0.0397206
5 2 5 3 0.0000000
5 2 5 4 -0.0227027
5 2 5 5 -0.0000000
5 3 0 0 -0.2495480
5 3 1 0 -0.0057241
5 3 1 1 -0.0526302
5 3 2 0 0.0000000
5 3 2 1 -0.0000000
5 3 2 2 -0.0689678
5 3 3 0 -0.0032683
5 3 3 1 0.0426517
5 3 3 2 -0.0000000
5 3 3 3 -0.0385596
5 3 4 0 -0.0000000
5 3 4 1 -0.0000000
5 3 4 2 -0.0553295
5 3 4 3 -0.0000000
5 3 4 4 -0.0724027
5 3 5 0 0.0038841
5 3 5 1 0.0003883
5 3 5 2 0.0000000
5 3 5 3 0.1149838
5 3 5 4 -0.0000000
5 3 5 5 -0.0633521
5 4 0 0 0.0000000
5 4 1 0 -0.0000000
5 4 1 1 0.0000000
5 4 2 0 -0.0010353
5 4 2 1 0.0455256
5 4 2 2 0.0000000
5 4 3 0 0.0000000
5 4 3 1 -0.0000000
5 4 3 2 -0.0393495
5 4 3 3 -0.0000000
5 4 4 0 -0.0011082
5 4 4 1 -0.0346758
5 4 4 2 -0.0000000
5 4 4 3 0.0200511
5 4 4 4 0.0000000
5 4 5 0 -0.0000000
5 4 5 1 -0.0000000
5 4 5 2 -0.0227027
5 4 5 3 -0.0000000
5 4 5 4 0.0482358
5 4 5 5 -0.0000000
5 5 0 0 0.7258951
5 5 1 0 0.0065345
5 5 1 1 0.4948579
5 5 2 0 0.0000000
5 5 2 1 -0.0000000
5 5 2 2 0.4727247
5 5 3 0 0.0031359
5 5 3 1 0.0127531
5 5 3 2 0.0000000
5 5 3 3 0.5197865
5 5 4 0 0.0000000
5 5 4 1 0.0000000
5 5 4 2 0.0675032
5 5 4 3 -0.0000000
5 5 4 4 0.4805923
5 5 5 0 -0.0036229
5 5 5 1 0.0349761
5 5 5 2 -0.0000000
5 5 5 3 -0.0633521
5 5 5 4 -0.0000000
5 5 5 5 0.5408888
6 0 0 0 0.2924522
6 0 1 0 0.0348564
6 0 1 1 -0.0018537
6 0 2 0 -0.0000000
6 0 2 1 0.0000000
6 0 2 2 0.0028073
6 0 3 0 0.0023561
6 0 3 1 -0.0016062
6 0 3 2 -0.0000000
6 0 3 3 0.0018271
6 0 4 0 0.0000000
6 0 4 1 0.0000000
6 0 4 2 0.0062236
6 0 4 3 0.0000000
6 0 4 4 0.0073581
6 0 5 0 0.0030857
6 0 5 1 0.0011485
6 0 5 2 -0.0000000
6 0 5 3 -0.0069950
6 0 5 4 0.0000000
6 0 5 5 0.0080449
6 0 6 0 0.0444467
6 0 6 1 0.0018601
6 0 6 2 0.0000000
6 0 6 3 0.0000319
6 0 6 4 0.0000000
6 0 6 5 0.0011453
6 0 6 6 0.0019041
6 1 0 0 0.2762797
6 1 1 0 0.0007511
6 1 1 1 0.1051891
6 1 2 0 0.0000000
6 1 2 1 0.0000000
6 1 2 2 0.0656437
6 1 3 0 -0.0005356
6 1 3 1 0.0015718
6 1 3 2 -0.0000000
6 1 3 3 0.0590775
6 1 4 0 0.0000000
6 1 4 1 0.0000000
6 1 4 2 0.0705655
6 1 4 3 0.0000000
6 1 4 4 0.0645232
6 1 5 0 0.0010186
6 1 5 1 0.0090884
6 1 5 2 -0.0000000
6 1 5 3 -0.0716258
6 1 5 4 0.0000000
6 1 5 5 0.0622391
6 1 6 0 0.0018601
6 1 6 1 0.1028747
6 1 6 2 -0.0000000
6 1 6 3 0.0136266
6 1 6 4 0.0000000
6 1 6 5 0.0054024
6 1 6 6 0.0844479
6 2 0 0 -0.0000000
6 2 1 0 -0.0000000
6 2 1 1 -0.0000000
6 2 2 0 -0.0060441
6 2 2 1 -0.0194939
6 2 2 2 -0.0000000
6 2 3 0 0.0000000
6 2 3 1 -0.0000000
6 2 3 2 0.0269656
6 2 3 3 -0.0000000
6 2 4 0 -0.0080924
6 2 4 1 0.0433889
6 2 4 2 -0.0000000
6 2 4 3 -0.0205322
6 2 4 4 -0.0000000
6 2 5 0 -0.0000000
6 2 5 1 -0.0000000
6 2 5 2 0.0247548
6 2 5 3 0.0000000
6 2 5 4 -0.0365606
6 2 5 5 -0.0000000
6 2 6 0 0.0000000
6 2 6 1 -0.0000000
6 2 6 2 0.0463650
6 2 6 3 0.0000000
6 2 6 4 -0.0253557
6 2 6 5 0.0000000
6 2 6 6 -0.0000000
6 3 0 0 0.0327567
6 3 1 0 0.0006670
6 3 1 1 0.0095807
6 3 2 0 0.0000000
6 3 2 1 -0.0000000
6 3 2 2 0.0385417
6 3 3 0 -0.0051185
6 3 3 1 -0.0310076
6 3 3 2 0.0000000
6 3 3 3 -0.0255450
6 3 4 0 0.0000000
6 3 4 1 0.0000000
6 3 4 2 -0.0181531
6 3 4 3 0.0000000
6 3 4 4 0.0464497
6 3 5 0 0.0070700
6 3 5 1 -0.0441017
6 3 5 2 0.0000000
6 3 5 3 -0.0337669
6 3 5 4 0.0000000
6 3 5 5 -0.0210088
6 3 6 0 0.0000319
6 3 6 1 0.0136266
6 3 6 2 0.0000000
6 3 6 3 0.0603635
6 3 6 4 -0.0000000
6 3 6 5 0.0450401
6 3 6 6 -0.0044215
6 4 0 0 -0.0000000
6 4 1 0 -0.0000000
6 4 1 1 0.0000000
6 4 2 0 -0.0118717
6 4 2 1 0.0970103
6 4 2 2 -0.0000000
6 4 3 0 0.0000000
6 4 3 1 0.0000000
6 4 3 2 -0.0426208
6 4 3 3 0.0000000
6 4 4 0 -0.0163966
6 4 4 1 -0.0198159
6 4 4 2 -0.0000000
6 4 4 3 0.0499255
6 4 4 4 0.0000000
6 4 5 0 0.0000000
6 4 5 1 0.0000000
6 4 5 2 -0.0504207
6 4 5 3 0.0000000
6 4 5 4 0.0460544
6 4 5 5 -0.0000000
6 4 6 0 0.0000000
6 4 6 1 0.0000000
6 4 6 2 -0.0253557
6 4 6 3 -0.0000000
6 4 6 4 0.0970848
6 4 6 5 -0.0000000
6 4 6 6 -0.0000000
6 5 0 0 0.0026719
6 5 1 0 -0.0006377
6 5 1 1 0.0090602
6 5 2 0 0.0000000
6 5 2 1 -0.0000000
6 5 2 2 0.0497440
6 5 3 0 0.0114720
6 5 3 1 -0.1006384
6 5 3 2 0.0000000
6 5 3 3 -0.0543449
6 5 4 0 0.0000000
6 5 4 1 0.0000000
6 5 4 2 -0.0526439
6 5 4 3 0.0000000
6 5 4 4 0.0428065
6 5 5 0 -0.0162948
6 5 5 1 -0.0213305
6 5 5 2 0.0000000
6 5 5 3 -0.0452065
6 5 5 4 0.0000000
6 5 5 5 -0.0196005
6 5 6 0 0.0011453
6 5 6 1 0.0054024
6 5 6 2 0.0000000
6 5 6 3 0.0450401
6 5 6 4 -0.0000000
6 5 6 5 0.1113188
6 5 6 6 -0.0199383
6 6 0 0 0.7085645
6 6 1 0 0.0009325
6 6 1 1 0.5284187
6 6 2 0 0.0000000
6 6 2 1 -0.0000000
6 6 2 2 0.4762647
6 6 3 0 -0.0023820
6 6 3 1 0.0240088
6 6 3 2 0.0000000
6 6 3 3 0.4982083
6 6 4 0 0.0000000
6 6 4 1 0.0000000
6 6 4 2 0.0497374
6 6 4 3 -0.0000000
6 6 4 4 0.4837172
6 6 5 0 0.0036820
6 6 5 1 0.0153539
6 6 5 2 0.0000000
6 6 5 3 -0.0272105
6 6 5 4 -0.0000000
6 6 5 5 0.4995331
6 6 6 0 0.0019041
6 6 6 1 0.0844479
6 6 6 2 -0.0000000
6 6 6 3 -0.0044215
6 6 6 4 -0.0000000
6 6 6 5 -0.0199383
6 6 6 6 0.5325516
7 0 0 0 -0.1189953
7 0 1 0 -0.0062951
7 0 1 1 -0.0141371
7 0 2 0 0.0000000
7 0 2 1 0.0000000
7 0 2 2 -0.0011924
7 0 3 0 -0.0002023
7 0 3 1 -0.0003252
7 0 3 2 0.0000000
7 0 3 3 -0.0012735
7 0 4 0 -0.0000000
7 0 4 1 -0.0000000
7 0 4 2 0.0023677
7 0 4 3 -0.0000000
7 0 4 4 0.0006634
7 0 5 0 -0.0010760
7 0 5 1 -0.0013770
7 0 5 2 -0.0000000
7 0 5 3 -0.0023642
7 0 5 4 -0.0000000
7 0 5 5 0.0005303
7 0 6 0 -0.0094847
7 0 6 1 -0.0120283
7 0 6 2 -0.0000000
7 0 6 3 -0.0000960
7 0 6 4 -0.0000000
7 0 6 5 -0.0018177
7 0 6 6 -0.0153692
7 0 7 0 0.0226258
7 0 7 1 -0.0064636
7 0 7 2 0.0000000
7 0 7 3 -0.0001986
7 0 7 4 -0.0000000
7 0 7 5 -0.0010109
7 0 7 6 -0.0088700
7 0 7 7 0.0195330
7 1 0 0 0.0159510
7 1 1 0 -0.0050937
7 1 1 1 0.0382797
7 1 2 0 0.0000000
7 1 2 1 -0.0000000
7 1 2 2 0.0035377
7 1 3 0 -0.0001959
7 1 3 1 0.0011096
7 1 3 2 0.0000000
7 1 3 3 0.0040863
7 1 4 0 -0.0000000
7 1 4 1 0.0000000
7 1 4 2 -0.0062010
7 1 4 3 0.0000000
7 1 4 4 0.0013377
7 1 5 0 -0.0005614
7 1 5 1 0.0028456
7 1 5 2 0.0000000
7 1 5 3 0.0064125
7 1 5 4 0.0000000
7 1 5 5 0.0015769
7 1 6 0 -0.0055489
7 1 6 1 0.0250235
7 1 6 2 0.0000000
7 1 6 3 -0.0000350
7 1 6 4 0.0000000
7 1 6 5 0.0030409
7 1 6 6 0.0307783
7 1 7 0 -0.0064636
7 1 7 1 0.0239749
7 1 7 2 0.0000000
7 1 7 3 0.0002669
7 1 7 4 0.0000000
7 1 7 5 0.0026779
7 1 7 6 0.0200431
7 1 7 7 -0.0183368
7 2 0 0 -0.0000000
7 2 1 0 0.0000000
7 2 1 1 -0.0000000
7 2 2 0 0.0065868
7 2 2 1 -0.0295941
7 2 2 2 0.0000000
7 2 3 0 0.0000000
7 2 3 1 0.0000000
7 2 3 2 0.0110070
7 2 3 3 -0.0000000
7 2 4 0 0.0094953
7 2 4 1 -0.0065967
7 2 4 2 0.0000000
7 2 4 3 -0.0109381
7 2 4 4 -0.0000000
7 2 5 0 -0.0000000
7 2 5 1 0.0000000
7 2 5 2 0.0099498
7 2 5 3 -0.0000000
7 2 5 4 -0.0050221
7 2 5 5 0.0000000
7 2 6 0 -0.0000000
7 2 6 1 0.0000000
7 2 6 2 -0.0021634
7 2 6 3 0.0000000
7 2 6 4 -0.0274008
7 2 6 5 0.0000000
7 2 6 6 0.0000000
7 2 7 0 0.0000000
7 2 7 1 0.0000000
7 2 7 2 0.0355835
7 2 7 3 0.0000000
7 2 7 4 0.0351562
7 2 7 5 -0.0000000
7 2 7 6 -0.0000000
7 2 7 7 0.0000000
7 3 0 0 0.0001236
7 3 1 0 -0.0001983
7 3 1 1 0.0018865
7 3 2 0 0.0000000
7 3 2 1 0.0000000
7 3 2 2 0.0113591
7 3 3 0 0.0063138
7 3 3 1 -0.0284489
7 3 3 2 -0.0000000
7 3 3 3 -0.0126058
7 3 4 0 -0.0000000
7 3 4 1 0.0000000
7 3 4 2 -0.0106123
7 3 4 3 0.0000000
7 3 4 4 0.0021512
7 3 5 0 -0.0093868
7 3 5 1 0.0073187
7 3 5 2 -0.0000000
7 3 5 3 -0.0098123
7 3 5 4 0.0000000
7 3 5 5 0.0041168
7 3 6 0 0.0007834
7 3 6 1 -0.0001237
7 3 6 2 0.0000000
7 3 6 3 0.0007463
7 3 6 4 0.0000000
7 3 6 5 0.0272238
7 3 6 6 -0.0051302
7 3 7 0 -0.0001986
7 3 7 1 0.0002669
7 3 7 2 0.0000000
7 3 7 3 0.0345122
7 3 7 4 -0.0000000
7 3 7 5 -0.0348335
7 3 7 6 0.0040428
7 3 7 7 -0.0007512
7 4 0 0 -0.0000000
7 4 1 0 -0.0000000
7 4 1 1 0.0000000
7 4 2 0 0.0079885
7 4 2 1 -0.0272784
7 4 2 2 0.0000000
7 4 3 0 -0.0000000
7 4 3 1 0.0000000
7 4 3 2 0.0052049
7 4 3 3 -0.0000000
7 4 4 0 0.0114522
7 4 4 1 -0.0107096
7 4 4 2 -0.0000000
7 4 4 3 -0.0106671
7 4 4 4 -0.0000000
7 4 5 0 -0.0000000
7 4 5 1 0.0000000
7 4 5 2 0.0091142
7 4 5 3 0.0000000
7 4 5 4 0.0000284
7 4 5 5 -0.0000000
7 4 6 0 -0.0000000
7 4 6 1 0.0000000
7 4 6 2 -0.0085451
7 4 6 3 0.0000000
7 4 6 4 -0.0257142
7 4 6 5 0.0000000
7 4 6 6 0.0000000
7 4 7 0 -0.0000000
7 4 7 1 0.0000000
7 4 7 2 0.0351562
7 4 7 3 -0.0000000
7 4 7 4 0.0398509
7 4 7 5 -0.0000000
7 4 7 6 -0.0000000
7 4 7 7 -0.0000000
7 5 0 0 -0.0018487
7 5 1 0 -0.0007602
7 5 1 1 0.0025757
7 5 2 0 -0.0000000
7 5 2 1 0.0000000
7 5 2 2 -0.0058699
7 5 3 0 -0.0078924
7 5 3 1 0.0271046
7 5 3 2 -0.0000000
7 5 3 3 0.0071376
7 5 4 0 -0.0000000
7 5 4 1 0.0000000
7 5 4 2 0.0088546
7 5 4 3 0.0000000
7 5 4 4 0.0018634
7 5 5 0 0.0114966
7 5 5 1 -0.0112300
7 5 5 2 -0.0000000
7 5 5 3 0.0122460
7 5 5 4 -0.0000000
7 5 5 5 -0.0095414
7 5 6 0 -0.0020870
7 5 6 1 0.0031307
7 5 6 2 -0.0000000
7 5 6 3 0.0057557
7 5 6 4 0.0000000
7 5 6 5 -0.0248182
7 5 6 6 0.0083584
7 5 7 0 -0.0010109
7 5 7 1 0.0026779
7 5 7 2 -0.0000000
7 5 7 3 -0.0348335
7 5 7 4 -0.0000000
7 5 7 5 0.0408359
7 5 7 6 -0.0013780
7 5 7 7 -0.0051169
7 6 0 0 -0.0182528
7 6 1 0 -0.0071290
7 6 1 1 0.0285467
7 6 2 0 -0.0000000
7 6 2 1 0.0000000
7 6 2 2 -0.0007377
7 6 3 0 0.0005923
7 6 3 1 -0.0020852
7 6 3 2 -0.0000000
7 6 3 3 -0.0014863
7 6 4 0 -0.0000000
7 6 4 1 0.0000000
7 6 4 2 -0.0147801
7 6 4 3 0.0000000
7 6 4 4 -0.0078771
7 6 5 0 -0.0020860
7 6 5 1 0.0030733
7 6 5 2 -0.0000000
7 6 5 3 0.0125595
7 6 5 4 0.0000000
7 6 5 5 -0.0066948
7 6 6 0 -0.0078149
7 6 6 1 0.0170749
7 6 6 2 0.0000000
7 6 6 3 -0.0015631
7 6 6 4 0.0000000
7 6 6 5 0.0060412
7 6 6 6 0.0242160
7 6 7 0 -0.0088700
7 6 7 1 0.0200431
7 6 7 2 -0.0000000
7 6 7 3 0.0040428
7 6 7 4 -0.0000000
7 6 7 5 -0.0013780
7 6 7 6 0.0238054
7 6 7 7 -0.0459308
7 7 0 0 0.8421305
7 7 1 0 0.0191306
7 7 1 1 0.4586498
7 7 2 0 -0.0000000
7 7 2 1 0.0000000
7 7 2 2 0.4925823
7 7 3 0 0.0005406
7 7 3 1 0.0014661
7 7 3 2 0.0000000
7 7 3 3 0.4882952
7 7 4 0 0.0000000
7 7 4 1 0.0000000
7 7 4 2 0.1410563
7 7 4 3 -0.0000000
7 7 4 4 0.5124674
7 7 5 0 0.0023968
7 7 5 1 0.0127821
7 7 5 2 -0.0000000
7 7 5 3 -0.1396754
7 7 5 4 -0.0000000
7 7 5 5 0.5164824
7 7 6 0 0.0207366
7 7 6 1 0.0985272
7 7 6 2 -0.0000000
7 7 6 3 0.0165965
7 7 6 4 -0.0000000
7 7 6 5 -0.0050892
7 7 6 6 0.4508303
7 7 7 0 0.0195330
7 7 7 1 -0.0183368
7 7 7 2 0.0000000
7 7 7 3 -0.0007512
7 7 7 4 -0.0000000
7 7 7 5 -0.0051169
7 7 7 6 -0.0459308
7 7 7 7 0.7504107
