NMONOMER	1
NELEC	8
ENUC	7.676927
NBASIS	12
HOMO	2
LUMO	2
ENT	5
HF_ENERGY	-35.469668
ENERGIES
-10.824241
-0.805187
-0.369334
-0.209144
0.591292
0.797291
0.875791
849736.659228
965066.376671
996478.101152
1070620.578552
1118094.156415

OEI
-18.350257	
-0.213820	-4.470227	
-0.000000	-0.000000	-3.980786	
0.194565	0.159607	-0.000000	-4.142013	
0.130505	0.212551	0.000000	-0.415030	-3.020534	
-0.238573	-0.885398	0.000000	-0.185433	0.043892	-3.799176	
-0.000000	-0.000000	-0.757063	-0.000000	0.000000	-0.000000	-3.418229	
-0.115591	0.052904	-0.000000	-0.039625	0.001924	-0.018273	-0.000000	849733.080731	
0.000000	-0.000000	0.125486	-0.000000	0.000000	0.000000	-0.015626	-0.000000	965063.498500	
0.004909	-0.021863	0.000000	-0.001556	-0.004231	-0.013946	0.000000	0.001020	-0.000000	996474.835285	
-0.037689	0.199875	0.000000	0.076554	-0.125548	-0.119074	-0.000000	-0.139483	0.000000	-0.140035	1070618.020972	
0.112333	-0.078081	-0.000000	0.127240	-0.001941	0.003840	0.000000	0.806723	0.000000	-0.038619	0.312945	1118090.480400	

ENV_OEI
-4.877112	
-0.403090	-0.515349	
-0.000000	0.000000	-0.293260	
0.378675	-0.100757	0.000000	-0.547499	
0.262937	0.332735	0.000000	0.206261	-0.693313	
-0.489503	-0.004748	0.000000	0.252058	-0.327657	-0.760769	
-0.000000	0.000000	-0.081092	0.000000	-0.000000	-0.000000	-0.346021	
-0.227625	0.021591	-0.000000	-0.051088	0.042496	-0.007599	0.000000	-0.610704	
0.000000	0.000000	-0.165611	0.000000	-0.000000	-0.000000	0.149580	0.000000	-0.799233	
-0.015161	-0.313127	0.000000	-0.699179	1.406239	0.808372	0.000000	0.127876	-0.000000	-18.693416	
-0.056021	-0.053364	0.000000	-0.015231	0.041479	0.077212	0.000000	0.234749	0.000000	-1.685237	-0.860172	
0.216655	-0.012896	0.000000	-0.038894	0.026632	0.015165	0.000000	-0.197092	0.000000	-0.179249	0.077837	-0.423254	

OVERLAP
1.000000	
0.248362	1.000000	
0.061767	0.488736	1.000000	
0.061767	0.488736	0.167856	1.000000	
0.000000	0.027047	0.038545	0.038545	1.000000	
0.027047	0.301519	0.378700	0.378700	0.248362	1.000000	
0.000000	0.000000	-0.259000	-0.259000	-0.045312	-0.338874	1.000000	
0.000000	0.000000	-0.380474	0.380474	0.000000	0.000000	0.000000	1.000000	
0.000000	0.000000	-0.073326	-0.073326	0.000000	0.000000	0.000000	0.000000	1.000000	
0.045312	0.338874	0.278171	0.278171	0.000000	0.000000	-0.315123	0.000000	0.000000	1.000000	
0.000000	0.000000	-0.268260	0.268260	0.000000	0.000000	0.000000	0.166433	0.000000	0.000000	1.000000	
0.000000	0.000000	-0.051700	-0.051700	0.000000	0.000000	0.000000	0.000000	0.166433	0.000000	0.000000	1.000000	

MOCOEFF
0.996613	0.016515	-0.006526	-0.006526	0.001354	-0.006662	-0.016535	-0.000000	-0.023414	-0.002264	0.000000	0.003222	
0.142323	-0.327007	-0.258280	-0.258280	0.032512	0.015829	0.290003	0.000000	0.233257	-0.355744	0.000000	-0.065528	
0.000000	-0.000000	-0.476566	0.476566	-0.000000	0.000000	0.000000	0.573762	-0.000000	0.000000	-0.351179	0.000000	
-0.133620	0.549539	0.115993	0.115993	0.062469	-0.268172	0.489766	0.000000	-0.507510	-0.411885	0.000000	0.096460	
-0.090695	0.568511	-0.859164	-0.859164	-0.122294	0.738736	0.172351	-0.000000	-0.279501	0.664322	-0.000000	-0.042319	
0.172803	-1.061480	0.493857	0.493857	-0.072128	0.448088	1.024054	-0.000000	0.040991	0.670121	-0.000000	0.044242	
0.000000	-0.000000	0.932105	-0.932105	-0.000000	0.000000	0.000000	1.105556	-0.000000	0.000000	0.316091	0.000000	
0.084288	-0.388040	0.000000	0.000000	-0.012324	0.049398	-0.203229	-0.000000	-0.573901	-0.025821	0.000000	0.799278	
-0.000000	-0.000000	-0.000000	0.000000	-0.000000	0.000000	-0.000000	-0.000000	0.000000	-0.000000	-1.000000	-0.000000	
-0.000565	0.002600	0.000000	0.000000	1.025611	-0.216380	0.001362	-0.000000	0.003845	0.105483	-0.000000	0.019655	
0.018948	-0.087232	-0.000000	-0.000000	0.019716	0.850777	-0.045686	-0.000000	-0.129014	-0.446528	0.000000	-0.196306	
-0.081637	0.375835	-0.000000	-0.000000	-0.011611	0.229178	0.196837	-0.000000	0.555851	-0.120151	0.000000	0.583417	

ERI
0 0 0 0 3.5233463
1 0 0 0 0.1897791
1 0 1 0 0.0199620
1 0 1 1 -0.0054936
1 1 0 0 0.6371189
1 1 1 0 -0.0054936
1 1 1 1 0.5895438
2 0 0 0 0.0000000
2 0 1 0 0.0000000
2 0 1 1 -0.0000000
2 0 2 0 0.0084297
2 0 2 1 -0.0102239
2 0 2 2 -0.0000000
2 1 0 0 0.0000000
2 1 1 0 -0.0000000
2 1 1 1 0.0000000
2 1 2 0 -0.0102239
2 1 2 1 0.1040375
2 1 2 2 0.0000000
2 2 0 0 0.6324391
2 2 1 0 0.0004055
2 2 1 1 0.5069541
2 2 2 0 -0.0000000
2 2 2 1 0.0000000
2 2 2 2 0.5328811
3 0 0 0 -0.1746594
3 0 1 0 -0.0140562
3 0 1 1 -0.0076447
3 0 2 0 0.0000000
3 0 2 1 -0.0000000
3 0 2 2 -0.0036803
3 0 3 0 0.0249768
3 0 3 1 -0.0076173
3 0 3 2 0.0000000
3 0 3 3 0.0084585
3 1 0 0 -0.0724111
3 1 1 0 -0.0011305
3 1 1 1 0.0195695
3 1 2 0 -0.0000000
3 1 2 1 -0.0000000
3 1 2 2 -0.0219563
3 1 3 0 -0.0076173
3 1 3 1 0.0668721
3 1 3 2 -0.0000000
3 1 3 3 -0.0444906
3 2 0 0 0.0000000
3 2 1 0 0.0000000
3 2 1 1 -0.0000000
3 2 2 0 0.0068713
3 2 2 1 -0.0392875
3 2 2 2 0.0000000
3 2 3 0 0.0000000
3 2 3 1 -0.0000000
3 2 3 2 0.0355455
3 2 3 3 0.0000000
3 3 0 0 0.7600461
3 3 1 0 0.0055088
3 3 1 1 0.4890544
3 3 2 0 0.0000000
3 3 2 1 0.0000000
3 3 2 2 0.4742018
3 3 3 0 0.0084585
3 3 3 1 -0.0444906
3 3 3 2 0.0000000
3 3 3 3 0.6145640
4 0 0 0 -0.1193570
4 0 1 0 -0.0103885
4 0 1 1 -0.0028375
4 0 2 0 -0.0000000
4 0 2 1 0.0000000
4 0 2 2 -0.0022086
4 0 3 0 0.0142860
4 0 3 1 -0.0027318
4 0 3 2 -0.0000000
4 0 3 3 0.0026032
4 0 4 0 0.0086697
4 0 4 1 0.0000560
4 0 4 2 0.0000000
4 0 4 3 0.0024273
4 0 4 4 -0.0001473
4 1 0 0 -0.0609273
4 1 1 0 0.0005740
4 1 1 1 -0.0354336
4 1 2 0 0.0000000
4 1 2 1 0.0000000
4 1 2 2 0.0242222
4 1 3 0 0.0000946
4 1 3 1 -0.0229602
4 1 3 2 -0.0000000
4 1 3 3 -0.0490968
4 1 4 0 0.0000560
4 1 4 1 0.0679650
4 1 4 2 0.0000000
4 1 4 3 0.0125148
4 1 4 4 -0.0106589
4 2 0 0 -0.0000000
4 2 1 0 -0.0000000
4 2 1 1 -0.0000000
4 2 2 0 -0.0018147
4 2 2 1 0.0779125
4 2 2 2 -0.0000000
4 2 3 0 0.0000000
4 2 3 1 0.0000000
4 2 3 2 -0.0190481
4 2 3 3 -0.0000000
4 2 4 0 0.0000000
4 2 4 1 0.0000000
4 2 4 2 0.0863014
4 2 4 3 -0.0000000
4 2 4 4 0.0000000
4 3 0 0 0.1567936
4 3 1 0 0.0050865
4 3 1 1 -0.0251947
4 3 2 0 -0.0000000
4 3 2 1 -0.0000000
4 3 2 2 0.0176535
4 3 3 0 0.0075317
4 3 3 1 -0.0619155
4 3 3 2 0.0000000
4 3 3 3 0.0887161
4 3 4 0 0.0024273
4 3 4 1 0.0125148
4 3 4 2 -0.0000000
4 3 4 3 0.0923024
4 3 4 4 -0.0367319
4 4 0 0 0.5014433
4 4 1 0 -0.0013038
4 4 1 1 0.5109317
4 4 2 0 -0.0000000
4 4 2 1 0.0000000
4 4 2 2 0.4722832
4 4 3 0 -0.0006406
4 4 3 1 0.0225771
4 4 3 2 -0.0000000
4 4 3 3 0.4487477
4 4 4 0 -0.0001473
4 4 4 1 -0.0106589
4 4 4 2 0.0000000
4 4 4 3 -0.0367319
4 4 4 4 0.5168151
5 0 0 0 0.2271867
5 0 1 0 0.0264533
5 0 1 1 -0.0119354
5 0 2 0 -0.0000000
5 0 2 1 0.0000000
5 0 2 2 -0.0013367
5 0 3 0 -0.0088828
5 0 3 1 -0.0069075
5 0 3 2 -0.0000000
5 0 3 3 0.0150282
5 0 4 0 -0.0093192
5 0 4 1 0.0003629
5 0 4 2 0.0000000
5 0 4 3 0.0130092
5 0 4 4 -0.0019305
5 0 5 0 0.0416339
5 0 5 1 -0.0048033
5 0 5 2 -0.0000000
5 0 5 3 0.0042227
5 0 5 4 0.0025695
5 0 5 5 -0.0105709
5 1 0 0 0.2649956
5 1 1 0 -0.0004524
5 1 1 1 0.0714652
5 1 2 0 0.0000000
5 1 2 1 0.0000000
5 1 2 2 0.0628716
5 1 3 0 -0.0079555
5 1 3 1 -0.0298277
5 1 3 2 0.0000000
5 1 3 3 0.0858286
5 1 4 0 -0.0037074
5 1 4 1 -0.0099404
5 1 4 2 0.0000000
5 1 4 3 0.0495936
5 1 4 4 -0.0013388
5 1 5 0 -0.0048033
5 1 5 1 0.1040991
5 1 5 2 -0.0000000
5 1 5 3 0.0297453
5 1 5 4 -0.0201438
5 1 5 5 0.1024572
5 2 0 0 -0.0000000
5 2 1 0 -0.0000000
5 2 1 1 -0.0000000
5 2 2 0 -0.0051481
5 2 2 1 -0.0033090
5 2 2 2 -0.0000000
5 2 3 0 0.0000000
5 2 3 1 0.0000000
5 2 3 2 0.0009665
5 2 3 3 -0.0000000
5 2 4 0 0.0000000
5 2 4 1 0.0000000
5 2 4 2 -0.0225504
5 2 4 3 -0.0000000
5 2 4 4 0.0000000
5 2 5 0 -0.0000000
5 2 5 1 -0.0000000
5 2 5 2 0.0267019
5 2 5 3 -0.0000000
5 2 5 4 -0.0000000
5 2 5 5 -0.0000000
5 3 0 0 0.0716267
5 3 1 0 0.0039419
5 3 1 1 -0.0229497
5 3 2 0 -0.0000000
5 3 2 1 0.0000000
5 3 2 2 0.0122263
5 3 3 0 -0.0024479
5 3 3 1 -0.0099659
5 3 3 2 -0.0000000
5 3 3 3 0.0254147
5 3 4 0 -0.0012409
5 3 4 1 0.0226028
5 3 4 2 -0.0000000
5 3 4 3 0.0392599
5 3 4 4 -0.0254009
5 3 5 0 0.0042227
5 3 5 1 0.0297453
5 3 5 2 -0.0000000
5 3 5 3 0.0500942
5 3 5 4 -0.0122754
5 3 5 5 0.0031437
5 4 0 0 -0.0134064
5 4 1 0 0.0015025
5 4 1 1 -0.0015155
5 4 2 0 -0.0000000
5 4 2 1 0.0000000
5 4 2 2 -0.0275066
5 4 3 0 0.0006261
5 4 3 1 0.0325457
5 4 3 2 -0.0000000
5 4 3 3 0.0190922
5 4 4 0 0.0000764
5 4 4 1 -0.0457822
5 4 4 2 0.0000000
5 4 4 3 -0.0210254
5 4 4 4 0.0042125
5 4 5 0 0.0025695
5 4 5 1 -0.0201438
5 4 5 2 -0.0000000
5 4 5 3 -0.0122754
5 4 5 4 0.0537527
5 4 5 5 0.0124411
5 5 0 0 0.8129933
5 5 1 0 0.0000247
5 5 1 1 0.5777597
5 5 2 0 0.0000000
5 5 2 1 -0.0000000
5 5 2 2 0.5046406
5 5 3 0 -0.0186263
5 5 3 1 0.0273042
5 5 3 2 0.0000000
5 5 3 3 0.5141745
5 5 4 0 -0.0084804
5 5 4 1 -0.0464929
5 5 4 2 -0.0000000
5 5 4 3 -0.0075992
5 5 4 4 0.4956657
5 5 5 0 -0.0105709
5 5 5 1 0.1024572
5 5 5 2 -0.0000000
5 5 5 3 0.0031437
5 5 5 4 0.0124411
5 5 5 5 0.6296671
6 0 0 0 0.0000000
6 0 1 0 0.0000000
6 0 1 1 -0.0000000
6 0 2 0 0.0129149
6 0 2 1 -0.0140270
6 0 2 2 -0.0000000
6 0 3 0 -0.0000000
6 0 3 1 -0.0000000
6 0 3 2 0.0098641
6 0 3 3 0.0000000
6 0 4 0 -0.0000000
6 0 4 1 0.0000000
6 0 4 2 -0.0024260
6 0 4 3 0.0000000
6 0 4 4 -0.0000000
6 0 5 0 0.0000000
6 0 5 1 0.0000000
6 0 5 2 -0.0068847
6 0 5 3 -0.0000000
6 0 5 4 -0.0000000
6 0 5 5 0.0000000
6 0 6 0 0.0199063
6 0 6 1 -0.0055083
6 0 6 2 0.0000000
6 0 6 3 0.0105482
6 0 6 4 0.0093220
6 0 6 5 -0.0106753
6 0 6 6 -0.0000000
6 1 0 0 0.0000000
6 1 1 0 -0.0000000
6 1 1 1 0.0000000
6 1 2 0 -0.0039640
6 1 2 1 -0.0281129
6 1 2 2 0.0000000
6 1 3 0 -0.0000000
6 1 3 1 -0.0000000
6 1 3 2 0.0000921
6 1 3 3 0.0000000
6 1 4 0 -0.0000000
6 1 4 1 0.0000000
6 1 4 2 -0.0466487
6 1 4 3 0.0000000
6 1 4 4 -0.0000000
6 1 5 0 0.0000000
6 1 5 1 0.0000000
6 1 5 2 0.0266090
6 1 5 3 0.0000000
6 1 5 4 -0.0000000
6 1 5 5 0.0000000
6 1 6 0 -0.0055083
6 1 6 1 0.0389728
6 1 6 2 0.0000000
6 1 6 3 -0.0121104
6 1 6 4 0.0451096
6 1 6 5 -0.0213968
6 1 6 6 0.0000000
6 2 0 0 0.2515649
6 2 1 0 0.0058612
6 2 1 1 0.0123337
6 2 2 0 -0.0000000
6 2 2 1 0.0000000
6 2 2 2 0.0360811
6 2 3 0 -0.0015266
6 2 3 1 -0.0257382
6 2 3 2 0.0000000
6 2 3 3 0.1034907
6 2 4 0 -0.0020578
6 2 4 1 -0.0337134
6 2 4 2 -0.0000000
6 2 4 3 0.0607697
6 2 4 4 -0.0315041
6 2 5 0 0.0083809
6 2 5 1 0.0711839
6 2 5 2 -0.0000000
6 2 5 3 0.0297732
6 2 5 4 0.0212874
6 2 5 5 0.0543473
6 2 6 0 0.0000000
6 2 6 1 0.0000000
6 2 6 2 0.1202921
6 2 6 3 0.0000000
6 2 6 4 -0.0000000
6 2 6 5 0.0000000
6 2 6 6 0.0513688
6 3 0 0 0.0000000
6 3 1 0 0.0000000
6 3 1 1 -0.0000000
6 3 2 0 0.0071649
6 3 2 1 -0.0178529
6 3 2 2 0.0000000
6 3 3 0 -0.0000000
6 3 3 1 -0.0000000
6 3 3 2 0.0279828
6 3 3 3 0.0000000
6 3 4 0 -0.0000000
6 3 4 1 0.0000000
6 3 4 2 0.0061977
6 3 4 3 0.0000000
6 3 4 4 -0.0000000
6 3 5 0 -0.0000000
6 3 5 1 0.0000000
6 3 5 2 -0.0047690
6 3 5 3 0.0000000
6 3 5 4 -0.0000000
6 3 5 5 0.0000000
6 3 6 0 0.0105482
6 3 6 1 -0.0121104
6 3 6 2 0.0000000
6 3 6 3 0.0322808
6 3 6 4 0.0131122
6 3 6 5 -0.0034245
6 3 6 6 0.0000000
6 4 0 0 -0.0000000
6 4 1 0 -0.0000000
6 4 1 1 0.0000000
6 4 2 0 0.0063608
6 4 2 1 -0.0863396
6 4 2 2 -0.0000000
6 4 3 0 0.0000000
6 4 3 1 0.0000000
6 4 3 2 0.0352390
6 4 3 3 -0.0000000
6 4 4 0 -0.0000000
6 4 4 1 -0.0000000
6 4 4 2 -0.0836807
6 4 4 3 -0.0000000
6 4 4 4 -0.0000000
6 4 5 0 -0.0000000
6 4 5 1 -0.0000000
6 4 5 2 0.0253601
6 4 5 3 -0.0000000
6 4 5 4 -0.0000000
6 4 5 5 0.0000000
6 4 6 0 0.0093220
6 4 6 1 0.0451096
6 4 6 2 -0.0000000
6 4 6 3 0.0131122
6 4 6 4 0.1002024
6 4 6 5 -0.0589291
6 4 6 6 -0.0000000
6 5 0 0 0.0000000
6 5 1 0 -0.0000000
6 5 1 1 0.0000000
6 5 2 0 -0.0076343
6 5 2 1 0.0647585
6 5 2 2 -0.0000000
6 5 3 0 -0.0000000
6 5 3 1 0.0000000
6 5 3 2 -0.0174903
6 5 3 3 0.0000000
6 5 4 0 -0.0000000
6 5 4 1 -0.0000000
6 5 4 2 0.0541082
6 5 4 3 -0.0000000
6 5 4 4 0.0000000
6 5 5 0 -0.0000000
6 5 5 1 0.0000000
6 5 5 2 -0.0022707
6 5 5 3 -0.0000000
6 5 5 4 0.0000000
6 5 5 5 0.0000000
6 5 6 0 -0.0106753
6 5 6 1 -0.0213968
6 5 6 2 0.0000000
6 5 6 3 -0.0034245
6 5 6 4 -0.0589291
6 5 6 5 0.0515578
6 5 6 6 0.0000000
6 6 0 0 0.7310049
6 6 1 0 0.0059411
6 6 1 1 0.4958656
6 6 2 0 -0.0000000
6 6 2 1 0.0000000
6 6 2 2 0.5298173
6 6 3 0 -0.0044986
6 6 3 1 -0.0252427
6 6 3 2 -0.0000000
6 6 3 3 0.4964512
6 6 4 0 -0.0033974
6 6 4 1 0.0226633
6 6 4 2 0.0000000
6 6 4 3 0.0355852
6 6 4 4 0.4739827
6 6 5 0 0.0067378
6 6 5 1 0.0631626
6 6 5 2 -0.0000000
6 6 5 3 0.0233305
6 6 5 4 -0.0290119
6 6 5 5 0.5144541
6 6 6 0 -0.0000000
6 6 6 1 0.0000000
6 6 6 2 0.0513688
6 6 6 3 0.0000000
6 6 6 4 -0.0000000
6 6 6 5 0.0000000
6 6 6 6 0.5583785
7 0 0 0 0.0850680
7 0 1 0 0.0037277
7 0 1 1 0.0068985
7 0 2 0 0.0000000
7 0 2 1 -0.0000000
7 0 2 2 0.0006951
7 0 3 0 -0.0035715
7 0 3 1 -0.0050461
7 0 3 2 -0.0000000
7 0 3 3 0.0049148
7 0 4 0 -0.0028261
7 0 4 1 -0.0030764
7 0 4 2 0.0000000
7 0 4 3 0.0020860
7 0 4 4 0.0031083
7 0 5 0 0.0055478
7 0 5 1 0.0045284
7 0 5 2 0.0000000
7 0 5 3 -0.0059816
7 0 5 4 -0.0031817
7 0 5 5 0.0049777
7 0 6 0 0.0000000
7 0 6 1 0.0000000
7 0 6 2 -0.0016589
7 0 6 3 -0.0000000
7 0 6 4 -0.0000000
7 0 6 5 0.0000000
7 0 6 6 -0.0007030
7 0 7 0 0.0112606
7 0 7 1 -0.0014902
7 0 7 2 0.0000000
7 0 7 3 0.0027185
7 0 7 4 0.0012114
7 0 7 5 -0.0031774
7 0 7 6 -0.0000000
7 0 7 7 -0.0059796
7 1 0 0 -0.0067545
7 1 1 0 0.0009146
7 1 1 1 -0.0007633
7 1 2 0 -0.0000000
7 1 2 1 0.0000000
7 1 2 2 0.0056137
7 1 3 0 -0.0029938
7 1 3 1 0.0068987
7 1 3 2 -0.0000000
7 1 3 3 -0.0107104
7 1 4 0 -0.0014775
7 1 4 1 0.0071401
7 1 4 2 0.0000000
7 1 4 3 -0.0066661
7 1 4 4 0.0010701
7 1 5 0 -0.0004206
7 1 5 1 -0.0028509
7 1 5 2 0.0000000
7 1 5 3 0.0052184
7 1 5 4 -0.0013677
7 1 5 5 0.0000156
7 1 6 0 -0.0000000
7 1 6 1 -0.0000000
7 1 6 2 -0.0026004
7 1 6 3 0.0000000
7 1 6 4 -0.0000000
7 1 6 5 -0.0000000
7 1 6 6 0.0045146
7 1 7 0 -0.0014902
7 1 7 1 0.0104313
7 1 7 2 -0.0000000
7 1 7 3 0.0047307
7 1 7 4 -0.0073000
7 1 7 5 0.0004655
7 1 7 6 -0.0000000
7 1 7 7 -0.0025398
7 2 0 0 -0.0000000
7 2 1 0 -0.0000000
7 2 1 1 0.0000000
7 2 2 0 -0.0045588
7 2 2 1 0.0215979
7 2 2 2 0.0000000
7 2 3 0 -0.0000000
7 2 3 1 0.0000000
7 2 3 2 -0.0115312
7 2 3 3 -0.0000000
7 2 4 0 0.0000000
7 2 4 1 -0.0000000
7 2 4 2 0.0134218
7 2 4 3 0.0000000
7 2 4 4 0.0000000
7 2 5 0 0.0000000
7 2 5 1 -0.0000000
7 2 5 2 0.0026874
7 2 5 3 0.0000000
7 2 5 4 0.0000000
7 2 5 5 -0.0000000
7 2 6 0 -0.0068343
7 2 6 1 -0.0004753
7 2 6 2 0.0000000
7 2 6 3 -0.0102407
7 2 6 4 -0.0167277
7 2 6 5 0.0134877
7 2 6 6 0.0000000
7 2 7 0 0.0000000
7 2 7 1 -0.0000000
7 2 7 2 0.0172628
7 2 7 3 0.0000000
7 2 7 4 -0.0000000
7 2 7 5 -0.0000000
7 2 7 6 0.0157667
7 2 7 7 0.0000000
7 3 0 0 -0.0083821
7 3 1 0 -0.0041990
7 3 1 1 0.0265104
7 3 2 0 -0.0000000
7 3 2 1 -0.0000000
7 3 2 2 0.0015748
7 3 3 0 -0.0018808
7 3 3 1 0.0031733
7 3 3 2 -0.0000000
7 3 3 3 -0.0082196
7 3 4 0 -0.0002443
7 3 4 1 -0.0084513
7 3 4 2 0.0000000
7 3 4 3 -0.0172035
7 3 4 4 0.0139467
7 3 5 0 -0.0080278
7 3 5 1 0.0032927
7 3 5 2 0.0000000
7 3 5 3 -0.0187396
7 3 5 4 -0.0030835
7 3 5 5 0.0207790
7 3 6 0 -0.0000000
7 3 6 1 0.0000000
7 3 6 2 -0.0156181
7 3 6 3 -0.0000000
7 3 6 4 0.0000000
7 3 6 5 0.0000000
7 3 6 6 -0.0059448
7 3 7 0 0.0027185
7 3 7 1 0.0047307
7 3 7 2 0.0000000
7 3 7 3 0.0265511
7 3 7 4 -0.0015181
7 3 7 5 0.0000919
7 3 7 6 -0.0000000
7 3 7 7 0.0046131
7 4 0 0 -0.0067112
7 4 1 0 -0.0020162
7 4 1 1 0.0078546
7 4 2 0 0.0000000
7 4 2 1 -0.0000000
7 4 2 2 0.0046094
7 4 3 0 -0.0005595
7 4 3 1 0.0007498
7 4 3 2 0.0000000
7 4 3 3 -0.0064798
7 4 4 0 0.0001048
7 4 4 1 0.0010658
7 4 4 2 -0.0000000
7 4 4 3 -0.0045032
7 4 4 4 0.0037387
7 4 5 0 -0.0037455
7 4 5 1 0.0022881
7 4 5 2 0.0000000
7 4 5 3 -0.0044281
7 4 5 4 -0.0050259
7 4 5 5 0.0058383
7 4 6 0 -0.0000000
7 4 6 1 0.0000000
7 4 6 2 -0.0059210
7 4 6 3 -0.0000000
7 4 6 4 -0.0000000
7 4 6 5 0.0000000
7 4 6 6 -0.0001854
7 4 7 0 0.0012114
7 4 7 1 -0.0073000
7 4 7 2 -0.0000000
7 4 7 3 -0.0015181
7 4 7 4 0.0197035
7 4 7 5 0.0154277
7 4 7 6 0.0000000
7 4 7 7 -0.0043102
7 5 0 0 0.0108652
7 5 1 0 0.0012936
7 5 1 1 0.0029811
7 5 2 0 0.0000000
7 5 2 1 -0.0000000
7 5 2 2 0.0046104
7 5 3 0 -0.0077662
7 5 3 1 0.0190969
7 5 3 2 0.0000000
7 5 3 3 -0.0160674
7 5 4 0 -0.0035909
7 5 4 1 -0.0000717
7 5 4 2 -0.0000000
7 5 4 3 -0.0150642
7 5 4 4 -0.0007059
7 5 5 0 -0.0032003
7 5 5 1 0.0013145
7 5 5 2 -0.0000000
7 5 5 3 0.0067536
7 5 5 4 0.0054718
7 5 5 5 0.0161011
7 5 6 0 0.0000000
7 5 6 1 -0.0000000
7 5 6 2 0.0032666
7 5 6 3 0.0000000
7 5 6 4 0.0000000
7 5 6 5 0.0000000
7 5 6 6 0.0021134
7 5 7 0 -0.0031774
7 5 7 1 0.0004655
7 5 7 2 -0.0000000
7 5 7 3 0.0000919
7 5 7 4 0.0154277
7 5 7 5 0.0304489
7 5 7 6 0.0000000
7 5 7 7 0.0189613
7 6 0 0 0.0000000
7 6 1 0 0.0000000
7 6 1 1 0.0000000
7 6 2 0 -0.0054414
7 6 2 1 0.0128173
7 6 2 2 0.0000000
7 6 3 0 -0.0000000
7 6 3 1 0.0000000
7 6 3 2 -0.0115098
7 6 3 3 -0.0000000
7 6 4 0 -0.0000000
7 6 4 1 -0.0000000
7 6 4 2 0.0021005
7 6 4 3 -0.0000000
7 6 4 4 0.0000000
7 6 5 0 0.0000000
7 6 5 1 -0.0000000
7 6 5 2 0.0059219
7 6 5 3 0.0000000
7 6 5 4 0.0000000
7 6 5 5 0.0000000
7 6 6 0 -0.0082228
7 6 6 1 0.0060324
7 6 6 2 0.0000000
7 6 6 3 -0.0130160
7 6 6 4 -0.0074054
7 6 6 5 0.0073116
7 6 6 6 0.0000000
7 6 7 0 -0.0000000
7 6 7 1 -0.0000000
7 6 7 2 0.0157667
7 6 7 3 -0.0000000
7 6 7 4 0.0000000
7 6 7 5 0.0000000
7 6 7 6 0.0208438
7 6 7 7 0.0000000
7 7 0 0 0.5615200
7 7 1 0 0.0066155
7 7 1 1 0.4340646
7 7 2 0 0.0000000
7 7 2 1 0.0000000
7 7 2 2 0.4004586
7 7 3 0 -0.0084849
7 7 3 1 0.0412860
7 7 3 2 0.0000000
7 7 3 3 0.4258124
7 7 4 0 -0.0048662
7 7 4 1 -0.0501449
7 7 4 2 -0.0000000
7 7 4 3 -0.0218597
7 7 4 4 0.4165861
7 7 5 0 0.0049328
7 7 5 1 0.0183555
7 7 5 2 -0.0000000
7 7 5 3 -0.0075056
7 7 5 4 0.0522252
7 7 5 5 0.4743143
7 7 6 0 0.0000000
7 7 6 1 0.0000000
7 7 6 2 0.0460360
7 7 6 3 -0.0000000
7 7 6 4 0.0000000
7 7 6 5 0.0000000
7 7 6 6 0.4150393
7 7 7 0 -0.0059796
7 7 7 1 -0.0025398
7 7 7 2 0.0000000
7 7 7 3 0.0046131
7 7 7 4 -0.0043102
7 7 7 5 0.0189613
7 7 7 6 0.0000000
7 7 7 7 0.5146545
8 0 0 0 0.0000000
8 0 1 0 -0.0000000
8 0 1 1 0.0000000
8 0 2 0 -0.0002346
8 0 2 1 0.0003007
8 0 2 2 0.0000000
8 0 3 0 -0.0000000
8 0 3 1 -0.0000000
8 0 3 2 -0.0001788
8 0 3 3 0.0000000
8 0 4 0 0.0000000
8 0 4 1 -0.0000000
8 0 4 2 -0.0000708
8 0 4 3 0.0000000
8 0 4 4 0.0000000
8 0 5 0 0.0000000
8 0 5 1 -0.0000000
8 0 5 2 0.0002905
8 0 5 3 0.0000000
8 0 5 4 -0.0000000
8 0 5 5 -0.0000000
8 0 6 0 -0.0003492
8 0 6 1 0.0002579
8 0 6 2 0.0000000
8 0 6 3 -0.0002051
8 0 6 4 -0.0000282
8 0 6 5 0.0002146
8 0 6 6 0.0000000
8 0 7 0 -0.0000000
8 0 7 1 0.0000000
8 0 7 2 0.0001243
8 0 7 3 -0.0000000
8 0 7 4 -0.0000000
8 0 7 5 -0.0000000
8 0 7 6 0.0001611
8 0 7 7 -0.0000000
8 0 8 0 0.0000107
8 0 8 1 0.0000490
8 0 8 2 -0.0000000
8 0 8 3 0.0000965
8 0 8 4 -0.0000999
8 0 8 5 -0.0002034
8 0 8 6 -0.0000000
8 0 8 7 0.0000306
8 0 8 8 -0.0000000
8 1 0 0 0.0000000
8 1 1 0 0.0000000
8 1 1 1 0.0000000
8 1 2 0 0.0020280
8 1 2 1 -0.0342912
8 1 2 2 -0.0000000
8 1 3 0 0.0000000
8 1 3 1 0.0000000
8 1 3 2 0.0084334
8 1 3 3 -0.0000000
8 1 4 0 -0.0000000
8 1 4 1 -0.0000000
8 1 4 2 -0.0312454
8 1 4 3 0.0000000
8 1 4 4 -0.0000000
8 1 5 0 -0.0000000
8 1 5 1 -0.0000000
8 1 5 2 0.0041963
8 1 5 3 -0.0000000
8 1 5 4 -0.0000000
8 1 5 5 0.0000000
8 1 6 0 0.0027553
8 1 6 1 0.0162237
8 1 6 2 -0.0000000
8 1 6 3 0.0013636
8 1 6 4 0.0337081
8 1 6 5 -0.0224676
8 1 6 6 -0.0000000
8 1 7 0 0.0000000
8 1 7 1 0.0000000
8 1 7 2 -0.0068435
8 1 7 3 0.0000000
8 1 7 4 0.0000000
8 1 7 5 0.0000000
8 1 7 6 -0.0013182
8 1 7 7 -0.0000000
8 1 8 0 0.0000490
8 1 8 1 0.0274250
8 1 8 2 -0.0000000
8 1 8 3 0.0145971
8 1 8 4 -0.0072066
8 1 8 5 -0.0253276
8 1 8 6 -0.0000000
8 1 8 7 -0.0004485
8 1 8 8 -0.0000000
8 2 0 0 -0.0339907
8 2 1 0 0.0001642
8 2 1 1 -0.0173278
8 2 2 0 0.0000000
8 2 2 1 -0.0000000
8 2 2 2 -0.0297150
8 2 3 0 0.0002843
8 2 3 1 0.0135341
8 2 3 2 -0.0000000
8 2 3 3 -0.0137349
8 2 4 0 0.0000641
8 2 4 1 -0.0203216
8 2 4 2 0.0000000
8 2 4 3 -0.0148441
8 2 4 4 -0.0090285
8 2 5 0 0.0003679
8 2 5 1 -0.0173996
8 2 5 2 0.0000000
8 2 5 3 -0.0136850
8 2 5 4 0.0227126
8 2 5 5 -0.0098104
8 2 6 0 0.0000000
8 2 6 1 -0.0000000
8 2 6 2 -0.0023611
8 2 6 3 -0.0000000
8 2 6 4 0.0000000
8 2 6 5 0.0000000
8 2 6 6 -0.0300350
8 2 7 0 -0.0000089
8 2 7 1 -0.0027423
8 2 7 2 0.0000000
8 2 7 3 0.0032432
8 2 7 4 -0.0012782
8 2 7 5 0.0013871
8 2 7 6 0.0000000
8 2 7 7 0.0211418
8 2 8 0 -0.0000000
8 2 8 1 -0.0000000
8 2 8 2 0.0217993
8 2 8 3 -0.0000000
8 2 8 4 0.0000000
8 2 8 5 0.0000000
8 2 8 6 -0.0163548
8 2 8 7 0.0000000
8 2 8 8 0.0600422
8 3 0 0 0.0000000
8 3 1 0 0.0000000
8 3 1 1 0.0000000
8 3 2 0 0.0002958
8 3 2 1 -0.0078401
8 3 2 2 0.0000000
8 3 3 0 0.0000000
8 3 3 1 -0.0000000
8 3 3 2 0.0005425
8 3 3 3 0.0000000
8 3 4 0 -0.0000000
8 3 4 1 0.0000000
8 3 4 2 -0.0088673
8 3 4 3 0.0000000
8 3 4 4 -0.0000000
8 3 5 0 -0.0000000
8 3 5 1 -0.0000000
8 3 5 2 -0.0000250
8 3 5 3 0.0000000
8 3 5 4 -0.0000000
8 3 5 5 0.0000000
8 3 6 0 0.0003699
8 3 6 1 0.0045886
8 3 6 2 -0.0000000
8 3 6 3 -0.0013041
8 3 6 4 0.0088852
8 3 6 5 -0.0051331
8 3 6 6 -0.0000000
8 3 7 0 0.0000000
8 3 7 1 0.0000000
8 3 7 2 -0.0015703
8 3 7 3 -0.0000000
8 3 7 4 0.0000000
8 3 7 5 -0.0000000
8 3 7 6 -0.0000278
8 3 7 7 -0.0000000
8 3 8 0 0.0000965
8 3 8 1 0.0145971
8 3 8 2 -0.0000000
8 3 8 3 0.0109763
8 3 8 4 -0.0104747
8 3 8 5 -0.0161877
8 3 8 6 -0.0000000
8 3 8 7 0.0010543
8 3 8 8 -0.0000000
8 4 0 0 0.0000000
8 4 1 0 0.0000000
8 4 1 1 0.0000000
8 4 2 0 0.0003372
8 4 2 1 -0.0117070
8 4 2 2 -0.0000000
8 4 3 0 -0.0000000
8 4 3 1 0.0000000
8 4 3 2 0.0026954
8 4 3 3 0.0000000
8 4 4 0 -0.0000000
8 4 4 1 -0.0000000
8 4 4 2 -0.0108340
8 4 4 3 -0.0000000
8 4 4 4 -0.0000000
8 4 5 0 -0.0000000
8 4 5 1 -0.0000000
8 4 5 2 0.0069155
8 4 5 3 -0.0000000
8 4 5 4 -0.0000000
8 4 5 5 0.0000000
8 4 6 0 0.0005810
8 4 6 1 0.0081312
8 4 6 2 0.0000000
8 4 6 3 0.0010075
8 4 6 4 0.0120124
8 4 6 5 -0.0099973
8 4 6 6 -0.0000000
8 4 7 0 -0.0000000
8 4 7 1 -0.0000000
8 4 7 2 -0.0015466
8 4 7 3 0.0000000
8 4 7 4 0.0000000
8 4 7 5 0.0000000
8 4 7 6 -0.0011359
8 4 7 7 0.0000000
8 4 8 0 -0.0000999
8 4 8 1 -0.0072066
8 4 8 2 0.0000000
8 4 8 3 -0.0104747
8 4 8 4 0.0181295
8 4 8 5 0.0117761
8 4 8 6 0.0000000
8 4 8 7 0.0012918
8 4 8 8 0.0000000
8 5 0 0 0.0000000
8 5 1 0 0.0000000
8 5 1 1 -0.0000000
8 5 2 0 -0.0004017
8 5 2 1 0.0206633
8 5 2 2 -0.0000000
8 5 3 0 -0.0000000
8 5 3 1 0.0000000
8 5 3 2 -0.0055761
8 5 3 3 0.0000000
8 5 4 0 -0.0000000
8 5 4 1 -0.0000000
8 5 4 2 0.0254765
8 5 4 3 -0.0000000
8 5 4 4 0.0000000
8 5 5 0 0.0000000
8 5 5 1 0.0000000
8 5 5 2 -0.0072393
8 5 5 3 -0.0000000
8 5 5 4 0.0000000
8 5 5 5 -0.0000000
8 5 6 0 -0.0005964
8 5 6 1 -0.0158805
8 5 6 2 0.0000000
8 5 6 3 0.0008872
8 5 6 4 -0.0279348
8 5 6 5 0.0150881
8 5 6 6 0.0000000
8 5 7 0 -0.0000000
8 5 7 1 -0.0000000
8 5 7 2 0.0039685
8 5 7 3 0.0000000
8 5 7 4 -0.0000000
8 5 7 5 0.0000000
8 5 7 6 -0.0011854
8 5 7 7 0.0000000
8 5 8 0 -0.0002034
8 5 8 1 -0.0253276
8 5 8 2 0.0000000
8 5 8 3 -0.0161877
8 5 8 4 0.0117761
8 5 8 5 0.0292347
8 5 8 6 0.0000000
8 5 8 7 0.0007126
8 5 8 8 0.0000000
8 6 0 0 -0.0007897
8 6 1 0 -0.0001991
8 6 1 1 0.0045257
8 6 2 0 -0.0000000
8 6 2 1 0.0000000
8 6 2 2 0.0130925
8 6 3 0 0.0003243
8 6 3 1 -0.0092416
8 6 3 2 -0.0000000
8 6 3 3 -0.0028164
8 6 4 0 0.0002522
8 6 4 1 0.0196582
8 6 4 2 0.0000000
8 6 4 3 0.0074631
8 6 4 4 0.0054114
8 6 5 0 -0.0001088
8 6 5 1 0.0029957
8 6 5 2 0.0000000
8 6 5 3 0.0074904
8 6 5 4 -0.0203308
8 6 5 5 -0.0043054
8 6 6 0 -0.0000000
8 6 6 1 -0.0000000
8 6 6 2 -0.0105029
8 6 6 3 0.0000000
8 6 6 4 -0.0000000
8 6 6 5 -0.0000000
8 6 6 6 0.0154393
8 6 7 0 0.0001240
8 6 7 1 0.0024291
8 6 7 2 0.0000000
8 6 7 3 -0.0015414
8 6 7 4 0.0002606
8 6 7 5 -0.0032905
8 6 7 6 -0.0000000
8 6 7 7 -0.0245253
8 6 8 0 -0.0000000
8 6 8 1 -0.0000000
8 6 8 2 -0.0163548
8 6 8 3 -0.0000000
8 6 8 4 0.0000000
8 6 8 5 0.0000000
8 6 8 6 0.0147148
8 6 8 7 0.0000000
8 6 8 8 -0.0421469
8 7 0 0 -0.0000000
8 7 1 0 0.0000000
8 7 1 1 0.0000000
8 7 2 0 0.0002597
8 7 2 1 -0.0031942
8 7 2 2 -0.0000000
8 7 3 0 -0.0000000
8 7 3 1 0.0000000
8 7 3 2 0.0014509
8 7 3 3 -0.0000000
8 7 4 0 -0.0000000
8 7 4 1 -0.0000000
8 7 4 2 -0.0020257
8 7 4 3 0.0000000
8 7 4 4 -0.0000000
8 7 5 0 -0.0000000
8 7 5 1 -0.0000000
8 7 5 2 0.0010261
8 7 5 3 -0.0000000
8 7 5 4 -0.0000000
8 7 5 5 0.0000000
8 7 6 0 0.0003335
8 7 6 1 0.0021067
8 7 6 2 0.0000000
8 7 6 3 0.0002979
8 7 6 4 0.0023560
8 7 6 5 -0.0027170
8 7 6 6 -0.0000000
8 7 7 0 -0.0000000
8 7 7 1 -0.0000000
8 7 7 2 0.0037300
8 7 7 3 -0.0000000
8 7 7 4 0.0000000
8 7 7 5 0.0000000
8 7 7 6 -0.0038968
8 7 7 7 0.0000000
8 7 8 0 0.0000306
8 7 8 1 -0.0004485
8 7 8 2 0.0000000
8 7 8 3 0.0010543
8 7 8 4 0.0012918
8 7 8 5 0.0007126
8 7 8 6 0.0000000
8 7 8 7 0.0210482
8 7 8 8 -0.0000000
8 8 0 0 0.3245176
8 8 1 0 -0.0028872
8 8 1 1 0.4438760
8 8 2 0 -0.0000000
8 8 2 1 -0.0000000
8 8 2 2 0.3561792
8 8 3 0 -0.0037885
8 8 3 1 0.0816901
8 8 3 2 -0.0000000
8 8 3 3 0.3436944
8 8 4 0 -0.0013924
8 8 4 1 -0.0638667
8 8 4 2 0.0000000
8 8 4 3 -0.0978784
8 8 4 4 0.4499575
8 8 5 0 -0.0069444
8 8 5 1 -0.0623075
8 8 5 2 0.0000000
8 8 5 3 -0.0725033
8 8 5 4 0.0681631
8 8 5 5 0.4473648
8 8 6 0 -0.0000000
8 8 6 1 -0.0000000
8 8 6 2 -0.0511119
8 8 6 3 -0.0000000
8 8 6 4 0.0000000
8 8 6 5 0.0000000
8 8 6 6 0.3509447
8 8 7 0 0.0014089
8 8 7 1 -0.0025744
8 8 7 2 0.0000000
8 8 7 3 0.0296949
8 8 7 4 0.0025401
8 8 7 5 0.0120338
8 8 7 6 0.0000000
8 8 7 7 0.4670424
8 8 8 0 -0.0000000
8 8 8 1 -0.0000000
8 8 8 2 0.0600422
8 8 8 3 -0.0000000
8 8 8 4 0.0000000
8 8 8 5 0.0000000
8 8 8 6 -0.0421469
8 8 8 7 -0.0000000
8 8 8 8 0.6728328
9 0 0 0 -0.0028049
9 0 1 0 -0.0000991
9 0 1 1 -0.0003475
9 0 2 0 -0.0000000
9 0 2 1 -0.0000000
9 0 2 2 -0.0003633
9 0 3 0 0.0001182
9 0 3 1 0.0002099
9 0 3 2 -0.0000000
9 0 3 3 -0.0004791
9 0 4 0 0.0000774
9 0 4 1 -0.0000142
9 0 4 2 0.0000000
9 0 4 3 -0.0002943
9 0 4 4 -0.0000791
9 0 5 0 -0.0001088
9 0 5 1 -0.0004484
9 0 5 2 0.0000000
9 0 5 3 -0.0001349
9 0 5 4 0.0001744
9 0 5 5 -0.0004672
9 0 6 0 -0.0000000
9 0 6 1 -0.0000000
9 0 6 2 -0.0002997
9 0 6 3 -0.0000000
9 0 6 4 0.0000000
9 0 6 5 0.0000000
9 0 6 6 -0.0004325
9 0 7 0 -0.0001228
9 0 7 1 0.0000079
9 0 7 2 0.0000000
9 0 7 3 0.0000016
9 0 7 4 -0.0000067
9 0 7 5 0.0000355
9 0 7 6 0.0000000
9 0 7 7 0.0000327
9 0 8 0 -0.0000000
9 0 8 1 0.0000000
9 0 8 2 0.0001458
9 0 8 3 -0.0000000
9 0 8 4 0.0000000
9 0 8 5 0.0000000
9 0 8 6 -0.0000800
9 0 8 7 0.0000000
9 0 8 8 0.0004260
9 0 9 0 0.0000059
9 0 9 1 0.0000204
9 0 9 2 -0.0000000
9 0 9 3 0.0000845
9 0 9 4 -0.0001673
9 0 9 5 -0.0000963
9 0 9 6 -0.0000000
9 0 9 7 0.0000186
9 0 9 8 -0.0000000
9 0 9 9 0.0027327
9 1 0 0 0.0047077
9 1 1 0 -0.0000877
9 1 1 1 0.0024842
9 1 2 0 -0.0000000
9 1 2 1 0.0000000
9 1 2 2 0.0040740
9 1 3 0 0.0000203
9 1 3 1 -0.0025360
9 1 3 2 0.0000000
9 1 3 3 0.0017396
9 1 4 0 0.0000211
9 1 4 1 0.0032075
9 1 4 2 -0.0000000
9 1 4 3 0.0029060
9 1 4 4 0.0001040
9 1 5 0 -0.0001185
9 1 5 1 0.0029527
9 1 5 2 -0.0000000
9 1 5 3 0.0019832
9 1 5 4 -0.0038949
9 1 5 5 0.0014007
9 1 6 0 -0.0000000
9 1 6 1 0.0000000
9 1 6 2 -0.0000495
9 1 6 3 0.0000000
9 1 6 4 -0.0000000
9 1 6 5 -0.0000000
9 1 6 6 0.0041348
9 1 7 0 0.0000760
9 1 7 1 0.0003831
9 1 7 2 -0.0000000
9 1 7 3 0.0001744
9 1 7 4 -0.0002432
9 1 7 5 -0.0006504
9 1 7 6 -0.0000000
9 1 7 7 -0.0008530
9 1 8 0 0.0000000
9 1 8 1 0.0000000
9 1 8 2 -0.0017648
9 1 8 3 0.0000000
9 1 8 4 -0.0000000
9 1 8 5 -0.0000000
9 1 8 6 0.0014076
9 1 8 7 0.0000000
9 1 8 8 -0.0029074
9 1 9 0 0.0000204
9 1 9 1 0.0032418
9 1 9 2 -0.0000000
9 1 9 3 0.0035350
9 1 9 4 -0.0057996
9 1 9 5 -0.0050302
9 1 9 6 -0.0000000
9 1 9 7 -0.0007339
9 1 9 8 -0.0000000
9 1 9 9 0.0210456
9 2 0 0 0.0000000
9 2 1 0 -0.0000000
9 2 1 1 0.0000000
9 2 2 0 -0.0001388
9 2 2 1 0.0021642
9 2 2 2 0.0000000
9 2 3 0 -0.0000000
9 2 3 1 -0.0000000
9 2 3 2 -0.0007628
9 2 3 3 0.0000000
9 2 4 0 0.0000000
9 2 4 1 0.0000000
9 2 4 2 0.0023202
9 2 4 3 -0.0000000
9 2 4 4 0.0000000
9 2 5 0 0.0000000
9 2 5 1 0.0000000
9 2 5 2 -0.0001248
9 2 5 3 0.0000000
9 2 5 4 0.0000000
9 2 5 5 -0.0000000
9 2 6 0 -0.0001838
9 2 6 1 -0.0009699
9 2 6 2 0.0000000
9 2 6 3 0.0000437
9 2 6 4 -0.0024410
9 2 6 5 0.0013182
9 2 6 6 0.0000000
9 2 7 0 -0.0000000
9 2 7 1 0.0000000
9 2 7 2 0.0003691
9 2 7 3 -0.0000000
9 2 7 4 0.0000000
9 2 7 5 -0.0000000
9 2 7 6 0.0000202
9 2 7 7 -0.0000000
9 2 8 0 -0.0000021
9 2 8 1 -0.0019027
9 2 8 2 -0.0000000
9 2 8 3 -0.0012597
9 2 8 4 0.0012373
9 2 8 5 0.0019697
9 2 8 6 0.0000000
9 2 8 7 -0.0000254
9 2 8 8 -0.0000000
9 2 9 0 -0.0000000
9 2 9 1 -0.0000000
9 2 9 2 0.0014249
9 2 9 3 -0.0000000
9 2 9 4 0.0000000
9 2 9 5 0.0000000
9 2 9 6 -0.0012573
9 2 9 7 0.0000000
9 2 9 8 0.0042651
9 2 9 9 -0.0000000
9 3 0 0 -0.0001113
9 3 1 0 0.0000574
9 3 1 1 -0.0007341
9 3 2 0 0.0000000
9 3 2 1 -0.0000000
9 3 2 2 0.0003945
9 3 3 0 -0.0000436
9 3 3 1 -0.0004503
9 3 3 2 0.0000000
9 3 3 3 -0.0007227
9 3 4 0 -0.0000339
9 3 4 1 0.0012317
9 3 4 2 -0.0000000
9 3 4 3 0.0008016
9 3 4 4 -0.0010320
9 3 5 0 0.0000516
9 3 5 1 0.0001321
9 3 5 2 0.0000000
9 3 5 3 0.0006908
9 3 5 4 -0.0007647
9 3 5 5 -0.0003671
9 3 6 0 0.0000000
9 3 6 1 0.0000000
9 3 6 2 -0.0003809
9 3 6 3 0.0000000
9 3 6 4 -0.0000000
9 3 6 5 -0.0000000
9 3 6 6 0.0004619
9 3 7 0 -0.0000514
9 3 7 1 -0.0000717
9 3 7 2 -0.0000000
9 3 7 3 -0.0000045
9 3 7 4 0.0000299
9 3 7 5 0.0002403
9 3 7 6 0.0000000
9 3 7 7 0.0022345
9 3 8 0 -0.0000000
9 3 8 1 0.0000000
9 3 8 2 0.0007778
9 3 8 3 0.0000000
9 3 8 4 0.0000000
9 3 8 5 0.0000000
9 3 8 6 -0.0005702
9 3 8 7 0.0000000
9 3 8 8 0.0030412
9 3 9 0 0.0000845
9 3 9 1 0.0035350
9 3 9 2 -0.0000000
9 3 9 3 0.0052533
9 3 9 4 -0.0091256
9 3 9 5 -0.0067194
9 3 9 6 -0.0000000
9 3 9 7 0.0005501
9 3 9 8 -0.0000000
9 3 9 9 0.0723285
9 4 0 0 0.0014524
9 4 1 0 0.0000049
9 4 1 1 0.0016896
9 4 2 0 -0.0000000
9 4 2 1 0.0000000
9 4 2 2 0.0012278
9 4 3 0 -0.0000751
9 4 3 1 0.0003144
9 4 3 2 -0.0000000
9 4 3 3 0.0009595
9 4 4 0 -0.0000088
9 4 4 1 0.0003670
9 4 4 2 0.0000000
9 4 4 3 -0.0002422
9 4 4 4 0.0018136
9 4 5 0 -0.0000248
9 4 5 1 0.0004419
9 4 5 2 -0.0000000
9 4 5 3 0.0006052
9 4 5 4 -0.0009746
9 4 5 5 0.0005678
9 4 6 0 -0.0000000
9 4 6 1 0.0000000
9 4 6 2 0.0000790
9 4 6 3 0.0000000
9 4 6 4 -0.0000000
9 4 6 5 -0.0000000
9 4 6 6 0.0014815
9 4 7 0 -0.0000450
9 4 7 1 0.0003277
9 4 7 2 0.0000000
9 4 7 3 -0.0008725
9 4 7 4 0.0004278
9 4 7 5 0.0000153
9 4 7 6 0.0000000
9 4 7 7 -0.0056769
9 4 8 0 0.0000000
9 4 8 1 -0.0000000
9 4 8 2 -0.0030074
9 4 8 3 -0.0000000
9 4 8 4 -0.0000000
9 4 8 5 -0.0000000
9 4 8 6 0.0024560
9 4 8 7 -0.0000000
9 4 8 8 -0.0084519
9 4 9 0 -0.0001673
9 4 9 1 -0.0057996
9 4 9 2 0.0000000
9 4 9 3 -0.0091256
9 4 9 4 0.0165841
9 4 9 5 0.0116718
9 4 9 6 0.0000000
9 4 9 7 0.0005489
9 4 9 8 0.0000000
9 4 9 9 -0.1537251
9 5 0 0 0.0030594
9 5 1 0 -0.0000950
9 5 1 1 0.0028840
9 5 2 0 -0.0000000
9 5 2 1 0.0000000
9 5 2 2 -0.0000049
9 5 3 0 -0.0001056
9 5 3 1 0.0017305
9 5 3 2 -0.0000000
9 5 3 3 0.0027262
9 5 4 0 -0.0000220
9 5 4 1 -0.0033708
9 5 4 2 0.0000000
9 5 4 3 -0.0016582
9 5 4 4 0.0024038
9 5 5 0 -0.0001859
9 5 5 1 0.0006203
9 5 5 2 -0.0000000
9 5 5 3 -0.0009913
9 5 5 4 0.0025265
9 5 5 5 0.0031111
9 5 6 0 -0.0000000
9 5 6 1 -0.0000000
9 5 6 2 0.0017611
9 5 6 3 -0.0000000
9 5 6 4 0.0000000
9 5 6 5 0.0000000
9 5 6 6 -0.0003090
9 5 7 0 0.0000441
9 5 7 1 -0.0002671
9 5 7 2 0.0000000
9 5 7 3 -0.0002969
9 5 7 4 0.0004455
9 5 7 5 0.0004217
9 5 7 6 0.0000000
9 5 7 7 -0.0004004
9 5 8 0 -0.0000000
9 5 8 1 -0.0000000
9 5 8 2 -0.0005417
9 5 8 3 -0.0000000
9 5 8 4 0.0000000
9 5 8 5 0.0000000
9 5 8 6 0.0000521
9 5 8 7 -0.0000000
9 5 8 8 -0.0024272
9 5 9 0 -0.0000963
9 5 9 1 -0.0050302
9 5 9 2 0.0000000
9 5 9 3 -0.0067194
9 5 9 4 0.0116718
9 5 9 5 0.0091154
9 5 9 6 0.0000000
9 5 9 7 0.0008575
9 5 9 8 0.0000000
9 5 9 9 -0.0800335
9 6 0 0 0.0000000
9 6 1 0 -0.0000000
9 6 1 1 0.0000000
9 6 2 0 0.0000634
9 6 2 1 -0.0020410
9 6 2 2 0.0000000
9 6 3 0 -0.0000000
9 6 3 1 0.0000000
9 6 3 2 0.0006853
9 6 3 3 0.0000000
9 6 4 0 -0.0000000
9 6 4 1 -0.0000000
9 6 4 2 -0.0025276
9 6 4 3 -0.0000000
9 6 4 4 0.0000000
9 6 5 0 -0.0000000
9 6 5 1 -0.0000000
9 6 5 2 0.0005714
9 6 5 3 -0.0000000
9 6 5 4 0.0000000
9 6 5 5 0.0000000
9 6 6 0 0.0000922
9 6 6 1 0.0013956
9 6 6 2 0.0000000
9 6 6 3 -0.0000977
9 6 6 4 0.0027502
9 6 6 5 -0.0014054
9 6 6 6 -0.0000000
9 6 7 0 0.0000000
9 6 7 1 -0.0000000
9 6 7 2 -0.0004155
9 6 7 3 -0.0000000
9 6 7 4 0.0000000
9 6 7 5 0.0000000
9 6 7 6 -0.0000425
9 6 7 7 -0.0000000
9 6 8 0 0.0000108
9 6 8 1 0.0019622
9 6 8 2 -0.0000000
9 6 8 3 0.0012780
9 6 8 4 -0.0010787
9 6 8 5 -0.0022188
9 6 8 6 -0.0000000
9 6 8 7 0.0001141
9 6 8 8 -0.0000000
9 6 9 0 -0.0000000
9 6 9 1 -0.0000000
9 6 9 2 -0.0012573
9 6 9 3 -0.0000000
9 6 9 4 0.0000000
9 6 9 5 0.0000000
9 6 9 6 0.0011323
9 6 9 7 0.0000000
9 6 9 8 -0.0036399
9 6 9 9 -0.0000000
9 7 0 0 -0.0009793
9 7 1 0 -0.0000850
9 7 1 1 0.0008688
9 7 2 0 -0.0000000
9 7 2 1 -0.0000000
9 7 2 2 0.0002576
9 7 3 0 0.0000352
9 7 3 1 -0.0002556
9 7 3 2 -0.0000000
9 7 3 3 -0.0003439
9 7 4 0 0.0000356
9 7 4 1 0.0001527
9 7 4 2 0.0000000
9 7 4 3 0.0000643
9 7 4 4 0.0003228
9 7 5 0 -0.0000871
9 7 5 1 -0.0003502
9 7 5 2 0.0000000
9 7 5 3 -0.0001345
9 7 5 4 -0.0004490
9 7 5 5 0.0001581
9 7 6 0 -0.0000000
9 7 6 1 -0.0000000
9 7 6 2 -0.0007377
9 7 6 3 -0.0000000
9 7 6 4 -0.0000000
9 7 6 5 -0.0000000
9 7 6 6 0.0002383
9 7 7 0 0.0000536
9 7 7 1 -0.0009917
9 7 7 2 0.0000000
9 7 7 3 -0.0008932
9 7 7 4 0.0019271
9 7 7 5 0.0011900
9 7 7 6 0.0000000
9 7 7 7 -0.0001770
9 7 8 0 0.0000000
9 7 8 1 0.0000000
9 7 8 2 -0.0002657
9 7 8 3 0.0000000
9 7 8 4 -0.0000000
9 7 8 5 -0.0000000
9 7 8 6 0.0003841
9 7 8 7 0.0000000
9 7 8 8 0.0000624
9 7 9 0 0.0000186
9 7 9 1 -0.0007339
9 7 9 2 0.0000000
9 7 9 3 0.0005501
9 7 9 4 0.0005489
9 7 9 5 0.0008575
9 7 9 6 0.0000000
9 7 9 7 0.0091562
9 7 9 8 0.0000000
9 7 9 9 -0.0149379
9 8 0 0 -0.0000000
9 8 1 0 0.0000000
9 8 1 1 0.0000000
9 8 2 0 0.0001036
9 8 2 1 -0.0033066
9 8 2 2 -0.0000000
9 8 3 0 0.0000000
9 8 3 1 0.0000000
9 8 3 2 0.0001127
9 8 3 3 0.0000000
9 8 4 0 -0.0000000
9 8 4 1 -0.0000000
9 8 4 2 -0.0019174
9 8 4 3 0.0000000
9 8 4 4 -0.0000000
9 8 5 0 -0.0000000
9 8 5 1 -0.0000000
9 8 5 2 0.0017903
9 8 5 3 -0.0000000
9 8 5 4 -0.0000000
9 8 5 5 0.0000000
9 8 6 0 0.0001579
9 8 6 1 0.0023916
9 8 6 2 0.0000000
9 8 6 3 0.0006185
9 8 6 4 0.0024436
9 8 6 5 -0.0029715
9 8 6 6 -0.0000000
9 8 7 0 0.0000000
9 8 7 1 0.0000000
9 8 7 2 -0.0004570
9 8 7 3 0.0000000
9 8 7 4 0.0000000
9 8 7 5 0.0000000
9 8 7 6 -0.0000722
9 8 7 7 -0.0000000
9 8 8 0 0.0000160
9 8 8 1 -0.0002726
9 8 8 2 0.0000000
9 8 8 3 -0.0015978
9 8 8 4 0.0043208
9 8 8 5 0.0008781
9 8 8 6 0.0000000
9 8 8 7 0.0004312
9 8 8 8 -0.0000000
9 8 9 0 -0.0000000
9 8 9 1 -0.0000000
9 8 9 2 0.0042651
9 8 9 3 -0.0000000
9 8 9 4 0.0000000
9 8 9 5 0.0000000
9 8 9 6 -0.0036399
9 8 9 7 0.0000000
9 8 9 8 0.0145315
9 8 9 9 -0.0000000
9 9 0 0 0.3431384
9 9 1 0 -0.0035176
9 9 1 1 0.5112161
9 9 2 0 -0.0000000
9 9 2 1 -0.0000000
9 9 2 2 0.3739281
9 9 3 0 -0.0043961
9 9 3 1 0.1343603
9 9 3 2 -0.0000000
9 9 3 3 0.4078027
9 9 4 0 -0.0020682
9 9 4 1 -0.1454519
9 9 4 2 0.0000000
9 9 4 3 -0.1768908
9 9 4 4 0.5721828
9 9 5 0 -0.0085005
9 9 5 1 -0.1095174
9 9 5 2 0.0000000
9 9 5 3 -0.1332028
9 9 5 4 0.1691346
9 9 5 5 0.5460833
9 9 6 0 -0.0000000
9 9 6 1 -0.0000000
9 9 6 2 -0.0548086
9 9 6 3 -0.0000000
9 9 6 4 0.0000000
9 9 6 5 0.0000000
9 9 6 6 0.3616414
9 9 7 0 0.0020427
9 9 7 1 -0.0101908
9 9 7 2 0.0000000
9 9 7 3 0.0461124
9 9 7 4 -0.0028235
9 9 7 5 0.0181963
9 9 7 6 0.0000000
9 9 7 7 0.6182420
9 9 8 0 -0.0000000
9 9 8 1 -0.0000000
9 9 8 2 0.1097935
9 9 8 3 -0.0000000
9 9 8 4 0.0000000
9 9 8 5 0.0000000
9 9 8 6 -0.0886031
9 9 8 7 -0.0000000
9 9 8 8 0.8416887
9 9 9 0 0.0027327
9 9 9 1 0.0210456
9 9 9 2 -0.0000000
9 9 9 3 0.0723285
9 9 9 4 -0.1537251
9 9 9 5 -0.0800335
9 9 9 6 -0.0000000
9 9 9 7 -0.0149379
9 9 9 8 -0.0000000
9 9 9 9 3.4993855
10 0 0 0 0.0250982
10 0 1 0 0.0009875
10 0 1 1 0.0026248
10 0 2 0 0.0000000
10 0 2 1 0.0000000
10 0 2 2 0.0012561
10 0 3 0 -0.0009916
10 0 3 1 -0.0016339
10 0 3 2 0.0000000
10 0 3 3 0.0025401
10 0 4 0 -0.0007568
10 0 4 1 -0.0007345
10 0 4 2 -0.0000000
10 0 4 3 0.0011863
10 0 4 4 0.0011078
10 0 5 0 0.0014025
10 0 5 1 0.0021753
10 0 5 2 -0.0000000
10 0 5 3 -0.0010140
10 0 5 4 -0.0010491
10 0 5 5 0.0025141
10 0 6 0 0.0000000
10 0 6 1 0.0000000
10 0 6 2 0.0004624
10 0 6 3 -0.0000000
10 0 6 4 -0.0000000
10 0 6 5 0.0000000
10 0 6 6 0.0011069
10 0 7 0 0.0027173
10 0 7 1 -0.0004004
10 0 7 2 0.0000000
10 0 7 3 0.0005395
10 0 7 4 0.0003935
10 0 7 5 -0.0007441
10 0 7 6 -0.0000000
10 0 7 7 -0.0012118
10 0 8 0 0.0000000
10 0 8 1 0.0000000
10 0 8 2 -0.0003543
10 0 8 3 0.0000000
10 0 8 4 -0.0000000
10 0 8 5 -0.0000000
10 0 8 6 0.0001886
10 0 8 7 -0.0000000
10 0 8 8 -0.0006591
10 0 9 0 -0.0000359
10 0 9 1 0.0000590
10 0 9 2 0.0000000
10 0 9 3 -0.0000162
10 0 9 4 0.0000160
10 0 9 5 0.0000237
10 0 9 6 0.0000000
10 0 9 7 0.0000114
10 0 9 8 -0.0000000
10 0 9 9 -0.0008083
10 0 10 0 0.0006752
10 0 10 1 -0.0005228
10 0 10 2 -0.0000000
10 0 10 3 0.0000942
10 0 10 4 0.0001741
10 0 10 5 -0.0000775
10 0 10 6 -0.0000000
10 0 10 7 0.0000158
10 0 10 8 -0.0000000
10 0 10 9 -0.0000063
10 0 10 10 -0.0010836
10 1 0 0 -0.0336022
10 1 1 0 0.0009869
10 1 1 1 -0.0329349
10 1 2 0 -0.0000000
10 1 2 1 -0.0000000
10 1 2 2 -0.0255176
10 1 3 0 -0.0006383
10 1 3 1 0.0055689
10 1 3 2 -0.0000000
10 1 3 3 -0.0259409
10 1 4 0 -0.0004229
10 1 4 1 -0.0010622
10 1 4 2 0.0000000
10 1 4 3 -0.0033988
10 1 4 4 -0.0254165
10 1 5 0 0.0010598
10 1 5 1 -0.0115645
10 1 5 2 0.0000000
10 1 5 3 -0.0004233
10 1 5 4 0.0079518
10 1 5 5 -0.0245758
10 1 6 0 0.0000000
10 1 6 1 -0.0000000
10 1 6 2 -0.0004663
10 1 6 3 -0.0000000
10 1 6 4 0.0000000
10 1 6 5 0.0000000
10 1 6 6 -0.0257071
10 1 7 0 -0.0009346
10 1 7 1 -0.0011008
10 1 7 2 0.0000000
10 1 7 3 -0.0008948
10 1 7 4 0.0003122
10 1 7 5 0.0051387
10 1 7 6 0.0000000
10 1 7 7 0.0018746
10 1 8 0 -0.0000000
10 1 8 1 -0.0000000
10 1 8 2 0.0116928
10 1 8 3 -0.0000000
10 1 8 4 0.0000000
10 1 8 5 0.0000000
10 1 8 6 -0.0092288
10 1 8 7 -0.0000000
10 1 8 8 0.0110764
10 1 9 0 0.0001169
10 1 9 1 -0.0009201
10 1 9 2 -0.0000000
10 1 9 3 0.0015242
10 1 9 4 -0.0039041
10 1 9 5 -0.0018023
10 1 9 6 -0.0000000
10 1 9 7 -0.0003111
10 1 9 8 -0.0000000
10 1 9 9 0.0407536
10 1 10 0 -0.0005228
10 1 10 1 0.0223863
10 1 10 2 -0.0000000
10 1 10 3 0.0117258
10 1 10 4 -0.0125429
10 1 10 5 -0.0189757
10 1 10 6 -0.0000000
10 1 10 7 -0.0014105
10 1 10 8 -0.0000000
10 1 10 9 0.0001234
10 1 10 10 0.0539412
10 2 0 0 0.0000000
10 2 1 0 -0.0000000
10 2 1 1 0.0000000
10 2 2 0 -0.0006322
10 2 2 1 -0.0003124
10 2 2 2 0.0000000
10 2 3 0 -0.0000000
10 2 3 1 0.0000000
10 2 3 2 -0.0006985
10 2 3 3 0.0000000
10 2 4 0 0.0000000
10 2 4 1 -0.0000000
10 2 4 2 -0.0008271
10 2 4 3 -0.0000000
10 2 4 4 0.0000000
10 2 5 0 0.0000000
10 2 5 1 -0.0000000
10 2 5 2 0.0015729
10 2 5 3 0.0000000
10 2 5 4 -0.0000000
10 2 5 5 0.0000000
10 2 6 0 -0.0009685
10 2 6 1 0.0017277
10 2 6 2 0.0000000
10 2 6 3 -0.0016896
10 2 6 4 0.0007350
10 2 6 5 -0.0003957
10 2 6 6 -0.0000000
10 2 7 0 0.0000000
10 2 7 1 0.0000000
10 2 7 2 0.0032056
10 2 7 3 0.0000000
10 2 7 4 -0.0000000
10 2 7 5 -0.0000000
10 2 7 6 0.0032038
10 2 7 7 0.0000000
10 2 8 0 -0.0000883
10 2 8 1 -0.0003157
10 2 8 2 0.0000000
10 2 8 3 -0.0023683
10 2 8 4 0.0045516
10 2 8 5 0.0033131
10 2 8 6 0.0000000
10 2 8 7 0.0006958
10 2 8 8 0.0000000
10 2 9 0 -0.0000000
10 2 9 1 -0.0000000
10 2 9 2 0.0004755
10 2 9 3 -0.0000000
10 2 9 4 0.0000000
10 2 9 5 0.0000000
10 2 9 6 -0.0005596
10 2 9 7 0.0000000
10 2 9 8 0.0009378
10 2 9 9 0.0000000
10 2 10 0 -0.0000000
10 2 10 1 -0.0000000
10 2 10 2 0.0071286
10 2 10 3 -0.0000000
10 2 10 4 0.0000000
10 2 10 5 0.0000000
10 2 10 6 -0.0042559
10 2 10 7 -0.0000000
10 2 10 8 0.0233007
10 2 10 9 0.0000000
10 2 10 10 -0.0000000
10 3 0 0 -0.0104808
10 3 1 0 -0.0006795
10 3 1 1 -0.0109380
10 3 2 0 -0.0000000
10 3 2 1 0.0000000
10 3 2 2 -0.0090256
10 3 3 0 -0.0001202
10 3 3 1 -0.0037177
10 3 3 2 -0.0000000
10 3 3 3 -0.0118264
10 3 4 0 0.0000660
10 3 4 1 0.0020523
10 3 4 2 0.0000000
10 3 4 3 0.0027394
10 3 4 4 -0.0144030
10 3 5 0 -0.0012092
10 3 5 1 0.0016129
10 3 5 2 0.0000000
10 3 5 3 -0.0009188
10 3 5 4 -0.0035523
10 3 5 5 -0.0092083
10 3 6 0 -0.0000000
10 3 6 1 0.0000000
10 3 6 2 -0.0013180
10 3 6 3 -0.0000000
10 3 6 4 -0.0000000
10 3 6 5 0.0000000
10 3 6 6 -0.0106921
10 3 7 0 0.0004806
10 3 7 1 -0.0019089
10 3 7 2 0.0000000
10 3 7 3 0.0019758
10 3 7 4 0.0054535
10 3 7 5 0.0041725
10 3 7 6 0.0000000
10 3 7 7 -0.0075826
10 3 8 0 -0.0000000
10 3 8 1 -0.0000000
10 3 8 2 0.0028806
10 3 8 3 -0.0000000
10 3 8 4 0.0000000
10 3 8 5 0.0000000
10 3 8 6 -0.0026522
10 3 8 7 -0.0000000
10 3 8 8 -0.0051916
10 3 9 0 0.0000316
10 3 9 1 0.0002326
10 3 9 2 -0.0000000
10 3 9 3 0.0013013
10 3 9 4 -0.0028129
10 3 9 5 -0.0016274
10 3 9 6 -0.0000000
10 3 9 7 0.0001728
10 3 9 8 -0.0000000
10 3 9 9 0.0082077
10 3 10 0 0.0000942
10 3 10 1 0.0117258
10 3 10 2 -0.0000000
10 3 10 3 0.0108897
10 3 10 4 -0.0106489
10 3 10 5 -0.0129030
10 3 10 6 -0.0000000
10 3 10 7 0.0099209
10 3 10 8 -0.0000000
10 3 10 9 -0.0012675
10 3 10 10 0.0177422
10 4 0 0 0.0133402
10 4 1 0 -0.0009539
10 4 1 1 0.0239254
10 4 2 0 0.0000000
10 4 2 1 -0.0000000
10 4 2 2 0.0097280
10 4 3 0 -0.0002133
10 4 3 1 0.0062517
10 4 3 2 0.0000000
10 4 3 3 0.0157818
10 4 4 0 -0.0000016
10 4 4 1 -0.0118665
10 4 4 2 -0.0000000
10 4 4 3 -0.0095081
10 4 4 4 0.0213209
10 4 5 0 -0.0016307
10 4 5 1 0.0013846
10 4 5 2 0.0000000
10 4 5 3 -0.0076617
10 4 5 4 0.0079049
10 4 5 5 0.0212797
10 4 6 0 -0.0000000
10 4 6 1 -0.0000000
10 4 6 2 0.0008417
10 4 6 3 -0.0000000
10 4 6 4 0.0000000
10 4 6 5 0.0000000
10 4 6 6 0.0074744
10 4 7 0 0.0007065
10 4 7 1 0.0012336
10 4 7 2 -0.0000000
10 4 7 3 0.0061720
10 4 7 4 -0.0033223
10 4 7 5 -0.0019888
10 4 7 6 -0.0000000
10 4 7 7 0.0178955
10 4 8 0 -0.0000000
10 4 8 1 0.0000000
10 4 8 2 0.0010200
10 4 8 3 -0.0000000
10 4 8 4 0.0000000
10 4 8 5 0.0000000
10 4 8 6 -0.0011740
10 4 8 7 0.0000000
10 4 8 8 0.0229387
10 4 9 0 -0.0000382
10 4 9 1 -0.0009421
10 4 9 2 0.0000000
10 4 9 3 -0.0019437
10 4 9 4 0.0034106
10 4 9 5 0.0027085
10 4 9 6 0.0000000
10 4 9 7 -0.0002165
10 4 9 8 0.0000000
10 4 9 9 0.0148069
10 4 10 0 0.0001741
10 4 10 1 -0.0125429
10 4 10 2 0.0000000
10 4 10 3 -0.0106489
10 4 10 4 0.0149695
10 4 10 5 0.0142432
10 4 10 6 0.0000000
10 4 10 7 -0.0118758
10 4 10 8 0.0000000
10 4 10 9 0.0030673
10 4 10 10 -0.0020025
10 5 0 0 0.0127557
10 5 1 0 0.0002301
10 5 1 1 0.0182960
10 5 2 0 0.0000000
10 5 2 1 -0.0000000
10 5 2 2 0.0159558
10 5 3 0 -0.0018876
10 5 3 1 0.0058818
10 5 3 2 0.0000000
10 5 3 3 0.0077782
10 5 4 0 -0.0008712
10 5 4 1 0.0024031
10 5 4 2 -0.0000000
10 5 4 3 -0.0071855
10 5 4 4 0.0203661
10 5 5 0 -0.0009859
10 5 5 1 0.0002171
10 5 5 2 0.0000000
10 5 5 3 0.0015189
10 5 5 4 -0.0018706
10 5 5 5 0.0164379
10 5 6 0 0.0000000
10 5 6 1 0.0000000
10 5 6 2 -0.0037281
10 5 6 3 0.0000000
10 5 6 4 0.0000000
10 5 6 5 -0.0000000
10 5 6 6 0.0165997
10 5 7 0 -0.0007920
10 5 7 1 0.0041307
10 5 7 2 -0.0000000
10 5 7 3 0.0021408
10 5 7 4 -0.0000661
10 5 7 5 0.0032003
10 5 7 6 -0.0000000
10 5 7 7 0.0047827
10 5 8 0 -0.0000000
10 5 8 1 0.0000000
10 5 8 2 -0.0070207
10 5 8 3 -0.0000000
10 5 8 4 0.0000000
10 5 8 5 -0.0000000
10 5 8 6 0.0063231
10 5 8 7 0.0000000
10 5 8 8 0.0047573
10 5 9 0 -0.0000599
10 5 9 1 -0.0000748
10 5 9 2 0.0000000
10 5 9 3 -0.0019514
10 5 9 4 0.0046441
10 5 9 5 0.0023526
10 5 9 6 0.0000000
10 5 9 7 0.0001528
10 5 9 8 0.0000000
10 5 9 9 -0.0295994
10 5 10 0 -0.0000775
10 5 10 1 -0.0189757
10 5 10 2 0.0000000
10 5 10 3 -0.0129030
10 5 10 4 0.0142432
10 5 10 5 0.0224792
10 5 10 6 0.0000000
10 5 10 7 -0.0016877
10 5 10 8 0.0000000
10 5 10 9 -0.0001049
10 5 10 10 -0.0418169
10 6 0 0 0.0000000
10 6 1 0 -0.0000000
10 6 1 1 0.0000000
10 6 2 0 -0.0012901
10 6 2 1 0.0084351
10 6 2 2 0.0000000
10 6 3 0 -0.0000000
10 6 3 1 0.0000000
10 6 3 2 -0.0039617
10 6 3 3 0.0000000
10 6 4 0 -0.0000000
10 6 4 1 -0.0000000
10 6 4 2 0.0064272
10 6 4 3 -0.0000000
10 6 4 4 0.0000000
10 6 5 0 0.0000000
10 6 5 1 0.0000000
10 6 5 2 -0.0013751
10 6 5 3 0.0000000
10 6 5 4 0.0000000
10 6 5 5 0.0000000
10 6 6 0 -0.0019821
10 6 6 1 -0.0027941
10 6 6 2 -0.0000000
10 6 6 3 -0.0027606
10 6 6 4 -0.0084103
10 6 6 5 0.0061187
10 6 6 6 0.0000000
10 6 7 0 -0.0000000
10 6 7 1 0.0000000
10 6 7 2 0.0043431
10 6 7 3 0.0000000
10 6 7 4 -0.0000000
10 6 7 5 -0.0000000
10 6 7 6 0.0047682
10 6 7 7 0.0000000
10 6 8 0 0.0000965
10 6 8 1 -0.0030292
10 6 8 2 -0.0000000
10 6 8 3 0.0007201
10 6 8 4 -0.0043978
10 6 8 5 0.0000483
10 6 8 6 0.0000000
10 6 8 7 -0.0013377
10 6 8 8 0.0000000
10 6 9 0 -0.0000000
10 6 9 1 -0.0000000
10 6 9 2 -0.0002924
10 6 9 3 -0.0000000
10 6 9 4 0.0000000
10 6 9 5 0.0000000
10 6 9 6 0.0002604
10 6 9 7 0.0000000
10 6 9 8 -0.0014101
10 6 9 9 -0.0000000
10 6 10 0 -0.0000000
10 6 10 1 -0.0000000
10 6 10 2 -0.0042559
10 6 10 3 -0.0000000
10 6 10 4 0.0000000
10 6 10 5 0.0000000
10 6 10 6 0.0055443
10 6 10 7 -0.0000000
10 6 10 8 -0.0150929
10 6 10 9 0.0000000
10 6 10 10 -0.0000000
10 7 0 0 0.0551922
10 7 1 0 0.0026189
10 7 1 1 -0.0078804
10 7 2 0 0.0000000
10 7 2 1 0.0000000
10 7 2 2 0.0111451
10 7 3 0 -0.0016610
10 7 3 1 -0.0056103
10 7 3 2 0.0000000
10 7 3 3 0.0148875
10 7 4 0 -0.0010082
10 7 4 1 0.0057709
10 7 4 2 -0.0000000
10 7 4 3 0.0200993
10 7 4 4 -0.0131767
10 7 5 0 0.0028593
10 7 5 1 0.0182981
10 7 5 2 -0.0000000
10 7 5 3 0.0188034
10 7 5 4 -0.0044727
10 7 5 5 0.0058938
10 7 6 0 0.0000000
10 7 6 1 0.0000000
10 7 6 2 0.0228902
10 7 6 3 0.0000000
10 7 6 4 -0.0000000
10 7 6 5 -0.0000000
10 7 6 6 0.0155588
10 7 7 0 -0.0023882
10 7 7 1 -0.0035296
10 7 7 2 0.0000000
10 7 7 3 -0.0171583
10 7 7 4 0.0188123
10 7 7 5 0.0155940
10 7 7 6 0.0000000
10 7 7 7 0.0054839
10 7 8 0 0.0000000
10 7 8 1 0.0000000
10 7 8 2 -0.0057273
10 7 8 3 0.0000000
10 7 8 4 0.0000000
10 7 8 5 -0.0000000
10 7 8 6 0.0005447
10 7 8 7 0.0000000
10 7 8 8 -0.0340625
10 7 9 0 -0.0000872
10 7 9 1 0.0000384
10 7 9 2 0.0000000
10 7 9 3 -0.0001841
10 7 9 4 0.0012645
10 7 9 5 0.0008553
10 7 9 6 0.0000000
10 7 9 7 0.0002960
10 7 9 8 0.0000000
10 7 9 9 -0.0632210
10 7 10 0 0.0000158
10 7 10 1 -0.0014105
10 7 10 2 -0.0000000
10 7 10 3 0.0099209
10 7 10 4 -0.0118758
10 7 10 5 -0.0016877
10 7 10 6 -0.0000000
10 7 10 7 0.0750995
10 7 10 8 -0.0000000
10 7 10 9 -0.0038252
10 7 10 10 -0.0676366
10 8 0 0 0.0000000
10 8 1 0 -0.0000000
10 8 1 1 -0.0000000
10 8 2 0 -0.0010359
10 8 2 1 0.0258066
10 8 2 2 0.0000000
10 8 3 0 0.0000000
10 8 3 1 -0.0000000
10 8 3 2 -0.0059832
10 8 3 3 0.0000000
10 8 4 0 0.0000000
10 8 4 1 0.0000000
10 8 4 2 0.0268043
10 8 4 3 -0.0000000
10 8 4 4 0.0000000
10 8 5 0 0.0000000
10 8 5 1 0.0000000
10 8 5 2 -0.0062866
10 8 5 3 0.0000000
10 8 5 4 0.0000000
10 8 5 5 -0.0000000
10 8 6 0 -0.0012926
10 8 6 1 -0.0174557
10 8 6 2 -0.0000000
10 8 6 3 -0.0004306
10 8 6 4 -0.0293555
10 8 6 5 0.0183313
10 8 6 6 0.0000000
10 8 7 0 -0.0000000
10 8 7 1 -0.0000000
10 8 7 2 0.0049267
10 8 7 3 -0.0000000
10 8 7 4 0.0000000
10 8 7 5 0.0000000
10 8 7 6 -0.0012412
10 8 7 7 -0.0000000
10 8 8 0 -0.0004839
10 8 8 1 -0.0218619
10 8 8 2 0.0000000
10 8 8 3 -0.0178818
10 8 8 4 0.0168408
10 8 8 5 0.0330054
10 8 8 6 0.0000000
10 8 8 7 -0.0012069
10 8 8 8 0.0000000
10 8 9 0 -0.0000000
10 8 9 1 -0.0000000
10 8 9 2 0.0026086
10 8 9 3 -0.0000000
10 8 9 4 0.0000000
10 8 9 5 0.0000000
10 8 9 6 -0.0032364
10 8 9 7 0.0000000
10 8 9 8 -0.0000316
10 8 9 9 -0.0000000
10 8 10 0 -0.0000000
10 8 10 1 -0.0000000
10 8 10 2 0.0233007
10 8 10 3 -0.0000000
10 8 10 4 0.0000000
10 8 10 5 0.0000000
10 8 10 6 -0.0150929
10 8 10 7 -0.0000000
10 8 10 8 0.1090352
10 8 10 9 0.0000000
10 8 10 10 -0.0000000
10 9 0 0 0.0125059
10 9 1 0 -0.0002106
10 9 1 1 0.0244424
10 9 2 0 -0.0000000
10 9 2 1 -0.0000000
10 9 2 2 0.0137241
10 9 3 0 -0.0003438
10 9 3 1 0.0119126
10 9 3 2 -0.0000000
10 9 3 3 0.0196001
10 9 4 0 -0.0002020
10 9 4 1 -0.0148089
10 9 4 2 0.0000000
10 9 4 3 -0.0163492
10 9 4 4 0.0334264
10 9 5 0 -0.0006181
10 9 5 1 -0.0088768
10 9 5 2 0.0000000
10 9 5 3 -0.0116944
10 9 5 4 0.0180231
10 9 5 5 0.0293772
10 9 6 0 -0.0000000
10 9 6 1 -0.0000000
10 9 6 2 -0.0027583
10 9 6 3 -0.0000000
10 9 6 4 0.0000000
10 9 6 5 0.0000000
10 9 6 6 0.0123426
10 9 7 0 0.0001055
10 9 7 1 -0.0010454
10 9 7 2 0.0000000
10 9 7 3 0.0030657
10 9 7 4 -0.0002894
10 9 7 5 0.0018197
10 9 7 6 0.0000000
10 9 7 7 0.0335518
10 9 8 0 -0.0000000
10 9 8 1 -0.0000000
10 9 8 2 0.0097120
10 9 8 3 -0.0000000
10 9 8 4 0.0000000
10 9 8 5 0.0000000
10 9 8 6 -0.0087724
10 9 8 7 0.0000000
10 9 8 8 0.0496117
10 9 9 0 0.0002714
10 9 9 1 0.0047407
10 9 9 2 -0.0000000
10 9 9 3 0.0093592
10 9 9 4 -0.0186616
10 9 9 5 -0.0114995
10 9 9 6 -0.0000000
10 9 9 7 -0.0036628
10 9 9 8 -0.0000000
10 9 9 9 0.3648299
10 9 10 0 -0.0000063
10 9 10 1 0.0001234
10 9 10 2 0.0000000
10 9 10 3 -0.0012675
10 9 10 4 0.0030673
10 9 10 5 -0.0001049
10 9 10 6 0.0000000
10 9 10 7 -0.0038252
10 9 10 8 0.0000000
10 9 10 9 0.0530072
10 9 10 10 0.0389064
10 10 0 0 0.2902871
10 10 1 0 -0.0021228
10 10 1 1 0.3877092
10 10 2 0 -0.0000000
10 10 2 1 -0.0000000
10 10 2 2 0.3101678
10 10 3 0 -0.0026502
10 10 3 1 0.0681907
10 10 3 2 -0.0000000
10 10 3 3 0.3103188
10 10 4 0 -0.0010604
10 10 4 1 -0.0638413
10 10 4 2 0.0000000
10 10 4 3 -0.0846022
10 10 4 4 0.3920976
10 10 5 0 -0.0047155
10 10 5 1 -0.0610764
10 10 5 2 0.0000000
10 10 5 3 -0.0694425
10 10 5 4 0.0694662
10 10 5 5 0.3965750
10 10 6 0 -0.0000000
10 10 6 1 -0.0000000
10 10 6 2 -0.0398139
10 10 6 3 -0.0000000
10 10 6 4 0.0000000
10 10 6 5 0.0000000
10 10 6 6 0.3054556
10 10 7 0 0.0014384
10 10 7 1 -0.0021948
10 10 7 2 0.0000000
10 10 7 3 0.0372021
10 10 7 4 -0.0133195
10 10 7 5 0.0017726
10 10 7 6 -0.0000000
10 10 7 7 0.4644444
10 10 8 0 -0.0000000
10 10 8 1 -0.0000000
10 10 8 2 0.0664956
10 10 8 3 -0.0000000
10 10 8 4 0.0000000
10 10 8 5 0.0000000
10 10 8 6 -0.0488038
10 10 8 7 -0.0000000
10 10 8 8 0.6110799
10 10 9 0 0.0005264
10 10 9 1 -0.0034000
10 10 9 2 -0.0000000
10 10 9 3 0.0058681
10 10 9 4 -0.0164037
10 10 9 5 -0.0059856
10 10 9 6 -0.0000000
10 10 9 7 -0.0004442
10 10 9 8 -0.0000000
10 10 9 9 0.8412153
10 10 10 0 -0.0010836
10 10 10 1 0.0539412
10 10 10 2 -0.0000000
10 10 10 3 0.0177422
10 10 10 4 -0.0020025
10 10 10 5 -0.0418169
10 10 10 6 -0.0000000
10 10 10 7 -0.0676366
10 10 10 8 -0.0000000
10 10 10 9 0.0389064
10 10 10 10 0.7072812
11 0 0 0 -0.0814071
11 0 1 0 -0.0034084
11 0 1 1 -0.0070356
11 0 2 0 -0.0000000
11 0 2 1 0.0000000
11 0 2 2 -0.0008039
11 0 3 0 0.0031133
11 0 3 1 0.0053766
11 0 3 2 0.0000000
11 0 3 3 -0.0051272
11 0 4 0 0.0025515
11 0 4 1 0.0030201
11 0 4 2 -0.0000000
11 0 4 3 -0.0023605
11 0 4 4 -0.0030638
11 0 5 0 -0.0052799
11 0 5 1 -0.0046748
11 0 5 2 -0.0000000
11 0 5 3 0.0060346
11 0 5 4 0.0034010
11 0 5 5 -0.0047102
11 0 6 0 -0.0000000
11 0 6 1 -0.0000000
11 0 6 2 0.0016542
11 0 6 3 0.0000000
11 0 6 4 0.0000000
11 0 6 5 -0.0000000
11 0 6 6 0.0006869
11 0 7 0 -0.0111468
11 0 7 1 0.0016155
11 0 7 2 -0.0000000
11 0 7 3 -0.0026128
11 0 7 4 -0.0013419
11 0 7 5 0.0033566
11 0 7 6 0.0000000
11 0 7 7 0.0064523
11 0 8 0 -0.0000000
11 0 8 1 -0.0000000
11 0 8 2 0.0001562
11 0 8 3 -0.0000000
11 0 8 4 0.0000000
11 0 8 5 0.0000000
11 0 8 6 -0.0002283
11 0 8 7 -0.0000000
11 0 8 8 -0.0008654
11 0 9 0 0.0001216
11 0 9 1 -0.0000936
11 0 9 2 -0.0000000
11 0 9 3 0.0000650
11 0 9 4 0.0000144
11 0 9 5 -0.0000569
11 0 9 6 -0.0000000
11 0 9 7 -0.0000475
11 0 9 8 -0.0000000
11 0 9 9 -0.0008097
11 0 10 0 -0.0026937
11 0 10 1 0.0011037
11 0 10 2 -0.0000000
11 0 10 3 -0.0005159
11 0 10 4 -0.0006601
11 0 10 5 0.0008163
11 0 10 6 0.0000000
11 0 10 7 0.0020188
11 0 10 8 -0.0000000
11 0 10 9 0.0000019
11 0 10 10 -0.0005747
11 0 11 0 0.0110498
11 0 11 1 -0.0033396
11 0 11 2 -0.0000000
11 0 11 3 0.0021031
11 0 11 4 0.0021539
11 0 11 5 -0.0036679
11 0 11 6 -0.0000000
11 0 11 7 -0.0071469
11 0 11 8 -0.0000000
11 0 11 9 -0.0000720
11 0 11 10 -0.0010747
11 0 11 11 0.0067907
11 1 0 0 0.0092335
11 1 1 0 -0.0020401
11 1 1 1 0.0088557
11 1 2 0 0.0000000
11 1 2 1 -0.0000000
11 1 2 2 -0.0013225
11 1 3 0 0.0048327
11 1 3 1 -0.0223348
11 1 3 2 0.0000000
11 1 3 3 0.0150789
11 1 4 0 0.0023550
11 1 4 1 -0.0036690
11 1 4 2 0.0000000
11 1 4 3 0.0136406
11 1 4 4 0.0000961
11 1 5 0 0.0001616
11 1 5 1 0.0079664
11 1 5 2 0.0000000
11 1 5 3 -0.0107317
11 1 5 4 -0.0080735
11 1 5 5 -0.0030172
11 1 6 0 0.0000000
11 1 6 1 0.0000000
11 1 6 2 -0.0015815
11 1 6 3 -0.0000000
11 1 6 4 -0.0000000
11 1 6 5 -0.0000000
11 1 6 6 -0.0000934
11 1 7 0 0.0031427
11 1 7 1 -0.0007920
11 1 7 2 -0.0000000
11 1 7 3 0.0082503
11 1 7 4 -0.0112090
11 1 7 5 -0.0239562
11 1 7 6 -0.0000000
11 1 7 7 -0.0120894
11 1 8 0 0.0000000
11 1 8 1 0.0000000
11 1 8 2 -0.0002281
11 1 8 3 0.0000000
11 1 8 4 -0.0000000
11 1 8 5 -0.0000000
11 1 8 6 0.0017384
11 1 8 7 -0.0000000
11 1 8 8 -0.0080848
11 1 9 0 -0.0000534
11 1 9 1 0.0007872
11 1 9 2 -0.0000000
11 1 9 3 0.0000201
11 1 9 4 -0.0008528
11 1 9 5 -0.0005985
11 1 9 6 -0.0000000
11 1 9 7 -0.0004221
11 1 9 8 -0.0000000
11 1 9 9 -0.0084171
11 1 10 0 0.0008237
11 1 10 1 -0.0035232
11 1 10 2 -0.0000000
11 1 10 3 0.0005299
11 1 10 4 0.0004685
11 1 10 5 -0.0061588
11 1 10 6 -0.0000000
11 1 10 7 -0.0125458
11 1 10 8 -0.0000000
11 1 10 9 -0.0020262
11 1 10 10 0.0097865
11 1 11 0 -0.0033396
11 1 11 1 0.0284225
11 1 11 2 0.0000000
11 1 11 3 0.0099170
11 1 11 4 -0.0136502
11 1 11 5 0.0082966
11 1 11 6 0.0000000
11 1 11 7 0.0004496
11 1 11 8 -0.0000000
11 1 11 9 -0.0000253
11 1 11 10 -0.0069980
11 1 11 11 -0.0198464
11 2 0 0 -0.0000000
11 2 1 0 0.0000000
11 2 1 1 -0.0000000
11 2 2 0 0.0042748
11 2 2 1 -0.0166695
11 2 2 2 -0.0000000
11 2 3 0 0.0000000
11 2 3 1 -0.0000000
11 2 3 2 0.0089636
11 2 3 3 0.0000000
11 2 4 0 -0.0000000
11 2 4 1 0.0000000
11 2 4 2 -0.0092995
11 2 4 3 -0.0000000
11 2 4 4 -0.0000000
11 2 5 0 -0.0000000
11 2 5 1 0.0000000
11 2 5 2 -0.0039121
11 2 5 3 -0.0000000
11 2 5 4 -0.0000000
11 2 5 5 0.0000000
11 2 6 0 0.0064981
11 2 6 1 -0.0023591
11 2 6 2 -0.0000000
11 2 6 3 0.0093257
11 2 6 4 0.0112250
11 2 6 5 -0.0108023
11 2 6 6 -0.0000000
11 2 7 0 0.0000000
11 2 7 1 -0.0000000
11 2 7 2 -0.0153605
11 2 7 3 -0.0000000
11 2 7 4 0.0000000
11 2 7 5 0.0000000
11 2 7 6 -0.0181162
11 2 7 7 -0.0000000
11 2 8 0 -0.0001307
11 2 8 1 0.0038397
11 2 8 2 0.0000000
11 2 8 3 0.0008671
11 2 8 4 0.0027113
11 2 8 5 -0.0003303
11 2 8 6 0.0000000
11 2 8 7 0.0037075
11 2 8 8 -0.0000000
11 2 9 0 0.0000000
11 2 9 1 -0.0000000
11 2 9 2 -0.0000451
11 2 9 3 -0.0000000
11 2 9 4 0.0000000
11 2 9 5 -0.0000000
11 2 9 6 0.0000597
11 2 9 7 0.0000000
11 2 9 8 0.0005436
11 2 9 9 -0.0000000
11 2 10 0 -0.0000000
11 2 10 1 -0.0000000
11 2 10 2 -0.0019055
11 2 10 3 -0.0000000
11 2 10 4 0.0000000
11 2 10 5 0.0000000
11 2 10 6 -0.0054116
11 2 10 7 0.0000000
11 2 10 8 0.0038608
11 2 10 9 0.0000000
11 2 10 10 -0.0000000
11 2 11 0 -0.0000000
11 2 11 1 0.0000000
11 2 11 2 0.0188030
11 2 11 3 0.0000000
11 2 11 4 -0.0000000
11 2 11 5 -0.0000000
11 2 11 6 0.0166023
11 2 11 7 0.0000000
11 2 11 8 0.0010033
11 2 11 9 0.0000000
11 2 11 10 0.0000000
11 2 11 11 -0.0000000
11 3 0 0 -0.0184269
11 3 1 0 0.0037698
11 3 1 1 -0.0342959
11 3 2 0 0.0000000
11 3 2 1 -0.0000000
11 3 2 2 -0.0133283
11 3 3 0 0.0027787
11 3 3 1 -0.0032695
11 3 3 2 0.0000000
11 3 3 3 -0.0053445
11 3 4 0 0.0006214
11 3 4 1 0.0064352
11 3 4 2 -0.0000000
11 3 4 3 0.0095842
11 3 4 4 -0.0154805
11 3 5 0 0.0080136
11 3 5 1 -0.0150391
11 3 5 2 -0.0000000
11 3 5 3 0.0082253
11 3 5 4 0.0069428
11 3 5 5 -0.0324090
11 3 6 0 0.0000000
11 3 6 1 -0.0000000
11 3 6 2 0.0059120
11 3 6 3 0.0000000
11 3 6 4 0.0000000
11 3 6 5 -0.0000000
11 3 6 6 -0.0056976
11 3 7 0 -0.0020476
11 3 7 1 0.0043050
11 3 7 2 -0.0000000
11 3 7 3 -0.0131906
11 3 7 4 -0.0174535
11 3 7 5 -0.0177692
11 3 7 6 -0.0000000
11 3 7 7 -0.0015328
11 3 8 0 -0.0000000
11 3 8 1 -0.0000000
11 3 8 2 0.0036771
11 3 8 3 -0.0000000
11 3 8 4 0.0000000
11 3 8 5 0.0000000
11 3 8 6 -0.0014032
11 3 8 7 -0.0000000
11 3 8 8 -0.0098357
11 3 9 0 0.0000632
11 3 9 1 -0.0001569
11 3 9 2 -0.0000000
11 3 9 3 0.0005082
11 3 9 4 -0.0012491
11 3 9 5 -0.0010411
11 3 9 6 -0.0000000
11 3 9 7 -0.0009427
11 3 9 8 -0.0000000
11 3 9 9 0.0002649
11 3 10 0 -0.0006553
11 3 10 1 0.0051163
11 3 10 2 -0.0000000
11 3 10 3 -0.0032576
11 3 10 4 -0.0034276
11 3 10 5 -0.0062805
11 3 10 6 -0.0000000
11 3 10 7 -0.0067653
11 3 10 8 -0.0000000
11 3 10 9 -0.0002268
11 3 10 10 0.0099192
11 3 11 0 0.0021031
11 3 11 1 0.0099170
11 3 11 2 0.0000000
11 3 11 3 0.0294437
11 3 11 4 -0.0012013
11 3 11 5 0.0046576
11 3 11 6 0.0000000
11 3 11 7 -0.0067158
11 3 11 8 -0.0000000
11 3 11 9 -0.0005236
11 3 11 10 -0.0033560
11 3 11 11 -0.0123054
11 4 0 0 0.0072241
11 4 1 0 0.0025288
11 4 1 1 -0.0087609
11 4 2 0 -0.0000000
11 4 2 1 0.0000000
11 4 2 2 -0.0029483
11 4 3 0 -0.0005286
11 4 3 1 0.0075700
11 4 3 2 -0.0000000
11 4 3 3 0.0050826
11 4 4 0 -0.0005622
11 4 4 1 -0.0014841
11 4 4 2 0.0000000
11 4 4 3 0.0016462
11 4 4 4 -0.0021527
11 4 5 0 0.0036904
11 4 5 1 -0.0044392
11 4 5 2 -0.0000000
11 4 5 3 0.0091329
11 4 5 4 0.0079709
11 4 5 5 -0.0017827
11 4 6 0 0.0000000
11 4 6 1 -0.0000000
11 4 6 2 0.0067072
11 4 6 3 0.0000000
11 4 6 4 0.0000000
11 4 6 5 0.0000000
11 4 6 6 0.0017334
11 4 7 0 -0.0021902
11 4 7 1 -0.0062885
11 4 7 2 0.0000000
11 4 7 3 -0.0165023
11 4 7 4 0.0094466
11 4 7 5 0.0104419
11 4 7 6 0.0000000
11 4 7 7 0.0110179
11 4 8 0 0.0000000
11 4 8 1 -0.0000000
11 4 8 2 0.0011529
11 4 8 3 -0.0000000
11 4 8 4 0.0000000
11 4 8 5 0.0000000
11 4 8 6 -0.0017361
11 4 8 7 0.0000000
11 4 8 8 -0.0000762
11 4 9 0 0.0000206
11 4 9 1 -0.0008102
11 4 9 2 0.0000000
11 4 9 3 -0.0002598
11 4 9 4 0.0010745
11 4 9 5 0.0009823
11 4 9 6 0.0000000
11 4 9 7 0.0013875
11 4 9 8 -0.0000000
11 4 9 9 -0.0038565
11 4 10 0 -0.0004574
11 4 10 1 0.0000189
11 4 10 2 0.0000000
11 4 10 3 -0.0006421
11 4 10 4 -0.0022642
11 4 10 5 0.0018233
11 4 10 6 0.0000000
11 4 10 7 0.0191660
11 4 10 8 0.0000000
11 4 10 9 0.0005744
11 4 10 10 -0.0173956
11 4 11 0 0.0021539
11 4 11 1 -0.0136502
11 4 11 2 -0.0000000
11 4 11 3 -0.0012013
11 4 11 4 0.0181286
11 4 11 5 0.0082562
11 4 11 6 0.0000000
11 4 11 7 -0.0038405
11 4 11 8 0.0000000
11 4 11 9 0.0010045
11 4 11 10 0.0089886
11 4 11 11 0.0177292
11 5 0 0 -0.0103547
11 5 1 0 -0.0013914
11 5 1 1 -0.0005368
11 5 2 0 -0.0000000
11 5 2 1 0.0000000
11 5 2 2 -0.0048912
11 5 3 0 0.0078194
11 5 3 1 -0.0149657
11 5 3 2 -0.0000000
11 5 3 3 0.0174140
11 5 4 0 0.0036650
11 5 4 1 -0.0051085
11 5 4 2 0.0000000
11 5 4 3 0.0129086
11 5 4 4 0.0036402
11 5 5 0 0.0030528
11 5 5 1 -0.0025508
11 5 5 2 0.0000000
11 5 5 3 -0.0086330
11 5 5 4 -0.0009176
11 5 5 5 -0.0123322
11 5 6 0 -0.0000000
11 5 6 1 -0.0000000
11 5 6 2 -0.0016523
11 5 6 3 -0.0000000
11 5 6 4 -0.0000000
11 5 6 5 0.0000000
11 5 6 6 -0.0038523
11 5 7 0 0.0033368
11 5 7 1 -0.0135214
11 5 7 2 0.0000000
11 5 7 3 -0.0129064
11 5 7 4 0.0056394
11 5 7 5 -0.0133172
11 5 7 6 0.0000000
11 5 7 7 -0.0109732
11 5 8 0 0.0000000
11 5 8 1 -0.0000000
11 5 8 2 0.0006087
11 5 8 3 -0.0000000
11 5 8 4 -0.0000000
11 5 8 5 0.0000000
11 5 8 6 0.0004058
11 5 8 7 0.0000000
11 5 8 8 -0.0031422
11 5 9 0 -0.0000221
11 5 9 1 -0.0002890
11 5 9 2 0.0000000
11 5 9 3 -0.0004366
11 5 9 4 0.0008371
11 5 9 5 0.0007656
11 5 9 6 0.0000000
11 5 9 7 0.0012230
11 5 9 8 -0.0000000
11 5 9 9 -0.0065631
11 5 10 0 0.0008771
11 5 10 1 -0.0056816
11 5 10 2 0.0000000
11 5 10 3 -0.0022950
11 5 10 4 0.0007611
11 5 10 5 -0.0022822
11 5 10 6 0.0000000
11 5 10 7 0.0056586
11 5 10 8 0.0000000
11 5 10 9 0.0003437
11 5 10 10 -0.0167422
11 5 11 0 -0.0036679
11 5 11 1 0.0082966
11 5 11 2 -0.0000000
11 5 11 3 0.0046576
11 5 11 4 0.0082562
11 5 11 5 0.0291488
11 5 11 6 0.0000000
11 5 11 7 0.0122326
11 5 11 8 0.0000000
11 5 11 9 0.0012381
11 5 11 10 0.0055138
11 5 11 11 -0.0120650
11 6 0 0 -0.0000000
11 6 1 0 -0.0000000
11 6 1 1 -0.0000000
11 6 2 0 0.0056326
11 6 2 1 -0.0188088
11 6 2 2 -0.0000000
11 6 3 0 0.0000000
11 6 3 1 -0.0000000
11 6 3 2 0.0125478
11 6 3 3 0.0000000
11 6 4 0 0.0000000
11 6 4 1 -0.0000000
11 6 4 2 -0.0082132
11 6 4 3 0.0000000
11 6 4 4 -0.0000000
11 6 5 0 -0.0000000
11 6 5 1 -0.0000000
11 6 5 2 -0.0046329
11 6 5 3 -0.0000000
11 6 5 4 -0.0000000
11 6 5 5 0.0000000
11 6 6 0 0.0084613
11 6 6 1 -0.0022006
11 6 6 2 -0.0000000
11 6 6 3 0.0125109
11 6 6 4 0.0138517
11 6 6 5 -0.0115816
11 6 6 6 -0.0000000
11 6 7 0 0.0000000
11 6 7 1 -0.0000000
11 6 7 2 -0.0185370
11 6 7 3 -0.0000000
11 6 7 4 0.0000000
11 6 7 5 0.0000000
11 6 7 6 -0.0194601
11 6 7 7 -0.0000000
11 6 8 0 -0.0001401
11 6 8 1 0.0056791
11 6 8 2 0.0000000
11 6 8 3 0.0017870
11 6 8 4 -0.0001713
11 6 8 5 -0.0034886
11 6 8 6 -0.0000000
11 6 8 7 -0.0019789
11 6 8 8 -0.0000000
11 6 9 0 -0.0000000
11 6 9 1 -0.0000000
11 6 9 2 -0.0003938
11 6 9 3 -0.0000000
11 6 9 4 0.0000000
11 6 9 5 0.0000000
11 6 9 6 0.0004677
11 6 9 7 0.0000000
11 6 9 8 0.0001398
11 6 9 9 -0.0000000
11 6 10 0 0.0000000
11 6 10 1 -0.0000000
11 6 10 2 -0.0047499
11 6 10 3 -0.0000000
11 6 10 4 0.0000000
11 6 10 5 0.0000000
11 6 10 6 -0.0041165
11 6 10 7 0.0000000
11 6 10 8 -0.0084656
11 6 10 9 0.0000000
11 6 10 10 -0.0000000
11 6 11 0 -0.0000000
11 6 11 1 0.0000000
11 6 11 2 0.0166023
11 6 11 3 0.0000000
11 6 11 4 0.0000000
11 6 11 5 0.0000000
11 6 11 6 0.0221871
11 6 11 7 0.0000000
11 6 11 8 -0.0058127
11 6 11 9 0.0000000
11 6 11 10 0.0000000
11 6 11 11 -0.0000000
11 7 0 0 -0.2545628
11 7 1 0 -0.0092839
11 7 1 1 -0.0085600
11 7 2 0 -0.0000000
11 7 2 1 -0.0000000
11 7 2 2 -0.0721178
11 7 3 0 0.0050057
11 7 3 1 0.0455968
11 7 3 2 -0.0000000
11 7 3 3 -0.0891979
11 7 4 0 0.0035204
11 7 4 1 -0.0317883
11 7 4 2 0.0000000
11 7 4 3 -0.0831067
11 7 4 4 0.0205721
11 7 5 0 -0.0111677
11 7 5 1 -0.0812986
11 7 5 2 0.0000000
11 7 5 3 -0.0688687
11 7 5 4 0.0334536
11 7 5 5 -0.0441108
11 7 6 0 -0.0000000
11 7 6 1 -0.0000000
11 7 6 2 -0.0857949
11 7 6 3 -0.0000000
11 7 6 4 0.0000000
11 7 6 5 0.0000000
11 7 6 6 -0.0939766
11 7 7 0 0.0073495
11 7 7 1 -0.0055522
11 7 7 2 0.0000000
11 7 7 3 0.0262043
11 7 7 4 0.0112551
11 7 7 5 -0.0006912
11 7 7 6 0.0000000
11 7 7 7 0.0050325
11 7 8 0 -0.0000000
11 7 8 1 -0.0000000
11 7 8 2 0.0374417
11 7 8 3 -0.0000000
11 7 8 4 0.0000000
11 7 8 5 0.0000000
11 7 8 6 -0.0203934
11 7 8 7 0.0000000
11 7 8 8 0.1510891
11 7 9 0 0.0004470
11 7 9 1 -0.0033624
11 7 9 2 -0.0000000
11 7 9 3 0.0013812
11 7 9 4 -0.0052992
11 7 9 5 -0.0013320
11 7 9 6 -0.0000000
11 7 9 7 0.0011149
11 7 9 8 -0.0000000
11 7 9 9 0.2608275
11 7 10 0 0.0005058
11 7 10 1 0.0163093
11 7 10 2 0.0000000
11 7 10 3 0.0057710
11 7 10 4 0.0084752
11 7 10 5 -0.0078743
11 7 10 6 -0.0000000
11 7 10 7 -0.0287872
11 7 10 8 0.0000000
11 7 10 9 0.0193253
11 7 10 10 0.1626445
11 7 11 0 -0.0071469
11 7 11 1 0.0004496
11 7 11 2 0.0000000
11 7 11 3 -0.0067158
11 7 11 4 -0.0038405
11 7 11 5 0.0122326
11 7 11 6 0.0000000
11 7 11 7 0.2035798
11 7 11 8 0.0000000
11 7 11 9 0.0030647
11 7 11 10 0.0593360
11 7 11 11 -0.0251490
11 8 0 0 0.0000000
11 8 1 0 -0.0000000
11 8 1 1 -0.0000000
11 8 2 0 -0.0005155
11 8 2 1 0.0073622
11 8 2 2 0.0000000
11 8 3 0 -0.0000000
11 8 3 1 -0.0000000
11 8 3 2 -0.0008226
11 8 3 3 0.0000000
11 8 4 0 0.0000000
11 8 4 1 0.0000000
11 8 4 2 0.0078447
11 8 4 3 -0.0000000
11 8 4 4 0.0000000
11 8 5 0 0.0000000
11 8 5 1 0.0000000
11 8 5 2 -0.0000476
11 8 5 3 0.0000000
11 8 5 4 0.0000000
11 8 5 5 -0.0000000
11 8 6 0 -0.0007658
11 8 6 1 -0.0027116
11 8 6 2 0.0000000
11 8 6 3 -0.0003943
11 8 6 4 -0.0078224
11 8 6 5 0.0047865
11 8 6 6 0.0000000
11 8 7 0 -0.0000000
11 8 7 1 -0.0000000
11 8 7 2 0.0067739
11 8 7 3 -0.0000000
11 8 7 4 0.0000000
11 8 7 5 0.0000000
11 8 7 6 -0.0014818
11 8 7 7 0.0000000
11 8 8 0 -0.0000801
11 8 8 1 -0.0077142
11 8 8 2 0.0000000
11 8 8 3 -0.0044127
11 8 8 4 0.0050771
11 8 8 5 0.0097783
11 8 8 6 0.0000000
11 8 8 7 0.0181298
11 8 8 8 0.0000000
11 8 9 0 -0.0000000
11 8 9 1 -0.0000000
11 8 9 2 0.0006623
11 8 9 3 -0.0000000
11 8 9 4 0.0000000
11 8 9 5 0.0000000
11 8 9 6 -0.0007263
11 8 9 7 0.0000000
11 8 9 8 0.0001755
11 8 9 9 -0.0000000
11 8 10 0 -0.0000000
11 8 10 1 -0.0000000
11 8 10 2 0.0065073
11 8 10 3 -0.0000000
11 8 10 4 0.0000000
11 8 10 5 0.0000000
11 8 10 6 -0.0040356
11 8 10 7 0.0000000
11 8 10 8 0.0253058
11 8 10 9 0.0000000
11 8 10 10 -0.0000000
11 8 11 0 -0.0000000
11 8 11 1 -0.0000000
11 8 11 2 0.0010033
11 8 11 3 -0.0000000
11 8 11 4 0.0000000
11 8 11 5 0.0000000
11 8 11 6 -0.0058127
11 8 11 7 0.0000000
11 8 11 8 0.0229403
11 8 11 9 0.0000000
11 8 11 10 0.0000000
11 8 11 11 0.0000000
11 9 0 0 0.0046733
11 9 1 0 -0.0000697
11 9 1 1 0.0063384
11 9 2 0 -0.0000000
11 9 2 1 -0.0000000
11 9 2 2 0.0038439
11 9 3 0 0.0000064
11 9 3 1 0.0012655
11 9 3 2 -0.0000000
11 9 3 3 0.0051182
11 9 4 0 -0.0000009
11 9 4 1 -0.0027712
11 9 4 2 0.0000000
11 9 4 3 -0.0022438
11 9 4 4 0.0071460
11 9 5 0 -0.0000854
11 9 5 1 -0.0010981
11 9 5 2 0.0000000
11 9 5 3 -0.0021422
11 9 5 4 0.0028136
11 9 5 5 0.0066678
11 9 6 0 -0.0000000
11 9 6 1 -0.0000000
11 9 6 2 -0.0003856
11 9 6 3 -0.0000000
11 9 6 4 0.0000000
11 9 6 5 0.0000000
11 9 6 6 0.0037732
11 9 7 0 0.0000921
11 9 7 1 -0.0009843
11 9 7 2 0.0000000
11 9 7 3 -0.0001543
11 9 7 4 0.0011278
11 9 7 5 0.0007436
11 9 7 6 0.0000000
11 9 7 7 0.0065732
11 9 8 0 -0.0000000
11 9 8 1 -0.0000000
11 9 8 2 0.0013276
11 9 8 3 -0.0000000
11 9 8 4 0.0000000
11 9 8 5 0.0000000
11 9 8 6 -0.0011791
11 9 8 7 0.0000000
11 9 8 8 0.0085152
11 9 9 0 0.0000582
11 9 9 1 0.0003473
11 9 9 2 -0.0000000
11 9 9 3 0.0021209
11 9 9 4 -0.0028846
11 9 9 5 -0.0014041
11 9 9 6 -0.0000000
11 9 9 7 0.0066747
11 9 9 8 -0.0000000
11 9 9 9 0.0538249
11 9 10 0 0.0000287
11 9 10 1 -0.0007107
11 9 10 2 0.0000000
11 9 10 3 -0.0003488
11 9 10 4 0.0006244
11 9 10 5 0.0002671
11 9 10 6 0.0000000
11 9 10 7 -0.0007309
11 9 10 8 0.0000000
11 9 10 9 0.0071202
11 9 10 10 0.0059734
11 9 11 0 -0.0000720
11 9 11 1 -0.0000253
11 9 11 2 0.0000000
11 9 11 3 -0.0005236
11 9 11 4 0.0010045
11 9 11 5 0.0012381
11 9 11 6 0.0000000
11 9 11 7 0.0030647
11 9 11 8 0.0000000
11 9 11 9 0.0067784
11 9 11 10 -0.0001085
11 9 11 11 0.0052265
11 10 0 0 -0.0747394
11 10 1 0 -0.0014930
11 10 1 1 -0.0225708
11 10 2 0 -0.0000000
11 10 2 1 -0.0000000
11 10 2 2 -0.0291180
11 10 3 0 0.0008586
11 10 3 1 0.0136085
11 10 3 2 -0.0000000
11 10 3 3 -0.0359200
11 10 4 0 0.0006623
11 10 4 1 -0.0054799
11 10 4 2 0.0000000
11 10 4 3 -0.0176333
11 10 4 4 -0.0123091
11 10 5 0 -0.0018855
11 10 5 1 -0.0240269
11 10 5 2 0.0000000
11 10 5 3 -0.0138569
11 10 5 4 0.0098197
11 10 5 5 -0.0242679
11 10 6 0 -0.0000000
11 10 6 1 -0.0000000
11 10 6 2 -0.0198012
11 10 6 3 -0.0000000
11 10 6 4 0.0000000
11 10 6 5 0.0000000
11 10 6 6 -0.0341375
11 10 7 0 0.0009580
11 10 7 1 -0.0041773
11 10 7 2 0.0000000
11 10 7 3 -0.0014823
11 10 7 4 0.0153919
11 10 7 5 0.0096699
11 10 7 6 0.0000000
11 10 7 7 -0.0022270
11 10 8 0 -0.0000000
11 10 8 1 -0.0000000
11 10 8 2 0.0154314
11 10 8 3 -0.0000000
11 10 8 4 0.0000000
11 10 8 5 0.0000000
11 10 8 6 -0.0106699
11 10 8 7 0.0000000
11 10 8 8 0.0426937
11 10 9 0 0.0001562
11 10 9 1 -0.0015177
11 10 9 2 -0.0000000
11 10 9 3 0.0010131
11 10 9 4 -0.0027249
11 10 9 5 -0.0009072
11 10 9 6 -0.0000000
11 10 9 7 0.0002474
11 10 9 8 -0.0000000
11 10 9 9 0.0655134
11 10 10 0 0.0000066
11 10 10 1 0.0159481
11 10 10 2 -0.0000000
11 10 10 3 0.0148842
11 10 10 4 -0.0122701
11 10 10 5 -0.0140287
11 10 10 6 -0.0000000
11 10 10 7 0.0364426
11 10 10 8 -0.0000000
11 10 10 9 0.0031839
11 10 10 10 0.0421730
11 10 11 0 -0.0010747
11 10 11 1 -0.0069980
11 10 11 2 0.0000000
11 10 11 3 -0.0033560
11 10 11 4 0.0089886
11 10 11 5 0.0055138
11 10 11 6 0.0000000
11 10 11 7 0.0593360
11 10 11 8 0.0000000
11 10 11 9 -0.0001085
11 10 11 10 0.0530173
11 10 11 11 0.0051728
11 11 0 0 0.5901189
11 11 1 0 0.0065750
11 11 1 1 0.4423575
11 11 2 0 0.0000000
11 11 2 1 0.0000000
11 11 2 2 0.4136202
11 11 3 0 -0.0097116
11 11 3 1 0.0372663
11 11 3 2 0.0000000
11 11 3 3 0.4357674
11 11 4 0 -0.0052980
11 11 4 1 -0.0439832
11 11 4 2 -0.0000000
11 11 4 3 -0.0103874
11 11 4 4 0.4116646
11 11 5 0 0.0040491
11 11 5 1 0.0371573
11 11 5 2 -0.0000000
11 11 5 3 0.0053023
11 11 5 4 0.0418374
11 11 5 5 0.4846040
11 11 6 0 0.0000000
11 11 6 1 0.0000000
11 11 6 2 0.0566719
11 11 6 3 -0.0000000
11 11 6 4 0.0000000
11 11 6 5 0.0000000
11 11 6 6 0.4272955
11 11 7 0 -0.0065614
11 11 7 1 -0.0027534
11 11 7 2 0.0000000
11 11 7 3 -0.0010792
11 11 7 4 0.0058236
11 11 7 5 0.0283337
11 11 7 6 0.0000000
11 11 7 7 0.5013990
11 11 8 0 -0.0000000
11 11 8 1 -0.0000000
11 11 8 2 0.0112226
11 11 8 3 -0.0000000
11 11 8 4 0.0000000
11 11 8 5 0.0000000
11 11 8 6 -0.0192662
11 11 8 7 0.0000000
11 11 8 8 0.4338930
11 11 9 0 -0.0000681
11 11 9 1 0.0000008
11 11 9 2 -0.0000000
11 11 9 3 0.0018031
11 11 9 4 -0.0038799
11 11 9 5 0.0003004
11 11 9 6 -0.0000000
11 11 9 7 -0.0002552
11 11 9 8 -0.0000000
11 11 9 9 0.5430572
11 11 10 0 -0.0009727
11 11 10 1 -0.0029778
11 11 10 2 0.0000000
11 11 10 3 -0.0036126
11 11 10 4 0.0126631
11 11 10 5 0.0069122
11 11 10 6 0.0000000
11 11 10 7 0.0364349
11 11 10 8 -0.0000000
11 11 10 9 0.0272588
11 11 10 10 0.4103355
11 11 11 0 0.0067907
11 11 11 1 -0.0198464
11 11 11 2 -0.0000000
11 11 11 3 -0.0123054
11 11 11 4 0.0177292
11 11 11 5 -0.0120650
11 11 11 6 -0.0000000
11 11 11 7 -0.0251490
11 11 11 8 0.0000000
11 11 11 9 0.0052265
11 11 11 10 0.0051728
11 11 11 11 0.5093198
