NELEC	10
ENUC	11.406077
NBASIS	13
HF_ENERGY	-41.506732
ENERGIES
-10.721159
-0.801695
-0.393825
-0.390059
-0.308591
0.525522
0.868637
0.886675
1.066890
965064.594085
965066.487099
996490.829637
1073373.529165

OEI
-19.732972	
0.410455	-5.502098	
-0.014449	0.066957	-4.940118	
-0.008490	0.023848	-0.012763	-4.765428	
-0.081252	0.271991	0.089412	-0.015373	-5.356864	
0.033205	-0.064251	-0.103568	-0.052709	0.117010	-2.162508	
0.218619	-0.563206	-0.667496	0.406801	-0.400802	0.011551	-4.421701	
-0.101716	0.272038	0.273985	0.930187	0.176591	0.551398	-0.043699	-4.366746	
0.259413	-0.710678	0.718616	0.009289	-0.370917	-0.012160	0.047565	-0.013714	-4.113823	
0.000102	-0.006672	0.028878	-0.105687	0.093070	-0.153815	0.121810	0.059868	0.015106	965061.161308	
0.000065	0.004352	0.004337	0.099324	0.144294	0.279470	0.027984	-0.060750	-0.000350	0.002606	965063.054104	
-0.007616	-0.022143	0.017721	-0.002160	-0.005955	-0.050951	-0.000512	-0.014710	-0.027945	0.000755	0.001624	996486.973660	
-0.022217	-0.159924	0.213951	0.007857	-0.063765	-0.104121	-0.032093	-0.005029	0.195272	0.004689	0.013416	0.167017	1073370.589179	

OVERLAP
1.000000	
0.248362	1.000000	
0.063747	0.496523	1.000000	
0.063747	0.496523	0.172237	1.000000	
0.006454	0.110326	0.087909	0.026732	1.000000	
0.000001	0.037510	0.007446	0.007446	0.062028	1.000000	
0.037510	0.364644	0.122394	0.122394	0.489773	0.248362	1.000000	
0.000000	0.000000	0.237774	-0.355980	-0.014721	-0.022967	-0.143241	1.000000	
0.000000	0.000000	0.382595	-0.082106	0.079112	0.009690	0.060437	0.000000	1.000000	
0.000000	0.000000	0.136489	0.296785	-0.114555	-0.056979	-0.355373	0.000000	0.000000	1.000000	
0.022967	0.143241	0.080252	-0.022644	0.127231	0.000000	0.000000	0.139258	0.031125	-0.183015	1.000000	
-0.009690	-0.060437	0.049828	-0.030704	0.410720	0.000000	0.000000	0.031125	0.199894	0.077219	0.000000	1.000000	
0.056979	0.355373	0.120526	0.148305	-0.181438	0.000000	0.000000	-0.183015	0.077219	-0.241025	0.000000	0.000000	1.000000	

MOCOEFF
-0.991525	-0.039373	0.007950	0.007949	0.000008	-0.002278	0.013030	0.003169	-0.003657	0.001099	0.000940	-0.000251	0.002775	
0.235278	-0.700631	-0.208486	-0.200616	0.037502	0.023946	-0.005289	-0.056564	0.080701	0.032337	-0.080753	0.013920	-0.193845	
-0.008894	0.036839	-0.233209	-0.305295	-0.056222	-0.068858	0.177669	-0.111978	0.018140	-0.572037	0.135825	-0.017771	0.415809	
-0.005296	0.027722	-0.508894	0.443939	0.093508	0.001327	-0.038507	-0.385127	-0.338394	0.058524	0.126559	0.070339	0.013695	
-0.053250	0.357366	-0.196845	-0.244486	0.081774	0.023852	-0.089105	0.562957	-0.690987	-0.026096	-0.169460	0.136754	-0.042162	
0.019841	-0.132460	0.280356	-0.105978	1.309736	0.075415	-0.631854	-0.155304	-0.106231	-0.032412	-0.133269	-0.543154	0.288950	
0.135750	-0.850741	0.368618	1.161603	0.005449	0.018698	-0.134121	0.533050	-0.063506	-0.828254	-0.130533	0.034076	-0.071540	
-0.063230	0.390821	-1.110312	0.332096	0.347290	0.005243	-0.060700	0.732134	0.812417	0.196252	-0.072249	-0.263379	0.183367	
0.165539	-1.128081	0.240400	0.185671	-0.091425	-0.137173	0.971524	0.385376	-0.294860	0.786195	0.385534	-0.104678	0.928162	
-0.000000	0.000000	-0.000000	-0.000000	0.000000	0.000004	-0.000006	0.000000	0.000000	-0.000000	-0.928719	-0.026504	0.369836	
0.000000	-0.000000	0.000000	0.000000	-0.000000	-0.000000	0.000000	-0.000000	-0.000000	-0.000000	0.033342	0.987432	0.154489	
-0.000000	0.000000	-0.000000	0.000000	0.000000	1.025836	-0.215516	-0.000000	0.000000	-0.000000	0.038788	-0.016364	0.096221	
0.000000	-0.000000	-0.000000	0.000000	0.000000	-0.014391	-0.882584	0.000000	0.000000	-0.000000	0.171046	-0.072167	0.424342	

ERI
0 0 0 0 3.4986038
1 0 0 0 -0.3141715
1 0 1 0 0.0442249
1 0 1 1 -0.0113378
1 1 0 0 0.7411609
1 1 1 0 -0.0113378
1 1 1 1 0.5257464
2 0 0 0 0.0117998
2 0 1 0 -0.0019975
2 0 1 1 -0.0003336
2 0 2 0 0.0093814
2 0 2 1 0.0151931
2 0 2 2 -0.0038550
2 1 0 0 -0.0203229
2 1 1 0 0.0000072
2 1 1 1 -0.0104216
2 1 2 0 0.0151931
2 1 2 1 0.1154354
2 1 2 2 -0.0497785
2 2 0 0 0.6531367
2 2 1 0 -0.0048595
2 2 1 1 0.5057198
2 2 2 0 -0.0038550
2 2 2 1 -0.0497785
2 2 2 2 0.5422814
3 0 0 0 0.0069753
3 0 1 0 -0.0010484
3 0 1 1 0.0002778
3 0 2 0 0.0001315
3 0 2 1 0.0001462
3 0 2 2 -0.0005720
3 0 3 0 0.0075175
3 0 3 1 0.0128284
3 0 3 2 0.0031551
3 0 3 3 0.0008842
3 1 0 0 -0.0075317
3 1 1 0 0.0002129
3 1 1 1 -0.0012924
3 1 2 0 0.0001372
3 1 2 1 0.0010125
3 1 2 2 -0.0131435
3 1 3 0 0.0128284
3 1 3 1 0.1127972
3 1 3 2 0.0544534
3 1 3 3 0.0147078
3 2 0 0 0.0030973
3 2 1 0 -0.0000100
3 2 1 1 0.0021740
3 2 2 0 -0.0009917
3 2 2 1 -0.0116880
3 2 2 2 -0.0005991
3 2 3 0 0.0031551
3 2 3 1 0.0544534
3 2 3 2 0.0480359
3 2 3 3 0.0037325
3 3 0 0 0.6067517
3 3 1 0 -0.0043027
3 3 1 1 0.4879351
3 3 2 0 0.0036916
3 3 2 1 0.0475946
3 3 2 2 0.4499909
3 3 3 0 0.0008842
3 3 3 1 0.0147078
3 3 3 2 0.0037325
3 3 3 3 0.5316209
4 0 0 0 0.0698930
4 0 1 0 -0.0114563
4 0 1 1 0.0011529
4 0 2 0 -0.0009383
4 0 2 1 -0.0015035
4 0 2 2 0.0045015
4 0 3 0 0.0005258
4 0 3 1 0.0002536
4 0 3 2 -0.0001327
4 0 3 3 0.0042979
4 0 4 0 0.0202631
4 0 4 1 0.0216747
4 0 4 2 0.0002435
4 0 4 3 -0.0006644
4 0 4 4 -0.0065154
4 1 0 0 -0.0862583
4 1 1 0 0.0015328
4 1 1 1 -0.0271618
4 1 2 0 -0.0014292
4 1 2 1 0.0008874
4 1 2 2 0.0027582
4 1 3 0 0.0002000
4 1 3 1 0.0002764
4 1 3 2 -0.0031460
4 1 3 3 0.0135684
4 1 4 0 0.0216747
4 1 4 1 0.1062985
4 1 4 2 0.0086249
4 1 4 3 -0.0048255
4 1 4 4 -0.0651835
4 2 0 0 -0.0246323
4 2 1 0 0.0004907
4 2 1 1 -0.0078572
4 2 2 0 -0.0000055
4 2 2 1 0.0208017
4 2 2 2 -0.0199114
4 2 3 0 -0.0002266
4 2 3 1 -0.0032301
4 2 3 2 -0.0057857
4 2 3 3 0.0152653
4 2 4 0 0.0002435
4 2 4 1 0.0086249
4 2 4 2 0.0299138
4 2 4 3 -0.0030486
4 2 4 4 -0.0110865
4 3 0 0 0.0053127
4 3 1 0 -0.0001226
4 3 1 1 0.0013710
4 3 2 0 -0.0001814
4 3 2 1 -0.0032776
4 3 2 2 -0.0042635
4 3 3 0 0.0005031
4 3 3 1 0.0304376
4 3 3 2 0.0240163
4 3 3 3 0.0043483
4 3 4 0 -0.0006644
4 3 4 1 -0.0048255
4 3 4 2 -0.0030486
4 3 4 3 0.0351967
4 3 4 4 0.0012007
4 4 0 0 0.7962489
4 4 1 0 -0.0084625
4 4 1 1 0.5418909
4 4 2 0 0.0015968
4 4 2 1 -0.0001099
4 4 2 2 0.4945414
4 4 3 0 -0.0001121
4 4 3 1 -0.0067374
4 4 3 2 -0.0014089
4 4 3 3 0.4789695
4 4 4 0 -0.0065154
4 4 4 1 -0.0651835
4 4 4 2 -0.0110865
4 4 4 3 0.0012007
4 4 4 4 0.6166440
5 0 0 0 -0.0262764
5 0 1 0 0.0037034
5 0 1 1 -0.0010911
5 0 2 0 0.0006786
5 0 2 1 0.0013524
5 0 2 2 -0.0010395
5 0 3 0 0.0019628
5 0 3 1 0.0031925
5 0 3 2 0.0005326
5 0 3 3 -0.0000484
5 0 4 0 -0.0011736
5 0 4 1 -0.0001681
5 0 4 2 -0.0000470
5 0 4 3 0.0000108
5 0 4 4 -0.0005679
5 0 5 0 0.0009541
5 0 5 1 0.0004596
5 0 5 2 -0.0003476
5 0 5 3 -0.0001186
5 0 5 4 -0.0002100
5 0 5 5 0.0003856
5 1 0 0 0.0206080
5 1 1 0 -0.0009327
5 1 1 1 0.0044621
5 1 2 0 0.0009027
5 1 2 1 0.0033977
5 1 2 2 0.0029335
5 1 3 0 0.0015926
5 1 3 1 -0.0001028
5 1 3 2 -0.0070471
5 1 3 3 -0.0011533
5 1 4 0 -0.0003794
5 1 4 1 -0.0045523
5 1 4 2 -0.0017016
5 1 4 3 -0.0051880
5 1 4 4 0.0093121
5 1 5 0 0.0004596
5 1 5 1 0.0057004
5 1 5 2 -0.0023576
5 1 5 3 0.0035659
5 1 5 4 0.0019797
5 1 5 5 0.0129995
5 2 0 0 0.0208489
5 2 1 0 -0.0003256
5 2 1 1 0.0101017
5 2 2 0 0.0006739
5 2 2 1 0.0011573
5 2 2 2 0.0115998
5 2 3 0 -0.0012890
5 2 3 1 -0.0168441
5 2 3 2 -0.0060157
5 2 3 3 0.0035882
5 2 4 0 -0.0004876
5 2 4 1 -0.0048527
5 2 4 2 -0.0001428
5 2 4 3 -0.0063276
5 2 4 4 0.0117034
5 2 5 0 -0.0003476
5 2 5 1 -0.0023576
5 2 5 2 0.0094596
5 2 5 3 0.0008275
5 2 5 4 -0.0019851
5 2 5 5 -0.0239389
5 3 0 0 0.0247574
5 3 1 0 -0.0007565
5 3 1 1 0.0006229
5 3 2 0 -0.0009967
5 3 2 1 -0.0157175
5 3 2 2 0.0026691
5 3 3 0 -0.0000519
5 3 3 1 -0.0090710
5 3 3 2 -0.0042225
5 3 3 3 -0.0176786
5 3 4 0 -0.0004317
5 3 4 1 -0.0090655
5 3 4 2 -0.0064547
5 3 4 3 -0.0040582
5 3 4 4 0.0043656
5 3 5 0 -0.0001186
5 3 5 1 0.0035659
5 3 5 2 0.0008275
5 3 5 3 0.0114081
5 3 5 4 0.0043057
5 3 5 5 0.0407893
5 4 0 0 -0.0212504
5 4 1 0 0.0002777
5 4 1 1 -0.0129145
5 4 2 0 -0.0005975
5 4 2 1 -0.0045933
5 4 2 2 -0.0075881
5 4 3 0 -0.0007777
5 4 3 1 -0.0090453
5 4 3 2 -0.0061844
5 4 3 3 -0.0136394
5 4 4 0 0.0017453
5 4 4 1 0.0078218
5 4 4 2 0.0006629
5 4 4 3 -0.0014017
5 4 4 4 -0.0161521
5 4 5 0 -0.0002100
5 4 5 1 0.0019797
5 4 5 2 -0.0019851
5 4 5 3 0.0043057
5 4 5 4 0.0058544
5 4 5 5 0.0307923
5 5 0 0 0.2757723
5 5 1 0 -0.0004118
5 5 1 1 0.2706828
5 5 2 0 -0.0031094
5 5 2 1 -0.0564438
5 5 2 2 0.3035050
5 5 3 0 0.0014518
5 5 3 1 0.0196730
5 5 3 2 0.0103085
5 5 3 3 0.2510328
5 5 4 0 0.0024519
5 5 4 1 0.0200494
5 5 4 2 -0.0204022
5 5 4 3 0.0106581
5 5 4 4 0.2597104
5 5 5 0 0.0003856
5 5 5 1 0.0129995
5 5 5 2 -0.0239389
5 5 5 3 0.0407893
5 5 5 4 0.0307923
5 5 5 5 0.7128430
6 0 0 0 -0.1778031
6 0 1 0 0.0243371
6 0 1 1 -0.0075968
6 0 2 0 0.0080105
6 0 2 1 0.0138569
6 0 2 2 -0.0038221
6 0 3 0 -0.0056986
6 0 3 1 -0.0078462
6 0 3 2 -0.0027448
6 0 3 3 0.0021192
6 0 4 0 0.0016182
6 0 4 1 0.0106475
6 0 4 2 0.0001002
6 0 4 3 -0.0006320
6 0 4 4 -0.0068099
6 0 5 0 0.0013564
6 0 5 1 -0.0010161
6 0 5 2 0.0011137
6 0 5 3 -0.0016443
6 0 5 4 0.0010233
6 0 5 5 -0.0028935
6 0 6 0 0.0314117
6 0 6 1 0.0086891
6 0 6 2 0.0007755
6 0 6 3 0.0023101
6 0 6 4 -0.0023770
6 0 6 5 0.0007513
6 0 6 6 0.0107030
6 1 0 0 0.1467917
6 1 1 0 -0.0066858
6 1 1 1 0.0436353
6 1 2 0 0.0070912
6 1 2 1 0.0129292
6 1 2 2 0.0411428
6 1 3 0 -0.0040219
6 1 3 1 -0.0104276
6 1 3 2 0.0075695
6 1 3 3 0.0193108
6 1 4 0 0.0062275
6 1 4 1 0.0004395
6 1 4 2 -0.0159646
6 1 4 3 0.0094917
6 1 4 4 0.0551424
6 1 5 0 -0.0011089
6 1 5 1 0.0003497
6 1 5 2 0.0048729
6 1 5 3 0.0057893
6 1 5 4 -0.0009571
6 1 5 5 0.0072293
6 1 6 0 0.0086891
6 1 6 1 0.0572011
6 1 6 2 0.0394058
6 1 6 3 -0.0270809
6 1 6 4 0.0180146
6 1 6 5 0.0047138
6 1 6 6 0.0427310
6 2 0 0 0.1613412
6 2 1 0 -0.0037496
6 2 1 1 0.0546028
6 2 2 0 0.0053032
6 2 2 1 0.0085495
6 2 2 2 0.0432332
6 2 3 0 0.0015681
6 2 3 1 0.0224296
6 2 3 2 0.0132175
6 2 3 3 0.0212070
6 2 4 0 -0.0021593
6 2 4 1 -0.0337116
6 2 4 2 -0.0076607
6 2 4 3 0.0136741
6 2 4 4 0.0680658
6 2 5 0 0.0006027
6 2 5 1 0.0046339
6 2 5 2 0.0003186
6 2 5 3 0.0061509
6 2 5 4 -0.0049901
6 2 5 5 0.0032420
6 2 6 0 0.0007755
6 2 6 1 0.0394058
6 2 6 2 0.0625728
6 2 6 3 -0.0400930
6 2 6 4 0.0221825
6 2 6 5 0.0066054
6 2 6 6 0.0313135
6 3 0 0 -0.0996981
6 3 1 0 0.0022492
6 3 1 1 -0.0348974
6 3 2 0 0.0010972
6 3 2 1 0.0234547
6 3 2 2 -0.0224307
6 3 3 0 0.0012841
6 3 3 1 -0.0404200
6 3 3 2 -0.0340988
6 3 3 3 -0.0160142
6 3 4 0 0.0009148
6 3 4 1 0.0223980
6 3 4 2 0.0147087
6 3 4 3 -0.0260535
6 3 4 4 -0.0382672
6 3 5 0 0.0005538
6 3 5 1 0.0046968
6 3 5 2 0.0072597
6 3 5 3 -0.0022919
6 3 5 4 0.0067058
6 3 5 5 -0.0225471
6 3 6 0 0.0023101
6 3 6 1 -0.0270809
6 3 6 2 -0.0400930
6 3 6 3 0.0731081
6 3 6 4 -0.0296452
6 3 6 5 -0.0087502
6 3 6 6 0.0333992
6 4 0 0 0.0948493
6 4 1 0 -0.0022038
6 4 1 1 0.0320031
6 4 2 0 -0.0039201
6 4 2 1 -0.0338413
6 4 2 2 0.0326432
6 4 3 0 0.0022977
6 4 3 1 0.0221078
6 4 3 2 0.0168650
6 4 3 3 0.0045203
6 4 4 0 0.0086955
6 4 4 1 0.0127381
6 4 4 2 -0.0006697
6 4 4 3 0.0031088
6 4 4 4 0.0411132
6 4 5 0 -0.0000012
6 4 5 1 0.0005272
6 4 5 2 -0.0025470
6 4 5 3 0.0065815
6 4 5 4 -0.0007462
6 4 5 5 0.0216228
6 4 6 0 -0.0023770
6 4 6 1 0.0180146
6 4 6 2 0.0221825
6 4 6 3 -0.0296452
6 4 6 4 0.0513945
6 4 6 5 0.0025349
6 4 6 6 0.0009184
6 5 0 0 -0.0008253
6 5 1 0 -0.0003014
6 5 1 1 -0.0016396
6 5 2 0 0.0012543
6 5 2 1 0.0042533
6 5 2 2 -0.0026320
6 5 3 0 0.0008984
6 5 3 1 0.0135296
6 5 3 2 0.0091603
6 5 3 3 0.0006248
6 5 4 0 0.0004312
6 5 4 1 0.0008299
6 5 4 2 -0.0014663
6 5 4 3 0.0071102
6 5 4 4 -0.0018103
6 5 5 0 0.0002941
6 5 5 1 -0.0006811
6 5 5 2 -0.0027219
6 5 5 3 -0.0021638
6 5 5 4 -0.0009693
6 5 5 5 0.0035543
6 5 6 0 0.0007513
6 5 6 1 0.0047138
6 5 6 2 0.0066054
6 5 6 3 -0.0087502
6 5 6 4 0.0025349
6 5 6 5 0.0035464
6 5 6 6 -0.0099202
6 6 0 0 0.7530493
6 6 1 0 -0.0124602
6 6 1 1 0.5070410
6 6 2 0 0.0103795
6 6 2 1 0.0646120
6 6 2 2 0.4864553
6 6 3 0 -0.0049533
6 6 3 1 -0.0631240
6 6 3 2 -0.0513011
6 6 3 3 0.5147802
6 6 4 0 0.0099763
6 6 4 1 0.0154077
6 6 4 2 0.0188903
6 6 4 3 -0.0332039
6 6 4 4 0.5216874
6 6 5 0 -0.0015317
6 6 5 1 0.0104057
6 6 5 2 0.0189662
6 6 5 3 -0.0081543
6 6 5 4 -0.0065545
6 6 5 5 0.2285331
6 6 6 0 0.0107030
6 6 6 1 0.0427310
6 6 6 2 0.0313135
6 6 6 3 0.0333992
6 6 6 4 0.0009184
6 6 6 5 -0.0099202
6 6 6 6 0.6395968
7 0 0 0 0.0827937
7 0 1 0 -0.0113286
7 0 1 1 0.0033415
7 0 2 0 -0.0034174
7 0 2 1 -0.0059265
7 0 2 2 0.0026804
7 0 3 0 -0.0116808
7 0 3 1 -0.0184501
7 0 3 2 -0.0036126
7 0 3 3 -0.0018275
7 0 4 0 -0.0004017
7 0 4 1 -0.0043768
7 0 4 2 0.0002990
7 0 4 3 0.0000670
7 0 4 4 0.0032558
7 0 5 0 -0.0045541
7 0 5 1 -0.0023987
7 0 5 2 0.0017703
7 0 5 3 0.0008107
7 0 5 4 0.0010236
7 0 5 5 -0.0009797
7 0 6 0 -0.0037700
7 0 6 1 0.0041222
7 0 6 2 -0.0030589
7 0 6 3 -0.0031612
7 0 6 4 -0.0029152
7 0 6 5 -0.0017754
7 0 6 6 0.0047103
7 0 7 0 0.0243968
7 0 7 1 0.0149686
7 0 7 2 -0.0024025
7 0 7 3 -0.0031348
7 0 7 4 -0.0065438
7 0 7 5 0.0018082
7 0 7 6 0.0095100
7 0 7 7 -0.0060724
7 1 0 0 -0.0696935
7 1 1 0 0.0031081
7 1 1 1 -0.0213945
7 1 2 0 -0.0029354
7 1 2 1 -0.0042306
7 1 2 2 -0.0236826
7 1 3 0 -0.0095633
7 1 3 1 -0.0211590
7 1 3 2 0.0106538
7 1 3 3 -0.0038144
7 1 4 0 -0.0026419
7 1 4 1 0.0002883
7 1 4 2 0.0063174
7 1 4 3 0.0167026
7 1 4 4 -0.0281658
7 1 5 0 -0.0024291
7 1 5 1 -0.0123415
7 1 5 2 -0.0011417
7 1 5 3 -0.0066196
7 1 5 4 0.0006407
7 1 5 5 -0.0039811
7 1 6 0 0.0041779
7 1 6 1 -0.0009521
7 1 6 2 -0.0163501
7 1 6 3 -0.0138216
7 1 6 4 -0.0122602
7 1 6 5 0.0013946
7 1 6 6 -0.0319151
7 1 7 0 0.0149686
7 1 7 1 0.0534123
7 1 7 2 0.0101910
7 1 7 3 0.0277376
7 1 7 4 -0.0042831
7 1 7 5 -0.0017109
7 1 7 6 0.0015083
7 1 7 7 -0.0054786
7 2 0 0 -0.0672235
7 2 1 0 0.0016521
7 2 1 1 -0.0211325
7 2 2 0 -0.0031571
7 2 2 1 -0.0139409
7 2 2 2 -0.0184795
7 2 3 0 0.0019237
7 2 3 1 0.0324029
7 2 3 2 0.0136422
7 2 3 3 -0.0059391
7 2 4 0 0.0007588
7 2 4 1 0.0116966
7 2 4 2 -0.0016761
7 2 4 3 0.0154694
7 2 4 4 -0.0301885
7 2 5 0 0.0004574
7 2 5 1 -0.0043055
7 2 5 2 -0.0100631
7 2 5 3 -0.0074018
7 2 5 4 -0.0021183
7 2 5 5 0.0098168
7 2 6 0 -0.0031860
7 2 6 1 -0.0156325
7 2 6 2 -0.0083490
7 2 6 3 -0.0200283
7 2 6 4 0.0031944
7 2 6 5 0.0039104
7 2 6 6 -0.0489684
7 2 7 0 -0.0024025
7 2 7 1 0.0101910
7 2 7 2 0.0328307
7 2 7 3 0.0325605
7 2 7 4 0.0134748
7 2 7 5 -0.0012293
7 2 7 6 -0.0097365
7 2 7 7 0.0035929
7 3 0 0 -0.2245257
7 3 1 0 0.0049529
7 3 1 1 -0.0784207
7 3 2 0 0.0015108
7 3 2 1 0.0344639
7 3 2 2 -0.0670343
7 3 3 0 0.0003110
7 3 3 1 0.0345504
7 3 3 2 0.0169740
7 3 3 3 -0.0198499
7 3 4 0 0.0014557
7 3 4 1 0.0413767
7 3 4 2 0.0182619
7 3 4 3 0.0128856
7 3 4 4 -0.0956310
7 3 5 0 0.0007109
7 3 5 1 -0.0089816
7 3 5 2 -0.0124787
7 3 5 3 -0.0244373
7 3 5 4 -0.0012245
7 3 5 5 -0.0019082
7 3 6 0 0.0052946
7 3 6 1 -0.0317344
7 3 6 2 -0.0351022
7 3 6 3 0.0125545
7 3 6 4 -0.0230195
7 3 6 5 0.0081876
7 3 6 6 -0.0583852
7 3 7 0 -0.0031348
7 3 7 1 0.0277376
7 3 7 2 0.0325605
7 3 7 3 0.1089961
7 3 7 4 0.0266566
7 3 7 5 -0.0015090
7 3 7 6 -0.0329809
7 3 7 7 -0.0331447
7 4 0 0 -0.0399096
7 4 1 0 0.0008933
7 4 1 1 -0.0141688
7 4 2 0 0.0015457
7 4 2 1 0.0115618
7 4 2 2 -0.0200125
7 4 3 0 0.0041866
7 4 3 1 0.0403792
7 4 3 2 0.0202622
7 4 3 3 0.0009550
7 4 4 0 -0.0042839
7 4 4 1 -0.0093496
7 4 4 2 -0.0027882
7 4 4 3 -0.0016882
7 4 4 4 -0.0192235
7 4 5 0 0.0013885
7 4 5 1 -0.0002257
7 4 5 2 -0.0064650
7 4 5 3 -0.0054608
7 4 5 4 -0.0071097
7 4 5 5 0.0060943
7 4 6 0 -0.0030668
7 4 6 1 -0.0117307
7 4 6 2 0.0030587
7 4 6 3 -0.0160693
7 4 6 4 -0.0017277
7 4 6 5 0.0048727
7 4 6 6 -0.0334479
7 4 7 0 -0.0065438
7 4 7 1 -0.0042831
7 4 7 2 0.0134748
7 4 7 3 0.0266566
7 4 7 4 0.0387288
7 4 7 5 -0.0057717
7 4 7 6 -0.0148128
7 4 7 7 0.0137124
7 5 0 0 -0.0968364
7 5 1 0 0.0019193
7 5 1 1 -0.0528009
7 5 2 0 -0.0012131
7 5 2 1 -0.0211391
7 5 2 2 -0.0343633
7 5 3 0 -0.0013230
7 5 3 1 -0.0148677
7 5 3 2 -0.0097118
7 5 3 3 -0.0660797
7 5 4 0 -0.0000614
7 5 4 1 0.0054940
7 5 4 2 -0.0073057
7 5 4 3 -0.0054516
7 5 4 4 -0.0548714
7 5 5 0 -0.0001641
7 5 5 1 0.0041932
7 5 5 2 -0.0035981
7 5 5 3 0.0152673
7 5 5 4 0.0125117
7 5 5 5 0.1096963
7 5 6 0 0.0008954
7 5 6 1 -0.0037129
7 5 6 2 -0.0102991
7 5 6 3 0.0097220
7 5 6 4 -0.0005826
7 5 6 5 -0.0021250
7 5 6 6 -0.0561996
7 5 7 0 0.0018082
7 5 7 1 -0.0017109
7 5 7 2 -0.0012293
7 5 7 3 -0.0015090
7 5 7 4 -0.0057717
7 5 7 5 0.0470235
7 5 7 6 0.0090195
7 5 7 7 -0.0715645
7 6 0 0 0.0083050
7 6 1 0 0.0009806
7 6 1 1 0.0054405
7 6 2 0 -0.0047369
7 6 2 1 -0.0184627
7 6 2 2 0.0049975
7 6 3 0 -0.0049336
7 6 3 1 -0.0475843
7 6 3 2 -0.0316649
7 6 3 3 -0.0046773
7 6 4 0 -0.0039542
7 6 4 1 -0.0131696
7 6 4 2 0.0004132
7 6 4 3 -0.0210599
7 6 4 4 0.0066616
7 6 5 0 -0.0014742
7 6 5 1 0.0030453
7 6 5 2 0.0060308
7 6 5 3 0.0086959
7 6 5 4 0.0040994
7 6 5 5 -0.0047633
7 6 6 0 -0.0032140
7 6 6 1 -0.0144895
7 6 6 2 -0.0192837
7 6 6 3 0.0180710
7 6 6 4 -0.0118425
7 6 6 5 -0.0115102
7 6 6 6 0.0235660
7 6 7 0 0.0095100
7 6 7 1 0.0015083
7 6 7 2 -0.0097365
7 6 7 3 -0.0329809
7 6 7 4 -0.0148128
7 6 7 5 0.0090195
7 6 7 6 0.0452431
7 6 7 7 -0.0304816
7 7 0 0 0.7479921
7 7 1 0 -0.0105117
7 7 1 1 0.5074229
7 7 2 0 0.0020860
7 7 2 1 0.0178124
7 7 2 2 0.4672474
7 7 3 0 0.0058103
7 7 3 1 0.0618690
7 7 3 2 0.0418005
7 7 3 3 0.5211860
7 7 4 0 0.0029350
7 7 4 1 -0.0132257
7 7 4 2 0.0025493
7 7 4 3 0.0297345
7 7 4 4 0.5120443
7 7 5 0 0.0005360
7 7 5 1 -0.0021961
7 7 5 2 -0.0024167
7 7 5 3 -0.0118130
7 7 5 4 -0.0179952
7 7 5 5 0.2888219
7 7 6 0 -0.0069561
7 7 6 1 0.0371862
7 7 6 2 0.0555264
7 7 6 3 -0.0630815
7 7 6 4 0.0311933
7 7 6 5 0.0090525
7 7 6 6 0.4777877
7 7 7 0 -0.0060724
7 7 7 1 -0.0054786
7 7 7 2 0.0035929
7 7 7 3 -0.0331447
7 7 7 4 0.0137124
7 7 7 5 -0.0715645
7 7 7 6 -0.0304816
7 7 7 7 0.5860446
8 0 0 0 -0.2153447
8 0 1 0 0.0307205
8 0 1 1 -0.0068245
8 0 2 0 -0.0114961
8 0 2 1 -0.0143643
8 0 2 2 0.0018285
8 0 3 0 -0.0007374
8 0 3 1 0.0000911
8 0 3 2 0.0007682
8 0 3 3 -0.0038439
8 0 4 0 0.0007146
8 0 4 1 0.0105810
8 0 4 2 0.0008206
8 0 4 3 -0.0001578
8 0 4 4 -0.0085734
8 0 5 0 0.0016115
8 0 5 1 -0.0016259
8 0 5 2 -0.0010767
8 0 5 3 0.0002409
8 0 5 4 0.0013896
8 0 5 5 0.0032286
8 0 6 0 0.0108684
8 0 6 1 -0.0089990
8 0 6 2 -0.0083121
8 0 6 3 0.0006394
8 0 6 4 0.0060381
8 0 6 5 -0.0012935
8 0 6 6 -0.0136924
8 0 7 0 -0.0051756
8 0 7 1 0.0039868
8 0 7 2 0.0043773
8 0 7 3 0.0020409
8 0 7 4 -0.0027408
8 0 7 5 0.0021609
8 0 7 6 0.0039120
8 0 7 7 -0.0069903
8 0 8 0 0.0354388
8 0 8 1 0.0035710
8 0 8 2 0.0019810
8 0 8 3 0.0003111
8 0 8 4 0.0000824
8 0 8 5 0.0002391
8 0 8 6 0.0020521
8 0 8 7 -0.0011400
8 0 8 8 0.0085707
8 1 0 0 0.1875849
8 1 1 0 -0.0077830
8 1 1 1 0.0591951
8 1 2 0 -0.0067495
8 1 2 1 -0.0149357
8 1 2 2 0.0322205
8 1 3 0 0.0001879
8 1 3 1 -0.0005091
8 1 3 2 -0.0009443
8 1 3 3 0.0459148
8 1 4 0 0.0059358
8 1 4 1 -0.0043001
8 1 4 2 0.0073190
8 1 4 3 0.0010451
8 1 4 4 0.0724020
8 1 5 0 -0.0012405
8 1 5 1 0.0019304
8 1 5 2 0.0003680
8 1 5 3 0.0051485
8 1 5 4 -0.0012375
8 1 5 5 -0.0162017
8 1 6 0 -0.0091498
8 1 6 1 0.0071191
8 1 6 2 0.0154623
8 1 6 3 -0.0161898
8 1 6 4 0.0264194
8 1 6 5 -0.0026329
8 1 6 6 0.0508610
8 1 7 0 0.0040669
8 1 7 1 -0.0038293
8 1 7 2 -0.0064476
8 1 7 3 -0.0374663
8 1 7 4 -0.0112851
8 1 7 5 -0.0174791
8 1 7 6 0.0100202
8 1 7 7 0.0596668
8 1 8 0 0.0035710
8 1 8 1 0.0562373
8 1 8 2 -0.0511506
8 1 8 3 -0.0014229
8 1 8 4 0.0197161
8 1 8 5 -0.0000882
8 1 8 6 0.0093667
8 1 8 7 -0.0073976
8 1 8 8 0.0394179
8 2 0 0 -0.1776636
8 2 1 0 0.0046597
8 2 1 1 -0.0572258
8 2 2 0 0.0010964
8 2 2 1 -0.0428055
8 2 2 2 -0.0141024
8 2 3 0 -0.0003984
8 2 3 1 -0.0041278
8 2 3 2 0.0039807
8 2 3 3 -0.0650697
8 2 4 0 0.0003406
8 2 4 1 0.0253409
8 2 4 2 -0.0130603
8 2 4 3 -0.0017760
8 2 4 4 -0.0744353
8 2 5 0 0.0002896
8 2 5 1 -0.0041182
8 2 5 2 -0.0014842
8 2 5 3 0.0035789
8 2 5 4 0.0058681
8 2 5 5 0.0588200
8 2 6 0 0.0044317
8 2 6 1 -0.0083233
8 2 6 2 -0.0281076
8 2 6 3 0.0060648
8 2 6 4 0.0019462
8 2 6 5 -0.0001923
8 2 6 6 -0.0801420
8 2 7 0 -0.0013851
8 2 7 1 0.0038857
8 2 7 2 0.0155702
8 2 7 3 0.0170539
8 2 7 4 -0.0018804
8 2 7 5 0.0341356
8 2 7 6 0.0001113
8 2 7 7 -0.0722002
8 2 8 0 0.0019810
8 2 8 1 -0.0511506
8 2 8 2 0.0980263
8 2 8 3 0.0047856
8 2 8 4 -0.0281317
8 2 8 5 0.0012588
8 2 8 6 -0.0056303
8 2 8 7 0.0097037
8 2 8 8 0.0312459
8 3 0 0 -0.0033234
8 3 1 0 0.0001752
8 3 1 1 -0.0004623
8 3 2 0 -0.0001572
8 3 2 1 -0.0043434
8 3 2 2 0.0034441
8 3 3 0 0.0049152
8 3 3 1 0.0103833
8 3 3 2 -0.0100470
8 3 3 3 -0.0047270
8 3 4 0 0.0001321
8 3 4 1 0.0010481
8 3 4 2 -0.0016310
8 3 4 3 -0.0011463
8 3 4 4 -0.0008999
8 3 5 0 0.0012995
8 3 5 1 0.0052471
8 3 5 2 -0.0016889
8 3 5 3 0.0017382
8 3 5 4 0.0012987
8 3 5 5 0.0052579
8 3 6 0 -0.0033200
8 3 6 1 -0.0096025
8 3 6 2 0.0008025
8 3 6 3 0.0085692
8 3 6 4 -0.0000558
8 3 6 5 -0.0012194
8 3 6 6 0.0021882
8 3 7 0 -0.0073902
8 3 7 1 -0.0216349
8 3 7 2 0.0035044
8 3 7 3 -0.0060433
8 3 7 4 -0.0023058
8 3 7 5 0.0038626
8 3 7 6 0.0031825
8 3 7 7 -0.0081783
8 3 8 0 0.0003111
8 3 8 1 -0.0014229
8 3 8 2 0.0047856
8 3 8 3 0.0172234
8 3 8 4 -0.0011191
8 3 8 5 0.0010797
8 3 8 6 -0.0080292
8 3 8 7 -0.0135587
8 3 8 8 0.0074804
8 4 0 0 0.0857659
8 4 1 0 -0.0025099
8 4 1 1 0.0263385
8 4 2 0 0.0028304
8 4 2 1 0.0231280
8 4 2 2 0.0140059
8 4 3 0 0.0003050
8 4 3 1 0.0008913
8 4 3 2 -0.0022927
8 4 3 3 0.0318839
8 4 4 0 0.0110141
8 4 4 1 0.0264635
8 4 4 2 -0.0077962
8 4 4 3 -0.0006549
8 4 4 4 0.0371367
8 4 5 0 0.0000540
8 4 5 1 0.0025371
8 4 5 2 0.0004742
8 4 5 3 -0.0009643
8 4 5 4 -0.0006101
8 4 5 5 -0.0134841
8 4 6 0 0.0071157
8 4 6 1 0.0265058
8 4 6 2 0.0101782
8 4 6 3 -0.0024515
8 4 6 4 0.0105921
8 4 6 5 0.0019534
8 4 6 6 0.0484710
8 4 7 0 -0.0030637
8 4 7 1 -0.0112340
8 4 7 2 -0.0067530
8 4 7 3 -0.0087698
8 4 7 4 -0.0053515
8 4 7 5 -0.0105632
8 4 7 6 -0.0092925
8 4 7 7 0.0297879
8 4 8 0 0.0000824
8 4 8 1 0.0197161
8 4 8 2 -0.0281317
8 4 8 3 -0.0011191
8 4 8 4 0.0421199
8 4 8 5 -0.0011510
8 4 8 6 0.0185661
8 4 8 7 -0.0093277
8 4 8 8 0.0117390
8 5 0 0 0.0009429
8 5 1 0 -0.0002429
8 5 1 1 0.0017341
8 5 2 0 -0.0003246
8 5 2 1 -0.0012719
8 5 2 2 0.0009483
8 5 3 0 0.0012142
8 5 3 1 0.0064614
8 5 3 2 0.0032815
8 5 3 3 0.0035145
8 5 4 0 0.0003104
8 5 4 1 0.0005220
8 5 4 2 0.0013499
8 5 4 3 0.0018056
8 5 4 4 0.0005331
8 5 5 0 0.0002471
8 5 5 1 -0.0040953
8 5 5 2 0.0051941
8 5 5 3 -0.0027050
8 5 5 4 -0.0038219
8 5 5 5 -0.0205210
8 5 6 0 -0.0012040
8 5 6 1 -0.0022945
8 5 6 2 0.0001012
8 5 6 3 -0.0023845
8 5 6 4 0.0019422
8 5 6 5 -0.0003005
8 5 6 6 -0.0025095
8 5 7 0 -0.0016998
8 5 7 1 -0.0013956
8 5 7 2 0.0050103
8 5 7 3 0.0027191
8 5 7 4 0.0013537
8 5 7 5 -0.0060440
8 5 7 6 -0.0029134
8 5 7 7 0.0058477
8 5 8 0 0.0002391
8 5 8 1 -0.0000882
8 5 8 2 0.0012588
8 5 8 3 0.0010797
8 5 8 4 -0.0011510
8 5 8 5 0.0100604
8 5 8 6 -0.0011525
8 5 8 7 -0.0020025
8 5 8 8 0.0031152
8 6 0 0 -0.0050229
8 6 1 0 -0.0023298
8 6 1 1 -0.0071355
8 6 2 0 0.0002231
8 6 2 1 0.0143529
8 6 2 2 -0.0150708
8 6 3 0 -0.0034658
8 6 3 1 -0.0180736
8 6 3 2 -0.0064203
8 6 3 3 0.0140210
8 6 4 0 0.0095813
8 6 4 1 0.0326186
8 6 4 2 0.0082850
8 6 4 3 -0.0054339
8 6 4 4 -0.0060538
8 6 5 0 -0.0012032
8 6 5 1 -0.0027017
8 6 5 2 0.0010070
8 6 5 3 -0.0039879
8 6 5 4 0.0026162
8 6 5 5 -0.0139203
8 6 6 0 0.0058928
8 6 6 1 0.0033255
8 6 6 2 -0.0209564
8 6 6 3 0.0138246
8 6 6 4 0.0025338
8 6 6 5 -0.0019428
8 6 6 6 0.0235040
8 6 7 0 0.0042067
8 6 7 1 0.0107148
8 6 7 2 -0.0033867
8 6 7 3 0.0110301
8 6 7 4 -0.0094106
8 6 7 5 -0.0036889
8 6 7 6 0.0030820
8 6 7 7 -0.0027211
8 6 8 0 0.0020521
8 6 8 1 0.0093667
8 6 8 2 -0.0056303
8 6 8 3 -0.0080292
8 6 8 4 0.0185661
8 6 8 5 -0.0011525
8 6 8 6 0.0284147
8 6 8 7 0.0020197
8 6 8 8 -0.0175752
8 7 0 0 0.0004112
8 7 1 0 0.0011348
8 7 1 1 0.0023313
8 7 2 0 0.0001692
8 7 2 1 -0.0081929
8 7 2 2 0.0126660
8 7 3 0 -0.0080132
8 7 3 1 -0.0457427
8 7 3 2 -0.0096443
8 7 3 3 -0.0139849
8 7 4 0 -0.0042493
8 7 4 1 -0.0138276
8 7 4 2 -0.0037738
8 7 4 3 -0.0110216
8 7 4 4 0.0030188
8 7 5 0 -0.0019996
8 7 5 1 -0.0033098
8 7 5 2 0.0112144
8 7 5 3 0.0057305
8 7 5 4 0.0015363
8 7 5 5 -0.0043657
8 7 6 0 0.0042856
8 7 6 1 0.0106820
8 7 6 2 -0.0046076
8 7 6 3 0.0099750
8 7 6 4 -0.0096324
8 7 6 5 -0.0048024
8 7 6 6 0.0119373
8 7 7 0 0.0123340
8 7 7 1 0.0161838
8 7 7 2 -0.0208895
8 7 7 3 -0.0202696
8 7 7 4 -0.0120667
8 7 7 5 0.0080785
8 7 7 6 0.0170855
8 7 7 7 -0.0257136
8 7 8 0 -0.0011400
8 7 8 1 -0.0073976
8 7 8 2 0.0097037
8 7 8 3 -0.0135587
8 7 8 4 -0.0093277
8 7 8 5 -0.0020025
8 7 8 6 0.0020197
8 7 8 7 0.0361709
8 7 8 8 0.0133118
8 8 0 0 0.7377987
8 8 1 0 -0.0120487
8 8 1 1 0.5034298
8 8 2 0 -0.0126199
8 8 2 1 -0.1145096
8 8 2 2 0.5551954
8 8 3 0 0.0002359
8 8 3 1 -0.0060053
8 8 3 2 0.0108030
8 8 3 3 0.4197780
8 8 4 0 0.0122239
8 8 4 1 0.0141753
8 8 4 2 -0.0394286
8 8 4 3 0.0005182
8 8 4 4 0.4986776
8 8 5 0 -0.0023397
8 8 5 1 0.0008452
8 8 5 2 0.0092909
8 8 5 3 0.0138128
8 8 5 4 -0.0046515
8 8 5 5 0.3641891
8 8 6 0 -0.0138729
8 8 6 1 0.0457411
8 8 6 2 0.0361204
8 8 6 3 -0.0455401
8 8 6 4 0.0640932
8 8 6 5 -0.0035964
8 8 6 6 0.4420955
8 8 7 0 0.0061043
8 8 7 1 -0.0258019
8 8 7 2 -0.0046513
8 8 7 3 -0.0936470
8 8 7 4 -0.0281956
8 8 7 5 -0.0136312
8 8 7 6 0.0117830
8 8 7 7 0.4648995
8 8 8 0 0.0085707
8 8 8 1 0.0394179
8 8 8 2 0.0312459
8 8 8 3 0.0074804
8 8 8 4 0.0117390
8 8 8 5 0.0031152
8 8 8 6 -0.0175752
8 8 8 7 0.0133118
8 8 8 8 0.6586825
9 0 0 0 -0.0000595
9 0 1 0 0.0000312
9 0 1 1 0.0000212
9 0 2 0 -0.0000745
9 0 2 1 -0.0001821
9 0 2 2 -0.0000443
9 0 3 0 0.0002680
9 0 3 1 0.0006104
9 0 3 2 0.0000755
9 0 3 3 -0.0001388
9 0 4 0 -0.0003214
9 0 4 1 -0.0005673
9 0 4 2 0.0000703
9 0 4 3 0.0000760
9 0 4 4 0.0000701
9 0 5 0 0.0000727
9 0 5 1 0.0000709
9 0 5 2 -0.0000538
9 0 5 3 0.0000075
9 0 5 4 -0.0001028
9 0 5 5 -0.0001821
9 0 6 0 -0.0004269
9 0 6 1 -0.0004627
9 0 6 2 0.0001867
9 0 6 3 -0.0000306
9 0 6 4 -0.0000483
9 0 6 5 -0.0000020
9 0 6 6 -0.0005093
9 0 7 0 -0.0003346
9 0 7 1 -0.0003806
9 0 7 2 0.0001962
9 0 7 3 -0.0000348
9 0 7 4 0.0002264
9 0 7 5 -0.0000893
9 0 7 6 -0.0000522
9 0 7 7 0.0001312
9 0 8 0 -0.0000343
9 0 8 1 -0.0000122
9 0 8 2 -0.0000654
9 0 8 3 0.0002894
9 0 8 4 -0.0003713
9 0 8 5 0.0001198
9 0 8 6 -0.0004830
9 0 8 7 -0.0003307
9 0 8 8 -0.0001053
9 0 9 0 0.0000251
9 0 9 1 0.0001383
9 0 9 2 -0.0000603
9 0 9 3 -0.0000250
9 0 9 4 0.0000120
9 0 9 5 -0.0000949
9 0 9 6 -0.0000224
9 0 9 7 -0.0000177
9 0 9 8 0.0002204
9 0 9 9 0.0000058
9 1 0 0 0.0019186
9 1 1 0 0.0001225
9 1 1 1 0.0018376
9 1 2 0 -0.0004647
9 1 2 1 -0.0045256
9 1 2 2 0.0011501
9 1 3 0 0.0014794
9 1 3 1 0.0127243
9 1 3 2 0.0023501
9 1 3 3 -0.0020482
9 1 4 0 -0.0016436
9 1 4 1 -0.0097479
9 1 4 2 0.0009850
9 1 4 3 0.0034334
9 1 4 4 0.0015514
9 1 5 0 0.0003653
9 1 5 1 0.0021178
9 1 5 2 -0.0036558
9 1 5 3 -0.0001704
9 1 5 4 -0.0002866
9 1 5 5 0.0030944
9 1 6 0 -0.0021899
9 1 6 1 -0.0057977
9 1 6 2 0.0065502
9 1 6 3 -0.0054280
9 1 6 4 0.0016303
9 1 6 5 0.0011318
9 1 6 6 -0.0080702
9 1 7 0 -0.0016763
9 1 7 1 -0.0048800
9 1 7 2 0.0045413
9 1 7 3 0.0001291
9 1 7 4 0.0038477
9 1 7 5 -0.0006923
9 1 7 6 -0.0017444
9 1 7 7 0.0041832
9 1 8 0 -0.0001098
9 1 8 1 0.0001709
9 1 8 2 -0.0009978
9 1 8 3 0.0045546
9 1 8 4 -0.0061169
9 1 8 5 -0.0011446
9 1 8 6 -0.0070690
9 1 8 7 -0.0058229
9 1 8 8 0.0010149
9 1 9 0 0.0001383
9 1 9 1 0.0105044
9 1 9 2 -0.0147493
9 1 9 3 -0.0013253
9 1 9 4 0.0043802
9 1 9 5 0.0013145
9 1 9 6 0.0011230
9 1 9 7 -0.0018115
9 1 9 8 -0.0152556
9 1 9 9 0.0007571
9 2 0 0 -0.0063687
9 2 1 0 -0.0000712
9 2 1 1 -0.0047720
9 2 2 0 0.0003569
9 2 2 1 0.0023296
9 2 2 2 -0.0029647
9 2 3 0 -0.0011441
9 2 3 1 -0.0089964
9 2 3 2 0.0007907
9 2 3 3 -0.0015738
9 2 4 0 0.0014154
9 2 4 1 0.0090621
9 2 4 2 -0.0030156
9 2 4 3 -0.0020676
9 2 4 4 -0.0043142
9 2 5 0 -0.0002938
9 2 5 1 -0.0032919
9 2 5 2 0.0046868
9 2 5 3 0.0005081
9 2 5 4 -0.0007715
9 2 5 5 -0.0007264
9 2 6 0 0.0018089
9 2 6 1 0.0063149
9 2 6 2 -0.0072640
9 2 6 3 0.0032278
9 2 6 4 -0.0007977
9 2 6 5 -0.0009496
9 2 6 6 0.0004653
9 2 7 0 0.0012860
9 2 7 1 0.0049814
9 2 7 2 -0.0033766
9 2 7 3 0.0006660
9 2 7 4 -0.0022261
9 2 7 5 0.0016792
9 2 7 6 -0.0000031
9 2 7 7 -0.0049706
9 2 8 0 0.0001416
9 2 8 1 -0.0020787
9 2 8 2 0.0044577
9 2 8 3 -0.0050676
9 2 8 4 0.0057992
9 2 8 5 0.0032210
9 2 8 6 0.0060865
9 2 8 7 0.0061694
9 2 8 8 0.0006676
9 2 9 0 -0.0000603
9 2 9 1 -0.0147493
9 2 9 2 0.0234464
9 2 9 3 0.0007758
9 2 9 4 -0.0058241
9 2 9 5 -0.0029517
9 2 9 6 -0.0019692
9 2 9 7 0.0031853
9 2 9 8 0.0272111
9 2 9 9 0.0067913
9 3 0 0 0.0208854
9 3 1 0 -0.0001807
9 3 1 1 0.0128835
9 3 2 0 0.0000019
9 3 2 1 0.0051371
9 3 2 2 0.0060231
9 3 3 0 -0.0001789
9 3 3 1 -0.0018895
9 3 3 2 -0.0016048
9 3 3 3 0.0158757
9 3 4 0 0.0003204
9 3 4 1 -0.0001604
9 3 4 2 0.0022414
9 3 4 3 -0.0016797
9 3 4 4 0.0133547
9 3 5 0 -0.0000514
9 3 5 1 0.0001095
9 3 5 2 0.0006809
9 3 5 3 -0.0013220
9 3 5 4 -0.0013964
9 3 5 5 -0.0176959
9 3 6 0 0.0001331
9 3 6 1 0.0004294
9 3 6 2 0.0012337
9 3 6 3 -0.0000221
9 3 6 4 -0.0001388
9 3 6 5 -0.0005963
9 3 6 6 0.0169152
9 3 7 0 0.0002476
9 3 7 1 0.0002032
9 3 7 2 -0.0021376
9 3 7 3 -0.0032724
9 3 7 4 -0.0001776
9 3 7 5 -0.0082316
9 3 7 6 0.0018247
9 3 7 7 0.0127123
9 3 8 0 0.0000334
9 3 8 1 0.0082291
9 3 8 2 -0.0125387
9 3 8 3 -0.0012841
9 3 8 4 0.0047500
9 3 8 5 0.0000351
9 3 8 6 0.0029980
9 3 8 7 -0.0010673
9 3 8 8 -0.0026865
9 3 9 0 -0.0000250
9 3 9 1 -0.0013253
9 3 9 2 0.0007758
9 3 9 3 0.0043806
9 3 9 4 -0.0037977
9 3 9 5 -0.0006874
9 3 9 6 -0.0025927
9 3 9 7 -0.0023764
9 3 9 8 0.0017628
9 3 9 9 -0.0254782
9 4 0 0 -0.0199627
9 4 1 0 0.0002048
9 4 1 1 -0.0108603
9 4 2 0 0.0000402
9 4 2 1 -0.0044988
9 4 2 2 -0.0045707
9 4 3 0 0.0003345
9 4 3 1 0.0038051
9 4 3 2 0.0016058
9 4 3 3 -0.0111152
9 4 4 0 -0.0004416
9 4 4 1 -0.0001620
9 4 4 2 -0.0019391
9 4 4 3 0.0026986
9 4 4 4 -0.0148166
9 4 5 0 0.0000706
9 4 5 1 -0.0002241
9 4 5 2 -0.0012788
9 4 5 3 0.0001421
9 4 5 4 0.0010418
9 4 5 5 0.0109147
9 4 6 0 -0.0002670
9 4 6 1 -0.0021003
9 4 6 2 -0.0008396
9 4 6 3 -0.0010046
9 4 6 4 -0.0018123
9 4 6 5 0.0008368
9 4 6 6 -0.0155277
9 4 7 0 -0.0004422
9 4 7 1 -0.0000721
9 4 7 2 0.0034557
9 4 7 3 0.0031702
9 4 7 4 0.0007450
9 4 7 5 0.0052980
9 4 7 6 -0.0014105
9 4 7 7 -0.0087451
9 4 8 0 -0.0000949
9 4 8 1 -0.0084606
9 4 8 2 0.0120636
9 4 8 3 0.0022643
9 4 8 4 -0.0060636
9 4 8 5 -0.0004769
9 4 8 6 -0.0040664
9 4 8 7 -0.0000490
9 4 8 8 0.0033812
9 4 9 0 0.0000120
9 4 9 1 0.0043802
9 4 9 2 -0.0058241
9 4 9 3 -0.0037977
9 4 9 4 0.0063401
9 4 9 5 0.0026541
9 4 9 6 0.0034166
9 4 9 7 0.0013589
9 4 9 8 -0.0083850
9 4 9 9 0.0254952
9 5 0 0 0.0185055
9 5 1 0 -0.0000304
9 5 1 1 0.0162212
9 5 2 0 -0.0006858
9 5 2 1 -0.0101711
9 5 2 2 0.0226399
9 5 3 0 -0.0001686
9 5 3 1 -0.0031155
9 5 3 2 0.0006311
9 5 3 3 0.0089595
9 5 4 0 -0.0001741
9 5 4 1 -0.0019588
9 5 4 2 -0.0025927
9 5 4 3 -0.0013949
9 5 4 4 0.0138800
9 5 5 0 -0.0001868
9 5 5 1 -0.0021695
9 5 5 2 0.0041799
9 5 5 3 -0.0036364
9 5 5 4 -0.0024382
9 5 5 5 -0.0319485
9 5 6 0 -0.0006596
9 5 6 1 0.0010150
9 5 6 2 0.0008175
9 5 6 3 -0.0016196
9 5 6 4 0.0025484
9 5 6 5 -0.0002071
9 5 6 6 0.0106951
9 5 7 0 0.0005091
9 5 7 1 -0.0011910
9 5 7 2 0.0004145
9 5 7 3 -0.0074519
9 5 7 4 -0.0021859
9 5 7 5 -0.0087082
9 5 7 6 0.0025638
9 5 7 7 0.0090852
9 5 8 0 0.0005906
9 5 8 1 -0.0016928
9 5 8 2 0.0079591
9 5 8 3 0.0009496
9 5 8 4 -0.0039962
9 5 8 5 0.0029124
9 5 8 6 -0.0031126
9 5 8 7 0.0037953
9 5 8 8 0.0307023
9 5 9 0 -0.0000949
9 5 9 1 0.0013145
9 5 9 2 -0.0029517
9 5 9 3 -0.0006874
9 5 9 4 0.0026541
9 5 9 5 0.0190071
9 5 9 6 0.0011472
9 5 9 7 0.0043133
9 5 9 8 -0.0064016
9 5 9 9 0.0337118
9 6 0 0 -0.0227682
9 6 1 0 0.0002390
9 6 1 1 -0.0126091
9 6 2 0 0.0004420
9 6 2 1 0.0015092
9 6 2 2 -0.0094517
9 6 3 0 0.0000008
9 6 3 1 -0.0017274
9 6 3 2 -0.0010394
9 6 3 3 -0.0099948
9 6 4 0 -0.0003964
9 6 4 1 0.0012099
9 6 4 2 -0.0000465
9 6 4 3 -0.0003548
9 6 4 4 -0.0137428
9 6 5 0 0.0000405
9 6 5 1 -0.0001305
9 6 5 2 -0.0001128
9 6 5 3 -0.0000802
9 6 5 4 0.0011752
9 6 5 5 0.0060782
9 6 6 0 0.0003766
9 6 6 1 -0.0022524
9 6 6 2 -0.0037840
9 6 6 3 0.0043067
9 6 6 4 -0.0039577
9 6 6 5 0.0001037
9 6 6 6 -0.0097968
9 6 7 0 -0.0001574
9 6 7 1 0.0005975
9 6 7 2 0.0004590
9 6 7 3 0.0041562
9 6 7 4 -0.0001610
9 6 7 5 0.0048199
9 6 7 6 -0.0000668
9 6 7 7 -0.0121603
9 6 8 0 -0.0004169
9 6 8 1 -0.0071233
9 6 8 2 0.0078759
9 6 8 3 0.0009036
9 6 8 4 -0.0034970
9 6 8 5 -0.0004325
9 6 8 6 -0.0008707
9 6 8 7 0.0012465
9 6 8 8 -0.0061791
9 6 9 0 -0.0000224
9 6 9 1 0.0011230
9 6 9 2 -0.0019692
9 6 9 3 -0.0025927
9 6 9 4 0.0034166
9 6 9 5 0.0011472
9 6 9 6 0.0027755
9 6 9 7 0.0015108
9 6 9 8 -0.0041541
9 6 9 9 0.0119572
9 7 0 0 -0.0140452
9 7 1 0 0.0001473
9 7 1 1 -0.0065266
9 7 2 0 0.0002858
9 7 2 1 -0.0007651
9 7 2 2 -0.0019388
9 7 3 0 -0.0001543
9 7 3 1 -0.0014186
9 7 3 2 0.0002521
9 7 3 3 -0.0061467
9 7 4 0 0.0001505
9 7 4 1 0.0029621
9 7 4 2 -0.0007103
9 7 4 3 -0.0000368
9 7 4 4 -0.0068358
9 7 5 0 -0.0000309
9 7 5 1 -0.0012963
9 7 5 2 0.0014484
9 7 5 3 -0.0014119
9 7 5 4 -0.0000585
9 7 5 5 -0.0025208
9 7 6 0 0.0005645
9 7 6 1 0.0001333
9 7 6 2 -0.0029640
9 7 6 3 0.0023728
9 7 6 4 -0.0009522
9 7 6 5 0.0002952
9 7 6 6 -0.0052305
9 7 7 0 0.0000253
9 7 7 1 0.0007340
9 7 7 2 0.0008977
9 7 7 3 0.0036830
9 7 7 4 -0.0008860
9 7 7 5 0.0018615
9 7 7 6 -0.0013708
9 7 7 7 -0.0074271
9 7 8 0 -0.0001127
9 7 8 1 -0.0061727
9 7 8 2 0.0088607
9 7 8 3 0.0000090
9 7 8 4 -0.0018431
9 7 8 5 0.0015456
9 7 8 6 -0.0001718
9 7 8 7 0.0019484
9 7 8 8 0.0032126
9 7 9 0 -0.0000177
9 7 9 1 -0.0018115
9 7 9 2 0.0031853
9 7 9 3 -0.0023764
9 7 9 4 0.0013589
9 7 9 5 0.0043133
9 7 9 6 0.0015108
9 7 9 7 0.0033794
9 7 9 8 0.0029133
9 7 9 9 0.0184712
9 8 0 0 -0.0026466
9 8 1 0 0.0000162
9 8 1 1 -0.0021343
9 8 2 0 0.0001022
9 8 2 1 0.0023555
9 8 2 2 -0.0020872
9 8 3 0 -0.0001326
9 8 3 1 -0.0043215
9 8 3 2 -0.0013276
9 8 3 3 -0.0000848
9 8 4 0 0.0000823
9 8 4 1 0.0027828
9 8 4 2 0.0002706
9 8 4 3 -0.0015514
9 8 4 4 -0.0019767
9 8 5 0 -0.0000014
9 8 5 1 -0.0026279
9 8 5 2 0.0048892
9 8 5 3 0.0002936
9 8 5 4 -0.0024208
9 8 5 5 -0.0090334
9 8 6 0 0.0001830
9 8 6 1 0.0012986
9 8 6 2 -0.0035548
9 8 6 3 0.0033963
9 8 6 4 -0.0016847
9 8 6 5 -0.0016608
9 8 6 6 0.0016189
9 8 7 0 0.0000905
9 8 7 1 0.0008880
9 8 7 2 -0.0012147
9 8 7 3 -0.0002279
9 8 7 4 -0.0013223
9 8 7 5 -0.0010681
9 8 7 6 0.0006225
9 8 7 7 -0.0026729
9 8 8 0 -0.0000680
9 8 8 1 0.0000904
9 8 8 2 0.0001119
9 8 8 3 -0.0027124
9 8 8 4 0.0036481
9 8 8 5 0.0059459
9 8 8 6 0.0024130
9 8 8 7 0.0033157
9 8 8 8 -0.0032660
9 8 9 0 0.0002204
9 8 9 1 -0.0152556
9 8 9 2 0.0272111
9 8 9 3 0.0017628
9 8 9 4 -0.0083850
9 8 9 5 -0.0064016
9 8 9 6 -0.0041541
9 8 9 7 0.0029133
9 8 9 8 0.0403138
9 8 9 9 -0.0017569
9 9 0 0 0.3507840
9 9 1 0 -0.0001047
9 9 1 1 0.3490883
9 9 2 0 -0.0065204
9 9 2 1 -0.1136575
9 9 2 2 0.4231080
9 9 3 0 -0.0004508
9 9 3 1 -0.0099641
9 9 3 2 0.0089701
9 9 3 3 0.2880007
9 9 4 0 0.0030398
9 9 4 1 0.0217887
9 9 4 2 -0.0363523
9 9 4 3 -0.0043749
9 9 4 4 0.3277558
9 9 5 0 -0.0009830
9 9 5 1 -0.0041773
9 9 5 2 0.0063869
9 9 5 3 0.0153276
9 9 5 4 0.0042057
9 9 5 5 0.4229655
9 9 6 0 -0.0045165
9 9 6 1 0.0154285
9 9 6 2 -0.0016226
9 9 6 3 -0.0220644
9 9 6 4 0.0357488
9 9 6 5 -0.0025545
9 9 6 6 0.2856277
9 9 7 0 0.0025069
9 9 7 1 -0.0124440
9 9 7 2 0.0112960
9 9 7 3 -0.0423431
9 9 7 4 -0.0147885
9 9 7 5 0.0390441
9 9 7 6 0.0105513
9 9 7 7 0.3090840
9 9 8 0 0.0069769
9 9 8 1 -0.0320468
9 9 8 2 0.1161747
9 9 8 3 0.0096403
9 9 8 4 -0.0296577
9 9 8 5 0.0034785
9 9 8 6 -0.0257881
9 9 8 7 0.0233536
9 9 8 8 0.5355854
9 9 9 0 0.0000058
9 9 9 1 0.0007571
9 9 9 2 0.0067913
9 9 9 3 -0.0254782
9 9 9 4 0.0254952
9 9 9 5 0.0337118
9 9 9 6 0.0119572
9 9 9 7 0.0184712
9 9 9 8 -0.0017569
9 9 9 9 0.6728328
10 0 0 0 -0.0000816
10 0 1 0 0.0000402
10 0 1 1 0.0000139
10 0 2 0 -0.0000516
10 0 2 1 -0.0001392
10 0 2 2 -0.0000427
10 0 3 0 -0.0002308
10 0 3 1 -0.0005160
10 0 3 2 -0.0000300
10 0 3 3 -0.0001953
10 0 4 0 -0.0004151
10 0 4 1 -0.0007182
10 0 4 2 0.0001103
10 0 4 3 -0.0000097
10 0 4 4 0.0001149
10 0 5 0 -0.0000610
10 0 5 1 -0.0000381
10 0 5 2 0.0000264
10 0 5 3 0.0000825
10 0 5 4 0.0000159
10 0 5 5 0.0003679
10 0 6 0 -0.0000934
10 0 6 1 -0.0000868
10 0 6 2 -0.0000015
10 0 6 3 -0.0000649
10 0 6 4 -0.0002654
10 0 6 5 -0.0000483
10 0 6 6 -0.0001720
10 0 7 0 0.0004569
10 0 7 1 0.0005047
10 0 7 2 -0.0002028
10 0 7 3 -0.0001290
10 0 7 4 -0.0000346
10 0 7 5 0.0001510
10 0 7 6 0.0003045
10 0 7 7 -0.0002032
10 0 8 0 -0.0000873
10 0 8 1 -0.0000702
10 0 8 2 -0.0000126
10 0 8 3 -0.0002450
10 0 8 4 -0.0004787
10 0 8 5 -0.0001558
10 0 8 6 -0.0001614
10 0 8 7 0.0004898
10 0 8 8 -0.0002132
10 0 9 0 0.0000002
10 0 9 1 -0.0000004
10 0 9 2 -0.0000024
10 0 9 3 -0.0000131
10 0 9 4 -0.0000003
10 0 9 5 -0.0000796
10 0 9 6 0.0000098
10 0 9 7 -0.0000279
10 0 9 8 0.0000044
10 0 9 9 -0.0000000
10 0 10 0 0.0000252
10 0 10 1 0.0001430
10 0 10 2 -0.0000713
10 0 10 3 0.0000068
10 0 10 4 0.0000209
10 0 10 5 0.0000173
10 0 10 6 -0.0000045
10 0 10 7 0.0000289
10 0 10 8 0.0002108
10 0 10 9 -0.0000003
10 0 10 10 0.0000050
10 1 0 0 0.0010096
10 1 1 0 0.0001553
10 1 1 1 0.0004758
10 1 2 0 -0.0003071
10 1 2 1 -0.0027637
10 1 2 2 -0.0004548
10 1 3 0 -0.0012599
10 1 3 1 -0.0106567
10 1 3 2 -0.0008062
10 1 3 3 -0.0045314
10 1 4 0 -0.0021204
10 1 4 1 -0.0124797
10 1 4 2 0.0028809
10 1 4 3 -0.0016649
10 1 4 4 0.0011916
10 1 5 0 -0.0003161
10 1 5 1 -0.0026069
10 1 5 2 0.0056742
10 1 5 3 0.0018725
10 1 5 4 -0.0007437
10 1 5 5 -0.0059328
10 1 6 0 -0.0004724
10 1 6 1 -0.0008568
10 1 6 2 0.0009105
10 1 6 3 0.0011476
10 1 6 4 -0.0026120
10 1 6 5 -0.0017529
10 1 6 6 -0.0011322
10 1 7 0 0.0022966
10 1 7 1 0.0058850
10 1 7 2 -0.0049761
10 1 7 3 -0.0060014
10 1 7 4 -0.0022872
10 1 7 5 0.0005195
10 1 7 6 0.0045926
10 1 7 7 -0.0044575
10 1 8 0 -0.0004045
10 1 8 1 0.0001787
10 1 8 2 -0.0015208
10 1 8 3 -0.0035324
10 1 8 4 -0.0068172
10 1 8 5 0.0033633
10 1 8 6 -0.0018645
10 1 8 7 0.0085201
10 1 8 8 -0.0036574
10 1 9 0 -0.0000004
10 1 9 1 -0.0000989
10 1 9 2 -0.0002576
10 1 9 3 0.0001166
10 1 9 4 -0.0001792
10 1 9 5 0.0019879
10 1 9 6 0.0001993
10 1 9 7 0.0000042
10 1 9 8 -0.0000964
10 1 9 9 -0.0013707
10 1 10 0 0.0001430
10 1 10 1 0.0102060
10 1 10 2 -0.0145939
10 1 10 3 -0.0007877
10 1 10 4 0.0038590
10 1 10 5 -0.0017512
10 1 10 6 0.0021381
10 1 10 7 -0.0010944
10 1 10 8 -0.0147378
10 1 10 9 -0.0000595
10 1 10 10 -0.0016374
10 2 0 0 -0.0029546
10 2 1 0 -0.0001187
10 2 1 1 -0.0017216
10 2 2 0 0.0001900
10 2 2 1 0.0005406
10 2 2 2 0.0011233
10 2 3 0 0.0009894
10 2 3 1 0.0078022
10 2 3 2 -0.0012325
10 2 3 3 0.0013718
10 2 4 0 0.0018748
10 2 4 1 0.0119373
10 2 4 2 -0.0052606
10 2 4 3 0.0007920
10 2 4 4 -0.0017427
10 2 5 0 0.0002412
10 2 5 1 0.0044031
10 2 5 2 -0.0083176
10 2 5 3 -0.0008872
10 2 5 4 0.0019369
10 2 5 5 0.0129265
10 2 6 0 0.0004327
10 2 6 1 0.0011324
10 2 6 2 -0.0021013
10 2 6 3 -0.0005629
10 2 6 4 0.0017475
10 2 6 5 0.0017427
10 2 6 6 -0.0002369
10 2 7 0 -0.0018526
10 2 7 1 -0.0060517
10 2 7 2 0.0049785
10 2 7 3 0.0043129
10 2 7 4 0.0013920
10 2 7 5 0.0022118
10 2 7 6 -0.0025077
10 2 7 7 0.0006213
10 2 8 0 0.0004341
10 2 8 1 -0.0018226
10 2 8 2 0.0048783
10 2 8 3 0.0042238
10 2 8 4 0.0065301
10 2 8 5 -0.0073000
10 2 8 6 0.0012817
10 2 8 7 -0.0084049
10 2 8 8 0.0074171
10 2 9 0 -0.0000029
10 2 9 1 -0.0002281
10 2 9 2 0.0008636
10 2 9 3 -0.0007211
10 2 9 4 0.0006901
10 2 9 5 -0.0033424
10 2 9 6 0.0001469
10 2 9 7 -0.0000518
10 2 9 8 0.0005397
10 2 9 9 0.0076234
10 2 10 0 -0.0000713
10 2 10 1 -0.0145939
10 2 10 2 0.0233151
10 2 10 3 0.0018627
10 2 10 4 -0.0053320
10 2 10 5 0.0010321
10 2 10 6 -0.0035557
10 2 10 7 0.0016368
10 2 10 8 0.0267668
10 2 10 9 0.0008931
10 2 10 10 0.0089849
10 3 0 0 -0.0189333
10 3 1 0 0.0001358
10 3 1 1 -0.0121091
10 3 2 0 0.0001071
10 3 2 1 -0.0028220
10 3 2 2 -0.0065751
10 3 3 0 -0.0000205
10 3 3 1 -0.0012553
10 3 3 2 -0.0008575
10 3 3 3 -0.0138060
10 3 4 0 -0.0000393
10 3 4 1 0.0016344
10 3 4 2 -0.0017051
10 3 4 3 -0.0019536
10 3 4 4 -0.0122817
10 3 5 0 0.0000330
10 3 5 1 0.0006832
10 3 5 2 -0.0007024
10 3 5 3 0.0017471
10 3 5 4 0.0016647
10 3 5 5 0.0184278
10 3 6 0 0.0001800
10 3 6 1 -0.0007469
10 3 6 2 -0.0023301
10 3 6 3 0.0018483
10 3 6 4 -0.0001663
10 3 6 5 -0.0000454
10 3 6 6 -0.0114891
10 3 7 0 -0.0000962
10 3 7 1 -0.0011996
10 3 7 2 0.0008412
10 3 7 3 0.0025708
10 3 7 4 0.0007765
10 3 7 5 0.0085536
10 3 7 6 0.0002177
10 3 7 7 -0.0136082
10 3 8 0 -0.0000546
10 3 8 1 -0.0066882
10 3 8 2 0.0099378
10 3 8 3 0.0007174
10 3 8 4 -0.0029078
10 3 8 5 -0.0005636
10 3 8 6 -0.0014097
10 3 8 7 0.0013083
10 3 8 8 -0.0001417
10 3 9 0 -0.0000067
10 3 9 1 -0.0000650
10 3 9 2 0.0005137
10 3 9 3 -0.0028581
10 3 9 4 0.0017322
10 3 9 5 -0.0002185
10 3 9 6 0.0016447
10 3 9 7 0.0016517
10 3 9 8 -0.0002585
10 3 9 9 0.0153213
10 3 10 0 0.0000068
10 3 10 1 -0.0007877
10 3 10 2 0.0018627
10 3 10 3 0.0032779
10 3 10 4 0.0029293
10 3 10 5 0.0005002
10 3 10 6 -0.0000900
10 3 10 7 -0.0023634
10 3 10 8 0.0019667
10 3 10 9 -0.0026457
10 3 10 10 0.0190759
10 4 0 0 -0.0285183
10 4 1 0 0.0002635
10 4 1 1 -0.0168570
10 4 2 0 0.0002329
10 4 2 1 -0.0028519
10 4 2 2 -0.0101354
10 4 3 0 -0.0002318
10 4 3 1 -0.0028629
10 4 3 2 -0.0001513
10 4 3 3 -0.0160956
10 4 4 0 -0.0005602
10 4 4 1 -0.0000674
10 4 4 2 -0.0009608
10 4 4 3 -0.0021605
10 4 4 4 -0.0211902
10 4 5 0 -0.0000186
10 4 5 1 -0.0014370
10 4 5 2 0.0020937
10 4 5 3 0.0017404
10 4 5 4 0.0007888
10 4 5 5 0.0155777
10 4 6 0 0.0002198
10 4 6 1 -0.0024149
10 4 6 2 -0.0037368
10 4 6 3 0.0022500
10 4 6 4 -0.0030676
10 4 6 5 -0.0006341
10 4 6 6 -0.0165250
10 4 7 0 0.0002430
10 4 7 1 0.0011512
10 4 7 2 0.0008103
10 4 7 3 0.0029522
10 4 7 4 0.0016952
10 4 7 5 0.0089662
10 4 7 6 0.0011173
10 4 7 7 -0.0167995
10 4 8 0 -0.0002890
10 4 8 1 -0.0100911
10 4 8 2 0.0133695
10 4 8 3 -0.0002328
10 4 8 4 -0.0067629
10 4 8 5 0.0022938
10 4 8 6 -0.0026657
10 4 8 7 0.0043328
10 4 8 8 -0.0029546
10 4 9 0 -0.0000006
10 4 9 1 -0.0001201
10 4 9 2 0.0008774
10 4 9 3 -0.0030712
10 4 9 4 0.0036654
10 4 9 5 0.0007003
10 4 9 6 0.0026353
10 4 9 7 0.0016670
10 4 9 8 -0.0001008
10 4 9 9 0.0204297
10 4 10 0 0.0000209
10 4 10 1 0.0038590
10 4 10 2 -0.0053320
10 4 10 3 0.0029293
10 4 10 4 0.0073478
10 4 10 5 -0.0015876
10 4 10 6 0.0020462
10 4 10 7 -0.0042425
10 4 10 8 -0.0069662
10 4 10 9 0.0021001
10 4 10 10 0.0254993
10 5 0 0 -0.0315965
10 5 1 0 0.0000712
10 5 1 1 -0.0287135
10 5 2 0 0.0011057
10 5 2 1 0.0180618
10 5 2 2 -0.0424904
10 5 3 0 0.0005877
10 5 3 1 0.0085419
10 5 3 2 -0.0007627
10 5 3 3 -0.0160958
10 5 4 0 -0.0003488
10 5 4 1 -0.0012013
10 5 4 2 0.0058042
10 5 4 3 0.0026629
10 5 4 4 -0.0250636
10 5 5 0 0.0004248
10 5 5 1 0.0045704
10 5 5 2 -0.0076243
10 5 5 3 0.0060927
10 5 5 4 0.0074811
10 5 5 5 0.0608886
10 5 6 0 0.0005562
10 5 6 1 -0.0041639
10 5 6 2 0.0014761
10 5 6 3 0.0006841
10 5 6 4 -0.0043106
10 5 6 5 0.0017707
10 5 6 6 -0.0209495
10 5 7 0 -0.0011496
10 5 7 1 0.0012669
10 5 7 2 0.0003056
10 5 7 3 0.0123138
10 5 7 4 0.0070521
10 5 7 5 0.0161163
10 5 7 6 -0.0036041
10 5 7 7 -0.0145591
10 5 8 0 -0.0011782
10 5 8 1 0.0045329
10 5 8 2 -0.0178707
10 5 8 3 -0.0006622
10 5 8 4 0.0043704
10 5 8 5 -0.0053295
10 5 8 6 0.0036048
10 5 8 7 -0.0081141
10 5 8 8 -0.0594583
10 5 9 0 -0.0000793
10 5 9 1 0.0019761
10 5 9 2 -0.0040955
10 5 9 3 0.0009606
10 5 9 4 -0.0016969
10 5 9 5 -0.0149070
10 5 9 6 -0.0001442
10 5 9 7 -0.0046500
10 5 9 8 -0.0055697
10 5 9 9 -0.0539812
10 5 10 0 0.0000173
10 5 10 1 -0.0017512
10 5 10 2 0.0010321
10 5 10 3 0.0005002
10 5 10 4 -0.0015876
10 5 10 5 0.0406737
10 5 10 6 -0.0004121
10 5 10 7 0.0106825
10 5 10 8 0.0015149
10 5 10 9 -0.0022627
10 5 10 10 -0.0599949
10 6 0 0 -0.0050870
10 6 1 0 0.0000880
10 6 1 1 -0.0026494
10 6 2 0 0.0000368
10 6 2 1 -0.0000797
10 6 2 2 -0.0025704
10 6 3 0 -0.0001442
10 6 3 1 -0.0002643
10 6 3 2 0.0003731
10 6 3 3 -0.0017348
10 6 4 0 -0.0005209
10 6 4 1 -0.0018937
10 6 4 2 0.0000100
10 6 4 3 0.0003555
10 6 4 4 -0.0040856
10 6 5 0 -0.0000243
10 6 5 1 -0.0010165
10 6 5 2 0.0012672
10 6 5 3 -0.0000011
10 6 5 4 -0.0004295
10 6 5 5 -0.0011330
10 6 6 0 -0.0000970
10 6 6 1 -0.0009302
10 6 6 2 -0.0004156
10 6 6 3 -0.0006526
10 6 6 4 -0.0018218
10 6 6 5 -0.0002337
10 6 6 6 -0.0037753
10 6 7 0 0.0002784
10 6 7 1 0.0013449
10 6 7 2 0.0005092
10 6 7 3 0.0002854
10 6 7 4 0.0006029
10 6 7 5 0.0002501
10 6 7 6 0.0006050
10 6 7 7 -0.0015567
10 6 8 0 -0.0001775
10 6 8 1 -0.0016167
10 6 8 2 0.0013294
10 6 8 3 -0.0004475
10 6 8 4 -0.0021780
10 6 8 5 0.0016600
10 6 8 6 -0.0010079
10 6 8 7 0.0014006
10 6 8 8 -0.0022673
10 6 9 0 0.0000074
10 6 9 1 0.0002757
10 6 9 2 -0.0001810
10 6 9 3 -0.0001710
10 6 9 4 0.0009699
10 6 9 5 0.0007064
10 6 9 6 0.0004630
10 6 9 7 0.0000648
10 6 9 8 -0.0002628
10 6 9 9 0.0017157
10 6 10 0 -0.0000045
10 6 10 1 0.0021381
10 6 10 2 -0.0035557
10 6 10 3 -0.0000900
10 6 10 4 0.0020462
10 6 10 5 -0.0004121
10 6 10 6 0.0011626
10 6 10 7 -0.0008629
10 6 10 8 -0.0049871
10 6 10 9 0.0011613
10 6 10 10 0.0023929
10 7 0 0 0.0169185
10 7 1 0 -0.0002352
10 7 1 1 0.0064658
10 7 2 0 -0.0002091
10 7 2 1 0.0032219
10 7 2 2 -0.0003362
10 7 3 0 -0.0000294
10 7 3 1 -0.0003560
10 7 3 2 -0.0010841
10 7 3 3 0.0067039
10 7 4 0 0.0002099
10 7 4 1 -0.0020030
10 7 4 2 0.0015724
10 7 4 3 0.0011144
10 7 4 4 0.0084159
10 7 5 0 -0.0000097
10 7 5 1 0.0018687
10 7 5 2 -0.0019609
10 7 5 3 0.0020893
10 7 5 4 0.0018396
10 7 5 5 0.0063763
10 7 6 0 -0.0002029
10 7 6 1 0.0013176
10 7 6 2 0.0030322
10 7 6 3 -0.0009401
10 7 6 4 0.0006268
10 7 6 5 0.0000385
10 7 6 6 0.0074280
10 7 7 0 0.0002130
10 7 7 1 0.0002344
10 7 7 2 -0.0026854
10 7 7 3 -0.0041783
10 7 7 4 -0.0014218
10 7 7 5 -0.0012133
10 7 7 6 0.0010800
10 7 7 7 0.0076211
10 7 8 0 0.0001172
10 7 8 1 0.0089313
10 7 8 2 -0.0132928
10 7 8 3 -0.0005120
10 7 8 4 0.0045854
10 7 8 5 -0.0029120
10 7 8 6 0.0022906
10 7 8 7 -0.0023512
10 7 8 8 -0.0087335
10 7 9 0 -0.0000326
10 7 9 1 0.0001291
10 7 9 2 -0.0011770
10 7 9 3 0.0027160
10 7 9 4 -0.0024815
10 7 9 5 -0.0041882
10 7 9 6 -0.0017756
10 7 9 7 -0.0029369
10 7 9 8 -0.0010840
10 7 9 9 -0.0241483
10 7 10 0 0.0000289
10 7 10 1 -0.0010944
10 7 10 2 0.0016368
10 7 10 3 -0.0023634
10 7 10 4 -0.0042425
10 7 10 5 0.0106825
10 7 10 6 -0.0008629
10 7 10 7 0.0060305
10 7 10 8 0.0032386
10 7 10 9 0.0006008
10 7 10 10 -0.0287605
10 8 0 0 -0.0024133
10 8 1 0 0.0000404
10 8 1 1 -0.0003509
10 8 2 0 0.0000316
10 8 2 1 -0.0003187
10 8 2 2 0.0019187
10 8 3 0 0.0000948
10 8 3 1 0.0035790
10 8 3 2 0.0003510
10 8 3 3 0.0012163
10 8 4 0 0.0001022
10 8 4 1 0.0043159
10 8 4 2 -0.0018486
10 8 4 3 0.0007610
10 8 4 4 -0.0007339
10 8 5 0 -0.0000133
10 8 5 1 0.0045816
10 8 5 2 -0.0096101
10 8 5 3 -0.0000405
10 8 5 4 0.0025008
10 8 5 5 0.0193187
10 8 6 0 0.0000351
10 8 6 1 0.0001214
10 8 6 2 -0.0012417
10 8 6 3 -0.0011088
10 8 6 4 -0.0000171
10 8 6 5 0.0018647
10 8 6 6 -0.0007785
10 8 7 0 -0.0001383
10 8 7 1 -0.0004864
10 8 7 2 0.0010654
10 8 7 3 0.0033897
10 8 7 4 0.0017970
10 8 7 5 0.0031967
10 8 7 6 -0.0008578
10 8 7 7 0.0014603
10 8 8 0 0.0000204
10 8 8 1 -0.0021072
10 8 8 2 0.0042118
10 8 8 3 0.0017482
10 8 8 4 0.0019785
10 8 8 5 -0.0120508
10 8 8 6 -0.0001251
10 8 8 7 -0.0050794
10 8 8 8 0.0051949
10 8 9 0 0.0000046
10 8 9 1 -0.0001009
10 8 9 2 0.0006691
10 8 9 3 -0.0007643
10 8 9 4 0.0002824
10 8 9 5 -0.0055000
10 8 9 6 0.0000290
10 8 9 7 -0.0007521
10 8 9 8 0.0006184
10 8 9 9 0.0054130
10 8 10 0 0.0002108
10 8 10 1 -0.0147378
10 8 10 2 0.0267668
10 8 10 3 0.0019667
10 8 10 4 -0.0069662
10 8 10 5 0.0015149
10 8 10 6 -0.0049871
10 8 10 7 0.0032386
10 8 10 8 0.0391708
10 8 10 9 0.0001779
10 8 10 10 0.0063801
10 9 0 0 0.0000003
10 9 1 0 0.0000013
10 9 1 1 -0.0003858
10 9 2 0 -0.0000013
10 9 2 1 -0.0002895
10 9 2 2 0.0001901
10 9 3 0 -0.0000078
10 9 3 1 -0.0003800
10 9 3 2 -0.0000551
10 9 3 3 -0.0030337
10 9 4 0 0.0000007
10 9 4 1 -0.0004352
10 9 4 2 0.0006227
10 9 4 3 -0.0008026
10 9 4 4 0.0027124
10 9 5 0 -0.0000538
10 9 5 1 -0.0000253
10 9 5 2 -0.0000102
10 9 5 3 -0.0012273
10 9 5 4 -0.0014101
10 9 5 5 -0.0202639
10 9 6 0 0.0000124
10 9 6 1 0.0004996
10 9 6 2 0.0003889
10 9 6 3 0.0007062
10 9 6 4 0.0017918
10 9 6 5 -0.0000197
10 9 6 6 0.0000438
10 9 7 0 -0.0000292
10 9 7 1 -0.0008749
10 9 7 2 -0.0002362
10 9 7 3 0.0005792
10 9 7 4 -0.0008078
10 9 7 5 -0.0045996
10 9 7 6 -0.0006144
10 9 7 7 -0.0036211
10 9 8 0 0.0000093
10 9 8 1 0.0001588
10 9 8 2 0.0001779
10 9 8 3 -0.0000906
10 9 8 4 0.0003348
10 9 8 5 -0.0008696
10 9 8 6 0.0001269
10 9 8 7 -0.0000753
10 9 8 8 0.0002330
10 9 9 0 0.0000013
10 9 9 1 -0.0001369
10 9 9 2 0.0007702
10 9 9 3 0.0017988
10 9 9 4 0.0024942
10 9 9 5 -0.0041860
10 9 9 6 0.0002219
10 9 9 7 -0.0025586
10 9 9 8 0.0005338
10 9 9 9 -0.0000000
10 9 10 0 -0.0000003
10 9 10 1 -0.0000595
10 9 10 2 0.0008931
10 9 10 3 -0.0026457
10 9 10 4 0.0021001
10 9 10 5 -0.0022627
10 9 10 6 0.0011613
10 9 10 7 0.0006008
10 9 10 8 0.0001779
10 9 10 9 0.0362686
10 9 10 10 -0.0000000
10 10 0 0 0.3507843
10 10 1 0 -0.0001003
10 10 1 1 0.3488692
10 10 2 0 -0.0065281
10 10 2 1 -0.1139744
10 10 2 2 0.4228435
10 10 3 0 -0.0004228
10 10 3 1 -0.0080491
10 10 3 2 0.0110056
10 10 3 3 0.2872210
10 10 4 0 0.0030463
10 10 4 1 0.0214358
10 10 4 2 -0.0365798
10 10 4 3 0.0020750
10 10 4 4 0.3288660
10 10 5 0 -0.0009111
10 10 5 1 -0.0045092
10 10 5 2 0.0059279
10 10 5 3 0.0174358
10 10 5 4 0.0047463
10 10 5 5 0.4520809
10 10 6 0 -0.0044855
10 10 6 1 0.0174047
10 10 6 2 -0.0015596
10 10 6 3 -0.0224179
10 10 6 4 0.0353579
10 10 6 5 -0.0024203
10 10 6 6 0.2817175
10 10 7 0 0.0025604
10 10 7 1 -0.0098299
10 10 7 2 0.0105238
10 10 7 3 -0.0410426
10 10 7 4 -0.0179933
10 10 7 5 0.0458022
10 10 7 6 0.0074213
10 10 7 7 0.3130692
10 10 8 0 0.0069731
10 10 8 1 -0.0319672
10 10 8 2 0.1161601
10 10 8 3 0.0096118
10 10 8 4 -0.0290890
10 10 8 5 0.0047022
10 10 8 6 -0.0258890
10 10 8 7 0.0230013
10 10 8 8 0.5353629
10 10 9 0 -0.0000007
10 10 9 1 0.0006063
10 10 9 2 0.0059211
10 10 9 3 -0.0212835
10 10 9 4 0.0205066
10 10 9 5 0.0223942
10 10 9 6 0.0088896
10 10 9 7 0.0134349
10 10 9 8 -0.0012014
10 10 9 9 0.6002955
10 10 10 0 0.0000050
10 10 10 1 -0.0016374
10 10 10 2 0.0089849
10 10 10 3 0.0190759
10 10 10 4 0.0254993
10 10 10 5 -0.0599949
10 10 10 6 0.0023929
10 10 10 7 -0.0287605
10 10 10 8 0.0063801
10 10 10 9 -0.0000000
10 10 10 10 0.6728328
11 0 0 0 0.0032277
11 0 1 0 -0.0002227
11 0 1 1 0.0006571
11 0 2 0 -0.0000150
11 0 2 1 0.0001090
11 0 2 2 0.0004014
11 0 3 0 0.0000035
11 0 3 1 0.0000010
11 0 3 2 -0.0000125
11 0 3 3 0.0005685
11 0 4 0 0.0000599
11 0 4 1 -0.0001450
11 0 4 2 0.0000370
11 0 4 3 0.0000114
11 0 4 4 0.0007934
11 0 5 0 -0.0000200
11 0 5 1 0.0000394
11 0 5 2 0.0000115
11 0 5 3 0.0000096
11 0 5 4 -0.0000382
11 0 5 5 -0.0003764
11 0 6 0 -0.0001407
11 0 6 1 0.0001559
11 0 6 2 0.0002441
11 0 6 3 -0.0001251
11 0 6 4 0.0001175
11 0 6 5 -0.0000049
11 0 6 6 0.0007499
11 0 7 0 0.0000678
11 0 7 1 -0.0000622
11 0 7 2 -0.0001225
11 0 7 3 -0.0002966
11 0 7 4 -0.0000486
11 0 7 5 -0.0002728
11 0 7 6 0.0000253
11 0 7 7 0.0007167
11 0 8 0 -0.0001195
11 0 8 1 0.0004200
11 0 8 2 -0.0005788
11 0 8 3 -0.0000293
11 0 8 4 0.0002165
11 0 8 5 -0.0000187
11 0 8 6 0.0000541
11 0 8 7 -0.0000559
11 0 8 8 0.0002252
11 0 9 0 -0.0000002
11 0 9 1 0.0000022
11 0 9 2 -0.0000287
11 0 9 3 0.0001039
11 0 9 4 -0.0001025
11 0 9 5 -0.0000306
11 0 9 6 -0.0000794
11 0 9 7 -0.0000735
11 0 9 8 -0.0000013
11 0 9 9 -0.0006286
11 0 10 0 -0.0000002
11 0 10 1 0.0000057
11 0 10 2 -0.0000259
11 0 10 3 -0.0000841
11 0 10 4 -0.0001213
11 0 10 5 0.0000749
11 0 10 6 -0.0000172
11 0 10 7 0.0001075
11 0 10 8 -0.0000196
11 0 10 9 0.0000005
11 0 10 10 -0.0006283
11 0 11 0 0.0000110
11 0 11 1 -0.0000260
11 0 11 2 0.0001251
11 0 11 3 -0.0000053
11 0 11 4 -0.0000451
11 0 11 5 -0.0001721
11 0 11 6 -0.0000401
11 0 11 7 -0.0000137
11 0 11 8 0.0003005
11 0 11 9 0.0000017
11 0 11 10 0.0000023
11 0 11 11 -0.0044142
11 1 0 0 0.0040101
11 1 1 0 -0.0000037
11 1 1 1 0.0024765
11 1 2 0 -0.0000434
11 1 2 1 0.0007712
11 1 2 2 0.0007423
11 1 3 0 -0.0000055
11 1 3 1 0.0000018
11 1 3 2 -0.0001263
11 1 3 3 0.0026702
11 1 4 0 0.0000041
11 1 4 1 -0.0004951
11 1 4 2 0.0006147
11 1 4 3 0.0000311
11 1 4 4 0.0029775
11 1 5 0 -0.0000078
11 1 5 1 -0.0000384
11 1 5 2 0.0001234
11 1 5 3 -0.0002136
11 1 5 4 -0.0002651
11 1 5 5 -0.0022936
11 1 6 0 -0.0000406
11 1 6 1 0.0000465
11 1 6 2 0.0006281
11 1 6 3 -0.0002679
11 1 6 4 0.0002656
11 1 6 5 -0.0000380
11 1 6 6 0.0027070
11 1 7 0 0.0000255
11 1 7 1 0.0000404
11 1 7 2 -0.0003680
11 1 7 3 -0.0007600
11 1 7 4 -0.0001467
11 1 7 5 -0.0012522
11 1 7 6 0.0001909
11 1 7 7 0.0025894
11 1 8 0 0.0000535
11 1 8 1 0.0020356
11 1 8 2 -0.0030496
11 1 8 3 -0.0001830
11 1 8 4 0.0009466
11 1 8 5 0.0000727
11 1 8 6 0.0004643
11 1 8 7 -0.0003618
11 1 8 8 -0.0009670
11 1 9 0 0.0000007
11 1 9 1 0.0000197
11 1 9 2 -0.0001375
11 1 9 3 0.0004838
11 1 9 4 -0.0004231
11 1 9 5 0.0001446
11 1 9 6 -0.0003214
11 1 9 7 -0.0002304
11 1 9 8 0.0000084
11 1 9 9 -0.0017466
11 1 10 0 -0.0000015
11 1 10 1 0.0000587
11 1 10 2 -0.0001892
11 1 10 3 -0.0004223
11 1 10 4 -0.0005304
11 1 10 5 -0.0001932
11 1 10 6 -0.0000479
11 1 10 7 0.0002985
11 1 10 8 -0.0001932
11 1 10 9 0.0000401
11 1 10 10 -0.0018291
11 1 11 0 -0.0000260
11 1 11 1 0.0013244
11 1 11 2 -0.0027773
11 1 11 3 -0.0001732
11 1 11 4 0.0008294
11 1 11 5 0.0003172
11 1 11 6 0.0006324
11 1 11 7 -0.0004242
11 1 11 8 -0.0051600
11 1 11 9 0.0000222
11 1 11 10 -0.0001880
11 1 11 11 0.0172829
11 2 0 0 -0.0027684
11 2 1 0 0.0000115
11 2 1 1 -0.0016451
11 2 2 0 0.0000795
11 2 2 1 -0.0004924
11 2 2 2 -0.0000769
11 2 3 0 0.0000008
11 2 3 1 -0.0000196
11 2 3 2 0.0000752
11 2 3 3 -0.0017528
11 2 4 0 0.0000164
11 2 4 1 0.0005857
11 2 4 2 -0.0006000
11 2 4 3 -0.0000396
11 2 4 4 -0.0021368
11 2 5 0 0.0000197
11 2 5 1 0.0002074
11 2 5 2 -0.0002764
11 2 5 3 0.0001634
11 2 5 4 0.0002627
11 2 5 5 0.0005935
11 2 6 0 0.0001005
11 2 6 1 0.0001181
11 2 6 2 -0.0005098
11 2 6 3 0.0002595
11 2 6 4 -0.0002677
11 2 6 5 0.0000302
11 2 6 6 -0.0016844
11 2 7 0 -0.0000390
11 2 7 1 -0.0000377
11 2 7 2 0.0002225
11 2 7 3 0.0006649
11 2 7 4 0.0001351
11 2 7 5 0.0004749
11 2 7 6 -0.0002088
11 2 7 7 -0.0018986
11 2 8 0 -0.0000807
11 2 8 1 -0.0017038
11 2 8 2 0.0025396
11 2 8 3 0.0001116
11 2 8 4 -0.0006380
11 2 8 5 -0.0002912
11 2 8 6 -0.0002452
11 2 8 7 0.0001898
11 2 8 8 0.0007000
11 2 9 0 -0.0000031
11 2 9 1 -0.0001176
11 2 9 2 0.0001641
11 2 9 3 -0.0000318
11 2 9 4 -0.0000736
11 2 9 5 -0.0005566
11 2 9 6 -0.0000137
11 2 9 7 -0.0001126
11 2 9 8 0.0001774
11 2 9 9 -0.0021757
11 2 10 0 0.0000007
11 2 10 1 -0.0001116
11 2 10 2 0.0001985
11 2 10 3 0.0000928
11 2 10 4 0.0000035
11 2 10 5 0.0009335
11 2 10 6 -0.0000474
11 2 10 7 0.0002596
11 2 10 8 0.0002873
11 2 10 9 -0.0000940
11 2 10 10 -0.0020807
11 2 11 0 0.0001251
11 2 11 1 -0.0027773
11 2 11 2 0.0064984
11 2 11 3 0.0002488
11 2 11 4 -0.0019276
11 2 11 5 -0.0022431
11 2 11 6 -0.0015507
11 2 11 7 0.0006876
11 2 11 8 0.0126486
11 2 11 9 0.0003881
11 2 11 10 0.0005866
11 2 11 11 -0.0742298
11 3 0 0 0.0001070
11 3 1 0 -0.0000000
11 3 1 1 0.0002353
11 3 2 0 -0.0000163
11 3 2 1 -0.0004031
11 3 2 2 0.0006035
11 3 3 0 0.0001255
11 3 3 1 0.0008468
11 3 3 2 0.0002649
11 3 3 3 0.0000707
11 3 4 0 0.0000072
11 3 4 1 0.0000814
11 3 4 2 -0.0002006
11 3 4 3 0.0001863
11 3 4 4 0.0000943
11 3 5 0 0.0000249
11 3 5 1 0.0000223
11 3 5 2 -0.0001395
11 3 5 3 -0.0002909
11 3 5 4 -0.0001786
11 3 5 5 -0.0015920
11 3 6 0 -0.0000947
11 3 6 1 -0.0001456
11 3 6 2 0.0001326
11 3 6 3 -0.0002608
11 3 6 4 0.0002109
11 3 6 5 0.0001117
11 3 6 6 -0.0002963
11 3 7 0 -0.0001800
11 3 7 1 -0.0004418
11 3 7 2 0.0003777
11 3 7 3 0.0001053
11 3 7 4 0.0001677
11 3 7 5 -0.0004652
11 3 7 6 -0.0002523
11 3 7 7 0.0002955
11 3 8 0 0.0000190
11 3 8 1 -0.0003057
11 3 8 2 0.0006343
11 3 8 3 0.0004113
11 3 8 4 -0.0002073
11 3 8 5 -0.0000328
11 3 8 6 -0.0003750
11 3 8 7 -0.0004300
11 3 8 8 0.0012365
11 3 9 0 0.0000085
11 3 9 1 0.0004045
11 3 9 2 -0.0005438
11 3 9 3 -0.0000940
11 3 9 4 0.0002899
11 3 9 5 0.0005101
11 3 9 6 0.0001087
11 3 9 7 0.0000879
11 3 9 8 -0.0006659
11 3 9 9 0.0009538
11 3 10 0 -0.0000092
11 3 10 1 -0.0003111
11 3 10 2 0.0004324
11 3 10 3 0.0000026
11 3 10 4 -0.0000778
11 3 10 5 -0.0007922
11 3 10 6 -0.0000397
11 3 10 7 -0.0002235
11 3 10 8 0.0004296
11 3 10 9 0.0001132
11 3 10 10 0.0008644
11 3 11 0 -0.0000053
11 3 11 1 -0.0001732
11 3 11 2 0.0002488
11 3 11 3 0.0003024
11 3 11 4 -0.0001172
11 3 11 5 -0.0002109
11 3 11 6 -0.0001532
11 3 11 7 -0.0002201
11 3 11 8 0.0004718
11 3 11 9 -0.0014989
11 3 11 10 0.0010607
11 3 11 11 0.0045903
11 4 0 0 0.0006991
11 4 1 0 -0.0000267
11 4 1 1 0.0004689
11 4 2 0 0.0000188
11 4 2 1 0.0003717
11 4 2 2 0.0002709
11 4 3 0 0.0000000
11 4 3 1 -0.0000440
11 4 3 2 -0.0000777
11 4 3 3 0.0008922
11 4 4 0 0.0002487
11 4 4 1 0.0010024
11 4 4 2 0.0000166
11 4 4 3 -0.0000898
11 4 4 4 0.0004444
11 4 5 0 -0.0000101
11 4 5 1 -0.0001151
11 4 5 2 0.0000704
11 4 5 3 -0.0002767
11 4 5 4 -0.0001696
11 4 5 5 -0.0012693
11 4 6 0 0.0001282
11 4 6 1 0.0002884
11 4 6 2 -0.0001869
11 4 6 3 0.0001251
11 4 6 4 0.0001811
11 4 6 5 0.0000170
11 4 6 6 0.0010050
11 4 7 0 -0.0000490
11 4 7 1 -0.0001226
11 4 7 2 0.0000234
11 4 7 3 0.0000678
11 4 7 4 -0.0001535
11 4 7 5 -0.0004105
11 4 7 6 -0.0001226
11 4 7 7 0.0005569
11 4 8 0 0.0000668
11 4 8 1 0.0003690
11 4 8 2 -0.0003335
11 4 8 3 -0.0000374
11 4 8 4 0.0008812
11 4 8 5 0.0000631
11 4 8 6 0.0005126
11 4 8 7 -0.0001918
11 4 8 8 0.0004352
11 4 9 0 -0.0000055
11 4 9 1 -0.0004294
11 4 9 2 0.0006827
11 4 9 3 0.0000324
11 4 9 4 -0.0001243
11 4 9 5 0.0001712
11 4 9 6 -0.0000676
11 4 9 7 0.0001902
11 4 9 8 0.0008350
11 4 9 9 0.0012481
11 4 10 0 -0.0000123
11 4 10 1 -0.0004677
11 4 10 2 0.0006840
11 4 10 3 -0.0000043
11 4 10 4 -0.0001734
11 4 10 5 -0.0009073
11 4 10 6 -0.0001071
11 4 10 7 -0.0001968
11 4 10 8 0.0007133
11 4 10 9 0.0001022
11 4 10 10 0.0010701
11 4 11 0 -0.0000451
11 4 11 1 0.0008294
11 4 11 2 -0.0019276
11 4 11 3 -0.0001172
11 4 11 4 0.0010773
11 4 11 5 0.0006795
11 4 11 6 0.0006870
11 4 11 7 -0.0002750
11 4 11 8 -0.0039904
11 4 11 9 0.0016794
11 4 11 10 0.0016160
11 4 11 11 0.0275557
11 5 0 0 0.0047835
11 5 1 0 -0.0000054
11 5 1 1 0.0049757
11 5 2 0 -0.0001878
11 5 2 1 -0.0041541
11 5 2 2 0.0089451
11 5 3 0 -0.0000841
11 5 3 1 -0.0014374
11 5 3 2 0.0002744
11 5 3 3 0.0022555
11 5 4 0 0.0000257
11 5 4 1 0.0003342
11 5 4 2 -0.0014952
11 5 4 3 -0.0006505
11 5 4 4 0.0041179
11 5 5 0 -0.0000767
11 5 5 1 -0.0015329
11 5 5 2 0.0026360
11 5 5 3 -0.0013828
11 5 5 4 -0.0018165
11 5 5 5 -0.0143197
11 5 6 0 -0.0001247
11 5 6 1 0.0007421
11 5 6 2 -0.0005576
11 5 6 3 -0.0001245
11 5 6 4 0.0009465
11 5 6 5 -0.0004743
11 5 6 6 0.0032260
11 5 7 0 0.0001673
11 5 7 1 -0.0006637
11 5 7 2 0.0006987
11 5 7 3 -0.0020461
11 5 7 4 -0.0012614
11 5 7 5 -0.0033699
11 5 7 6 0.0004687
11 5 7 7 0.0019823
11 5 8 0 0.0002140
11 5 8 1 -0.0024825
11 5 8 2 0.0062549
11 5 8 3 0.0002079
11 5 8 4 -0.0019205
11 5 8 5 0.0029631
11 5 8 6 -0.0013500
11 5 8 7 0.0025838
11 5 8 8 0.0150556
11 5 9 0 0.0000279
11 5 9 1 -0.0004018
11 5 9 2 0.0012230
11 5 9 3 -0.0006443
11 5 9 4 0.0009651
11 5 9 5 0.0037115
11 5 9 6 0.0003337
11 5 9 7 0.0014611
11 5 9 8 0.0018269
11 5 9 9 0.0151468
11 5 10 0 -0.0000509
11 5 10 1 0.0008011
11 5 10 2 -0.0015832
11 5 10 3 0.0000362
11 5 10 4 0.0012588
11 5 10 5 -0.0073325
11 5 10 6 0.0006584
11 5 10 7 -0.0025487
11 5 10 8 -0.0034913
11 5 10 9 0.0018502
11 5 10 10 0.0124763
11 5 11 0 -0.0001721
11 5 11 1 0.0003172
11 5 11 2 -0.0022431
11 5 11 3 -0.0002109
11 5 11 4 0.0006795
11 5 11 5 0.0102526
11 5 11 6 0.0008587
11 5 11 7 0.0027835
11 5 11 8 -0.0051427
11 5 11 9 0.0023616
11 5 11 10 -0.0048269
11 5 11 11 0.1225933
11 6 0 0 0.0000240
11 6 1 0 0.0000000
11 6 1 1 -0.0000762
11 6 2 0 0.0000567
11 6 2 1 0.0002597
11 6 2 2 -0.0001661
11 6 3 0 -0.0000629
11 6 3 1 -0.0003066
11 6 3 2 -0.0000152
11 6 3 3 0.0000695
11 6 4 0 0.0001015
11 6 4 1 0.0003660
11 6 4 2 -0.0000350
11 6 4 3 -0.0000108
11 6 4 4 0.0000630
11 6 5 0 -0.0000162
11 6 5 1 -0.0001154
11 6 5 2 0.0001432
11 6 5 3 0.0000344
11 6 5 4 0.0000001
11 6 5 5 0.0007696
11 6 6 0 0.0001534
11 6 6 1 0.0003872
11 6 6 2 -0.0000923
11 6 6 3 0.0000206
11 6 6 4 0.0000862
11 6 6 5 -0.0000045
11 6 6 6 0.0002401
11 6 7 0 0.0000502
11 6 7 1 0.0001340
11 6 7 2 -0.0001132
11 6 7 3 -0.0000383
11 6 7 4 -0.0001626
11 6 7 5 0.0002731
11 6 7 6 -0.0000546
11 6 7 7 0.0000414
11 6 8 0 -0.0000074
11 6 8 1 -0.0000006
11 6 8 2 0.0000845
11 6 8 3 -0.0001747
11 6 8 4 0.0003675
11 6 8 5 0.0001031
11 6 8 6 0.0002933
11 6 8 7 0.0002018
11 6 8 8 0.0002085
11 6 9 0 -0.0000074
11 6 9 1 -0.0003420
11 6 9 2 0.0005510
11 6 9 3 -0.0001293
11 6 9 4 0.0000103
11 6 9 5 -0.0000249
11 6 9 6 0.0000445
11 6 9 7 0.0001697
11 6 9 8 0.0005555
11 6 9 9 0.0013875
11 6 10 0 -0.0000018
11 6 10 1 -0.0000794
11 6 10 2 0.0001506
11 6 10 3 0.0001241
11 6 10 4 0.0001379
11 6 10 5 -0.0002889
11 6 10 6 -0.0000034
11 6 10 7 -0.0001781
11 6 10 8 0.0001395
11 6 10 9 0.0000406
11 6 10 10 0.0014895
11 6 11 0 -0.0000401
11 6 11 1 0.0006324
11 6 11 2 -0.0015507
11 6 11 3 -0.0001532
11 6 11 4 0.0006870
11 6 11 5 0.0008587
11 6 11 6 0.0005157
11 6 11 7 -0.0000500
11 6 11 8 -0.0032201
11 6 11 9 0.0011145
11 6 11 10 0.0002218
11 6 11 11 0.0233836
11 7 0 0 0.0014771
11 7 1 0 -0.0000037
11 7 1 1 0.0014971
11 7 2 0 -0.0000771
11 7 2 1 -0.0012652
11 7 2 2 0.0026721
11 7 3 0 -0.0001641
11 7 3 1 -0.0010494
11 7 3 2 0.0000990
11 7 3 3 0.0006712
11 7 4 0 -0.0000339
11 7 4 1 -0.0000629
11 7 4 2 -0.0004042
11 7 4 3 -0.0001569
11 7 4 4 0.0011789
11 7 5 0 -0.0000544
11 7 5 1 -0.0005415
11 7 5 2 0.0009112
11 7 5 3 -0.0002293
11 7 5 4 -0.0004312
11 7 5 5 -0.0036134
11 7 6 0 0.0000141
11 7 6 1 0.0003814
11 7 6 2 -0.0002933
11 7 6 3 -0.0000206
11 7 6 4 0.0000980
11 7 6 5 -0.0002078
11 7 6 6 0.0009990
11 7 7 0 0.0002785
11 7 7 1 0.0004129
11 7 7 2 -0.0000633
11 7 7 3 -0.0006360
11 7 7 4 -0.0005003
11 7 7 5 -0.0008893
11 7 7 6 0.0002767
11 7 7 7 0.0005195
11 7 8 0 0.0000601
11 7 8 1 -0.0006649
11 7 8 2 0.0016802
11 7 8 3 -0.0003430
11 7 8 4 -0.0006598
11 7 8 5 0.0009006
11 7 8 6 -0.0002050
11 7 8 7 0.0012611
11 7 8 8 0.0040088
11 7 9 0 0.0000010
11 7 9 1 -0.0003909
11 7 9 2 0.0007097
11 7 9 3 -0.0000340
11 7 9 4 0.0000108
11 7 9 5 0.0007095
11 7 9 6 -0.0000508
11 7 9 7 0.0002887
11 7 9 8 0.0009497
11 7 9 9 0.0029341
11 7 10 0 -0.0000052
11 7 10 1 0.0006023
11 7 10 2 -0.0010190
11 7 10 3 -0.0000981
11 7 10 4 0.0003654
11 7 10 5 -0.0014729
11 7 10 6 0.0002531
11 7 10 7 -0.0004829
11 7 10 8 -0.0015768
11 7 10 9 0.0004396
11 7 10 10 0.0023718
11 7 11 0 -0.0000137
11 7 11 1 -0.0004242
11 7 11 2 0.0006876
11 7 11 3 -0.0002201
11 7 11 4 -0.0002750
11 7 11 5 0.0027835
11 7 11 6 -0.0000500
11 7 11 7 0.0012160
11 7 11 8 0.0012178
11 7 11 9 0.0015411
11 7 11 10 -0.0025000
11 7 11 11 0.0143180
11 8 0 0 0.0048175
11 8 1 0 -0.0000354
11 8 1 1 0.0031214
11 8 2 0 -0.0002552
11 8 2 1 -0.0022528
11 8 2 2 0.0049512
11 8 3 0 -0.0000004
11 8 3 1 -0.0000240
11 8 3 2 0.0002137
11 8 3 3 0.0015076
11 8 4 0 0.0001562
11 8 4 1 0.0004615
11 8 4 2 -0.0010055
11 8 4 3 0.0000256
11 8 4 4 0.0024487
11 8 5 0 0.0000024
11 8 5 1 0.0005464
11 8 5 2 -0.0005402
11 8 5 3 0.0001979
11 8 5 4 0.0001796
11 8 5 5 -0.0029329
11 8 6 0 -0.0001680
11 8 6 1 0.0005122
11 8 6 2 0.0002381
11 8 6 3 -0.0004680
11 8 6 4 0.0006818
11 8 6 5 -0.0000575
11 8 6 6 0.0018939
11 8 7 0 0.0000820
11 8 7 1 -0.0001802
11 8 7 2 -0.0000978
11 8 7 3 -0.0008655
11 8 7 4 -0.0002498
11 8 7 5 -0.0016203
11 8 7 6 0.0001398
11 8 7 7 0.0017377
11 8 8 0 0.0002380
11 8 8 1 0.0003017
11 8 8 2 0.0006681
11 8 8 3 0.0000461
11 8 8 4 -0.0000316
11 8 8 5 -0.0007938
11 8 8 6 -0.0001457
11 8 8 7 -0.0001294
11 8 8 8 0.0042705
11 8 9 0 -0.0000042
11 8 9 1 0.0000419
11 8 9 2 -0.0003339
11 8 9 3 0.0010328
11 8 9 4 -0.0011016
11 8 9 5 -0.0007075
11 8 9 6 -0.0009005
11 8 9 7 -0.0009350
11 8 9 8 -0.0001170
11 8 9 9 -0.0078113
11 8 10 0 -0.0000005
11 8 10 1 -0.0000361
11 8 10 2 -0.0000630
11 8 10 3 -0.0007861
11 8 10 4 -0.0013043
11 8 10 5 0.0015165
11 8 10 6 -0.0002506
11 8 10 7 0.0014157
11 8 10 8 0.0001062
11 8 10 9 -0.0001145
11 8 10 10 -0.0076249
11 8 11 0 0.0003005
11 8 11 1 -0.0051600
11 8 11 2 0.0126486
11 8 11 3 0.0004718
11 8 11 4 -0.0039904
11 8 11 5 -0.0051427
11 8 11 6 -0.0032201
11 8 11 7 0.0012178
11 8 11 8 0.0253925
11 8 11 9 -0.0001056
11 8 11 10 0.0005531
11 8 11 11 -0.1662192
11 9 0 0 -0.0000008
11 9 1 0 0.0000105
11 9 1 1 0.0000145
11 9 2 0 -0.0000298
11 9 2 1 -0.0004566
11 9 2 2 0.0000589
11 9 3 0 0.0001048
11 9 3 1 0.0015042
11 9 3 2 0.0000820
11 9 3 3 -0.0003160
11 9 4 0 -0.0001195
11 9 4 1 -0.0011096
11 9 4 2 0.0002521
11 9 4 3 0.0005651
11 9 4 4 -0.0001516
11 9 5 0 0.0000402
11 9 5 1 0.0001388
11 9 5 2 -0.0001434
11 9 5 3 0.0005992
11 9 5 4 0.0001335
11 9 5 5 0.0051389
11 9 6 0 -0.0001479
11 9 6 1 -0.0004414
11 9 6 2 0.0007709
11 9 6 3 -0.0007639
11 9 6 4 0.0001767
11 9 6 5 -0.0000229
11 9 6 6 -0.0011707
11 9 7 0 -0.0001109
11 9 7 1 -0.0003590
11 9 7 2 0.0006148
11 9 7 3 0.0001942
11 9 7 4 0.0005001
11 9 7 5 0.0010686
11 9 7 6 -0.0003225
11 9 7 7 0.0006708
11 9 8 0 -0.0000126
11 9 8 1 0.0000168
11 9 8 2 0.0000294
11 9 8 3 -0.0001605
11 9 8 4 -0.0000276
11 9 8 5 0.0005689
11 9 8 6 -0.0003409
11 9 8 7 -0.0001024
11 9 8 8 -0.0001401
11 9 9 0 0.0000040
11 9 9 1 -0.0004645
11 9 9 2 0.0015822
11 9 9 3 -0.0000969
11 9 9 4 -0.0004960
11 9 9 5 -0.0015158
11 9 9 6 -0.0006202
11 9 9 7 -0.0001207
11 9 9 8 0.0032939
11 9 9 9 0.0000005
11 9 10 0 0.0000008
11 9 10 1 0.0000329
11 9 10 2 -0.0001044
11 9 10 3 0.0001036
11 9 10 4 0.0000959
11 9 10 5 0.0018803
11 9 10 6 0.0000613
11 9 10 7 0.0004155
11 9 10 8 -0.0001074
11 9 10 9 0.0000000
11 9 10 10 0.0000007
11 9 11 0 0.0000017
11 9 11 1 0.0000222
11 9 11 2 0.0003881
11 9 11 3 -0.0014989
11 9 11 4 0.0016794
11 9 11 5 0.0023616
11 9 11 6 0.0011145
11 9 11 7 0.0015411
11 9 11 8 -0.0001056
11 9 11 9 0.0145241
11 9 11 10 -0.0000000
11 9 11 11 0.0000088
11 10 0 0 -0.0000011
11 10 1 0 0.0000118
11 10 1 1 -0.0000248
11 10 2 0 -0.0000193
11 10 2 1 -0.0003717
11 10 2 2 0.0001240
11 10 3 0 -0.0000912
11 10 3 1 -0.0012668
11 10 3 2 0.0000535
11 10 3 3 -0.0006923
11 10 4 0 -0.0001572
11 10 4 1 -0.0014006
11 10 4 2 0.0004273
11 10 4 3 -0.0003665
11 10 4 4 -0.0001747
11 10 5 0 -0.0000506
11 10 5 1 -0.0001461
11 10 5 2 0.0000537
11 10 5 3 -0.0008735
11 10 5 4 -0.0006231
11 10 5 5 -0.0099929
11 10 6 0 -0.0000335
11 10 6 1 -0.0000597
11 10 6 2 0.0000766
11 10 6 3 0.0002073
11 10 6 4 -0.0002708
11 10 6 5 0.0000339
11 10 6 6 -0.0001516
11 10 7 0 0.0001503
11 10 7 1 0.0004494
11 10 7 2 -0.0007342
11 10 7 3 -0.0010487
11 10 7 4 -0.0003733
11 10 7 5 -0.0020901
11 10 7 6 0.0006093
11 10 7 7 -0.0012581
11 10 8 0 -0.0000277
11 10 8 1 -0.0000875
11 10 8 2 0.0002023
11 10 8 3 0.0001238
11 10 8 4 -0.0001322
11 10 8 5 -0.0010763
11 10 8 6 -0.0001640
11 10 8 7 0.0001077
11 10 8 8 0.0000678
11 10 9 0 0.0000008
11 10 9 1 0.0000329
11 10 9 2 -0.0001044
11 10 9 3 0.0001035
11 10 9 4 0.0000958
11 10 9 5 0.0018805
11 10 9 6 0.0000613
11 10 9 7 0.0004156
11 10 9 8 -0.0001074
11 10 9 9 -0.0000001
11 10 10 0 0.0000045
11 10 10 1 -0.0005525
11 10 10 2 0.0016673
11 10 10 3 -0.0001267
11 10 10 4 -0.0006847
11 10 10 5 -0.0042426
11 10 10 6 -0.0004475
11 10 10 7 -0.0006063
11 10 10 8 0.0034842
11 10 10 9 -0.0000001
11 10 10 10 -0.0000001
11 10 11 0 0.0000023
11 10 11 1 -0.0001880
11 10 11 2 0.0005866
11 10 11 3 0.0010607
11 10 11 4 0.0016160
11 10 11 5 -0.0048269
11 10 11 6 0.0002218
11 10 11 7 -0.0025000
11 10 11 8 0.0005531
11 10 11 9 -0.0000000
11 10 11 10 0.0145241
11 10 11 11 -0.0000006
11 11 0 0 0.3754302
11 11 1 0 -0.0002458
11 11 1 1 0.3851684
11 11 2 0 -0.0078915
11 11 2 1 -0.1637201
11 11 2 2 0.5197558
11 11 3 0 -0.0005588
11 11 3 1 -0.0131848
11 11 3 2 0.0165149
11 11 3 3 0.2992590
11 11 4 0 0.0036886
11 11 4 1 0.0337697
11 11 4 2 -0.0602555
11 11 4 3 -0.0034104
11 11 4 4 0.3529819
11 11 5 0 -0.0015638
11 11 5 1 -0.0109037
11 11 5 2 0.0140831
11 11 5 3 0.0128982
11 11 5 4 -0.0001949
11 11 5 5 0.5034494
11 11 6 0 -0.0056672
11 11 6 1 0.0250276
11 11 6 2 -0.0127507
11 11 6 3 -0.0272030
11 11 6 4 0.0456577
11 11 6 5 -0.0023685
11 11 6 6 0.2974054
11 11 7 0 0.0031041
11 11 7 1 -0.0191542
11 11 7 2 0.0234826
11 11 7 3 -0.0503745
11 11 7 4 -0.0232449
11 11 7 5 0.0648053
11 11 7 6 0.0088891
11 11 7 7 0.3350769
11 11 8 0 0.0092093
11 11 8 1 -0.0831413
11 11 8 2 0.2266170
11 11 8 3 0.0181949
11 11 8 4 -0.0609070
11 11 8 5 0.0121547
11 11 8 6 -0.0500875
11 11 8 7 0.0450805
11 11 8 8 0.7507468
11 11 9 0 0.0000172
11 11 9 1 0.0012888
11 11 9 2 0.0110669
11 11 9 3 -0.0419197
11 11 9 4 0.0438508
11 11 9 5 0.0629904
11 11 9 6 0.0224452
11 11 9 7 0.0350469
11 11 9 8 -0.0033003
11 11 9 9 0.8418912
11 11 10 0 0.0000214
11 11 10 1 -0.0038725
11 11 10 2 0.0161443
11 11 10 3 0.0298480
11 11 10 4 0.0419024
11 11 10 5 -0.1275445
11 11 10 6 0.0043727
11 11 10 7 -0.0582688
11 11 10 8 0.0131146
11 11 10 9 -0.0000000
11 11 10 10 0.8418913
11 11 11 0 -0.0044142
11 11 11 1 0.0172829
11 11 11 2 -0.0742298
11 11 11 3 0.0045903
11 11 11 4 0.0275557
11 11 11 5 0.1225933
11 11 11 6 0.0233836
11 11 11 7 0.0143180
11 11 11 8 -0.1662192
11 11 11 9 0.0000088
11 11 11 10 -0.0000006
11 11 11 11 3.5030020
12 0 0 0 0.0091160
12 0 1 0 -0.0006156
12 0 1 1 0.0020173
12 0 2 0 -0.0000484
12 0 2 1 0.0001554
12 0 2 2 0.0014494
12 0 3 0 0.0000090
12 0 3 1 -0.0000096
12 0 3 2 -0.0000186
12 0 3 3 0.0016968
12 0 4 0 0.0001689
12 0 4 1 -0.0003722
12 0 4 2 0.0000452
12 0 4 3 0.0000265
12 0 4 4 0.0023712
12 0 5 0 -0.0000573
12 0 5 1 0.0000976
12 0 5 2 0.0000412
12 0 5 3 0.0000093
12 0 5 4 -0.0001211
12 0 5 5 -0.0009499
12 0 6 0 -0.0003947
12 0 6 1 0.0004554
12 0 6 2 0.0006539
12 0 6 3 -0.0003709
12 0 6 4 0.0003711
12 0 6 5 -0.0000128
12 0 6 6 0.0022041
12 0 7 0 0.0001906
12 0 7 1 -0.0001906
12 0 7 2 -0.0003120
12 0 7 3 -0.0008724
12 0 7 4 -0.0001618
12 0 7 5 -0.0007445
12 0 7 6 0.0000798
12 0 7 7 0.0021389
12 0 8 0 -0.0003185
12 0 8 1 0.0010740
12 0 8 2 -0.0013487
12 0 8 3 -0.0000619
12 0 8 4 0.0005280
12 0 8 5 -0.0000516
12 0 8 6 0.0000923
12 0 8 7 -0.0001075
12 0 8 8 0.0012688
12 0 9 0 -0.0000005
12 0 9 1 0.0000095
12 0 9 2 -0.0000762
12 0 9 3 0.0002621
12 0 9 4 -0.0002488
12 0 9 5 0.0000209
12 0 9 6 -0.0002051
12 0 9 7 -0.0001646
12 0 9 8 -0.0000148
12 0 9 9 -0.0012754
12 0 10 0 -0.0000007
12 0 10 1 0.0000110
12 0 10 2 -0.0000583
12 0 10 3 -0.0002195
12 0 10 4 -0.0003129
12 0 10 5 0.0000091
12 0 10 6 -0.0000447
12 0 10 7 0.0002292
12 0 10 8 -0.0000436
12 0 10 9 0.0000021
12 0 10 10 -0.0012741
12 0 11 0 0.0000150
12 0 11 1 0.0000456
12 0 11 2 -0.0000257
12 0 11 3 -0.0000036
12 0 11 4 0.0000053
12 0 11 5 -0.0000190
12 0 11 6 -0.0000053
12 0 11 7 -0.0000001
12 0 11 8 0.0000496
12 0 11 9 -0.0000002
12 0 11 10 -0.0000002
12 0 11 11 -0.0016628
12 0 12 0 0.0000432
12 0 12 1 0.0003026
12 0 12 2 -0.0003558
12 0 12 3 -0.0000452
12 0 12 4 0.0000948
12 0 12 5 -0.0002817
12 0 12 6 0.0000274
12 0 12 7 -0.0000990
12 0 12 8 -0.0002665
12 0 12 9 0.0000106
12 0 12 10 0.0000143
12 0 12 11 0.0000146
12 0 12 12 -0.0020578
12 1 0 0 0.0248185
12 1 1 0 -0.0000541
12 1 1 1 0.0188006
12 1 2 0 -0.0006060
12 1 2 1 -0.0042742
12 1 2 2 0.0186285
12 1 3 0 -0.0000374
12 1 3 1 -0.0003796
12 1 3 2 0.0001730
12 1 3 3 0.0151702
12 1 4 0 0.0002463
12 1 4 1 -0.0002567
12 1 4 2 -0.0006625
12 1 4 3 -0.0000147
12 1 4 4 0.0185582
12 1 5 0 -0.0000508
12 1 5 1 0.0008570
12 1 5 2 -0.0010125
12 1 5 3 -0.0012342
12 1 5 4 -0.0009497
12 1 5 5 -0.0131700
12 1 6 0 -0.0004659
12 1 6 1 0.0011304
12 1 6 2 0.0019799
12 1 6 3 -0.0019675
12 1 6 4 0.0026562
12 1 6 5 -0.0000531
12 1 6 6 0.0158146
12 1 7 0 0.0002699
12 1 7 1 -0.0002030
12 1 7 2 -0.0011233
12 1 7 3 -0.0048752
12 1 7 4 -0.0013664
12 1 7 5 -0.0077676
12 1 7 6 0.0011425
12 1 7 7 0.0152105
12 1 8 0 0.0007002
12 1 8 1 0.0060022
12 1 8 2 -0.0050064
12 1 8 3 -0.0003314
12 1 8 4 0.0018389
12 1 8 5 -0.0023902
12 1 8 6 0.0003203
12 1 8 7 -0.0009405
12 1 8 8 0.0153317
12 1 9 0 -0.0000017
12 1 9 1 0.0002405
12 1 9 2 -0.0009871
12 1 9 3 0.0030508
12 1 9 4 -0.0026752
12 1 9 5 0.0020567
12 1 9 6 -0.0024898
12 1 9 7 -0.0015583
12 1 9 8 -0.0002998
12 1 9 9 -0.0046932
12 1 10 0 -0.0000034
12 1 10 1 0.0000522
12 1 10 2 -0.0004250
12 1 10 3 -0.0027492
12 1 10 4 -0.0038255
12 1 10 5 -0.0037032
12 1 10 6 -0.0005756
12 1 10 7 0.0018493
12 1 10 8 -0.0000677
12 1 10 9 0.0001937
12 1 10 10 -0.0050791
12 1 11 0 0.0001079
12 1 11 1 0.0003287
12 1 11 2 0.0004592
12 1 11 3 0.0000292
12 1 11 4 -0.0001494
12 1 11 5 -0.0001581
12 1 11 6 -0.0003536
12 1 11 7 0.0002280
12 1 11 8 0.0026200
12 1 11 9 -0.0000721
12 1 11 10 0.0001522
12 1 11 11 -0.0200002
12 1 12 0 0.0003026
12 1 12 1 0.0083312
12 1 12 2 -0.0121312
12 1 12 3 -0.0012718
12 1 12 4 0.0032859
12 1 12 5 -0.0063755
12 1 12 6 0.0015106
12 1 12 7 -0.0030591
12 1 12 8 -0.0148986
12 1 12 9 -0.0002847
12 1 12 10 -0.0003241
12 1 12 11 -0.0008844
12 1 12 12 -0.0347506
12 2 0 0 -0.0304970
12 2 1 0 0.0001080
12 2 1 1 -0.0244206
12 2 2 0 0.0010433
12 2 2 1 0.0096530
12 2 2 2 -0.0284174
12 2 3 0 0.0000449
12 2 3 1 0.0006451
12 2 3 2 -0.0006786
12 2 3 3 -0.0174443
12 2 4 0 -0.0003840
12 2 4 1 -0.0005138
12 2 4 2 0.0026198
12 2 4 3 0.0000792
12 2 4 4 -0.0227865
12 2 5 0 0.0000917
12 2 5 1 -0.0012874
12 2 5 2 0.0018053
12 2 5 3 0.0013393
12 2 5 4 0.0010523
12 2 5 5 0.0133471
12 2 6 0 0.0008483
12 2 6 1 -0.0015481
12 2 6 2 -0.0017979
12 2 6 3 0.0026926
12 2 6 4 -0.0038733
12 2 6 5 0.0000495
12 2 6 6 -0.0183556
12 2 7 0 -0.0004448
12 2 7 1 0.0004194
12 2 7 2 0.0009317
12 2 7 3 0.0063617
12 2 7 4 0.0019547
12 2 7 5 0.0086968
12 2 7 6 -0.0015308
12 2 7 7 -0.0182331
12 2 8 0 -0.0011396
12 2 8 1 -0.0052048
12 2 8 2 0.0013439
12 2 8 3 0.0001248
12 2 8 4 -0.0007386
12 2 8 5 0.0039360
12 2 8 6 0.0007869
12 2 8 7 0.0005462
12 2 8 8 -0.0273228
12 2 9 0 -0.0000185
12 2 9 1 -0.0002898
12 2 9 2 0.0007363
12 2 9 3 -0.0030993
12 2 9 4 0.0027915
12 2 9 5 -0.0030379
12 2 9 6 0.0029911
12 2 9 7 0.0015361
12 2 9 8 -0.0003981
12 2 9 9 -0.0050113
12 2 10 0 -0.0000097
12 2 10 1 0.0000659
12 2 10 2 -0.0000544
12 2 10 3 0.0029973
12 2 10 4 0.0043005
12 2 10 5 0.0075332
12 2 10 6 0.0007846
12 2 10 7 -0.0013737
12 2 10 8 -0.0008196
12 2 10 9 -0.0004367
12 2 10 10 -0.0045573
12 2 11 0 -0.0001316
12 2 11 1 -0.0001206
12 2 11 2 -0.0011645
12 2 11 3 -0.0000881
12 2 11 4 0.0003285
12 2 11 5 -0.0000023
12 2 11 6 0.0005802
12 2 11 7 -0.0004582
12 2 11 8 -0.0045123
12 2 11 9 0.0000306
12 2 11 10 -0.0002886
12 2 11 11 0.0166230
12 2 12 0 -0.0003558
12 2 12 1 -0.0121312
12 2 12 2 0.0185571
12 2 12 3 0.0017091
12 2 12 4 -0.0045268
12 2 12 5 0.0083677
12 2 12 6 -0.0022887
12 2 12 7 0.0044702
12 2 12 8 0.0239415
12 2 12 9 0.0031578
12 2 12 10 0.0024784
12 2 12 11 0.0020925
12 2 12 12 0.0410879
12 3 0 0 -0.0014837
12 3 1 0 0.0000072
12 3 1 1 -0.0009265
12 3 2 0 0.0000243
12 3 2 1 -0.0001195
12 3 2 2 -0.0006617
12 3 3 0 0.0002875
12 3 3 1 0.0016930
12 3 3 2 0.0005965
12 3 3 3 -0.0007891
12 3 4 0 -0.0000021
12 3 4 1 0.0000520
12 3 4 2 -0.0000629
12 3 4 3 0.0003406
12 3 4 4 -0.0011119
12 3 5 0 0.0000624
12 3 5 1 -0.0010100
12 3 5 2 0.0015121
12 3 5 3 -0.0009965
12 3 5 4 -0.0015303
12 3 5 5 -0.0110958
12 3 6 0 -0.0001674
12 3 6 1 -0.0003605
12 3 6 2 0.0001113
12 3 6 3 -0.0002711
12 3 6 4 0.0002221
12 3 6 5 -0.0002034
12 3 6 6 -0.0016421
12 3 7 0 -0.0004468
12 3 7 1 -0.0010734
12 3 7 2 0.0010727
12 3 7 3 0.0003235
12 3 7 4 0.0001713
12 3 7 5 -0.0024063
12 3 7 6 -0.0007374
12 3 7 7 -0.0007572
12 3 8 0 -0.0000289
12 3 8 1 -0.0007772
12 3 8 2 0.0011091
12 3 8 3 0.0006550
12 3 8 4 -0.0001669
12 3 8 5 0.0027661
12 3 8 6 -0.0005803
12 3 8 7 -0.0000896
12 3 8 8 0.0005925
12 3 9 0 0.0000864
12 3 9 1 0.0000537
12 3 9 2 0.0009936
12 3 9 3 -0.0004780
12 3 9 4 0.0003453
12 3 9 5 0.0000618
12 3 9 6 0.0000507
12 3 9 7 0.0006296
12 3 9 8 0.0028215
12 3 9 9 0.0035856
12 3 10 0 -0.0000712
12 3 10 1 -0.0002473
12 3 10 2 -0.0002768
12 3 10 3 0.0001012
12 3 10 4 0.0005807
12 3 10 5 -0.0032451
12 3 10 6 0.0003811
12 3 10 7 -0.0014341
12 3 10 8 -0.0018481
12 3 10 9 0.0005398
12 3 10 10 0.0031272
12 3 11 0 -0.0000184
12 3 11 1 0.0000330
12 3 11 2 -0.0002259
12 3 11 3 0.0000858
12 3 11 4 0.0001824
12 3 11 5 0.0017054
12 3 11 6 0.0001005
12 3 11 7 0.0003922
12 3 11 8 -0.0006741
12 3 11 9 0.0000930
12 3 11 10 0.0001344
12 3 11 11 0.0085468
12 3 12 0 -0.0000452
12 3 12 1 -0.0012718
12 3 12 2 0.0017091
12 3 12 3 0.0023627
12 3 12 4 -0.0003725
12 3 12 5 0.0030234
12 3 12 6 -0.0008725
12 3 12 7 -0.0003872
12 3 12 8 0.0024312
12 3 12 9 -0.0107229
12 3 12 10 0.0089503
12 3 12 11 -0.0006588
12 3 12 12 0.0081147
12 4 0 0 0.0085645
12 4 1 0 -0.0000866
12 4 1 1 0.0071064
12 4 2 0 -0.0002043
12 4 2 1 -0.0023684
12 4 2 2 0.0087258
12 4 3 0 -0.0000004
12 4 3 1 -0.0002761
12 4 3 2 0.0001715
12 4 3 3 0.0058165
12 4 4 0 0.0006916
12 4 4 1 0.0024966
12 4 4 2 -0.0010373
12 4 4 3 -0.0002501
12 4 4 4 0.0062116
12 4 5 0 -0.0000327
12 4 5 1 -0.0001958
12 4 5 2 0.0004415
12 4 5 3 -0.0014738
12 4 5 4 -0.0003073
12 4 5 5 -0.0111457
12 4 6 0 0.0001158
12 4 6 1 0.0010339
12 4 6 2 0.0000210
12 4 6 3 -0.0003782
12 4 6 4 0.0014947
12 4 6 5 0.0002193
12 4 6 6 0.0064649
12 4 7 0 -0.0000294
12 4 7 1 -0.0005701
12 4 7 2 0.0001390
12 4 7 3 -0.0014641
12 4 7 4 -0.0008189
12 4 7 5 -0.0041483
12 4 7 6 0.0000347
12 4 7 7 0.0050512
12 4 8 0 0.0004242
12 4 8 1 0.0012020
12 4 8 2 0.0003176
12 4 8 3 0.0001735
12 4 8 4 0.0011214
12 4 8 5 0.0000895
12 4 8 6 0.0005324
12 4 8 7 -0.0001451
12 4 8 8 0.0091669
12 4 9 0 -0.0000823
12 4 9 1 0.0001475
12 4 9 2 -0.0012319
12 4 9 3 0.0010060
12 4 9 4 -0.0000561
12 4 9 5 0.0052349
12 4 9 6 -0.0003204
12 4 9 7 0.0004386
12 4 9 8 -0.0031464
12 4 9 9 0.0035529
12 4 10 0 -0.0001045
12 4 10 1 -0.0002392
12 4 10 2 -0.0007313
12 4 10 3 -0.0008238
12 4 10 4 -0.0008013
12 4 10 5 -0.0022131
12 4 10 6 0.0002448
12 4 10 7 -0.0000295
12 4 10 8 -0.0029512
12 4 10 9 0.0004860
12 4 10 10 0.0027201
12 4 11 0 0.0000331
12 4 11 1 0.0000598
12 4 11 2 0.0002379
12 4 11 3 0.0001268
12 4 11 4 -0.0001092
12 4 11 5 0.0009014
12 4 11 6 -0.0001865
12 4 11 7 0.0003371
12 4 11 8 0.0011306
12 4 11 9 -0.0004133
12 4 11 10 0.0000165
12 4 11 11 -0.0013783
12 4 12 0 0.0000948
12 4 12 1 0.0032859
12 4 12 2 -0.0045268
12 4 12 3 -0.0003725
12 4 12 4 0.0040832
12 4 12 5 -0.0011117
12 4 12 6 0.0016677
12 4 12 7 -0.0013526
12 4 12 8 -0.0065362
12 4 12 9 0.0097642
12 4 12 10 0.0121803
12 4 12 11 -0.0010324
12 4 12 12 -0.0096581
12 5 0 0 0.0092408
12 5 1 0 0.0000126
12 5 1 1 0.0106140
12 5 2 0 -0.0003817
12 5 2 1 -0.0094453
12 5 2 2 0.0194437
12 5 3 0 0.0000252
12 5 3 1 -0.0020006
12 5 3 2 0.0007853
12 5 3 3 0.0044607
12 5 4 0 0.0001704
12 5 4 1 0.0015623
12 5 4 2 -0.0033846
12 5 4 3 -0.0018017
12 5 4 4 0.0089518
12 5 5 0 -0.0002264
12 5 5 1 -0.0038608
12 5 5 2 0.0055263
12 5 5 3 -0.0050677
12 5 5 4 -0.0052407
12 5 5 5 -0.0395222
12 5 6 0 -0.0002889
12 5 6 1 0.0013671
12 5 6 2 -0.0010660
12 5 6 3 -0.0005382
12 5 6 4 0.0025381
12 5 6 5 -0.0004821
12 5 6 6 0.0066150
12 5 7 0 -0.0000249
12 5 7 1 -0.0032794
12 5 7 2 0.0026463
12 5 7 3 -0.0044806
12 5 7 4 -0.0028335
12 5 7 5 -0.0083237
12 5 7 6 0.0009948
12 5 7 7 0.0036203
12 5 8 0 0.0003806
12 5 8 1 -0.0068941
12 5 8 2 0.0155123
12 5 8 3 0.0027074
12 5 8 4 -0.0035957
12 5 8 5 0.0054439
12 5 8 6 -0.0033948
12 5 8 7 0.0037945
12 5 8 8 0.0349490
12 5 9 0 0.0000137
12 5 9 1 0.0011474
12 5 9 2 -0.0007251
12 5 9 3 -0.0035173
12 5 9 4 0.0062700
12 5 9 5 0.0125230
12 5 9 6 0.0033103
12 5 9 7 0.0047502
12 5 9 8 -0.0029256
12 5 9 9 0.0552239
12 5 10 0 -0.0000007
12 5 10 1 -0.0025011
12 5 10 2 0.0056386
12 5 10 3 0.0011154
12 5 10 4 0.0023899
12 5 10 5 -0.0253724
12 5 10 6 -0.0000426
12 5 10 7 -0.0079344
12 5 10 8 0.0069860
12 5 10 9 0.0087046
12 5 10 10 0.0426671
12 5 11 0 -0.0001275
12 5 11 1 0.0000670
12 5 11 2 -0.0013625
12 5 11 3 0.0010194
12 5 11 4 0.0010213
12 5 11 5 0.0041651
12 5 11 6 0.0004423
12 5 11 7 -0.0000117
12 5 11 8 -0.0038472
12 5 11 9 -0.0026611
12 5 11 10 0.0052118
12 5 11 11 0.1007772
12 5 12 0 -0.0002817
12 5 12 1 -0.0063755
12 5 12 2 0.0083677
12 5 12 3 0.0030234
12 5 12 4 -0.0011117
12 5 12 5 0.0364731
12 5 12 6 -0.0008522
12 5 12 7 0.0104034
12 5 12 8 0.0106166
12 5 12 9 -0.0002579
12 5 12 10 -0.0009526
12 5 12 11 -0.0108303
12 5 12 12 0.0729143
12 6 0 0 0.0037620
12 6 1 0 -0.0000099
12 6 1 1 0.0030671
12 6 2 0 -0.0000126
12 6 2 1 -0.0015161
12 6 2 2 0.0043815
12 6 3 0 -0.0001657
12 6 3 1 -0.0007499
12 6 3 2 0.0002279
12 6 3 3 0.0019810
12 6 4 0 0.0003284
12 6 4 1 0.0011625
12 6 4 2 -0.0009140
12 6 4 3 0.0000650
12 6 4 4 0.0029358
12 6 5 0 -0.0000478
12 6 5 1 0.0001565
12 6 5 2 -0.0002591
12 6 5 3 -0.0000904
12 6 5 4 0.0004384
12 6 5 5 0.0013775
12 6 6 0 0.0002832
12 6 6 1 0.0012825
12 6 6 2 -0.0000452
12 6 6 3 -0.0004670
12 6 6 4 0.0009209
12 6 6 5 0.0002220
12 6 6 6 0.0025405
12 6 7 0 0.0001928
12 6 7 1 0.0002793
12 6 7 2 -0.0002972
12 6 7 3 -0.0008927
12 6 7 4 -0.0006063
12 6 7 5 -0.0001531
12 6 7 6 0.0000291
12 6 7 7 0.0022403
12 6 8 0 0.0001536
12 6 8 1 -0.0000345
12 6 8 2 0.0013633
12 6 8 3 -0.0002416
12 6 8 4 0.0003391
12 6 8 5 -0.0009130
12 6 8 6 0.0003117
12 6 8 7 0.0003714
12 6 8 8 0.0056862
12 6 9 0 -0.0000669
12 6 9 1 -0.0002131
12 6 9 2 -0.0002545
12 6 9 3 0.0001031
12 6 9 4 0.0001832
12 6 9 5 0.0021744
12 6 9 6 0.0000413
12 6 9 7 0.0002865
12 6 9 8 -0.0017721
12 6 9 9 0.0041987
12 6 10 0 -0.0000154
12 6 10 1 -0.0000616
12 6 10 2 0.0000004
12 6 10 3 -0.0000316
12 6 10 4 -0.0000968
12 6 10 5 -0.0005582
12 6 10 6 -0.0000057
12 6 10 7 0.0000126
12 6 10 8 -0.0003308
12 6 10 9 0.0001784
12 6 10 10 0.0046357
12 6 11 0 0.0000113
12 6 11 1 -0.0000944
12 6 11 2 0.0002958
12 6 11 3 0.0000324
12 6 11 4 -0.0001212
12 6 11 5 -0.0000958
12 6 11 6 -0.0001008
12 6 11 7 0.0000514
12 6 11 8 0.0008023
12 6 11 9 -0.0001582
12 6 11 10 -0.0000108
12 6 11 11 0.0019457
12 6 12 0 0.0000274
12 6 12 1 0.0015106
12 6 12 2 -0.0022887
12 6 12 3 -0.0008725
12 6 12 4 0.0016677
12 6 12 5 -0.0008522
12 6 12 6 0.0010192
12 6 12 7 -0.0002650
12 6 12 8 -0.0036628
12 6 12 9 0.0069215
12 6 12 10 0.0015132
12 6 12 11 -0.0005412
12 6 12 12 -0.0021769
12 7 0 0 -0.0000868
12 7 1 0 0.0000063
12 7 1 1 0.0005924
12 7 2 0 -0.0000447
12 7 2 1 -0.0012653
12 7 2 2 0.0019880
12 7 3 0 -0.0003416
12 7 3 1 -0.0017454
12 7 3 2 0.0002384
12 7 3 3 -0.0001396
12 7 4 0 -0.0001165
12 7 4 1 -0.0001624
12 7 4 2 -0.0003784
12 7 4 3 -0.0002055
12 7 4 4 0.0003723
12 7 5 0 -0.0001502
12 7 5 1 -0.0010693
12 7 5 2 0.0011651
12 7 5 3 -0.0006799
12 7 5 4 -0.0006175
12 7 5 5 -0.0024453
12 7 6 0 0.0001325
12 7 6 1 0.0005814
12 7 6 2 -0.0006100
12 7 6 3 -0.0000761
12 7 6 4 -0.0001617
12 7 6 5 -0.0000030
12 7 6 6 0.0002018
12 7 7 0 0.0005368
12 7 7 1 0.0008105
12 7 7 2 0.0000151
12 7 7 3 -0.0004953
12 7 7 4 -0.0007133
12 7 7 5 0.0001393
12 7 7 6 0.0004582
12 7 7 7 -0.0002360
12 7 8 0 -0.0000297
12 7 8 1 -0.0019202
12 7 8 2 0.0033457
12 7 8 3 -0.0000835
12 7 8 4 -0.0011226
12 7 8 5 0.0005543
12 7 8 6 -0.0003662
12 7 8 7 0.0017253
12 7 8 8 0.0053836
12 7 9 0 -0.0000508
12 7 9 1 0.0000247
12 7 9 2 -0.0002778
12 7 9 3 -0.0010358
12 7 9 4 0.0017870
12 7 9 5 0.0025560
12 7 9 6 0.0011981
12 7 9 7 0.0010519
12 7 9 8 -0.0020339
12 7 9 9 0.0114184
12 7 10 0 0.0000739
12 7 10 1 -0.0002895
12 7 10 2 0.0015853
12 7 10 3 0.0004622
12 7 10 4 0.0007834
12 7 10 5 -0.0044313
12 7 10 6 -0.0001687
12 7 10 7 -0.0014679
12 7 10 8 0.0034872
12 7 10 9 0.0020874
12 7 10 10 0.0087197
12 7 11 0 -0.0000443
12 7 11 1 0.0000572
12 7 11 2 -0.0005704
12 7 11 3 0.0002135
12 7 11 4 0.0002897
12 7 11 5 -0.0000388
12 7 11 6 0.0001972
12 7 11 7 -0.0003850
12 7 11 8 -0.0016334
12 7 11 9 -0.0008273
12 7 11 10 0.0015442
12 7 11 11 0.0265365
12 7 12 0 -0.0000990
12 7 12 1 -0.0030591
12 7 12 2 0.0044702
12 7 12 3 -0.0003872
12 7 12 4 -0.0013526
12 7 12 5 0.0104034
12 7 12 6 -0.0002650
12 7 12 7 0.0043409
12 7 12 8 0.0059927
12 7 12 9 0.0056650
12 7 12 10 -0.0078983
12 7 12 11 -0.0025467
12 7 12 12 0.0222410
12 8 0 0 -0.0181537
12 8 1 0 0.0000095
12 8 1 1 -0.0191013
12 8 2 0 0.0005181
12 8 2 1 0.0102315
12 8 2 2 -0.0268151
12 8 3 0 0.0000495
12 8 3 1 0.0008091
12 8 3 2 -0.0007271
12 8 3 3 -0.0128324
12 8 4 0 -0.0001617
12 8 4 1 -0.0018275
12 8 4 2 0.0036679
12 8 4 3 0.0002978
12 8 4 4 -0.0163313
12 8 5 0 0.0000357
12 8 5 1 -0.0018001
12 8 5 2 0.0031279
12 8 5 3 0.0019165
12 8 5 4 0.0003995
12 8 5 5 0.0100183
12 8 6 0 0.0004072
12 8 6 1 -0.0010348
12 8 6 2 0.0002462
12 8 6 3 0.0014879
12 8 6 4 -0.0025208
12 8 6 5 -0.0004294
12 8 6 6 -0.0132930
12 8 7 0 -0.0002714
12 8 7 1 0.0000618
12 8 7 2 0.0002418
12 8 7 3 0.0038543
12 8 7 4 0.0013822
12 8 7 5 0.0065160
12 8 7 6 -0.0010131
12 8 7 7 -0.0126063
12 8 8 0 -0.0006926
12 8 8 1 0.0005871
12 8 8 2 -0.0069728
12 8 8 3 -0.0001843
12 8 8 4 0.0020374
12 8 8 5 0.0060424
12 8 8 6 0.0019319
12 8 8 7 0.0000449
12 8 8 8 -0.0294874
12 8 9 0 0.0000006
12 8 9 1 -0.0003493
12 8 9 2 0.0006696
12 8 9 3 -0.0016186
12 8 9 4 0.0010382
12 8 9 5 -0.0051160
12 8 9 6 0.0017727
12 8 9 7 0.0002088
12 8 9 8 0.0005383
12 8 9 9 -0.0196627
12 8 10 0 -0.0000058
12 8 10 1 0.0001725
12 8 10 2 -0.0004385
12 8 10 3 0.0018563
12 8 10 4 0.0025576
12 8 10 5 0.0101466
12 8 10 6 0.0005064
12 8 10 7 0.0005121
12 8 10 8 -0.0009713
12 8 10 9 -0.0005443
12 8 10 10 -0.0187862
12 8 11 0 -0.0001162
12 8 11 1 0.0005426
12 8 11 2 -0.0024877
12 8 11 3 -0.0002053
12 8 11 4 0.0007315
12 8 11 5 -0.0000681
12 8 11 6 0.0009153
12 8 11 7 -0.0007203
12 8 11 8 -0.0069809
12 8 11 9 0.0001784
12 8 11 10 -0.0003920
12 8 11 11 0.0136416
12 8 12 0 -0.0002665
12 8 12 1 -0.0148986
12 8 12 2 0.0239415
12 8 12 3 0.0024312
12 8 12 4 -0.0065362
12 8 12 5 0.0106166
12 8 12 6 -0.0036628
12 8 12 7 0.0059927
12 8 12 8 0.0342630
12 8 12 9 0.0003911
12 8 12 10 0.0014186
12 8 12 11 0.0023649
12 8 12 12 0.0425274
12 9 0 0 -0.0000086
12 9 1 0 0.0001020
12 9 1 1 0.0005805
12 9 2 0 -0.0003140
12 9 2 1 -0.0042350
12 9 2 2 0.0000668
12 9 3 0 0.0011278
12 9 3 1 0.0127161
12 9 3 2 0.0018717
12 9 3 3 -0.0029858
12 9 4 0 -0.0012914
12 9 4 1 -0.0094146
12 9 4 2 0.0008483
12 9 4 3 0.0042488
12 9 4 4 0.0002238
12 9 5 0 0.0002829
12 9 5 1 0.0044442
12 9 5 2 -0.0072651
12 9 5 3 0.0013196
12 9 5 4 0.0066729
12 9 5 5 0.0417175
12 9 6 0 -0.0015737
12 9 6 1 -0.0051798
12 9 6 2 0.0071436
12 9 6 3 -0.0064319
12 9 6 4 0.0020886
12 9 6 5 0.0036588
12 9 6 6 -0.0087950
12 9 7 0 -0.0012196
12 9 7 1 -0.0034838
12 9 7 2 0.0039213
12 9 7 3 0.0013276
12 9 7 4 0.0050502
12 9 7 5 0.0090206
12 9 7 6 -0.0014153
12 9 7 7 0.0051672
12 9 8 0 -0.0001258
12 9 8 1 -0.0004423
12 9 8 2 -0.0006937
12 9 8 3 0.0046874
12 9 8 4 -0.0072148
12 9 8 5 -0.0076581
12 9 8 6 -0.0066299
12 9 8 7 -0.0070142
12 9 8 8 0.0001984
12 9 9 0 -0.0005341
12 9 9 1 0.0131692
12 9 9 2 -0.0249680
12 9 9 3 -0.0011185
12 9 9 4 0.0085198
12 9 9 5 0.0174938
12 9 9 6 0.0041486
12 9 9 7 -0.0007101
12 9 9 8 -0.0422015
12 9 9 9 0.0000008
12 9 10 0 0.0000079
12 9 10 1 0.0003260
12 9 10 2 -0.0010385
12 9 10 3 0.0010265
12 9 10 4 0.0009503
12 9 10 5 0.0186773
12 9 10 6 0.0006118
12 9 10 7 0.0041234
12 9 10 8 -0.0010659
12 9 10 9 0.0000000
12 9 10 10 -0.0000001
12 9 11 0 -0.0000009
12 9 11 1 -0.0001313
12 9 11 2 0.0000049
12 9 11 3 0.0003840
12 9 11 4 -0.0010407
12 9 11 5 -0.0053462
12 9 11 6 -0.0005403
12 9 11 7 -0.0018467
12 9 11 8 0.0003452
12 9 11 9 -0.0001295
12 9 11 10 0.0000000
12 9 11 11 -0.0000014
12 9 12 0 0.0000106
12 9 12 1 -0.0002847
12 9 12 2 0.0031578
12 9 12 3 -0.0107229
12 9 12 4 0.0097642
12 9 12 5 -0.0002579
12 9 12 6 0.0069215
12 9 12 7 0.0056650
12 9 12 8 0.0003911
12 9 12 9 0.1160615
12 9 12 10 0.0000000
12 9 12 11 -0.0000002
12 9 12 12 -0.0000008
12 10 0 0 -0.0000113
12 10 1 0 0.0001268
12 10 1 1 -0.0001517
12 10 2 0 -0.0002172
12 10 2 1 -0.0026025
12 10 2 2 -0.0009683
12 10 3 0 -0.0009675
12 10 3 1 -0.0110257
12 10 3 2 0.0001208
12 10 3 3 -0.0054002
12 10 4 0 -0.0016666
12 10 4 1 -0.0127535
12 10 4 2 0.0036347
12 10 4 3 -0.0024195
12 10 4 4 -0.0005281
12 10 5 0 -0.0002448
12 10 5 1 -0.0076124
12 10 5 2 0.0151220
12 10 5 3 -0.0042950
12 10 5 4 -0.0055495
12 10 5 5 -0.0820344
12 10 6 0 -0.0003528
12 10 6 1 -0.0009252
12 10 6 2 0.0011409
12 10 6 3 0.0020259
12 10 6 4 -0.0018334
12 10 6 5 -0.0025100
12 10 6 6 -0.0012703
12 10 7 0 0.0016758
12 10 7 1 0.0038797
12 10 7 2 -0.0032202
12 10 7 3 -0.0082956
12 10 7 4 -0.0036414
12 10 7 5 -0.0168171
12 10 7 6 0.0039600
12 10 7 7 -0.0090707
12 10 8 0 -0.0003170
12 10 8 1 0.0001939
12 10 8 2 -0.0017785
12 10 8 3 -0.0029210
12 10 8 4 -0.0067618
12 10 8 5 0.0166624
12 10 8 6 -0.0018057
12 10 8 7 0.0114050
12 10 8 8 -0.0043567
12 10 9 0 0.0000079
12 10 9 1 0.0003260
12 10 9 2 -0.0010385
12 10 9 3 0.0010265
12 10 9 4 0.0009503
12 10 9 5 0.0186772
12 10 9 6 0.0006118
12 10 9 7 0.0041233
12 10 9 8 -0.0010659
12 10 9 9 -0.0000000
12 10 10 0 -0.0005293
12 10 10 1 0.0122948
12 10 10 2 -0.0241246
12 10 10 3 -0.0014067
12 10 10 4 0.0066455
12 10 10 5 -0.0095899
12 10 10 6 0.0058736
12 10 10 7 -0.0055215
12 10 10 8 -0.0403113
12 10 10 9 0.0000004
12 10 10 10 0.0000000
12 10 11 0 -0.0000011
12 10 11 1 0.0003254
12 10 11 2 -0.0006254
12 10 11 3 0.0001051
12 10 11 4 -0.0002285
12 10 11 5 0.0105131
12 10 11 6 -0.0000697
12 10 11 7 0.0033599
12 10 11 8 -0.0008354
12 10 11 9 0.0000000
12 10 11 10 -0.0001295
12 10 11 11 0.0000000
12 10 12 0 0.0000143
12 10 12 1 -0.0003241
12 10 12 2 0.0024784
12 10 12 3 0.0089503
12 10 12 4 0.0121803
12 10 12 5 -0.0009526
12 10 12 6 0.0015132
12 10 12 7 -0.0078983
12 10 12 8 0.0014186
12 10 12 9 0.0000000
12 10 12 10 0.1160615
12 10 12 11 0.0000000
12 10 12 12 -0.0000001
12 11 0 0 -0.0155481
12 11 1 0 0.0000479
12 11 1 1 -0.0163157
12 11 2 0 0.0005578
12 11 2 1 0.0128256
12 11 2 2 -0.0290451
12 11 3 0 0.0000417
12 11 3 1 0.0010824
12 11 3 2 -0.0015075
12 11 3 3 -0.0094306
12 11 4 0 -0.0002639
12 11 4 1 -0.0026813
12 11 4 2 0.0053115
12 11 4 3 0.0004987
12 11 4 4 -0.0135910
12 11 5 0 0.0001437
12 11 5 1 0.0012262
12 11 5 2 -0.0015740
12 11 5 3 0.0013474
12 11 5 4 0.0015081
12 11 5 5 -0.0102707
12 11 6 0 0.0004331
12 11 6 1 -0.0021905
12 11 6 2 0.0015562
12 11 6 3 0.0018906
12 11 6 4 -0.0033116
12 11 6 5 0.0000377
12 11 6 6 -0.0099453
12 11 7 0 -0.0002322
12 11 7 1 0.0017542
12 11 7 2 -0.0022705
12 11 7 3 0.0039008
12 11 7 4 0.0020731
12 11 7 5 -0.0019534
12 11 7 6 -0.0004852
12 11 7 7 -0.0120835
12 11 8 0 -0.0007510
12 11 8 1 0.0082098
12 11 8 2 -0.0208323
12 11 8 3 -0.0016955
12 11 8 4 0.0056944
12 11 8 5 -0.0012522
12 11 8 6 0.0048055
12 11 8 7 -0.0042361
12 11 8 8 -0.0511967
12 11 9 0 -0.0000012
12 11 9 1 -0.0002243
12 11 9 2 -0.0007383
12 11 9 3 0.0031514
12 11 9 4 -0.0038136
12 11 9 5 -0.0090895
12 11 9 6 -0.0017845
12 11 9 7 -0.0038542
12 11 9 8 0.0005495
12 11 9 9 -0.0498536
12 11 10 0 -0.0000014
12 11 10 1 0.0005264
12 11 10 2 -0.0016507
12 11 10 3 -0.0018969
12 11 10 4 -0.0029251
12 11 10 5 0.0180836
12 11 10 6 -0.0003113
12 11 10 7 0.0067195
12 11 10 8 -0.0015925
12 11 10 9 0.0000000
12 11 10 10 -0.0498536
12 11 11 0 0.0004373
12 11 11 1 -0.0033132
12 11 11 2 0.0102523
12 11 11 3 -0.0002241
12 11 11 4 -0.0035895
12 11 11 5 -0.0114985
12 11 11 6 -0.0028777
12 11 11 7 -0.0007638
12 11 11 8 0.0214217
12 11 11 9 -0.0000011
12 11 11 10 0.0000001
12 11 11 11 -0.3628165
12 11 12 0 0.0000146
12 11 12 1 -0.0008844
12 11 12 2 0.0020925
12 11 12 3 -0.0006588
12 11 12 4 -0.0010324
12 11 12 5 -0.0108303
12 11 12 6 -0.0005412
12 11 12 7 -0.0025467
12 11 12 8 0.0023649
12 11 12 9 -0.0000002
12 11 12 10 0.0000000
12 11 12 11 0.0525111
12 11 12 12 -0.0397103
12 12 0 0 0.2916585
12 12 1 0 0.0000725
12 12 1 1 0.2988507
12 12 2 0 -0.0049150
12 12 2 1 -0.0957083
12 12 2 2 0.3646068
12 12 3 0 -0.0003393
12 12 3 1 -0.0077267
12 12 3 2 0.0088696
12 12 3 3 0.2500448
12 12 4 0 0.0022654
12 12 4 1 0.0194893
12 12 4 2 -0.0312520
12 12 4 3 -0.0009394
12 12 4 4 0.2815215
12 12 5 0 -0.0008283
12 12 5 1 -0.0078668
12 12 5 2 0.0114651
12 12 5 3 0.0199893
12 12 5 4 0.0059177
12 12 5 5 0.4632030
12 12 6 0 -0.0032753
12 12 6 1 0.0133211
12 12 6 2 -0.0043496
12 12 6 3 -0.0173976
12 12 6 4 0.0282625
12 12 6 5 -0.0029437
12 12 6 6 0.2446394
12 12 7 0 0.0018033
12 12 7 1 -0.0107571
12 12 7 2 0.0129045
12 12 7 3 -0.0299086
12 12 7 4 -0.0127396
12 12 7 5 0.0602115
12 12 7 6 0.0062208
12 12 7 7 0.2731545
12 12 8 0 0.0049730
12 12 8 1 -0.0409717
12 12 8 2 0.1162871
12 12 8 3 0.0100203
12 12 8 4 -0.0302621
12 12 8 5 0.0146178
12 12 8 6 -0.0242912
12 12 8 7 0.0247592
12 12 8 8 0.4779789
12 12 9 0 0.0000162
12 12 9 1 0.0000865
12 12 9 2 0.0083864
12 12 9 3 -0.0297375
12 12 9 4 0.0283559
12 12 9 5 0.0190962
12 12 9 6 0.0162550
12 12 9 7 0.0184464
12 12 9 8 -0.0005104
12 12 9 9 0.6206839
12 12 10 0 0.0000213
12 12 10 1 -0.0014920
12 12 10 2 0.0088795
12 12 10 3 0.0232194
12 12 10 4 0.0314073
12 12 10 5 -0.0407092
12 12 10 6 0.0033966
12 12 10 7 -0.0286340
12 12 10 8 0.0059401
12 12 10 9 -0.0000000
12 12 10 10 0.6206839
12 12 11 0 -0.0008818
12 12 11 1 -0.0024222
12 12 11 2 -0.0038540
12 12 11 3 0.0007923
12 12 11 4 0.0017006
12 12 11 5 0.0133049
12 12 11 6 0.0025629
12 12 11 7 0.0015860
12 12 11 8 -0.0161565
12 12 11 9 0.0000007
12 12 11 10 -0.0000001
12 12 11 11 0.8534751
12 12 12 0 -0.0020578
12 12 12 1 -0.0347506
12 12 12 2 0.0410879
12 12 12 3 0.0081147
12 12 12 4 -0.0096581
12 12 12 5 0.0729143
12 12 12 6 -0.0021769
12 12 12 7 0.0222410
12 12 12 8 0.0425274
12 12 12 9 -0.0000008
12 12 12 10 -0.0000001
12 12 12 11 -0.0397103
12 12 12 12 0.7224719
