NELEC	10
ENUC	11.406077
NBASIS	13
HF_ENERGY	-41.284289
ENERGIES
-11.185037
-1.157136
-0.740712
-0.604746
-0.213323
0.077268
0.526152
0.647480
0.652374
965063.917807
965065.751748
996489.629708
1073372.773258

OEI
-19.548549	
0.283791	-5.510298	
0.178508	-0.098779	-4.919901	
-0.015058	-0.006260	-0.005647	-4.803089	
0.123796	-0.008883	0.063420	-0.045558	-4.007083	
-0.149034	0.004640	-0.030477	-0.050353	1.121283	-3.993978	
-0.238125	0.814070	-0.042475	0.010325	-0.097667	0.066501	-4.848442	
0.061447	-0.110553	-0.283170	-0.886257	0.111118	0.060436	-0.068636	-4.297556	
0.213114	-0.322531	-0.797813	0.329908	0.144711	-0.074715	-0.228488	0.007916	-4.200382	
-0.000673	-0.001150	-0.021937	0.079183	-0.031011	-0.132811	0.025413	0.076059	-0.074262	965060.257330	
-0.000419	-0.058998	-0.010546	-0.065613	0.229076	0.103916	-0.022022	-0.051284	-0.024058	0.017565	965062.070679	
0.006030	0.017991	-0.000725	0.003582	-0.030449	-0.036156	-0.025605	-0.007463	-0.001525	-0.001923	0.009306	996485.359845	
0.017997	0.217943	-0.122246	0.001069	-0.074219	-0.057635	0.122132	-0.013412	0.019479	-0.032777	0.096157	0.187389	1073369.527640	

OVERLAP
1.000000	
0.248362	1.000000	
0.063747	0.496523	1.000000	
0.063747	0.496523	0.172237	1.000000	
0.006454	0.110326	0.087909	0.026732	1.000000	
0.000001	0.037510	0.007446	0.007446	0.062028	1.000000	
0.037510	0.364644	0.122394	0.122394	0.489773	0.248362	1.000000	
0.000000	0.000000	0.237774	-0.355980	-0.014721	-0.022967	-0.143241	1.000000	
0.000000	0.000000	0.382595	-0.082106	0.079112	0.009690	0.060437	0.000000	1.000000	
0.000000	0.000000	0.136489	0.296785	-0.114555	-0.056979	-0.355373	0.000000	0.000000	1.000000	
0.022967	0.143241	0.080252	-0.022644	0.127231	0.000000	0.000000	0.139258	0.031125	-0.183015	1.000000	
-0.009690	-0.060437	0.049828	-0.030704	0.410720	0.000000	0.000000	0.031125	0.199894	0.077219	0.000000	1.000000	
0.056979	0.355373	0.120526	0.148305	-0.181438	0.000000	0.000000	-0.183015	0.077219	-0.241025	0.000000	0.000000	1.000000	

MOCOEFF
0.992342	0.035959	-0.007090	-0.006911	-0.000022	0.002297	-0.013227	-0.004133	0.004550	-0.003004	-0.000975	0.000139	-0.003117	
-0.175828	0.427560	0.095872	0.086187	-0.072225	-0.074353	0.228577	-0.107539	0.111094	-0.128355	0.225702	-0.080242	0.484471	
-0.111991	0.415406	0.336283	0.291338	0.011499	0.069637	-0.304987	-0.009346	0.170570	0.337121	-0.138019	0.000983	-0.446607	
0.008683	-0.029809	0.414580	-0.437753	-0.120292	-0.009004	0.067794	0.452879	0.336703	-0.141122	-0.123963	-0.056583	0.024160	
-0.070768	0.284167	0.081971	-0.078087	0.958102	0.067578	-0.519058	0.363638	-0.536391	-0.087642	-0.208710	-0.285306	0.191727	
0.085684	-0.398654	0.134418	-0.010638	0.939916	0.040215	-0.377270	-0.392196	0.505904	0.075585	-0.004508	-0.518794	0.245397	
0.168350	-1.119746	0.274874	0.251992	-0.086255	-0.117864	0.910229	0.437904	-0.283431	0.883964	0.336224	-0.093645	0.804478	
-0.042417	0.270430	-1.080651	0.571668	0.183320	0.004315	-0.034059	0.827694	0.749833	0.030274	-0.089184	-0.168181	0.099049	
-0.144485	0.929888	-0.581676	-1.102355	0.046251	-0.014597	0.120378	-0.306810	0.141591	0.854575	0.091768	-0.058483	0.086172	
0.000000	-0.000000	-0.000000	-0.000000	0.000000	0.000004	-0.000006	0.000000	0.000000	-0.000000	-0.929080	-0.039594	0.367755	
0.000000	-0.000000	0.000000	0.000000	-0.000000	-0.000000	0.000001	-0.000000	-0.000000	-0.000000	0.021024	0.986994	0.159379	
-0.000000	0.000000	-0.000000	0.000000	0.000000	1.025836	-0.215514	-0.000000	0.000000	-0.000000	0.038788	-0.016364	0.096220	
0.000000	-0.000000	-0.000000	0.000000	0.000000	-0.014390	-0.882584	-0.000000	0.000000	0.000000	0.171046	-0.072166	0.424342	

ERI
0 0 0 0 3.5029164
1 0 0 0 -0.2342003
1 0 1 0 0.0259356
1 0 1 1 0.0000068
1 1 0 0 0.6551314
1 1 1 0 0.0000068
1 1 1 1 0.6132437
2 0 0 0 -0.1471780
2 0 1 0 0.0143945
2 0 1 1 -0.0089628
2 0 2 0 0.0142987
2 0 2 1 0.0055050
2 0 2 2 0.0038447
2 1 0 0 0.0678038
2 1 1 0 -0.0046747
2 1 1 1 -0.0787364
2 1 2 0 0.0055050
2 1 2 1 0.0987657
2 1 2 2 0.0369203
2 2 0 0 0.6217526
2 2 1 0 -0.0045575
2 2 1 1 0.4696275
2 2 2 0 0.0038447
2 2 2 1 0.0369203
2 2 2 2 0.5173459
3 0 0 0 0.0113663
3 0 1 0 -0.0009735
3 0 1 1 0.0008642
3 0 2 0 -0.0005633
3 0 2 1 0.0003483
3 0 2 2 0.0007500
3 0 3 0 0.0090383
3 0 3 1 0.0101704
3 0 3 2 0.0100201
3 0 3 3 -0.0013603
3 1 0 0 -0.0039910
3 1 1 0 0.0003594
3 1 1 1 0.0025975
3 1 2 0 0.0003154
3 1 2 1 0.0010275
3 1 2 2 0.0042212
3 1 3 0 0.0101704
3 1 3 1 0.0544444
3 1 3 2 0.0638523
3 1 3 3 -0.0096016
3 2 0 0 -0.0024599
3 2 1 0 0.0003398
3 2 1 1 0.0015135
3 2 2 0 0.0002182
3 2 2 1 0.0039915
3 2 2 2 0.0078489
3 2 3 0 0.0100201
3 2 3 1 0.0638523
3 2 3 2 0.1035003
3 2 3 3 -0.0109466
3 3 0 0 0.6348934
3 3 1 0 -0.0039224
3 3 1 1 0.4368852
3 3 2 0 0.0009815
3 3 2 1 0.0650171
3 3 2 2 0.4904313
3 3 3 0 -0.0013603
3 3 3 1 -0.0096016
3 3 3 2 -0.0109466
3 3 3 3 0.5367532
4 0 0 0 -0.0920022
4 0 1 0 0.0073001
4 0 1 1 -0.0075166
4 0 2 0 0.0029545
4 0 2 1 -0.0043088
4 0 2 2 -0.0066890
4 0 3 0 -0.0005387
4 0 3 1 0.0000314
4 0 3 2 0.0000830
4 0 3 3 -0.0036268
4 0 4 0 0.0132647
4 0 4 1 0.0069797
4 0 4 2 0.0039226
4 0 4 3 -0.0005385
4 0 4 4 0.0041630
4 1 0 0 0.0242724
4 1 1 0 -0.0028135
4 1 1 1 -0.0142312
4 1 2 0 -0.0032688
4 1 2 1 -0.0048870
4 1 2 2 -0.0101745
4 1 3 0 -0.0000612
4 1 3 1 -0.0008915
4 1 3 2 0.0030797
4 1 3 3 0.0013231
4 1 4 0 0.0069797
4 1 4 1 0.0288306
4 1 4 2 0.0065029
4 1 4 3 0.0003059
4 1 4 4 0.0026631
4 2 0 0 -0.0080788
4 2 1 0 -0.0019343
4 2 1 1 -0.0137745
4 2 2 0 -0.0002352
4 2 2 1 -0.0038442
4 2 2 2 -0.0078536
4 2 3 0 0.0008398
4 2 3 1 0.0079541
4 2 3 2 0.0107303
4 2 3 3 -0.0059502
4 2 4 0 0.0039226
4 2 4 1 0.0065029
4 2 4 2 0.0162508
4 2 4 3 -0.0002589
4 2 4 4 0.0049085
4 3 0 0 0.0088662
4 3 1 0 0.0001052
4 3 1 1 0.0029790
4 3 2 0 0.0008391
4 3 2 1 0.0095173
4 3 2 2 0.0156162
4 3 3 0 0.0031433
4 3 3 1 0.0068169
4 3 3 2 0.0063076
4 3 3 3 0.0165362
4 3 4 0 -0.0005385
4 3 4 1 0.0003059
4 3 4 2 -0.0002589
4 3 4 3 0.0174141
4 3 4 4 -0.0166415
4 4 0 0 0.5496127
4 4 1 0 -0.0049688
4 4 1 1 0.4122257
4 4 2 0 -0.0049128
4 4 2 1 -0.0201904
4 4 2 2 0.3655229
4 4 3 0 0.0009341
4 4 3 1 0.0080559
4 4 3 2 0.0053870
4 4 3 3 0.3608073
4 4 4 0 0.0041630
4 4 4 1 0.0026631
4 4 4 2 0.0049085
4 4 4 3 -0.0166415
4 4 4 4 0.4930426
5 0 0 0 0.1118399
5 0 1 0 -0.0096291
5 0 1 1 0.0086645
5 0 2 0 -0.0053422
5 0 2 1 0.0041966
5 0 2 2 0.0070548
5 0 3 0 0.0002259
5 0 3 1 -0.0004333
5 0 3 2 -0.0003144
5 0 3 3 0.0039042
5 0 4 0 -0.0139519
5 0 4 1 -0.0066695
5 0 4 2 -0.0039445
5 0 4 3 0.0005068
5 0 4 4 -0.0039456
5 0 5 0 0.0144973
5 0 5 1 0.0060789
5 0 5 2 0.0039313
5 0 5 3 0.0000054
5 0 5 4 0.0057839
5 0 5 5 -0.0049926
5 1 0 0 -0.0280702
5 1 1 0 0.0031595
5 1 1 1 0.0197931
5 1 2 0 0.0032203
5 1 2 1 0.0007655
5 1 2 2 0.0148543
5 1 3 0 -0.0005885
5 1 3 1 -0.0017206
5 1 3 2 0.0016964
5 1 3 3 0.0018257
5 1 4 0 -0.0062373
5 1 4 1 -0.0178336
5 1 4 2 -0.0101487
5 1 4 3 0.0022743
5 1 4 4 -0.0229733
5 1 5 0 0.0060789
5 1 5 1 0.0247880
5 1 5 2 0.0076186
5 1 5 3 0.0022728
5 1 5 4 0.0170452
5 1 5 5 -0.0224321
5 2 0 0 -0.0043340
5 2 1 0 0.0023455
5 2 1 1 0.0079377
5 2 2 0 0.0004734
5 2 2 1 0.0099607
5 2 2 2 0.0093002
5 2 3 0 0.0004658
5 2 3 1 0.0064448
5 2 3 2 0.0097155
5 2 3 3 0.0068937
5 2 4 0 -0.0040800
5 2 4 1 -0.0118740
5 2 4 2 -0.0113975
5 2 4 3 0.0018105
5 2 4 4 -0.0058532
5 2 5 0 0.0039313
5 2 5 1 0.0076186
5 2 5 2 0.0179873
5 2 5 3 0.0005199
5 2 5 4 0.0111280
5 2 5 5 -0.0085866
5 3 0 0 0.0104347
5 3 1 0 -0.0003389
5 3 1 1 0.0008803
5 3 2 0 0.0004130
5 3 2 1 0.0080154
5 3 2 2 0.0134125
5 3 3 0 -0.0031780
5 3 3 1 -0.0062797
5 3 3 2 -0.0024117
5 3 3 3 0.0171713
5 3 4 0 0.0002468
5 3 4 1 0.0030040
5 3 4 2 -0.0001758
5 3 4 3 -0.0082469
5 3 4 4 -0.0150593
5 3 5 0 0.0000054
5 3 5 1 0.0022728
5 3 5 2 0.0005199
5 3 5 3 0.0177984
5 3 5 4 -0.0239452
5 3 5 5 -0.0132427
5 4 0 0 -0.2964112
5 4 1 0 0.0068798
5 4 1 1 -0.0715020
5 4 2 0 0.0035630
5 4 2 1 -0.0402466
5 4 2 2 -0.1032341
5 4 3 0 0.0004983
5 4 3 1 0.0105553
5 4 3 2 0.0077020
5 4 3 3 -0.1227021
5 4 4 0 -0.0064697
5 4 4 1 -0.0385357
5 4 4 2 -0.0053005
5 4 4 3 -0.0218998
5 4 4 4 0.0150760
5 4 5 0 0.0057839
5 4 5 1 0.0170452
5 4 5 2 0.0111280
5 4 5 3 -0.0239452
5 4 5 4 0.2488076
5 4 5 5 0.0016321
5 5 0 0 0.5594844
5 5 1 0 -0.0057834
5 5 1 1 0.4138217
5 5 2 0 -0.0051994
5 5 2 1 -0.0196415
5 5 2 2 0.3709428
5 5 3 0 0.0012515
5 5 3 1 0.0097814
5 5 3 2 0.0082386
5 5 3 3 0.3653627
5 5 4 0 0.0051760
5 5 4 1 0.0070010
5 5 4 2 0.0065870
5 5 4 3 -0.0147928
5 5 4 4 0.4880546
5 5 5 0 -0.0049926
5 5 5 1 -0.0224321
5 5 5 2 -0.0085866
5 5 5 3 -0.0132427
5 5 5 4 0.0016321
5 5 5 5 0.4866220
6 0 0 0 0.2200004
6 0 1 0 -0.0283023
6 0 1 1 -0.0115799
6 0 2 0 -0.0086818
6 0 2 1 0.0111223
6 0 2 2 0.0085547
6 0 3 0 0.0007027
6 0 3 1 -0.0005215
6 0 3 2 -0.0006219
6 0 3 3 0.0049205
6 0 4 0 -0.0049498
6 0 4 1 0.0038210
6 0 4 2 0.0046243
6 0 4 3 0.0003147
6 0 4 4 0.0040850
6 0 5 0 0.0062108
6 0 5 1 -0.0041362
6 0 5 2 -0.0052885
6 0 5 3 0.0011074
6 0 5 4 -0.0089877
6 0 5 5 0.0054565
6 0 6 0 0.0407077
6 0 6 1 0.0057458
6 0 6 2 0.0062577
6 0 6 3 -0.0003472
6 0 6 4 0.0018513
6 0 6 5 -0.0023201
6 0 6 6 -0.0099742
6 1 0 0 -0.2415867
6 1 1 0 0.0026417
6 1 1 1 -0.0460110
6 1 2 0 0.0073389
6 1 2 1 -0.0408968
6 1 2 2 -0.0365530
6 1 3 0 -0.0006149
6 1 3 1 0.0009179
6 1 3 2 -0.0004496
6 1 3 3 -0.0725458
6 1 4 0 0.0060051
6 1 4 1 -0.0014793
6 1 4 2 0.0113863
6 1 4 3 -0.0031047
6 1 4 4 -0.0317409
6 1 5 0 -0.0065994
6 1 5 1 0.0058691
6 1 5 2 -0.0124291
6 1 5 3 -0.0021166
6 1 5 4 0.0723457
6 1 5 5 -0.0291336
6 1 6 0 0.0057458
6 1 6 1 0.1079053
6 1 6 2 -0.0320549
6 1 6 3 0.0008184
6 1 6 4 -0.0096970
6 1 6 5 0.0091317
6 1 6 6 -0.0756935
6 2 0 0 0.0312668
6 2 1 0 -0.0016182
6 2 1 1 -0.0596576
6 2 2 0 0.0018009
6 2 2 1 0.0536556
6 2 2 2 0.0162323
6 2 3 0 -0.0003557
6 2 3 1 -0.0012949
6 2 3 2 0.0007532
6 2 3 3 0.0346762
6 2 4 0 0.0043376
6 2 4 1 0.0153045
6 2 4 2 0.0074583
6 2 4 3 0.0050641
6 2 4 4 -0.0135551
6 2 5 0 -0.0045953
6 2 5 1 -0.0161847
6 2 5 2 -0.0044810
6 2 5 3 0.0066587
6 2 5 4 -0.0451315
6 2 5 5 -0.0121962
6 2 6 0 0.0062577
6 2 6 1 -0.0320549
6 2 6 2 0.0612065
6 2 6 3 -0.0008199
6 2 6 4 0.0049531
6 2 6 5 -0.0055122
6 2 6 6 -0.0407754
6 3 0 0 -0.0019956
6 3 1 0 0.0000237
6 3 1 1 0.0011646
6 3 2 0 -0.0003563
6 3 2 1 -0.0016786
6 3 2 2 -0.0000838
6 3 3 0 -0.0053434
6 3 3 1 -0.0103104
6 3 3 2 0.0104767
6 3 3 3 -0.0019764
6 3 4 0 -0.0002017
6 3 4 1 0.0014069
6 3 4 2 -0.0000160
6 3 4 3 -0.0020408
6 3 4 4 -0.0004176
6 3 5 0 0.0004742
6 3 5 1 0.0033540
6 3 5 2 0.0015159
6 3 5 3 0.0031385
6 3 5 4 0.0019481
6 3 5 5 -0.0005872
6 3 6 0 -0.0003472
6 3 6 1 0.0008184
6 3 6 2 -0.0008199
6 3 6 3 0.0245271
6 3 6 4 0.0010079
6 3 6 5 0.0008427
6 3 6 6 0.0003961
6 4 0 0 0.0211654
6 4 1 0 0.0003469
6 4 1 1 -0.0022515
6 4 2 0 0.0042265
6 4 2 1 0.0234780
6 4 2 2 0.0205131
6 4 3 0 -0.0002068
6 4 3 1 -0.0000081
6 4 3 2 0.0018768
6 4 3 3 0.0156816
6 4 4 0 -0.0052415
6 4 4 1 -0.0117946
6 4 4 2 -0.0014449
6 4 4 3 0.0032701
6 4 4 4 -0.0130452
6 4 5 0 0.0049704
6 4 5 1 0.0158833
6 4 5 2 -0.0005246
6 4 5 3 0.0029445
6 4 5 4 -0.0106019
6 4 5 5 -0.0113995
6 4 6 0 0.0018513
6 4 6 1 -0.0096970
6 4 6 2 0.0049531
6 4 6 3 0.0010079
6 4 6 4 0.0250779
6 4 6 5 -0.0184587
6 4 6 6 0.0031346
6 5 0 0 -0.0131882
6 5 1 0 -0.0005173
6 5 1 1 0.0075464
6 5 2 0 -0.0047438
6 5 2 1 -0.0232309
6 5 2 2 -0.0148706
6 5 3 0 0.0004315
6 5 3 1 0.0017459
6 5 3 2 0.0036056
6 5 3 3 -0.0109854
6 5 4 0 0.0048146
6 5 4 1 0.0185097
6 5 4 2 -0.0024247
6 5 4 3 -0.0000125
6 5 4 4 -0.0015430
6 5 5 0 -0.0045938
6 5 5 1 -0.0085120
6 5 5 2 -0.0021144
6 5 5 3 -0.0001684
6 5 5 4 -0.0059751
6 5 5 5 0.0006829
6 5 6 0 -0.0023201
6 5 6 1 0.0091317
6 5 6 2 -0.0055122
6 5 6 3 0.0008427
6 5 6 4 -0.0184587
6 5 6 5 0.0258379
6 5 6 6 0.0023860
6 6 0 0 0.8220969
6 6 1 0 -0.0045521
6 6 1 1 0.6068831
6 6 2 0 -0.0131638
6 6 2 1 -0.0547342
6 6 2 2 0.4896671
6 6 3 0 0.0010670
6 6 3 1 0.0009816
6 6 3 2 0.0003013
6 6 3 3 0.4644008
6 6 4 0 -0.0093542
6 6 4 1 -0.0069967
6 6 4 2 -0.0112016
6 6 4 3 0.0042469
6 6 4 4 0.4337479
6 6 5 0 0.0105832
6 6 5 1 0.0119774
6 6 5 2 0.0039466
6 6 5 3 0.0030436
6 6 5 4 -0.1063323
6 6 5 5 0.4375448
6 6 6 0 -0.0099742
6 6 6 1 -0.0756935
6 6 6 2 -0.0407754
6 6 6 3 0.0003961
6 6 6 4 0.0031346
6 6 6 5 0.0023860
6 6 6 6 0.6504459
7 0 0 0 -0.0550957
7 0 1 0 0.0054418
7 0 1 1 -0.0032258
7 0 2 0 0.0066083
7 0 2 1 0.0034258
7 0 2 2 0.0033557
7 0 3 0 0.0128091
7 0 3 1 0.0136912
7 0 3 2 0.0127923
7 0 3 3 -0.0010527
7 0 4 0 0.0008545
7 0 4 1 -0.0018964
7 0 4 2 0.0013486
7 0 4 3 0.0043848
7 0 4 4 -0.0016620
7 0 5 0 -0.0014704
7 0 5 1 0.0009981
7 0 5 2 0.0010979
7 0 5 3 -0.0050047
7 0 5 4 0.0022220
7 0 5 5 -0.0009854
7 0 6 0 -0.0026298
7 0 6 1 0.0028229
7 0 6 2 0.0004564
7 0 6 3 -0.0077121
7 0 6 4 0.0027001
7 0 6 5 -0.0016816
7 0 6 6 -0.0051358
7 0 7 0 0.0225986
7 0 7 1 0.0113095
7 0 7 2 0.0039293
7 0 7 3 -0.0020898
7 0 7 4 0.0074108
7 0 7 5 -0.0077351
7 0 7 6 -0.0135289
7 0 7 7 0.0048320
7 1 0 0 0.0296831
7 1 1 0 -0.0009399
7 1 1 1 0.0107069
7 1 2 0 0.0008632
7 1 2 1 0.0018829
7 1 2 2 0.0096473
7 1 3 0 0.0078612
7 1 3 1 0.0185568
7 1 3 2 0.0015987
7 1 3 3 0.0029116
7 1 4 0 -0.0017474
7 1 4 1 -0.0050039
7 1 4 2 -0.0000305
7 1 4 3 0.0082490
7 1 4 4 0.0071886
7 1 5 0 0.0013300
7 1 5 1 -0.0004995
7 1 5 2 -0.0005376
7 1 5 3 -0.0102255
7 1 5 4 -0.0033612
7 1 5 5 0.0074161
7 1 6 0 0.0016242
7 1 6 1 -0.0023367
7 1 6 2 -0.0041540
7 1 6 3 -0.0217360
7 1 6 4 0.0030548
7 1 6 5 -0.0033469
7 1 6 6 0.0125510
7 1 7 0 0.0113095
7 1 7 1 0.0287745
7 1 7 2 0.0185411
7 1 7 3 0.0112446
7 1 7 4 0.0113750
7 1 7 5 -0.0087071
7 1 7 6 -0.0186011
7 1 7 7 0.0001133
7 2 0 0 0.0814003
7 2 1 0 -0.0022421
7 2 1 1 0.0186281
7 2 2 0 0.0005984
7 2 2 1 0.0030739
7 2 2 2 0.0176519
7 2 3 0 0.0025276
7 2 3 1 -0.0180814
7 2 3 2 -0.0366041
7 2 3 3 0.0157672
7 2 4 0 -0.0011472
7 2 4 1 0.0000414
7 2 4 2 -0.0047665
7 2 4 3 0.0025853
7 2 4 4 0.0173542
7 2 5 0 0.0011377
7 2 5 1 -0.0038831
7 2 5 2 -0.0079524
7 2 5 3 -0.0079399
7 2 5 4 -0.0234053
7 2 5 5 0.0158726
7 2 6 0 0.0038290
7 2 6 1 -0.0131438
7 2 6 2 0.0021117
7 2 6 3 -0.0145799
7 2 6 4 0.0016377
7 2 6 5 -0.0059169
7 2 6 6 0.0277318
7 2 7 0 0.0039293
7 2 7 1 0.0185411
7 2 7 2 0.0502857
7 2 7 3 0.0374869
7 2 7 4 0.0015502
7 2 7 5 0.0061076
7 2 7 6 0.0203754
7 2 7 7 -0.0091146
7 3 0 0 0.2401485
7 3 1 0 -0.0041535
7 3 1 1 0.0887923
7 3 2 0 -0.0047448
7 3 2 1 -0.0228132
7 3 2 2 0.0269267
7 3 3 0 0.0004578
7 3 3 1 -0.0086567
7 3 3 2 -0.0142273
7 3 3 3 0.0369287
7 3 4 0 0.0009910
7 3 4 1 0.0146911
7 3 4 2 0.0027040
7 3 4 3 -0.0068515
7 3 4 4 0.0703094
7 3 5 0 -0.0004259
7 3 5 1 -0.0157561
7 3 5 2 -0.0141810
7 3 5 3 -0.0057228
7 3 5 4 -0.0594305
7 3 5 5 0.0710555
7 3 6 0 0.0015655
7 3 6 1 -0.0456596
7 3 6 2 -0.0145591
7 3 6 3 -0.0033469
7 3 6 4 -0.0057979
7 3 6 5 0.0047853
7 3 6 6 0.1098945
7 3 7 0 -0.0020898
7 3 7 1 0.0112446
7 3 7 2 0.0374869
7 3 7 3 0.1113031
7 3 7 4 0.0015084
7 3 7 5 0.0094346
7 3 7 6 0.0179287
7 3 7 7 0.0439675
7 4 0 0 -0.0247412
7 4 1 0 -0.0004063
7 4 1 1 -0.0105395
7 4 2 0 0.0002790
7 4 2 1 -0.0072436
7 4 2 2 -0.0146399
7 4 3 0 0.0045418
7 4 3 1 0.0152040
7 4 3 2 0.0131807
7 4 3 3 -0.0216145
7 4 4 0 0.0011494
7 4 4 1 -0.0009407
7 4 4 2 0.0064486
7 4 4 3 0.0083751
7 4 4 4 0.0159839
7 4 5 0 -0.0015702
7 4 5 1 -0.0039130
7 4 5 2 -0.0043661
7 4 5 3 -0.0171106
7 4 5 4 0.0276214
7 4 5 5 0.0161209
7 4 6 0 0.0014960
7 4 6 1 0.0118726
7 4 6 2 -0.0047410
7 4 6 3 -0.0048295
7 4 6 4 -0.0017490
7 4 6 5 -0.0009535
7 4 6 6 -0.0118296
7 4 7 0 0.0074108
7 4 7 1 0.0113750
7 4 7 2 0.0015502
7 4 7 3 0.0015084
7 4 7 4 0.0231176
7 4 7 5 -0.0135353
7 4 7 6 -0.0099711
7 4 7 7 -0.0159800
7 5 0 0 -0.0133250
7 5 1 0 0.0008735
7 5 1 1 0.0051616
7 5 2 0 -0.0008603
7 5 2 1 -0.0140573
7 5 2 2 -0.0154375
7 5 3 0 -0.0057146
7 5 3 1 -0.0201186
7 5 3 2 -0.0249605
7 5 3 3 -0.0160938
7 5 4 0 -0.0009246
7 5 4 1 -0.0040601
7 5 4 2 -0.0064383
7 5 4 3 -0.0179697
7 5 4 4 0.0153520
7 5 5 0 0.0011130
7 5 5 1 0.0017459
7 5 5 2 0.0002086
7 5 5 3 0.0077537
7 5 5 4 0.0271056
7 5 5 5 0.0118154
7 5 6 0 -0.0026354
7 5 6 1 0.0049482
7 5 6 2 -0.0132224
7 5 6 3 0.0026574
7 5 6 4 -0.0043191
7 5 6 5 0.0009152
7 5 6 6 0.0027460
7 5 7 0 -0.0077351
7 5 7 1 -0.0087071
7 5 7 2 0.0061076
7 5 7 3 0.0094346
7 5 7 4 -0.0135353
7 5 7 5 0.0277349
7 5 7 6 0.0166546
7 5 7 7 -0.0311906
7 6 0 0 0.0181466
7 6 1 0 -0.0006430
7 6 1 1 0.0058734
7 6 2 0 -0.0007884
7 6 2 1 -0.0088590
7 6 2 2 -0.0007001
7 6 3 0 -0.0094229
7 6 3 1 -0.0412725
7 6 3 2 -0.0418519
7 6 3 3 0.0034038
7 6 4 0 0.0022440
7 6 4 1 0.0067508
7 6 4 2 -0.0029540
7 6 4 3 -0.0070922
7 6 4 4 0.0036846
7 6 5 0 -0.0016248
7 6 5 1 -0.0022569
7 6 5 2 -0.0096168
7 6 5 3 0.0041392
7 6 5 4 -0.0126491
7 6 5 5 0.0030826
7 6 6 0 0.0013204
7 6 6 1 0.0014926
7 6 6 2 0.0019455
7 6 6 3 0.0150055
7 6 6 4 -0.0029322
7 6 6 5 0.0019969
7 6 6 6 0.0094573
7 6 7 0 -0.0135289
7 6 7 1 -0.0186011
7 6 7 2 0.0203754
7 6 7 3 0.0179287
7 6 7 4 -0.0099711
7 6 7 5 0.0166546
7 6 7 6 0.0452899
7 6 7 7 -0.0200289
7 7 0 0 0.7404425
7 7 1 0 -0.0077017
7 7 1 1 0.4535443
7 7 2 0 -0.0034126
7 7 2 1 0.0547562
7 7 2 2 0.4919815
7 7 3 0 0.0046878
7 7 3 1 0.0276681
7 7 3 2 0.0522874
7 7 3 3 0.5225700
7 7 4 0 -0.0026769
7 7 4 1 0.0108024
7 7 4 2 0.0013563
7 7 4 3 0.0172994
7 7 4 4 0.3820768
7 7 5 0 0.0031422
7 7 5 1 -0.0042462
7 7 5 2 0.0111934
7 7 5 3 0.0162669
7 7 5 4 -0.1359329
7 7 5 5 0.3892893
7 7 6 0 0.0066116
7 7 6 1 -0.0859502
7 7 6 2 0.0367131
7 7 6 3 0.0081404
7 7 6 4 0.0111577
7 7 6 5 -0.0022961
7 7 6 6 0.4948064
7 7 7 0 0.0048320
7 7 7 1 0.0001133
7 7 7 2 -0.0091146
7 7 7 3 0.0439675
7 7 7 4 -0.0159800
7 7 7 5 -0.0311906
7 7 7 6 -0.0200289
7 7 7 7 0.5821540
8 0 0 0 -0.1873250
8 0 1 0 0.0180739
8 0 1 1 -0.0117106
8 0 2 0 0.0199100
8 0 2 1 0.0078113
8 0 2 2 0.0061011
8 0 3 0 -0.0055864
8 0 3 1 -0.0043265
8 0 3 2 -0.0042995
8 0 3 3 0.0021519
8 0 4 0 0.0043522
8 0 4 1 -0.0052897
8 0 4 2 -0.0007867
8 0 4 3 -0.0006849
8 0 4 4 -0.0073423
8 0 5 0 -0.0037676
8 0 5 1 0.0049440
8 0 5 2 0.0004189
8 0 5 3 0.0018795
8 0 5 4 0.0045396
8 0 5 5 -0.0072683
8 0 6 0 -0.0092705
8 0 6 1 0.0096938
8 0 6 2 0.0026863
8 0 6 3 0.0021326
8 0 6 4 0.0073316
8 0 6 5 -0.0071783
8 0 6 6 -0.0171875
8 0 7 0 0.0030413
8 0 7 1 -0.0024416
8 0 7 2 0.0000797
8 0 7 3 -0.0067364
8 0 7 4 -0.0016487
8 0 7 5 0.0019185
8 0 7 6 0.0036084
8 0 7 7 -0.0060936
8 0 8 0 0.0307708
8 0 8 1 0.0041799
8 0 8 2 0.0048497
8 0 8 3 0.0012784
8 0 8 4 0.0009452
8 0 8 5 -0.0028471
8 0 8 6 -0.0023409
8 0 8 7 0.0014288
8 0 8 8 0.0103719
8 1 0 0 0.0915087
8 1 1 0 -0.0033376
8 1 1 1 0.0295446
8 1 2 0 0.0014574
8 1 2 1 0.0052524
8 1 2 2 0.0299854
8 1 3 0 -0.0024137
8 1 3 1 -0.0066022
8 1 3 2 -0.0020349
8 1 3 3 0.0118884
8 1 4 0 -0.0055364
8 1 4 1 -0.0094201
8 1 4 2 -0.0030830
8 1 4 3 -0.0033974
8 1 4 4 0.0188308
8 1 5 0 0.0053073
8 1 5 1 0.0094250
8 1 5 2 0.0004466
8 1 5 3 0.0018507
8 1 5 4 -0.0110694
8 1 5 5 0.0186624
8 1 6 0 0.0051566
8 1 6 1 -0.0075459
8 1 6 2 -0.0083048
8 1 6 3 0.0068375
8 1 6 4 0.0124439
8 1 6 5 -0.0117616
8 1 6 6 0.0362183
8 1 7 0 -0.0022543
8 1 7 1 -0.0016344
8 1 7 2 0.0076169
8 1 7 3 0.0219531
8 1 7 4 -0.0029435
8 1 7 5 0.0056391
8 1 7 6 0.0075769
8 1 7 7 0.0132821
8 1 8 0 0.0041799
8 1 8 1 0.0234328
8 1 8 2 0.0350173
8 1 8 3 -0.0130809
8 1 8 4 -0.0042572
8 1 8 5 0.0024157
8 1 8 6 0.0011451
8 1 8 7 0.0065366
8 1 8 8 0.0251002
8 2 0 0 0.2230521
8 2 1 0 -0.0066383
8 2 1 1 0.0496670
8 2 2 0 0.0022296
8 2 2 1 0.0163567
8 2 2 2 0.0643240
8 2 3 0 -0.0006540
8 2 3 1 0.0035559
8 2 3 2 0.0069270
8 2 3 3 0.0313956
8 2 4 0 -0.0040049
8 2 4 1 0.0021166
8 2 4 2 0.0010615
8 2 4 3 -0.0035178
8 2 4 4 0.0541412
8 2 5 0 0.0039888
8 2 5 1 -0.0042835
8 2 5 2 -0.0044439
8 2 5 3 0.0001683
8 2 5 4 -0.0517261
8 2 5 5 0.0556086
8 2 6 0 0.0120187
8 2 6 1 -0.0326338
8 2 6 2 0.0108490
8 2 6 3 0.0025725
8 2 6 4 0.0124505
8 2 6 5 -0.0130078
8 2 6 6 0.0747000
8 2 7 0 0.0007067
8 2 7 1 0.0074619
8 2 7 2 0.0204640
8 2 7 3 0.0609380
8 2 7 4 0.0009251
8 2 7 5 0.0004798
8 2 7 6 0.0050917
8 2 7 7 0.0466995
8 2 8 0 0.0048497
8 2 8 1 0.0350173
8 2 8 2 0.0902269
8 2 8 3 -0.0372630
8 2 8 4 -0.0057598
8 2 8 5 -0.0007606
8 2 8 6 0.0299847
8 2 8 7 0.0198140
8 2 8 8 0.0600582
8 3 0 0 -0.0868009
8 3 1 0 0.0017148
8 3 1 1 -0.0312797
8 3 2 0 0.0013619
8 3 2 1 0.0043674
8 3 2 2 -0.0169673
8 3 3 0 0.0012238
8 3 3 1 -0.0300529
8 3 3 2 -0.0525122
8 3 3 3 -0.0058525
8 3 4 0 0.0000502
8 3 4 1 -0.0058205
8 3 4 2 -0.0086918
8 3 4 3 0.0027621
8 3 4 4 -0.0319944
8 3 5 0 -0.0001794
8 3 5 1 0.0034309
8 3 5 2 -0.0031554
8 3 5 3 -0.0030102
8 3 5 4 0.0120530
8 3 5 5 -0.0343925
8 3 6 0 -0.0012771
8 3 6 1 0.0151161
8 3 6 2 0.0031024
8 3 6 3 -0.0144550
8 3 6 4 -0.0009670
8 3 6 5 -0.0025484
8 3 6 6 -0.0389097
8 3 7 0 0.0024410
8 3 7 1 0.0111493
8 3 7 2 0.0383832
8 3 7 3 -0.0195428
8 3 7 4 -0.0038967
8 3 7 5 0.0092789
8 3 7 6 0.0225009
8 3 7 7 -0.0518817
8 3 8 0 0.0012784
8 3 8 1 -0.0130809
8 3 8 2 -0.0372630
8 3 8 3 0.0782821
8 3 8 4 0.0116937
8 3 8 5 0.0024246
8 3 8 6 -0.0186469
8 3 8 7 -0.0494726
8 3 8 8 0.0292872
8 4 0 0 -0.0284938
8 4 1 0 -0.0020285
8 4 1 1 -0.0291498
8 4 2 0 0.0009640
8 4 2 1 0.0031235
8 4 2 2 -0.0109048
8 4 3 0 -0.0014210
8 4 3 1 -0.0095444
8 4 3 2 -0.0135260
8 4 3 3 -0.0043386
8 4 4 0 0.0043027
8 4 4 1 0.0067744
8 4 4 2 0.0105154
8 4 4 3 -0.0049535
8 4 4 4 -0.0017285
8 4 5 0 -0.0042832
8 4 5 1 -0.0070257
8 4 5 2 -0.0134372
8 4 5 3 0.0039603
8 4 5 4 0.0007535
8 4 5 5 -0.0001995
8 4 6 0 0.0066445
8 4 6 1 0.0146781
8 4 6 2 0.0118823
8 4 6 3 -0.0013799
8 4 6 4 0.0011596
8 4 6 5 -0.0031704
8 4 6 6 -0.0270708
8 4 7 0 -0.0031990
8 4 7 1 -0.0028639
8 4 7 2 0.0046831
8 4 7 3 -0.0037755
8 4 7 4 -0.0003595
8 4 7 5 0.0030277
8 4 7 6 0.0096268
8 4 7 7 -0.0140437
8 4 8 0 0.0009452
8 4 8 1 -0.0042572
8 4 8 2 -0.0057598
8 4 8 3 0.0116937
8 4 8 4 0.0186257
8 4 8 5 -0.0159519
8 4 8 6 0.0055585
8 4 8 7 -0.0103928
8 4 8 8 0.0028938
8 5 0 0 0.0083145
8 5 1 0 0.0028948
8 5 1 1 0.0260802
8 5 2 0 -0.0006769
8 5 2 1 -0.0103369
8 5 2 2 -0.0005709
8 5 3 0 0.0017257
8 5 3 1 0.0014471
8 5 3 2 -0.0012810
8 5 3 3 -0.0047033
8 5 4 0 -0.0037072
8 5 4 1 -0.0075708
8 5 4 2 -0.0125932
8 5 4 3 0.0024283
8 5 4 4 0.0069736
8 5 5 0 0.0041546
8 5 5 1 0.0063937
8 5 5 2 0.0111610
8 5 5 3 -0.0072636
8 5 5 4 0.0147079
8 5 5 5 0.0045268
8 5 6 0 -0.0073360
8 5 6 1 -0.0099169
8 5 6 2 -0.0167326
8 5 6 3 -0.0016447
8 5 6 4 -0.0041541
8 5 6 5 0.0046744
8 5 6 6 0.0225513
8 5 7 0 0.0004290
8 5 7 1 0.0054913
8 5 7 2 0.0043095
8 5 7 3 0.0066551
8 5 7 4 0.0021278
8 5 7 5 0.0027692
8 5 7 6 -0.0034684
8 5 7 7 -0.0057537
8 5 8 0 -0.0028471
8 5 8 1 0.0024157
8 5 8 2 -0.0007606
8 5 8 3 0.0024246
8 5 8 4 -0.0159519
8 5 8 5 0.0181635
8 5 8 6 -0.0076838
8 5 8 7 -0.0044281
8 5 8 8 -0.0068094
8 6 0 0 0.0527314
8 6 1 0 -0.0015817
8 6 1 1 0.0187521
8 6 2 0 -0.0007230
8 6 2 1 -0.0172537
8 6 2 2 0.0108954
8 6 3 0 0.0027753
8 6 3 1 0.0124432
8 6 3 2 0.0112333
8 6 3 3 -0.0058314
8 6 4 0 0.0067105
8 6 4 1 0.0157523
8 6 4 2 0.0116216
8 6 4 3 -0.0017526
8 6 4 4 0.0283386
8 6 5 0 -0.0063524
8 6 5 1 -0.0150541
8 6 5 2 -0.0125666
8 6 5 3 -0.0030837
8 6 5 4 -0.0191380
8 6 5 5 0.0313590
8 6 6 0 0.0042494
8 6 6 1 0.0046425
8 6 6 2 0.0063353
8 6 6 3 -0.0057855
8 6 6 4 -0.0083251
8 6 6 5 0.0084877
8 6 6 6 0.0282693
8 6 7 0 0.0038002
8 6 7 1 0.0074889
8 6 7 2 0.0057927
8 6 7 3 0.0284328
8 6 7 4 0.0085953
8 6 7 5 -0.0044126
8 6 7 6 -0.0024223
8 6 7 7 0.0085018
8 6 8 0 -0.0023409
8 6 8 1 0.0011451
8 6 8 2 0.0299847
8 6 8 3 -0.0186469
8 6 8 4 0.0055585
8 6 8 5 -0.0076838
8 6 8 6 0.0347859
8 6 8 7 0.0101646
8 6 8 8 -0.0034968
8 7 0 0 -0.0027027
8 7 1 0 -0.0008864
8 7 1 1 -0.0084390
8 7 2 0 0.0030362
8 7 2 1 0.0128632
8 7 2 2 0.0184028
8 7 3 0 0.0068578
8 7 3 1 0.0444484
8 7 3 2 0.0769135
8 7 3 3 -0.0111232
8 7 4 0 -0.0020717
8 7 4 1 -0.0023421
8 7 4 2 0.0075487
8 7 4 3 0.0033948
8 7 4 4 0.0007100
8 7 5 0 0.0015873
8 7 5 1 0.0060508
8 7 5 2 0.0087651
8 7 5 3 0.0020300
8 7 5 4 0.0089158
8 7 5 5 0.0030553
8 7 6 0 0.0040705
8 7 6 1 0.0063250
8 7 6 2 0.0064107
8 7 6 3 0.0135739
8 7 6 4 0.0086662
8 7 6 5 -0.0040350
8 7 6 6 -0.0080314
8 7 7 0 0.0104141
8 7 7 1 -0.0039558
8 7 7 2 -0.0344243
8 7 7 3 -0.0247050
8 7 7 4 0.0074202
8 7 7 5 -0.0189088
8 7 7 6 -0.0317765
8 7 7 7 0.0399273
8 7 8 0 0.0014288
8 7 8 1 0.0065366
8 7 8 2 0.0198140
8 7 8 3 -0.0494726
8 7 8 4 -0.0103928
8 7 8 5 -0.0044281
8 7 8 6 0.0101646
8 7 8 7 0.0783478
8 7 8 8 -0.0341823
8 8 0 0 0.7268189
8 8 1 0 -0.0106104
8 8 1 1 0.4204038
8 8 2 0 0.0042599
8 8 2 1 0.0823693
8 8 2 2 0.5145597
8 8 3 0 -0.0047640
8 8 3 1 -0.0343297
8 8 3 2 -0.0562344
8 8 3 3 0.5298904
8 8 4 0 -0.0087419
8 8 4 1 -0.0063929
8 8 4 2 -0.0133560
8 8 4 3 0.0179814
8 8 4 4 0.3552768
8 8 5 0 0.0084255
8 8 5 1 0.0059222
8 8 5 2 0.0040917
8 8 5 3 0.0173764
8 8 5 4 -0.1410382
8 8 5 5 0.3591619
8 8 6 0 0.0186256
8 8 6 1 -0.0701379
8 8 6 2 0.0525202
8 8 6 3 -0.0119338
8 8 6 4 0.0273095
8 8 6 5 -0.0256671
8 8 6 6 0.4641513
8 8 7 0 -0.0035271
8 8 7 1 0.0121317
8 8 7 2 0.0486664
8 8 7 3 0.0262712
8 8 7 4 -0.0265436
8 8 7 5 -0.0100283
8 8 7 6 0.0232241
8 8 7 7 0.4997887
8 8 8 0 0.0103719
8 8 8 1 0.0251002
8 8 8 2 0.0600582
8 8 8 3 0.0292872
8 8 8 4 0.0028938
8 8 8 5 -0.0068094
8 8 8 6 -0.0034968
8 8 8 7 -0.0341823
8 8 8 8 0.6165680
9 0 0 0 0.0000698
9 0 1 0 0.0000327
9 0 1 1 0.0001307
9 0 2 0 0.0000827
9 0 2 1 0.0001625
9 0 2 2 0.0001776
9 0 3 0 -0.0003210
9 0 3 1 -0.0005289
9 0 3 2 -0.0003977
9 0 3 3 0.0001895
9 0 4 0 -0.0002130
9 0 4 1 -0.0002961
9 0 4 2 -0.0001203
9 0 4 3 -0.0001151
9 0 4 4 -0.0000232
9 0 5 0 0.0002221
9 0 5 1 0.0002528
9 0 5 2 0.0000775
9 0 5 3 0.0001270
9 0 5 4 0.0002789
9 0 5 5 -0.0001291
9 0 6 0 -0.0000384
9 0 6 1 -0.0000930
9 0 6 2 -0.0000979
9 0 6 3 0.0003412
9 0 6 4 0.0002152
9 0 6 5 -0.0002950
9 0 6 6 0.0001230
9 0 7 0 -0.0004136
9 0 7 1 -0.0003855
9 0 7 2 -0.0000298
9 0 7 3 -0.0000756
9 0 7 4 -0.0002088
9 0 7 5 0.0002705
9 0 7 6 0.0004693
9 0 7 7 -0.0001190
9 0 8 0 0.0003081
9 0 8 1 0.0003101
9 0 8 2 0.0001017
9 0 8 3 0.0000204
9 0 8 4 -0.0000130
9 0 8 5 0.0000126
9 0 8 6 -0.0003886
9 0 8 7 -0.0001849
9 0 8 8 0.0004200
9 0 9 0 0.0000248
9 0 9 1 0.0001040
9 0 9 2 0.0000554
9 0 9 3 -0.0000261
9 0 9 4 0.0000888
9 0 9 5 0.0000416
9 0 9 6 -0.0002420
9 0 9 7 0.0000106
9 0 9 8 -0.0000257
9 0 9 9 -0.0000255
9 1 0 0 0.0013635
9 1 1 0 0.0002270
9 1 1 1 0.0006772
9 1 2 0 0.0005824
9 1 2 1 0.0056941
9 1 2 2 0.0032590
9 1 3 0 -0.0022217
9 1 3 1 -0.0149393
9 1 3 2 -0.0105988
9 1 3 3 0.0057550
9 1 4 0 -0.0014360
9 1 4 1 -0.0033253
9 1 4 2 -0.0049260
9 1 4 3 -0.0014497
9 1 4 4 -0.0079624
9 1 5 0 0.0014797
9 1 5 1 0.0102032
9 1 5 2 -0.0013518
9 1 5 3 0.0022047
9 1 5 4 -0.0007603
9 1 5 5 -0.0064950
9 1 6 0 -0.0002127
9 1 6 1 -0.0040030
9 1 6 2 -0.0008712
9 1 6 3 0.0081384
9 1 6 4 0.0093969
9 1 6 5 -0.0040428
9 1 6 6 0.0000326
9 1 7 0 -0.0026310
9 1 7 1 -0.0084566
9 1 7 2 0.0033583
9 1 7 3 -0.0015636
9 1 7 4 -0.0049178
9 1 7 5 0.0042436
9 1 7 6 0.0113712
9 1 7 7 -0.0023287
9 1 8 0 0.0019761
9 1 8 1 0.0069831
9 1 8 2 -0.0018532
9 1 8 3 0.0076021
9 1 8 4 0.0017527
9 1 8 5 -0.0000335
9 1 8 6 -0.0086361
9 1 8 7 -0.0054090
9 1 8 8 0.0102469
9 1 9 0 0.0001040
9 1 9 1 0.0347319
9 1 9 2 -0.0209598
9 1 9 3 -0.0003720
9 1 9 4 -0.0058244
9 1 9 5 0.0006519
9 1 9 6 0.0247548
9 1 9 7 0.0012678
9 1 9 8 0.0020535
9 1 9 9 -0.0047315
9 2 0 0 0.0060918
9 2 1 0 -0.0000916
9 2 1 1 0.0004394
9 2 2 0 -0.0001773
9 2 2 1 0.0012320
9 2 2 2 0.0014122
9 2 3 0 0.0004322
9 2 3 1 0.0032167
9 2 3 2 0.0003820
9 2 3 3 0.0025498
9 2 4 0 0.0003244
9 2 4 1 -0.0001444
9 2 4 2 0.0014375
9 2 4 3 0.0008006
9 2 4 4 0.0051750
9 2 5 0 -0.0003415
9 2 5 1 -0.0054207
9 2 5 2 0.0019543
9 2 5 3 -0.0006764
9 2 5 4 -0.0025399
9 2 5 5 0.0032185
9 2 6 0 0.0000558
9 2 6 1 -0.0028359
9 2 6 2 0.0030871
9 2 6 3 -0.0037444
9 2 6 4 -0.0044442
9 2 6 5 -0.0000035
9 2 6 6 0.0008392
9 2 7 0 0.0004990
9 2 7 1 0.0032112
9 2 7 2 0.0001038
9 2 7 3 0.0010901
9 2 7 4 0.0009130
9 2 7 5 -0.0012490
9 2 7 6 -0.0035967
9 2 7 7 0.0033638
9 2 8 0 -0.0004791
9 2 8 1 -0.0028051
9 2 8 2 0.0020086
9 2 8 3 -0.0013630
9 2 8 4 -0.0010429
9 2 8 5 0.0002758
9 2 8 6 0.0022077
9 2 8 7 -0.0005039
9 2 8 8 0.0031392
9 2 9 0 0.0000554
9 2 9 1 -0.0209598
9 2 9 2 0.0147736
9 2 9 3 -0.0014523
9 2 9 4 0.0029316
9 2 9 5 0.0003628
9 2 9 6 -0.0182890
9 2 9 7 -0.0014848
9 2 9 8 -0.0012637
9 2 9 9 -0.0074941
9 3 0 0 -0.0246644
9 3 1 0 0.0000810
9 3 1 1 -0.0048302
9 3 2 0 0.0001109
9 3 2 1 -0.0099359
9 3 2 2 -0.0099369
9 3 3 0 0.0001062
9 3 3 1 0.0015337
9 3 3 2 0.0017487
9 3 3 3 -0.0184964
9 3 4 0 0.0001697
9 3 4 1 -0.0012842
9 3 4 2 0.0006010
9 3 4 3 -0.0025782
9 3 4 4 0.0023778
9 3 5 0 -0.0001705
9 3 5 1 0.0017411
9 3 5 2 -0.0013228
9 3 5 3 -0.0012782
9 3 5 4 0.0187377
9 3 5 5 0.0025037
9 3 6 0 0.0000741
9 3 6 1 0.0148583
9 3 6 2 -0.0086498
9 3 6 3 0.0002320
9 3 6 4 -0.0014884
9 3 6 5 0.0014714
9 3 6 6 -0.0053015
9 3 7 0 0.0001737
9 3 7 1 0.0000696
9 3 7 2 -0.0018889
9 3 7 3 -0.0038362
9 3 7 4 0.0028989
9 3 7 5 0.0034688
9 3 7 6 -0.0001535
9 3 7 7 -0.0170564
9 3 8 0 0.0001124
9 3 8 1 0.0007698
9 3 8 2 -0.0024245
9 3 8 3 -0.0000312
9 3 8 4 0.0007741
9 3 8 5 0.0005783
9 3 8 6 0.0015269
9 3 8 7 0.0022753
9 3 8 8 -0.0179160
9 3 9 0 -0.0000261
9 3 9 1 -0.0003720
9 3 9 2 -0.0014523
9 3 9 3 0.0052583
9 3 9 4 0.0027931
9 3 9 5 -0.0016919
9 3 9 6 0.0006513
9 3 9 7 0.0031344
9 3 9 8 -0.0016158
9 3 9 9 0.0277561
9 4 0 0 -0.0029106
9 4 1 0 0.0001394
9 4 1 1 0.0161734
9 4 2 0 -0.0001965
9 4 2 1 -0.0136643
9 4 2 2 0.0056617
9 4 3 0 -0.0001771
9 4 3 1 -0.0010137
9 4 3 2 -0.0007104
9 4 3 3 -0.0015358
9 4 4 0 0.0001898
9 4 4 1 0.0015644
9 4 4 2 0.0004619
9 4 4 3 0.0014501
9 4 4 4 -0.0084603
9 4 5 0 -0.0000491
9 4 5 1 0.0029890
9 4 5 2 -0.0022976
9 4 5 3 0.0032901
9 4 5 4 -0.0071907
9 4 5 5 -0.0082808
9 4 6 0 -0.0004093
9 4 6 1 0.0134372
9 4 6 2 -0.0103425
9 4 6 3 -0.0002221
9 4 6 4 -0.0020877
9 4 6 5 0.0042128
9 4 6 6 0.0157298
9 4 7 0 -0.0003532
9 4 7 1 0.0001595
9 4 7 2 -0.0004212
9 4 7 3 0.0023680
9 4 7 4 -0.0015284
9 4 7 5 0.0009833
9 4 7 6 0.0018090
9 4 7 7 -0.0012834
9 4 8 0 -0.0002113
9 4 8 1 0.0007445
9 4 8 2 -0.0015745
9 4 8 3 0.0003306
9 4 8 4 -0.0005755
9 4 8 5 -0.0003209
9 4 8 6 0.0027976
9 4 8 7 -0.0011470
9 4 8 8 -0.0024575
9 4 9 0 0.0000888
9 4 9 1 -0.0058244
9 4 9 2 0.0029316
9 4 9 3 0.0027931
9 4 9 4 0.0143381
9 4 9 5 0.0081543
9 4 9 6 -0.0068230
9 4 9 7 0.0033383
9 4 9 8 -0.0017541
9 4 9 9 0.0418569
9 5 0 0 0.0247713
9 5 1 0 0.0000387
9 5 1 1 0.0215835
9 5 2 0 -0.0005057
9 5 2 1 -0.0044500
9 5 2 2 0.0144948
9 5 3 0 0.0000389
9 5 3 1 -0.0015166
9 5 3 2 -0.0014261
9 5 3 3 0.0129535
9 5 4 0 0.0001828
9 5 4 1 0.0034463
9 5 4 2 -0.0010516
9 5 4 3 0.0044403
9 5 4 4 -0.0054483
9 5 5 0 -0.0000809
9 5 5 1 0.0010588
9 5 5 2 -0.0009671
9 5 5 3 0.0026030
9 5 5 4 -0.0262537
9 5 5 5 -0.0048685
9 5 6 0 -0.0005864
9 5 6 1 -0.0035153
9 5 6 2 -0.0016885
9 5 6 3 -0.0000845
9 5 6 4 0.0001980
9 5 6 5 0.0032139
9 5 6 6 0.0218685
9 5 7 0 -0.0001654
9 5 7 1 0.0008686
9 5 7 2 0.0021106
9 5 7 3 0.0068683
9 5 7 4 -0.0025579
9 5 7 5 -0.0030611
9 5 7 6 0.0015567
9 5 7 7 0.0137937
9 5 8 0 -0.0007271
9 5 8 1 0.0010276
9 5 8 2 0.0030295
9 5 8 3 -0.0005785
9 5 8 4 -0.0023973
9 5 8 5 0.0005903
9 5 8 6 0.0019548
9 5 8 7 -0.0022931
9 5 8 8 0.0133950
9 5 9 0 0.0000416
9 5 9 1 0.0006519
9 5 9 2 0.0003628
9 5 9 3 -0.0016919
9 5 9 4 0.0081543
9 5 9 5 0.0103461
9 5 9 6 -0.0008712
9 5 9 7 0.0006497
9 5 9 8 0.0010836
9 5 9 9 0.0122004
9 6 0 0 -0.0026683
9 6 1 0 -0.0000396
9 6 1 1 -0.0032064
9 6 2 0 -0.0000090
9 6 2 1 0.0011306
9 6 2 2 -0.0010231
9 6 3 0 0.0002009
9 6 3 1 -0.0011864
9 6 3 2 -0.0021921
9 6 3 3 -0.0003511
9 6 4 0 0.0001788
9 6 4 1 0.0030799
9 6 4 2 -0.0023757
9 6 4 3 0.0000087
9 6 4 4 -0.0068656
9 6 5 0 -0.0002152
9 6 5 1 0.0031424
9 6 5 2 -0.0018101
9 6 5 3 0.0002136
9 6 5 4 -0.0028335
9 6 5 5 -0.0036597
9 6 6 0 0.0001333
9 6 6 1 -0.0005353
9 6 6 2 0.0003963
9 6 6 3 0.0010906
9 6 6 4 0.0041924
9 6 6 5 0.0020828
9 6 6 6 -0.0033302
9 6 7 0 0.0003121
9 6 7 1 0.0000771
9 6 7 2 0.0008571
9 6 7 3 -0.0005895
9 6 7 4 -0.0008784
9 6 7 5 -0.0001740
9 6 7 6 0.0014487
9 6 7 7 -0.0018032
9 6 8 0 -0.0001687
9 6 8 1 0.0001421
9 6 8 2 -0.0016274
9 6 8 3 0.0028126
9 6 8 4 0.0012310
9 6 8 5 0.0000451
9 6 8 6 -0.0005847
9 6 8 7 -0.0012027
9 6 8 8 0.0003487
9 6 9 0 -0.0002420
9 6 9 1 0.0247548
9 6 9 2 -0.0182890
9 6 9 3 0.0006513
9 6 9 4 -0.0068230
9 6 9 5 -0.0008712
9 6 9 6 0.0268785
9 6 9 7 0.0009023
9 6 9 8 0.0025976
9 6 9 9 -0.0021825
9 7 0 0 -0.0200947
9 7 1 0 0.0000438
9 7 1 1 -0.0060497
9 7 2 0 0.0004095
9 7 2 1 -0.0034061
9 7 2 2 -0.0046799
9 7 3 0 -0.0001667
9 7 3 1 -0.0007612
9 7 3 2 -0.0007232
9 7 3 3 -0.0093811
9 7 4 0 -0.0000418
9 7 4 1 -0.0011090
9 7 4 2 -0.0003437
9 7 4 3 -0.0004311
9 7 4 4 -0.0049006
9 7 5 0 0.0000429
9 7 5 1 0.0026598
9 7 5 2 -0.0005848
9 7 5 3 0.0006180
9 7 5 4 0.0080295
9 7 5 5 -0.0047032
9 7 6 0 0.0003368
9 7 6 1 0.0106945
9 7 6 2 -0.0046033
9 7 6 3 0.0003205
9 7 6 4 0.0003952
9 7 6 5 0.0005362
9 7 6 6 -0.0063480
9 7 7 0 -0.0000167
9 7 7 1 -0.0004333
9 7 7 2 -0.0011828
9 7 7 3 -0.0060734
9 7 7 4 0.0004080
9 7 7 5 0.0018902
9 7 7 6 0.0005831
9 7 7 7 -0.0110297
9 7 8 0 0.0006459
9 7 8 1 0.0001870
9 7 8 2 -0.0035326
9 7 8 3 0.0025815
9 7 8 4 0.0008364
9 7 8 5 -0.0003269
9 7 8 6 -0.0008355
9 7 8 7 0.0007752
9 7 8 8 -0.0073153
9 7 9 0 0.0000106
9 7 9 1 0.0012678
9 7 9 2 -0.0014848
9 7 9 3 0.0031344
9 7 9 4 0.0033383
9 7 9 5 0.0006497
9 7 9 6 0.0009023
9 7 9 7 0.0027654
9 7 9 8 -0.0012154
9 7 9 9 0.0157856
9 8 0 0 0.0166682
9 8 1 0 0.0000426
9 8 1 1 0.0087776
9 8 2 0 -0.0002612
9 8 2 1 0.0010135
9 8 2 2 0.0063666
9 8 3 0 0.0000939
9 8 3 1 0.0016356
9 8 3 2 0.0020323
9 8 3 3 0.0068960
9 8 4 0 -0.0002094
9 8 4 1 0.0006152
9 8 4 2 -0.0004739
9 8 4 3 0.0009231
9 8 4 4 0.0027763
9 8 5 0 0.0002139
9 8 5 1 -0.0002541
9 8 5 2 0.0008115
9 8 5 3 0.0000916
9 8 5 4 -0.0078806
9 8 5 5 0.0031161
9 8 6 0 -0.0004208
9 8 6 1 -0.0069016
9 8 6 2 0.0014998
9 8 6 3 0.0003753
9 8 6 4 0.0008267
9 8 6 5 0.0000032
9 8 6 6 0.0088527
9 8 7 0 0.0000057
9 8 7 1 0.0003063
9 8 7 2 -0.0004026
9 8 7 3 0.0037434
9 8 7 4 -0.0005747
9 8 7 5 -0.0016870
9 8 7 6 -0.0009627
9 8 7 7 0.0092834
9 8 8 0 -0.0003766
9 8 8 1 0.0009927
9 8 8 2 0.0036171
9 8 8 3 -0.0039213
9 8 8 4 -0.0017879
9 8 8 5 0.0008432
9 8 8 6 0.0006720
9 8 8 7 0.0013652
9 8 8 8 0.0056475
9 8 9 0 -0.0000257
9 8 9 1 0.0020535
9 8 9 2 -0.0012637
9 8 9 3 -0.0016158
9 8 9 4 -0.0017541
9 8 9 5 0.0010836
9 8 9 6 0.0025976
9 8 9 7 -0.0012154
9 8 9 8 0.0014621
9 8 9 9 -0.0054583
9 9 0 0 0.3508257
9 9 1 0 0.0024226
9 9 1 1 0.4932680
9 9 2 0 -0.0037446
9 9 2 1 -0.1227735
9 9 2 2 0.3505028
9 9 3 0 0.0001302
9 9 3 1 0.0006575
9 9 3 2 -0.0022327
9 9 3 3 0.2941674
9 9 4 0 -0.0012864
9 9 4 1 -0.0117410
9 9 4 2 -0.0050369
9 9 4 3 -0.0056653
9 9 4 4 0.3759889
9 9 5 0 0.0019338
9 9 5 1 0.0223991
9 9 5 2 -0.0062449
9 9 5 3 -0.0100192
9 9 5 4 0.0536316
9 9 5 5 0.3785970
9 9 6 0 -0.0082684
9 9 6 1 0.0719361
9 9 6 2 -0.1042342
9 9 6 3 0.0024349
9 9 6 4 -0.0176589
9 9 6 5 0.0211443
9 9 6 6 0.4777653
9 9 7 0 -0.0017064
9 9 7 1 0.0082320
9 9 7 2 0.0038908
9 9 7 3 0.0476185
9 9 7 4 0.0126825
9 9 7 5 0.0211830
9 9 7 6 0.0091110
9 9 7 7 0.2979265
9 9 8 0 -0.0052468
9 9 8 1 0.0187349
9 9 8 2 0.0084122
9 9 8 3 -0.0154206
9 9 8 4 -0.0138918
9 9 8 5 0.0214302
9 9 8 6 0.0231658
9 9 8 7 -0.0083856
9 9 8 8 0.2736025
9 9 9 0 -0.0000255
9 9 9 1 -0.0047315
9 9 9 2 -0.0074941
9 9 9 3 0.0277561
9 9 9 4 0.0418569
9 9 9 5 0.0122004
9 9 9 6 -0.0021825
9 9 9 7 0.0157856
9 9 9 8 -0.0054583
9 9 9 9 0.6728328
10 0 0 0 0.0001100
10 0 1 0 0.0000588
10 0 1 1 0.0002252
10 0 2 0 0.0001463
10 0 2 1 0.0002957
10 0 2 2 0.0003338
10 0 3 0 0.0002121
10 0 3 1 0.0003475
10 0 3 2 0.0002667
10 0 3 3 0.0001518
10 0 4 0 -0.0003218
10 0 4 1 -0.0003703
10 0 4 2 -0.0001274
10 0 4 3 0.0001595
10 0 4 4 -0.0004535
10 0 5 0 0.0003039
10 0 5 1 0.0004009
10 0 5 2 0.0001318
10 0 5 3 -0.0000479
10 0 5 4 0.0000442
10 0 5 5 -0.0004690
10 0 6 0 -0.0000700
10 0 6 1 -0.0001731
10 0 6 2 -0.0001676
10 0 6 3 -0.0002249
10 0 6 4 0.0004403
10 0 6 5 -0.0002846
10 0 6 6 0.0001969
10 0 7 0 0.0003973
10 0 7 1 0.0003803
10 0 7 2 0.0000633
10 0 7 3 -0.0001275
10 0 7 4 0.0000637
10 0 7 5 -0.0001839
10 0 7 6 -0.0004653
10 0 7 7 0.0001574
10 0 8 0 0.0001377
10 0 8 1 0.0001661
10 0 8 2 0.0001179
10 0 8 3 0.0000275
10 0 8 4 -0.0001908
10 0 8 5 0.0001380
10 0 8 6 -0.0002049
10 0 8 7 0.0002715
10 0 8 8 0.0002372
10 0 9 0 0.0000002
10 0 9 1 0.0000015
10 0 9 2 -0.0000018
10 0 9 3 -0.0000194
10 0 9 4 0.0000543
10 0 9 5 0.0000654
10 0 9 6 -0.0000060
10 0 9 7 0.0000141
10 0 9 8 0.0000138
10 0 9 9 -0.0000285
10 0 10 0 0.0000249
10 0 10 1 0.0001146
10 0 10 2 0.0000548
10 0 10 3 0.0000118
10 0 10 4 0.0000049
10 0 10 5 -0.0000312
10 0 10 6 -0.0002353
10 0 10 7 -0.0000194
10 0 10 8 -0.0000161
10 0 10 9 -0.0000015
10 0 10 10 -0.0000396
10 1 0 0 0.0055573
10 1 1 0 0.0004363
10 1 1 1 0.0087131
10 1 2 0 0.0009530
10 1 2 1 0.0073218
10 1 2 2 0.0100362
10 1 3 0 0.0014542
10 1 3 1 0.0103560
10 1 3 2 0.0067566
10 1 3 3 0.0073814
10 1 4 0 -0.0021514
10 1 4 1 -0.0167575
10 1 4 2 0.0035298
10 1 4 3 0.0020295
10 1 4 4 0.0026302
10 1 5 0 0.0020409
10 1 5 1 0.0029427
10 1 5 2 0.0078193
10 1 5 3 -0.0012388
10 1 5 4 0.0079342
10 1 5 5 0.0006194
10 1 6 0 -0.0005275
10 1 6 1 -0.0039604
10 1 6 2 -0.0039311
10 1 6 3 -0.0047335
10 1 6 4 0.0039572
10 1 6 5 -0.0139198
10 1 6 6 0.0072913
10 1 7 0 0.0024767
10 1 7 1 0.0072410
10 1 7 2 -0.0024970
10 1 7 3 -0.0057112
10 1 7 4 0.0023596
10 1 7 5 -0.0035624
10 1 7 6 -0.0115665
10 1 7 7 0.0078887
10 1 8 0 0.0008013
10 1 8 1 0.0030657
10 1 8 2 0.0002889
10 1 8 3 -0.0031674
10 1 8 4 -0.0031490
10 1 8 5 0.0004629
10 1 8 6 -0.0043866
10 1 8 7 0.0058690
10 1 8 8 0.0065741
10 1 9 0 0.0000014
10 1 9 1 0.0004002
10 1 9 2 -0.0003213
10 1 9 3 -0.0002891
10 1 9 4 -0.0034691
10 1 9 5 -0.0027959
10 1 9 6 0.0002959
10 1 9 7 -0.0002721
10 1 9 8 0.0006868
10 1 9 9 -0.0011555
10 1 10 0 0.0001146
10 1 10 1 0.0339941
10 1 10 2 -0.0206173
10 1 10 3 0.0012282
10 1 10 4 -0.0011871
10 1 10 5 0.0054206
10 1 10 6 0.0237695
10 1 10 7 0.0005475
10 1 10 8 0.0034070
10 1 10 9 -0.0001611
10 1 10 10 -0.0017036
10 2 0 0 0.0103568
10 2 1 0 -0.0001610
10 2 1 1 -0.0014074
10 2 2 0 -0.0002818
10 2 2 1 0.0033988
10 2 2 2 0.0021725
10 2 3 0 -0.0002620
10 2 3 1 -0.0025082
10 2 3 2 0.0002630
10 2 3 3 0.0051665
10 2 4 0 0.0004654
10 2 4 1 0.0087158
10 2 4 2 -0.0037910
10 2 4 3 0.0007185
10 2 4 4 -0.0047814
10 2 5 0 -0.0004514
10 2 5 1 0.0006213
10 2 5 2 -0.0025150
10 2 5 3 0.0020051
10 2 5 4 -0.0147312
10 2 5 5 -0.0035614
10 2 6 0 0.0001202
10 2 6 1 -0.0066466
10 2 6 2 0.0064401
10 2 6 3 0.0019560
10 2 6 4 0.0013222
10 2 6 5 0.0068099
10 2 6 6 -0.0007823
10 2 7 0 -0.0005263
10 2 7 1 -0.0026914
10 2 7 2 0.0008847
10 2 7 3 0.0025583
10 2 7 4 -0.0029921
10 2 7 5 -0.0009182
10 2 7 6 0.0035529
10 2 7 7 0.0066155
10 2 8 0 -0.0002922
10 2 8 1 -0.0010534
10 2 8 2 0.0023347
10 2 8 3 -0.0002295
10 2 8 4 -0.0002210
10 2 8 5 0.0001913
10 2 8 6 0.0009047
10 2 8 7 0.0000490
10 2 8 8 0.0054047
10 2 9 0 -0.0000017
10 2 9 1 -0.0002567
10 2 9 2 0.0008085
10 2 9 3 -0.0019381
10 2 9 4 0.0010844
10 2 9 5 0.0031354
10 2 9 6 -0.0003266
10 2 9 7 -0.0008038
10 2 9 8 0.0005990
10 2 9 9 -0.0120936
10 2 10 0 0.0000548
10 2 10 1 -0.0206173
10 2 10 2 0.0154789
10 2 10 3 0.0008988
10 2 10 4 0.0000223
10 2 10 5 -0.0005677
10 2 10 6 -0.0181469
10 2 10 7 0.0008133
10 2 10 8 -0.0019883
10 2 10 9 -0.0008017
10 2 10 10 -0.0146704
10 3 0 0 0.0180767
10 3 1 0 -0.0000323
10 3 1 1 0.0061747
10 3 2 0 -0.0001011
10 3 2 1 0.0056142
10 3 2 2 0.0086189
10 3 3 0 0.0000754
10 3 3 1 0.0008747
10 3 3 2 0.0018923
10 3 3 3 0.0130321
10 3 4 0 -0.0001102
10 3 4 1 0.0010778
10 3 4 2 -0.0000094
10 3 4 3 0.0009122
10 3 4 4 -0.0035526
10 3 5 0 0.0001415
10 3 5 1 -0.0004949
10 3 5 2 0.0012179
10 3 5 3 0.0027835
10 3 5 4 -0.0155759
10 3 5 5 -0.0032127
10 3 6 0 -0.0001277
10 3 6 1 -0.0092464
10 3 6 2 0.0047826
10 3 6 3 -0.0000840
10 3 6 4 0.0010550
10 3 6 5 -0.0008415
10 3 6 6 0.0064332
10 3 7 0 0.0000105
10 3 7 1 -0.0004782
10 3 7 2 0.0000194
10 3 7 3 0.0026507
10 3 7 4 -0.0034893
10 3 7 5 -0.0021619
10 3 7 6 -0.0007143
10 3 7 7 0.0141226
10 3 8 0 -0.0001661
10 3 8 1 -0.0000921
10 3 8 2 0.0019488
10 3 8 3 -0.0016653
10 3 8 4 -0.0007931
10 3 8 5 -0.0009358
10 3 8 6 -0.0005736
10 3 8 7 0.0008961
10 3 8 8 0.0110837
10 3 9 0 -0.0000075
10 3 9 1 0.0003605
10 3 9 2 0.0000936
10 3 9 3 -0.0028357
10 3 9 4 -0.0009056
10 3 9 5 0.0008128
10 3 9 6 0.0003598
10 3 9 7 -0.0017042
10 3 9 8 0.0009549
10 3 9 9 -0.0121333
10 3 10 0 0.0000118
10 3 10 1 0.0012282
10 3 10 2 0.0008988
10 3 10 3 0.0028603
10 3 10 4 -0.0029071
10 3 10 5 0.0013045
10 3 10 6 0.0003502
10 3 10 7 0.0018840
10 3 10 8 0.0002640
10 3 10 9 0.0029966
10 3 10 10 -0.0152989
10 4 0 0 -0.0410996
10 4 1 0 -0.0001562
10 4 1 1 -0.0406967
10 4 2 0 0.0007437
10 4 2 1 0.0092822
10 4 2 2 -0.0270871
10 4 3 0 0.0004068
10 4 3 1 0.0038598
10 4 3 2 0.0030248
10 4 3 3 -0.0222087
10 4 4 0 -0.0000242
10 4 4 1 -0.0033996
10 4 4 2 0.0009339
10 4 4 3 -0.0047688
10 4 4 4 0.0131762
10 4 5 0 -0.0002162
10 4 5 1 -0.0035635
10 4 5 2 -0.0000112
10 4 5 3 -0.0067342
10 4 5 4 0.0451152
10 4 5 5 0.0088500
10 4 6 0 0.0011264
10 4 6 1 0.0034255
10 4 6 2 0.0060109
10 4 6 3 -0.0006696
10 4 6 4 -0.0005990
10 4 6 5 -0.0030568
10 4 6 6 -0.0409119
10 4 7 0 0.0009072
10 4 7 1 0.0001413
10 4 7 2 -0.0034339
10 4 7 3 -0.0106716
10 4 7 4 0.0080492
10 4 7 5 0.0024911
10 4 7 6 -0.0037878
10 4 7 7 -0.0229798
10 4 8 0 0.0008217
10 4 8 1 -0.0035612
10 4 8 2 -0.0045909
10 4 8 3 0.0002837
10 4 8 4 0.0033562
10 4 8 5 -0.0005559
10 4 8 6 -0.0021400
10 4 8 7 0.0033613
10 4 8 8 -0.0231869
10 4 9 0 0.0000573
10 4 9 1 -0.0032059
10 4 9 2 0.0021354
10 4 9 3 0.0015754
10 4 9 4 -0.0061885
10 4 9 5 -0.0084068
10 4 9 6 -0.0032075
10 4 9 7 -0.0003287
10 4 9 8 -0.0016110
10 4 9 9 -0.0228863
10 4 10 0 0.0000049
10 4 10 1 -0.0011871
10 4 10 2 0.0000223
10 4 10 3 -0.0029071
10 4 10 4 0.0211308
10 4 10 5 0.0177462
10 4 10 6 -0.0019462
10 4 10 7 0.0015185
10 4 10 8 -0.0001130
10 4 10 9 -0.0000323
10 4 10 10 -0.0237517
10 5 0 0 -0.0006843
10 5 1 0 -0.0003019
10 5 1 1 -0.0312920
10 5 2 0 0.0002598
10 5 2 1 0.0217693
10 5 2 2 -0.0135380
10 5 3 0 0.0002923
10 5 3 1 0.0038140
10 5 3 2 0.0034237
10 5 3 3 -0.0012144
10 5 4 0 0.0000052
10 5 4 1 -0.0027910
10 5 4 2 0.0003954
10 5 4 3 -0.0042538
10 5 4 4 0.0190980
10 5 5 0 -0.0002289
10 5 5 1 -0.0081405
10 5 5 2 0.0037216
10 5 5 3 -0.0036348
10 5 5 4 0.0176905
10 5 5 5 0.0132627
10 5 6 0 0.0008435
10 5 6 1 -0.0201483
10 5 6 2 0.0177870
10 5 6 3 -0.0009705
10 5 6 4 0.0001241
10 5 6 5 -0.0067463
10 5 6 6 -0.0303876
10 5 7 0 0.0004640
10 5 7 1 -0.0005381
10 5 7 2 -0.0011066
10 5 7 3 -0.0042216
10 5 7 4 0.0025881
10 5 7 5 0.0001388
10 5 7 6 -0.0043394
10 5 7 7 0.0001512
10 5 8 0 0.0002658
10 5 8 1 -0.0027585
10 5 8 2 0.0025726
10 5 8 3 -0.0022685
10 5 8 4 0.0011911
10 5 8 5 -0.0009963
10 5 8 6 -0.0033543
10 5 8 7 0.0032950
10 5 8 8 -0.0014129
10 5 9 0 0.0000674
10 5 9 1 -0.0024532
10 5 9 2 0.0038150
10 5 9 3 -0.0036983
10 5 9 4 -0.0112648
10 5 9 5 -0.0064579
10 5 9 6 -0.0032727
10 5 9 7 -0.0036149
10 5 9 8 0.0008486
10 5 9 9 -0.0558547
10 5 10 0 -0.0000312
10 5 10 1 0.0054206
10 5 10 2 -0.0005677
10 5 10 3 0.0013045
10 5 10 4 0.0177462
10 5 10 5 0.0276612
10 5 10 6 0.0031025
10 5 10 7 0.0060816
10 5 10 8 0.0022819
10 5 10 9 -0.0027772
10 5 10 10 -0.0645018
10 6 0 0 -0.0013054
10 6 1 0 -0.0000329
10 6 1 1 0.0023187
10 6 2 0 -0.0000997
10 6 2 1 -0.0014329
10 6 2 2 0.0021573
10 6 3 0 -0.0001559
10 6 3 1 0.0011203
10 6 3 2 0.0010060
10 6 3 3 0.0006973
10 6 4 0 0.0003210
10 6 4 1 -0.0059232
10 6 4 2 0.0041824
10 6 4 3 -0.0008599
10 6 4 4 0.0080020
10 6 5 0 -0.0002528
10 6 5 1 -0.0050810
10 6 5 2 0.0044658
10 6 5 3 -0.0010413
10 6 5 4 0.0082646
10 6 5 5 0.0064268
10 6 6 0 0.0000634
10 6 6 1 0.0025562
10 6 6 2 -0.0022061
10 6 6 3 -0.0001084
10 6 6 4 -0.0050982
10 6 6 5 -0.0066282
10 6 6 6 0.0023743
10 6 7 0 -0.0003121
10 6 7 1 -0.0007823
10 6 7 2 -0.0008253
10 6 7 3 -0.0016666
10 6 7 4 0.0012909
10 6 7 5 0.0004398
10 6 7 6 -0.0016506
10 6 7 7 0.0011674
10 6 8 0 -0.0001129
10 6 8 1 -0.0002019
10 6 8 2 -0.0010593
10 6 8 3 -0.0011240
10 6 8 4 -0.0000658
10 6 8 5 -0.0009124
10 6 8 6 -0.0000765
10 6 8 7 0.0006822
10 6 8 8 -0.0002630
10 6 9 0 -0.0000064
10 6 9 1 0.0002652
10 6 9 2 -0.0004101
10 6 9 3 0.0007254
10 6 9 4 -0.0030220
10 6 9 5 -0.0034082
10 6 9 6 0.0004738
10 6 9 7 -0.0001681
10 6 9 8 -0.0000454
10 6 9 9 0.0038722
10 6 10 0 -0.0002353
10 6 10 1 0.0237695
10 6 10 2 -0.0181469
10 6 10 3 0.0003502
10 6 10 4 -0.0019462
10 6 10 5 0.0031025
10 6 10 6 0.0259186
10 6 10 7 0.0005316
10 6 10 8 0.0032602
10 6 10 9 0.0001178
10 6 10 10 0.0045472
10 7 0 0 0.0171125
10 7 1 0 -0.0000455
10 7 1 1 0.0026653
10 7 2 0 -0.0003206
10 7 2 1 0.0044479
10 7 2 2 0.0026673
10 7 3 0 -0.0001369
10 7 3 1 -0.0011284
10 7 3 2 -0.0011763
10 7 3 3 0.0074658
10 7 4 0 -0.0000533
10 7 4 1 0.0005785
10 7 4 2 -0.0004254
10 7 4 3 -0.0013645
10 7 4 4 0.0053516
10 7 5 0 0.0000568
10 7 5 1 -0.0025445
10 7 5 2 0.0007186
10 7 5 3 0.0004867
10 7 5 4 -0.0058439
10 7 5 5 0.0038992
10 7 6 0 -0.0002627
10 7 6 1 -0.0108459
10 7 6 2 0.0051086
10 7 6 3 -0.0000636
10 7 6 4 -0.0002175
10 7 6 5 -0.0012590
10 7 6 6 0.0030219
10 7 7 0 -0.0003811
10 7 7 1 -0.0005472
10 7 7 2 0.0023718
10 7 7 3 0.0053196
10 7 7 4 -0.0021434
10 7 7 5 0.0006592
10 7 7 6 0.0009630
10 7 7 7 0.0077522
10 7 8 0 -0.0003506
10 7 8 1 0.0002402
10 7 8 2 0.0032607
10 7 8 3 -0.0003482
10 7 8 4 -0.0001682
10 7 8 5 -0.0000330
10 7 8 6 -0.0002196
10 7 8 7 -0.0016998
10 7 8 8 0.0069611
10 7 9 0 0.0000221
10 7 9 1 0.0002348
10 7 9 2 0.0006955
10 7 9 3 -0.0024429
10 7 9 4 -0.0025853
10 7 9 5 -0.0006034
10 7 9 6 -0.0003935
10 7 9 7 -0.0019867
10 7 9 8 0.0007703
10 7 9 9 -0.0146613
10 7 10 0 -0.0000194
10 7 10 1 0.0005475
10 7 10 2 0.0008133
10 7 10 3 0.0018840
10 7 10 4 0.0015185
10 7 10 5 0.0060816
10 7 10 6 0.0005316
10 7 10 7 0.0028294
10 7 10 8 0.0006837
10 7 10 9 0.0010377
10 7 10 10 -0.0178782
10 8 0 0 0.0060001
10 8 1 0 0.0000509
10 8 1 1 0.0023298
10 8 2 0 0.0000066
10 8 2 1 0.0014534
10 8 2 2 0.0021318
10 8 3 0 0.0000522
10 8 3 1 -0.0003539
10 8 3 2 -0.0008051
10 8 3 3 0.0019272
10 8 4 0 -0.0003117
10 8 4 1 -0.0017410
10 8 4 2 -0.0003583
10 8 4 3 -0.0001157
10 8 4 4 0.0032554
10 8 5 0 0.0003048
10 8 5 1 -0.0005791
10 8 5 2 0.0013935
10 8 5 3 -0.0005051
10 8 5 4 -0.0004680
10 8 5 5 0.0024871
10 8 6 0 -0.0001877
10 8 6 1 -0.0034572
10 8 6 2 0.0006727
10 8 6 3 -0.0003026
10 8 6 4 0.0000359
10 8 6 5 -0.0019365
10 8 6 6 0.0023811
10 8 7 0 0.0000839
10 8 7 1 0.0004678
10 8 7 2 0.0013473
10 8 7 3 0.0009342
10 8 7 4 -0.0000764
10 8 7 5 0.0002165
10 8 7 6 -0.0001911
10 8 7 7 0.0014648
10 8 8 0 0.0000251
10 8 8 1 0.0008252
10 8 8 2 0.0016223
10 8 8 3 0.0006306
10 8 8 4 -0.0008762
10 8 8 5 0.0008246
10 8 8 6 -0.0006769
10 8 8 7 -0.0004520
10 8 8 8 0.0033931
10 8 9 0 0.0000121
10 8 9 1 0.0005641
10 8 9 2 0.0001687
10 8 9 3 -0.0004412
10 8 9 4 -0.0014211
10 8 9 5 -0.0002357
10 8 9 6 0.0000639
10 8 9 7 -0.0003758
10 8 9 8 0.0003224
10 8 9 9 -0.0033968
10 8 10 0 -0.0000161
10 8 10 1 0.0034070
10 8 10 2 -0.0019883
10 8 10 3 0.0002640
10 8 10 4 -0.0001130
10 8 10 5 0.0022819
10 8 10 6 0.0032602
10 8 10 7 0.0006837
10 8 10 8 0.0009051
10 8 10 9 -0.0007024
10 8 10 10 -0.0043442
10 9 0 0 0.0000003
10 9 1 0 0.0000021
10 9 1 1 -0.0000729
10 9 2 0 0.0000006
10 9 2 1 -0.0002517
10 9 2 2 0.0000511
10 9 3 0 -0.0000104
10 9 3 1 -0.0004426
10 9 3 2 -0.0008597
10 9 3 3 -0.0029860
10 9 4 0 0.0000365
10 9 4 1 -0.0001671
10 9 4 2 -0.0001574
10 9 4 3 0.0017815
10 9 4 4 -0.0096856
10 9 5 0 0.0000461
10 9 5 1 0.0003074
10 9 5 2 0.0012805
10 9 5 3 0.0003002
10 9 5 4 -0.0121980
10 9 5 5 -0.0090273
10 9 6 0 -0.0000099
10 9 6 1 -0.0001634
10 9 6 2 -0.0002890
10 9 6 3 0.0000554
10 9 6 4 -0.0003364
10 9 6 5 -0.0006328
10 9 6 6 0.0001931
10 9 7 0 0.0000193
10 9 7 1 0.0006170
10 9 7 2 0.0004274
10 9 7 3 -0.0007663
10 9 7 4 -0.0014735
10 9 7 5 -0.0019657
10 9 7 6 0.0000358
10 9 7 7 -0.0027877
10 9 8 0 0.0000168
10 9 8 1 0.0008006
10 9 8 2 0.0009628
10 9 8 3 0.0004783
10 9 8 4 -0.0013579
10 9 8 5 0.0003805
10 9 8 6 -0.0000286
10 9 8 7 -0.0001610
10 9 8 8 -0.0001835
10 9 9 0 -0.0000046
10 9 9 1 -0.0002387
10 9 9 2 -0.0013362
10 9 9 3 -0.0015031
10 9 9 4 -0.0010562
10 9 9 5 -0.0049430
10 9 9 6 0.0003598
10 9 9 7 -0.0016950
10 9 9 8 -0.0003957
10 9 9 9 -0.0000000
10 9 10 0 -0.0000015
10 9 10 1 -0.0001611
10 9 10 2 -0.0008017
10 9 10 3 0.0029966
10 9 10 4 -0.0000323
10 9 10 5 -0.0027772
10 9 10 6 0.0001178
10 9 10 7 0.0010377
10 9 10 8 -0.0007024
10 9 10 9 0.0362686
10 9 10 10 -0.0000000
10 10 0 0 0.3508259
10 10 1 0 0.0024307
10 10 1 1 0.4931781
10 10 2 0 -0.0037435
10 10 2 1 -0.1226798
10 10 2 2 0.3509039
10 10 3 0 0.0001623
10 10 3 1 0.0028889
10 10 3 2 0.0012739
10 10 3 3 0.2919903
10 10 4 0 -0.0013436
10 10 4 1 -0.0117155
10 10 4 2 -0.0059120
10 10 4 3 -0.0114978
10 10 4 4 0.3903358
10 10 5 0 0.0018859
10 10 5 1 0.0227928
10 10 5 2 -0.0056812
10 10 5 3 -0.0085548
10 10 5 4 0.0671592
10 10 5 5 0.3954231
10 10 6 0 -0.0082672
10 10 6 1 0.0716420
10 10 6 2 -0.1043072
10 10 6 3 0.0027207
10 10 6 4 -0.0167612
10 10 6 5 0.0215942
10 10 6 6 0.4775644
10 10 7 0 -0.0017508
10 10 7 1 0.0064090
10 10 7 2 0.0035983
10 10 7 3 0.0462003
10 10 7 4 0.0118164
10 10 7 5 0.0262234
10 10 7 6 0.0086960
10 10 7 7 0.2989535
10 10 8 0 -0.0052255
10 10 8 1 0.0199910
10 10 8 2 0.0091473
10 10 8 3 -0.0165331
10 10 8 4 -0.0128924
10 10 8 5 0.0219340
10 10 8 6 0.0233193
10 10 8 7 -0.0045623
10 10 8 8 0.2709950
10 10 9 0 -0.0000159
10 10 9 1 -0.0036173
10 10 9 2 -0.0063119
10 10 9 3 0.0232287
10 10 9 4 0.0303281
10 10 9 5 0.0063277
10 10 9 6 -0.0016114
10 10 9 7 0.0117210
10 10 9 8 -0.0038562
10 10 9 9 0.6002955
10 10 10 0 -0.0000396
10 10 10 1 -0.0017036
10 10 10 2 -0.0146704
10 10 10 3 -0.0152989
10 10 10 4 -0.0237517
10 10 10 5 -0.0645018
10 10 10 6 0.0045472
10 10 10 7 -0.0178782
10 10 10 8 -0.0043442
10 10 10 9 -0.0000000
10 10 10 10 0.6728328
11 0 0 0 -0.0032250
11 0 1 0 0.0001597
11 0 1 1 -0.0002952
11 0 2 0 0.0001148
11 0 2 1 -0.0003171
11 0 2 2 -0.0004234
11 0 3 0 -0.0000081
11 0 3 1 0.0000066
11 0 3 2 0.0000017
11 0 3 3 -0.0006052
11 0 4 0 0.0000661
11 0 4 1 -0.0000440
11 0 4 2 0.0000173
11 0 4 3 -0.0000233
11 0 4 4 -0.0002251
11 0 5 0 -0.0000872
11 0 5 1 0.0000880
11 0 5 2 -0.0000447
11 0 5 3 -0.0000253
11 0 5 4 0.0006507
11 0 5 5 -0.0002138
11 0 6 0 -0.0001149
11 0 6 1 0.0006358
11 0 6 2 -0.0002870
11 0 6 3 0.0000082
11 0 6 4 -0.0000792
11 0 6 5 0.0000563
11 0 6 6 -0.0004962
11 0 7 0 0.0000436
11 0 7 1 -0.0000206
11 0 7 2 -0.0001141
11 0 7 3 -0.0003087
11 0 7 4 0.0000781
11 0 7 5 0.0000637
11 0 7 6 -0.0000135
11 0 7 7 -0.0007457
11 0 8 0 0.0001472
11 0 8 1 -0.0000799
11 0 8 2 -0.0003004
11 0 8 3 0.0001089
11 0 8 4 0.0000671
11 0 8 5 0.0000117
11 0 8 6 -0.0000426
11 0 8 7 0.0000154
11 0 8 8 -0.0007134
11 0 9 0 -0.0000002
11 0 9 1 -0.0000150
11 0 9 2 -0.0000291
11 0 9 3 0.0001158
11 0 9 4 0.0000978
11 0 9 5 -0.0000309
11 0 9 6 0.0000005
11 0 9 7 0.0000832
11 0 9 8 -0.0000523
11 0 9 9 0.0006250
11 0 10 0 -0.0000004
11 0 10 1 -0.0000180
11 0 10 2 -0.0000538
11 0 10 3 -0.0000726
11 0 10 4 0.0000319
11 0 10 5 -0.0001503
11 0 10 6 0.0000128
11 0 10 7 -0.0000831
11 0 10 8 -0.0000252
11 0 10 9 -0.0000005
11 0 10 10 0.0006248
11 0 11 0 0.0000116
11 0 11 1 -0.0001277
11 0 11 2 0.0001327
11 0 11 3 -0.0000216
11 0 11 4 0.0001660
11 0 11 5 0.0001014
11 0 11 6 -0.0002986
11 0 11 7 0.0000205
11 0 11 8 -0.0000034
11 0 11 9 -0.0000024
11 0 11 10 -0.0000038
11 0 11 11 0.0044253
11 1 0 0 -0.0041358
11 1 1 0 -0.0000337
11 1 1 1 0.0005552
11 1 2 0 0.0000242
11 1 2 1 -0.0029491
11 1 2 2 -0.0008715
11 1 3 0 0.0000124
11 1 3 1 0.0001544
11 1 3 2 -0.0000168
11 1 3 3 -0.0031451
11 1 4 0 -0.0000430
11 1 4 1 -0.0007273
11 1 4 2 0.0004338
11 1 4 3 -0.0003473
11 1 4 4 -0.0004511
11 1 5 0 -0.0001206
11 1 5 1 0.0001407
11 1 5 2 -0.0005276
11 1 5 3 -0.0002909
11 1 5 4 0.0027799
11 1 5 5 -0.0008482
11 1 6 0 0.0000321
11 1 6 1 0.0040093
11 1 6 2 -0.0022589
11 1 6 3 0.0000551
11 1 6 4 -0.0005330
11 1 6 5 0.0002994
11 1 6 6 -0.0003228
11 1 7 0 0.0000038
11 1 7 1 0.0000352
11 1 7 2 -0.0002768
11 1 7 3 -0.0007284
11 1 7 4 0.0002996
11 1 7 5 0.0001609
11 1 7 6 0.0001026
11 1 7 7 -0.0031831
11 1 8 0 0.0000508
11 1 8 1 0.0001482
11 1 8 2 -0.0006726
11 1 8 3 0.0001459
11 1 8 4 0.0006761
11 1 8 5 0.0003597
11 1 8 6 0.0003896
11 1 8 7 0.0002138
11 1 8 8 -0.0028698
11 1 9 0 0.0000005
11 1 9 1 -0.0001584
11 1 9 2 0.0000348
11 1 9 3 0.0003472
11 1 9 4 -0.0001630
11 1 9 5 -0.0004677
11 1 9 6 -0.0001317
11 1 9 7 0.0000524
11 1 9 8 -0.0001064
11 1 9 9 -0.0006758
11 1 10 0 -0.0000046
11 1 10 1 -0.0001087
11 1 10 2 -0.0001547
11 1 10 3 -0.0002980
11 1 10 4 0.0008620
11 1 10 5 0.0004471
11 1 10 6 0.0000291
11 1 10 7 0.0000072
11 1 10 8 0.0000137
11 1 10 9 -0.0000976
11 1 10 10 -0.0005331
11 1 11 0 -0.0001277
11 1 11 1 0.0083671
11 1 11 2 -0.0075170
11 1 11 3 0.0003745
11 1 11 4 -0.0028859
11 1 11 5 -0.0002205
11 1 11 6 0.0122288
11 1 11 7 0.0004954
11 1 11 8 0.0023044
11 1 11 9 -0.0003204
11 1 11 10 -0.0000519
11 1 11 11 -0.0753733
11 2 0 0 -0.0003861
11 2 1 0 -0.0001234
11 2 1 1 -0.0015496
11 2 2 0 0.0000348
11 2 2 1 0.0008315
11 2 2 2 -0.0008245
11 2 3 0 -0.0000049
11 2 3 1 -0.0000846
11 2 3 2 0.0000021
11 2 3 3 -0.0000437
11 2 4 0 0.0000934
11 2 4 1 0.0005709
11 2 4 2 -0.0002855
11 2 4 3 -0.0000171
11 2 4 4 0.0010232
11 2 5 0 -0.0000885
11 2 5 1 -0.0001626
11 2 5 2 -0.0001005
11 2 5 3 0.0000103
11 2 5 4 0.0006308
11 2 5 5 0.0008192
11 2 6 0 -0.0001288
11 2 6 1 -0.0009218
11 2 6 2 0.0006798
11 2 6 3 -0.0000679
11 2 6 4 0.0005043
11 2 6 5 0.0006454
11 2 6 6 -0.0014678
11 2 7 0 0.0000009
11 2 7 1 -0.0000120
11 2 7 2 -0.0000913
11 2 7 3 0.0000906
11 2 7 4 0.0001301
11 2 7 5 0.0001526
11 2 7 6 0.0002687
11 2 7 7 -0.0000850
11 2 8 0 0.0000622
11 2 8 1 -0.0000966
11 2 8 2 -0.0002793
11 2 8 3 -0.0000573
11 2 8 4 0.0006222
11 2 8 5 0.0006534
11 2 8 6 0.0004875
11 2 8 7 0.0000773
11 2 8 8 -0.0000776
11 2 9 0 -0.0000026
11 2 9 1 -0.0002865
11 2 9 2 0.0000153
11 2 9 3 0.0004318
11 2 9 4 0.0006021
11 2 9 5 0.0001114
11 2 9 6 -0.0001836
11 2 9 7 0.0002347
11 2 9 8 -0.0001143
11 2 9 9 0.0035773
11 2 10 0 -0.0000038
11 2 10 1 -0.0004704
11 2 10 2 0.0000534
11 2 10 3 -0.0002591
11 2 10 4 -0.0001675
11 2 10 5 -0.0008688
11 2 10 6 -0.0002775
11 2 10 7 -0.0002744
11 2 10 8 -0.0001187
11 2 10 9 0.0000361
11 2 10 10 0.0035636
11 2 11 0 0.0001327
11 2 11 1 -0.0075170
11 2 11 2 0.0065923
11 2 11 3 -0.0003317
11 2 11 4 0.0022895
11 2 11 5 0.0002483
11 2 11 6 -0.0099620
11 2 11 7 -0.0002618
11 2 11 8 -0.0014460
11 2 11 9 -0.0004772
11 2 11 10 -0.0009400
11 2 11 11 0.0809373
11 3 0 0 -0.0003603
11 3 1 0 -0.0000013
11 3 1 1 -0.0010033
11 3 2 0 0.0000080
11 3 2 1 0.0005204
11 3 2 2 -0.0005992
11 3 3 0 -0.0000799
11 3 3 1 -0.0005594
11 3 3 2 -0.0007997
11 3 3 3 -0.0000420
11 3 4 0 0.0000067
11 3 4 1 -0.0000007
11 3 4 2 -0.0002138
11 3 4 3 -0.0004458
11 3 4 4 0.0008243
11 3 5 0 0.0000135
11 3 5 1 -0.0000947
11 3 5 2 -0.0001059
11 3 5 3 -0.0001585
11 3 5 4 0.0011237
11 3 5 5 0.0006992
11 3 6 0 0.0000329
11 3 6 1 -0.0004937
11 3 6 2 0.0005108
11 3 6 3 0.0006958
11 3 6 4 0.0001572
11 3 6 5 -0.0000965
11 3 6 6 -0.0010767
11 3 7 0 -0.0003221
11 3 7 1 -0.0006707
11 3 7 2 0.0003770
11 3 7 3 -0.0000829
11 3 7 4 0.0001018
11 3 7 5 0.0004627
11 3 7 6 -0.0000539
11 3 7 7 -0.0004437
11 3 8 0 0.0001163
11 3 8 1 0.0001262
11 3 8 2 -0.0001164
11 3 8 3 0.0003738
11 3 8 4 0.0002183
11 3 8 5 0.0000015
11 3 8 6 -0.0001216
11 3 8 7 -0.0003889
11 3 8 8 0.0001443
11 3 9 0 0.0000112
11 3 9 1 0.0008179
11 3 9 2 -0.0004535
11 3 9 3 -0.0000416
11 3 9 4 -0.0006134
11 3 9 5 -0.0003484
11 3 9 6 0.0005156
11 3 9 7 -0.0001159
11 3 9 8 0.0002016
11 3 9 9 -0.0014907
11 3 10 0 -0.0000102
11 3 10 1 -0.0003944
11 3 10 2 0.0002689
11 3 10 3 -0.0000059
11 3 10 4 0.0006659
11 3 10 5 0.0007951
11 3 10 6 -0.0001782
11 3 10 7 0.0000771
11 3 10 8 -0.0000280
11 3 10 9 -0.0001571
11 3 10 10 -0.0013469
11 3 11 0 -0.0000216
11 3 11 1 0.0003745
11 3 11 2 -0.0003317
11 3 11 3 0.0003182
11 3 11 4 -0.0001097
11 3 11 5 -0.0000119
11 3 11 6 0.0006953
11 3 11 7 0.0002303
11 3 11 8 -0.0001774
11 3 11 9 0.0017293
11 3 11 10 -0.0008666
11 3 11 11 -0.0138260
11 4 0 0 0.0029114
11 4 1 0 0.0000529
11 4 1 1 0.0078627
11 4 2 0 -0.0000348
11 4 2 1 -0.0039812
11 4 2 2 0.0044491
11 4 3 0 -0.0000576
11 4 3 1 -0.0006904
11 4 3 2 -0.0006837
11 4 3 3 0.0017260
11 4 4 0 -0.0001006
11 4 4 1 0.0007674
11 4 4 2 -0.0006507
11 4 4 3 0.0012198
11 4 4 4 -0.0047920
11 4 5 0 0.0001505
11 4 5 1 0.0024667
11 4 5 2 -0.0010080
11 4 5 3 0.0011900
11 4 5 4 -0.0064089
11 4 5 5 -0.0035750
11 4 6 0 -0.0002110
11 4 6 1 0.0037675
11 4 6 2 -0.0038923
11 4 6 3 0.0003530
11 4 6 4 0.0008156
11 4 6 5 0.0017602
11 4 6 6 0.0086342
11 4 7 0 -0.0001223
11 4 7 1 0.0002644
11 4 7 2 0.0002098
11 4 7 3 0.0010586
11 4 7 4 -0.0010611
11 4 7 5 -0.0004190
11 4 7 6 0.0008509
11 4 7 7 0.0014796
11 4 8 0 -0.0000083
11 4 8 1 0.0008794
11 4 8 2 -0.0000299
11 4 8 3 0.0002856
11 4 8 4 -0.0002447
11 4 8 5 0.0005091
11 4 8 6 0.0004400
11 4 8 7 -0.0004712
11 4 8 8 0.0020007
11 4 9 0 -0.0000165
11 4 9 1 0.0012246
11 4 9 2 -0.0014010
11 4 9 3 0.0007125
11 4 9 4 0.0024776
11 4 9 5 0.0016538
11 4 9 6 0.0015420
11 4 9 7 0.0008380
11 4 9 8 0.0000155
11 4 9 9 0.0119342
11 4 10 0 0.0000422
11 4 10 1 -0.0010191
11 4 10 2 0.0006357
11 4 10 3 -0.0000168
11 4 10 4 -0.0033026
11 4 10 5 -0.0049615
11 4 10 6 -0.0016332
11 4 10 7 -0.0010519
11 4 10 8 -0.0005689
11 4 10 9 0.0013729
11 4 10 10 0.0100633
11 4 11 0 0.0001660
11 4 11 1 -0.0028859
11 4 11 2 0.0022895
11 4 11 3 -0.0001097
11 4 11 4 0.0061791
11 4 11 5 0.0048783
11 4 11 6 -0.0056535
11 4 11 7 0.0016158
11 4 11 8 0.0008975
11 4 11 9 0.0029221
11 4 11 10 -0.0022073
11 4 11 11 0.1050469
11 5 0 0 0.0041298
11 5 1 0 -0.0000067
11 5 1 1 0.0082655
11 5 2 0 -0.0001422
11 5 2 1 -0.0045352
11 5 2 2 0.0044588
11 5 3 0 -0.0000523
11 5 3 1 -0.0006426
11 5 3 2 -0.0006627
11 5 3 3 0.0019666
11 5 4 0 0.0001618
11 5 4 1 0.0015856
11 5 4 2 -0.0003631
11 5 4 3 0.0009307
11 5 4 4 -0.0039953
11 5 5 0 -0.0000894
11 5 5 1 0.0016852
11 5 5 2 -0.0012756
11 5 5 3 0.0009762
11 5 5 4 -0.0076129
11 5 5 5 -0.0029353
11 5 6 0 -0.0002003
11 5 6 1 0.0035106
11 5 6 2 -0.0033654
11 5 6 3 0.0002986
11 5 6 4 0.0003044
11 5 6 5 0.0027422
11 5 6 6 0.0087049
11 5 7 0 -0.0001676
11 5 7 1 0.0001743
11 5 7 2 0.0002952
11 5 7 3 0.0016536
11 5 7 4 -0.0009393
11 5 7 5 -0.0003518
11 5 7 6 0.0011037
11 5 7 7 0.0021375
11 5 8 0 -0.0001726
11 5 8 1 0.0005802
11 5 8 2 0.0001171
11 5 8 3 0.0000996
11 5 8 4 -0.0004753
11 5 8 5 0.0001186
11 5 8 6 0.0011981
11 5 8 7 -0.0006862
11 5 8 8 0.0020207
11 5 9 0 -0.0000247
11 5 9 1 0.0002734
11 5 9 2 -0.0007065
11 5 9 3 0.0004146
11 5 9 4 0.0023240
11 5 9 5 0.0016915
11 5 9 6 0.0008089
11 5 9 7 0.0005299
11 5 9 8 0.0000641
11 5 9 9 0.0097865
11 5 10 0 0.0000294
11 5 10 1 -0.0023634
11 5 10 2 0.0016092
11 5 10 3 0.0000742
11 5 10 4 -0.0028027
11 5 10 5 -0.0041888
11 5 10 6 -0.0026726
11 5 10 7 -0.0007458
11 5 10 8 -0.0006337
11 5 10 9 0.0013502
11 5 10 10 0.0079548
11 5 11 0 0.0001014
11 5 11 1 -0.0002205
11 5 11 2 0.0002483
11 5 11 3 -0.0000119
11 5 11 4 0.0048783
11 5 11 5 0.0053659
11 5 11 6 -0.0014286
11 5 11 7 0.0017297
11 5 11 8 0.0014392
11 5 11 9 0.0009298
11 5 11 10 -0.0049330
11 5 11 11 0.0705448
11 6 0 0 0.0053740
11 6 1 0 -0.0000180
11 6 1 1 0.0053677
11 6 2 0 -0.0001162
11 6 2 1 -0.0016687
11 6 2 2 0.0031359
11 6 3 0 -0.0000149
11 6 3 1 0.0002104
11 6 3 2 -0.0000408
11 6 3 3 0.0021293
11 6 4 0 0.0001783
11 6 4 1 -0.0008451
11 6 4 2 0.0004941
11 6 4 3 -0.0003273
11 6 4 4 0.0000385
11 6 5 0 0.0003164
11 6 5 1 -0.0004685
11 6 5 2 0.0004744
11 6 5 3 -0.0002885
11 6 5 4 -0.0031442
11 6 5 5 -0.0006086
11 6 6 0 -0.0004422
11 6 6 1 -0.0014404
11 6 6 2 -0.0003686
11 6 6 3 0.0000114
11 6 6 4 0.0002510
11 6 6 5 0.0001681
11 6 6 6 0.0032819
11 6 7 0 0.0000107
11 6 7 1 0.0000628
11 6 7 2 0.0002421
11 6 7 3 0.0010039
11 6 7 4 -0.0004155
11 6 7 5 -0.0002926
11 6 7 6 0.0002075
11 6 7 7 0.0025517
11 6 8 0 -0.0001123
11 6 8 1 0.0006235
11 6 8 2 0.0003388
11 6 8 3 -0.0003609
11 6 8 4 -0.0009796
11 6 8 5 -0.0002450
11 6 8 6 0.0008483
11 6 8 7 -0.0001692
11 6 8 8 0.0021482
11 6 9 0 0.0000051
11 6 9 1 0.0001004
11 6 9 2 0.0003567
11 6 9 3 -0.0011354
11 6 9 4 -0.0012436
11 6 9 5 0.0001164
11 6 9 6 -0.0001150
11 6 9 7 -0.0010275
11 6 9 8 0.0006309
11 6 9 9 -0.0072674
11 6 10 0 0.0000018
11 6 10 1 0.0003645
11 6 10 2 0.0003809
11 6 10 3 0.0006689
11 6 10 4 0.0000282
11 6 10 5 0.0020002
11 6 10 6 0.0000593
11 6 10 7 0.0010534
11 6 10 8 0.0003683
11 6 10 9 -0.0001071
11 6 10 10 -0.0070917
11 6 11 0 -0.0002986
11 6 11 1 0.0122288
11 6 11 2 -0.0099620
11 6 11 3 0.0006953
11 6 11 4 -0.0056535
11 6 11 5 -0.0014286
11 6 11 6 0.0201373
11 6 11 7 -0.0005276
11 6 11 8 0.0000040
11 6 11 9 -0.0001347
11 6 11 10 0.0004080
11 6 11 11 -0.1454677
11 7 0 0 0.0008179
11 7 1 0 0.0000830
11 7 1 1 0.0015731
11 7 2 0 -0.0000984
11 7 2 1 -0.0008341
11 7 2 2 0.0007754
11 7 3 0 -0.0002856
11 7 3 1 -0.0008946
11 7 3 2 -0.0001258
11 7 3 3 0.0003914
11 7 4 0 -0.0000033
11 7 4 1 0.0004200
11 7 4 2 -0.0001750
11 7 4 3 0.0002543
11 7 4 4 -0.0006129
11 7 5 0 0.0000092
11 7 5 1 0.0004778
11 7 5 2 -0.0003192
11 7 5 3 0.0005057
11 7 5 4 -0.0011237
11 7 5 5 -0.0001246
11 7 6 0 0.0000666
11 7 6 1 0.0007074
11 7 6 2 -0.0005902
11 7 6 3 -0.0000957
11 7 6 4 -0.0003726
11 7 6 5 0.0001558
11 7 6 6 0.0020975
11 7 7 0 -0.0000193
11 7 7 1 -0.0000235
11 7 7 2 -0.0004882
11 7 7 3 0.0003758
11 7 7 4 -0.0008626
11 7 7 5 -0.0000279
11 7 7 6 0.0018573
11 7 7 7 0.0003396
11 7 8 0 -0.0001517
11 7 8 1 -0.0000235
11 7 8 2 0.0003328
11 7 8 3 -0.0000207
11 7 8 4 -0.0001241
11 7 8 5 -0.0002672
11 7 8 6 -0.0007210
11 7 8 7 -0.0002711
11 7 8 8 0.0003795
11 7 9 0 0.0000005
11 7 9 1 0.0007890
11 7 9 2 -0.0004422
11 7 9 3 -0.0000407
11 7 9 4 0.0001757
11 7 9 5 0.0002190
11 7 9 6 0.0007285
11 7 9 7 0.0001744
11 7 9 8 -0.0002733
11 7 9 9 0.0014843
11 7 10 0 0.0000018
11 7 10 1 -0.0009010
11 7 10 2 0.0005403
11 7 10 3 -0.0000281
11 7 10 4 -0.0003665
11 7 10 5 -0.0006267
11 7 10 6 -0.0008559
11 7 10 7 0.0000703
11 7 10 8 -0.0000472
11 7 10 9 0.0002167
11 7 10 10 0.0012904
11 7 11 0 0.0000205
11 7 11 1 0.0004954
11 7 11 2 -0.0002618
11 7 11 3 0.0002303
11 7 11 4 0.0016158
11 7 11 5 0.0017297
11 7 11 6 -0.0005276
11 7 11 7 0.0004135
11 7 11 8 0.0002643
11 7 11 9 0.0013015
11 7 11 10 -0.0015360
11 7 11 11 0.0090672
11 8 0 0 0.0003638
11 8 1 0 0.0002668
11 8 1 1 0.0004176
11 8 2 0 -0.0002140
11 8 2 1 -0.0001310
11 8 2 2 -0.0001847
11 8 3 0 0.0000845
11 8 3 1 0.0001539
11 8 3 2 0.0000084
11 8 3 3 0.0000374
11 8 4 0 0.0000473
11 8 4 1 0.0003183
11 8 4 2 -0.0001109
11 8 4 3 0.0005572
11 8 4 4 -0.0007410
11 8 5 0 0.0000739
11 8 5 1 -0.0000272
11 8 5 2 -0.0002588
11 8 5 3 0.0004288
11 8 5 4 -0.0007120
11 8 5 5 0.0001998
11 8 6 0 0.0003480
11 8 6 1 0.0003853
11 8 6 2 0.0001526
11 8 6 3 0.0002006
11 8 6 4 -0.0016460
11 8 6 5 -0.0008894
11 8 6 6 0.0019260
11 8 7 0 -0.0001268
11 8 7 1 -0.0001428
11 8 7 2 0.0003167
11 8 7 3 0.0002291
11 8 7 4 -0.0003065
11 8 7 5 -0.0004700
11 8 7 6 -0.0010613
11 8 7 7 0.0002104
11 8 8 0 -0.0003751
11 8 8 1 -0.0005964
11 8 8 2 0.0004389
11 8 8 3 0.0000893
11 8 8 4 -0.0004083
11 8 8 5 -0.0005442
11 8 8 6 -0.0008895
11 8 8 7 -0.0002812
11 8 8 8 -0.0001526
11 8 9 0 -0.0000059
11 8 9 1 -0.0003543
11 8 9 2 0.0002612
11 8 9 3 -0.0003076
11 8 9 4 -0.0000159
11 8 9 5 0.0001183
11 8 9 6 -0.0002114
11 8 9 7 0.0000756
11 8 9 8 -0.0000517
11 8 9 9 -0.0009475
11 8 10 0 -0.0000017
11 8 10 1 -0.0002090
11 8 10 2 0.0003442
11 8 10 3 0.0002316
11 8 10 4 -0.0000522
11 8 10 5 0.0001723
11 8 10 6 -0.0001755
11 8 10 7 -0.0001790
11 8 10 8 -0.0001524
11 8 10 9 0.0000251
11 8 10 10 -0.0011266
11 8 11 0 -0.0000034
11 8 11 1 0.0023044
11 8 11 2 -0.0014460
11 8 11 3 -0.0001774
11 8 11 4 0.0008975
11 8 11 5 0.0014392
11 8 11 6 0.0000040
11 8 11 7 0.0002643
11 8 11 8 0.0001376
11 8 11 9 -0.0005251
11 8 11 10 -0.0004070
11 8 11 11 -0.0179323
11 9 0 0 -0.0000009
11 9 1 0 -0.0000129
11 9 1 1 -0.0002637
11 9 2 0 -0.0000321
11 9 2 1 -0.0003596
11 9 2 2 -0.0001745
11 9 3 0 0.0001239
11 9 3 1 0.0015107
11 9 3 2 0.0007429
11 9 3 3 -0.0003823
11 9 4 0 0.0000676
11 9 4 1 0.0007081
11 9 4 2 -0.0001402
11 9 4 3 -0.0004286
11 9 4 4 0.0029217
11 9 5 0 -0.0000926
11 9 5 1 -0.0006298
11 9 5 2 -0.0001920
11 9 5 3 -0.0006188
11 9 5 4 0.0024853
11 9 5 5 0.0030074
11 9 6 0 0.0000136
11 9 6 1 -0.0000041
11 9 6 2 0.0000210
11 9 6 3 0.0000848
11 9 6 4 0.0002314
11 9 6 5 0.0004746
11 9 6 6 -0.0001662
11 9 7 0 0.0001389
11 9 7 1 0.0005778
11 9 7 2 -0.0005534
11 9 7 3 0.0001047
11 9 7 4 0.0006875
11 9 7 5 -0.0000174
11 9 7 6 -0.0004056
11 9 7 7 0.0003202
11 9 8 0 -0.0001058
11 9 8 1 -0.0004089
11 9 8 2 0.0002936
11 9 8 3 -0.0008818
11 9 8 4 0.0000964
11 9 8 5 0.0001976
11 9 8 6 0.0004214
11 9 8 7 0.0006916
11 9 8 8 -0.0009983
11 9 9 0 -0.0000046
11 9 9 1 0.0016511
11 9 9 2 -0.0016652
11 9 9 3 0.0002688
11 9 9 4 -0.0014423
11 9 9 5 -0.0008011
11 9 9 6 0.0028483
11 9 9 7 -0.0001726
11 9 9 8 0.0005267
11 9 9 9 0.0000005
11 9 10 0 -0.0000007
11 9 10 1 -0.0000954
11 9 10 2 0.0000486
11 9 10 3 -0.0001500
11 9 10 4 0.0013918
11 9 10 5 0.0013707
11 9 10 6 -0.0000984
11 9 10 7 0.0001913
11 9 10 8 0.0000002
11 9 10 9 0.0000000
11 9 10 10 0.0000007
11 9 11 0 -0.0000024
11 9 11 1 -0.0003204
11 9 11 2 -0.0004772
11 9 11 3 0.0017293
11 9 11 4 0.0029221
11 9 11 5 0.0009298
11 9 11 6 -0.0001347
11 9 11 7 0.0013015
11 9 11 8 -0.0005251
11 9 11 9 0.0145241
11 9 11 10 -0.0000000
11 9 11 11 0.0000087
11 10 0 0 -0.0000014
11 10 1 0 -0.0000262
11 10 1 1 -0.0004332
11 10 2 0 -0.0000561
11 10 2 1 -0.0007452
11 10 2 2 -0.0003774
11 10 3 0 -0.0000837
11 10 3 1 -0.0010287
11 10 3 2 -0.0005652
11 10 3 3 -0.0005754
11 10 4 0 0.0001401
11 10 4 1 0.0009442
11 10 4 2 0.0004447
11 10 4 3 0.0007293
11 10 4 4 -0.0049592
11 10 5 0 -0.0000905
11 10 5 1 -0.0009546
11 10 5 2 0.0003833
11 10 5 3 0.0008941
11 10 5 4 -0.0054905
11 10 5 5 -0.0046399
11 10 6 0 0.0000211
11 10 6 1 0.0001542
11 10 6 2 -0.0000975
11 10 6 3 -0.0000371
11 10 6 4 -0.0008358
11 10 6 5 -0.0004808
11 10 6 6 -0.0000003
11 10 7 0 -0.0001315
11 10 7 1 -0.0005284
11 10 7 2 0.0006045
11 10 7 3 0.0008321
11 10 7 4 -0.0008487
11 10 7 5 -0.0003854
11 10 7 6 0.0003599
11 10 7 7 -0.0007164
11 10 8 0 -0.0000465
11 10 8 1 -0.0001601
11 10 8 2 0.0001423
11 10 8 3 0.0003881
11 10 8 4 -0.0001214
11 10 8 5 -0.0004234
11 10 8 6 0.0002180
11 10 8 7 -0.0006994
11 10 8 8 -0.0003437
11 10 9 0 -0.0000007
11 10 9 1 -0.0000954
11 10 9 2 0.0000486
11 10 9 3 -0.0001499
11 10 9 4 0.0013919
11 10 9 5 0.0013710
11 10 9 6 -0.0000985
11 10 9 7 0.0001914
11 10 9 8 0.0000002
11 10 9 9 -0.0000000
11 10 10 0 -0.0000050
11 10 10 1 0.0017973
11 10 10 2 -0.0016738
11 10 10 3 0.0003595
11 10 10 4 -0.0033469
11 10 10 5 -0.0026633
11 10 10 6 0.0030315
11 10 10 7 -0.0002699
11 10 10 8 0.0002902
11 10 10 9 -0.0000001
11 10 10 10 -0.0000000
11 10 11 0 -0.0000038
11 10 11 1 -0.0000519
11 10 11 2 -0.0009400
11 10 11 3 -0.0008666
11 10 11 4 -0.0022073
11 10 11 5 -0.0049330
11 10 11 6 0.0004080
11 10 11 7 -0.0015360
11 10 11 8 -0.0004070
11 10 11 9 -0.0000000
11 10 11 10 0.0145241
11 10 11 11 -0.0000002
11 11 0 0 0.3754825
11 11 1 0 0.0027039
11 11 1 1 0.6192285
11 11 2 0 -0.0044233
11 11 2 1 -0.2069106
11 11 2 2 0.4223848
11 11 3 0 0.0001403
11 11 3 1 0.0023376
11 11 3 2 -0.0014686
11 11 3 3 0.3052013
11 11 4 0 -0.0013148
11 11 4 1 -0.0162625
11 11 4 2 -0.0012788
11 11 4 3 -0.0051933
11 11 4 4 0.4233125
11 11 5 0 0.0026063
11 11 5 1 0.0452519
11 11 5 2 -0.0175509
11 11 5 3 -0.0064693
11 11 5 4 0.0847335
11 11 5 5 0.4395047
11 11 6 0 -0.0107959
11 11 6 1 0.1715980
11 11 6 2 -0.1916467
11 11 6 3 0.0037806
11 11 6 4 -0.0270572
11 11 6 5 0.0410003
11 11 6 6 0.6357191
11 11 7 0 -0.0021237
11 11 7 1 0.0137150
11 11 7 2 0.0010500
11 11 7 3 0.0563576
11 11 7 4 0.0208768
11 11 7 5 0.0365425
11 11 7 6 0.0161134
11 11 7 7 0.3150894
11 11 8 0 -0.0065745
11 11 8 1 0.0342098
11 11 8 2 0.0018875
11 11 8 3 -0.0185871
11 11 8 4 -0.0167095
11 11 8 5 0.0281822
11 11 8 6 0.0420403
11 11 8 7 -0.0066621
11 11 8 8 0.2833518
11 11 9 0 -0.0000496
11 11 9 1 -0.0083841
11 11 9 2 -0.0126103
11 11 9 3 0.0457907
11 11 9 4 0.0759375
11 11 9 5 0.0250161
11 11 9 6 -0.0039415
11 11 9 7 0.0302435
11 11 9 8 -0.0106947
11 11 9 9 0.8418913
11 11 10 0 -0.0000795
11 11 10 1 -0.0014020
11 11 10 2 -0.0248323
11 11 10 3 -0.0230908
11 11 10 4 -0.0586529
11 11 10 5 -0.1281872
11 11 10 6 0.0098948
11 11 10 7 -0.0363684
11 11 10 8 -0.0091634
11 11 10 9 -0.0000000
11 11 10 10 0.8418914
11 11 11 0 0.0044253
11 11 11 1 -0.0753733
11 11 11 2 0.0809373
11 11 11 3 -0.0138260
11 11 11 4 0.1050469
11 11 11 5 0.0705448
11 11 11 6 -0.1454677
11 11 11 7 0.0090672
11 11 11 8 -0.0179323
11 11 11 9 0.0000087
11 11 11 10 -0.0000002
11 11 11 11 3.5030037
12 0 0 0 -0.0090953
12 0 1 0 0.0004326
12 0 1 1 -0.0012211
12 0 2 0 0.0003239
12 0 2 1 -0.0006841
12 0 2 2 -0.0014081
12 0 3 0 -0.0000240
12 0 3 1 0.0000192
12 0 3 2 0.0000050
12 0 3 3 -0.0017854
12 0 4 0 0.0001956
12 0 4 1 -0.0001073
12 0 4 2 0.0000528
12 0 4 3 -0.0001111
12 0 4 4 -0.0007426
12 0 5 0 -0.0002343
12 0 5 1 0.0001948
12 0 5 2 -0.0000938
12 0 5 3 -0.0001137
12 0 5 4 0.0018259
12 0 5 5 -0.0007483
12 0 6 0 -0.0003149
12 0 6 1 0.0015442
12 0 6 2 -0.0005825
12 0 6 3 0.0000154
12 0 6 4 -0.0001334
12 0 6 5 0.0001510
12 0 6 6 -0.0019141
12 0 7 0 0.0001264
12 0 7 1 -0.0000693
12 0 7 2 -0.0003178
12 0 7 3 -0.0009155
12 0 7 4 0.0002381
12 0 7 5 0.0001822
12 0 7 6 -0.0000358
12 0 7 7 -0.0021880
12 0 8 0 0.0004201
12 0 8 1 -0.0002394
12 0 8 2 -0.0008452
12 0 8 3 0.0003205
12 0 8 4 0.0001653
12 0 8 5 -0.0000254
12 0 8 6 -0.0001178
12 0 8 7 0.0000474
12 0 8 8 -0.0020736
12 0 9 0 -0.0000007
12 0 9 1 -0.0000280
12 0 9 2 -0.0000768
12 0 9 3 0.0002959
12 0 9 4 0.0001699
12 0 9 5 -0.0001474
12 0 9 6 0.0000145
12 0 9 7 0.0001962
12 0 9 8 -0.0001345
12 0 9 9 0.0012689
12 0 10 0 -0.0000012
12 0 10 1 -0.0000479
12 0 10 2 -0.0001375
12 0 10 3 -0.0001948
12 0 10 4 0.0002019
12 0 10 5 -0.0002515
12 0 10 6 0.0000314
12 0 10 7 -0.0001854
12 0 10 8 -0.0000560
12 0 10 9 -0.0000020
12 0 10 10 0.0012679
12 0 11 0 0.0000146
12 0 11 1 0.0000476
12 0 11 2 0.0000132
12 0 11 3 -0.0000027
12 0 11 4 0.0000188
12 0 11 5 0.0000067
12 0 11 6 -0.0000460
12 0 11 7 -0.0000071
12 0 11 8 -0.0000278
12 0 11 9 0.0000004
12 0 11 10 0.0000005
12 0 11 11 0.0016394
12 0 12 0 0.0000426
12 0 12 1 0.0004627
12 0 12 2 -0.0002101
12 0 12 3 -0.0000219
12 0 12 4 0.0001790
12 0 12 5 0.0002161
12 0 12 6 0.0001573
12 0 12 7 0.0000401
12 0 12 8 0.0000178
12 0 12 9 -0.0000175
12 0 12 10 -0.0000283
12 0 12 11 -0.0000149
12 0 12 12 0.0020220
12 1 0 0 -0.0391426
12 1 1 0 -0.0003358
12 1 1 1 -0.0377347
12 1 2 0 0.0006311
12 1 2 1 0.0047917
12 1 2 2 -0.0254827
12 1 3 0 -0.0000383
12 1 3 1 -0.0002681
12 1 3 2 0.0003353
12 1 3 3 -0.0245073
12 1 4 0 0.0003423
12 1 4 1 0.0026379
12 1 4 2 -0.0012982
12 1 4 3 -0.0027711
12 1 4 4 -0.0038933
12 1 5 0 -0.0003448
12 1 5 1 0.0019665
12 1 5 2 -0.0032402
12 1 5 3 -0.0026878
12 1 5 4 0.0264793
12 1 5 5 -0.0030379
12 1 6 0 0.0015004
12 1 6 1 0.0108856
12 1 6 2 0.0005466
12 1 6 3 -0.0003244
12 1 6 4 0.0028662
12 1 6 5 0.0021141
12 1 6 6 -0.0335061
12 1 7 0 0.0002994
12 1 7 1 0.0000811
12 1 7 2 -0.0021035
12 1 7 3 -0.0080019
12 1 7 4 0.0047546
12 1 7 5 0.0034731
12 1 7 6 0.0000758
12 1 7 7 -0.0260088
12 1 8 0 0.0009080
12 1 8 1 -0.0011558
12 1 8 2 -0.0040375
12 1 8 3 0.0022918
12 1 8 4 0.0036237
12 1 8 5 -0.0008300
12 1 8 6 -0.0009948
12 1 8 7 0.0014479
12 1 8 8 -0.0232402
12 1 9 0 -0.0000198
12 1 9 1 0.0000096
12 1 9 2 -0.0014611
12 1 9 3 0.0052314
12 1 9 4 -0.0006646
12 1 9 5 -0.0058279
12 1 9 6 0.0009336
12 1 9 7 0.0031585
12 1 9 8 -0.0027515
12 1 9 9 -0.0011702
12 1 10 0 -0.0000335
12 1 10 1 -0.0012824
12 1 10 2 -0.0021990
12 1 10 3 -0.0039471
12 1 10 4 0.0093641
12 1 10 5 0.0015751
12 1 10 6 0.0002761
12 1 10 7 -0.0025155
12 1 10 8 -0.0008187
12 1 10 9 -0.0004617
12 1 10 10 -0.0004998
12 1 11 0 0.0001748
12 1 11 1 -0.0011875
12 1 11 2 0.0022265
12 1 11 3 -0.0000320
12 1 11 4 0.0004289
12 1 11 5 -0.0006134
12 1 11 6 -0.0050314
12 1 11 7 -0.0002806
12 1 11 8 -0.0008198
12 1 11 9 0.0001804
12 1 11 10 -0.0002339
12 1 11 11 0.0275876
12 1 12 0 0.0004627
12 1 12 1 0.0289638
12 1 12 2 -0.0179839
12 1 12 3 -0.0006089
12 1 12 4 0.0054918
12 1 12 5 0.0108922
12 1 12 6 0.0231123
12 1 12 7 0.0024032
12 1 12 8 0.0026806
12 1 12 9 -0.0011452
12 1 12 10 -0.0019177
12 1 12 11 0.0021295
12 1 12 12 0.0565696
12 2 0 0 0.0177610
12 2 1 0 0.0001690
12 2 1 1 0.0228753
12 2 2 0 -0.0004698
12 2 2 1 -0.0066319
12 2 2 2 0.0133084
12 2 3 0 0.0000104
12 2 3 1 0.0002862
12 2 3 2 -0.0003438
12 2 3 3 0.0104694
12 2 4 0 -0.0000384
12 2 4 1 -0.0022350
12 2 4 2 0.0016670
12 2 4 3 0.0007831
12 2 4 4 0.0047853
12 2 5 0 0.0000449
12 2 5 1 -0.0016683
12 2 5 2 0.0016920
12 2 5 3 0.0008087
12 2 5 4 -0.0095795
12 2 5 5 0.0044907
12 2 6 0 -0.0008700
12 2 6 1 -0.0020587
12 2 6 2 -0.0028200
12 2 6 3 0.0003887
12 2 6 4 -0.0032136
12 2 6 5 -0.0012393
12 2 6 6 0.0198552
12 2 7 0 -0.0002504
12 2 7 1 -0.0002149
12 2 7 2 0.0009662
12 2 7 3 0.0040728
12 2 7 4 -0.0018048
12 2 7 5 -0.0010667
12 2 7 6 0.0001526
12 2 7 7 0.0115564
12 2 8 0 -0.0006857
12 2 8 1 0.0005959
12 2 8 2 0.0014181
12 2 8 3 -0.0011671
12 2 8 4 -0.0016885
12 2 8 5 0.0005662
12 2 8 6 0.0013280
12 2 8 7 -0.0008712
12 2 8 8 0.0096999
12 2 9 0 -0.0000198
12 2 9 1 0.0003080
12 2 9 2 0.0001003
12 2 9 3 -0.0018696
12 2 9 4 -0.0000899
12 2 9 5 0.0021609
12 2 9 6 0.0005256
12 2 9 7 -0.0014398
12 2 9 8 0.0013909
12 2 9 9 0.0083429
12 2 10 0 -0.0000365
12 2 10 1 0.0010736
12 2 10 2 0.0000553
12 2 10 3 0.0017059
12 2 10 4 -0.0057491
12 2 10 5 -0.0023200
12 2 10 6 0.0015293
12 2 10 7 0.0009111
12 2 10 8 0.0005608
12 2 10 9 0.0001623
12 2 10 10 0.0082752
12 2 11 0 -0.0000881
12 2 11 1 0.0013301
12 2 11 2 -0.0016787
12 2 11 3 0.0000693
12 2 11 4 -0.0005398
12 2 11 5 0.0001492
12 2 11 6 0.0036223
12 2 11 7 0.0001201
12 2 11 8 0.0003998
12 2 11 9 0.0000569
12 2 11 10 0.0001911
12 2 11 11 -0.0102186
12 2 12 0 -0.0002101
12 2 12 1 -0.0179839
12 2 12 2 0.0122788
12 2 12 3 0.0004435
12 2 12 4 -0.0041672
12 2 12 5 -0.0060802
12 2 12 6 -0.0158012
12 2 12 7 -0.0014037
12 2 12 8 -0.0015755
12 2 12 9 -0.0030919
12 2 12 10 -0.0055643
12 2 12 11 -0.0015020
12 2 12 12 -0.0286719
12 3 0 0 -0.0010923
12 3 1 0 -0.0000235
12 3 1 1 -0.0027263
12 3 2 0 0.0000193
12 3 2 1 0.0013324
12 3 2 2 -0.0016399
12 3 3 0 -0.0003345
12 3 3 1 -0.0012621
12 3 3 2 -0.0013514
12 3 3 3 -0.0003107
12 3 4 0 -0.0000007
12 3 4 1 -0.0014327
12 3 4 2 0.0004265
12 3 4 3 -0.0013452
12 3 4 4 0.0070108
12 3 5 0 -0.0000130
12 3 5 1 -0.0017194
12 3 5 2 0.0005749
12 3 5 3 -0.0008184
12 3 5 4 0.0071949
12 3 5 5 0.0053383
12 3 6 0 0.0000683
12 3 6 1 -0.0010704
12 3 6 2 0.0012393
12 3 6 3 0.0006199
12 3 6 4 -0.0013299
12 3 6 5 -0.0016734
12 3 6 6 -0.0027400
12 3 7 0 -0.0004537
12 3 7 1 -0.0011023
12 3 7 2 0.0002327
12 3 7 3 -0.0003860
12 3 7 4 0.0007358
12 3 7 5 0.0015642
12 3 7 6 0.0007767
12 3 7 7 -0.0010537
12 3 8 0 0.0001879
12 3 8 1 -0.0000718
12 3 8 2 -0.0000166
12 3 8 3 0.0004843
12 3 8 4 0.0005130
12 3 8 5 -0.0001080
12 3 8 6 -0.0006828
12 3 8 7 -0.0007611
12 3 8 8 0.0000330
12 3 9 0 0.0000983
12 3 9 1 -0.0006892
12 3 9 2 0.0014834
12 3 9 3 -0.0004615
12 3 9 4 -0.0002956
12 3 9 5 -0.0003225
12 3 9 6 -0.0028070
12 3 9 7 -0.0003971
12 3 9 8 -0.0002855
12 3 9 9 -0.0051976
12 3 10 0 -0.0000642
12 3 10 1 0.0001134
12 3 10 2 -0.0004794
12 3 10 3 -0.0001969
12 3 10 4 0.0028065
12 3 10 5 0.0037034
12 3 10 6 0.0013472
12 3 10 7 0.0007921
12 3 10 8 0.0004625
12 3 10 9 -0.0007453
12 3 10 10 -0.0044868
12 3 11 0 -0.0000101
12 3 11 1 0.0001622
12 3 11 2 -0.0001161
12 3 11 3 0.0000731
12 3 11 4 -0.0013720
12 3 11 5 -0.0012337
12 3 11 6 0.0003202
12 3 11 7 -0.0000753
12 3 11 8 -0.0000537
12 3 11 9 -0.0000666
12 3 11 10 -0.0002625
12 3 11 11 -0.0091666
12 3 12 0 -0.0000219
12 3 12 1 -0.0006089
12 3 12 2 0.0004435
12 3 12 3 0.0024512
12 3 12 4 -0.0019211
12 3 12 5 -0.0020685
12 3 12 6 -0.0003892
12 3 12 7 0.0010001
12 3 12 8 -0.0005244
12 3 12 9 0.0121027
12 3 12 10 -0.0079958
12 3 12 11 0.0010334
12 3 12 12 -0.0061764
12 4 0 0 0.0078899
12 4 1 0 0.0001919
12 4 1 1 0.0215783
12 4 2 0 -0.0000869
12 4 2 1 -0.0105233
12 4 2 2 0.0121285
12 4 3 0 -0.0000010
12 4 3 1 -0.0011010
12 4 3 2 -0.0008020
12 4 3 3 0.0045566
12 4 4 0 -0.0002763
12 4 4 1 0.0016080
12 4 4 2 -0.0009110
12 4 4 3 0.0044955
12 4 4 4 -0.0149450
12 4 5 0 0.0004946
12 4 5 1 0.0062772
12 4 5 2 -0.0014617
12 4 5 3 0.0036261
12 4 5 4 -0.0197858
12 4 5 5 -0.0121447
12 4 6 0 -0.0005151
12 4 6 1 0.0096299
12 4 6 2 -0.0102203
12 4 6 3 -0.0008966
12 4 6 4 0.0016529
12 4 6 5 0.0033403
12 4 6 6 0.0221696
12 4 7 0 0.0000116
12 4 7 1 0.0019347
12 4 7 2 0.0003963
12 4 7 3 0.0028532
12 4 7 4 -0.0024087
12 4 7 5 -0.0015580
12 4 7 6 0.0009291
12 4 7 7 0.0042816
12 4 8 0 -0.0000765
12 4 8 1 0.0023598
12 4 8 2 0.0000249
12 4 8 3 0.0002903
12 4 8 4 -0.0020931
12 4 8 5 0.0004169
12 4 8 6 0.0016477
12 4 8 7 -0.0011417
12 4 8 8 0.0053008
12 4 9 0 0.0000493
12 4 9 1 -0.0030310
12 4 9 2 0.0007815
12 4 9 3 0.0023257
12 4 9 4 0.0119238
12 4 9 5 0.0064032
12 4 9 6 -0.0038138
12 4 9 7 0.0029865
12 4 9 8 -0.0013268
12 4 9 9 0.0421701
12 4 10 0 0.0000655
12 4 10 1 0.0027246
12 4 10 2 -0.0029909
12 4 10 3 0.0001159
12 4 10 4 -0.0111529
12 4 10 5 -0.0156043
12 4 10 6 0.0020915
12 4 10 7 -0.0032849
12 4 10 8 -0.0009215
12 4 10 9 0.0064614
12 4 10 10 0.0333691
12 4 11 0 0.0000841
12 4 11 1 -0.0007890
12 4 11 2 0.0008730
12 4 11 3 -0.0009553
12 4 11 4 0.0029031
12 4 11 5 0.0020318
12 4 11 6 -0.0020389
12 4 11 7 -0.0000648
12 4 11 8 -0.0001989
12 4 11 9 -0.0021759
12 4 11 10 0.0035757
12 4 11 11 0.0729644
12 4 12 0 0.0001790
12 4 12 1 0.0054918
12 4 12 2 -0.0041672
12 4 12 3 -0.0019211
12 4 12 4 0.0194223
12 4 12 5 0.0176381
12 4 12 6 0.0036076
12 4 12 7 0.0034133
12 4 12 8 0.0004811
12 4 12 9 0.0070500
12 4 12 10 0.0076600
12 4 12 11 -0.0081287
12 4 12 12 0.0501031
12 5 0 0 0.0056590
12 5 1 0 0.0000407
12 5 1 1 0.0148998
12 5 2 0 -0.0002331
12 5 2 1 -0.0088601
12 5 2 2 0.0080626
12 5 3 0 0.0000075
12 5 3 1 -0.0010361
12 5 3 2 -0.0007593
12 5 3 3 0.0025110
12 5 4 0 0.0003534
12 5 4 1 0.0033525
12 5 4 2 -0.0003321
12 5 4 3 0.0033215
12 5 4 4 -0.0109104
12 5 5 0 -0.0001214
12 5 5 1 0.0040446
12 5 5 2 -0.0016493
12 5 5 3 0.0025174
12 5 5 4 -0.0156620
12 5 5 5 -0.0069100
12 5 6 0 -0.0001649
12 5 6 1 0.0089420
12 5 6 2 -0.0080802
12 5 6 3 -0.0008946
12 5 6 4 0.0004467
12 5 6 5 0.0037150
12 5 6 6 0.0167803
12 5 7 0 -0.0000656
12 5 7 1 0.0016041
12 5 7 2 0.0004014
12 5 7 3 0.0030011
12 5 7 4 -0.0014598
12 5 7 5 -0.0008833
12 5 7 6 0.0010732
12 5 7 7 0.0027584
12 5 8 0 -0.0003385
12 5 8 1 0.0013133
12 5 8 2 -0.0001289
12 5 8 3 0.0001281
12 5 8 4 -0.0009939
12 5 8 5 0.0001805
12 5 8 6 0.0023635
12 5 8 7 -0.0013307
12 5 8 8 0.0027933
12 5 9 0 -0.0000557
12 5 9 1 -0.0019188
12 5 9 2 -0.0006811
12 5 9 3 0.0029429
12 5 9 4 0.0073894
12 5 9 5 0.0025251
12 5 9 6 -0.0003855
12 5 9 7 0.0025743
12 5 9 8 -0.0012350
12 5 9 9 0.0370125
12 5 10 0 -0.0000850
12 5 10 1 0.0037129
12 5 10 2 -0.0049352
12 5 10 3 0.0000936
12 5 10 4 -0.0110123
12 5 10 5 -0.0147091
12 5 10 6 0.0063105
12 5 10 7 -0.0031810
12 5 10 8 -0.0003278
12 5 10 9 0.0063533
12 5 10 10 0.0283950
12 5 11 0 0.0000987
12 5 11 1 -0.0012519
12 5 11 2 0.0013631
12 5 11 3 -0.0008484
12 5 11 4 0.0022208
12 5 11 5 0.0009856
12 5 11 6 -0.0030233
12 5 11 7 -0.0002964
12 5 11 8 -0.0004432
12 5 11 9 -0.0018268
12 5 11 10 0.0039473
12 5 11 11 0.0727276
12 5 12 0 0.0002161
12 5 12 1 0.0108922
12 5 12 2 -0.0060802
12 5 12 3 -0.0020685
12 5 12 4 0.0176381
12 5 12 5 0.0218421
12 5 12 6 0.0080789
12 5 12 7 0.0041107
12 5 12 8 0.0019944
12 5 12 9 -0.0054012
12 5 12 10 -0.0100979
12 5 12 11 -0.0075449
12 5 12 12 0.0553145
12 6 0 0 -0.0102295
12 6 1 0 -0.0000753
12 6 1 1 -0.0226531
12 6 2 0 0.0001282
12 6 2 1 0.0088181
12 6 2 2 -0.0134454
12 6 3 0 -0.0000022
12 6 3 1 -0.0003781
12 6 3 2 0.0004442
12 6 3 3 -0.0083584
12 6 4 0 0.0000110
12 6 4 1 0.0033882
12 6 4 2 -0.0025298
12 6 4 3 -0.0013431
12 6 4 4 -0.0013651
12 6 5 0 -0.0000050
12 6 5 1 0.0012049
12 6 5 2 -0.0016928
12 6 5 3 -0.0013332
12 6 5 4 0.0088754
12 6 5 5 -0.0009412
12 6 6 0 0.0004487
12 6 6 1 -0.0039391
12 6 6 2 0.0057828
12 6 6 3 -0.0004446
12 6 6 4 0.0040435
12 6 6 5 0.0015305
12 6 6 6 -0.0190271
12 6 7 0 0.0000895
12 6 7 1 0.0001908
12 6 7 2 -0.0004973
12 6 7 3 -0.0021763
12 6 7 4 0.0016744
12 6 7 5 0.0011998
12 6 7 6 -0.0000023
12 6 7 7 -0.0085833
12 6 8 0 0.0002400
12 6 8 1 -0.0007046
12 6 8 2 0.0000309
12 6 8 3 0.0004112
12 6 8 4 0.0015057
12 6 8 5 -0.0000713
12 6 8 6 -0.0013584
12 6 8 7 0.0005719
12 6 8 8 -0.0078205
12 6 9 0 0.0000004
12 6 9 1 0.0003439
12 6 9 2 -0.0002585
12 6 9 3 0.0009889
12 6 9 4 -0.0026781
12 6 9 5 -0.0034015
12 6 9 6 0.0004440
12 6 9 7 0.0004718
12 6 9 8 -0.0008880
12 6 9 9 -0.0185449
12 6 10 0 0.0000025
12 6 10 1 -0.0007682
12 6 10 2 0.0000235
12 6 10 3 -0.0012232
12 6 10 4 0.0066891
12 6 10 5 0.0051739
12 6 10 6 -0.0007548
12 6 10 7 0.0000576
12 6 10 8 -0.0001195
12 6 10 9 -0.0005104
12 6 10 10 -0.0177212
12 6 11 0 0.0000797
12 6 11 1 -0.0023290
12 6 11 2 0.0025995
12 6 11 3 -0.0000181
12 6 11 4 0.0003675
12 6 11 5 -0.0006201
12 6 11 6 -0.0050010
12 6 11 7 -0.0002692
12 6 11 8 -0.0008162
12 6 11 9 0.0001770
12 6 11 10 -0.0003524
12 6 11 11 0.0081941
12 6 12 0 0.0001573
12 6 12 1 0.0231123
12 6 12 2 -0.0158012
12 6 12 3 -0.0003892
12 6 12 4 0.0036076
12 6 12 5 0.0080789
12 6 12 6 0.0221202
12 6 12 7 0.0019280
12 6 12 8 0.0025552
12 6 12 9 0.0002620
12 6 12 10 0.0007837
12 6 12 11 0.0018947
12 6 12 12 0.0306207
12 7 0 0 0.0007133
12 7 1 0 -0.0000027
12 7 1 1 0.0022645
12 7 2 0 -0.0000758
12 7 2 1 -0.0014532
12 7 2 2 0.0011773
12 7 3 0 -0.0003719
12 7 3 1 -0.0012730
12 7 3 2 -0.0005914
12 7 3 3 0.0005455
12 7 4 0 0.0000721
12 7 4 1 0.0002244
12 7 4 2 0.0000275
12 7 4 3 -0.0002186
12 7 4 4 0.0011968
12 7 5 0 -0.0000086
12 7 5 1 0.0003333
12 7 5 2 -0.0001260
12 7 5 3 0.0006108
12 7 5 4 0.0003099
12 7 5 5 0.0011856
12 7 6 0 -0.0000328
12 7 6 1 0.0015795
12 7 6 2 -0.0012238
12 7 6 3 0.0006854
12 7 6 4 -0.0005057
12 7 6 5 0.0001039
12 7 6 6 0.0026138
12 7 7 0 -0.0005663
12 7 7 1 -0.0010478
12 7 7 2 -0.0001914
12 7 7 3 0.0002744
12 7 7 4 -0.0003461
12 7 7 5 0.0009246
12 7 7 6 0.0012496
12 7 7 7 0.0004287
12 7 8 0 0.0000810
12 7 8 1 0.0004614
12 7 8 2 -0.0000909
12 7 8 3 -0.0001173
12 7 8 4 0.0000855
12 7 8 5 -0.0001648
12 7 8 6 -0.0000179
12 7 8 7 -0.0003583
12 7 8 8 0.0005075
12 7 9 0 0.0000625
12 7 9 1 -0.0004939
12 7 9 2 0.0005199
12 7 9 3 0.0004277
12 7 9 4 0.0019207
12 7 9 5 0.0006368
12 7 9 6 -0.0018267
12 7 9 7 0.0004454
12 7 9 8 -0.0004531
12 7 9 9 0.0056746
12 7 10 0 -0.0000609
12 7 10 1 0.0005308
12 7 10 2 -0.0011454
12 7 10 3 -0.0000227
12 7 10 4 -0.0010809
12 7 10 5 -0.0014924
12 7 10 6 0.0020049
12 7 10 7 -0.0002972
12 7 10 8 0.0001089
12 7 10 9 0.0010372
12 7 10 10 0.0047004
12 7 11 0 0.0000197
12 7 11 1 -0.0002741
12 7 11 2 0.0002838
12 7 11 3 0.0000350
12 7 11 4 -0.0002061
12 7 11 5 -0.0004483
12 7 11 6 -0.0006369
12 7 11 7 -0.0004559
12 7 11 8 0.0000673
12 7 11 9 -0.0005219
12 7 11 10 0.0008485
12 7 11 11 0.0130964
12 7 12 0 0.0000401
12 7 12 1 0.0024032
12 7 12 2 -0.0014037
12 7 12 3 0.0010001
12 7 12 4 0.0034133
12 7 12 5 0.0041107
12 7 12 6 0.0019280
12 7 12 7 0.0017257
12 7 12 8 0.0001154
12 7 12 9 0.0067018
12 7 12 10 -0.0062581
12 7 12 11 -0.0013675
12 7 12 12 0.0102351
12 8 0 0 -0.0019481
12 8 1 0 -0.0000554
12 8 1 1 -0.0032204
12 8 2 0 -0.0000863
12 8 2 1 0.0009741
12 8 2 2 -0.0019060
12 8 3 0 0.0001193
12 8 3 1 0.0002441
12 8 3 2 0.0001557
12 8 3 3 -0.0008889
12 8 4 0 0.0001812
12 8 4 1 0.0011197
12 8 4 2 -0.0001066
12 8 4 3 0.0002408
12 8 4 4 -0.0022361
12 8 5 0 -0.0001710
12 8 5 1 -0.0001798
12 8 5 2 -0.0002471
12 8 5 3 -0.0000816
12 8 5 4 -0.0008058
12 8 5 5 -0.0016210
12 8 6 0 0.0000763
12 8 6 1 -0.0003216
12 8 6 2 0.0011008
12 8 6 3 -0.0003692
12 8 6 4 0.0001890
12 8 6 5 0.0007016
12 8 6 6 -0.0029800
12 8 7 0 0.0001240
12 8 7 1 0.0002702
12 8 7 2 -0.0001301
12 8 7 3 -0.0005301
12 8 7 4 0.0000879
12 8 7 5 -0.0004258
12 8 7 6 -0.0002832
12 8 7 7 -0.0009624
12 8 8 0 -0.0001974
12 8 8 1 -0.0008120
12 8 8 2 -0.0005801
12 8 8 3 0.0003087
12 8 8 4 0.0003377
12 8 8 5 -0.0001753
12 8 8 6 0.0001606
12 8 8 7 -0.0000611
12 8 8 8 -0.0010792
12 8 9 0 -0.0000444
12 8 9 1 -0.0000482
12 8 9 2 -0.0002713
12 8 9 3 0.0000470
12 8 9 4 -0.0009092
12 8 9 5 -0.0007733
12 8 9 6 0.0009673
12 8 9 7 -0.0000470
12 8 9 8 -0.0000125
12 8 9 9 -0.0026015
12 8 10 0 -0.0000186
12 8 10 1 0.0001031
12 8 10 2 -0.0001992
12 8 10 3 0.0001041
12 8 10 4 -0.0002022
12 8 10 5 -0.0001285
12 8 10 6 0.0005353
12 8 10 7 -0.0000656
12 8 10 8 0.0000150
12 8 10 9 0.0001340
12 8 10 10 -0.0034104
12 8 11 0 0.0000115
12 8 11 1 -0.0004219
12 8 11 2 0.0002304
12 8 11 3 -0.0000763
12 8 11 4 0.0001138
12 8 11 5 -0.0000834
12 8 11 6 -0.0007457
12 8 11 7 0.0001389
12 8 11 8 0.0001956
12 8 11 9 -0.0000093
12 8 11 10 0.0002152
12 8 11 11 0.0004539
12 8 12 0 0.0000178
12 8 12 1 0.0026806
12 8 12 2 -0.0015755
12 8 12 3 -0.0005244
12 8 12 4 0.0004811
12 8 12 5 0.0019944
12 8 12 6 0.0025552
12 8 12 7 0.0001154
12 8 12 8 0.0006269
12 8 12 9 -0.0044109
12 8 12 10 -0.0018015
12 8 12 11 0.0000825
12 8 12 12 0.0026103
12 9 0 0 -0.0000097
12 9 1 0 -0.0001482
12 9 1 1 -0.0009946
12 9 2 0 -0.0003463
12 9 2 1 -0.0032386
12 9 2 2 -0.0027140
12 9 3 0 0.0013316
12 9 3 1 0.0116192
12 9 3 2 0.0083699
12 9 3 3 -0.0039856
12 9 4 0 0.0008362
12 9 4 1 -0.0011524
12 9 4 2 0.0042901
12 9 4 3 -0.0008097
12 9 4 4 0.0298895
12 9 5 0 -0.0008851
12 9 5 1 -0.0109556
12 9 5 2 0.0016782
12 9 5 3 -0.0030612
12 9 5 4 0.0197339
12 9 5 5 0.0205300
12 9 6 0 0.0001421
12 9 6 1 0.0019622
12 9 6 2 0.0014084
12 9 6 3 -0.0053645
12 9 6 4 -0.0101094
12 9 6 5 -0.0005637
12 9 6 6 -0.0002299
12 9 7 0 0.0015059
12 9 7 1 0.0048151
12 9 7 2 -0.0029848
12 9 7 3 0.0008296
12 9 7 4 0.0074895
12 9 7 5 0.0001813
12 9 7 6 -0.0085154
12 9 7 7 0.0028036
12 9 8 0 -0.0011220
12 9 8 1 -0.0045856
12 9 8 2 0.0024432
12 9 8 3 -0.0074416
12 9 8 4 -0.0018674
12 9 8 5 -0.0000854
12 9 8 6 0.0056375
12 9 8 7 0.0047432
12 9 8 8 -0.0077515
12 9 9 0 0.0005461
12 9 9 1 -0.0297857
12 9 9 2 0.0222768
12 9 9 3 -0.0014025
12 9 9 4 0.0158957
12 9 9 5 0.0082143
12 9 9 6 -0.0352039
12 9 9 7 -0.0005087
12 9 9 8 -0.0029378
12 9 9 9 0.0000008
12 9 10 0 -0.0000072
12 9 10 1 -0.0009468
12 9 10 2 0.0004845
12 9 10 3 -0.0014878
12 9 10 4 0.0138241
12 9 10 5 0.0136166
12 9 10 6 -0.0009765
12 9 10 7 0.0018972
12 9 10 8 -0.0000012
12 9 10 9 -0.0000000
12 9 10 10 -0.0000001
12 9 11 0 0.0000014
12 9 11 1 0.0003862
12 9 11 2 0.0001736
12 9 11 3 -0.0003632
12 9 11 4 -0.0045378
12 9 11 5 -0.0035590
12 9 11 6 0.0003419
12 9 11 7 -0.0012713
12 9 11 8 0.0001377
12 9 11 9 -0.0001296
12 9 11 10 0.0000000
12 9 11 11 -0.0000014
12 9 12 0 -0.0000175
12 9 12 1 -0.0011452
12 9 12 2 -0.0030919
12 9 12 3 0.0121027
12 9 12 4 0.0070500
12 9 12 5 -0.0054012
12 9 12 6 0.0002620
12 9 12 7 0.0067018
12 9 12 8 -0.0044109
12 9 12 9 0.1160615
12 9 12 10 0.0000000
12 9 12 11 -0.0000002
12 9 12 12 -0.0000009
12 10 0 0 -0.0000144
12 10 1 0 -0.0002668
12 10 1 1 -0.0047960
12 10 2 0 -0.0006121
12 10 2 1 -0.0049655
12 10 2 2 -0.0058526
12 10 3 0 -0.0008811
12 10 3 1 -0.0087685
12 10 3 2 -0.0050927
12 10 3 3 -0.0043674
12 10 4 0 0.0012797
12 10 4 1 0.0182717
12 10 4 2 -0.0058496
12 10 4 3 0.0044867
12 10 4 4 -0.0393477
12 10 5 0 -0.0011915
12 10 5 1 0.0034917
12 10 5 2 -0.0089342
12 10 5 3 0.0069842
12 10 5 4 -0.0461376
12 10 5 5 -0.0374345
12 10 6 0 0.0002560
12 10 6 1 0.0005549
12 10 6 2 0.0034761
12 10 6 3 0.0023964
12 10 6 4 0.0039467
12 10 6 5 0.0164826
12 10 6 6 -0.0035511
12 10 7 0 -0.0014448
12 10 7 1 -0.0035453
12 10 7 2 0.0024752
12 10 7 3 0.0068891
12 10 7 4 -0.0080801
12 10 7 5 -0.0032286
12 10 7 6 0.0092191
12 10 7 7 -0.0053777
12 10 8 0 -0.0005028
12 10 8 1 -0.0014006
12 10 8 2 0.0009176
12 10 8 3 0.0033784
12 10 8 4 0.0002045
12 10 8 5 -0.0012267
12 10 8 6 0.0033131
12 10 8 7 -0.0050003
12 10 8 8 -0.0025613
12 10 9 0 -0.0000072
12 10 9 1 -0.0009468
12 10 9 2 0.0004845
12 10 9 3 -0.0014878
12 10 9 4 0.0138241
12 10 9 5 0.0136165
12 10 9 6 -0.0009765
12 10 9 7 0.0018972
12 10 9 8 -0.0000012
12 10 9 9 -0.0000000
12 10 10 0 0.0005421
12 10 10 1 -0.0283340
12 10 10 2 0.0221922
12 10 10 3 -0.0005081
12 10 10 4 -0.0030207
12 10 10 5 -0.0102816
12 10 10 6 -0.0333832
12 10 10 7 -0.0014618
12 10 10 8 -0.0052940
12 10 10 9 0.0000004
12 10 10 10 -0.0000001
12 10 11 0 0.0000020
12 10 11 1 -0.0004343
12 10 11 2 0.0004906
12 10 11 3 -0.0003791
12 10 11 4 0.0070338
12 10 11 5 0.0081769
12 10 11 6 -0.0007434
12 10 11 7 0.0019210
12 10 11 8 0.0005032
12 10 11 9 0.0000000
12 10 11 10 -0.0001296
12 10 11 11 0.0000000
12 10 12 0 -0.0000283
12 10 12 1 -0.0019177
12 10 12 2 -0.0055643
12 10 12 3 -0.0079958
12 10 12 4 0.0076600
12 10 12 5 -0.0100979
12 10 12 6 0.0007837
12 10 12 7 -0.0062581
12 10 12 8 -0.0018015
12 10 12 9 0.0000000
12 10 12 10 0.1160615
12 10 12 11 0.0000000
12 10 12 12 0.0000001
12 11 0 0 -0.0155520
12 11 1 0 -0.0001515
12 11 1 1 -0.0361580
12 11 2 0 0.0003063
12 11 2 1 0.0181328
12 11 2 2 -0.0215850
12 11 3 0 -0.0000076
12 11 3 1 -0.0001135
12 11 3 2 0.0002182
12 11 3 3 -0.0097226
12 11 4 0 0.0000757
12 11 4 1 0.0010511
12 11 4 2 -0.0007486
12 11 4 3 -0.0014897
12 11 4 4 -0.0105929
12 11 5 0 -0.0002114
12 11 5 1 -0.0044584
12 11 5 2 0.0016667
12 11 5 3 -0.0013209
12 11 5 4 0.0012051
12 11 5 5 -0.0133601
12 11 6 0 0.0008627
12 11 6 1 -0.0168492
12 11 6 2 0.0173576
12 11 6 3 -0.0002514
12 11 6 4 0.0021899
12 11 6 5 -0.0038291
12 11 6 6 -0.0405077
12 11 7 0 0.0001584
12 11 7 1 -0.0013035
12 11 7 2 0.0000531
12 11 7 3 -0.0041033
12 11 7 4 -0.0007244
12 11 7 5 -0.0019845
12 11 7 6 -0.0014939
12 11 7 7 -0.0109995
12 11 8 0 0.0005004
12 11 8 1 -0.0032091
12 11 8 2 0.0003487
12 11 8 3 0.0011689
12 11 8 4 0.0015784
12 11 8 5 -0.0016478
12 11 8 6 -0.0039916
12 11 8 7 0.0004236
12 11 8 8 -0.0089472
12 11 9 0 0.0000039
12 11 9 1 0.0009071
12 11 9 2 0.0009950
12 11 9 3 -0.0033728
12 11 9 4 -0.0091434
12 11 9 5 -0.0049537
12 11 9 6 0.0005951
12 11 9 7 -0.0029694
12 11 9 8 0.0006789
12 11 9 9 -0.0498534
12 11 10 0 0.0000060
12 11 10 1 -0.0003050
12 11 10 2 0.0020964
12 11 10 3 0.0011907
12 11 10 4 0.0103727
12 11 10 5 0.0159092
12 11 10 6 -0.0012959
12 11 10 7 0.0039694
12 11 10 8 0.0009918
12 11 10 9 0.0000000
12 11 10 10 -0.0498534
12 11 11 0 -0.0004388
12 11 11 1 0.0109785
12 11 11 2 -0.0107033
12 11 11 3 0.0013811
12 11 11 4 -0.0103474
12 11 11 5 -0.0060853
12 11 11 6 0.0184812
12 11 11 7 -0.0005884
12 11 11 8 0.0024246
12 11 11 9 -0.0000011
12 11 11 10 0.0000000
12 11 11 11 -0.3628134
12 11 12 0 -0.0000149
12 11 12 1 0.0021295
12 11 12 2 -0.0015020
12 11 12 3 0.0010334
12 11 12 4 -0.0081287
12 11 12 5 -0.0075449
12 11 12 6 0.0018947
12 11 12 7 -0.0013675
12 11 12 8 0.0000825
12 11 12 9 -0.0000002
12 11 12 10 0.0000000
12 11 12 11 0.0525103
12 11 12 12 -0.0397100
12 12 0 0 0.2916885
12 12 1 0 0.0019768
12 12 1 1 0.4276523
12 12 2 0 -0.0028069
12 12 2 1 -0.1104551
12 12 2 2 0.3074276
12 12 3 0 0.0000958
12 12 3 1 0.0009733
12 12 3 2 0.0002209
12 12 3 3 0.2543876
12 12 4 0 -0.0008746
12 12 4 1 -0.0052809
12 12 4 2 -0.0093466
12 12 4 3 -0.0126869
12 12 4 4 0.3731918
12 12 5 0 0.0014945
12 12 5 1 0.0268880
12 12 5 2 -0.0117949
12 12 5 3 -0.0133818
12 12 5 4 0.0984564
12 12 5 5 0.3785968
12 12 6 0 -0.0059727
12 12 6 1 0.0833031
12 12 6 2 -0.0993258
12 12 6 3 0.0016339
12 12 6 4 -0.0097978
12 12 6 5 0.0257206
12 12 6 6 0.4193277
12 12 7 0 -0.0012434
12 12 7 1 0.0077830
12 12 7 2 0.0006593
12 12 7 3 0.0348519
12 12 7 4 0.0192068
12 12 7 5 0.0286076
12 12 7 6 0.0090569
12 12 7 7 0.2574825
12 12 8 0 -0.0038162
12 12 8 1 0.0173886
12 12 8 2 0.0035725
12 12 8 3 -0.0125300
12 12 8 4 -0.0076430
12 12 8 5 0.0204380
12 12 8 6 0.0208709
12 12 8 7 -0.0042647
12 12 8 8 0.2359026
12 12 9 0 -0.0000374
12 12 9 1 -0.0043450
12 12 9 2 -0.0086944
12 12 9 3 0.0329671
12 12 9 4 0.0339989
12 12 9 5 -0.0004579
12 12 9 6 -0.0009543
12 12 9 7 0.0182899
12 12 9 8 -0.0090261
12 12 9 9 0.6206838
12 12 10 0 -0.0000609
12 12 10 1 -0.0034160
12 12 10 2 -0.0163105
12 12 10 3 -0.0196075
12 12 10 4 -0.0064194
12 12 10 5 -0.0545924
12 12 10 6 0.0039669
12 12 10 7 -0.0194747
12 12 10 8 -0.0050689
12 12 10 9 -0.0000000
12 12 10 10 0.6206838
12 12 11 0 0.0008786
12 12 11 1 -0.0021105
12 12 11 2 0.0068174
12 12 11 3 -0.0014920
12 12 11 4 0.0113568
12 12 11 5 0.0076274
12 12 11 6 -0.0150067
12 12 11 7 0.0008537
12 12 11 8 -0.0022681
12 12 11 9 0.0000007
12 12 11 10 -0.0000000
12 12 11 11 0.8534743
12 12 12 0 0.0020220
12 12 12 1 0.0565696
12 12 12 2 -0.0286719
12 12 12 3 -0.0061764
12 12 12 4 0.0501031
12 12 12 5 0.0553145
12 12 12 6 0.0306207
12 12 12 7 0.0102351
12 12 12 8 0.0026103
12 12 12 9 -0.0000009
12 12 12 10 0.0000001
12 12 12 11 -0.0397100
12 12 12 12 0.7224717
