NELEC	10
ENUC	11.406077
NBASIS	13

OEI
2.489683	
652.885352	21853.444877	
222.501863	7171.174569	8116.007367	
222.502160	7171.185723	-491.325110	8116.014429	
2485.275716	79311.773794	58242.493733	8823.942595	469556.920687	
-424.848027	36393.682537	7053.902869	7053.904597	70620.170435	1000634.569451	
4028.450461	135762.929736	44377.029202	44377.083915	490343.012956	260228.723836	844426.459735	
-317.773071	-10827.569899	2926.193624	-18224.674067	1105.418829	-22957.146495	-67424.831179	43205.921233	
134.075417	4568.407350	15967.990997	-585.725100	95007.019536	9686.193155	28448.176989	246.097172	43685.434735	
-788.380355	-26862.652353	-8891.973373	-3181.902707	-99451.036986	-56955.567951	-167277.478565	-1447.077591	610.579329	40199.000271	
-849.799053	-26176.269775	21512.392982	-77788.850552	90617.514785	-5307.034633	-161173.379870	190312.734439	6442.932638	-37884.880268	866358.578541	
358.550316	11044.390339	71688.048099	-6030.040643	409943.026063	2239.175130	68002.882563	6442.938808	202864.964663	15984.678578	41645.195691	947491.862681	
-2108.303459	-64941.849520	-22459.508967	4348.731598	-254905.012548	-13166.464943	-399862.054529	-37884.924990	15984.682141	111592.183256	-244876.643911	103319.989976	357533.293551	

OVERLAP
1.000000	
0.248362	1.000000	
0.063747	0.496523	1.000000	
0.063747	0.496523	0.172237	1.000000	
0.006454	0.110326	0.087909	0.026732	1.000000	
0.000001	0.037510	0.007446	0.007446	0.062028	1.000000	
0.037510	0.364644	0.122394	0.122394	0.489773	0.248362	1.000000	
0.000000	0.000000	0.237774	-0.355980	-0.014721	-0.022967	-0.143241	1.000000	
0.000000	0.000000	0.382595	-0.082106	0.079112	0.009690	0.060437	0.000000	1.000000	
0.000000	0.000000	0.136489	0.296785	-0.114555	-0.056979	-0.355373	0.000000	0.000000	1.000000	
0.022967	0.143241	0.080252	-0.022644	0.127231	0.000000	0.000000	0.139258	0.031125	-0.183015	1.000000	
-0.009690	-0.060437	0.049828	-0.030704	0.410720	0.000000	0.000000	0.031125	0.199894	0.077219	0.000000	1.000000	
0.056979	0.355373	0.120526	0.148305	-0.181438	0.000000	0.000000	-0.183015	0.077219	-0.241025	0.000000	0.000000	1.000000	

MOCOEFF
-0.991525	-0.039373	0.007950	0.007949	0.000008	-0.002278	0.013030	0.003169	-0.003657	0.001099	0.000940	-0.000251	0.002775	
0.235278	-0.700633	-0.208487	-0.200617	0.037502	0.023946	-0.005287	-0.056566	0.080703	0.032335	-0.080752	0.013919	-0.193842	
-0.008896	0.036845	-0.233180	-0.305321	-0.056228	-0.068858	0.177668	-0.111953	0.018156	-0.572044	0.135816	-0.017774	0.415806	
-0.005297	0.027725	-0.508908	0.443921	0.093505	0.001323	-0.038497	-0.385133	-0.338394	0.058490	0.126567	0.070338	0.013719	
-0.053249	0.357363	-0.196845	-0.244487	0.081774	0.023853	-0.089105	0.562958	-0.690986	-0.026092	-0.169461	0.136754	-0.042164	
0.019841	-0.132460	0.280359	-0.105978	1.309735	0.075415	-0.631855	-0.155306	-0.106234	-0.032414	-0.133269	-0.543153	0.288949	
0.135750	-0.850741	0.368615	1.161603	0.005450	0.018698	-0.134120	0.533053	-0.063505	-0.828252	-0.130533	0.034076	-0.071540	
-0.063230	0.390825	-1.110313	0.332093	0.347293	0.005243	-0.060703	0.732131	0.812418	0.196252	-0.072250	-0.263381	0.183366	
0.165539	-1.128080	0.240397	0.185670	-0.091424	-0.137173	0.971524	0.385376	-0.294858	0.786194	0.385535	-0.104679	0.928164	
-0.000000	0.000000	-0.000000	-0.000000	0.000000	0.000004	-0.000006	0.000000	0.000000	-0.000000	-0.928719	-0.026504	0.369836	
0.000000	-0.000000	0.000000	0.000000	-0.000000	-0.000000	0.000000	-0.000000	-0.000000	-0.000000	0.033342	0.987432	0.154489	
-0.000000	0.000000	-0.000000	0.000000	0.000000	1.025836	-0.215516	-0.000000	0.000000	-0.000000	0.038788	-0.016364	0.096221	
0.000000	-0.000000	-0.000000	0.000000	0.000000	-0.014391	-0.882584	0.000000	0.000000	-0.000000	0.171046	-0.072167	0.424342	

ERI
0 0 0 0 -0.0018326
1 0 0 0 0.0317221
1 0 1 0 -0.0039603
1 0 1 1 0.0087203
1 1 0 0 0.0771370
1 1 1 0 0.0087203
1 1 1 1 0.1056059
2 0 0 0 -0.0657443
2 0 1 0 0.0043334
2 0 1 1 -0.0184793
2 0 2 0 0.0075367
2 0 2 1 0.0092801
2 0 2 2 0.0005424
2 1 0 0 -0.0663920
2 1 1 0 0.0010443
2 1 1 1 -0.0427304
2 1 2 0 0.0092801
2 1 2 1 0.0547353
2 1 2 2 0.0162491
2 2 0 0 0.0954027
2 2 1 0 0.0006178
2 2 1 1 0.0823228
2 2 2 0 0.0005424
2 2 2 1 0.0162491
2 2 2 2 0.0419117
3 0 0 0 -0.0074152
3 0 1 0 0.0004928
3 0 1 1 -0.0020387
3 0 2 0 -0.0001633
3 0 2 1 -0.0002956
3 0 2 2 -0.0006299
3 0 3 0 0.0073469
3 0 3 1 0.0114752
3 0 3 2 0.0038224
3 0 3 3 0.0003344
3 1 0 0 -0.0046094
3 1 1 0 0.0000156
3 1 1 1 -0.0017575
3 1 2 0 -0.0001641
3 1 2 1 -0.0011772
3 1 2 2 -0.0040147
3 1 3 0 0.0114752
3 1 3 1 0.0740685
3 1 3 2 0.0359502
3 1 3 3 0.0113781
3 2 0 0 -0.0117659
3 2 1 0 -0.0000237
3 2 1 1 -0.0095898
3 2 2 0 -0.0001421
3 2 2 1 -0.0037714
3 2 2 2 -0.0078837
3 2 3 0 0.0038224
3 2 3 1 0.0359502
3 2 3 2 0.0246863
3 2 3 3 -0.0057974
3 3 0 0 0.2167731
3 3 1 0 0.0011543
3 3 1 1 0.1851562
3 3 2 0 -0.0019002
3 3 2 1 0.0337727
3 3 2 2 0.0855732
3 3 3 0 0.0003344
3 3 3 1 0.0113781
3 3 3 2 -0.0057974
3 3 3 3 0.2157284
4 0 0 0 0.0170562
4 0 1 0 -0.0024652
4 0 1 1 0.0023092
4 0 2 0 -0.0016752
4 0 2 1 -0.0001231
4 0 2 2 0.0012518
4 0 3 0 0.0002908
4 0 3 1 0.0003917
4 0 3 2 -0.0002674
4 0 3 3 0.0040065
4 0 4 0 0.0183997
4 0 4 1 0.0201142
4 0 4 2 0.0038388
4 0 4 3 -0.0003636
4 0 4 4 -0.0098417
4 1 0 0 0.0429289
4 1 1 0 -0.0027544
4 1 1 1 0.0261649
4 1 2 0 0.0014480
4 1 2 1 0.0107043
4 1 2 2 0.0143539
4 1 3 0 0.0005432
4 1 3 1 0.0018132
4 1 3 2 -0.0028489
4 1 3 3 0.0384426
4 1 4 0 0.0201142
4 1 4 1 0.0825968
4 1 4 2 0.0197743
4 1 4 3 -0.0022747
4 1 4 4 -0.0268590
4 2 0 0 0.0802741
4 2 1 0 -0.0002481
4 2 1 1 0.0626996
4 2 2 0 -0.0027915
4 2 2 1 0.0015107
4 2 2 2 0.0235702
4 2 3 0 -0.0002515
4 2 3 1 -0.0017245
4 2 3 2 -0.0048765
4 2 3 3 0.0566770
4 2 4 0 0.0038388
4 2 4 1 0.0197743
4 2 4 2 0.0197231
4 2 4 3 -0.0018505
4 2 4 4 0.0094280
4 3 0 0 0.0031411
4 3 1 0 -0.0000225
4 3 1 1 0.0023973
4 3 2 0 -0.0002267
4 3 2 1 -0.0026967
4 3 2 2 -0.0027112
4 3 3 0 0.0000674
4 3 3 1 0.0169302
4 3 3 2 0.0139338
4 3 3 3 0.0016076
4 3 4 0 -0.0003636
4 3 4 1 -0.0022747
4 3 4 2 -0.0018505
4 3 4 3 0.0128851
4 3 4 4 -0.0010564
4 4 0 0 0.0681125
4 4 1 0 0.0011673
4 4 1 1 0.0594292
4 4 2 0 0.0001032
4 4 2 1 0.0112696
4 4 2 2 0.0216776
4 4 3 0 -0.0005133
4 4 3 1 -0.0023171
4 4 3 2 -0.0039746
4 4 3 3 0.0491882
4 4 4 0 -0.0098417
4 4 4 1 -0.0268590
4 4 4 2 0.0094280
4 4 4 3 -0.0010564
4 4 4 4 0.0300190
5 0 0 0 -0.0460793
5 0 1 0 0.0030325
5 0 1 1 -0.0127513
5 0 2 0 0.0000256
5 0 2 1 -0.0013905
5 0 2 2 -0.0015480
5 0 3 0 0.0019757
5 0 3 1 0.0032309
5 0 3 2 0.0012600
5 0 3 3 -0.0033423
5 0 4 0 -0.0006744
5 0 4 1 0.0012038
5 0 4 2 -0.0007886
5 0 4 3 0.0000573
5 0 4 4 -0.0009091
5 0 5 0 0.0003037
5 0 5 1 -0.0017229
5 0 5 2 0.0008646
5 0 5 3 0.0013614
5 0 5 4 -0.0003889
5 0 5 5 -0.0094427
5 1 0 0 -0.0344324
5 1 1 0 0.0012182
5 1 1 1 -0.0154594
5 1 2 0 -0.0022991
5 1 2 1 -0.0088615
5 1 2 2 0.0013877
5 1 3 0 0.0013144
5 1 3 1 0.0124354
5 1 3 2 0.0041423
5 1 3 3 0.0028099
5 1 4 0 0.0001050
5 1 4 1 0.0021354
5 1 4 2 0.0018657
5 1 4 3 0.0006189
5 1 4 4 0.0016105
5 1 5 0 -0.0017229
5 1 5 1 -0.0103002
5 1 5 2 -0.0084604
5 1 5 3 0.0028727
5 1 5 4 0.0025039
5 1 5 5 -0.0273617
5 2 0 0 -0.0860283
5 2 1 0 -0.0000326
5 2 1 1 -0.0690795
5 2 2 0 0.0044886
5 2 2 1 0.0180848
5 2 2 2 -0.0202318
5 2 3 0 0.0002668
5 2 3 1 0.0007062
5 2 3 2 0.0007100
5 2 3 3 -0.0438984
5 2 4 0 -0.0011468
5 2 4 1 -0.0061595
5 2 4 2 -0.0155599
5 2 4 3 -0.0023943
5 2 4 4 -0.0100035
5 2 5 0 0.0008646
5 2 5 1 -0.0084604
5 2 5 2 0.0274966
5 2 5 3 0.0032341
5 2 5 4 -0.0096220
5 2 5 5 0.0042659
5 3 0 0 -0.0070201
5 3 1 0 -0.0006675
5 3 1 1 -0.0073532
5 3 2 0 0.0010836
5 3 2 1 -0.0011405
5 3 2 2 -0.0117561
5 3 3 0 0.0010448
5 3 3 1 0.0006215
5 3 3 2 -0.0004984
5 3 3 3 -0.0289691
5 3 4 0 -0.0009449
5 3 4 1 -0.0078789
5 3 4 2 -0.0086537
5 3 4 3 -0.0019891
5 3 4 4 -0.0071059
5 3 5 0 0.0013614
5 3 5 1 0.0028727
5 3 5 2 0.0032341
5 3 5 3 0.0028305
5 3 5 4 0.0002507
5 3 5 5 0.0086073
5 4 0 0 0.0239710
5 4 1 0 -0.0004588
5 4 1 1 0.0159935
5 4 2 0 -0.0011723
5 4 2 1 -0.0075470
5 4 2 2 0.0045341
5 4 3 0 -0.0012106
5 4 3 1 -0.0101563
5 4 3 2 -0.0061522
5 4 3 3 0.0066090
5 4 4 0 0.0038598
5 4 4 1 0.0126134
5 4 4 2 0.0051276
5 4 4 3 -0.0038774
5 4 4 4 -0.0035802
5 4 5 0 -0.0003889
5 4 5 1 0.0025039
5 4 5 2 -0.0096220
5 4 5 3 0.0002507
5 4 5 4 0.0073132
5 4 5 5 -0.0238403
5 5 0 0 -0.3227507
5 5 1 0 0.0064374
5 5 1 1 -0.2309817
5 5 2 0 -0.0116657
5 5 2 1 -0.0597970
5 5 2 2 -0.0344282
5 5 3 0 0.0010384
5 5 3 1 0.0077258
5 5 3 2 0.0030688
5 5 3 3 -0.0577498
5 5 4 0 0.0044712
5 5 4 1 0.0321956
5 5 4 2 0.0004742
5 5 4 3 0.0050740
5 5 4 4 -0.0148528
5 5 5 0 -0.0094427
5 5 5 1 -0.0273617
5 5 5 2 0.0042659
5 5 5 3 0.0086073
5 5 5 4 -0.0238403
5 5 5 5 -0.9790983
6 0 0 0 0.0169283
6 0 1 0 -0.0033264
6 0 1 1 0.0036580
6 0 2 0 0.0116987
6 0 2 1 0.0132075
6 0 2 2 0.0040050
6 0 3 0 -0.0049313
6 0 3 1 -0.0083718
6 0 3 2 -0.0033588
6 0 3 3 0.0047889
6 0 4 0 0.0069005
6 0 4 1 0.0084927
6 0 4 2 -0.0003261
6 0 4 3 -0.0005330
6 0 4 4 -0.0029765
6 0 5 0 0.0008981
6 0 5 1 -0.0003387
6 0 5 2 0.0033908
6 0 5 3 -0.0021428
6 0 5 4 0.0013394
6 0 5 5 0.0023662
6 0 6 0 0.0152405
6 0 6 1 0.0089744
6 0 6 2 0.0041102
6 0 6 3 0.0033564
6 0 6 4 -0.0037396
6 0 6 5 0.0026927
6 0 6 6 0.0214022
6 1 0 0 0.1221519
6 1 1 0 0.0001881
6 1 1 1 0.1047559
6 1 2 0 0.0043776
6 1 2 1 0.0395187
6 1 2 2 0.0383832
6 1 3 0 -0.0045419
6 1 3 1 -0.0311319
6 1 3 2 -0.0161855
6 1 3 3 0.0680159
6 1 4 0 0.0049623
6 1 4 1 0.0182837
6 1 4 2 0.0154463
6 1 4 3 -0.0029652
6 1 4 4 0.0107810
6 1 5 0 -0.0019868
6 1 5 1 0.0081110
6 1 5 2 -0.0067548
6 1 5 3 -0.0203628
6 1 5 4 0.0074236
6 1 5 5 0.0015306
6 1 6 0 0.0089744
6 1 6 1 -0.0149733
6 1 6 2 -0.0528984
6 1 6 3 0.0532871
6 1 6 4 -0.0395841
6 1 6 5 -0.0171418
6 1 6 6 0.1323741
6 2 0 0 -0.0762122
6 2 1 0 -0.0018837
6 2 1 1 -0.0668762
6 2 2 0 0.0107851
6 2 2 1 0.0347043
6 2 2 2 -0.0350527
6 2 3 0 0.0007094
6 2 3 1 0.0018923
6 2 3 2 0.0079424
6 2 3 3 -0.0771533
6 2 4 0 -0.0021618
6 2 4 1 -0.0169442
6 2 4 2 -0.0313641
6 2 4 3 0.0027953
6 2 4 4 -0.0204503
6 2 5 0 0.0036557
6 2 5 1 0.0057025
6 2 5 2 0.0382567
6 2 5 3 0.0036502
6 2 5 4 -0.0103500
6 2 5 5 0.0687668
6 2 6 0 0.0041102
6 2 6 1 -0.0528984
6 2 6 2 0.0401592
6 2 6 3 0.0124297
6 2 6 4 0.0182761
6 2 6 5 -0.0106120
6 2 6 6 0.2013329
6 3 0 0 -0.0401561
6 3 1 0 0.0017599
6 3 1 1 -0.0224304
6 3 2 0 -0.0024112
6 3 2 1 -0.0041709
6 3 2 2 0.0138780
6 3 3 0 0.0007003
6 3 3 1 -0.0098563
6 3 3 2 -0.0144191
6 3 3 3 0.0271601
6 3 4 0 0.0022833
6 3 4 1 0.0174563
6 3 4 2 0.0132287
6 3 4 3 -0.0133025
6 3 4 4 0.0083355
6 3 5 0 -0.0025377
6 3 5 1 -0.0159252
6 3 5 2 -0.0091070
6 3 5 3 0.0052307
6 3 5 4 0.0050111
6 3 5 5 -0.0661500
6 3 6 0 0.0033564
6 3 6 1 0.0532871
6 3 6 2 0.0124297
6 3 6 3 -0.0145368
6 3 6 4 -0.0079719
6 3 6 5 0.0206719
6 3 6 6 -0.1978944
6 4 0 0 -0.0562426
6 4 1 0 -0.0020934
6 4 1 1 -0.0560676
6 4 2 0 -0.0007367
6 4 2 1 -0.0214425
6 4 2 2 -0.0358177
6 4 3 0 0.0030049
6 4 3 1 0.0174875
6 4 3 2 0.0141471
6 4 3 3 -0.0792832
6 4 4 0 0.0062545
6 4 4 1 0.0068505
6 4 4 2 -0.0206936
6 4 4 3 0.0076773
6 4 4 4 -0.0356866
6 4 5 0 0.0031943
6 4 5 1 0.0058672
6 4 5 2 0.0126681
6 4 5 3 0.0085152
6 4 5 4 -0.0002790
6 4 5 5 0.0585358
6 4 6 0 -0.0037396
6 4 6 1 -0.0395841
6 4 6 2 0.0182761
6 4 6 3 -0.0079719
6 4 6 4 0.0499902
6 4 6 5 -0.0100129
6 4 6 6 0.1251930
6 5 0 0 -0.0023181
6 5 1 0 0.0001919
6 5 1 1 0.0084392
6 5 2 0 0.0021037
6 5 2 1 0.0168726
6 5 2 2 0.0076617
6 5 3 0 0.0001488
6 5 3 1 -0.0041538
6 5 3 2 -0.0051384
6 5 3 3 0.0221819
6 5 4 0 0.0018780
6 5 4 1 0.0113657
6 5 4 2 0.0037970
6 5 4 3 -0.0020414
6 5 4 4 0.0013215
6 5 5 0 -0.0002405
6 5 5 1 0.0025197
6 5 5 2 0.0041748
6 5 5 3 -0.0019892
6 5 5 4 0.0028752
6 5 5 5 0.0234093
6 5 6 0 0.0026927
6 5 6 1 -0.0171418
6 5 6 2 -0.0106120
6 5 6 3 0.0206719
6 5 6 4 -0.0100129
6 5 6 5 -0.0045395
6 5 6 6 0.0413927
6 6 0 0 -0.5959596
6 6 1 0 0.0093887
6 6 1 1 -0.4313141
6 6 2 0 -0.0086544
6 6 2 1 -0.0826935
6 6 2 2 -0.0719941
6 6 3 0 -0.0053279
6 6 3 1 0.0163534
6 6 3 2 0.0270869
6 6 3 3 -0.1567520
6 6 4 0 0.0113158
6 6 4 1 0.0462638
6 6 4 2 -0.0274908
6 6 4 3 0.0137454
6 6 4 4 -0.0448334
6 6 5 0 -0.0122735
6 6 5 1 -0.0743108
6 6 5 2 0.0164880
6 6 5 3 0.0566360
6 6 5 4 -0.0020442
6 6 5 5 -0.3487001
6 6 6 0 0.0214022
6 6 6 1 0.1323741
6 6 6 2 0.2013329
6 6 6 3 -0.1978944
6 6 6 4 0.1251930
6 6 6 5 0.0413927
6 6 6 6 -0.6518978
7 0 0 0 -0.0273225
7 0 1 0 0.0029028
7 0 1 1 -0.0073449
7 0 2 0 -0.0055983
7 0 2 1 -0.0065883
7 0 2 2 -0.0015996
7 0 3 0 -0.0123891
7 0 3 1 -0.0188649
7 0 3 2 -0.0059737
7 0 3 3 -0.0052536
7 0 4 0 -0.0029557
7 0 4 1 -0.0026775
7 0 4 2 0.0003933
7 0 4 3 0.0002723
7 0 4 4 0.0010975
7 0 5 0 -0.0044508
7 0 5 1 -0.0020409
7 0 5 2 -0.0010303
7 0 5 3 -0.0000891
7 0 5 4 0.0016698
7 0 5 5 -0.0104916
7 0 6 0 0.0043441
7 0 6 1 0.0011194
7 0 6 2 -0.0018770
7 0 6 3 -0.0031707
7 0 6 4 -0.0015557
7 0 6 5 -0.0023538
7 0 6 6 -0.0041929
7 0 7 0 0.0198385
7 0 7 1 0.0117076
7 0 7 2 -0.0001764
7 0 7 3 -0.0064199
7 0 7 4 -0.0078946
7 0 7 5 0.0061429
7 0 7 6 0.0088928
7 0 7 7 -0.0144019
7 1 0 0 -0.0837674
7 1 1 0 0.0004041
7 1 1 1 -0.0673049
7 1 2 0 -0.0028578
7 1 2 1 -0.0209026
7 1 2 2 -0.0159336
7 1 3 0 -0.0096842
7 1 3 1 -0.0663213
7 1 3 2 -0.0234099
7 1 3 3 -0.0419927
7 1 4 0 -0.0017476
7 1 4 1 -0.0035698
7 1 4 2 -0.0052947
7 1 4 3 -0.0020143
7 1 4 4 -0.0051369
7 1 5 0 -0.0017092
7 1 5 1 0.0144891
7 1 5 2 0.0138606
7 1 5 3 0.0131821
7 1 5 4 0.0032286
7 1 5 5 -0.0531002
7 1 6 0 0.0018526
7 1 6 1 -0.0216297
7 1 6 2 0.0014662
7 1 6 3 0.0161248
7 1 6 4 0.0054072
7 1 6 5 -0.0165191
7 1 6 6 0.0432690
7 1 7 0 0.0117076
7 1 7 1 -0.0453610
7 1 7 2 -0.0398440
7 1 7 3 -0.0718981
7 1 7 4 -0.0289164
7 1 7 5 0.0331542
7 1 7 6 0.0704617
7 1 7 7 -0.1605702
7 2 0 0 0.0169912
7 2 1 0 0.0007346
7 2 1 1 0.0154663
7 2 2 0 -0.0039706
7 2 2 1 -0.0134103
7 2 2 2 0.0087591
7 2 3 0 -0.0006782
7 2 3 1 -0.0032453
7 2 3 2 0.0026887
7 2 3 3 0.0216995
7 2 4 0 0.0005193
7 2 4 1 0.0048187
7 2 4 2 0.0087128
7 2 4 3 0.0047121
7 2 4 4 0.0052724
7 2 5 0 -0.0009623
7 2 5 1 0.0078254
7 2 5 2 -0.0075049
7 2 5 3 -0.0011484
7 2 5 4 0.0011350
7 2 5 5 -0.0417064
7 2 6 0 -0.0023410
7 2 6 1 -0.0049280
7 2 6 2 -0.0192084
7 2 6 3 0.0074611
7 2 6 4 -0.0042040
7 2 6 5 -0.0099355
7 2 6 6 -0.0047451
7 2 7 0 -0.0001764
7 2 7 1 -0.0398440
7 2 7 2 -0.0060621
7 2 7 3 -0.0113624
7 2 7 4 0.0035917
7 2 7 5 0.0229722
7 2 7 6 0.0201027
7 2 7 7 -0.1242324
7 3 0 0 -0.0463213
7 3 1 0 0.0037161
7 3 1 1 -0.0174869
7 3 2 0 -0.0063033
7 3 2 1 -0.0153176
7 3 2 2 0.0303222
7 3 3 0 -0.0004465
7 3 3 1 0.0086700
7 3 3 2 0.0040161
7 3 3 3 0.0805045
7 3 4 0 0.0039828
7 3 4 1 0.0331117
7 3 4 2 0.0282984
7 3 4 3 0.0087738
7 3 4 4 0.0193949
7 3 5 0 -0.0051784
7 3 5 1 -0.0030381
7 3 5 2 -0.0198724
7 3 5 3 0.0045889
7 3 5 4 0.0026445
7 3 5 5 -0.1577308
7 3 6 0 0.0048802
7 3 6 1 0.0563597
7 3 6 2 -0.0042676
7 3 6 3 -0.0252421
7 3 6 4 -0.0125481
7 3 6 5 0.0110828
7 3 6 6 -0.2403886
7 3 7 0 -0.0064199
7 3 7 1 -0.0718981
7 3 7 2 -0.0113624
7 3 7 3 -0.0471114
7 3 7 4 0.0203444
7 3 7 5 0.0745318
7 3 7 6 -0.0515581
7 3 7 7 -0.4153324
7 4 0 0 0.0441064
7 4 1 0 0.0006624
7 4 1 1 0.0391309
7 4 2 0 0.0001605
7 4 2 1 0.0081254
7 4 2 2 0.0152189
7 4 3 0 0.0046547
7 4 3 1 0.0327691
7 4 3 2 0.0147748
7 4 3 3 0.0463570
7 4 4 0 -0.0023316
7 4 4 1 -0.0023119
7 4 4 2 0.0088863
7 4 4 3 0.0121692
7 4 4 4 0.0144895
7 4 5 0 0.0002863
7 4 5 1 0.0040447
7 4 5 2 -0.0086329
7 4 5 3 -0.0058412
7 4 5 4 -0.0061866
7 4 5 5 -0.0160698
7 4 6 0 -0.0027639
7 4 6 1 0.0028936
7 4 6 2 -0.0121255
7 4 6 3 -0.0018070
7 4 6 4 -0.0116822
7 4 6 5 0.0010690
7 4 6 6 -0.0265232
7 4 7 0 -0.0078946
7 4 7 1 -0.0289164
7 4 7 2 0.0035917
7 4 7 3 0.0203444
7 4 7 4 0.0290488
7 4 7 5 0.0089410
7 4 7 6 -0.0108214
7 4 7 7 -0.0801699
7 5 0 0 0.1629901
7 5 1 0 -0.0017445
7 5 1 1 0.1194539
7 5 2 0 0.0011647
7 5 2 1 0.0186656
7 5 2 2 0.0247649
7 5 3 0 -0.0024943
7 5 3 1 -0.0058268
7 5 3 2 -0.0041152
7 5 3 3 0.0643385
7 5 4 0 -0.0010244
7 5 4 1 -0.0038556
7 5 4 2 0.0136985
7 5 4 3 -0.0011194
7 5 4 4 0.0146975
7 5 5 0 0.0001497
7 5 5 1 0.0009186
7 5 5 2 -0.0156633
7 5 5 3 -0.0302110
7 5 5 4 -0.0058894
7 5 5 5 -0.1518351
7 5 6 0 -0.0008342
7 5 6 1 -0.0015021
7 5 6 2 -0.0424588
7 5 6 3 0.0241944
7 5 6 4 -0.0334210
7 5 6 5 0.0086073
7 5 6 6 0.0659044
7 5 7 0 0.0061429
7 5 7 1 0.0331542
7 5 7 2 0.0229722
7 5 7 3 0.0745318
7 5 7 4 0.0089410
7 5 7 5 -0.0712925
7 5 7 6 -0.0099650
7 5 7 7 0.0859745
7 6 0 0 -0.1567669
7 6 1 0 0.0010660
7 6 1 1 -0.1237870
7 6 2 0 -0.0042489
7 6 2 1 -0.0384896
7 6 2 2 -0.0400748
7 6 3 0 -0.0038536
7 6 3 1 0.0081047
7 6 3 2 0.0170505
7 6 3 3 -0.0981332
7 6 4 0 -0.0027667
7 6 4 1 -0.0140102
7 6 4 2 -0.0202873
7 6 4 3 0.0087390
7 6 4 4 -0.0178502
7 6 5 0 -0.0016351
7 6 5 1 -0.0231152
7 6 5 2 0.0023206
7 6 5 3 0.0184609
7 6 5 4 -0.0032745
7 6 5 5 -0.0090581
7 6 6 0 -0.0003704
7 6 6 1 0.0330600
7 6 6 2 0.0679497
7 6 6 3 -0.0782643
7 6 6 4 0.0483570
7 6 6 5 0.0119075
7 6 6 6 -0.1407829
7 6 7 0 0.0088928
7 6 7 1 0.0704617
7 6 7 2 0.0201027
7 6 7 3 -0.0515581
7 6 7 4 -0.0108214
7 6 7 5 -0.0099650
7 6 7 6 -0.0255974
7 6 7 7 0.0758511
7 7 0 0 -0.7552280
7 7 1 0 0.0101055
7 7 1 1 -0.5673947
7 7 2 0 -0.0157456
7 7 2 1 -0.1341393
7 7 2 2 -0.1160120
7 7 3 0 0.0003117
7 7 3 1 -0.0454280
7 7 3 2 -0.0121802
7 7 3 3 -0.2988748
7 7 4 0 0.0048860
7 7 4 1 0.0211415
7 7 4 2 -0.0484092
7 7 4 3 -0.0056286
7 7 4 4 -0.0625288
7 7 5 0 -0.0088348
7 7 5 1 -0.0155441
7 7 5 2 0.0621147
7 7 5 3 0.0980633
7 7 5 4 -0.0031322
7 7 5 5 -0.4594703
7 7 6 0 0.0047680
7 7 6 1 0.0082883
7 7 6 2 0.1786930
7 7 6 3 -0.1079736
7 7 6 4 0.1511999
7 7 6 5 -0.0216985
7 7 6 6 -0.4287607
7 7 7 0 -0.0144019
7 7 7 1 -0.1605702
7 7 7 2 -0.1242324
7 7 7 3 -0.4153324
7 7 7 4 -0.0801699
7 7 7 5 0.0859745
7 7 7 6 0.0758511
7 7 7 7 -0.6796681
8 0 0 0 -0.1563284
8 0 1 0 0.0092728
8 0 1 1 -0.0445092
8 0 2 0 -0.0116155
8 0 2 1 -0.0219025
8 0 2 2 -0.0084633
8 0 3 0 -0.0003300
8 0 3 1 -0.0004628
8 0 3 2 0.0009079
8 0 3 3 -0.0158473
8 0 4 0 0.0061306
8 0 4 1 0.0126848
8 0 4 2 0.0016822
8 0 4 3 0.0005385
8 0 4 4 -0.0087300
8 0 5 0 -0.0008811
8 0 5 1 -0.0064123
8 0 5 2 -0.0019919
8 0 5 3 0.0050704
8 0 5 4 0.0029747
8 0 5 5 -0.0306807
8 0 6 0 -0.0017072
8 0 6 1 -0.0092518
8 0 6 2 0.0030301
8 0 6 3 -0.0104951
8 0 6 4 0.0174199
8 0 6 5 -0.0039453
8 0 6 6 -0.0438796
8 0 7 0 0.0004284
8 0 7 1 0.0019349
8 0 7 2 -0.0005588
8 0 7 3 -0.0210466
8 0 7 4 -0.0063349
8 0 7 5 0.0059013
8 0 7 6 0.0023714
8 0 7 7 -0.0346020
8 0 8 0 0.0176105
8 0 8 1 -0.0221324
8 0 8 2 -0.0136702
8 0 8 3 0.0008345
8 0 8 4 0.0137900
8 0 8 5 -0.0039779
8 0 8 6 -0.0136018
8 0 8 7 0.0059547
8 0 8 8 -0.0175456
8 1 0 0 -0.1990897
8 1 1 0 0.0059838
8 1 1 1 -0.1253880
8 1 2 0 -0.0202543
8 1 2 1 -0.0728234
8 1 2 2 -0.0161254
8 1 3 0 -0.0014695
8 1 3 1 -0.0026090
8 1 3 2 0.0011215
8 1 3 3 -0.0218526
8 1 4 0 0.0066724
8 1 4 1 0.0234180
8 1 4 2 0.0117800
8 1 4 3 0.0027516
8 1 4 4 -0.0046560
8 1 5 0 -0.0094054
8 1 5 1 -0.0223125
8 1 5 2 -0.0146631
8 1 5 3 0.0212340
8 1 5 4 0.0084922
8 1 5 5 -0.1345744
8 1 6 0 -0.0023663
8 1 6 1 0.0183026
8 1 6 2 0.0204073
8 1 6 3 -0.0499230
8 1 6 4 0.0342384
8 1 6 5 -0.0038394
8 1 6 6 -0.2648916
8 1 7 0 -0.0026433
8 1 7 1 -0.0188674
8 1 7 2 -0.0069710
8 1 7 3 -0.0922944
8 1 7 4 -0.0069452
8 1 7 5 0.0584751
8 1 7 6 -0.0328639
8 1 7 7 -0.2738990
8 1 8 0 -0.0221324
8 1 8 1 -0.1034459
8 1 8 2 -0.0550610
8 1 8 3 0.0008784
8 1 8 4 0.0217261
8 1 8 5 -0.0305742
8 1 8 6 -0.0202223
8 1 8 7 0.0051763
8 1 8 8 -0.2133087
8 2 0 0 -0.0679085
8 2 1 0 0.0013668
8 2 1 1 -0.0382598
8 2 2 0 0.0047921
8 2 2 1 0.0050436
8 2 2 2 0.0054606
8 2 3 0 -0.0002927
8 2 3 1 -0.0012520
8 2 3 2 0.0002055
8 2 3 3 -0.0069050
8 2 4 0 0.0006733
8 2 4 1 0.0070919
8 2 4 2 -0.0042102
8 2 4 3 -0.0001317
8 2 4 4 -0.0015580
8 2 5 0 -0.0012040
8 2 5 1 -0.0067511
8 2 5 2 0.0030967
8 2 5 3 0.0016253
8 2 5 4 -0.0014045
8 2 5 5 -0.0834501
8 2 6 0 0.0085841
8 2 6 1 0.0234263
8 2 6 2 0.0188447
8 2 6 3 -0.0134109
8 2 6 4 0.0055516
8 2 6 5 0.0021142
8 2 6 6 -0.0558696
8 2 7 0 -0.0042144
8 2 7 1 -0.0114373
8 2 7 2 -0.0051388
8 2 7 3 -0.0252282
8 2 7 4 -0.0020230
8 2 7 5 0.0027022
8 2 7 6 -0.0153642
8 2 7 7 -0.0688095
8 2 8 0 -0.0136702
8 2 8 1 -0.0550610
8 2 8 2 0.0199449
8 2 8 3 0.0022719
8 2 8 4 0.0066584
8 2 8 5 -0.0013352
8 2 8 6 0.0063474
8 2 8 7 0.0009667
8 2 8 8 -0.0699082
8 3 0 0 -0.0081491
8 3 1 0 -0.0001658
8 3 1 1 -0.0071210
8 3 2 0 0.0004091
8 3 2 1 0.0004690
8 3 2 2 -0.0030553
8 3 3 0 0.0075417
8 3 3 1 0.0232023
8 3 3 2 0.0041366
8 3 3 3 -0.0069026
8 3 4 0 0.0002501
8 3 4 1 0.0003022
8 3 4 2 -0.0023036
8 3 4 3 -0.0027133
8 3 4 4 -0.0028674
8 3 5 0 0.0024191
8 3 5 1 0.0071699
8 3 5 2 0.0049833
8 3 5 3 0.0030592
8 3 5 4 -0.0032020
8 3 5 5 0.0038103
8 3 6 0 -0.0054630
8 3 6 1 -0.0187711
8 3 6 2 -0.0009448
8 3 6 3 0.0095181
8 3 6 4 0.0072885
8 3 6 5 -0.0008811
8 3 6 6 0.0092817
8 3 7 0 -0.0122187
8 3 7 1 -0.0315566
8 3 7 2 -0.0084646
8 3 7 3 -0.0056300
8 3 7 4 0.0067974
8 3 7 5 -0.0101970
8 3 7 6 0.0003324
8 3 7 7 0.0108641
8 3 8 0 0.0008345
8 3 8 1 0.0008784
8 3 8 2 0.0022719
8 3 8 3 0.0194981
8 3 8 4 0.0023108
8 3 8 5 0.0053842
8 3 8 6 -0.0208383
8 3 8 7 -0.0331254
8 3 8 8 0.0139705
8 4 0 0 -0.0387561
8 4 1 0 -0.0029992
8 4 1 1 -0.0478533
8 4 2 0 0.0042564
8 4 2 1 0.0094030
8 4 2 2 -0.0165967
8 4 3 0 0.0007143
8 4 3 1 0.0011432
8 4 3 2 0.0012523
8 4 3 3 -0.0339778
8 4 4 0 0.0182048
8 4 4 1 0.0591959
8 4 4 2 -0.0032420
8 4 4 3 -0.0016765
8 4 4 4 -0.0403555
8 4 5 0 0.0022281
8 4 5 1 0.0000191
8 4 5 2 0.0144421
8 4 5 3 0.0029017
8 4 5 4 0.0062345
8 4 5 5 0.0382318
8 4 6 0 0.0091449
8 4 6 1 -0.0017218
8 4 6 2 0.0213195
8 4 6 3 0.0038119
8 4 6 4 0.0317990
8 4 6 5 0.0062490
8 4 6 6 0.0853424
8 4 7 0 -0.0027547
8 4 7 1 0.0049120
8 4 7 2 -0.0065192
8 4 7 3 -0.0013461
8 4 7 4 -0.0155825
8 4 7 5 -0.0224379
8 4 7 6 0.0137757
8 4 7 7 0.0927573
8 4 8 0 0.0137900
8 4 8 1 0.0217261
8 4 8 2 0.0066584
8 4 8 3 0.0023108
8 4 8 4 0.0683402
8 4 8 5 0.0110115
8 4 8 6 0.0172625
8 4 8 7 -0.0025710
8 4 8 8 0.0971530
8 5 0 0 -0.0906055
8 5 1 0 0.0008664
8 5 1 1 -0.0689442
8 5 2 0 -0.0009812
8 5 2 1 -0.0004564
8 5 2 2 -0.0156262
8 5 3 0 0.0022504
8 5 3 1 0.0123188
8 5 3 2 0.0090747
8 5 3 3 -0.0331527
8 5 4 0 0.0007905
8 5 4 1 -0.0004035
8 5 4 2 -0.0089942
8 5 4 3 0.0004203
8 5 4 4 -0.0088881
8 5 5 0 -0.0007047
8 5 5 1 -0.0126003
8 5 5 2 0.0229070
8 5 5 3 -0.0065312
8 5 5 4 -0.0169118
8 5 5 5 -0.1645539
8 5 6 0 -0.0002784
8 5 6 1 -0.0042715
8 5 6 2 0.0296970
8 5 6 3 -0.0160970
8 5 6 4 0.0181760
8 5 6 5 0.0001900
8 5 6 6 -0.0304750
8 5 7 0 -0.0042468
8 5 7 1 -0.0065396
8 5 7 2 -0.0014871
8 5 7 3 -0.0324608
8 5 7 4 -0.0064661
8 5 7 5 -0.0327905
8 5 7 6 -0.0009566
8 5 7 7 -0.0246587
8 5 8 0 -0.0039779
8 5 8 1 -0.0305742
8 5 8 2 -0.0013352
8 5 8 3 0.0053842
8 5 8 4 0.0110115
8 5 8 5 0.0205102
8 5 8 6 -0.0243808
8 5 8 7 0.0092136
8 5 8 8 0.0018200
8 6 0 0 0.0917464
8 6 1 0 0.0003630
8 6 1 1 0.0910713
8 6 2 0 0.0023384
8 6 2 1 0.0453438
8 6 2 2 0.0538059
8 6 3 0 -0.0069469
8 6 3 1 -0.0420917
8 6 3 2 -0.0281699
8 6 3 3 0.1111814
8 6 4 0 0.0128246
8 6 4 1 0.0523383
8 6 4 2 0.0325863
8 6 4 3 -0.0083065
8 6 4 4 0.0125448
8 6 5 0 -0.0042985
8 6 5 1 0.0020892
8 6 5 2 -0.0145472
8 6 5 3 -0.0157923
8 6 5 4 0.0150473
8 6 5 5 0.0246720
8 6 6 0 0.0155804
8 6 6 1 0.0308433
8 6 6 2 -0.0492976
8 6 6 3 0.0451757
8 6 6 4 -0.0480633
8 6 6 5 0.0061333
8 6 6 6 0.0024169
8 6 7 0 0.0025488
8 6 7 1 -0.0145636
8 6 7 2 -0.0032972
8 6 7 3 0.0483836
8 6 7 4 0.0040781
8 6 7 5 0.0377421
8 6 7 6 -0.0243179
8 6 7 7 -0.1100603
8 6 8 0 -0.0136018
8 6 8 1 -0.0202223
8 6 8 2 0.0063474
8 6 8 3 -0.0208383
8 6 8 4 0.0172625
8 6 8 5 -0.0243808
8 6 8 6 0.0824685
8 6 8 7 -0.0072872
8 6 8 8 -0.0966501
8 7 0 0 -0.0657257
8 7 1 0 -0.0000670
8 7 1 1 -0.0610240
8 7 2 0 -0.0007654
8 7 2 1 -0.0164161
8 7 2 2 -0.0222586
8 7 3 0 -0.0144958
8 7 3 1 -0.0901525
8 7 3 2 -0.0375874
8 7 3 3 -0.0719458
8 7 4 0 -0.0052269
8 7 4 1 -0.0206423
8 7 4 2 -0.0142676
8 7 4 3 -0.0109653
8 7 4 4 -0.0072454
8 7 5 0 -0.0020428
8 7 5 1 -0.0018033
8 7 5 2 0.0229319
8 7 5 3 0.0035291
8 7 5 4 -0.0019067
8 7 5 5 -0.0931701
8 7 6 0 0.0040543
8 7 6 1 -0.0142208
8 7 6 2 0.0087110
8 7 6 3 0.0129142
8 7 6 4 0.0043575
8 7 6 5 -0.0145741
8 7 6 6 0.0572339
8 7 7 0 0.0221392
8 7 7 1 0.0228815
8 7 7 2 -0.0246148
8 7 7 3 -0.0565707
8 7 7 4 -0.0435473
8 7 7 5 -0.0110996
8 7 7 6 0.0541641
8 7 7 7 0.0153222
8 7 8 0 0.0059547
8 7 8 1 0.0051763
8 7 8 2 0.0009667
8 7 8 3 -0.0331254
8 7 8 4 -0.0025710
8 7 8 5 0.0092136
8 7 8 6 -0.0072872
8 7 8 7 0.0913903
8 7 8 8 0.0499743
8 8 0 0 -0.6255490
8 8 1 0 0.0107078
8 8 1 1 -0.4096123
8 8 2 0 -0.0386431
8 8 2 1 -0.1728169
8 8 2 2 -0.0742671
8 8 3 0 -0.0018276
8 8 3 1 -0.0039887
8 8 3 2 0.0121438
8 8 3 3 -0.1703692
8 8 4 0 0.0213214
8 8 4 1 0.0806879
8 8 4 2 -0.0058558
8 8 4 3 0.0044702
8 8 4 4 -0.0664809
8 8 5 0 -0.0145321
8 8 5 1 -0.0641866
8 8 5 2 0.0104179
8 8 5 3 0.0332550
8 8 5 4 0.0002833
8 8 5 5 -0.5460732
8 8 6 0 -0.0066052
8 8 6 1 -0.0307937
8 8 6 2 0.0758954
8 8 6 3 -0.1145317
8 8 6 4 0.1459895
8 8 6 5 -0.0326964
8 8 6 6 -0.4254553
8 8 7 0 -0.0028537
8 8 7 1 -0.0096321
8 8 7 2 -0.0167639
8 8 7 3 -0.2293694
8 8 7 4 -0.0555949
8 8 7 5 0.0111658
8 8 7 6 0.0022733
8 8 7 7 -0.3740016
8 8 8 0 -0.0175456
8 8 8 1 -0.2133087
8 8 8 2 -0.0699082
8 8 8 3 0.0139705
8 8 8 4 0.0971530
8 8 8 5 0.0018200
8 8 8 6 -0.0966501
8 8 8 7 0.0499743
8 8 8 8 -0.2262179
9 0 0 0 0.0001592
9 0 1 0 0.0000307
9 0 1 1 0.0001802
9 0 2 0 -0.0000785
9 0 2 1 -0.0001632
9 0 2 2 -0.0000298
9 0 3 0 0.0002674
9 0 3 1 0.0005800
9 0 3 2 0.0001652
9 0 3 3 -0.0000101
9 0 4 0 -0.0003197
9 0 4 1 -0.0005340
9 0 4 2 -0.0000300
9 0 4 3 0.0000187
9 0 4 4 0.0002388
9 0 5 0 0.0000721
9 0 5 1 0.0000602
9 0 5 2 -0.0000167
9 0 5 3 0.0000408
9 0 5 4 -0.0001840
9 0 5 5 -0.0001187
9 0 6 0 -0.0004299
9 0 6 1 -0.0003739
9 0 6 2 -0.0001057
9 0 6 3 0.0000095
9 0 6 4 -0.0000403
9 0 6 5 -0.0001012
9 0 6 6 -0.0006214
9 0 7 0 -0.0003330
9 0 7 1 -0.0003510
9 0 7 2 0.0000437
9 0 7 3 -0.0000126
9 0 7 4 0.0003075
9 0 7 5 -0.0001455
9 0 7 6 -0.0001258
9 0 7 7 0.0001318
9 0 8 0 -0.0000322
9 0 8 1 0.0000537
9 0 8 2 -0.0001044
9 0 8 3 0.0003177
9 0 8 4 -0.0004424
9 0 8 5 0.0002066
9 0 8 6 -0.0005728
9 0 8 7 -0.0004280
9 0 8 8 -0.0001135
9 0 9 0 0.0000270
9 0 9 1 0.0000699
9 0 9 2 0.0000893
9 0 9 3 -0.0000007
9 0 9 4 -0.0000423
9 0 9 5 -0.0000389
9 0 9 6 -0.0000513
9 0 9 7 0.0000384
9 0 9 8 0.0005796
9 0 9 9 -0.0000000
9 1 0 0 -0.0061524
9 1 1 0 0.0001235
9 1 1 1 -0.0051590
9 1 2 0 -0.0002905
9 1 2 1 -0.0027704
9 1 2 2 -0.0029378
9 1 3 0 0.0012777
9 1 3 1 0.0106854
9 1 3 2 0.0042252
9 1 3 3 -0.0056959
9 1 4 0 -0.0014356
9 1 4 1 -0.0081150
9 1 4 2 -0.0024950
9 1 4 3 0.0022052
9 1 4 4 0.0012216
9 1 5 0 0.0003263
9 1 5 1 0.0008323
9 1 5 2 0.0012648
9 1 5 3 0.0013893
9 1 5 4 -0.0028575
9 1 5 5 0.0050422
9 1 6 0 -0.0017732
9 1 6 1 -0.0041350
9 1 6 2 0.0026868
9 1 6 3 -0.0057503
9 1 6 4 0.0041327
9 1 6 5 0.0002693
9 1 6 6 -0.0105966
9 1 7 0 -0.0014842
9 1 7 1 -0.0028023
9 1 7 2 -0.0000143
9 1 7 3 -0.0020493
9 1 7 4 0.0042177
9 1 7 5 -0.0025879
9 1 7 6 -0.0013204
9 1 7 7 0.0045578
9 1 8 0 -0.0001946
9 1 8 1 -0.0010395
9 1 8 2 -0.0016984
9 1 8 3 0.0051495
9 1 8 4 -0.0054664
9 1 8 5 0.0001492
9 1 8 6 -0.0101223
9 1 8 7 -0.0057927
9 1 8 8 -0.0000085
9 1 9 0 0.0000699
9 1 9 1 0.0063060
9 1 9 2 -0.0021593
9 1 9 3 -0.0004843
9 1 9 4 -0.0001309
9 1 9 5 0.0065831
9 1 9 6 0.0047505
9 1 9 7 -0.0028355
9 1 9 8 -0.0131443
9 1 9 9 0.0000002
9 2 0 0 -0.0040378
9 2 1 0 0.0000021
9 2 1 1 -0.0033417
9 2 2 0 0.0000339
9 2 2 1 -0.0002457
9 2 2 2 -0.0011016
9 2 3 0 0.0000146
9 2 3 1 0.0005546
9 2 3 2 0.0006545
9 2 3 3 -0.0020795
9 2 4 0 0.0000878
9 2 4 1 0.0004043
9 2 4 2 -0.0005111
9 2 4 3 0.0004119
9 2 4 4 -0.0009842
9 2 5 0 0.0000123
9 2 5 1 -0.0007662
9 2 5 2 0.0005242
9 2 5 3 0.0003863
9 2 5 4 -0.0003259
9 2 5 5 -0.0023338
9 2 6 0 0.0000708
9 2 6 1 -0.0000866
9 2 6 2 0.0019513
9 2 6 3 -0.0011253
9 2 6 4 0.0011244
9 2 6 5 -0.0005104
9 2 6 6 0.0004092
9 2 7 0 -0.0000469
9 2 7 1 0.0004659
9 2 7 2 0.0002068
9 2 7 3 -0.0010802
9 2 7 4 -0.0001934
9 2 7 5 -0.0004202
9 2 7 6 0.0002817
9 2 7 7 0.0012264
9 2 8 0 0.0000023
9 2 8 1 -0.0006635
9 2 8 2 0.0000728
9 2 8 3 -0.0008734
9 2 8 4 0.0022357
9 2 8 5 0.0020602
9 2 8 6 -0.0000284
9 2 8 7 0.0010040
9 2 8 8 -0.0008607
9 2 9 0 0.0000893
9 2 9 1 -0.0021593
9 2 9 2 0.0020217
9 2 9 3 -0.0001229
9 2 9 4 -0.0001366
9 2 9 5 -0.0028814
9 2 9 6 -0.0035213
9 2 9 7 0.0014522
9 2 9 8 0.0113309
9 2 9 9 -0.0000002
9 3 0 0 0.0171416
9 3 1 0 -0.0000344
9 3 1 1 0.0146528
9 3 2 0 -0.0000944
9 3 2 1 0.0012765
9 3 2 2 0.0046260
9 3 3 0 -0.0000892
9 3 3 1 -0.0010823
9 3 3 2 -0.0012407
9 3 3 3 0.0111554
9 3 4 0 0.0001550
9 3 4 1 0.0016074
9 3 4 2 0.0030363
9 3 4 3 -0.0007188
9 3 4 4 0.0024665
9 3 5 0 -0.0000474
9 3 5 1 0.0005441
9 3 5 2 -0.0024824
9 3 5 3 -0.0024950
9 3 5 4 0.0006070
9 3 5 5 -0.0012611
9 3 6 0 0.0000057
9 3 6 1 0.0015059
9 3 6 2 -0.0066359
9 3 6 3 0.0039857
9 3 6 4 -0.0050663
9 3 6 5 0.0003942
9 3 6 6 0.0011889
9 3 7 0 0.0001352
9 3 7 1 -0.0006709
9 3 7 2 0.0016988
9 3 7 3 0.0067321
9 3 7 4 0.0013453
9 3 7 5 0.0012568
9 3 7 6 -0.0031473
9 3 7 7 -0.0046574
9 3 8 0 0.0001027
9 3 8 1 0.0031318
9 3 8 2 0.0007479
9 3 8 3 -0.0006986
9 3 8 4 -0.0024704
9 3 8 5 -0.0006931
9 3 8 6 0.0048647
9 3 8 7 -0.0017128
9 3 8 8 0.0010686
9 3 9 0 -0.0000007
9 3 9 1 -0.0004843
9 3 9 2 -0.0001229
9 3 9 3 0.0006971
9 3 9 4 -0.0002771
9 3 9 5 -0.0018055
9 3 9 6 0.0010395
9 3 9 7 0.0006793
9 3 9 8 0.0006772
9 3 9 9 -0.0000000
9 4 0 0 -0.0103572
9 4 1 0 -0.0000223
9 4 1 1 -0.0092917
9 4 2 0 0.0001874
9 4 2 1 0.0003758
9 4 2 2 -0.0026399
9 4 3 0 -0.0001619
9 4 3 1 -0.0006267
9 4 3 2 0.0005022
9 4 3 3 -0.0060442
9 4 4 0 0.0002042
9 4 4 1 0.0004019
9 4 4 2 -0.0017310
9 4 4 3 0.0001603
9 4 4 4 -0.0019532
9 4 5 0 -0.0000239
9 4 5 1 -0.0010780
9 4 5 2 0.0025957
9 4 5 3 0.0001296
9 4 5 4 -0.0007876
9 4 5 5 -0.0063212
9 4 6 0 0.0003867
9 4 6 1 -0.0003096
9 4 6 2 0.0043680
9 4 6 3 -0.0020321
9 4 6 4 0.0027973
9 4 6 5 -0.0000989
9 4 6 6 0.0013509
9 4 7 0 0.0001470
9 4 7 1 0.0010063
9 4 7 2 -0.0008592
9 4 7 3 -0.0038210
9 4 7 4 -0.0016302
9 4 7 5 -0.0017022
9 4 7 6 0.0016592
9 4 7 7 0.0022827
9 4 8 0 -0.0000580
9 4 8 1 -0.0020884
9 4 8 2 0.0001228
9 4 8 3 -0.0000683
9 4 8 4 0.0023867
9 4 8 5 0.0022165
9 4 8 6 -0.0019565
9 4 8 7 0.0024895
9 4 8 8 0.0017687
9 4 9 0 -0.0000423
9 4 9 1 -0.0001309
9 4 9 2 -0.0001366
9 4 9 3 -0.0002771
9 4 9 4 0.0005017
9 4 9 5 0.0039651
9 4 9 6 -0.0009011
9 4 9 7 0.0003374
9 4 9 8 -0.0014173
9 4 9 9 0.0000000
9 5 0 0 -0.0827007
9 5 1 0 -0.0000047
9 5 1 1 -0.0759361
9 5 2 0 0.0011075
9 5 2 1 0.0022133
9 5 2 2 -0.0220269
9 5 3 0 0.0003770
9 5 3 1 0.0006787
9 5 3 2 0.0037328
9 5 3 3 -0.0537417
9 5 4 0 -0.0012493
9 5 4 1 -0.0106634
9 5 4 2 -0.0151912
9 5 4 3 -0.0008193
9 5 4 4 -0.0106403
9 5 5 0 0.0002602
9 5 5 1 -0.0088895
9 5 5 2 0.0278608
9 5 5 3 -0.0027051
9 5 5 4 -0.0141201
9 5 5 5 -0.0883396
9 5 6 0 0.0001269
9 5 6 1 -0.0099637
9 5 6 2 0.0337179
9 5 6 3 -0.0136690
9 5 6 4 0.0202787
9 5 6 5 -0.0040347
9 5 6 6 -0.0008808
9 5 7 0 -0.0006870
9 5 7 1 0.0001100
9 5 7 2 -0.0081442
9 5 7 3 -0.0370343
9 5 7 4 -0.0112605
9 5 7 5 -0.0230458
9 5 7 6 0.0135428
9 5 7 7 0.0191947
9 5 8 0 -0.0009532
9 5 8 1 -0.0168039
9 5 8 2 0.0000670
9 5 8 3 0.0056706
9 5 8 4 0.0087751
9 5 8 5 0.0295139
9 5 8 6 -0.0277139
9 5 8 7 0.0205546
9 5 8 8 0.0218349
9 5 9 0 -0.0000389
9 5 9 1 0.0065831
9 5 9 2 -0.0028814
9 5 9 3 -0.0018055
9 5 9 4 0.0039651
9 5 9 5 0.0557427
9 5 9 6 -0.0022178
9 5 9 7 0.0040543
9 5 9 8 -0.0164955
9 5 9 9 0.0000002
9 6 0 0 0.0346092
9 6 1 0 0.0000436
9 6 1 1 0.0302354
9 6 2 0 -0.0005191
9 6 2 1 -0.0001032
9 6 2 2 0.0087983
9 6 3 0 0.0004996
9 6 3 1 0.0018956
9 6 3 2 -0.0018093
9 6 3 3 0.0200185
9 6 4 0 -0.0007336
9 6 4 1 -0.0021262
9 6 4 2 0.0053138
9 6 4 3 -0.0009189
9 6 4 4 0.0069218
9 6 5 0 0.0000664
9 6 5 1 0.0037047
9 6 5 2 -0.0068304
9 6 5 3 -0.0021162
9 6 5 4 0.0017222
9 6 5 5 0.0154823
9 6 6 0 -0.0012079
9 6 6 1 0.0007375
9 6 6 2 -0.0146053
9 6 6 3 0.0067268
9 6 6 4 -0.0091328
9 6 6 5 0.0013214
9 6 6 6 -0.0046462
9 6 7 0 -0.0004392
9 6 7 1 -0.0036008
9 6 7 2 0.0022899
9 6 7 3 0.0124194
9 6 7 4 0.0050227
9 6 7 5 0.0039741
9 6 7 6 -0.0056995
9 6 7 7 -0.0080307
9 6 8 0 0.0001231
9 6 8 1 0.0065814
9 6 8 2 -0.0002529
9 6 8 3 0.0022242
9 6 8 4 -0.0106526
9 6 8 5 -0.0077708
9 6 8 6 0.0044175
9 6 8 7 -0.0084915
9 6 8 8 -0.0012066
9 6 9 0 -0.0000513
9 6 9 1 0.0047505
9 6 9 2 -0.0035213
9 6 9 3 0.0010395
9 6 9 4 -0.0009011
9 6 9 5 -0.0022178
9 6 9 6 0.0089886
9 6 9 7 -0.0031253
9 6 9 8 -0.0180724
9 6 9 9 0.0000003
9 7 0 0 0.0072048
9 7 1 0 -0.0000897
9 7 1 1 0.0051836
9 7 2 0 0.0001998
9 7 2 1 0.0028996
9 7 2 2 0.0022681
9 7 3 0 -0.0003788
9 7 3 1 -0.0032143
9 7 3 2 -0.0012605
9 7 3 3 0.0058808
9 7 4 0 0.0005015
9 7 4 1 0.0029338
9 7 4 2 0.0016569
9 7 4 3 -0.0011877
9 7 4 4 0.0002542
9 7 5 0 -0.0000945
9 7 5 1 -0.0019093
9 7 5 2 0.0018987
9 7 5 3 -0.0043495
9 7 5 4 -0.0014543
9 7 5 5 -0.0220818
9 7 6 0 0.0006085
9 7 6 1 0.0013905
9 7 6 2 -0.0020058
9 7 6 3 0.0032264
9 7 6 4 -0.0033352
9 7 6 5 -0.0005322
9 7 6 6 0.0046540
9 7 7 0 0.0004040
9 7 7 1 0.0003625
9 7 7 2 0.0012837
9 7 7 3 0.0026990
9 7 7 4 -0.0012521
9 7 7 5 -0.0023714
9 7 7 6 -0.0017716
9 7 7 7 -0.0030851
9 7 8 0 0.0000255
9 7 8 1 0.0009959
9 7 8 2 0.0016700
9 7 8 3 -0.0019622
9 7 8 4 0.0015321
9 7 8 5 0.0065211
9 7 8 6 0.0043197
9 7 8 7 0.0035706
9 7 8 8 0.0053799
9 7 9 0 0.0000384
9 7 9 1 -0.0028355
9 7 9 2 0.0014522
9 7 9 3 0.0006793
9 7 9 4 0.0003374
9 7 9 5 0.0040543
9 7 9 6 -0.0031253
9 7 9 7 0.0037101
9 7 9 8 0.0102522
9 7 9 9 -0.0000002
9 8 0 0 0.0082684
9 8 1 0 -0.0000087
9 8 1 1 0.0073242
9 8 2 0 -0.0000472
9 8 2 1 0.0010096
9 8 2 2 0.0027935
9 8 3 0 -0.0002323
9 8 3 1 -0.0049101
9 8 3 2 -0.0025766
9 8 3 3 0.0058813
9 8 4 0 0.0002337
9 8 4 1 0.0032037
9 8 4 2 0.0030592
9 8 4 3 -0.0018020
9 8 4 4 0.0002784
9 8 5 0 -0.0000370
9 8 5 1 -0.0027816
9 8 5 2 -0.0001717
9 8 5 3 -0.0021405
9 8 5 4 -0.0010608
9 8 5 5 -0.0246839
9 8 6 0 0.0001475
9 8 6 1 0.0010832
9 8 6 2 -0.0028236
9 8 6 3 0.0061932
9 8 6 4 -0.0058176
9 8 6 5 -0.0042447
9 8 6 6 0.0051679
9 8 7 0 0.0002463
9 8 7 1 -0.0005830
9 8 7 2 0.0021753
9 8 7 3 0.0016151
9 8 7 4 -0.0014354
9 8 7 5 -0.0007701
9 8 7 6 -0.0006640
9 8 7 7 -0.0032045
9 8 8 0 0.0000946
9 8 8 1 0.0020390
9 8 8 2 0.0016991
9 8 8 3 -0.0067214
9 8 8 4 0.0069758
9 8 8 5 0.0120627
9 8 8 6 0.0089803
9 8 8 7 0.0069280
9 8 8 8 -0.0029176
9 8 9 0 0.0005796
9 8 9 1 -0.0131443
9 8 9 2 0.0113309
9 8 9 3 0.0006772
9 8 9 4 -0.0014173
9 8 9 5 -0.0164955
9 8 9 6 -0.0180724
9 8 9 7 0.0102522
9 8 9 8 0.0692823
9 8 9 9 -0.0000009
9 9 0 0 -0.0000000
9 9 1 0 0.0000000
9 9 1 1 -0.0000000
9 9 2 0 -0.0000000
9 9 2 1 -0.0000000
9 9 2 2 -0.0000000
9 9 3 0 0.0000000
9 9 3 1 0.0000002
9 9 3 2 0.0000001
9 9 3 3 -0.0000001
9 9 4 0 -0.0000000
9 9 4 1 -0.0000001
9 9 4 2 -0.0000000
9 9 4 3 0.0000000
9 9 4 4 0.0000000
9 9 5 0 0.0000000
9 9 5 1 0.0000001
9 9 5 2 -0.0000000
9 9 5 3 0.0000000
9 9 5 4 -0.0000000
9 9 5 5 0.0000004
9 9 6 0 -0.0000000
9 9 6 1 -0.0000001
9 9 6 2 0.0000000
9 9 6 3 -0.0000001
9 9 6 4 0.0000001
9 9 6 5 0.0000000
9 9 6 6 -0.0000002
9 9 7 0 -0.0000000
9 9 7 1 -0.0000000
9 9 7 2 -0.0000000
9 9 7 3 0.0000000
9 9 7 4 0.0000001
9 9 7 5 0.0000000
9 9 7 6 -0.0000000
9 9 7 7 0.0000001
9 9 8 0 -0.0000000
9 9 8 1 -0.0000000
9 9 8 2 -0.0000000
9 9 8 3 0.0000001
9 9 8 4 -0.0000002
9 9 8 5 -0.0000002
9 9 8 6 -0.0000002
9 9 8 7 -0.0000002
9 9 8 8 0.0000000
9 9 9 0 -0.0000000
9 9 9 1 0.0000002
9 9 9 2 -0.0000002
9 9 9 3 -0.0000000
9 9 9 4 0.0000000
9 9 9 5 0.0000002
9 9 9 6 0.0000003
9 9 9 7 -0.0000002
9 9 9 8 -0.0000009
9 9 9 9 0.0000000
10 0 0 0 0.0002207
10 0 1 0 0.0000395
10 0 1 1 0.0002381
10 0 2 0 -0.0000571
10 0 2 1 -0.0001266
10 0 2 2 0.0000262
10 0 3 0 -0.0002310
10 0 3 1 -0.0004855
10 0 3 2 -0.0001258
10 0 3 3 -0.0000546
10 0 4 0 -0.0004129
10 0 4 1 -0.0006694
10 0 4 2 -0.0000374
10 0 4 3 0.0000151
10 0 4 4 0.0003442
10 0 5 0 -0.0000627
10 0 5 1 0.0000355
10 0 5 2 -0.0001449
10 0 5 3 0.0000240
10 0 5 4 -0.0000116
10 0 5 5 0.0003856
10 0 6 0 -0.0000974
10 0 6 1 -0.0000296
10 0 6 2 -0.0001324
10 0 6 3 -0.0000769
10 0 6 4 -0.0003418
10 0 6 5 -0.0000585
10 0 6 6 -0.0001743
10 0 7 0 0.0004588
10 0 7 1 0.0004399
10 0 7 2 0.0000432
10 0 7 3 -0.0000310
10 0 7 4 -0.0000875
10 0 7 5 0.0002543
10 0 7 6 0.0003464
10 0 7 7 -0.0002476
10 0 8 0 -0.0000844
10 0 8 1 0.0000122
10 0 8 2 -0.0000580
10 0 8 3 -0.0002968
10 0 8 4 -0.0005892
10 0 8 5 -0.0004090
10 0 8 6 -0.0001507
10 0 8 7 0.0005425
10 0 8 8 -0.0002034
10 0 9 0 0.0000002
10 0 9 1 -0.0000041
10 0 9 2 0.0000000
10 0 9 3 -0.0000043
10 0 9 4 -0.0000136
10 0 9 5 -0.0001441
10 0 9 6 0.0000213
10 0 9 7 -0.0000367
10 0 9 8 0.0000082
10 0 9 9 0.0000000
10 0 10 0 0.0000271
10 0 10 1 0.0000774
10 0 10 2 0.0000742
10 0 10 3 0.0000186
10 0 10 4 -0.0000285
10 0 10 5 0.0002283
10 0 10 6 -0.0000390
10 0 10 7 0.0001046
10 0 10 8 0.0005602
10 0 10 9 -0.0000000
10 0 10 10 -0.0000000
10 1 0 0 -0.0017107
10 1 1 0 0.0001633
10 1 1 1 -0.0012531
10 1 2 0 -0.0002697
10 1 2 1 -0.0022472
10 1 2 2 -0.0008704
10 1 3 0 -0.0010806
10 1 3 1 -0.0087728
10 1 3 2 -0.0026183
10 1 3 3 -0.0052281
10 1 4 0 -0.0018038
10 1 4 1 -0.0096773
10 1 4 2 -0.0016331
10 1 4 3 -0.0011931
10 1 4 4 0.0032090
10 1 5 0 -0.0002775
10 1 5 1 -0.0009727
10 1 5 2 -0.0004010
10 1 5 3 0.0004437
10 1 5 4 0.0000641
10 1 5 5 -0.0116552
10 1 6 0 -0.0003798
10 1 6 1 -0.0006814
10 1 6 2 -0.0001065
10 1 6 3 0.0003989
10 1 6 4 -0.0026035
10 1 6 5 -0.0042148
10 1 6 6 -0.0018351
10 1 7 0 0.0019429
10 1 7 1 0.0038118
10 1 7 2 -0.0002336
10 1 7 3 -0.0053256
10 1 7 4 -0.0037126
10 1 7 5 0.0022548
10 1 7 6 0.0053611
10 1 7 7 -0.0040009
10 1 8 0 -0.0003652
10 1 8 1 -0.0001541
10 1 8 2 -0.0017535
10 1 8 3 -0.0039055
10 1 8 4 -0.0072458
10 1 8 5 0.0022394
10 1 8 6 -0.0025245
10 1 8 7 0.0098535
10 1 8 8 -0.0046869
10 1 9 0 -0.0000014
10 1 9 1 -0.0000526
10 1 9 2 -0.0002371
10 1 9 3 0.0000005
10 1 9 4 0.0000353
10 1 9 5 0.0019556
10 1 9 6 0.0002993
10 1 9 7 0.0001106
10 1 9 8 -0.0002915
10 1 9 9 0.0000000
10 1 10 0 0.0000774
10 1 10 1 0.0059038
10 1 10 2 -0.0021145
10 1 10 3 0.0003069
10 1 10 4 -0.0005759
10 1 10 5 0.0019491
10 1 10 6 0.0058975
10 1 10 7 -0.0023798
10 1 10 8 -0.0121416
10 1 10 9 0.0000001
10 1 10 10 0.0000000
10 2 0 0 -0.0125542
10 2 1 0 -0.0000126
10 2 1 1 -0.0111700
10 2 2 0 0.0001883
10 2 2 1 0.0003058
10 2 2 2 -0.0030902
10 2 3 0 0.0000117
10 2 3 1 -0.0003668
10 2 3 2 0.0000061
10 2 3 3 -0.0073075
10 2 4 0 0.0000796
10 2 4 1 0.0001755
10 2 4 2 -0.0019242
10 2 4 3 -0.0003347
10 2 4 4 -0.0022276
10 2 5 0 0.0000244
10 2 5 1 0.0000711
10 2 5 2 0.0026906
10 2 5 3 0.0012091
10 2 5 4 -0.0008448
10 2 5 5 0.0007190
10 2 6 0 0.0001974
10 2 6 1 -0.0013422
10 2 6 2 0.0047428
10 2 6 3 -0.0013776
10 2 6 4 0.0029541
10 2 6 5 0.0012342
10 2 6 6 0.0012350
10 2 7 0 -0.0000932
10 2 7 1 0.0001720
10 2 7 2 -0.0019890
10 2 7 3 -0.0049585
10 2 7 4 -0.0017129
10 2 7 5 -0.0015428
10 2 7 6 0.0019898
10 2 7 7 0.0028150
10 2 8 0 -0.0000851
10 2 8 1 -0.0027107
10 2 8 2 0.0006477
10 2 8 3 0.0010787
10 2 8 4 0.0035921
10 2 8 5 -0.0015082
10 2 8 6 -0.0028360
10 2 8 7 0.0008092
10 2 8 8 0.0030835
10 2 9 0 -0.0000031
10 2 9 1 -0.0000586
10 2 9 2 0.0002479
10 2 9 3 -0.0004295
10 2 9 4 0.0002984
10 2 9 5 0.0021488
10 2 9 6 -0.0012151
10 2 9 7 0.0000186
10 2 9 8 0.0005238
10 2 9 9 -0.0000000
10 2 10 0 0.0000742
10 2 10 1 -0.0021145
10 2 10 2 0.0022906
10 2 10 3 0.0000404
10 2 10 4 -0.0003036
10 2 10 5 -0.0082961
10 2 10 6 -0.0035315
10 2 10 7 0.0010462
10 2 10 8 0.0108444
10 2 10 9 -0.0000001
10 2 10 10 0.0000000
10 3 0 0 -0.0073567
10 3 1 0 0.0000336
10 3 1 1 -0.0058932
10 3 2 0 -0.0000135
10 3 2 1 -0.0011477
10 3 2 2 -0.0018031
10 3 3 0 -0.0000962
10 3 3 1 -0.0014855
10 3 3 2 -0.0006706
10 3 3 3 -0.0052905
10 3 4 0 -0.0000879
10 3 4 1 -0.0007527
10 3 4 2 -0.0011808
10 3 4 3 -0.0005339
10 3 4 4 -0.0008684
10 3 5 0 -0.0000128
10 3 5 1 0.0005433
10 3 5 2 0.0000097
10 3 5 3 0.0023433
10 3 5 4 0.0012003
10 3 5 5 0.0066891
10 3 6 0 0.0000326
10 3 6 1 -0.0007340
10 3 6 2 0.0020705
10 3 6 3 -0.0005174
10 3 6 4 0.0015736
10 3 6 5 -0.0002715
10 3 6 6 -0.0002386
10 3 7 0 0.0001295
10 3 7 1 0.0001433
10 3 7 2 -0.0014775
10 3 7 3 -0.0037430
10 3 7 4 -0.0016575
10 3 7 5 0.0010452
10 3 7 6 0.0022631
10 3 7 7 0.0014674
10 3 8 0 -0.0000258
10 3 8 1 -0.0011939
10 3 8 2 -0.0006815
10 3 8 3 -0.0000818
10 3 8 4 0.0008991
10 3 8 5 -0.0019997
10 3 8 6 -0.0015331
10 3 8 7 0.0008392
10 3 8 8 -0.0028309
10 3 9 0 -0.0000108
10 3 9 1 0.0000370
10 3 9 2 -0.0000407
10 3 9 3 -0.0002994
10 3 9 4 -0.0000459
10 3 9 5 -0.0013359
10 3 9 6 -0.0000302
10 3 9 7 -0.0007718
10 3 9 8 -0.0007013
10 3 9 9 0.0000000
10 3 10 0 0.0000186
10 3 10 1 0.0003069
10 3 10 2 0.0000404
10 3 10 3 0.0004781
10 3 10 4 0.0001933
10 3 10 5 0.0033931
10 3 10 6 -0.0000438
10 3 10 7 0.0014100
10 3 10 8 0.0005183
10 3 10 9 -0.0000000
10 3 10 10 -0.0000000
10 4 0 0 0.0037758
10 4 1 0 -0.0000168
10 4 1 1 0.0037514
10 4 2 0 -0.0000464
10 4 2 1 -0.0002546
10 4 2 2 0.0010786
10 4 3 0 0.0001800
10 4 3 1 0.0010124
10 4 3 2 -0.0001273
10 4 3 3 0.0029840
10 4 4 0 0.0003899
10 4 4 1 0.0019914
10 4 4 2 0.0008749
10 4 4 3 0.0000745
10 4 4 4 -0.0000777
10 4 5 0 0.0000400
10 4 5 1 0.0008514
10 4 5 2 -0.0017026
10 4 5 3 0.0008233
10 4 5 4 0.0014280
10 4 5 5 0.0091583
10 4 6 0 0.0000353
10 4 6 1 0.0004180
10 4 6 2 -0.0018300
10 4 6 3 0.0009197
10 4 6 4 -0.0002274
10 4 6 5 0.0006676
10 4 6 6 0.0002017
10 4 7 0 -0.0003239
10 4 7 1 -0.0008378
10 4 7 2 0.0001211
10 4 7 3 0.0021319
10 4 7 4 0.0009012
10 4 7 5 0.0015089
10 4 7 6 -0.0013375
10 4 7 7 -0.0003955
10 4 8 0 0.0001324
10 4 8 1 0.0009104
10 4 8 2 -0.0001808
10 4 8 3 0.0003270
10 4 8 4 0.0004734
10 4 8 5 -0.0022602
10 4 8 6 0.0017574
10 4 8 7 -0.0026150
10 4 8 8 -0.0022255
10 4 9 0 -0.0000070
10 4 9 1 -0.0000530
10 4 9 2 -0.0000474
10 4 9 3 0.0000757
10 4 9 4 -0.0002623
10 4 9 5 -0.0036079
10 4 9 6 0.0005889
10 4 9 7 -0.0006103
10 4 9 8 -0.0004682
10 4 9 9 0.0000000
10 4 10 0 -0.0000285
10 4 10 1 -0.0005759
10 4 10 2 -0.0003036
10 4 10 3 0.0001933
10 4 10 4 0.0004960
10 4 10 5 0.0070575
10 4 10 6 -0.0004290
10 4 10 7 0.0015012
10 4 10 8 -0.0000756
10 4 10 9 -0.0000000
10 4 10 10 -0.0000000
10 5 0 0 0.1554258
10 5 1 0 0.0002068
10 5 1 1 0.1430792
10 5 2 0 -0.0025912
10 5 2 1 -0.0081229
10 5 2 2 0.0400897
10 5 3 0 -0.0000185
10 5 3 1 0.0054934
10 5 3 2 -0.0039321
10 5 3 3 0.0960221
10 5 4 0 0.0001714
10 5 4 1 0.0079085
10 5 4 2 0.0263444
10 5 4 3 0.0043528
10 5 4 4 0.0243859
10 5 5 0 -0.0003384
10 5 5 1 0.0177598
10 5 5 2 -0.0525679
10 5 5 3 0.0055240
10 5 5 4 0.0267660
10 5 5 5 0.1715455
10 5 6 0 -0.0021362
10 5 6 1 0.0160523
10 5 6 2 -0.0640283
10 5 6 3 0.0200895
10 5 6 4 -0.0357818
10 5 6 5 0.0056726
10 5 6 6 -0.0113045
10 5 7 0 0.0008689
10 5 7 1 -0.0009285
10 5 7 2 0.0159014
10 5 7 3 0.0678745
10 5 7 4 0.0260263
10 5 7 5 0.0431874
10 5 7 6 -0.0236231
10 5 7 7 -0.0341119
10 5 8 0 0.0014993
10 5 8 1 0.0320117
10 5 8 2 -0.0038104
10 5 8 3 -0.0066933
10 5 8 4 -0.0296893
10 5 8 5 -0.0562917
10 5 8 6 0.0415132
10 5 8 7 -0.0410968
10 5 8 8 -0.0452733
10 5 9 0 -0.0000428
10 5 9 1 -0.0005817
10 5 9 2 -0.0017085
10 5 9 3 0.0034024
10 5 9 4 -0.0066146
10 5 9 5 -0.0771491
10 5 9 6 0.0167551
10 5 9 7 -0.0113957
10 5 9 8 -0.0078333
10 5 9 9 0.0000002
10 5 10 0 0.0002283
10 5 10 1 0.0019491
10 5 10 2 -0.0082961
10 5 10 3 0.0033931
10 5 10 4 0.0070575
10 5 10 5 0.1634589
10 5 10 6 0.0029452
10 5 10 7 0.0266360
10 5 10 8 -0.0000333
10 5 10 9 -0.0000000
10 5 10 10 -0.0000001
10 6 0 0 0.0080326
10 6 1 0 0.0001077
10 6 1 1 0.0068940
10 6 2 0 -0.0002809
10 6 2 1 -0.0012117
10 6 2 2 0.0016111
10 6 3 0 -0.0006457
10 6 3 1 -0.0040774
10 6 3 2 -0.0007583
10 6 3 3 0.0017085
10 6 4 0 -0.0012920
10 6 4 1 -0.0064688
10 6 4 2 0.0003574
10 6 4 3 -0.0001885
10 6 4 4 0.0038264
10 6 5 0 -0.0001794
10 6 5 1 -0.0015531
10 6 5 2 -0.0012255
10 6 5 3 -0.0018478
10 6 5 4 -0.0004821
10 6 5 5 -0.0161149
10 6 6 0 -0.0004408
10 6 6 1 0.0007547
10 6 6 2 -0.0028949
10 6 6 3 0.0002638
10 6 6 4 -0.0038386
10 6 6 5 -0.0042920
10 6 6 6 -0.0028647
10 6 7 0 0.0012501
10 6 7 1 0.0021756
10 6 7 2 0.0019611
10 6 7 3 0.0004903
10 6 7 4 -0.0007587
10 6 7 5 0.0008631
10 6 7 6 0.0018349
10 6 7 7 -0.0036501
10 6 8 0 -0.0002043
10 6 8 1 0.0018565
10 6 8 2 -0.0015101
10 6 8 3 -0.0032253
10 6 8 4 -0.0075972
10 6 8 5 0.0058941
10 6 8 6 -0.0002226
10 6 8 7 0.0062126
10 6 8 8 -0.0036049
10 6 9 0 0.0000106
10 6 9 1 0.0002010
10 6 9 2 -0.0003807
10 6 9 3 0.0003545
10 6 9 4 -0.0000144
10 6 9 5 0.0027697
10 6 9 6 0.0008906
10 6 9 7 0.0006277
10 6 9 8 -0.0004687
10 6 9 9 0.0000000
10 6 10 0 -0.0000390
10 6 10 1 0.0058975
10 6 10 2 -0.0035315
10 6 10 3 -0.0000438
10 6 10 4 -0.0004290
10 6 10 5 0.0029452
10 6 10 6 0.0077159
10 6 10 7 -0.0040549
10 6 10 8 -0.0196397
10 6 10 9 0.0000001
10 6 10 10 0.0000000
10 7 0 0 0.0022810
10 7 1 0 0.0000400
10 7 1 1 0.0040408
10 7 2 0 -0.0002285
10 7 2 1 -0.0026837
10 7 2 2 0.0010106
10 7 3 0 0.0001262
10 7 3 1 -0.0000422
10 7 3 2 -0.0013881
10 7 3 3 0.0015935
10 7 4 0 0.0004727
10 7 4 1 0.0027800
10 7 4 2 0.0010329
10 7 4 3 -0.0003207
10 7 4 4 -0.0003420
10 7 5 0 0.0000166
10 7 5 1 0.0043215
10 7 5 2 -0.0064376
10 7 5 3 0.0062656
10 7 5 4 0.0061097
10 7 5 5 0.0449088
10 7 6 0 -0.0000069
10 7 6 1 0.0003338
10 7 6 2 -0.0029833
10 7 6 3 0.0014138
10 7 6 4 0.0001777
10 7 6 5 0.0025945
10 7 6 6 -0.0005815
10 7 7 0 -0.0002408
10 7 7 1 -0.0008443
10 7 7 2 -0.0017717
10 7 7 3 0.0015645
10 7 7 4 0.0007008
10 7 7 5 0.0073928
10 7 7 6 0.0004158
10 7 7 7 0.0002105
10 7 8 0 0.0002440
10 7 8 1 0.0009428
10 7 8 2 -0.0009623
10 7 8 3 0.0006478
10 7 8 4 0.0017142
10 7 8 5 -0.0149987
10 7 8 6 0.0025763
10 7 8 7 -0.0071971
10 7 8 8 -0.0093942
10 7 9 0 -0.0000313
10 7 9 1 -0.0001027
10 7 9 2 -0.0000953
10 7 9 3 -0.0003303
10 7 9 4 -0.0009672
10 7 9 5 -0.0143864
10 7 9 6 0.0016877
10 7 9 7 -0.0033760
10 7 9 8 -0.0021239
10 7 9 9 0.0000000
10 7 10 0 0.0001046
10 7 10 1 -0.0023798
10 7 10 2 0.0010462
10 7 10 3 0.0014100
10 7 10 4 0.0015012
10 7 10 5 0.0266360
10 7 10 6 -0.0040549
10 7 10 7 0.0086024
10 7 10 8 0.0126960
10 7 10 9 -0.0000001
10 7 10 10 -0.0000000
10 8 0 0 -0.0032499
10 8 1 0 -0.0000314
10 8 1 1 -0.0028488
10 8 2 0 0.0001513
10 8 2 1 0.0009106
10 8 2 2 -0.0002468
10 8 3 0 0.0001782
10 8 3 1 0.0041209
10 8 3 2 0.0013801
10 8 3 3 0.0006099
10 8 4 0 0.0002013
10 8 4 1 0.0035280
10 8 4 2 0.0005393
10 8 4 3 0.0012501
10 8 4 4 -0.0015804
10 8 5 0 0.0000103
10 8 5 1 0.0056051
10 8 5 2 -0.0034237
10 8 5 3 0.0037980
10 8 5 4 0.0013054
10 8 5 5 0.0503148
10 8 6 0 0.0000927
10 8 6 1 -0.0001577
10 8 6 2 0.0014565
10 8 6 3 -0.0022330
10 8 6 4 0.0005234
10 8 6 5 0.0095213
10 8 6 6 0.0009525
10 8 7 0 -0.0002641
10 8 7 1 0.0010671
10 8 7 2 -0.0022983
10 8 7 3 0.0029606
10 8 7 4 0.0032423
10 8 7 5 0.0033131
10 8 7 6 0.0002125
10 8 7 7 0.0029100
10 8 8 0 -0.0000108
10 8 8 1 -0.0021719
10 8 8 2 0.0039607
10 8 8 3 0.0041812
10 8 8 4 0.0076402
10 8 8 5 -0.0260616
10 8 8 6 -0.0003447
10 8 8 7 -0.0124578
10 8 8 8 0.0090165
10 8 9 0 0.0000023
10 8 9 1 -0.0002041
10 8 9 2 0.0008223
10 8 9 3 -0.0008306
10 8 9 4 -0.0004467
10 8 9 5 -0.0101890
10 8 9 6 -0.0010414
10 8 9 7 -0.0024249
10 8 9 8 0.0013494
10 8 9 9 -0.0000000
10 8 10 0 0.0005602
10 8 10 1 -0.0121416
10 8 10 2 0.0108444
10 8 10 3 0.0005183
10 8 10 4 -0.0000756
10 8 10 5 -0.0000333
10 8 10 6 -0.0196397
10 8 10 7 0.0126960
10 8 10 8 0.0665622
10 8 10 9 -0.0000004
10 8 10 10 -0.0000000
10 9 0 0 0.0000000
10 9 1 0 0.0000000
10 9 1 1 0.0000000
10 9 2 0 -0.0000000
10 9 2 1 -0.0000000
10 9 2 2 0.0000000
10 9 3 0 -0.0000000
10 9 3 1 -0.0000001
10 9 3 2 -0.0000000
10 9 3 3 -0.0000000
10 9 4 0 -0.0000000
10 9 4 1 -0.0000001
10 9 4 2 -0.0000000
10 9 4 3 -0.0000000
10 9 4 4 0.0000000
10 9 5 0 -0.0000000
10 9 5 1 -0.0000000
10 9 5 2 0.0000000
10 9 5 3 -0.0000000
10 9 5 4 -0.0000000
10 9 5 5 -0.0000004
10 9 6 0 -0.0000000
10 9 6 1 0.0000000
10 9 6 2 -0.0000000
10 9 6 3 0.0000000
10 9 6 4 -0.0000000
10 9 6 5 -0.0000001
10 9 6 6 -0.0000000
10 9 7 0 0.0000000
10 9 7 1 0.0000000
10 9 7 2 0.0000000
10 9 7 3 -0.0000000
10 9 7 4 -0.0000000
10 9 7 5 -0.0000000
10 9 7 6 0.0000000
10 9 7 7 -0.0000001
10 9 8 0 -0.0000000
10 9 8 1 0.0000000
10 9 8 2 -0.0000000
10 9 8 3 -0.0000000
10 9 8 4 -0.0000001
10 9 8 5 0.0000002
10 9 8 6 -0.0000000
10 9 8 7 0.0000001
10 9 8 8 -0.0000001
10 9 9 0 -0.0000000
10 9 9 1 0.0000000
10 9 9 2 -0.0000000
10 9 9 3 0.0000000
10 9 9 4 0.0000000
10 9 9 5 0.0000001
10 9 9 6 0.0000000
10 9 9 7 0.0000000
10 9 9 8 -0.0000000
10 9 9 9 0.0000000
10 9 10 0 -0.0000000
10 9 10 1 0.0000001
10 9 10 2 -0.0000001
10 9 10 3 -0.0000000
10 9 10 4 -0.0000000
10 9 10 5 -0.0000000
10 9 10 6 0.0000001
10 9 10 7 -0.0000001
10 9 10 8 -0.0000004
10 9 10 9 0.0000000
10 9 10 10 0.0000000
10 10 0 0 -0.0000001
10 10 1 0 -0.0000000
10 10 1 1 -0.0000001
10 10 2 0 0.0000000
10 10 2 1 0.0000000
10 10 2 2 -0.0000000
10 10 3 0 -0.0000000
10 10 3 1 -0.0000000
10 10 3 2 0.0000000
10 10 3 3 -0.0000001
10 10 4 0 -0.0000000
10 10 4 1 -0.0000000
10 10 4 2 -0.0000000
10 10 4 3 -0.0000000
10 10 4 4 -0.0000000
10 10 5 0 0.0000000
10 10 5 1 -0.0000000
10 10 5 2 0.0000000
10 10 5 3 -0.0000000
10 10 5 4 -0.0000000
10 10 5 5 -0.0000001
10 10 6 0 0.0000000
10 10 6 1 -0.0000000
10 10 6 2 0.0000000
10 10 6 3 -0.0000000
10 10 6 4 0.0000000
10 10 6 5 -0.0000000
10 10 6 6 0.0000000
10 10 7 0 0.0000000
10 10 7 1 0.0000000
10 10 7 2 -0.0000000
10 10 7 3 -0.0000000
10 10 7 4 -0.0000000
10 10 7 5 -0.0000000
10 10 7 6 0.0000000
10 10 7 7 0.0000000
10 10 8 0 -0.0000000
10 10 8 1 -0.0000000
10 10 8 2 0.0000000
10 10 8 3 0.0000000
10 10 8 4 0.0000000
10 10 8 5 0.0000000
10 10 8 6 -0.0000000
10 10 8 7 0.0000000
10 10 8 8 0.0000000
10 10 9 0 0.0000000
10 10 9 1 0.0000000
10 10 9 2 0.0000000
10 10 9 3 -0.0000000
10 10 9 4 0.0000000
10 10 9 5 0.0000001
10 10 9 6 -0.0000000
10 10 9 7 0.0000000
10 10 9 8 0.0000000
10 10 9 9 -0.0000000
10 10 10 0 -0.0000000
10 10 10 1 0.0000000
10 10 10 2 0.0000000
10 10 10 3 -0.0000000
10 10 10 4 -0.0000000
10 10 10 5 -0.0000001
10 10 10 6 0.0000000
10 10 10 7 -0.0000000
10 10 10 8 -0.0000000
10 10 10 9 0.0000000
10 10 10 10 0.0000000
11 0 0 0 -0.0160069
11 0 1 0 0.0011509
11 0 1 1 -0.0043347
11 0 2 0 -0.0004794
11 0 2 1 -0.0008929
11 0 2 2 -0.0004513
11 0 3 0 -0.0000692
11 0 3 1 -0.0000548
11 0 3 2 0.0000511
11 0 3 3 -0.0010608
11 0 4 0 -0.0000585
11 0 4 1 0.0005732
11 0 4 2 -0.0000769
11 0 4 3 0.0000278
11 0 4 4 -0.0003014
11 0 5 0 -0.0002309
11 0 5 1 -0.0006743
11 0 5 2 0.0001468
11 0 5 3 0.0004051
11 0 5 4 0.0000562
11 0 5 5 -0.0029063
11 0 6 0 0.0006067
11 0 6 1 -0.0004262
11 0 6 2 0.0008910
11 0 6 3 -0.0009629
11 0 6 4 0.0009596
11 0 6 5 -0.0002305
11 0 6 6 -0.0045017
11 0 7 0 -0.0004068
11 0 7 1 -0.0000790
11 0 7 2 -0.0002858
11 0 7 3 -0.0019898
11 0 7 4 -0.0003330
11 0 7 5 0.0008326
11 0 7 6 -0.0002128
11 0 7 7 -0.0042765
11 0 8 0 -0.0003347
11 0 8 1 -0.0032407
11 0 8 2 -0.0006255
11 0 8 3 0.0000876
11 0 8 4 0.0007799
11 0 8 5 -0.0003211
11 0 8 6 -0.0011343
11 0 8 7 0.0005414
11 0 8 8 -0.0043099
11 0 9 0 -0.0000001
11 0 9 1 0.0000012
11 0 9 2 -0.0000072
11 0 9 3 0.0000146
11 0 9 4 0.0000087
11 0 9 5 0.0001459
11 0 9 6 0.0000047
11 0 9 7 0.0000452
11 0 9 8 -0.0000074
11 0 9 9 -0.0000000
11 0 10 0 -0.0000001
11 0 10 1 -0.0000126
11 0 10 2 0.0000121
11 0 10 3 -0.0000240
11 0 10 4 -0.0000186
11 0 10 5 -0.0002911
11 0 10 6 -0.0000028
11 0 10 7 -0.0000824
11 0 10 8 0.0000248
11 0 10 9 -0.0000000
11 0 10 10 0.0000000
11 0 11 0 -0.0001223
11 0 11 1 -0.0002746
11 0 11 2 0.0000719
11 0 11 3 0.0000035
11 0 11 4 0.0000335
11 0 11 5 -0.0000892
11 0 11 6 -0.0001932
11 0 11 7 0.0000897
11 0 11 8 0.0001982
11 0 11 9 0.0000012
11 0 11 10 0.0000016
11 0 11 11 -0.0035471
11 1 0 0 -0.0192060
11 1 1 0 0.0004944
11 1 1 1 -0.0112897
11 1 2 0 -0.0012481
11 1 2 1 -0.0052859
11 1 2 2 -0.0006986
11 1 3 0 -0.0001330
11 1 3 1 -0.0004062
11 1 3 2 0.0000083
11 1 3 3 -0.0010706
11 1 4 0 0.0003029
11 1 4 1 0.0020739
11 1 4 2 0.0009851
11 1 4 3 0.0002017
11 1 4 4 -0.0001328
11 1 5 0 -0.0007804
11 1 5 1 -0.0031519
11 1 5 2 -0.0007761
11 1 5 3 0.0012896
11 1 5 4 0.0003517
11 1 5 5 -0.0242659
11 1 6 0 -0.0000630
11 1 6 1 0.0003033
11 1 6 2 0.0017755
11 1 6 3 -0.0040600
11 1 6 4 0.0027768
11 1 6 5 -0.0012385
11 1 6 6 -0.0246509
11 1 7 0 -0.0002521
11 1 7 1 -0.0013403
11 1 7 2 -0.0006672
11 1 7 3 -0.0077306
11 1 7 4 -0.0007015
11 1 7 5 0.0030901
11 1 7 6 -0.0022586
11 1 7 7 -0.0256582
11 1 8 0 -0.0021550
11 1 8 1 -0.0091523
11 1 8 2 -0.0047361
11 1 8 3 -0.0000602
11 1 8 4 0.0014175
11 1 8 5 -0.0021400
11 1 8 6 0.0003217
11 1 8 7 -0.0007989
11 1 8 8 -0.0278489
11 1 9 0 0.0000081
11 1 9 1 -0.0001090
11 1 9 2 -0.0000760
11 1 9 3 0.0003753
11 1 9 4 -0.0002809
11 1 9 5 -0.0023115
11 1 9 6 0.0008410
11 1 9 7 0.0000577
11 1 9 8 0.0002773
11 1 9 9 -0.0000000
11 1 10 0 0.0000071
11 1 10 1 0.0000890
11 1 10 2 -0.0003779
11 1 10 3 -0.0001123
11 1 10 4 0.0001286
11 1 10 5 0.0045243
11 1 10 6 0.0003231
11 1 10 7 0.0002075
11 1 10 8 -0.0004436
11 1 10 9 0.0000000
11 1 10 10 -0.0000000
11 1 11 0 -0.0002746
11 1 11 1 -0.0005270
11 1 11 2 -0.0008028
11 1 11 3 -0.0001457
11 1 11 4 0.0003097
11 1 11 5 -0.0013263
11 1 11 6 -0.0000211
11 1 11 7 -0.0004487
11 1 11 8 -0.0034240
11 1 11 9 0.0000379
11 1 11 10 -0.0001726
11 1 11 11 -0.0178620
11 2 0 0 -0.0191188
11 2 1 0 -0.0001695
11 2 1 1 -0.0155088
11 2 2 0 0.0016777
11 2 2 1 0.0062937
11 2 2 2 -0.0047080
11 2 3 0 0.0001120
11 2 3 1 0.0003083
11 2 3 2 0.0006760
11 2 3 3 -0.0120383
11 2 4 0 -0.0004662
11 2 4 1 -0.0023900
11 2 4 2 -0.0050082
11 2 4 3 -0.0002527
11 2 4 4 -0.0026978
11 2 5 0 0.0005677
11 2 5 1 0.0012005
11 2 5 2 0.0060883
11 2 5 3 0.0014615
11 2 5 4 -0.0017184
11 2 5 5 0.0248664
11 2 6 0 0.0008822
11 2 6 1 -0.0023891
11 2 6 2 0.0089581
11 2 6 3 -0.0005454
11 2 6 4 0.0026325
11 2 6 5 0.0017105
11 2 6 6 0.0187566
11 2 7 0 -0.0002594
11 2 7 1 0.0015607
11 2 7 2 -0.0025695
11 2 7 3 -0.0033728
11 2 7 4 -0.0018828
11 2 7 5 -0.0015950
11 2 7 6 0.0037476
11 2 7 7 0.0228452
11 2 8 0 0.0004096
11 2 8 1 -0.0035100
11 2 8 2 0.0060678
11 2 8 3 0.0010230
11 2 8 4 0.0030839
11 2 8 5 0.0039112
11 2 8 6 -0.0092930
11 2 8 7 0.0065835
11 2 8 8 0.0303378
11 2 9 0 -0.0000181
11 2 9 1 0.0003704
11 2 9 2 0.0001656
11 2 9 3 -0.0009675
11 2 9 4 0.0008982
11 2 9 5 0.0082177
11 2 9 6 -0.0024426
11 2 9 7 0.0002756
11 2 9 8 -0.0006667
11 2 9 9 0.0000000
11 2 10 0 -0.0000156
11 2 10 1 -0.0001800
11 2 10 2 0.0011587
11 2 10 3 0.0001059
11 2 10 4 -0.0005805
11 2 10 5 -0.0160988
11 2 10 6 -0.0007769
11 2 10 7 -0.0014998
11 2 10 8 0.0011384
11 2 10 9 -0.0000000
11 2 10 10 0.0000000
11 2 11 0 0.0000719
11 2 11 1 -0.0008028
11 2 11 2 0.0004559
11 2 11 3 0.0003056
11 2 11 4 0.0004042
11 2 11 5 0.0036665
11 2 11 6 -0.0017565
11 2 11 7 0.0022508
11 2 11 8 0.0075729
11 2 11 9 0.0003443
11 2 11 10 0.0005604
11 2 11 11 0.0475245
11 3 0 0 -0.0018900
11 3 1 0 -0.0000084
11 3 1 1 -0.0014741
11 3 2 0 0.0000895
11 3 2 1 0.0002906
11 3 2 2 -0.0005087
11 3 3 0 0.0003913
11 3 3 1 0.0016775
11 3 3 2 0.0005003
11 3 3 3 -0.0009996
11 3 4 0 -0.0000090
11 3 4 1 -0.0000770
11 3 4 2 -0.0004003
11 3 4 3 0.0001359
11 3 4 4 -0.0003627
11 3 5 0 0.0001511
11 3 5 1 0.0004497
11 3 5 2 0.0008160
11 3 5 3 0.0001399
11 3 5 4 -0.0004606
11 3 5 5 0.0019025
11 3 6 0 -0.0002455
11 3 6 1 -0.0013236
11 3 6 2 0.0004671
11 3 6 3 0.0001119
11 3 6 4 0.0007957
11 3 6 5 0.0000085
11 3 6 6 0.0013972
11 3 7 0 -0.0006507
11 3 7 1 -0.0019013
11 3 7 2 -0.0005936
11 3 7 3 -0.0004365
11 3 7 4 0.0005246
11 3 7 5 -0.0004778
11 3 7 6 0.0003134
11 3 7 7 0.0012912
11 3 8 0 0.0000538
11 3 8 1 -0.0003052
11 3 8 2 0.0003930
11 3 8 3 0.0010855
11 3 8 4 0.0003058
11 3 8 5 0.0008699
11 3 8 6 -0.0018521
11 3 8 7 -0.0015649
11 3 8 8 0.0022784
11 3 9 0 0.0000205
11 3 9 1 0.0005482
11 3 9 2 -0.0000433
11 3 9 3 -0.0000672
11 3 9 4 0.0000306
11 3 9 5 0.0014073
11 3 9 6 0.0001653
11 3 9 7 -0.0000664
11 3 9 8 -0.0007151
11 3 9 9 0.0000000
11 3 10 0 -0.0000231
11 3 10 1 -0.0004062
11 3 10 2 0.0001060
11 3 10 3 -0.0000739
11 3 10 4 -0.0000119
11 3 10 5 -0.0020010
11 3 10 6 -0.0003315
11 3 10 7 -0.0002319
11 3 10 8 0.0002902
11 3 10 9 -0.0000000
11 3 10 10 0.0000000
11 3 11 0 0.0000035
11 3 11 1 -0.0001457
11 3 11 2 0.0003056
11 3 11 3 0.0003394
11 3 11 4 -0.0001416
11 3 11 5 -0.0002229
11 3 11 6 -0.0002127
11 3 11 7 -0.0004045
11 3 11 8 0.0005788
11 3 11 9 -0.0013483
11 3 11 10 0.0009279
11 3 11 11 0.0023162
11 4 0 0 0.0124289
11 4 1 0 -0.0001214
11 4 1 1 0.0086140
11 4 2 0 -0.0003358
11 4 2 1 -0.0010918
11 4 2 2 0.0024577
11 4 3 0 -0.0000001
11 4 3 1 0.0000516
11 4 3 2 -0.0003397
11 4 3 3 0.0063326
11 4 4 0 0.0010948
11 4 4 1 0.0041325
11 4 4 2 0.0024812
11 4 4 3 -0.0000309
11 4 4 4 -0.0001284
11 4 5 0 -0.0000794
11 4 5 1 -0.0000136
11 4 5 2 -0.0023026
11 4 5 3 -0.0010427
11 4 5 4 0.0010535
11 4 5 5 -0.0051217
11 4 6 0 0.0002332
11 4 6 1 0.0025375
11 4 6 2 -0.0038992
11 4 6 3 0.0012597
11 4 6 4 -0.0010850
11 4 6 5 0.0002038
11 4 6 6 -0.0022579
11 4 7 0 -0.0000851
11 4 7 1 -0.0009691
11 4 7 2 0.0012000
11 4 7 3 0.0033129
11 4 7 4 0.0007357
11 4 7 5 0.0003997
11 4 7 6 -0.0023728
11 4 7 7 -0.0054836
11 4 8 0 0.0004289
11 4 8 1 0.0031244
11 4 8 2 -0.0009787
11 4 8 3 -0.0003629
11 4 8 4 0.0013036
11 4 8 5 -0.0007507
11 4 8 6 0.0061180
11 4 8 7 -0.0033067
11 4 8 8 -0.0057844
11 4 9 0 -0.0000186
11 4 9 1 -0.0008269
11 4 9 2 0.0000984
11 4 9 3 0.0004004
11 4 9 4 -0.0002351
11 4 9 5 -0.0035793
11 4 9 6 0.0002557
11 4 9 7 0.0002739
11 4 9 8 0.0014819
11 4 9 9 -0.0000000
11 4 10 0 -0.0000323
11 4 10 1 -0.0007358
11 4 10 2 -0.0002694
11 4 10 3 -0.0001366
11 4 10 4 0.0003122
11 4 10 5 0.0046976
11 4 10 6 -0.0004692
11 4 10 7 0.0006038
11 4 10 8 0.0005277
11 4 10 9 -0.0000000
11 4 10 10 -0.0000000
11 4 11 0 0.0000335
11 4 11 1 0.0003097
11 4 11 2 0.0004042
11 4 11 3 -0.0001416
11 4 11 4 0.0002989
11 4 11 5 -0.0016702
11 4 11 6 0.0010840
11 4 11 7 -0.0010432
11 4 11 8 -0.0020111
11 4 11 9 0.0015173
11 4 11 10 0.0013977
11 4 11 11 -0.0209534
11 5 0 0 -0.0183523
11 5 1 0 0.0001969
11 5 1 1 -0.0125764
11 5 2 0 -0.0000380
11 5 2 1 -0.0006481
11 5 2 2 -0.0028576
11 5 3 0 0.0001341
11 5 3 1 0.0013476
11 5 3 2 0.0009780
11 5 3 3 -0.0065099
11 5 4 0 0.0000156
11 5 4 1 0.0001829
11 5 4 2 -0.0016696
11 5 4 3 0.0000947
11 5 4 4 -0.0018755
11 5 5 0 -0.0000780
11 5 5 1 -0.0037015
11 5 5 2 0.0032637
11 5 5 3 0.0009461
11 5 5 4 -0.0004045
11 5 5 5 0.0062662
11 5 6 0 0.0001309
11 5 6 1 -0.0017911
11 5 6 2 0.0045364
11 5 6 3 -0.0028878
11 5 6 4 0.0037896
11 5 6 5 -0.0033449
11 5 6 6 -0.0053165
11 5 7 0 -0.0002645
11 5 7 1 0.0017876
11 5 7 2 0.0002888
11 5 7 3 -0.0042682
11 5 7 4 -0.0012064
11 5 7 5 0.0039553
11 5 7 6 -0.0003565
11 5 7 7 0.0045881
11 5 8 0 -0.0006525
11 5 8 1 -0.0051683
11 5 8 2 -0.0000916
11 5 8 3 0.0006131
11 5 8 4 0.0022622
11 5 8 5 0.0120052
11 5 8 6 -0.0036325
11 5 8 7 0.0056922
11 5 8 8 -0.0032902
11 5 9 0 0.0000452
11 5 9 1 -0.0001118
11 5 9 2 0.0004029
11 5 9 3 -0.0000482
11 5 9 4 0.0003722
11 5 9 5 0.0056508
11 5 9 6 -0.0015111
11 5 9 7 0.0014902
11 5 9 8 0.0035610
11 5 9 9 -0.0000000
11 5 10 0 -0.0000901
11 5 10 1 0.0006147
11 5 10 2 -0.0004604
11 5 10 3 -0.0003471
11 5 10 4 -0.0004602
11 5 10 5 -0.0107695
11 5 10 6 0.0017705
11 5 10 7 -0.0032198
11 5 10 8 -0.0073547
11 5 10 9 0.0000000
11 5 10 10 0.0000000
11 5 11 0 -0.0000892
11 5 11 1 -0.0013263
11 5 11 2 0.0036665
11 5 11 3 -0.0002229
11 5 11 4 -0.0016702
11 5 11 5 0.0037453
11 5 11 6 0.0011696
11 5 11 7 0.0011991
11 5 11 8 0.0005166
11 5 11 9 0.0024458
11 5 11 10 -0.0049527
11 5 11 11 -0.0098465
11 6 0 0 -0.0208954
11 6 1 0 0.0002220
11 6 1 1 -0.0128893
11 6 2 0 0.0002524
11 6 2 1 0.0013187
11 6 2 2 -0.0018489
11 6 3 0 -0.0003762
11 6 3 1 -0.0023784
11 6 3 2 -0.0007831
11 6 3 3 -0.0040058
11 6 4 0 0.0005568
11 6 4 1 0.0029123
11 6 4 2 -0.0009848
11 6 4 3 -0.0003646
11 6 4 4 -0.0018348
11 6 5 0 -0.0003353
11 6 5 1 -0.0016474
11 6 5 2 0.0021287
11 6 5 3 0.0010630
11 6 5 4 0.0002688
11 6 5 5 -0.0077850
11 6 6 0 0.0010513
11 6 6 1 -0.0020380
11 6 6 2 0.0041851
11 6 6 3 -0.0005626
11 6 6 4 0.0019912
11 6 6 5 -0.0002050
11 6 6 6 -0.0017929
11 6 7 0 -0.0000260
11 6 7 1 0.0004372
11 6 7 2 -0.0021641
11 6 7 3 -0.0045532
11 6 7 4 -0.0020669
11 6 7 5 -0.0002341
11 6 7 6 0.0018912
11 6 7 7 -0.0052363
11 6 8 0 -0.0012711
11 6 8 1 -0.0063760
11 6 8 2 -0.0011057
11 6 8 3 -0.0009490
11 6 8 4 0.0043586
11 6 8 5 -0.0014758
11 6 8 6 -0.0005256
11 6 8 7 0.0015153
11 6 8 8 -0.0123211
11 6 9 0 -0.0000401
11 6 9 1 -0.0008092
11 6 9 2 0.0002145
11 6 9 3 -0.0001819
11 6 9 4 0.0001747
11 6 9 5 -0.0003679
11 6 9 6 -0.0010040
11 6 9 7 0.0001111
11 6 9 8 0.0010000
11 6 9 9 -0.0000000
11 6 10 0 -0.0000115
11 6 10 1 -0.0001243
11 6 10 2 0.0001354
11 6 10 3 0.0001428
11 6 10 4 0.0000559
11 6 10 5 -0.0008284
11 6 10 6 -0.0002662
11 6 10 7 0.0002995
11 6 10 8 0.0001462
11 6 10 9 -0.0000000
11 6 10 10 0.0000000
11 6 11 0 -0.0001932
11 6 11 1 -0.0000211
11 6 11 2 -0.0017565
11 6 11 3 -0.0002127
11 6 11 4 0.0010840
11 6 11 5 0.0011696
11 6 11 6 0.0001034
11 6 11 7 0.0003876
11 6 11 8 -0.0032032
11 6 11 9 0.0009110
11 6 11 10 0.0001772
11 6 11 11 0.0372722
11 7 0 0 0.0061919
11 7 1 0 -0.0000771
11 7 1 1 0.0033183
11 7 2 0 -0.0000699
11 7 2 1 -0.0004002
11 7 2 2 0.0005797
11 7 3 0 -0.0007509
11 7 3 1 -0.0047784
11 7 3 2 -0.0017026
11 7 3 3 -0.0002381
11 7 4 0 -0.0002428
11 7 4 1 -0.0012448
11 7 4 2 0.0001658
11 7 4 3 -0.0006346
11 7 4 4 0.0005260
11 7 5 0 -0.0000484
11 7 5 1 0.0002702
11 7 5 2 0.0001280
11 7 5 3 -0.0004973
11 7 5 4 0.0004360
11 7 5 5 0.0026690
11 7 6 0 0.0001413
11 7 6 1 0.0006220
11 7 6 2 -0.0019513
11 7 6 3 0.0018276
11 7 6 4 -0.0015619
11 7 6 5 -0.0018748
11 7 6 6 0.0052488
11 7 7 0 0.0012299
11 7 7 1 0.0003847
11 7 7 2 -0.0000875
11 7 7 3 -0.0004405
11 7 7 4 -0.0017939
11 7 7 5 0.0026036
11 7 7 6 0.0024627
11 7 7 7 0.0001588
11 7 8 0 0.0005026
11 7 8 1 0.0019357
11 7 8 2 0.0011622
11 7 8 3 -0.0021878
11 7 8 4 -0.0014904
11 7 8 5 0.0039442
11 7 8 6 0.0007546
11 7 8 7 0.0048137
11 7 8 8 0.0071671
11 7 9 0 -0.0000189
11 7 9 1 -0.0007589
11 7 9 2 0.0001657
11 7 9 3 0.0001022
11 7 9 4 0.0001724
11 7 9 5 0.0013364
11 7 9 6 -0.0007623
11 7 9 7 0.0008112
11 7 9 8 0.0017994
11 7 9 9 -0.0000000
11 7 10 0 0.0000196
11 7 10 1 0.0010711
11 7 10 2 -0.0002782
11 7 10 3 -0.0001206
11 7 10 4 -0.0003085
11 7 10 5 -0.0029456
11 7 10 6 0.0012990
11 7 10 7 -0.0013602
11 7 10 8 -0.0030202
11 7 10 9 0.0000000
11 7 10 10 0.0000000
11 7 11 0 0.0000897
11 7 11 1 -0.0004487
11 7 11 2 0.0022508
11 7 11 3 -0.0004045
11 7 11 4 -0.0010432
11 7 11 5 0.0011991
11 7 11 6 0.0003876
11 7 11 7 0.0008697
11 7 11 8 0.0025528
11 7 11 9 0.0013941
11 7 11 10 -0.0023075
11 7 11 11 -0.0270987
11 8 0 0 -0.0132875
11 8 1 0 -0.0000924
11 8 1 1 -0.0108749
11 8 2 0 0.0001307
11 8 2 1 0.0010754
11 8 2 2 -0.0027275
11 8 3 0 0.0000653
11 8 3 1 0.0001989
11 8 3 2 0.0007908
11 8 3 3 -0.0092731
11 8 4 0 0.0002073
11 8 4 1 -0.0005507
11 8 4 2 -0.0030179
11 8 4 3 -0.0002390
11 8 4 4 -0.0027740
11 8 5 0 0.0002419
11 8 5 1 0.0003452
11 8 5 2 0.0042387
11 8 5 3 -0.0000738
11 8 5 4 -0.0012685
11 8 5 5 0.0233025
11 8 6 0 -0.0000529
11 8 6 1 -0.0018144
11 8 6 2 0.0037467
11 8 6 3 -0.0010362
11 8 6 4 0.0035965
11 8 6 5 -0.0008460
11 8 6 6 0.0115934
11 8 7 0 0.0000689
11 8 7 1 0.0007499
11 8 7 2 -0.0002585
11 8 7 3 -0.0030841
11 8 7 4 -0.0020494
11 8 7 5 0.0026661
11 8 7 6 0.0022928
11 8 7 7 0.0170056
11 8 8 0 0.0009334
11 8 8 1 -0.0043445
11 8 8 2 0.0079367
11 8 8 3 0.0017405
11 8 8 4 0.0019999
11 8 8 5 0.0090569
11 8 8 6 -0.0116119
11 8 8 7 0.0096644
11 8 8 8 0.0467761
11 8 9 0 -0.0000155
11 8 9 1 0.0005306
11 8 9 2 -0.0000654
11 8 9 3 -0.0005466
11 8 9 4 0.0010462
11 8 9 5 0.0115099
11 8 9 6 -0.0020266
11 8 9 7 0.0013127
11 8 9 8 -0.0011770
11 8 9 9 0.0000000
11 8 10 0 -0.0000155
11 8 10 1 -0.0004973
11 8 10 2 0.0014105
11 8 10 3 -0.0004992
11 8 10 4 -0.0010134
11 8 10 5 -0.0223148
11 8 10 6 -0.0008262
11 8 10 7 -0.0034389
11 8 10 8 0.0018573
11 8 10 9 -0.0000000
11 8 10 10 0.0000000
11 8 11 0 0.0001982
11 8 11 1 -0.0034240
11 8 11 2 0.0075729
11 8 11 3 0.0005788
11 8 11 4 -0.0020111
11 8 11 5 0.0005166
11 8 11 6 -0.0032032
11 8 11 7 0.0025528
11 8 11 8 0.0204008
11 8 11 9 -0.0001236
11 8 11 10 0.0005203
11 8 11 11 -0.0944526
11 9 0 0 -0.0000018
11 9 1 0 0.0000220
11 9 1 1 0.0000386
11 9 2 0 -0.0000642
11 9 2 1 -0.0006120
11 9 2 2 -0.0002364
11 9 3 0 0.0002149
11 9 3 1 0.0022386
11 9 3 2 0.0007170
11 9 3 3 -0.0004151
11 9 4 0 -0.0002472
11 9 4 1 -0.0016904
11 9 4 2 -0.0003027
11 9 4 3 0.0004821
11 9 4 4 0.0004516
11 9 5 0 0.0000657
11 9 5 1 0.0003422
11 9 5 2 -0.0003023
11 9 5 3 0.0007756
11 9 5 4 -0.0004612
11 9 5 5 0.0042898
11 9 6 0 -0.0003144
11 9 6 1 -0.0006710
11 9 6 2 0.0000156
11 9 6 3 -0.0009591
11 9 6 4 0.0004337
11 9 6 5 -0.0003509
11 9 6 6 -0.0026243
11 9 7 0 -0.0002393
11 9 7 1 -0.0005741
11 9 7 2 0.0000328
11 9 7 3 0.0000875
11 9 7 4 0.0011254
11 9 7 5 0.0002681
11 9 7 6 -0.0006400
11 9 7 7 0.0009192
11 9 8 0 -0.0000269
11 9 8 1 0.0000398
11 9 8 2 -0.0002134
11 9 8 3 0.0005109
11 9 8 4 -0.0008341
11 9 8 5 0.0003316
11 9 8 6 -0.0013283
11 9 8 7 -0.0009007
11 9 8 8 -0.0002207
11 9 9 0 0.0000327
11 9 9 1 0.0010312
11 9 9 2 -0.0003173
11 9 9 3 -0.0002913
11 9 9 4 -0.0000143
11 9 9 5 -0.0019129
11 9 9 6 -0.0001536
11 9 9 7 -0.0006393
11 9 9 8 0.0007475
11 9 9 9 0.0000001
11 9 10 0 0.0000011
11 9 10 1 0.0000163
11 9 10 2 -0.0001020
11 9 10 3 0.0000708
11 9 10 4 0.0000694
11 9 10 5 0.0015989
11 9 10 6 0.0000819
11 9 10 7 0.0003070
11 9 10 8 -0.0000781
11 9 10 9 -0.0000000
11 9 10 10 -0.0000000
11 9 11 0 0.0000012
11 9 11 1 0.0000379
11 9 11 2 0.0003443
11 9 11 3 -0.0013483
11 9 11 4 0.0015173
11 9 11 5 0.0024458
11 9 11 6 0.0009110
11 9 11 7 0.0013941
11 9 11 8 -0.0001236
11 9 11 9 0.0141240
11 9 11 10 -0.0000000
11 9 11 11 -0.0000001
11 10 0 0 -0.0000023
11 10 1 0 0.0000266
11 10 1 1 -0.0000382
11 10 2 0 -0.0000456
11 10 2 1 -0.0004224
11 10 2 2 -0.0001020
11 10 3 0 -0.0001864
11 10 3 1 -0.0018731
11 10 3 2 -0.0004477
11 10 3 3 -0.0010469
11 10 4 0 -0.0003215
11 10 4 1 -0.0021547
11 10 4 2 -0.0002462
11 10 4 3 -0.0003418
11 10 4 4 0.0006585
11 10 5 0 -0.0000747
11 10 5 1 -0.0003357
11 10 5 2 0.0002367
11 10 5 3 -0.0007556
11 10 5 4 -0.0009202
11 10 5 5 -0.0081305
11 10 6 0 -0.0000722
11 10 6 1 -0.0000527
11 10 6 2 -0.0001382
11 10 6 3 0.0000605
11 10 6 4 -0.0007362
11 10 6 5 -0.0004428
11 10 6 6 -0.0004715
11 10 7 0 0.0003275
11 10 7 1 0.0006754
11 10 7 2 0.0001443
11 10 7 3 -0.0012056
11 10 7 4 -0.0009028
11 10 7 5 -0.0008332
11 10 7 6 0.0013739
11 10 7 7 -0.0015346
11 10 8 0 -0.0000628
11 10 8 1 -0.0000258
11 10 8 2 -0.0001689
11 10 8 3 -0.0004418
11 10 8 4 -0.0010366
11 10 8 5 -0.0006322
11 10 8 6 -0.0004880
11 10 8 7 0.0013148
11 10 8 8 -0.0003931
11 10 9 0 0.0000011
11 10 9 1 0.0000163
11 10 9 2 -0.0001020
11 10 9 3 0.0000708
11 10 9 4 0.0000693
11 10 9 5 0.0015978
11 10 9 6 0.0000819
11 10 9 7 0.0003068
11 10 9 8 -0.0000780
11 10 9 9 0.0000000
11 10 10 0 0.0000334
11 10 10 1 0.0009504
11 10 10 2 -0.0002620
11 10 10 3 -0.0002262
11 10 10 4 -0.0001859
11 10 10 5 -0.0042475
11 10 10 6 0.0000956
11 10 10 7 -0.0009244
11 10 10 8 0.0009104
11 10 10 9 0.0000000
11 10 10 10 -0.0000000
11 10 11 0 0.0000016
11 10 11 1 -0.0001726
11 10 11 2 0.0005604
11 10 11 3 0.0009279
11 10 11 4 0.0013977
11 10 11 5 -0.0049527
11 10 11 6 0.0001772
11 10 11 7 -0.0023075
11 10 11 8 0.0005203
11 10 11 9 -0.0000000
11 10 11 10 0.0141240
11 10 11 11 0.0000001
11 11 0 0 -0.0031196
11 11 1 0 0.0064980
11 11 1 1 0.0615522
11 11 2 0 -0.0201072
11 11 2 1 -0.1062858
11 11 2 2 0.0461686
11 11 3 0 -0.0019795
11 11 3 1 -0.0066335
11 11 3 2 -0.0092649
11 11 3 3 0.1046860
11 11 4 0 0.0064127
11 11 4 1 0.0499981
11 11 4 2 0.0532504
11 11 4 3 0.0059119
11 11 4 4 0.0195818
11 11 5 0 -0.0106343
11 11 5 1 -0.0281721
11 11 5 2 -0.0979048
11 11 5 3 0.0057059
11 11 5 4 0.0385538
11 11 5 5 -0.5081080
11 11 6 0 -0.0032225
11 11 6 1 0.0256476
11 11 6 2 -0.0821335
11 11 6 3 -0.0245630
11 11 6 4 0.0047479
11 11 6 5 -0.0290441
11 11 6 6 -0.3565071
11 11 7 0 -0.0018445
11 11 7 1 -0.0231928
11 11 7 2 0.0166188
11 11 7 3 -0.0212416
11 11 7 4 0.0114472
11 11 7 5 0.0024650
11 11 7 6 -0.0438270
11 11 7 7 -0.4069178
11 11 8 0 -0.0228919
11 11 8 1 -0.0587787
11 11 8 2 -0.0726738
11 11 8 3 -0.0138655
11 11 8 4 -0.0169979
11 11 8 5 -0.1137505
11 11 8 6 0.1142357
11 11 8 7 -0.1016230
11 11 8 8 -0.6287747
11 11 9 0 0.0001538
11 11 9 1 -0.0080879
11 11 9 2 -0.0004865
11 11 9 3 0.0107348
11 11 9 4 -0.0147460
11 11 9 5 -0.1569504
11 11 9 6 0.0326299
11 11 9 7 -0.0138850
11 11 9 8 0.0133317
11 11 9 9 -0.0000001
11 11 10 0 0.0002142
11 11 10 1 0.0027430
11 11 10 2 -0.0184890
11 11 10 3 0.0038655
11 11 10 4 0.0130975
11 11 10 5 0.3002202
11 11 10 6 0.0082899
11 11 10 7 0.0425379
11 11 10 8 -0.0137220
11 11 10 9 0.0000001
11 11 10 10 -0.0000002
11 11 11 0 -0.0035471
11 11 11 1 -0.0178620
11 11 11 2 0.0475245
11 11 11 3 0.0023162
11 11 11 4 -0.0209534
11 11 11 5 -0.0098465
11 11 11 6 0.0372722
11 11 11 7 -0.0270987
11 11 11 8 -0.0944526
11 11 11 9 -0.0000001
11 11 11 10 0.0000001
11 11 11 11 0.0006233
12 0 0 0 -0.0704330
12 0 1 0 0.0050226
12 0 1 1 -0.0190401
12 0 2 0 -0.0019763
12 0 2 1 -0.0039395
12 0 2 2 -0.0020963
12 0 3 0 -0.0002911
12 0 3 1 -0.0002383
12 0 3 2 0.0002281
12 0 3 3 -0.0049218
12 0 4 0 -0.0003023
12 0 4 1 0.0025038
12 0 4 2 -0.0004225
12 0 4 3 0.0001293
12 0 4 4 -0.0014281
12 0 5 0 -0.0009387
12 0 5 1 -0.0029151
12 0 5 2 0.0006121
12 0 5 3 0.0018271
12 0 5 4 0.0002957
12 0 5 5 -0.0128513
12 0 6 0 0.0026733
12 0 6 1 -0.0020957
12 0 6 2 0.0039106
12 0 6 3 -0.0041628
12 0 6 4 0.0043279
12 0 6 5 -0.0010529
12 0 6 6 -0.0190044
12 0 7 0 -0.0017640
12 0 7 1 -0.0001986
12 0 7 2 -0.0012644
12 0 7 3 -0.0086233
12 0 7 4 -0.0015253
12 0 7 5 0.0032769
12 0 7 6 -0.0006556
12 0 7 7 -0.0177607
12 0 8 0 -0.0012589
12 0 8 1 -0.0139068
12 0 8 2 -0.0026835
12 0 8 3 0.0003699
12 0 8 4 0.0034522
12 0 8 5 -0.0015153
12 0 8 6 -0.0049273
12 0 8 7 0.0022734
12 0 8 8 -0.0188922
12 0 9 0 -0.0000005
12 0 9 1 0.0000018
12 0 9 2 -0.0000226
12 0 9 3 0.0000450
12 0 9 4 0.0000260
12 0 9 5 0.0004345
12 0 9 6 0.0000164
12 0 9 7 0.0001360
12 0 9 8 -0.0000286
12 0 9 9 0.0000000
12 0 10 0 -0.0000007
12 0 10 1 -0.0000399
12 0 10 2 0.0000344
12 0 10 3 -0.0000723
12 0 10 4 -0.0000547
12 0 10 5 -0.0008638
12 0 10 6 -0.0000077
12 0 10 7 -0.0002475
12 0 10 8 0.0000652
12 0 10 9 -0.0000000
12 0 10 10 0.0000000
12 0 11 0 -0.0005160
12 0 11 1 -0.0011596
12 0 11 2 0.0005242
12 0 11 3 0.0000306
12 0 11 4 0.0000207
12 0 11 5 -0.0003264
12 0 11 6 -0.0005563
12 0 11 7 0.0002275
12 0 11 8 0.0003075
12 0 11 9 -0.0000027
12 0 11 10 -0.0000036
12 0 11 11 -0.0139166
12 0 12 0 -0.0021591
12 0 12 1 -0.0049689
12 0 12 2 0.0003539
12 0 12 3 -0.0000032
12 0 12 4 0.0010298
12 0 12 5 -0.0018487
12 0 12 6 -0.0040081
12 0 12 7 0.0018403
12 0 12 8 0.0034013
12 0 12 9 -0.0000106
12 0 12 10 -0.0000145
12 0 12 11 0.0005885
12 0 12 12 -0.0118034
12 1 0 0 -0.0769445
12 1 1 0 0.0021390
12 1 1 1 -0.0420593
12 1 2 0 -0.0058796
12 1 2 1 -0.0287780
12 1 2 2 0.0012556
12 1 3 0 -0.0005976
12 1 3 1 -0.0020411
12 1 3 2 -0.0000233
12 1 3 3 -0.0024328
12 1 4 0 0.0015356
12 1 4 1 0.0106568
12 1 4 2 0.0053003
12 1 4 3 0.0009519
12 1 4 4 -0.0006226
12 1 5 0 -0.0034567
12 1 5 1 -0.0128749
12 1 5 2 -0.0084778
12 1 5 3 0.0040768
12 1 5 4 0.0030367
12 1 5 5 -0.1144711
12 1 6 0 -0.0005985
12 1 6 1 0.0035408
12 1 6 2 0.0007837
12 1 6 3 -0.0178783
12 1 6 4 0.0133395
12 1 6 5 -0.0075630
12 1 6 6 -0.1100076
12 1 7 0 -0.0009317
12 1 7 1 -0.0069575
12 1 7 2 -0.0002597
12 1 7 3 -0.0325800
12 1 7 4 -0.0033768
12 1 7 5 0.0140275
12 1 7 6 -0.0110161
12 1 7 7 -0.1139425
12 1 8 0 -0.0089328
12 1 8 1 -0.0445383
12 1 8 2 -0.0104858
12 1 8 3 0.0004696
12 1 8 4 0.0030920
12 1 8 5 -0.0095156
12 1 8 6 -0.0032587
12 1 8 7 0.0000166
12 1 8 8 -0.0911615
12 1 9 0 0.0000357
12 1 9 1 -0.0004858
12 1 9 2 -0.0004884
12 1 9 3 0.0020115
12 1 9 4 -0.0012890
12 1 9 5 -0.0098067
12 1 9 6 0.0042724
12 1 9 7 0.0007337
12 1 9 8 0.0010022
12 1 9 9 0.0000000
12 1 10 0 0.0000431
12 1 10 1 0.0000452
12 1 10 2 -0.0015309
12 1 10 3 -0.0008350
12 1 10 4 0.0004280
12 1 10 5 0.0188129
12 1 10 6 0.0011231
12 1 10 7 0.0003097
12 1 10 8 -0.0004835
12 1 10 9 0.0000000
12 1 10 10 -0.0000000
12 1 11 0 -0.0011384
12 1 11 1 -0.0064482
12 1 11 2 0.0028135
12 1 11 3 0.0001295
12 1 11 4 0.0001388
12 1 11 5 -0.0027173
12 1 11 6 -0.0040520
12 1 11 7 0.0016485
12 1 11 8 0.0046951
12 1 11 9 -0.0000002
12 1 11 10 0.0002208
12 1 11 11 -0.0778357
12 1 12 0 -0.0049689
12 1 12 1 -0.0223833
12 1 12 2 -0.0217644
12 1 12 3 -0.0021827
12 1 12 4 0.0152148
12 1 12 5 -0.0217079
12 1 12 6 -0.0356270
12 1 12 7 0.0150424
12 1 12 8 0.0287719
12 1 12 9 0.0002907
12 1 12 10 0.0003202
12 1 12 11 0.0023852
12 1 12 12 -0.0813087
12 2 0 0 -0.1571190
12 2 1 0 0.0002236
12 2 1 1 -0.1265316
12 2 2 0 0.0063488
12 2 2 1 0.0297165
12 2 2 2 -0.0379440
12 2 3 0 0.0003453
12 2 3 1 0.0010792
12 2 3 2 0.0039259
12 2 3 3 -0.0735140
12 2 4 0 -0.0018907
12 2 4 1 -0.0099204
12 2 4 2 -0.0256583
12 2 4 3 -0.0008676
12 2 4 4 -0.0162447
12 2 5 0 0.0012660
12 2 5 1 -0.0072905
12 2 5 2 0.0421050
12 2 5 3 0.0117966
12 2 5 4 -0.0124466
12 2 5 5 0.0266994
12 2 6 0 0.0047342
12 2 6 1 -0.0203810
12 2 6 2 0.0661754
12 2 6 3 -0.0134456
12 2 6 4 0.0213762
12 2 6 5 0.0051433
12 2 6 6 0.0376405
12 2 7 0 -0.0021528
12 2 7 1 0.0083091
12 2 7 2 -0.0206626
12 2 7 3 -0.0408358
12 2 7 4 -0.0126796
12 2 7 5 -0.0151273
12 2 7 6 0.0206380
12 2 7 7 0.0593512
12 2 8 0 -0.0034135
12 2 8 1 -0.0240538
12 2 8 2 -0.0077767
12 2 8 3 0.0040549
12 2 8 4 0.0270524
12 2 8 5 0.0225672
12 2 8 6 -0.0274190
12 2 8 7 0.0186890
12 2 8 8 -0.0166516
12 2 9 0 -0.0000985
12 2 9 1 0.0021223
12 2 9 2 0.0006778
12 2 9 3 -0.0050198
12 2 9 4 0.0039982
12 2 9 5 0.0351539
12 2 9 6 -0.0110200
12 2 9 7 -0.0003863
12 2 9 8 -0.0051968
12 2 9 9 0.0000000
12 2 10 0 -0.0001011
12 2 10 1 0.0002059
12 2 10 2 0.0045227
12 2 10 3 0.0013260
12 2 10 4 -0.0021225
12 2 10 5 -0.0656577
12 2 10 6 -0.0023838
12 2 10 7 -0.0049188
12 2 10 8 0.0006170
12 2 10 9 -0.0000000
12 2 10 10 0.0000000
12 2 11 0 0.0000814
12 2 11 1 -0.0015367
12 2 11 2 0.0094920
12 2 11 3 0.0006352
12 2 11 4 -0.0040675
12 2 11 5 0.0022056
12 2 11 6 0.0042892
12 2 11 7 -0.0016830
12 2 11 8 0.0018798
12 2 11 9 -0.0001685
12 2 11 10 -0.0004026
12 2 11 11 -0.1548048
12 2 12 0 0.0003539
12 2 12 1 -0.0217644
12 2 12 2 0.0792164
12 2 12 3 0.0063896
12 2 12 4 -0.0297954
12 2 12 5 0.0272118
12 2 12 6 0.0224793
12 2 12 7 -0.0035826
12 2 12 8 0.0431085
12 2 12 9 0.0018364
12 2 12 10 0.0016689
12 2 12 11 0.0192906
12 2 12 12 -0.0435181
12 3 0 0 -0.0137478
12 3 1 0 0.0000270
12 3 1 1 -0.0109922
12 3 2 0 0.0003836
12 3 2 1 0.0020026
12 3 2 2 -0.0035472
12 3 3 0 0.0014533
12 3 3 1 0.0056568
12 3 3 2 0.0016288
12 3 3 3 -0.0060664
12 3 4 0 -0.0000330
12 3 4 1 -0.0003685
12 3 4 2 -0.0020298
12 3 4 3 0.0002697
12 3 4 4 -0.0018706
12 3 5 0 0.0005397
12 3 5 1 0.0000815
12 3 5 2 0.0053387
12 3 5 3 0.0009253
12 3 5 4 -0.0024650
12 3 5 5 -0.0013355
12 3 6 0 -0.0007968
12 3 6 1 -0.0062267
12 3 6 2 0.0045117
12 3 6 3 0.0004234
12 3 6 4 0.0034184
12 3 6 5 -0.0015691
12 3 6 6 0.0040399
12 3 7 0 -0.0025540
12 3 7 1 -0.0073681
12 3 7 2 -0.0030847
12 3 7 3 -0.0041859
12 3 7 4 0.0011792
12 3 7 5 -0.0023921
12 3 7 6 0.0018080
12 3 7 7 0.0033229
12 3 8 0 -0.0001513
12 3 8 1 -0.0014585
12 3 8 2 -0.0012494
12 3 8 3 0.0028671
12 3 8 4 0.0029936
12 3 8 5 0.0085185
12 3 8 6 -0.0056081
12 3 8 7 -0.0042772
12 3 8 8 -0.0024971
12 3 9 0 0.0001487
12 3 9 1 0.0006873
12 3 9 2 0.0010928
12 3 9 3 -0.0003783
12 3 9 4 0.0001155
12 3 9 5 0.0040175
12 3 9 6 -0.0020763
12 3 9 7 0.0009618
12 3 9 8 0.0060208
12 3 9 9 -0.0000001
12 3 10 0 -0.0001412
12 3 10 1 -0.0006100
12 3 10 2 -0.0003163
12 3 10 3 -0.0002620
12 3 10 4 -0.0001069
12 3 10 5 -0.0088317
12 3 10 6 0.0004333
12 3 10 7 -0.0020483
12 3 10 8 -0.0049027
12 3 10 9 0.0000000
12 3 10 10 0.0000000
12 3 11 0 -0.0000015
12 3 11 1 -0.0001019
12 3 11 2 0.0007342
12 3 11 3 0.0002130
12 3 11 4 -0.0001920
12 3 11 5 0.0016149
12 3 11 6 0.0001733
12 3 11 7 -0.0003846
12 3 11 8 -0.0003007
12 3 11 9 0.0007657
12 3 11 10 -0.0004615
12 3 11 11 -0.0130672
12 3 12 0 -0.0000032
12 3 12 1 -0.0021827
12 3 12 2 0.0063896
12 3 12 3 0.0026442
12 3 12 4 -0.0021230
12 3 12 5 0.0040360
12 3 12 6 -0.0002987
12 3 12 7 -0.0031098
12 3 12 8 0.0040585
12 3 12 9 -0.0061523
12 3 12 10 0.0049271
12 3 12 11 0.0015235
12 3 12 12 -0.0035677
12 4 0 0 0.0882866
12 4 1 0 -0.0009683
12 4 1 1 0.0641630
12 4 2 0 -0.0008913
12 4 2 1 -0.0041618
12 4 2 2 0.0172736
12 4 3 0 0.0000967
12 4 3 1 0.0006171
12 4 3 2 -0.0017465
12 4 3 3 0.0361452
12 4 4 0 0.0041159
12 4 4 1 0.0148411
12 4 4 2 0.0116684
12 4 4 3 -0.0001331
12 4 4 4 0.0024789
12 4 5 0 0.0003023
12 4 5 1 0.0055664
12 4 5 2 -0.0154708
12 4 5 3 -0.0067243
12 4 5 4 0.0067295
12 4 5 5 0.0200143
12 4 6 0 0.0003574
12 4 6 1 0.0143598
12 4 6 2 -0.0278681
12 4 6 3 0.0105478
12 4 6 4 -0.0096615
12 4 6 5 0.0018773
12 4 6 6 0.0124022
12 4 7 0 0.0001853
12 4 7 1 -0.0043207
12 4 7 2 0.0089876
12 4 7 3 0.0266012
12 4 7 4 0.0055071
12 4 7 5 0.0054703
12 4 7 6 -0.0115291
12 4 7 7 -0.0020410
12 4 8 0 0.0042603
12 4 8 1 0.0203304
12 4 8 2 0.0075692
12 4 8 3 -0.0012260
12 4 8 4 -0.0037053
12 4 8 5 -0.0038501
12 4 8 6 0.0198463
12 4 8 7 -0.0098409
12 4 8 8 0.0355255
12 4 9 0 -0.0001490
12 4 9 1 -0.0016397
12 4 9 2 -0.0012294
12 4 9 3 0.0020941
12 4 9 4 -0.0009071
12 4 9 5 -0.0106909
12 4 9 6 0.0046080
12 4 9 7 0.0004342
12 4 9 8 -0.0042182
12 4 9 9 0.0000000
12 4 10 0 -0.0001995
12 4 10 1 -0.0015097
12 4 10 2 -0.0025779
12 4 10 3 -0.0007189
12 4 10 4 0.0012458
12 4 10 5 0.0218702
12 4 10 6 0.0010803
12 4 10 7 0.0007119
12 4 10 8 -0.0072127
12 4 10 9 0.0000000
12 4 10 10 -0.0000000
12 4 11 0 0.0002330
12 4 11 1 0.0022974
12 4 11 2 -0.0053250
12 4 11 3 -0.0002061
12 4 11 4 0.0024357
12 4 11 5 0.0003020
12 4 11 6 -0.0005031
12 4 11 7 0.0003169
12 4 11 8 -0.0021487
12 4 11 9 -0.0011354
12 4 11 10 -0.0009631
12 4 11 11 0.0931164
12 4 12 0 0.0010298
12 4 12 1 0.0152148
12 4 12 2 -0.0297954
12 4 12 3 -0.0021230
12 4 12 4 0.0140497
12 4 12 5 -0.0063499
12 4 12 6 0.0024808
12 4 12 7 -0.0036519
12 4 12 8 -0.0281642
12 4 12 9 0.0044547
12 4 12 10 0.0051029
12 4 12 11 -0.0100638
12 4 12 12 0.0406208
12 5 0 0 -0.0995223
12 5 1 0 0.0009933
12 5 1 1 -0.0711671
12 5 2 0 0.0001278
12 5 2 1 0.0018155
12 5 2 2 -0.0177744
12 5 3 0 0.0009774
12 5 3 1 0.0095778
12 5 3 2 0.0057901
12 5 3 3 -0.0333512
12 5 4 0 0.0002127
12 5 4 1 0.0015910
12 5 4 2 -0.0090062
12 5 4 3 0.0011174
12 5 4 4 -0.0097140
12 5 5 0 -0.0004348
12 5 5 1 -0.0158033
12 5 5 2 0.0188007
12 5 5 3 0.0076042
12 5 5 4 -0.0030768
12 5 5 5 0.0496609
12 5 6 0 0.0008951
12 5 6 1 -0.0121007
12 5 6 2 0.0298641
12 5 6 3 -0.0159573
12 5 6 4 0.0184672
12 5 6 5 -0.0078028
12 5 6 6 -0.0281120
12 5 7 0 -0.0020299
12 5 7 1 0.0092131
12 5 7 2 -0.0036025
12 5 7 3 -0.0216207
12 5 7 4 -0.0037335
12 5 7 5 0.0174449
12 5 7 6 0.0002999
12 5 7 7 0.0179097
12 5 8 0 -0.0038741
12 5 8 1 -0.0214930
12 5 8 2 -0.0114751
12 5 8 3 0.0069549
12 5 8 4 0.0172073
12 5 8 5 0.0378254
12 5 8 6 -0.0128095
12 5 8 7 0.0114252
12 5 8 8 -0.0519727
12 5 9 0 0.0000659
12 5 9 1 0.0026194
12 5 9 2 -0.0002914
12 5 9 3 -0.0008417
12 5 9 4 0.0016131
12 5 9 5 0.0251594
12 5 9 6 -0.0023121
12 5 9 7 0.0025942
12 5 9 8 -0.0016318
12 5 9 9 0.0000000
12 5 10 0 -0.0001438
12 5 10 1 -0.0032550
12 5 10 2 0.0027524
12 5 10 3 -0.0011084
12 5 10 4 -0.0015453
12 5 10 5 -0.0482886
12 5 10 6 -0.0031819
12 5 10 7 -0.0068688
12 5 10 8 0.0023978
12 5 10 9 -0.0000000
12 5 10 10 0.0000000
12 5 11 0 -0.0004345
12 5 11 1 -0.0028321
12 5 11 2 0.0050484
12 5 11 3 0.0014085
12 5 11 4 -0.0013806
12 5 11 5 -0.0054118
12 5 11 6 0.0013517
12 5 11 7 -0.0029012
12 5 11 8 -0.0028312
12 5 11 9 -0.0022578
12 5 11 10 0.0046005
12 5 11 11 -0.0913315
12 5 12 0 -0.0018487
12 5 12 1 -0.0217079
12 5 12 2 0.0272118
12 5 12 3 0.0040360
12 5 12 4 -0.0063499
12 5 12 5 -0.0079054
12 5 12 6 -0.0078530
12 5 12 7 0.0040211
12 5 12 8 0.0321492
12 5 12 9 0.0020802
12 5 12 10 -0.0041240
12 5 12 11 0.0078203
12 5 12 12 -0.0418216
12 6 0 0 -0.1419059
12 6 1 0 0.0018469
12 6 1 1 -0.0937264
12 6 2 0 -0.0007873
12 6 2 1 -0.0037558
12 6 2 2 -0.0143758
12 6 3 0 -0.0017258
12 6 3 1 -0.0105926
12 6 3 2 -0.0024366
12 6 3 3 -0.0305807
12 6 4 0 0.0028597
12 6 4 1 0.0157974
12 6 4 2 -0.0055099
12 6 4 3 -0.0012323
12 6 4 4 -0.0112975
12 6 5 0 -0.0026924
12 6 5 1 -0.0163940
12 6 5 2 0.0132864
12 6 5 3 0.0058147
12 6 5 4 -0.0008950
12 6 5 5 -0.1257958
12 6 6 0 0.0046253
12 6 6 1 -0.0118293
12 6 6 2 0.0286559
12 6 6 3 -0.0133174
12 6 6 4 0.0194040
12 6 6 5 -0.0064123
12 6 6 6 -0.0561166
12 6 7 0 -0.0008247
12 6 7 1 0.0001394
12 6 7 2 -0.0124869
12 6 7 3 -0.0414662
12 6 7 4 -0.0130887
12 6 7 5 -0.0062006
12 6 7 6 0.0079108
12 6 7 7 -0.0675864
12 6 8 0 -0.0095676
12 6 8 1 -0.0462096
12 6 8 2 -0.0149928
12 6 8 3 -0.0022669
12 6 8 4 0.0237036
12 6 8 5 -0.0013428
12 6 8 6 -0.0008953
12 6 8 7 0.0048757
12 6 8 8 -0.1236002
12 6 9 0 -0.0002166
12 6 9 1 -0.0022736
12 6 9 2 -0.0000961
12 6 9 3 -0.0005921
12 6 9 4 0.0008229
12 6 9 5 0.0011587
12 6 9 6 -0.0021732
12 6 9 7 -0.0000810
12 6 9 8 -0.0024699
12 6 9 9 -0.0000000
12 6 10 0 -0.0000568
12 6 10 1 -0.0003536
12 6 10 2 0.0003834
12 6 10 3 0.0004976
12 6 10 4 0.0001755
12 6 10 5 -0.0037735
12 6 10 6 -0.0006888
12 6 10 7 0.0007691
12 6 10 8 -0.0006007
12 6 10 9 -0.0000000
12 6 10 10 0.0000000
12 6 11 0 -0.0009069
12 6 11 1 -0.0074650
12 6 11 2 0.0102896
12 6 11 3 0.0002597
12 6 11 4 -0.0023957
12 6 11 5 -0.0019475
12 6 11 6 -0.0004867
12 6 11 7 0.0003547
12 6 11 8 0.0057838
12 6 11 9 -0.0010746
12 6 11 10 -0.0002116
12 6 11 11 -0.1819819
12 6 12 0 -0.0040081
12 6 12 1 -0.0356270
12 6 12 2 0.0224793
12 6 12 3 -0.0002987
12 6 12 4 0.0024808
12 6 12 5 -0.0078530
12 6 12 6 -0.0273583
12 6 12 7 0.0177806
12 6 12 8 0.0695273
12 6 12 9 -0.0004206
12 6 12 10 -0.0000871
12 6 12 11 0.0170037
12 6 12 12 -0.1057254
12 7 0 0 0.0521022
12 7 1 0 -0.0008390
12 7 1 1 0.0324154
12 7 2 0 0.0009602
12 7 2 1 0.0056415
12 7 2 2 0.0044597
12 7 3 0 -0.0028037
12 7 3 1 -0.0176995
12 7 3 2 -0.0069022
12 7 3 3 0.0054665
12 7 4 0 -0.0013372
12 7 4 1 -0.0073349
12 7 4 2 0.0007837
12 7 4 3 -0.0025359
12 7 4 4 0.0038755
12 7 5 0 0.0005753
12 7 5 1 0.0076801
12 7 5 2 -0.0007911
12 7 5 3 -0.0015591
12 7 5 4 0.0028152
12 7 5 5 0.0808841
12 7 6 0 0.0004841
12 7 6 1 0.0029240
12 7 6 2 -0.0115222
12 7 6 3 0.0128631
12 7 6 4 -0.0122487
12 7 6 5 -0.0009542
12 7 6 6 0.0500548
12 7 7 0 0.0051444
12 7 7 1 0.0032030
12 7 7 2 -0.0001570
12 7 7 3 0.0111032
12 7 7 4 -0.0040257
12 7 7 5 0.0141565
12 7 7 6 0.0110357
12 7 7 7 0.0289790
12 7 8 0 0.0043776
12 7 8 1 0.0203030
12 7 8 2 0.0074807
12 7 8 3 -0.0075111
12 7 8 4 -0.0076737
12 7 8 5 0.0053151
12 7 8 6 0.0023778
12 7 8 7 0.0147454
12 7 8 8 0.0622360
12 7 9 0 -0.0001531
12 7 9 1 -0.0014679
12 7 9 2 -0.0004996
12 7 9 3 0.0001153
12 7 9 4 0.0007338
12 7 9 5 0.0062428
12 7 9 6 -0.0007320
12 7 9 7 0.0013034
12 7 9 8 -0.0021979
12 7 9 9 -0.0000000
12 7 10 0 0.0001970
12 7 10 1 0.0018359
12 7 10 2 0.0010059
12 7 10 3 -0.0002562
12 7 10 4 -0.0010570
12 7 10 5 -0.0124676
12 7 10 6 0.0004691
12 7 10 7 -0.0022361
12 7 10 8 0.0031614
12 7 10 9 0.0000000
12 7 10 10 0.0000000
12 7 11 0 0.0004109
12 7 11 1 0.0036834
12 7 11 2 -0.0046525
12 7 11 3 -0.0006772
12 7 11 4 0.0010833
12 7 11 5 -0.0007710
12 7 11 6 0.0011660
12 7 11 7 -0.0002527
12 7 11 8 -0.0042565
12 7 11 9 -0.0014816
12 7 11 10 0.0023986
12 7 11 11 0.0821846
12 7 12 0 0.0018403
12 7 12 1 0.0150424
12 7 12 2 -0.0035826
12 7 12 3 -0.0031098
12 7 12 4 -0.0036519
12 7 12 5 0.0040211
12 7 12 6 0.0177806
12 7 12 7 -0.0053686
12 7 12 8 -0.0338993
12 7 12 9 0.0001812
12 7 12 10 -0.0005908
12 7 12 11 -0.0079039
12 7 12 12 0.0512925
12 8 0 0 -0.0082661
12 8 1 0 -0.0016993
12 8 1 1 -0.0153918
12 8 2 0 0.0048677
12 8 2 1 0.0336165
12 8 2 2 -0.0155683
12 8 3 0 0.0006471
12 8 3 1 0.0029307
12 8 3 2 0.0026237
12 8 3 3 -0.0306735
12 8 4 0 -0.0006984
12 8 4 1 -0.0120360
12 8 4 2 -0.0154197
12 8 4 3 -0.0014313
12 8 4 4 -0.0079437
12 8 5 0 0.0031655
12 8 5 1 0.0122988
12 8 5 2 0.0255236
12 8 5 3 0.0037033
12 8 5 4 -0.0047708
12 8 5 5 0.2701617
12 8 6 0 0.0003508
12 8 6 1 -0.0132692
12 8 6 2 0.0202245
12 8 6 3 0.0113474
12 8 6 4 -0.0009640
12 8 6 5 0.0090164
12 8 6 6 0.1314085
12 8 7 0 0.0007818
12 8 7 1 0.0106093
12 8 7 2 -0.0040804
12 8 7 3 0.0156849
12 8 7 4 -0.0023900
12 8 7 5 0.0173328
12 8 7 6 0.0162823
12 8 7 7 0.1547072
12 8 8 0 0.0091445
12 8 8 1 0.0214191
12 8 8 2 0.0226918
12 8 8 3 0.0039392
12 8 8 4 0.0086196
12 8 8 5 0.0295288
12 8 8 6 -0.0422799
12 8 8 7 0.0337204
12 8 8 8 0.2252849
12 8 9 0 -0.0000696
12 8 9 1 0.0022502
12 8 9 2 0.0003979
12 8 9 3 -0.0038979
12 8 9 4 0.0045902
12 8 9 5 0.0461331
12 8 9 6 -0.0109565
12 8 9 7 0.0032502
12 8 9 8 -0.0041427
12 8 9 9 0.0000000
12 8 10 0 -0.0001053
12 8 10 1 -0.0009342
12 8 10 2 0.0055890
12 8 10 3 -0.0005689
12 8 10 4 -0.0035918
12 8 10 5 -0.0883616
12 8 10 6 -0.0028036
12 8 10 7 -0.0112734
12 8 10 8 0.0033740
12 8 10 9 -0.0000000
12 8 10 10 0.0000001
12 8 11 0 0.0007404
12 8 11 1 0.0088164
12 8 11 2 -0.0096864
12 8 11 3 -0.0004882
12 8 11 4 0.0024237
12 8 11 5 0.0039877
12 8 11 6 0.0027535
12 8 11 7 -0.0006715
12 8 11 8 -0.0073494
12 8 11 9 0.0000951
12 8 11 10 -0.0005363
12 8 11 11 0.1437873
12 8 12 0 0.0034013
12 8 12 1 0.0287719
12 8 12 2 0.0431085
12 8 12 3 0.0040585
12 8 12 4 -0.0281642
12 8 12 5 0.0321492
12 8 12 6 0.0695273
12 8 12 7 -0.0338993
12 8 12 8 -0.0962910
12 8 12 9 -0.0002228
12 8 12 10 0.0001346
12 8 12 11 -0.0135200
12 8 12 12 0.1044695
12 9 0 0 -0.0000129
12 9 1 0 0.0001573
12 9 1 1 0.0004579
12 9 2 0 -0.0004854
12 9 2 1 -0.0041465
12 9 2 2 -0.0019229
12 9 3 0 0.0016245
12 9 3 1 0.0152732
12 9 3 2 0.0056072
12 9 3 3 -0.0031556
12 9 4 0 -0.0018634
12 9 4 1 -0.0112497
12 9 4 2 -0.0030702
12 9 4 3 0.0035339
12 9 4 4 0.0035573
12 9 5 0 0.0003656
12 9 5 1 0.0053327
12 9 5 2 -0.0023688
12 9 5 3 0.0034674
12 9 5 4 -0.0001669
12 9 5 5 0.0400317
12 9 6 0 -0.0023253
12 9 6 1 -0.0044553
12 9 6 2 -0.0007636
12 9 6 3 -0.0086654
12 9 6 4 0.0059252
12 9 6 5 0.0049220
12 9 6 6 -0.0167471
12 9 7 0 -0.0018021
12 9 7 1 -0.0033430
12 9 7 2 -0.0012868
12 9 7 3 0.0015175
12 9 7 4 0.0074037
12 9 7 5 0.0009802
12 9 7 6 -0.0024870
12 9 7 7 0.0042113
12 9 8 0 -0.0001975
12 9 8 1 -0.0001988
12 9 8 2 -0.0035758
12 9 8 3 0.0119260
12 9 8 4 -0.0157821
12 9 8 5 -0.0162658
12 9 8 6 -0.0159282
12 9 8 7 -0.0160239
12 9 8 8 0.0003615
12 9 9 0 -0.0005015
12 9 9 1 0.0198968
12 9 9 2 -0.0139077
12 9 9 3 -0.0007499
12 9 9 4 0.0006692
12 9 9 5 0.0181566
12 9 9 6 0.0250893
12 9 9 7 -0.0140644
12 9 9 8 -0.0845072
12 9 9 9 0.0000012
12 9 10 0 0.0000093
12 9 10 1 0.0002528
12 9 10 2 -0.0010277
12 9 10 3 0.0008823
12 9 10 4 0.0008336
12 9 10 5 0.0174317
12 9 10 6 0.0007027
12 9 10 7 0.0036440
12 9 10 8 -0.0009361
12 9 10 9 0.0000000
12 9 10 10 -0.0000000
12 9 11 0 -0.0000056
12 9 11 1 -0.0000031
12 9 11 2 -0.0002919
12 9 11 3 0.0014118
12 9 11 4 -0.0022363
12 9 11 5 -0.0048467
12 9 11 6 -0.0021871
12 9 11 7 -0.0030832
12 9 11 8 0.0002092
12 9 11 9 -0.0018938
12 9 11 10 0.0000000
12 9 11 11 -0.0000000
12 9 12 0 -0.0000106
12 9 12 1 0.0002907
12 9 12 2 0.0018364
12 9 12 3 -0.0061523
12 9 12 4 0.0044547
12 9 12 5 0.0020802
12 9 12 6 -0.0004206
12 9 12 7 0.0001812
12 9 12 8 -0.0002228
12 9 12 9 0.1082808
12 9 12 10 0.0000000
12 9 12 11 -0.0000004
12 9 12 12 -0.0000007
12 10 0 0 -0.0000167
12 10 1 0 0.0002002
12 10 1 1 -0.0005201
12 10 2 0 -0.0003617
12 10 2 1 -0.0023678
12 10 2 2 -0.0011966
12 10 3 0 -0.0013984
12 10 3 1 -0.0130325
12 10 3 2 -0.0033897
12 10 3 3 -0.0072559
12 10 4 0 -0.0023973
12 10 4 1 -0.0149227
12 10 4 2 -0.0027108
12 10 4 3 -0.0022608
12 10 4 4 0.0051480
12 10 5 0 -0.0003153
12 10 5 1 -0.0080809
12 10 5 2 0.0052221
12 10 5 3 -0.0053697
12 10 5 4 -0.0033792
12 10 5 5 -0.0769553
12 10 6 0 -0.0005328
12 10 6 1 -0.0006670
12 10 6 2 -0.0001449
12 10 6 3 0.0016341
12 10 6 4 -0.0032961
12 10 6 5 -0.0148601
12 10 6 6 -0.0030933
12 10 7 0 0.0024844
12 10 7 1 0.0034070
12 10 7 2 0.0026606
12 10 7 3 -0.0092164
12 10 7 4 -0.0072832
12 10 7 5 -0.0034906
12 10 7 6 0.0055854
12 10 7 7 -0.0065849
12 10 8 0 -0.0004911
12 10 8 1 0.0015155
12 10 8 2 -0.0054207
12 10 8 3 -0.0084971
12 10 8 4 -0.0159164
12 10 8 5 0.0334299
12 10 8 6 -0.0036498
12 10 8 7 0.0252787
12 10 8 8 -0.0103078
12 10 9 0 0.0000093
12 10 9 1 0.0002528
12 10 9 2 -0.0010276
12 10 9 3 0.0008823
12 10 9 4 0.0008336
12 10 9 5 0.0174306
12 10 9 6 0.0007026
12 10 9 7 0.0036439
12 10 9 8 -0.0009361
12 10 9 9 0.0000000
12 10 10 0 -0.0004957
12 10 10 1 0.0190541
12 10 10 2 -0.0131958
12 10 10 3 -0.0006191
12 10 10 4 -0.0011301
12 10 10 5 -0.0071999
12 10 10 6 0.0271518
12 10 10 7 -0.0179919
12 10 10 8 -0.0827377
12 10 10 9 0.0000006
12 10 10 10 0.0000000
12 10 11 0 -0.0000075
12 10 11 1 0.0004710
12 10 11 2 -0.0008099
12 10 11 3 -0.0007976
12 10 11 4 -0.0018167
12 10 11 5 0.0098504
12 10 11 6 -0.0004284
12 10 11 7 0.0050118
12 10 11 8 -0.0011267
12 10 11 9 0.0000000
12 10 11 10 -0.0018938
12 10 11 11 0.0000001
12 10 12 0 -0.0000145
12 10 12 1 0.0003202
12 10 12 2 0.0016689
12 10 12 3 0.0049271
12 10 12 4 0.0051029
12 10 12 5 -0.0041240
12 10 12 6 -0.0000871
12 10 12 7 -0.0005908
12 10 12 8 0.0001346
12 10 12 9 0.0000000
12 10 12 10 0.1082808
12 10 12 11 0.0000000
12 10 12 12 0.0000000
12 11 0 0 -0.0172457
12 11 1 0 -0.0002441
12 11 1 1 -0.0164527
12 11 2 0 0.0017320
12 11 2 1 0.0107888
12 11 2 2 -0.0066612
12 11 3 0 0.0001494
12 11 3 1 0.0007800
12 11 3 2 0.0007451
12 11 3 3 -0.0111949
12 11 4 0 -0.0006216
12 11 4 1 -0.0040572
12 11 4 2 -0.0052243
12 11 4 3 -0.0003853
12 11 4 4 -0.0017285
12 11 5 0 0.0006664
12 11 5 1 0.0017513
12 11 5 2 0.0097098
12 11 5 3 0.0018177
12 11 5 4 -0.0032926
12 11 5 5 0.0429980
12 11 6 0 0.0006851
12 11 6 1 -0.0034570
12 11 6 2 0.0123094
12 11 6 3 0.0004099
12 11 6 4 0.0001937
12 11 6 5 0.0042405
12 11 6 6 0.0228689
12 11 7 0 -0.0001823
12 11 7 1 0.0022656
12 11 7 2 -0.0037367
12 11 7 3 -0.0022748
12 11 7 4 -0.0009293
12 11 7 5 0.0009568
12 11 7 6 0.0031351
12 11 7 7 0.0258971
12 11 8 0 0.0006814
12 11 8 1 0.0003267
12 11 8 2 0.0009115
12 11 8 3 0.0007420
12 11 8 4 0.0039563
12 11 8 5 0.0049309
12 11 8 6 -0.0106671
12 11 8 7 0.0076112
12 11 8 8 0.0358466
12 11 9 0 -0.0000128
12 11 9 1 0.0005945
12 11 9 2 0.0001586
12 11 9 3 -0.0010900
12 11 9 4 0.0010559
12 11 9 5 0.0103166
12 11 9 6 -0.0027280
12 11 9 7 0.0004269
12 11 9 8 -0.0009176
12 11 9 9 0.0000000
12 11 10 0 -0.0000178
12 11 10 1 -0.0000751
12 11 10 2 0.0013095
12 11 10 3 0.0000603
12 11 10 4 -0.0007562
12 11 10 5 -0.0196420
12 11 10 6 -0.0006679
12 11 10 7 -0.0021222
12 11 10 8 0.0007688
12 11 10 9 -0.0000000
12 11 10 10 0.0000000
12 11 11 0 0.0001754
12 11 11 1 -0.0005161
12 11 11 2 -0.0038792
12 11 11 3 -0.0001011
12 11 11 4 0.0023891
12 11 11 5 0.0015507
12 11 11 6 -0.0064022
12 11 11 7 0.0046077
12 11 11 8 0.0166696
12 11 11 9 -0.0000000
12 11 11 10 -0.0000000
12 11 11 11 0.0013323
12 11 12 0 0.0005885
12 11 12 1 0.0023852
12 11 12 2 0.0192906
12 11 12 3 0.0015235
12 11 12 4 -0.0100638
12 11 12 5 0.0078203
12 11 12 6 0.0170037
12 11 12 7 -0.0079039
12 11 12 8 -0.0135200
12 11 12 9 -0.0000004
12 11 12 10 0.0000000
12 11 12 11 0.0040402
12 11 12 12 0.0097223
12 12 0 0 -0.0941588
12 12 1 0 0.0055603
12 12 1 1 -0.0247181
12 12 2 0 -0.0121257
12 12 2 1 -0.0519416
12 12 2 2 0.0113804
12 12 3 0 -0.0013100
12 12 3 1 -0.0027967
12 12 3 2 -0.0058611
12 12 3 3 0.0517690
12 12 4 0 0.0035098
12 12 4 1 0.0310467
12 12 4 2 0.0283966
12 12 4 3 0.0042627
12 12 4 4 0.0119269
12 12 5 0 -0.0078258
12 12 5 1 -0.0234068
12 12 5 2 -0.0487075
12 12 5 3 0.0169027
12 12 5 4 0.0228868
12 12 5 5 -0.3161628
12 12 6 0 0.0002529
12 12 6 1 0.0049100
12 12 6 2 -0.0159364
12 12 6 3 -0.0233021
12 12 6 4 0.0045798
12 12 6 5 -0.0087777
12 12 6 6 -0.2585625
12 12 7 0 -0.0029801
12 12 7 1 -0.0107516
12 12 7 2 -0.0051162
12 12 7 3 -0.0341677
12 12 7 4 0.0079440
12 12 7 5 0.0051840
12 12 7 6 -0.0274761
12 12 7 7 -0.2949672
12 12 8 0 -0.0210549
12 12 8 1 -0.0487868
12 12 8 2 -0.0898702
12 12 8 3 -0.0119281
12 12 8 4 0.0066977
12 12 8 5 -0.0932061
12 12 8 6 0.0794376
12 12 8 7 -0.0777632
12 12 8 8 -0.5451363
12 12 9 0 0.0000957
12 12 9 1 -0.0055607
12 12 9 2 0.0004781
12 12 9 3 0.0053903
12 12 9 4 -0.0103238
12 12 9 5 -0.1159840
12 12 9 6 0.0202555
12 12 9 7 -0.0134745
12 12 9 8 0.0095776
12 12 9 9 -0.0000000
12 12 10 0 0.0001337
12 12 10 1 0.0027228
12 12 10 2 -0.0130402
12 12 10 3 0.0049359
12 12 10 4 0.0103713
12 12 10 5 0.2224670
12 12 10 6 0.0053127
12 12 10 7 0.0358923
12 12 10 8 -0.0110212
12 12 10 9 0.0000001
12 12 10 10 -0.0000001
12 12 11 0 -0.0028633
12 12 11 1 -0.0122121
12 12 11 2 0.0004623
12 12 11 3 -0.0006162
12 12 11 4 0.0011622
12 12 11 5 -0.0130471
12 12 11 6 0.0000870
12 12 11 7 -0.0048359
12 12 11 8 -0.0333297
12 12 11 9 0.0000000
12 12 11 10 0.0000001
12 12 11 11 -0.0003685
12 12 12 0 -0.0118034
12 12 12 1 -0.0813087
12 12 12 2 -0.0435181
12 12 12 3 -0.0035677
12 12 12 4 0.0406208
12 12 12 5 -0.0418216
12 12 12 6 -0.1057254
12 12 12 7 0.0512925
12 12 12 8 0.1044695
12 12 12 9 -0.0000007
12 12 12 10 0.0000000
12 12 12 11 0.0097223
12 12 12 12 0.0929180
