-41.37888881177848
-3.6979857697583793
13
1111111111000000000000000000000000	0.9881874444105258
1111111100110000000000000000000000	0.004794925969147046
1111110011001100000000000000000000	0.002273463233281166
1111111001100100000000000000000000	0.0018525948654288084
1111110110011000000000000000000000	0.001851188120692384
1111111100001100000000000000000000	0.0010008441123198655
1111110000111100000000000000000000	2.686759202437282e-05
1111111111111100000000000000000000	4.831327433968173e-06
1111110000000000000000000000000000	2.2775057661806177e-06
1111111010101000000000000000000000	1.9015036735196623e-06
1111110101010100000000000000000000	1.9000788754697894e-06
1111111010010100000000000000000000	8.824351920730396e-07
1111110101101000000000000000000000	8.788456394081997e-07
0.0	
0.0	0.0	
0.0	0.0	0.0	
0.0	0.0	0.0	0.0	
0.0	0.0	0.0	0.0	0.0	
0.0	0.0	0.0	0.0	0.0	0.0	
0.0	0.0	0.0	0.0	0.0	0.0	0.0	
0.0	0.0	0.0	0.0	0.0	0.0	0.0	0.0	
0.0	0.0	0.0	0.0	0.0	0.0	0.0	0.0	0.0	
0.0	0.0	0.0	0.0	0.0	0.0	0.0	0.0	0.0	0.0	
0.0	0.0	0.0	0.0	0.0	0.0	0.0	0.0	0.0	0.0	0.0	
0.0	0.0	0.0	0.0	0.0	0.0	0.0	0.0	0.0	0.0	0.0	0.0	
0.0	0.0	0.0	0.0	0.0	0.0	0.0	0.0	0.0	0.0	0.0	0.0	0.0	
0.0	0.0	0.0	0.0	0.0	0.0	0.0	0.0	0.0	0.0	0.0	0.0	0.0	0.0	
0.0	0.0	0.0	0.0	0.0	0.0	0.0	0.0	0.0	0.0	0.0	0.0	0.0	0.0	0.0	
0.0	0.0	0.0	0.0	0.0	0.0	0.0	0.0	0.0	0.0	0.0	0.0	0.0	0.0	0.0	0.0	
0.0	0.0	0.0	0.0	0.0	0.0	0.0	0.0	0.0	0.0	0.0	0.0	0.0	0.0	0.0	0.0	0.0	
