-41.37883802139149
-3.697931665234152
13
1111111111000000000000000000000000	0.9881874416727697
1111111100110000000000000000000000	0.004794947682781194
1111110011001100000000000000000000	0.002273501942579824
1111111001100100000000000000000000	0.0018525836104228287
1111110110011000000000000000000000	0.0018511769042477344
1111111100001100000000000000000000	0.0010008090394915533
1111110000111100000000000000000000	2.686784628300774e-05
1111111111111100000000000000000000	4.831180012952852e-06
1111110000000000000000000000000000	2.27746504516017e-06
1111111010101000000000000000000000	1.9014257662100028e-06
1111110101010100000000000000000000	1.9000010571403893e-06
1111111010010100000000000000000000	8.824094863779714e-07
1111110101101000000000000000000000	8.7882005629259e-07
0.0	
0.0	0.0	
0.0	0.0	0.0	
0.0	0.0	0.0	0.0	
0.0	0.0	0.0	0.0	0.0	
0.0	0.0	0.0	0.0	0.0	0.0	
0.0	0.0	0.0	0.0	0.0	0.0	0.0	
0.0	0.0	0.0	0.0	0.0	0.0	0.0	0.0	
0.0	0.0	0.0	0.0	0.0	0.0	0.0	0.0	0.0	
0.0	0.0	0.0	0.0	0.0	0.0	0.0	0.0	0.0	0.0	
0.0	0.0	0.0	0.0	0.0	0.0	0.0	0.0	0.0	0.0	0.0	
0.0	0.0	0.0	0.0	0.0	0.0	0.0	0.0	0.0	0.0	0.0	0.0	
0.0	0.0	0.0	0.0	0.0	0.0	0.0	0.0	0.0	0.0	0.0	0.0	0.0	
0.0	0.0	0.0	0.0	0.0	0.0	0.0	0.0	0.0	0.0	0.0	0.0	0.0	0.0	
0.0	0.0	0.0	0.0	0.0	0.0	0.0	0.0	0.0	0.0	0.0	0.0	0.0	0.0	0.0	
0.0	0.0	0.0	0.0	0.0	0.0	0.0	0.0	0.0	0.0	0.0	0.0	0.0	0.0	0.0	0.0	
0.0	0.0	0.0	0.0	0.0	0.0	0.0	0.0	0.0	0.0	0.0	0.0	0.0	0.0	0.0	0.0	0.0	
